Coverage:8
-41 -33 133 25 16 -49 38 17 61 -4 61 -14 74 20 -23 1 25 -35 8 27 8 93 66 88 -13 -3 -20 -41 -53 -68 48 -14 
 41 -41 10 -41 -29 -36 71 -51 -32 -28 16 -47 33 -18 3 3 28 57 41 60 80 42 22 -48 -39 26 -70 54 24 12 -26 -10 
-49 -25 127 25 9 -63 38 17 61 1 55 -24 74 20 -21 1 36 -25 11 30 15 93 66 81 -14 -3 -17 -41 -47 -63 48 -17 
 48 -45 15 -41 -33 -35 71 -51 -32 -24 14 -46 33 -18 -7 3 32 61 44 64 88 52 22 -54 -47 26 -72 50 25 15 -28 -9 
-49 -21 128 27 9 -63 38 22 60 2 57 -26 73 25 -28 -2 36 -26 11 27 15 86 68 81 -14 -3 -19 -53 -37 -63 45 -14 
 41 -39 14 -40 -33 -37 71 -56 -38 -25 19 -47 37 -21 -8 2 32 60 44 64 84 66 24 -54 -47 26 -72 41 25 15 -32 -18 
-45 -19 125 29 10 -63 47 21 60 4 54 -32 73 25 -29 6 38 -23 11 27 8 79 62 79 -14 -3 -19 -53 -34 -63 43 -14 
 37 -40 17 -39 -33 -37 70 -54 -38 -19 20 -46 37 -21 -10 5 33 59 44 64 84 70 28 -59 -47 26 -72 40 38 15 -31 -18 
-50 -26 131 17 8 -69 45 21 55 4 61 -32 68 25 -30 4 38 -23 5 27 6 79 59 87 -20 -3 -19 -53 -33 -61 45 -14 
 45 -47 29 -31 -27 -36 77 -54 -37 -19 16 -46 28 -21 -7 7 31 57 46 64 80 70 38 -55 -50 26 -72 41 40 14 -32 -18 
-51 -26 121 17 13 -80 46 21 52 4 61 -32 61 18 -27 5 34 -23 14 27 1 79 59 91 -14 -8 -27 -53 -33 -61 46 -11 
 46 -47 26 -31 -23 -37 82 -52 -37 -19 16 -46 30 -21 2 -1 38 59 46 64 83 70 41 -56 -47 32 -68 41 40 11 -30 -13 
-55 -27 118 17 12 -87 49 30 51 4 59 -33 58 16 -23 -4 37 -25 14 27 0 79 59 89 -14 -5 -19 -53 -35 -66 39 -15 
 39 -43 24 -31 -28 -29 82 -56 -37 -19 20 -40 31 -28 3 2 39 58 53 64 82 70 41 -56 -47 36 -64 41 41 16 -28 -12 
-63 -23 121 17 6 -83 49 33 55 4 60 -33 58 16 -14 6 37 -31 14 27 6 83 59 91 -18 -6 -19 -53 -39 -72 52 -16 
 43 -34 26 -31 -27 -25 83 -58 -41 -19 22 -40 31 -28 6 10 39 67 53 67 82 73 41 -56 -45 34 -55 41 43 14 -24 -15 
-63 -23 117 15 6 -88 38 33 53 4 60 -33 65 17 -9 6 36 -31 14 28 12 85 58 82 -19 -3 -28 -50 -39 -72 57 -13 
 49 -34 28 -31 -27 -31 91 -58 -43 -19 22 -39 28 -25 4 10 32 67 53 65 83 77 39 -71 -44 39 -64 45 43 11 -17 -20 
-63 -23 121 4 5 -97 30 33 57 7 60 -28 64 17 -1 6 36 -28 14 29 12 83 67 79 -19 -4 -29 -49 -39 -69 61 -12 
 49 -34 28 -39 -24 -24 90 -58 -46 -16 24 -42 30 -25 1 10 32 72 53 67 83 64 41 -70 -44 42 -56 45 43 8 -14 -25 
-66 -23 117 2 7 -101 34 39 55 7 61 -23 69 20 -3 13 38 -24 14 24 12 86 67 79 -18 -1 -29 -40 -37 -73 61 -14 
 52 -34 35 -39 -19 -23 80 -55 -47 -16 28 -41 27 -23 3 2 31 72 53 63 83 62 40 -70 -45 41 -56 47 42 5 -14 -27 
-69 -25 114 0 7 -105 41 37 63 5 61 -23 61 25 -4 12 40 -23 14 28 13 87 70 77 -15 -1 -33 -34 -36 -74 61 -14 
 49 -35 36 -38 -19 -25 83 -54 -52 -3 29 -41 30 -20 1 3 33 75 53 60 77 64 34 -71 -41 41 -55 42 41 10 -14 -27 
-69 -23 118 0 7 -106 41 32 58 5 56 -23 59 27 11 7 39 -23 16 28 18 88 73 77 -9 1 -31 -36 -35 -74 61 -14 
 44 -37 31 -38 -19 -27 83 -52 -46 -1 33 -41 30 -23 6 0 41 75 52 54 73 64 42 -71 -38 44 -53 41 48 10 -14 -27 
-61 -25 121 0 7 -106 41 39 65 4 59 -23 58 32 14 6 39 -23 16 28 19 87 73 84 -8 -3 -28 -24 -35 -74 61 -14 
 45 -35 28 -38 -20 -30 83 -50 -43 1 43 -41 31 -19 -7 2 41 69 52 54 71 64 42 -70 -37 35 -53 49 48 10 -14 -27 
-63 -26 125 1 7 -107 46 36 65 4 65 -26 57 35 13 3 39 -23 16 28 17 85 72 79 -9 1 -39 -27 -33 -71 61 -14 
 46 -33 33 -39 -20 -23 90 -58 -41 1 57 -42 23 -24 -8 7 41 69 52 54 75 68 43 -70 -35 35 -52 53 48 7 -14 -27 
-67 -22 117 3 6 -110 46 37 71 4 65 -28 57 30 11 -4 39 -25 16 28 17 82 74 79 -3 1 -39 -26 -25 -71 61 -18 
 42 -29 39 -53 -18 -24 90 -54 -36 1 57 -48 23 -29 -6 16 41 67 52 54 75 61 45 -70 -31 36 -52 53 45 7 -17 -23 
-73 -17 117 6 4 -114 45 41 71 5 65 -27 57 34 9 1 40 -21 16 26 17 81 77 79 -5 5 -39 -26 -23 -71 64 -19 
 41 -29 39 -58 -19 -30 88 -44 -36 -1 57 -51 23 -24 3 6 42 56 52 53 75 63 46 -70 -24 38 -52 61 45 7 -12 -22 
-73 -17 117 6 7 -107 48 40 69 5 68 -23 53 33 7 10 43 -13 14 34 17 81 77 78 -14 -6 -39 -27 -21 -71 61 -19 
 41 -25 39 -58 -23 -26 94 -45 -33 -1 59 -51 23 -18 4 5 44 60 53 55 75 63 46 -73 -25 34 -47 57 41 5 -14 -24 
-76 -15 113 5 0 -113 41 33 69 7 58 -23 57 32 1 18 43 -13 14 33 17 82 77 74 -15 -8 -34 -30 -22 -77 61 -19 
 41 -21 40 -59 -18 -16 95 -43 -33 -1 50 -51 23 -19 3 3 46 60 45 62 75 63 46 -62 -23 32 -47 58 38 8 -14 -24 
-81 -14 117 6 0 -111 44 33 65 9 58 -15 57 31 1 16 41 -13 17 33 28 91 77 72 -15 -8 -34 -28 -12 -70 61 -19 
 30 -21 39 -58 -18 -21 101 -43 -31 -6 51 -52 23 -21 3 -8 55 61 49 62 69 64 46 -54 -23 23 -50 52 34 6 -14 -24 
-77 -12 112 7 0 -111 44 33 61 7 58 -8 57 27 0 11 41 -13 13 31 30 93 77 72 -15 -15 -29 -31 -12 -71 57 -21 
 31 -31 28 -56 -22 -21 101 -46 -37 0 51 -46 23 -28 2 -15 46 61 48 63 72 62 45 -57 -24 14 -50 57 34 7 -11 -25 
-75 -11 112 1 -3 -112 45 34 64 6 63 -8 56 37 0 7 41 -21 18 37 47 93 77 72 -12 -28 -27 -15 -13 -71 56 -19 
 37 -33 27 -57 -21 -15 99 -47 -38 2 45 -48 16 -31 2 -20 44 61 45 63 74 62 44 -57 -26 14 -43 52 41 10 -8 -23 
-75 -11 107 1 6 -113 45 34 66 5 61 -7 70 36 1 8 51 -21 17 37 52 92 77 72 -12 -27 -27 -14 -13 -69 56 -19 
 37 -33 24 -57 -20 -19 99 -47 -38 8 46 -51 19 -40 8 -24 39 61 46 63 72 63 39 -55 -26 16 -43 53 40 13 -8 -24 
-74 -19 119 -1 0 -113 47 38 56 5 65 -13 64 37 -3 14 45 -17 17 37 52 92 74 69 -12 -23 -33 -14 -9 -74 56 -19 
 30 -37 30 -59 -18 -19 94 -46 -39 8 39 -56 21 -41 6 -27 37 62 49 61 72 63 45 -53 -26 15 -40 53 44 5 -8 -23 
-75 -19 118 -3 0 -113 43 41 53 6 65 -13 64 37 -9 16 45 -26 16 33 52 92 79 69 -12 -23 -33 -27 -8 -75 57 -22 
 33 -37 33 -57 -18 -19 93 -34 -46 5 39 -56 21 -41 10 -28 37 53 51 57 72 63 41 -53 -26 15 -40 62 42 8 -11 -29 
-74 -13 121 -3 -3 -113 40 41 48 7 65 -10 60 37 -17 16 45 -26 13 33 52 92 84 72 -12 -25 -33 -27 -3 -75 61 -21 
 33 -36 28 -57 -14 -19 98 -34 -54 8 39 -65 22 -41 9 -28 37 53 50 57 72 63 41 -54 -26 17 -40 62 35 8 -17 -30 
-66 -13 121 -11 1 -111 39 41 45 0 63 5 56 37 -19 18 43 -24 17 30 52 97 84 67 -14 -27 -33 -29 -3 -69 57 -21 
 30 -36 36 -53 -17 -18 101 -34 -52 0 46 -61 24 -41 8 -29 35 49 49 62 72 63 41 -49 -18 22 -40 69 35 4 -14 -30 
-69 -21 119 -8 4 -106 39 41 52 -7 67 5 53 37 -19 18 46 -23 13 30 52 97 88 68 -13 -27 -33 -31 -3 -73 57 -23 
 24 -32 38 -57 -17 -27 101 -34 -55 -5 44 -61 17 -41 8 -29 42 46 45 59 72 63 39 -46 -20 22 -39 84 35 -1 -8 -31 
-73 -25 121 -7 14 -104 39 41 54 -10 67 5 53 37 -17 18 46 -23 6 28 52 99 90 71 -14 -27 -33 -28 -1 -76 61 -23 
 20 -34 43 -60 -13 -28 97 -34 -67 -11 44 -61 17 -41 7 -29 42 43 53 54 72 61 32 -36 -21 22 -39 83 30 1 -4 -34 
-70 -24 124 -14 10 -104 38 43 54 -7 66 5 53 37 -19 26 47 -15 8 29 52 99 92 71 -4 -28 -39 -35 5 -76 61 -23 
 18 -31 45 -58 -16 -28 100 -35 -67 -18 50 -61 17 -31 6 -27 44 48 54 55 72 61 18 -36 -27 23 -37 77 32 1 -4 -34 
-74 -27 121 -13 9 -105 37 44 55 -8 66 1 54 40 -19 28 50 -15 8 33 61 104 103 71 -4 -30 -34 -35 -4 -76 69 -23 
 22 -38 43 -59 -13 -25 103 -28 -64 -17 50 -65 21 -32 6 -24 45 48 54 51 76 53 8 -36 -30 32 -29 77 27 1 -4 -34 
-70 -27 121 -13 9 -99 43 37 57 -7 60 8 54 41 -21 26 52 -14 8 29 67 98 108 69 6 -28 -34 -35 7 -76 65 -19 
 26 -43 43 -60 -13 -24 98 -25 -61 -18 42 -70 9 -34 10 -23 43 42 54 45 81 53 15 -45 -27 32 -30 77 24 1 -12 -39 
-73 -30 121 -13 17 -99 40 37 65 -7 63 13 54 41 -21 27 52 -14 8 29 65 96 113 59 6 -28 -41 -35 12 -76 65 -23 
 24 -45 43 -59 -21 -32 102 -25 -62 -18 38 -63 13 -34 10 -20 43 42 54 47 79 52 15 -46 -30 32 -33 77 27 1 -12 -37 
-73 -28 121 -9 9 -99 39 37 65 -7 61 13 54 37 -22 31 52 -11 6 29 66 91 111 57 6 -28 -45 -35 10 -76 65 -23 
 21 -46 43 -56 -24 -32 101 -25 -61 -18 46 -63 13 -34 11 -22 43 49 53 47 82 53 22 -41 -30 32 -38 76 27 1 -12 -37 
-73 -31 126 -15 5 -94 42 37 65 -8 60 13 54 31 -12 27 52 -14 6 33 70 94 110 45 5 -29 -41 -39 17 -76 58 -24 
 21 -53 42 -52 -19 -34 95 -25 -61 -27 47 -63 13 -36 11 -20 43 48 50 42 91 60 27 -47 -23 27 -39 68 29 1 -9 -37 
-77 -33 126 -15 4 -99 39 37 67 -7 65 12 56 32 -17 22 50 -29 11 33 72 97 105 46 5 -31 -40 -36 16 -73 60 -23 
 24 -40 42 -52 -19 -32 92 -25 -59 -29 42 -69 22 -37 0 -31 37 43 47 42 98 63 32 -47 -23 27 -38 73 29 4 -11 -34 
-79 -33 126 -14 5 -92 45 37 67 -3 61 13 57 32 -14 25 53 -27 6 26 65 97 102 41 9 -29 -40 -30 18 -75 60 -29 
 26 -36 42 -50 -17 -26 99 -25 -59 -31 43 -68 26 -37 -7 -25 37 42 51 47 97 63 33 -52 -22 24 -38 71 31 6 -8 -24 
-75 -35 132 -13 1 -96 45 37 67 -3 53 14 57 32 -14 25 58 -23 6 19 71 97 102 41 8 -29 -46 -31 31 -74 59 -31 
 33 -35 52 -39 -12 -29 99 -25 -60 -31 42 -67 26 -37 -7 -32 31 43 50 41 97 59 35 -54 -26 24 -32 67 21 2 -10 -20 
-75 -34 131 -7 1 -95 52 36 67 -3 57 8 57 32 -10 29 61 -20 6 19 71 93 107 34 8 -29 -50 -27 26 -72 57 -41 
 19 -38 52 -43 -12 -23 92 -28 -60 -31 48 -73 26 -37 -10 -33 36 42 50 41 102 58 32 -51 -26 24 -34 62 13 -3 -5 -30 
-75 -34 125 -7 1 -95 43 36 67 -3 62 8 51 31 -11 25 64 -20 6 19 74 110 109 26 8 -28 -44 -24 26 -76 57 -41 
 19 -38 69 -43 -14 -23 106 -28 -60 -31 44 -79 24 -37 -13 -32 41 42 50 41 93 70 38 -54 -26 23 -31 62 13 0 -5 -24 
-76 -33 121 -7 -1 -95 41 39 66 -3 66 2 64 32 -11 35 69 -20 5 15 74 112 107 27 8 -29 -39 -23 33 -73 53 -43 
 21 -39 70 -38 -10 -23 108 -29 -58 -31 50 -88 26 -37 -13 -34 42 42 53 40 93 72 30 -56 -26 24 -37 67 17 0 -9 -37 
-76 -33 116 -6 5 -95 38 39 66 -12 64 5 61 26 -15 40 69 -23 6 12 76 112 106 27 12 -28 -40 -17 28 -73 50 -47 
 20 -39 72 -38 -12 -23 111 -30 -58 -36 47 -104 26 -34 -21 -35 47 39 53 43 94 72 30 -57 -30 24 -38 67 14 0 -10 -38 
-77 -30 116 3 7 -99 38 39 68 -13 62 0 61 33 -15 42 69 -27 6 11 72 112 106 24 26 -25 -47 -21 28 -73 50 -48 
 21 -45 72 -44 -19 -24 111 -30 -56 -36 39 -98 26 -38 -23 -34 47 35 53 44 98 72 30 -49 -38 22 -43 61 14 0 -9 -37 
-76 -24 123 -2 1 -103 31 39 77 -15 57 -1 57 33 -15 37 66 -27 4 1 62 112 109 10 25 -28 -51 -19 28 -83 39 -48 
 21 -48 73 -49 -27 -24 104 -30 -66 -32 35 -99 23 -43 -23 -34 50 35 43 48 93 72 36 -46 -41 16 -53 56 14 -1 -9 -37 
-73 -24 126 -2 -4 -99 32 37 79 -19 54 -1 60 33 -24 37 65 -33 6 3 61 111 117 7 25 -17 -51 -15 17 -83 48 -48 
 20 -49 73 -49 -6 -17 103 -25 -70 -34 27 -99 22 -43 -22 -34 48 41 42 47 96 74 39 -56 -41 20 -53 57 22 3 -6 -38 
-73 -29 126 -6 -11 -99 32 37 79 -16 53 4 59 28 -26 37 69 -33 6 7 61 110 113 6 25 -22 -51 -14 18 -83 48 -43 
 20 -56 73 -45 -2 -17 103 -25 -70 -33 17 -101 26 -58 -24 -34 53 41 42 36 96 80 42 -56 -41 29 -53 59 11 3 -6 -31 
-73 -36 121 -3 -8 -99 32 37 81 -19 53 -3 76 24 -24 39 60 -33 3 -4 60 108 113 -3 25 -25 -51 -9 18 -83 45 -47 
 20 -58 70 -41 -8 -18 103 -25 -74 -32 17 -98 23 -59 -25 -30 54 41 47 37 102 76 42 -51 -41 36 -53 64 11 3 -3 -31 
-75 -38 128 1 -7 -105 32 36 81 -19 52 7 73 19 -22 39 72 -33 5 -3 60 113 114 -3 27 -19 -51 -2 18 -75 46 -44 
 19 -55 74 -44 -5 -22 103 -28 -72 -34 16 -106 22 -59 -30 -30 50 41 50 39 102 77 33 -51 -40 29 -53 64 11 4 2 -34 
-76 -30 126 6 6 -107 32 36 83 -19 51 13 79 21 -26 41 68 -33 6 -3 57 113 117 2 27 -19 -51 -15 18 -75 46 -43 
 21 -58 73 -48 2 -18 103 -28 -69 -34 24 -110 21 -57 -27 -24 37 41 50 35 103 77 39 -62 -40 30 -53 57 11 -1 3 -34 
-76 -36 126 7 8 -107 32 34 85 -19 51 2 82 21 -26 40 72 -33 6 -3 61 114 117 7 25 -21 -51 -15 17 -75 40 -43 
 21 -54 73 -55 5 -18 103 -30 -72 -34 24 -115 22 -57 -27 -18 32 41 50 35 108 81 39 -60 -42 30 -53 50 9 -3 8 -34 
-76 -43 126 19 6 -107 32 45 86 -19 51 9 85 21 -26 40 75 -33 6 -2 61 112 117 7 25 -21 -51 -12 19 -79 30 -38 
 21 -57 73 -59 2 -18 103 -35 -70 -34 24 -128 19 -57 -27 -18 36 41 47 42 108 92 39 -60 -43 30 -53 54 9 0 21 -34 
-76 -43 126 19 6 -109 32 41 86 -19 56 9 85 20 -35 34 75 -33 7 0 61 112 115 11 25 -19 -52 -4 17 -75 27 -43 
 21 -61 73 -59 2 -16 103 -37 -70 -34 32 -133 19 -58 -30 -13 39 40 44 47 108 92 51 -59 -43 27 -44 60 6 1 21 -37 
-76 -43 126 19 6 -102 37 41 88 -9 59 9 84 20 -31 31 78 -33 16 -3 61 110 112 9 23 -23 -53 1 13 -68 27 -43 
 21 -61 73 -59 2 -9 100 -37 -66 -30 30 -133 30 -58 -31 -16 47 40 50 46 108 93 52 -54 -50 29 -48 56 2 -13 24 -37 
-87 -43 131 19 1 -93 35 41 82 -22 57 8 86 20 -32 31 80 -34 28 -3 61 106 112 12 24 -19 -44 2 8 -70 27 -43 
 17 -65 77 -59 -1 -6 108 -37 -69 -40 29 -133 30 -58 -26 -16 61 42 46 46 108 93 52 -57 -59 33 -48 57 -5 -12 24 -37 
-87 -42 137 26 -9 -99 38 41 79 -24 57 0 85 20 -43 27 79 -37 29 -3 61 106 110 12 24 -19 -48 -5 -4 -75 26 -36 
 17 -68 83 -59 4 -4 111 -37 -70 -43 29 -134 31 -58 -25 -20 61 51 47 46 108 93 52 -57 -59 35 -48 62 -7 -12 22 -36 
-83 -46 142 25 -5 -92 38 41 82 -26 57 1 86 17 -43 32 85 -37 35 -3 62 116 121 10 24 -17 -48 -7 6 -77 28 -39 
 19 -67 82 -63 6 -6 111 -37 -72 -42 29 -131 33 -57 -25 -17 68 55 49 45 107 92 48 -54 -59 40 -48 62 -10 -18 20 -34 
-83 -47 149 25 -4 -93 33 41 92 -26 57 -3 86 18 -42 32 85 -38 39 1 71 116 125 14 31 -18 -48 -5 5 -79 27 -39 
 19 -63 87 -63 1 -10 122 -44 -73 -50 29 -134 33 -60 -25 -17 68 61 50 35 104 92 46 -52 -66 33 -48 70 -21 -17 21 -34 
-83 -45 154 25 -7 -93 40 45 94 -25 57 -3 86 21 -36 32 85 -39 43 0 70 118 120 16 30 -12 -48 -3 8 -69 27 -39 
 19 -58 88 -63 2 -16 117 -41 -84 -43 29 -134 33 -64 -26 -17 68 68 55 22 115 91 50 -48 -64 34 -48 75 -24 -16 21 -37 
-85 -43 153 25 -11 -89 40 45 104 -19 57 0 86 26 -42 32 85 -39 45 1 78 113 119 12 27 -16 -46 -3 7 -79 19 -50 
 18 -57 93 -58 6 -13 108 -41 -79 -49 29 -138 33 -70 -37 -17 68 68 57 22 112 84 50 -48 -60 35 -47 75 -19 -17 21 -28 
-81 -43 148 25 -13 -87 41 45 104 -17 57 6 87 26 -45 32 85 -41 44 -3 76 117 120 9 27 -19 -45 -4 7 -73 16 -48 
 21 -57 94 -59 4 -18 106 -41 -79 -54 29 -147 34 -70 -30 -17 68 64 57 15 113 79 42 -53 -60 36 -48 77 -19 -21 25 -28 
-81 -43 147 26 -13 -86 39 54 101 -19 57 13 85 25 -45 32 91 -40 41 -9 74 117 124 9 25 -17 -41 -11 7 -82 16 -48 
 21 -57 96 -58 1 -19 110 -40 -77 -54 29 -143 37 -72 -31 -17 48 62 48 21 113 79 44 -53 -61 36 -52 80 -20 -16 26 -28 
-78 -41 148 26 -13 -94 39 53 101 -19 57 3 90 25 -37 32 91 -40 44 -7 74 117 129 9 25 -15 -45 -16 7 -88 21 -54 
 19 -59 94 -58 1 -10 110 -43 -75 -54 29 -138 44 -72 -16 -17 44 62 49 22 113 79 51 -53 -60 37 -46 81 -20 -14 23 -20 
-79 -41 148 27 -14 -94 38 53 107 -20 50 2 86 25 -43 32 97 -34 46 -6 74 117 136 11 25 -14 -55 -16 7 -91 21 -59 
 17 -59 94 -56 2 -10 111 -43 -71 -58 27 -135 46 -72 -14 -17 43 59 53 20 113 79 52 -56 -61 37 -43 81 -19 -13 28 -24 
-79 -35 149 26 -23 -103 39 57 115 -21 47 1 88 25 -43 32 89 -34 45 -8 72 114 136 20 25 -22 -55 -16 9 -91 21 -63 
 16 -58 95 -58 3 -13 110 -41 -62 -59 24 -134 47 -72 -14 -17 45 50 49 20 112 83 52 -58 -61 31 -43 81 -19 -13 28 -20 
-79 -33 153 26 -23 -103 36 57 106 -20 47 4 89 25 -43 28 89 -31 41 -9 73 118 137 20 25 -26 -55 -13 -2 -91 21 -53 
 16 -61 97 -58 3 -15 112 -41 -67 -61 24 -139 42 -72 -14 -26 49 51 43 21 107 94 55 -58 -61 33 -43 80 -9 -13 28 -19 
-82 -35 152 26 -21 -103 36 55 107 -32 47 4 93 25 -54 27 81 -30 41 -23 67 121 141 14 25 -26 -57 -5 -2 -91 21 -59 
 16 -63 94 -51 1 -17 112 -28 -66 -66 24 -135 37 -72 -10 -20 46 53 43 19 101 96 54 -65 -61 33 -37 80 -9 -13 28 -13 
-83 -35 150 26 -15 -103 38 51 106 -31 50 7 94 22 -54 27 79 -35 41 -16 67 121 141 8 19 -26 -61 -8 -1 -91 21 -64 
 9 -63 91 -58 -1 -17 111 -16 -67 -67 14 -136 40 -67 -10 -20 50 48 43 21 101 96 46 -66 -64 33 -39 83 -9 -13 28 -8 
-83 -27 141 16 -15 -103 37 61 105 -28 47 7 100 18 -54 27 79 -35 41 -8 64 124 141 7 6 -29 -61 -8 8 -91 32 -63 
 6 -58 96 -68 -3 -17 109 -27 -69 -68 5 -136 42 -69 -10 -20 50 48 43 17 101 93 48 -64 -67 24 -39 83 -15 -13 27 -7 
-83 -23 141 16 -14 -103 29 61 102 -28 52 15 100 19 -54 27 74 -41 41 -14 67 125 141 2 6 -29 -58 -3 12 -92 21 -56 
 6 -50 96 -68 -5 -17 104 -30 -69 -74 7 -137 42 -70 -10 -20 50 47 43 20 101 88 48 -71 -67 24 -35 89 -17 -21 24 1 
-83 -24 141 16 -16 -103 28 62 109 -26 51 12 100 25 -51 25 78 -33 41 -14 67 125 141 1 6 -33 -58 -3 15 -103 21 -56 
 6 -51 96 -68 4 -17 94 -26 -73 -67 4 -137 42 -61 -4 -23 51 44 43 22 100 88 48 -58 -67 21 -33 89 -15 -21 33 1 
-79 -35 141 12 -15 -102 28 57 113 -29 51 14 99 21 -52 27 77 -36 46 -13 67 125 146 -3 6 -31 -55 -2 21 -103 16 -58 
 6 -51 96 -68 -1 -17 94 -34 -75 -65 4 -136 41 -59 -2 -19 49 34 46 24 100 88 48 -65 -67 27 -23 91 -17 -21 40 0 
-81 -39 147 17 -15 -100 34 57 112 -34 51 13 96 23 -52 26 80 -30 44 -13 51 124 145 -5 6 -23 -55 -2 21 -103 14 -64 
 10 -54 100 -71 -1 -18 98 -34 -77 -70 4 -138 44 -61 -6 -25 48 41 45 24 99 90 48 -61 -67 23 -23 91 -17 -25 33 -8 
-81 -39 147 17 -16 -99 33 55 112 -34 51 14 100 25 -52 17 89 -31 40 -20 46 121 145 -7 5 -23 -53 -4 26 -102 14 -65 
 10 -54 100 -71 2 -17 97 -36 -88 -70 4 -141 42 -61 -6 -25 47 34 49 26 93 96 48 -58 -63 23 -19 88 -18 -29 33 -12 
-71 -37 147 17 -23 -112 40 59 112 -34 56 17 100 24 -51 16 89 -26 48 -19 46 119 145 -7 5 -28 -53 -14 21 -98 12 -63 
 4 -54 100 -71 -1 -6 100 -39 -83 -70 8 -145 42 -59 1 -28 47 33 49 28 93 93 48 -58 -63 24 -19 82 -17 -29 32 -6 
-72 -39 146 12 -25 -104 39 52 105 -40 48 21 107 24 -53 12 89 -26 54 -23 55 125 148 -5 5 -29 -51 -14 21 -93 19 -68 
 -6 -54 93 -77 -1 0 101 -43 -81 -70 6 -144 51 -59 4 -29 47 33 51 26 93 88 49 -56 -63 24 -24 82 -17 -19 30 -8 
-70 -38 141 13 -23 -103 39 46 106 -39 41 26 106 24 -53 7 89 -23 50 -23 56 125 145 -13 5 -32 -55 -15 21 -96 19 -68 
 -3 -64 94 -78 -1 3 100 -43 -78 -72 6 -152 50 -59 4 -20 47 29 51 26 92 88 50 -59 -63 34 -25 79 -17 -12 30 -8 
-80 -39 135 13 -23 -105 41 47 106 -39 33 30 104 24 -54 13 87 -23 56 -23 55 125 135 -13 5 -32 -54 -15 23 -86 18 -68 
 11 -64 96 -78 -5 2 103 -40 -78 -72 6 -158 53 -59 10 -23 44 29 38 26 90 88 51 -59 -63 34 -27 80 -14 -7 31 -8 
-81 -39 135 9 -24 -101 37 52 106 -35 25 33 103 20 -46 13 87 -27 58 -23 52 133 134 -13 5 -32 -54 -15 20 -83 17 -69 
 10 -64 96 -79 -8 5 103 -41 -78 -71 8 -163 53 -58 11 -26 41 25 31 26 83 89 53 -60 -63 34 -30 79 -13 0 39 -16 
-81 -39 134 12 -24 -106 37 57 107 -52 25 37 108 19 -46 13 87 -26 58 -19 52 129 128 -13 8 -35 -59 -15 17 -78 9 -65 
 10 -64 93 -68 -8 3 103 -47 -76 -81 8 -165 64 -59 18 -23 41 22 31 29 83 91 53 -60 -66 37 -34 79 -14 8 35 -16 
-82 -32 134 16 -23 -114 37 41 117 -54 25 45 114 21 -38 14 87 -28 58 -14 53 128 132 -13 6 -36 -59 -8 17 -84 7 -63 
 15 -66 93 -68 -14 2 103 -48 -85 -80 8 -165 74 -64 26 -21 41 18 31 30 82 90 52 -60 -67 41 -34 83 -11 2 44 -21 
-85 -32 134 15 -31 -113 37 38 109 -55 28 45 110 23 -39 13 87 -23 58 -11 53 127 132 -3 10 -36 -54 -9 21 -80 7 -63 
 14 -66 93 -67 -13 1 103 -43 -79 -81 12 -163 80 -66 26 -23 38 29 31 35 82 100 52 -61 -76 41 -30 84 -15 2 44 -14 
-81 -33 134 10 -31 -113 37 37 112 -55 26 45 103 21 -36 13 87 -30 58 -8 55 129 136 -2 7 -39 -55 -6 19 -80 7 -63 
 10 -67 93 -70 -13 1 103 -45 -77 -83 13 -168 82 -64 21 -23 40 27 31 29 82 106 52 -58 -78 43 -32 90 -19 2 44 -14 
-83 -28 134 6 -30 -113 31 33 112 -61 13 53 97 21 -36 6 87 -32 57 -1 58 134 140 -7 7 -39 -55 -6 19 -90 4 -63 
 15 -68 90 -67 -13 0 104 -46 -77 -83 21 -163 79 -64 21 -18 31 34 29 28 85 114 62 -58 -79 43 -32 93 -19 -7 45 -17 
-83 -24 132 6 -31 -106 29 33 112 -68 11 53 92 21 -36 6 82 -28 61 -6 63 132 140 -15 7 -43 -53 -6 19 -90 6 -63 
 15 -64 86 -67 -9 -6 107 -38 -77 -91 28 -163 90 -64 21 -18 30 32 26 32 85 120 62 -56 -79 44 -36 93 -19 -13 45 -17 
-85 -17 135 6 -33 -102 33 34 111 -65 8 53 94 25 -36 9 79 -29 61 -4 57 133 139 -15 7 -46 -53 -8 20 -83 4 -63 
 20 -59 94 -67 -7 -9 102 -34 -76 -89 34 -162 93 -63 30 -13 30 35 26 32 79 117 61 -52 -80 37 -36 92 -18 -5 44 -14 
-76 -19 137 6 -33 -102 33 32 111 -63 7 53 94 21 -35 12 81 -35 61 -4 57 135 139 -15 7 -35 -58 -6 20 -89 6 -62 
 21 -67 89 -67 -3 -9 102 -38 -76 -97 38 -159 93 -57 35 -17 36 37 26 32 72 120 61 -52 -79 39 -35 88 -18 -4 42 -12 
-76 -26 137 12 -34 -102 38 27 104 -67 5 43 94 21 -32 17 81 -35 61 -4 57 137 139 -15 7 -36 -49 -13 20 -87 6 -59 
 21 -67 89 -61 -7 -9 107 -40 -69 -98 35 -165 91 -57 34 -21 33 37 26 32 75 123 61 -52 -79 36 -33 99 -18 -3 42 -12 
-75 -26 137 17 -36 -102 30 27 106 -67 11 56 81 23 -32 18 72 -35 61 -3 57 136 147 -15 11 -44 -51 -19 20 -88 6 -59 
 20 -67 89 -61 -5 -9 110 -39 -67 -98 44 -166 96 -63 34 -21 32 37 26 32 75 120 60 -52 -78 38 -33 103 -18 3 42 -12 
-81 -29 137 18 -35 -97 27 27 107 -65 10 52 74 17 -32 6 54 -35 59 -4 57 141 147 -15 13 -43 -52 -19 20 -88 6 -59 
 21 -70 89 -59 -1 -12 109 -40 -61 -102 49 -168 94 -68 34 -28 33 37 26 32 75 126 64 -52 -83 43 -33 103 -18 3 42 -12 
-81 -32 128 15 -44 -103 26 26 105 -63 18 51 73 13 -32 5 47 -38 59 -4 61 141 147 -15 12 -43 -49 -23 20 -88 6 -59 
 21 -87 82 -62 -3 -5 110 -38 -61 -98 51 -167 97 -68 34 -23 40 41 30 32 76 123 64 -52 -88 39 -34 106 -18 0 39 -12 
-82 -34 133 -2 -43 -105 26 26 105 -58 16 50 69 19 -30 10 47 -40 59 -4 60 144 147 -13 12 -43 -48 -22 19 -99 1 -59 
 18 -87 87 -66 3 -9 110 -38 -61 -98 54 -170 97 -79 35 -22 40 52 31 32 77 121 61 -49 -88 39 -37 111 -18 3 50 -12 
-83 -35 141 4 -43 -102 29 26 107 -59 14 40 69 19 -24 5 65 -34 59 -12 57 146 147 -4 19 -40 -48 -17 17 -100 6 -59 
 15 -92 88 -61 1 -9 107 -38 -59 -104 53 -167 96 -79 38 -23 33 53 35 34 69 123 64 -48 -90 48 -37 105 -14 2 50 -14 
-82 -37 141 0 -46 -98 33 26 107 -59 14 37 65 17 -28 5 65 -33 66 -14 57 155 146 -7 17 -46 -53 -16 11 -101 6 -55 
 13 -90 88 -59 4 -9 105 -38 -59 -104 53 -161 99 -77 41 -23 28 60 36 37 69 140 73 -43 -94 50 -36 113 -16 1 50 -7 
-83 -24 141 3 -49 -93 33 26 114 -59 14 36 65 17 -33 5 69 -33 61 -14 61 164 132 -7 17 -48 -53 -17 9 -101 6 -51 
 15 -79 88 -60 4 -6 102 -38 -58 -104 53 -164 99 -77 40 -24 24 61 46 29 63 142 78 -43 -94 47 -36 99 -20 1 50 -4 
-86 -20 140 11 -49 -87 33 16 119 -59 14 32 65 17 -32 2 63 -33 61 -14 61 164 132 -7 17 -54 -53 -20 7 -101 9 -48 
 15 -80 87 -70 4 -6 105 -41 -59 -104 53 -168 97 -78 34 -25 16 60 46 33 68 141 83 -43 -94 50 -36 102 -19 -10 47 -16 
-83 -14 133 8 -49 -93 32 17 113 -61 14 27 64 19 -35 -2 65 -27 61 -14 61 165 137 -4 17 -56 -53 -19 4 -101 9 -43 
 15 -90 86 -66 4 1 112 -37 -58 -100 53 -160 95 -79 38 -29 8 57 46 33 68 139 79 -48 -94 48 -36 103 -19 -10 47 -11 
-86 -14 126 8 -49 -88 30 17 113 -56 7 27 63 19 -28 -2 65 -27 59 -14 67 165 137 -6 11 -63 -53 -23 6 -99 9 -43 
 12 -90 82 -66 2 3 118 -37 -58 -99 60 -159 108 -79 34 -29 8 57 47 33 75 139 79 -47 -103 35 -36 102 -24 -12 47 -11 
-88 -13 126 16 -49 -95 33 13 108 -56 7 28 61 19 -31 -2 66 -29 57 -14 71 165 137 -6 5 -63 -49 -23 8 -99 2 -43 
 3 -96 82 -68 4 4 139 -39 -52 -99 60 -162 106 -79 41 -29 8 57 43 33 74 139 78 -47 -103 35 -37 96 -10 -12 47 -11 
-88 -18 123 12 -43 -81 26 13 102 -55 7 29 61 19 -25 0 65 -29 56 -9 68 157 139 -6 7 -64 -54 -24 12 -94 1 -40 
 3 -88 85 -71 3 4 140 -43 -59 -101 61 -173 106 -79 38 -31 8 64 43 42 74 139 79 -47 -100 33 -50 92 -8 2 48 -18 
-85 -14 125 8 -46 -81 21 13 96 -53 1 21 60 19 -22 1 67 -28 57 -13 68 157 133 -3 7 -55 -54 -19 12 -96 1 -41 
 0 -87 88 -73 6 10 136 -43 -68 -105 67 -171 102 -79 31 -34 4 63 43 41 74 139 82 -45 -100 35 -50 94 -8 5 50 -18 
-76 -15 125 9 -62 -83 21 13 96 -48 7 26 60 19 -22 1 71 -28 51 -14 74 156 130 -3 8 -54 -48 -21 12 -107 1 -35 
 1 -81 88 -73 4 6 136 -43 -68 -116 61 -171 102 -79 31 -32 14 63 44 35 73 139 86 -45 -102 30 -54 90 -8 2 47 -23 
-76 -15 125 9 -63 -79 21 17 87 -44 6 19 61 17 -21 0 63 -27 50 -16 74 161 137 -2 3 -56 -39 -18 17 -107 -3 -35 
 1 -81 88 -73 7 8 136 -43 -60 -121 62 -179 97 -81 31 -28 2 62 41 43 73 132 89 -40 -108 33 -54 91 -5 0 46 -23 
-76 -18 128 9 -68 -79 17 17 87 -53 7 19 61 17 -19 -1 57 -28 46 -15 72 166 138 -1 2 -55 -37 -18 14 -108 -1 -35 
 1 -83 84 -73 12 3 146 -37 -60 -125 64 -179 96 -81 26 -30 -5 63 42 48 71 130 91 -38 -102 39 -54 92 -7 -5 45 -23 
-76 -19 127 10 -74 -80 15 17 81 -58 11 19 58 17 -19 -1 59 -23 46 -19 72 166 137 -4 7 -55 -52 -21 17 -107 8 -35 
 1 -88 90 -76 13 2 145 -37 -64 -120 64 -179 97 -81 26 -30 -3 66 42 48 72 130 89 -31 -99 39 -61 91 -5 -3 54 -23 
-75 -23 125 4 -74 -80 21 25 88 -59 11 19 54 19 -17 1 58 -23 46 -18 72 166 138 -11 8 -51 -56 -19 17 -106 15 -38 
 4 -91 95 -76 13 2 143 -32 -66 -124 64 -179 105 -90 36 -30 -5 66 42 48 63 130 91 -37 -97 46 -59 100 -5 -3 53 -18 
-78 -23 125 -1 -73 -78 25 25 88 -59 11 14 39 19 -22 1 60 -28 52 -14 77 166 137 -9 8 -51 -53 -19 17 -115 13 -36 
 5 -91 97 -79 21 1 139 -32 -66 -117 71 -167 112 -90 31 -34 -5 72 43 49 63 130 95 -36 -92 47 -56 96 -4 -8 57 -19 
-74 -23 125 0 -72 -76 25 21 88 -53 12 14 36 19 -22 -1 58 -23 57 -6 77 166 137 -13 10 -50 -53 -33 17 -114 13 -36 
 2 -91 97 -78 27 2 139 -32 -66 -111 72 -167 104 -90 31 -33 -7 79 43 36 66 130 95 -40 -97 47 -56 101 -9 -7 57 -16 
-74 -21 125 0 -71 -75 24 16 88 -53 16 14 37 24 -23 1 65 -23 55 -12 77 166 139 -12 11 -48 -54 -33 17 -112 18 -41 
 2 -90 94 -78 27 -1 141 -33 -66 -106 72 -167 103 -89 29 -37 -12 79 33 31 66 130 93 -40 -96 52 -53 101 -7 -4 55 -11 
-72 -19 126 4 -62 -74 33 17 87 -52 16 14 41 34 -19 10 65 -27 57 -14 77 166 141 -8 8 -48 -51 -32 8 -115 17 -42 
 -5 -92 93 -82 29 2 136 -31 -76 -106 72 -164 103 -87 26 -43 -12 82 35 38 66 130 96 -37 -96 52 -53 100 -10 -1 63 -5 
-73 -21 126 -6 -63 -74 41 14 87 -52 15 21 41 31 -19 5 71 -28 57 -6 77 166 141 -8 4 -48 -51 -31 16 -115 17 -41 
 0 -90 93 -87 29 2 129 -34 -76 -106 66 -155 103 -77 26 -43 -16 83 35 40 66 130 96 -34 -99 51 -53 98 -8 -1 63 1 
-72 -21 126 -2 -63 -74 41 13 87 -45 7 17 40 32 -16 8 72 -28 52 -7 85 166 141 -23 3 -51 -54 -28 17 -113 17 -44 
 -6 -90 93 -89 29 2 126 -38 -79 -93 64 -154 100 -68 27 -42 -17 79 40 37 60 130 96 -39 -100 48 -52 98 -5 0 63 2 
-72 -21 129 -2 -55 -74 41 13 85 -44 14 27 36 28 -15 1 73 -23 60 -5 84 166 145 -27 -6 -43 -51 -33 17 -113 19 -49 
 -6 -90 93 -89 28 2 123 -41 -80 -89 58 -156 104 -69 37 -36 -18 79 42 36 61 130 99 -43 -103 37 -53 87 -5 0 61 4 
-71 -23 128 -2 -55 -74 41 12 80 -43 6 29 37 29 -14 -3 73 -24 59 -3 81 166 145 -33 -8 -41 -53 -28 18 -104 17 -43 
 -7 -91 94 -89 28 2 126 -45 -78 -88 55 -153 103 -66 37 -25 -18 78 41 42 63 130 99 -44 -97 30 -56 82 -3 -15 51 6 
-65 -23 128 -2 -55 -74 41 12 80 -44 9 30 37 41 -7 -12 73 -29 59 -17 84 166 145 -27 -13 -39 -53 -29 17 -107 14 -39 
 -13 -91 94 -89 28 2 126 -48 -78 -88 48 -158 103 -68 37 -22 -18 78 41 37 61 130 99 -47 -90 27 -56 84 -1 -21 53 8 
-63 -32 134 1 -59 -80 41 10 80 -44 9 32 37 39 -3 -7 73 -23 59 -20 84 167 145 -39 -14 -37 -46 -27 17 -112 14 -43 
 -14 -92 100 -89 28 -1 127 -49 -76 -88 47 -157 103 -70 39 -22 -18 75 41 42 61 124 99 -41 -90 24 -59 88 5 -26 53 14 
-55 -28 125 1 -53 -79 46 18 76 -43 5 29 35 39 -13 -7 73 -23 59 -20 84 162 144 -34 -19 -28 -46 -23 21 -113 10 -35 
 -23 -88 108 -92 40 -4 130 -49 -68 -83 43 -153 103 -70 35 -23 -18 79 41 42 61 130 102 -38 -94 23 -58 86 3 -36 60 19 
-55 -34 132 -1 -53 -79 39 24 76 -43 7 30 32 39 4 -1 73 -23 53 -22 81 163 128 -31 -19 -26 -33 -23 24 -119 7 -35 
 -23 -87 112 -100 40 -4 133 -43 -68 -85 44 -149 103 -70 33 -19 -18 79 37 36 63 139 94 -48 -94 33 -65 86 -4 -39 61 19 
-55 -34 137 -8 -53 -79 37 21 76 -42 6 27 31 38 16 -7 74 -23 54 -15 83 164 128 -36 -19 -28 -31 -30 21 -114 7 -42 
 -23 -87 115 -97 40 -4 126 -49 -68 -90 50 -136 104 -69 27 -18 -12 79 39 38 65 138 94 -46 -94 28 -65 86 -17 -38 61 18 
-52 -29 137 -5 -51 -79 37 19 79 -43 12 27 30 40 14 -7 65 -21 61 -18 81 164 127 -35 -19 -28 -33 -39 21 -114 6 -47 
 -25 -82 115 -97 40 -4 126 -50 -68 -91 52 -136 108 -67 33 -18 -23 77 40 57 63 141 93 -41 -94 23 -59 94 -12 -38 53 20 
-49 -30 137 -2 -47 -75 37 19 78 -37 14 32 29 36 14 -6 67 -14 65 -21 77 159 131 -35 -19 -34 -33 -34 21 -117 6 -47 
 -19 -80 119 -108 37 -3 126 -50 -69 -91 51 -137 107 -68 33 -20 -19 72 48 48 63 141 90 -41 -94 14 -60 90 -12 -34 53 27 
-51 -27 142 0 -47 -79 37 19 76 -33 27 26 29 30 18 1 67 -14 65 -32 77 159 132 -35 -21 -39 -24 -34 21 -116 5 -46 
 -30 -87 120 -114 37 0 132 -50 -68 -96 46 -135 107 -66 31 -17 -20 73 48 54 63 141 92 -43 -93 16 -60 90 -12 -39 59 33 
-49 -28 137 11 -46 -75 42 26 77 -31 24 27 21 43 18 -3 67 -14 65 -32 80 159 139 -32 -23 -42 -28 -35 21 -116 5 -46 
 -36 -88 115 -112 37 -1 130 -50 -71 -93 40 -136 106 -72 31 -15 -20 73 48 54 68 141 90 -43 -94 14 -57 95 -12 -39 57 33 
-49 -28 137 16 -43 -75 42 31 77 -31 7 21 21 41 18 -4 67 -11 66 -32 78 159 139 -33 -23 -45 -27 -34 26 -111 10 -47 
 -36 -88 115 -108 39 -3 128 -49 -71 -93 35 -134 103 -84 31 -31 -20 79 42 54 54 141 90 -39 -97 12 -63 93 -10 -37 57 35 
-51 -29 137 14 -43 -77 40 32 72 -33 13 21 21 34 19 -3 67 -14 66 -32 79 161 146 -33 -22 -55 -27 -34 29 -98 13 -51 
 -24 -96 115 -107 39 -6 122 -32 -68 -96 39 -132 103 -82 30 -37 -20 79 42 57 54 147 90 -39 -106 19 -58 93 -10 -31 57 45 
-44 -29 134 11 -48 -77 42 37 74 -33 12 21 26 37 17 -3 64 -12 66 -34 76 161 143 -36 -22 -53 -39 -41 22 -95 13 -53 
 -28 -96 106 -106 32 -4 123 -34 -67 -96 40 -132 103 -85 28 -37 -25 74 42 53 54 146 94 -39 -109 21 -57 94 -16 -32 62 40 
-51 -35 131 18 -44 -67 46 43 73 -33 19 21 14 37 17 -1 67 -12 66 -34 75 161 148 -39 -21 -50 -40 -39 25 -95 13 -53 
 -33 -103 104 -99 32 -3 130 -37 -69 -96 40 -132 116 -81 29 -36 -20 74 42 53 52 146 90 -37 -110 22 -58 96 -21 -32 62 41 
-49 -39 130 13 -44 -74 46 49 74 -33 24 29 17 37 17 -4 66 -12 67 -34 79 161 153 -39 -22 -51 -40 -39 25 -95 12 -55 
 -36 -103 107 -110 32 -1 130 -38 -67 -96 41 -132 123 -81 29 -34 -18 74 49 53 50 146 97 -32 -109 19 -58 96 -21 -32 63 37 
-40 -46 132 17 -44 -75 47 45 78 -39 24 29 15 37 21 -3 66 -19 67 -34 76 161 153 -40 -23 -54 -39 -39 32 -95 18 -61 
 -35 -107 112 -117 32 0 133 -43 -69 -92 41 -133 119 -81 29 -34 -18 79 40 53 51 146 97 -32 -105 10 -57 96 -17 -32 55 41 
-35 -46 131 17 -43 -81 56 51 78 -43 24 31 12 37 21 -3 59 -21 62 -28 81 161 155 -39 -26 -57 -39 -35 33 -95 17 -60 
 -39 -107 116 -117 39 -11 137 -43 -69 -91 41 -134 112 -80 28 -34 -19 83 42 56 56 146 93 -38 -98 9 -57 97 -18 -32 55 42 
-38 -46 130 19 -43 -81 68 53 78 -35 25 32 8 33 21 -3 57 -20 62 -35 81 161 156 -34 -31 -53 -39 -27 33 -95 12 -61 
 -34 -107 116 -116 39 -10 135 -43 -69 -89 47 -137 114 -71 28 -34 -17 82 42 59 56 146 92 -38 -88 7 -59 96 -18 -32 58 41 
-31 -48 132 22 -47 -81 67 55 78 -31 25 37 8 29 21 -2 53 -16 57 -35 85 161 156 -28 -34 -51 -34 -39 33 -96 20 -61 
 -27 -107 112 -113 37 -10 141 -49 -66 -88 48 -137 114 -69 28 -33 -16 86 39 57 62 146 92 -37 -87 7 -58 96 -18 -33 62 41 
-28 -46 126 17 -47 -81 65 52 86 -31 18 26 8 29 21 -3 49 -13 55 -38 85 164 156 -28 -34 -51 -34 -43 33 -95 21 -61 
 -24 -107 111 -111 37 -10 139 -48 -68 -87 51 -131 114 -70 26 -34 -17 84 37 57 68 141 92 -34 -87 7 -58 99 -18 -29 63 41 
-18 -48 126 16 -54 -82 73 52 81 -33 17 21 8 26 17 -6 49 -15 59 -39 85 164 154 -19 -29 -49 -42 -43 32 -104 21 -63 
 -27 -102 110 -114 42 -9 137 -48 -74 -89 49 -131 114 -72 26 -40 -13 79 41 48 68 141 93 -24 -89 4 -62 99 -17 -24 63 43 
-15 -49 124 15 -54 -82 68 48 81 -38 13 5 8 29 17 -9 58 -13 54 -39 76 164 154 -34 -30 -53 -39 -45 32 -103 21 -63 
 -23 -101 111 -111 42 -9 142 -50 -74 -97 42 -126 114 -73 26 -36 -23 80 40 48 72 141 93 -30 -93 1 -64 94 -17 -25 63 43 
-15 -56 125 17 -54 -82 64 41 89 -39 18 8 12 26 13 -9 55 -13 43 -40 81 159 154 -34 -23 -53 -39 -47 32 -104 21 -63 
 -21 -106 108 -101 42 -9 144 -54 -73 -97 42 -126 112 -73 29 -36 -24 81 30 54 75 145 93 -30 -94 0 -64 97 -17 -25 68 43 
-15 -55 125 17 -54 -82 58 44 89 -40 22 7 15 30 17 -13 56 -12 40 -55 75 166 154 -34 -26 -65 -40 -41 32 -106 21 -63 
 -21 -103 108 -101 42 -9 138 -52 -73 -98 39 -120 117 -61 29 -36 -28 74 39 58 75 150 84 -27 -101 -9 -63 90 -17 -27 68 43 
-16 -55 124 17 -53 -80 46 45 91 -41 24 7 21 33 8 -9 56 -13 37 -59 74 164 148 -34 -23 -62 -48 -55 32 -107 26 -63 
 -22 -103 108 -102 41 0 142 -52 -68 -99 41 -120 123 -58 29 -36 -28 84 46 56 73 147 80 -27 -105 -9 -53 92 -17 -23 63 43 
-21 -54 121 17 -53 -79 46 48 94 -41 22 7 20 33 -6 -8 58 -14 37 -58 74 165 145 -32 -23 -67 -51 -51 22 -100 29 -63 
 -15 -99 115 -101 41 -4 142 -50 -71 -99 43 -120 122 -58 32 -39 -29 83 46 54 73 142 79 -29 -105 -9 -53 82 -10 -24 73 43 
-23 -55 120 17 -54 -75 46 48 90 -41 21 9 21 33 -2 -8 56 -13 30 -60 74 159 145 -34 -25 -71 -43 -50 13 -96 37 -64 
 -14 -103 122 -101 37 -12 142 -46 -70 -99 46 -113 123 -63 36 -37 -31 84 44 58 73 150 79 -27 -106 -7 -51 79 -12 -19 75 32 
-26 -56 113 17 -48 -68 47 48 98 -41 21 9 17 32 -9 -5 54 -14 25 -69 81 156 138 -34 -20 -65 -43 -52 14 -96 37 -64 
 -13 -103 122 -101 50 -9 141 -46 -69 -99 49 -113 123 -57 27 -37 -27 87 44 64 76 151 83 -27 -94 -3 -51 85 -14 -19 75 32 
-19 -55 118 17 -40 -60 47 44 99 -41 17 6 22 27 -2 -12 51 -19 21 -69 85 159 133 -34 -19 -68 -43 -43 5 -96 36 -63 
 -10 -107 122 -98 47 -2 140 -47 -70 -99 43 -113 127 -59 29 -28 -26 88 36 64 77 149 82 -27 -97 -8 -51 86 -12 -19 75 39 
-10 -50 120 6 -40 -63 47 43 107 -40 17 12 21 25 -7 -15 50 -19 21 -69 85 163 137 -34 -19 -68 -41 -43 8 -96 34 -63 
 -12 -107 122 -98 51 -5 141 -53 -64 -101 43 -118 126 -61 17 -32 -35 88 36 64 77 155 81 -27 -100 -8 -50 86 -9 -19 73 39 
-16 -51 115 11 -44 -63 47 57 124 -31 17 12 25 21 -11 -19 49 -14 25 -67 85 161 131 -37 -21 -72 -40 -43 6 -96 34 -60 
 -12 -112 117 -99 52 -5 140 -61 -61 -100 43 -117 128 -57 16 -32 -33 92 39 69 77 156 84 -31 -99 -6 -49 89 -10 -19 73 42 
-19 -47 119 13 -44 -61 47 52 114 -33 17 9 27 18 -7 -19 41 -13 27 -66 85 162 131 -37 -18 -72 -42 -43 6 -96 33 -60 
 -14 -104 121 -98 52 0 140 -68 -61 -99 43 -113 124 -59 17 -26 -37 99 38 73 77 158 84 -33 -95 -6 -49 89 -7 -19 68 42 
-23 -43 121 13 -44 -61 52 52 113 -36 15 5 27 17 -3 -20 37 -14 24 -66 85 165 131 -43 -24 -72 -40 -43 11 -96 39 -59 
 -14 -102 116 -98 52 1 143 -68 -63 -100 42 -112 124 -65 23 -15 -41 104 38 73 77 149 84 -38 -100 -6 -43 89 -3 -19 69 46 
-25 -55 121 13 -44 -61 52 46 113 -39 13 4 27 17 -3 -28 37 -14 27 -54 85 169 127 -51 -15 -72 -39 -43 21 -96 40 -59 
 -11 -92 116 -98 52 1 143 -67 -63 -97 41 -114 124 -65 21 -14 -41 102 40 78 79 147 81 -34 -100 -6 -52 89 -9 -19 66 46 
-28 -55 121 10 -44 -67 52 40 114 -39 12 8 31 8 -2 -34 36 -14 33 -53 85 169 127 -43 -9 -75 -39 -38 22 -93 41 -59 
 -8 -92 116 -103 52 -4 143 -61 -67 -97 50 -108 123 -72 31 -10 -39 102 42 84 79 147 80 -31 -96 -3 -52 79 -9 -19 65 46 
-34 -59 121 -1 -44 -73 52 39 114 -39 17 6 31 7 -2 -39 37 -13 33 -42 85 165 127 -43 -7 -77 -33 -34 32 -91 40 -54 
 -4 -92 116 -110 57 -2 143 -59 -67 -97 42 -110 124 -80 31 -2 -41 104 42 81 77 148 85 -31 -103 -9 -52 73 -3 -14 62 51 
-27 -57 117 -1 -43 -73 57 39 118 -39 17 6 31 7 -2 -35 43 -4 45 -45 85 164 131 -42 -4 -78 -45 -34 27 -91 40 -46 
 -4 -95 123 -110 55 -4 149 -59 -73 -97 40 -110 124 -80 31 -1 -53 113 48 87 77 142 78 -25 -103 -4 -63 73 4 -13 60 68 
-33 -59 121 -1 -38 -82 57 39 114 -43 14 12 31 7 -6 -40 39 -3 45 -48 85 164 132 -50 -7 -75 -33 -39 27 -90 46 -47 
 -7 -94 124 -110 53 -9 149 -59 -74 -97 40 -112 124 -79 32 2 -45 119 48 91 79 141 83 -17 -103 -3 -60 76 4 -14 62 62 
-41 -54 118 -3 -28 -80 61 42 112 -42 16 14 27 2 4 -40 37 -3 45 -50 83 161 133 -53 -8 -75 -33 -39 27 -91 46 -49 
 8 -90 131 -114 43 -4 148 -49 -87 -100 32 -107 120 -77 21 2 -45 119 48 92 82 143 82 -18 -108 -3 -59 76 4 -13 62 64 
-55 -55 118 -8 -28 -72 61 41 105 -41 16 17 27 1 5 -40 38 0 39 -54 79 157 133 -56 -8 -79 -33 -41 26 -91 55 -47 
 7 -92 131 -116 43 -9 148 -57 -91 -97 32 -111 120 -74 19 2 -40 121 50 90 88 143 82 -20 -108 7 -59 79 2 -13 70 67 
-53 -51 112 -9 -28 -72 62 38 101 -47 16 17 27 1 5 -40 42 -3 37 -54 79 158 133 -56 -6 -86 -35 -41 29 -89 61 -38 
 4 -92 128 -116 43 -14 144 -58 -84 -103 32 -114 120 -74 19 2 -41 119 49 90 90 143 82 -19 -106 3 -63 81 0 -12 68 71 
-50 -55 113 -9 -26 -71 64 41 101 -43 18 17 27 1 -1 -47 41 0 46 -54 69 167 133 -63 -10 -83 -35 -40 28 -90 61 -26 
 -5 -92 132 -116 51 -13 141 -49 -84 -96 31 -114 120 -77 21 11 -54 118 50 93 94 144 82 -25 -107 3 -63 82 -6 -13 68 79 
-48 -67 112 -13 -21 -71 64 41 113 -47 11 6 26 -1 0 -44 41 1 46 -54 68 167 133 -75 -8 -87 -35 -47 28 -89 57 -27 
 -8 -92 139 -119 50 -13 141 -44 -80 -103 29 -112 122 -79 22 12 -54 118 50 93 90 144 83 -30 -106 2 -63 90 -6 -16 69 81 
-46 -63 117 -12 -23 -71 64 45 117 -51 5 5 26 -1 0 -39 41 -5 42 -49 70 165 136 -74 -17 -89 -35 -46 28 -81 57 -22 
 -7 -89 139 -128 49 -13 141 -41 -77 -99 29 -112 122 -79 22 11 -52 119 53 84 86 144 86 -27 -112 2 -63 86 -6 -13 66 91 
-43 -63 117 -11 -18 -70 63 45 125 -43 1 5 27 8 0 -38 47 -13 40 -49 69 157 133 -74 -26 -87 -41 -61 33 -90 60 -22 
 -5 -77 139 -135 46 -25 139 -43 -74 -94 28 -112 121 -86 22 8 -56 120 51 84 86 140 97 -27 -103 2 -71 90 -1 -12 67 91 
-43 -63 114 -11 -20 -72 66 45 117 -43 1 3 27 5 1 -32 47 -15 41 -49 72 159 133 -74 -33 -87 -43 -64 26 -97 48 -24 
 -5 -81 142 -133 42 -33 143 -43 -83 -94 28 -106 120 -97 23 12 -56 125 56 84 83 141 97 -27 -99 2 -71 87 2 -11 62 92 
-47 -62 108 -9 -18 -73 66 45 125 -43 1 5 31 1 7 -30 47 -21 41 -38 72 154 133 -74 -34 -85 -47 -70 24 -100 52 -19 
 2 -82 136 -136 48 -32 142 -43 -82 -94 28 -101 120 -97 20 9 -56 130 56 87 83 133 97 -27 -100 -1 -77 85 -13 2 72 99 
-47 -52 108 -11 -23 -63 66 49 127 -43 7 5 37 6 8 -17 44 -23 41 -41 72 154 133 -74 -36 -84 -46 -69 21 -101 50 -19 
 1 -94 134 -137 43 -29 142 -48 -80 -94 29 -101 119 -90 20 27 -55 129 49 81 83 133 97 -27 -99 -11 -82 83 -12 -1 76 103 
-43 -59 109 -7 -23 -57 67 47 130 -46 9 5 37 6 5 -14 42 -22 36 -43 72 154 133 -79 -35 -87 -40 -79 26 -100 52 -19 
 -1 -77 137 -142 43 -32 141 -40 -75 -98 27 -101 114 -90 17 26 -65 131 52 80 83 133 97 -24 -92 -18 -87 73 -7 2 72 106 
-31 -59 109 -5 -19 -62 77 47 136 -39 4 -2 21 0 4 -13 47 -22 32 -48 66 155 133 -79 -38 -87 -43 -75 26 -100 52 -21 
 -10 -77 147 -153 46 -35 149 -39 -68 -92 32 -105 104 -85 21 24 -66 131 43 85 74 131 100 -24 -97 -18 -85 79 -7 2 72 101 
-32 -59 109 -1 -17 -63 83 47 136 -39 7 -2 17 -14 1 -14 45 -24 38 -43 57 149 131 -77 -33 -87 -43 -75 26 -100 54 -21 
 -10 -77 147 -150 51 -34 150 -39 -70 -94 24 -96 103 -90 21 22 -66 132 51 80 69 124 104 -15 -98 -18 -81 79 -7 2 73 101 
-23 -65 109 7 -22 -63 81 47 139 -43 9 -9 17 -14 1 -15 45 -19 32 -48 59 148 134 -74 -33 -87 -43 -76 22 -99 58 -21 
 -14 -80 147 -153 51 -31 148 -40 -75 -95 31 -96 103 -90 14 17 -72 126 48 83 70 114 104 -27 -99 -18 -81 84 -10 -4 87 101 
-23 -60 104 7 -22 -59 81 52 134 -44 1 -9 17 -14 -7 -15 45 -19 32 -49 59 147 127 -79 -33 -87 -47 -79 33 -99 62 -21 
 -14 -78 147 -158 51 -31 148 -38 -67 -97 31 -96 103 -90 11 17 -72 126 52 80 70 127 104 -27 -100 -18 -83 83 -21 -4 91 101 
-23 -48 102 5 -24 -61 81 47 134 -43 11 -6 12 -14 -8 -15 46 -19 30 -43 63 149 121 -76 -33 -89 -47 -79 33 -102 66 -21 
 -14 -68 151 -152 52 -30 148 -36 -67 -97 36 -89 103 -90 2 17 -72 126 47 79 66 127 104 -19 -100 -16 -83 85 -20 -9 82 100 
-23 -48 106 5 -23 -61 81 47 136 -43 3 -9 10 -14 -21 -15 51 -19 33 -48 61 142 120 -73 -33 -97 -47 -83 27 -102 61 -23 
 -14 -68 162 -152 55 -30 143 -36 -68 -97 28 -96 102 -90 4 17 -77 126 51 83 68 134 105 -18 -102 -21 -83 79 -20 -9 90 102 
-23 -48 107 3 -23 -61 81 54 135 -41 5 -13 9 -12 -23 -14 47 -18 37 -44 61 145 106 -64 -34 -102 -43 -80 33 -102 60 -23 
 -14 -68 156 -147 55 -30 143 -27 -67 -99 28 -100 107 -86 9 13 -76 124 58 79 68 138 102 -16 -105 -22 -77 77 -23 -9 82 99 
-25 -44 108 1 -23 -63 81 60 137 -36 5 -13 9 -12 -17 -14 47 -14 40 -49 61 153 106 -73 -35 -99 -41 -76 33 -95 60 -23 
 -25 -68 160 -144 55 -31 143 -28 -66 -99 28 -100 107 -86 4 13 -76 122 56 75 68 144 103 -19 -103 -26 -79 78 -23 -10 82 99 
-19 -44 111 1 -23 -63 92 65 138 -36 5 -10 6 -11 -19 -22 53 -14 51 -51 61 152 107 -73 -35 -107 -41 -76 36 -86 60 -23 
 -18 -68 164 -144 55 -34 152 -21 -66 -99 28 -94 110 -86 3 11 -78 122 60 67 68 143 104 -20 -103 -26 -79 70 -25 -7 84 99 
-19 -44 111 -3 -23 -63 92 65 142 -36 7 -12 6 -15 -19 -22 52 -13 50 -51 61 153 105 -75 -32 -112 -41 -67 27 -85 55 -23 
 -19 -68 164 -151 55 -37 152 -21 -67 -99 24 -90 110 -92 3 11 -77 120 61 67 66 137 102 -23 -101 -26 -79 74 -18 -5 83 99 
-26 -42 111 -3 -21 -63 90 66 141 -39 7 -8 -3 -15 -19 -22 52 -14 46 -46 61 153 110 -68 -27 -112 -41 -64 27 -85 56 -23 
 -27 -65 164 -151 50 -37 156 -20 -64 -92 24 -85 119 -92 3 9 -77 121 62 64 66 137 101 -28 -105 -26 -79 72 -20 -8 102 98 
-29 -47 111 -3 -21 -61 84 59 144 -39 9 6 -7 -15 -19 -27 52 -13 43 -52 64 146 107 -70 -23 -112 -45 -64 18 -99 57 -14 
 -30 -58 164 -154 50 -39 161 -9 -68 -92 27 -90 117 -92 3 16 -77 120 51 66 71 136 104 -26 -105 -26 -75 72 -29 -14 109 102 
-23 -49 112 -1 -21 -60 83 57 150 -39 9 5 -7 -19 -19 -28 47 -13 45 -54 66 148 107 -63 -32 -109 -44 -64 18 -107 53 -14 
 -17 -67 163 -149 50 -38 163 -11 -62 -92 27 -81 117 -94 3 12 -76 120 48 73 70 134 101 -25 -104 -24 -80 72 -29 -14 109 102 
-27 -46 111 -2 -19 -60 89 57 152 -39 9 2 -15 -23 -24 -28 48 -13 47 -52 66 143 107 -63 -35 -109 -50 -71 21 -117 50 -16 
 -23 -67 163 -149 51 -38 165 -11 -61 -92 27 -71 119 -94 -4 12 -77 120 51 74 70 131 101 -25 -102 -13 -77 72 -37 -12 104 101 
-35 -48 113 -2 -24 -62 99 57 157 -39 9 7 -14 -19 -23 -30 35 -13 47 -53 61 137 104 -63 -26 -105 -52 -67 20 -115 53 -23 
 -13 -68 160 -149 52 -36 161 -11 -58 -92 27 -80 122 -94 -1 13 -84 121 54 69 71 126 101 -25 -107 -15 -66 77 -35 -12 102 103 
-31 -48 112 -2 -24 -66 100 57 163 -39 9 2 -14 -20 -16 -34 27 -15 45 -40 63 138 101 -64 -26 -102 -53 -67 29 -114 51 -23 
 -15 -68 163 -149 50 -33 162 -11 -54 -94 27 -83 122 -97 1 13 -79 122 57 80 67 120 96 -28 -107 -16 -60 77 -32 -15 107 103 
-39 -48 112 -9 -34 -63 100 57 170 -39 8 3 -13 -19 -16 -34 27 -14 45 -47 59 137 100 -61 -25 -101 -48 -59 25 -114 49 -19 
 -4 -68 163 -150 50 -37 162 -14 -58 -94 34 -76 124 -97 1 13 -80 122 57 82 70 116 93 -33 -111 -19 -71 68 -32 -16 107 109 
-39 -48 111 -6 -23 -63 100 57 173 -39 8 -6 -13 -19 -19 -34 27 -14 42 -48 58 139 99 -55 -24 -101 -43 -59 28 -118 49 -26 
 -4 -68 164 -147 55 -36 162 -14 -58 -95 34 -71 124 -97 6 13 -80 122 61 83 71 115 100 -25 -108 -19 -61 68 -34 -6 107 121 
-33 -49 111 -6 -23 -63 100 53 174 -41 8 -3 -10 -19 -16 -48 26 -14 42 -48 58 141 97 -52 -24 -101 -35 -56 24 -114 52 -35 
 6 -68 164 -147 55 -37 162 -16 -57 -93 34 -71 131 -97 1 12 -79 122 62 83 71 116 99 -29 -108 -19 -61 68 -38 -7 111 128 
-33 -39 111 -6 -21 -60 101 51 177 -39 8 -11 -14 -21 -16 -48 25 -20 40 -43 58 137 101 -60 -24 -103 -38 -59 22 -114 44 -35 
 4 -64 164 -147 50 -36 163 -18 -54 -94 34 -73 133 -99 1 12 -83 122 80 89 71 115 98 -22 -108 -21 -67 68 -30 -10 106 128 
-32 -39 111 -6 -18 -59 95 53 177 -39 7 -8 -14 -21 -16 -49 28 -9 37 -47 58 137 107 -63 -24 -103 -44 -59 35 -114 40 -35 
 12 -64 164 -147 49 -37 155 -18 -54 -94 41 -77 133 -99 1 13 -86 120 79 86 71 115 99 -31 -108 -17 -70 68 -29 -10 102 127 
-31 -39 112 -6 -22 -59 91 53 173 -40 4 -8 -20 -23 -16 -52 26 -13 40 -48 58 139 110 -63 -24 -100 -41 -59 30 -114 37 -40 
 7 -64 163 -147 47 -37 164 -18 -53 -92 39 -76 130 -97 1 14 -87 120 79 92 71 114 102 -31 -108 -20 -70 68 -33 -10 95 123 
-35 -35 112 -6 -27 -60 91 48 176 -34 2 -3 -17 -22 -14 -48 27 -13 41 -53 58 133 106 -61 -17 -101 -43 -59 35 -115 40 -47 
 10 -63 163 -147 48 -38 164 -26 -48 -90 43 -77 132 -92 2 12 -102 120 76 101 71 117 104 -30 -103 -19 -71 68 -30 -1 93 122 
-37 -31 112 -6 -31 -60 97 47 177 -39 6 -3 -13 -21 -23 -48 26 -13 46 -53 58 133 101 -63 -9 -103 -44 -54 39 -115 30 -43 
 7 -60 165 -147 47 -37 160 -20 -45 -92 42 -77 126 -79 -3 10 -110 121 71 104 71 117 103 -31 -96 -14 -68 73 -30 -1 97 119 
-32 -29 112 -7 -31 -61 90 47 179 -39 -2 0 -21 -21 -13 -48 26 -14 44 -53 56 133 101 -63 -7 -103 -51 -54 37 -115 25 -43 
 3 -56 163 -154 47 -36 151 -19 -41 -92 47 -78 130 -79 -5 12 -110 122 81 104 72 122 103 -31 -103 -14 -68 73 -37 -1 97 119 
-31 -29 109 -12 -27 -56 92 47 181 -39 1 0 -21 -21 -12 -45 26 -15 44 -59 56 129 109 -63 -7 -103 -55 -54 37 -114 27 -43 
 -10 -56 166 -150 42 -29 143 -19 -44 -88 48 -78 130 -79 -6 8 -110 125 81 103 72 118 109 -31 -103 -14 -61 73 -37 2 95 119 
-37 -29 107 -15 -19 -61 92 44 181 -35 1 -3 -16 -27 -12 -47 27 -14 41 -60 58 127 109 -63 -3 -103 -55 -54 37 -117 24 -50 
 -8 -56 160 -143 37 -39 143 -19 -44 -92 48 -74 127 -78 -6 8 -110 125 84 102 71 121 107 -31 -101 -5 -61 73 -37 5 98 123 
-39 -29 112 -15 -13 -61 93 42 187 -35 1 -3 -19 -30 -12 -43 21 -19 45 -60 58 126 112 -64 -3 -103 -53 -54 28 -107 22 -54 
 -14 -56 163 -143 43 -39 142 -27 -39 -92 48 -74 116 -79 -6 9 -111 123 79 102 71 122 104 -28 -101 -5 -60 72 -39 -1 90 130 
-41 -31 111 -16 -13 -59 87 31 187 -35 1 -5 -13 -29 -12 -43 25 -19 45 -60 58 126 115 -63 -7 -103 -53 -46 29 -101 29 -54 
 -14 -47 164 -139 44 -36 141 -17 -32 -92 48 -76 117 -81 -6 9 -115 123 79 102 71 122 112 -37 -98 -5 -60 73 -33 1 89 130 
-42 -27 111 -14 -6 -67 87 26 187 -35 1 5 -19 -28 -12 -43 26 -19 46 -44 57 133 116 -64 -7 -91 -53 -45 21 -101 37 -56 
 -9 -43 164 -139 47 -30 141 -12 -36 -92 48 -83 126 -77 -6 9 -118 123 79 101 75 114 113 -31 -98 -17 -60 72 -24 1 83 131 
-43 -30 112 -16 -3 -68 81 26 186 -35 1 5 -19 -28 -12 -43 20 -19 45 -40 57 134 109 -57 -7 -91 -53 -36 19 -97 37 -51 
 -17 -43 164 -139 46 -28 141 -10 -38 -92 48 -83 126 -77 -6 9 -109 127 79 102 75 113 107 -34 -98 -22 -59 77 -27 -3 79 129 
-39 -32 117 -16 -3 -64 84 32 186 -40 -1 2 -22 -28 -11 -45 17 -27 45 -40 61 134 114 -49 -7 -83 -55 -40 18 -97 37 -39 
 -17 -46 163 -139 46 -28 138 -7 -38 -92 50 -87 126 -77 -13 15 -105 120 79 102 76 113 97 -36 -98 -32 -57 89 -29 16 79 126 
-39 -28 117 -16 -8 -64 85 40 186 -40 -1 4 -23 -29 -13 -43 17 -27 45 -40 61 134 118 -47 -8 -83 -54 -40 18 -95 37 -41 
 -17 -51 163 -148 52 -28 139 -17 -38 -89 50 -80 126 -76 -13 24 -105 117 77 102 76 113 93 -38 -102 -31 -50 85 -29 8 79 124 
-27 -35 117 -15 -8 -63 89 39 186 -39 -1 4 -23 -35 -12 -42 16 -26 46 -40 58 137 111 -48 -7 -79 -54 -48 25 -99 40 -38 
 -13 -54 163 -147 52 -31 133 -19 -38 -95 50 -79 126 -81 -26 27 -108 113 70 102 76 111 98 -43 -98 -32 -47 83 -23 6 74 123 
-32 -31 117 -8 -15 -63 83 41 186 -41 -1 5 -22 -28 -10 -47 14 -23 46 -48 57 136 107 -50 -9 -83 -54 -45 27 -101 41 -40 
 -6 -53 163 -148 57 -31 139 -17 -38 -93 50 -80 119 -84 -23 17 -107 118 70 103 79 112 101 -48 -96 -34 -47 84 -20 4 77 122 
-33 -31 115 -8 -14 -67 88 41 179 -39 -1 5 -23 -28 -3 -47 14 -21 46 -47 53 138 107 -39 -19 -83 -54 -43 27 -93 39 -40 
 -4 -53 153 -148 62 -36 134 -17 -47 -91 50 -81 123 -85 -31 17 -107 121 70 102 75 111 101 -54 -88 -34 -47 79 -20 4 74 122 
-28 -25 111 -8 -25 -59 88 41 176 -32 0 4 -23 -29 -3 -47 17 -26 42 -47 44 139 107 -36 -15 -81 -54 -43 27 -86 26 -40 
 3 -50 144 -148 62 -32 134 -17 -44 -98 46 -80 123 -85 -31 17 -105 113 78 102 83 110 105 -52 -83 -39 -47 79 -20 6 70 122 
-28 -24 107 -6 -29 -59 83 37 167 -31 0 5 -25 -17 1 -47 15 -26 37 -46 45 137 106 -19 -15 -81 -58 -43 21 -89 26 -40 
 3 -48 137 -155 64 -34 137 -14 -40 -93 45 -81 124 -79 -37 17 -112 113 75 102 88 109 102 -52 -83 -39 -47 79 -24 5 73 122 
-28 -28 108 5 -29 -59 85 37 166 -31 1 5 -27 -12 5 -50 15 -26 37 -37 46 136 106 -19 -15 -81 -62 -38 17 -83 28 -40 
 3 -48 134 -147 64 -34 138 -14 -40 -93 43 -81 122 -81 -37 17 -113 113 75 99 90 108 102 -52 -83 -39 -53 84 -21 3 71 122 
-28 -26 109 10 -29 -61 83 37 165 -19 1 -1 -27 -22 3 -53 14 -26 39 -36 46 137 108 -18 -21 -82 -55 -33 19 -87 20 -40 
 3 -47 135 -146 64 -30 134 -14 -41 -93 43 -79 122 -89 -32 20 -120 114 71 101 90 109 102 -54 -83 -42 -52 81 -20 -3 77 122 
-33 -26 113 11 -32 -61 77 37 161 -19 1 0 -21 -22 -7 -53 9 -25 41 -29 46 140 116 -19 -11 -88 -55 -33 17 -87 20 -34 
 5 -47 137 -148 65 -30 143 -14 -46 -94 43 -78 125 -89 -18 21 -127 103 70 97 90 106 92 -52 -89 -37 -52 84 -25 -2 77 122 
-28 -26 113 12 -29 -61 77 37 161 -19 -1 7 -25 -22 0 -53 15 -23 40 -27 37 141 116 -23 -14 -88 -55 -35 17 -83 24 -34 
 14 -47 137 -148 64 -30 143 -14 -44 -94 41 -80 122 -89 -20 21 -129 107 82 98 91 108 91 -62 -87 -57 -52 84 -25 9 81 122 
-32 -26 113 11 -29 -68 77 43 161 -19 -1 3 -26 -20 -3 -53 14 -25 40 -35 32 139 116 -23 -14 -88 -53 -29 13 -81 24 -35 
 14 -47 137 -153 64 -28 143 -9 -44 -96 41 -88 116 -89 -21 20 -125 113 82 99 93 103 92 -65 -87 -57 -47 89 -27 10 84 116 
-32 -30 110 12 -29 -68 77 38 168 -23 -3 6 -28 -22 -7 -53 16 -16 41 -35 31 139 116 -23 -14 -93 -59 -26 5 -83 25 -23 
 14 -48 134 -157 64 -30 143 -7 -44 -101 46 -90 112 -89 -23 21 -118 121 83 99 98 101 92 -65 -87 -60 -52 93 -23 9 98 116 
-32 -24 108 13 -29 -74 77 40 160 -19 6 8 -28 -22 3 -53 24 -13 41 -35 34 139 114 -23 -17 -93 -59 -26 5 -83 41 -24 
 15 -49 134 -158 64 -38 148 -2 -38 -95 53 -84 112 -89 -27 21 -119 124 83 99 86 101 90 -65 -82 -60 -52 105 -23 9 96 112 
-38 -19 102 12 -29 -83 79 38 162 -20 1 5 -32 -22 1 -56 22 -13 45 -34 29 139 114 -23 -17 -93 -59 -34 5 -83 41 -24 
 15 -52 150 -157 64 -41 150 5 -41 -104 43 -81 114 -89 -27 21 -114 132 85 102 87 101 93 -65 -69 -60 -54 113 -23 9 96 112 
-39 -21 101 13 -29 -76 79 37 164 -21 2 5 -30 -32 16 -54 29 -15 47 -34 27 140 114 -33 -19 -91 -59 -34 5 -84 37 -26 
 11 -59 146 -158 64 -42 150 6 -39 -103 46 -81 115 -87 -27 19 -113 128 84 102 87 102 93 -59 -72 -58 -57 113 -23 12 99 112 
-35 -21 104 13 -36 -67 81 37 164 -19 -9 5 -43 -28 13 -53 32 -15 47 -34 35 140 114 -33 -19 -88 -59 -34 2 -92 42 -29 
 17 -59 146 -168 58 -46 156 3 -39 -101 44 -81 119 -88 -38 21 -111 128 84 102 91 102 93 -60 -72 -57 -57 113 -14 11 94 111 
-33 -21 98 16 -36 -67 81 34 159 -19 -9 11 -35 -28 12 -49 24 -13 51 -34 24 137 111 -33 -19 -91 -59 -34 1 -90 45 -25 
 17 -59 147 -168 61 -43 162 -5 -48 -104 35 -70 117 -88 -37 24 -106 126 88 102 95 106 98 -59 -72 -53 -57 113 -14 9 99 105 
-32 -21 98 16 -33 -67 79 34 157 -19 -12 17 -36 -39 11 -46 26 0 57 -34 25 137 117 -35 -23 -93 -59 -42 -2 -81 56 -29 
 14 -59 149 -168 64 -43 163 -7 -45 -104 33 -71 121 -92 -36 22 -110 119 94 102 99 106 99 -63 -77 -47 -57 111 -17 10 98 106 
-32 -21 98 16 -33 -67 80 34 155 -19 -24 14 -36 -39 11 -49 26 -1 53 -34 27 133 126 -35 -23 -94 -59 -43 -3 -81 47 -31 
 14 -59 145 -168 64 -43 162 -7 -43 -104 41 -75 121 -92 -36 21 -110 118 96 102 101 102 101 -61 -81 -47 -54 109 -17 10 100 108 
-32 -21 107 22 -37 -65 80 34 157 -20 -30 9 -35 -39 12 -44 26 -7 57 -34 29 141 125 -35 -22 -92 -56 -43 -8 -82 47 -39 
 14 -59 150 -170 58 -47 162 -7 -44 -112 40 -73 115 -92 -37 12 -110 117 100 102 101 96 108 -63 -82 -47 -55 109 -20 11 100 112 
-31 -13 105 27 -39 -73 79 28 153 -19 -33 11 -35 -39 12 -46 26 -2 60 -34 29 141 126 -41 -23 -88 -47 -43 -5 -82 49 -44 
 14 -56 159 -160 63 -44 161 -12 -38 -112 41 -71 117 -94 -37 13 -107 117 102 102 102 96 110 -70 -77 -48 -51 109 -17 11 104 112 
-23 -14 99 27 -39 -74 80 30 146 -19 -23 10 -34 -39 12 -46 29 0 60 -28 27 141 132 -41 -21 -88 -39 -42 -1 -84 49 -42 
 15 -58 158 -159 63 -46 163 -15 -41 -121 39 -59 110 -94 -37 13 -106 117 102 89 104 96 106 -70 -79 -48 -52 109 -25 12 107 111 
-28 -14 97 27 -39 -61 81 31 141 -23 -21 10 -34 -43 12 -52 40 -3 64 -15 25 137 133 -40 -20 -86 -39 -43 6 -84 49 -42 
 17 -58 155 -160 63 -50 166 -16 -43 -121 41 -61 113 -97 -37 14 -101 118 101 85 108 86 115 -65 -78 -44 -52 109 -36 12 107 111 
-28 -14 97 25 -39 -58 81 31 139 -18 -15 14 -34 -43 13 -52 47 -1 63 -13 29 139 137 -45 -20 -83 -29 -43 4 -84 47 -41 
 23 -58 155 -161 63 -44 168 -16 -45 -119 48 -59 113 -97 -38 14 -99 134 109 80 107 81 106 -71 -78 -41 -52 109 -39 14 114 110 
-28 -14 98 25 -38 -64 80 31 141 -15 -15 19 -32 -43 12 -54 47 3 76 -13 28 141 137 -41 -20 -83 -43 -59 1 -86 44 -41 
 32 -58 151 -163 63 -48 173 -16 -47 -121 48 -59 114 -94 -37 10 -99 131 106 80 105 81 109 -61 -78 -41 -47 116 -35 13 121 110 
-28 -14 98 27 -39 -64 77 31 141 -15 -15 18 -32 -39 12 -51 47 6 77 -13 27 141 137 -43 -20 -83 -47 -61 -14 -86 44 -43 
 32 -58 151 -163 66 -48 174 -16 -44 -121 48 -59 114 -92 -37 7 -100 133 103 81 104 83 106 -65 -78 -41 -43 119 -30 13 121 109 
-28 -14 98 34 -43 -64 93 31 141 -15 -13 24 -32 -39 12 -51 47 6 77 -13 17 141 137 -43 -20 -79 -50 -55 -15 -85 44 -41 
 32 -58 151 -167 69 -48 167 -16 -44 -121 39 -55 114 -94 -37 7 -99 133 103 80 99 83 106 -65 -78 -43 -42 117 -32 10 121 110 
-29 -16 98 37 -46 -61 97 29 146 -10 -12 15 -32 -39 12 -54 47 6 79 -11 17 141 137 -39 -20 -81 -47 -59 -19 -79 47 -41 
 24 -59 151 -165 73 -59 163 -13 -47 -121 49 -68 114 -94 -37 6 -99 142 97 73 99 83 106 -64 -78 -40 -43 114 -42 8 120 110 
-27 -16 98 35 -48 -61 96 29 145 -8 -15 17 -32 -45 13 -53 46 5 80 -14 17 146 137 -39 -17 -83 -47 -49 -19 -78 47 -41 
 19 -52 151 -160 72 -59 162 -13 -43 -117 48 -71 114 -93 -38 1 -98 139 102 73 99 90 106 -64 -81 -37 -43 113 -37 -1 120 110 
-30 -24 98 37 -48 -63 100 36 145 -11 -13 17 -33 -46 13 -53 46 5 77 -13 17 146 134 -39 -16 -79 -48 -52 -20 -83 47 -48 
 18 -53 156 -154 72 -61 149 -16 -43 -110 44 -71 110 -91 -38 0 -98 139 103 71 95 90 113 -64 -79 -34 -43 94 -38 -2 121 103 
-30 -27 96 37 -43 -67 99 39 147 -2 -19 17 -30 -51 13 -48 46 5 77 -15 16 146 134 -39 -19 -79 -53 -52 -20 -92 47 -43 
 7 -45 152 -154 79 -59 150 -19 -43 -109 43 -71 103 -93 -38 3 -98 139 103 68 103 90 115 -64 -72 -34 -36 94 -38 -3 121 102 
-24 -28 96 40 -43 -67 99 33 151 -3 -19 11 -43 -50 9 -48 46 5 77 -16 9 146 134 -39 -17 -79 -53 -53 -15 -92 47 -40 
 9 -48 152 -158 79 -58 150 -23 -56 -111 43 -63 106 -84 -36 3 -98 139 103 64 107 90 113 -64 -70 -34 -36 97 -43 -6 121 113 
-12 -28 96 40 -44 -63 93 46 151 -3 -19 13 -45 -46 19 -47 46 -3 65 -17 9 146 137 -39 -19 -80 -53 -53 -15 -88 41 -35 
 17 -48 152 -158 74 -61 147 -27 -56 -114 43 -58 109 -87 -39 3 -98 141 100 65 107 90 115 -64 -72 -35 -36 100 -43 -10 126 119 
-12 -35 101 37 -51 -68 96 50 149 -11 -23 13 -39 -46 19 -41 46 -9 64 -20 9 152 139 -31 -23 -75 -53 -55 -13 -94 41 -37 
 14 -43 156 -157 72 -68 152 -29 -56 -110 35 -58 103 -87 -39 12 -98 144 101 66 107 83 110 -66 -71 -32 -36 100 -49 -13 126 122 
-10 -35 101 38 -53 -64 98 48 149 -8 -21 14 -40 -46 21 -37 46 -9 67 -23 14 153 139 -27 -28 -72 -53 -55 -15 -99 39 -32 
 12 -43 156 -158 78 -62 151 -40 -53 -108 35 -58 102 -87 -37 18 -98 144 100 68 110 82 110 -63 -66 -24 -36 99 -52 -8 127 121 
-16 -35 106 27 -50 -63 96 48 146 -8 -16 13 -36 -43 25 -41 41 -3 67 -22 18 152 139 -27 -26 -75 -54 -63 -15 -102 37 -36 
 12 -43 153 -159 80 -61 152 -46 -58 -108 43 -58 100 -74 -41 21 -98 145 100 66 107 83 108 -63 -71 -26 -33 95 -52 -9 129 122 
-16 -22 105 25 -43 -63 96 46 147 -8 -11 13 -38 -43 25 -39 44 -3 67 -34 17 151 139 -26 -23 -79 -52 -77 -15 -98 33 -45 
 15 -46 157 -164 89 -57 151 -47 -60 -108 47 -58 99 -74 -41 26 -99 148 94 70 113 84 110 -67 -65 -24 -46 102 -52 -11 130 118 
-24 -22 105 27 -56 -59 99 45 147 -8 -13 11 -39 -38 17 -44 46 -3 64 -35 20 150 139 -27 -23 -71 -54 -79 -17 -103 40 -46 
 8 -49 157 -159 101 -52 156 -41 -60 -108 44 -55 96 -75 -46 22 -98 149 88 68 103 84 110 -64 -65 -33 -47 105 -45 -1 133 119 
-20 -22 106 25 -54 -59 94 52 153 -23 -13 8 -41 -37 24 -41 44 -3 67 -35 21 151 138 -23 -23 -71 -52 -73 -21 -104 41 -48 
 22 -49 150 -161 100 -52 159 -48 -58 -105 57 -63 98 -76 -38 21 -100 146 84 68 102 84 109 -71 -62 -33 -46 101 -50 -4 126 123 
-20 -23 106 25 -54 -50 93 50 159 -21 -8 7 -35 -37 26 -43 41 -2 72 -33 21 151 141 -22 -24 -71 -52 -73 -26 -104 36 -53 
 22 -51 157 -163 93 -48 157 -53 -56 -101 63 -59 99 -78 -38 23 -104 147 92 84 108 84 106 -69 -63 -33 -46 100 -47 -8 125 111 
-20 -23 101 28 -55 -55 94 61 156 -30 -7 7 -35 -35 26 -43 46 -1 69 -33 21 151 137 -26 -23 -73 -65 -77 -23 -104 39 -54 
 22 -51 143 -166 86 -39 156 -54 -60 -94 62 -60 99 -72 -38 23 -107 148 89 84 108 84 106 -67 -61 -32 -42 99 -45 -8 125 110 
-20 -21 104 28 -53 -55 103 71 161 -31 -8 7 -33 -34 15 -43 46 1 77 -33 21 151 137 -26 -23 -75 -59 -74 -21 -105 40 -48 
 22 -50 141 -166 87 -43 156 -59 -64 -93 63 -59 100 -70 -41 22 -107 146 89 86 108 84 106 -67 -61 -32 -37 102 -42 -5 129 113 
-20 -32 104 28 -64 -55 105 66 159 -33 -7 7 -39 -35 9 -43 38 1 76 -31 11 145 137 -27 -19 -73 -59 -74 -23 -103 42 -50 
 22 -56 141 -166 88 -43 159 -67 -50 -96 62 -60 91 -72 -37 21 -109 146 92 75 104 87 106 -63 -60 -39 -38 102 -41 -5 140 113 
-23 -26 104 28 -67 -55 103 68 159 -37 -7 7 -43 -34 7 -48 41 4 74 -33 11 142 137 -31 -21 -64 -59 -74 -24 -112 38 -48 
 23 -56 145 -166 86 -52 159 -58 -50 -99 62 -60 89 -67 -39 23 -114 141 92 84 105 90 104 -68 -59 -37 -37 102 -43 -7 131 112 
-23 -23 106 20 -64 -55 101 68 159 -40 -7 5 -41 -34 5 -47 41 8 78 -33 17 141 145 -34 -21 -63 -59 -73 -18 -112 41 -51 
 23 -54 142 -171 92 -52 156 -61 -50 -98 62 -63 91 -67 -41 27 -114 147 91 84 110 88 109 -70 -59 -31 -37 100 -43 -6 129 107 
-23 -23 105 20 -64 -46 106 70 157 -40 -7 3 -43 -39 7 -39 37 6 78 -33 12 139 145 -34 -21 -67 -57 -73 -19 -112 48 -50 
 23 -54 137 -175 92 -51 153 -71 -47 -98 62 -58 95 -64 -40 23 -113 142 91 84 103 90 108 -70 -59 -43 -28 101 -52 -6 125 104 
-23 -23 105 20 -59 -46 106 73 161 -37 -13 6 -43 -40 5 -36 39 12 76 -34 12 142 145 -34 -21 -61 -61 -74 -18 -112 51 -53 
 19 -54 137 -178 89 -47 153 -70 -44 -90 58 -58 95 -70 -41 24 -113 140 92 96 103 89 108 -70 -65 -47 -39 101 -52 -6 124 104 
-23 -23 105 20 -66 -47 103 77 165 -42 -14 7 -43 -43 1 -33 50 18 71 -33 11 147 138 -34 -15 -61 -61 -74 -19 -112 57 -58 
 19 -54 137 -178 93 -43 158 -71 -41 -89 58 -59 95 -77 -32 24 -117 149 99 100 104 91 110 -70 -72 -50 -39 93 -54 -6 124 103 
-23 -19 105 20 -64 -42 104 76 163 -42 -28 7 -43 -43 5 -33 57 21 69 -33 11 152 137 -29 -19 -61 -61 -74 -19 -112 53 -59 
 19 -56 139 -178 91 -40 163 -68 -40 -89 63 -59 95 -77 -32 24 -114 156 97 100 105 92 109 -69 -72 -50 -38 93 -54 -6 122 103 
-23 -9 103 20 -63 -46 109 76 162 -41 -25 7 -39 -39 6 -25 57 24 73 -33 13 152 138 -32 -21 -59 -61 -74 -22 -112 53 -66 
 19 -56 129 -178 86 -47 167 -68 -38 -92 67 -59 99 -72 -30 19 -117 161 97 100 98 92 111 -70 -70 -57 -39 93 -59 -6 122 110 
-22 -9 108 17 -60 -47 109 77 155 -35 -25 4 -39 -37 7 -34 61 27 73 -31 5 152 138 -28 -21 -59 -61 -74 -23 -113 53 -67 
 19 -56 134 -174 84 -57 167 -65 -40 -92 67 -59 96 -72 -30 23 -114 161 97 103 97 92 111 -77 -70 -57 -39 93 -57 7 122 100 
-23 -9 113 12 -53 -53 112 76 159 -35 -34 6 -41 -41 1 -35 57 27 65 -29 1 148 137 -27 -21 -59 -64 -74 -23 -111 50 -64 
 19 -56 140 -169 88 -56 172 -57 -39 -94 71 -58 97 -72 -34 28 -111 161 99 108 96 94 115 -78 -70 -57 -40 93 -57 7 118 99 
-23 -6 112 7 -51 -49 112 72 164 -39 -34 6 -48 -48 -9 -35 65 21 65 -32 -3 148 140 -27 -15 -60 -67 -69 -23 -111 45 -60 
 19 -47 143 -176 96 -56 172 -55 -40 -84 73 -58 99 -72 -32 29 -114 163 99 104 95 94 118 -73 -72 -56 -43 97 -57 8 117 102 
-23 -6 112 7 -63 -49 105 70 167 -39 -34 13 -47 -48 -3 -34 64 21 67 -33 3 152 137 -32 -20 -63 -64 -71 -21 -114 45 -59 
 15 -47 143 -176 96 -56 175 -60 -39 -84 73 -54 102 -84 -26 32 -113 163 91 100 88 92 119 -75 -67 -57 -48 97 -50 10 117 108 
-23 -6 117 5 -74 -47 105 66 167 -40 -40 13 -48 -48 -2 -47 66 21 69 -33 5 152 148 -31 -13 -60 -66 -81 -21 -113 45 -59 
 15 -47 139 -172 93 -53 178 -60 -39 -87 81 -46 103 -86 -29 28 -118 163 91 100 92 92 114 -73 -76 -57 -40 94 -50 6 117 108 
-23 -6 117 6 -69 -47 105 72 167 -44 -40 13 -49 -40 -2 -52 61 10 77 -32 13 152 149 -26 -13 -59 -65 -79 -21 -112 45 -63 
 15 -47 139 -170 87 -58 179 -57 -39 -88 82 -43 104 -79 -29 34 -117 164 89 101 92 92 107 -71 -76 -54 -35 97 -50 7 117 106 
-32 -6 116 3 -66 -43 105 71 167 -50 -34 8 -49 -41 -4 -52 56 13 77 -37 21 144 149 -16 -13 -65 -63 -83 -21 -132 47 -64 
 17 -47 138 -174 94 -54 176 -59 -39 -86 73 -40 104 -79 -28 34 -116 165 89 96 86 92 107 -66 -76 -54 -37 95 -50 12 120 106 
-23 -18 121 16 -69 -43 112 75 165 -58 -34 7 -37 -41 -4 -52 54 12 79 -44 21 141 151 -11 -16 -74 -63 -92 -21 -135 49 -67 
 9 -46 136 -174 89 -54 172 -63 -41 -84 73 -39 108 -79 -28 34 -127 163 86 84 86 88 104 -73 -79 -50 -37 101 -50 8 120 102 
-23 -27 121 16 -66 -43 111 74 165 -59 -34 7 -35 -50 3 -52 52 12 78 -33 19 141 151 -11 -16 -74 -63 -93 -18 -139 48 -67 
 9 -43 136 -168 93 -54 177 -48 -41 -77 73 -39 108 -78 -27 37 -128 163 91 84 88 88 104 -76 -79 -50 -37 100 -47 6 114 102 
-23 -23 121 16 -66 -41 105 81 152 -61 -34 7 -35 -55 1 -50 52 12 78 -36 32 142 156 -11 -14 -69 -60 -94 -24 -126 48 -65 
 9 -45 136 -168 93 -59 179 -54 -48 -78 73 -39 108 -83 -23 30 -132 163 91 81 84 94 108 -74 -78 -56 -38 90 -60 2 114 90 
-26 -20 121 16 -67 -43 105 77 164 -68 -33 6 -35 -54 -1 -47 53 12 86 -29 32 135 159 -13 -13 -73 -59 -94 -31 -127 46 -63 
 10 -44 136 -170 94 -61 179 -45 -47 -68 74 -41 111 -85 -19 40 -143 163 94 84 82 101 110 -74 -80 -56 -37 90 -58 2 113 103 
-26 -19 121 17 -66 -44 105 73 161 -69 -35 5 -36 -54 -1 -38 61 7 92 -31 42 140 159 -15 -14 -71 -65 -94 -29 -127 44 -63 
 13 -37 130 -171 94 -68 179 -46 -52 -65 73 -43 113 -87 -19 44 -144 160 94 90 75 102 110 -77 -78 -46 -38 90 -56 2 106 103 
-26 -19 121 15 -61 -43 107 79 161 -71 -25 5 -32 -54 -4 -35 62 7 93 -30 28 135 161 -13 -14 -73 -64 -96 -32 -127 45 -60 
 13 -37 126 -178 105 -65 178 -50 -52 -66 78 -43 119 -87 -21 48 -138 161 92 92 74 104 111 -76 -78 -40 -28 87 -54 2 101 102 
-23 -19 121 20 -65 -46 104 78 159 -59 -27 5 -36 -54 -3 -35 60 4 89 -26 27 137 157 -10 -13 -73 -64 -103 -35 -128 45 -61 
 9 -37 126 -169 104 -64 173 -49 -50 -64 77 -43 121 -87 -20 48 -138 157 91 93 75 106 115 -82 -76 -40 -28 83 -50 3 99 101 
-27 -19 121 21 -72 -50 105 78 162 -59 -27 5 -41 -54 1 -35 60 -3 81 -21 32 144 158 -7 -16 -75 -66 -103 -36 -130 47 -61 
 2 -37 126 -164 117 -67 179 -49 -50 -61 77 -43 122 -87 -23 48 -138 159 90 90 72 106 114 -80 -79 -42 -27 83 -44 -9 100 101 
-20 -19 121 25 -74 -52 102 80 168 -63 -30 5 -38 -62 6 -38 56 -8 86 -20 31 137 161 -6 -14 -76 -63 -96 -39 -130 47 -61 
 -2 -37 126 -165 113 -65 174 -48 -46 -57 77 -43 118 -89 -18 49 -132 152 90 93 73 95 111 -87 -77 -39 -21 84 -47 -9 101 101 
-26 -19 109 29 -71 -45 108 81 177 -60 -24 3 -39 -63 -1 -35 57 -11 86 -13 24 141 162 -13 -14 -76 -63 -93 -35 -139 45 -58 
 -7 -37 121 -176 113 -62 174 -52 -45 -58 72 -51 114 -94 -10 48 -131 147 90 96 76 90 110 -79 -78 -39 -21 84 -43 -14 99 103 
-28 -19 106 32 -80 -47 108 81 180 -60 -25 4 -43 -63 3 -31 58 -13 86 -4 24 139 154 -13 -13 -78 -63 -88 -35 -139 45 -52 
 -8 -37 122 -178 113 -63 174 -52 -48 -58 71 -59 115 -94 -6 47 -129 144 90 89 78 93 114 -79 -80 -41 -21 83 -43 -14 99 105 
-29 -15 102 33 -81 -47 103 77 174 -62 -27 4 -43 -63 1 -44 58 -13 86 -8 23 137 161 -7 -13 -81 -61 -88 -34 -139 45 -56 
 -3 -32 131 -178 120 -63 166 -51 -47 -59 70 -59 115 -97 -4 44 -129 144 86 73 82 99 114 -82 -81 -50 -28 83 -47 -9 99 110 
-33 -15 101 29 -81 -52 107 77 170 -67 -32 -7 -47 -63 0 -49 58 -14 87 -6 24 137 159 0 -9 -83 -61 -88 -34 -135 45 -54 
 0 -35 128 -170 127 -57 164 -51 -37 -54 54 -59 117 -97 -8 50 -129 142 81 73 81 99 121 -78 -76 -56 -30 83 -47 -12 99 110 
-33 -4 101 37 -79 -50 104 77 165 -60 -31 -10 -49 -67 -1 -49 58 -14 87 -6 17 137 153 3 -9 -87 -60 -88 -28 -139 45 -54 
 0 -31 128 -177 126 -66 161 -51 -43 -58 47 -57 118 -94 -10 53 -129 142 81 73 86 99 122 -76 -76 -63 -25 83 -38 -17 99 110 
-35 1 95 39 -79 -50 104 77 165 -60 -32 -13 -52 -63 -2 -43 64 -14 87 -3 17 138 153 7 -9 -87 -54 -89 -28 -131 45 -55 
 -6 -24 139 -181 126 -60 161 -51 -43 -58 46 -56 114 -97 -11 47 -137 142 80 75 85 91 122 -75 -76 -63 -27 72 -44 -14 99 108 
-34 1 94 34 -79 -47 99 77 170 -60 -28 -11 -52 -65 -1 -40 72 -20 87 -3 21 136 154 -4 -9 -91 -54 -83 -37 -127 45 -56 
 6 -25 153 -188 126 -57 160 -51 -38 -58 50 -53 114 -97 -10 51 -128 143 80 83 88 92 118 -67 -76 -69 -27 75 -50 -18 99 101 
-23 1 104 26 -79 -43 97 78 165 -60 -28 -10 -44 -67 -2 -42 75 -17 96 -3 18 136 161 -12 -9 -85 -54 -83 -39 -127 45 -56 
 4 -24 150 -180 126 -51 159 -50 -32 -58 43 -54 111 -101 -16 51 -123 140 81 83 89 92 118 -66 -76 -68 -22 75 -57 -18 99 101 
-23 3 113 22 -77 -45 89 77 167 -63 -40 -12 -43 -73 0 -42 79 -19 97 6 20 137 158 -3 -9 -92 -48 -79 -39 -127 45 -56 
 3 -23 157 -177 128 -44 154 -51 -36 -59 48 -54 106 -111 -18 51 -119 143 79 90 85 91 127 -65 -76 -66 -17 79 -59 -18 97 101 
-22 6 113 26 -79 -44 87 74 167 -60 -35 -8 -46 -66 0 -42 75 -21 94 6 19 137 143 -3 -6 -92 -48 -80 -35 -127 45 -59 
 -3 -27 157 -178 126 -48 157 -51 -37 -40 48 -50 108 -109 -18 51 -120 146 73 90 90 98 114 -65 -75 -62 -17 79 -61 -18 97 96 
-21 6 109 26 -79 -44 93 81 172 -68 -33 -1 -51 -52 -3 -42 82 -30 91 8 17 131 145 -3 -3 -90 -47 -75 -35 -127 40 -59 
 1 -27 158 -178 126 -48 141 -52 -28 -37 44 -46 107 -100 -14 51 -129 151 73 88 89 104 117 -65 -81 -62 -23 83 -61 -18 102 96 
-21 6 107 26 -76 -44 105 83 172 -69 -33 -1 -51 -53 -3 -42 81 -23 97 12 17 131 135 -11 -3 -95 -43 -75 -36 -127 39 -58 
 1 -30 160 -178 124 -48 139 -52 -28 -37 44 -50 107 -99 -17 51 -137 146 71 82 89 104 118 -64 -85 -63 -21 88 -59 -16 98 95 
-11 6 107 26 -77 -44 103 79 172 -69 -33 -1 -51 -53 -5 -42 81 -23 101 13 17 131 137 -7 -3 -95 -45 -78 -31 -120 28 -59 
 5 -30 160 -178 120 -48 142 -55 -28 -35 44 -47 107 -99 -16 51 -137 146 67 82 89 104 119 -63 -83 -63 -13 89 -62 -18 98 88 
-11 1 101 26 -76 -48 108 79 176 -74 -33 -2 -51 -53 -8 -40 81 -21 101 13 14 131 133 -10 -4 -93 -50 -83 -35 -120 28 -59 
 8 -36 155 -178 121 -48 151 -50 -30 -30 44 -49 107 -100 -17 51 -137 148 66 77 93 104 116 -57 -88 -59 -16 86 -61 -18 104 88 
-11 6 91 26 -76 -48 108 79 162 -75 -33 -3 -48 -55 -8 -42 78 -23 106 13 14 131 128 -3 -8 -93 -49 -83 -35 -120 18 -59 
 7 -47 151 -178 121 -48 153 -50 -17 -32 46 -37 108 -103 -17 51 -137 149 70 77 93 104 114 -61 -89 -60 -24 86 -61 -18 106 88 
-14 9 88 25 -76 -43 114 79 164 -74 -33 5 -48 -51 -13 -42 72 -24 107 10 7 132 122 -3 -11 -94 -52 -83 -35 -120 12 -59 
 1 -47 145 -183 121 -51 153 -50 -11 -30 44 -37 113 -105 -19 51 -132 152 69 73 100 107 120 -65 -93 -60 -26 86 -61 -18 103 88 
-5 11 92 25 -74 -48 109 79 165 -74 -33 6 -47 -48 -13 -42 74 -23 117 -1 3 127 119 -3 -11 -94 -52 -80 -39 -120 9 -67 
 3 -53 150 -183 125 -44 151 -50 -12 -30 44 -38 110 -105 -19 51 -127 149 63 78 108 100 121 -65 -93 -67 -27 88 -64 -18 100 82 
-5 17 94 25 -70 -47 112 79 167 -74 -39 6 -39 -50 -14 -46 71 -24 117 -8 1 127 119 -3 -11 -94 -54 -83 -36 -120 18 -67 
 -1 -51 153 -183 133 -44 143 -50 -16 -30 43 -38 116 -103 -19 51 -127 152 59 82 108 101 121 -65 -93 -67 -26 86 -59 -18 107 82 
6 14 101 30 -72 -61 112 81 168 -74 -39 5 -39 -51 -10 -43 76 -13 117 -14 2 127 120 -7 -11 -94 -62 -83 -36 -115 12 -67 
 -1 -49 146 -185 134 -41 143 -52 -19 -30 43 -38 116 -103 -21 49 -128 151 59 80 116 100 122 -65 -93 -67 -25 86 -59 -21 107 82 
0 18 98 27 -60 -60 112 81 162 -67 -39 5 -39 -49 -12 -41 83 -14 117 -3 1 127 127 -6 -16 -94 -72 -83 -36 -121 11 -76 
 -16 -49 145 -179 145 -38 143 -54 -19 -33 43 -41 116 -96 -26 50 -125 150 59 83 108 99 120 -67 -100 -67 -23 86 -59 -19 110 84 
-1 16 91 26 -59 -60 106 81 167 -68 -39 0 -43 -49 -15 -48 77 -19 125 -4 -3 133 127 -7 -15 -96 -72 -88 -36 -121 9 -69 
 -10 -49 144 -178 146 -38 150 -58 -16 -32 43 -39 119 -102 -21 54 -125 148 69 85 109 97 121 -72 -103 -63 -26 83 -59 -19 107 88 
-2 19 86 27 -46 -60 106 77 165 -64 -39 -10 -43 -39 -15 -43 77 -11 124 -3 -6 133 127 -3 -16 -105 -73 -88 -36 -121 11 -69 
 -9 -50 142 -180 155 -38 153 -57 -17 -28 43 -43 119 -103 -21 53 -125 152 71 89 113 97 121 -74 -104 -63 -26 83 -59 -19 114 85 
-2 19 86 27 -44 -58 106 77 165 -64 -31 -7 -43 -40 -12 -48 75 -9 126 -4 -6 139 131 -1 -15 -107 -67 -90 -35 -123 12 -72 
 -9 -50 142 -179 158 -36 153 -51 -12 -28 47 -38 119 -98 -25 60 -122 152 70 91 113 101 124 -74 -103 -63 -26 88 -61 -17 123 94 
0 28 87 27 -43 -59 112 81 165 -67 -26 -8 -43 -41 -15 -47 71 -6 123 -4 -6 141 131 -2 -15 -112 -68 -94 -31 -123 13 -72 
 -10 -45 141 -182 155 -37 158 -52 -12 -27 51 -37 119 -105 -21 57 -124 142 78 92 113 106 124 -78 -103 -62 -28 90 -56 -17 122 94 
-1 28 90 45 -43 -54 111 79 166 -61 -29 -8 -43 -41 -13 -47 75 -15 127 -3 -6 141 129 1 -15 -114 -68 -100 -22 -123 13 -77 
 -10 -46 142 -192 155 -37 147 -53 -10 -22 44 -37 119 -99 -16 57 -124 147 80 86 113 108 126 -81 -103 -58 -28 84 -60 -17 122 90 
-2 28 92 51 -43 -56 119 70 165 -65 -23 -10 -41 -46 -13 -47 86 -14 127 1 -6 141 128 6 -15 -114 -68 -99 -13 -123 13 -79 
 -9 -46 143 -196 155 -39 141 -59 -12 -27 39 -55 120 -103 -16 57 -130 153 81 83 113 108 130 -82 -103 -58 -28 85 -60 -14 122 96 
-2 35 82 51 -43 -51 119 77 163 -64 -23 -8 -39 -39 -13 -47 86 -21 127 1 -6 141 121 5 -16 -114 -72 -100 -16 -125 12 -82 
 -9 -41 149 -199 149 -39 141 -65 -16 -28 39 -57 118 -104 -16 57 -130 150 80 86 113 108 132 -83 -106 -58 -22 82 -59 -14 122 98 
-1 36 93 44 -43 -53 119 77 161 -64 -29 -5 -39 -34 -13 -49 88 -28 125 -3 -6 141 118 8 -23 -114 -74 -100 -20 -122 7 -75 
 -6 -37 151 -199 149 -37 141 -65 -17 -28 33 -50 116 -110 -16 57 -126 148 77 86 113 108 137 -81 -101 -58 -27 82 -65 -14 120 99 
-11 31 94 44 -44 -49 125 82 157 -61 -35 -13 -39 -34 -17 -54 88 -23 119 1 -9 144 112 12 -24 -114 -73 -100 -27 -123 7 -75 
 -13 -36 153 -199 151 -24 137 -65 -17 -30 28 -50 116 -110 -17 53 -126 149 81 86 109 109 132 -77 -94 -58 -21 82 -63 -6 121 99 
-16 33 94 42 -55 -53 125 77 157 -64 -31 -19 -39 -35 -24 -53 88 -22 119 -1 -13 134 122 6 -24 -119 -74 -100 -27 -124 7 -74 
 -15 -38 153 -206 148 -16 137 -61 -17 -30 31 -47 116 -109 -20 46 -126 151 81 90 114 117 140 -78 -88 -57 -27 82 -63 -6 121 94 
-19 32 94 39 -55 -53 125 77 158 -63 -39 -23 -39 -28 -21 -51 96 -22 122 11 -14 134 125 7 -23 -119 -76 -103 -27 -118 6 -79 
 -14 -48 153 -210 148 -16 137 -61 -22 -25 34 -39 115 -110 -19 47 -126 151 76 84 109 111 139 -80 -89 -57 -28 83 -63 -9 122 88 
-19 26 94 39 -56 -52 125 78 159 -62 -38 -23 -37 -32 -20 -51 92 -23 118 9 -5 141 125 7 -24 -119 -71 -103 -27 -123 6 -79 
 -14 -48 153 -210 150 -14 137 -59 -28 -23 31 -41 104 -106 -18 47 -140 149 71 84 107 116 139 -79 -88 -57 -22 83 -63 -12 122 88 
-14 28 85 42 -59 -63 127 79 155 -54 -46 -22 -36 -32 -20 -55 96 -23 117 10 -3 137 125 13 -24 -119 -76 -104 -23 -119 7 -81 
 -15 -48 157 -210 146 -17 140 -59 -20 -24 34 -49 101 -106 -18 48 -135 149 72 101 119 116 139 -78 -88 -57 -27 81 -65 -15 121 91 
-11 32 85 40 -59 -68 127 81 158 -52 -50 -15 -33 -43 -16 -55 91 -23 117 14 -4 121 125 13 -24 -113 -79 -103 -29 -114 9 -87 
 -12 -45 157 -218 146 -17 140 -57 -12 -26 33 -45 101 -114 -14 48 -136 148 75 98 124 120 139 -78 -88 -56 -32 83 -70 -18 134 97 
-11 33 85 40 -59 -73 139 81 159 -51 -61 -8 -33 -41 -14 -55 91 -29 117 16 -3 124 125 13 -24 -108 -82 -103 -26 -113 8 -88 
 -13 -43 157 -218 146 -16 143 -57 -10 -30 37 -44 100 -115 -10 48 -136 147 80 94 119 121 139 -78 -92 -57 -29 75 -67 -19 134 104 
-8 33 80 41 -55 -75 139 80 156 -48 -68 -3 -33 -43 -14 -55 91 -21 121 17 -8 124 125 14 -34 -107 -78 -103 -26 -114 8 -83 
 -8 -43 153 -217 147 -14 143 -58 -8 -32 33 -41 101 -114 -10 48 -136 147 76 89 118 121 139 -79 -77 -58 -22 75 -67 -18 134 103 
-4 35 75 33 -57 -80 137 80 150 -58 -66 1 -42 -43 -14 -55 91 -15 122 21 -8 124 125 17 -31 -107 -75 -103 -22 -113 8 -81 
 -8 -44 152 -231 141 -17 139 -58 -10 -36 33 -49 94 -114 -7 48 -136 141 76 86 123 121 137 -71 -73 -58 -21 75 -69 -20 134 101 
-3 38 75 32 -49 -79 137 80 141 -59 -63 -3 -34 -35 -14 -59 93 -11 127 14 -9 119 121 17 -33 -105 -73 -102 -17 -107 7 -81 
 -5 -40 159 -228 138 -14 139 -58 -12 -37 43 -44 90 -112 -6 52 -129 143 75 93 124 119 136 -74 -72 -58 -19 71 -60 -23 134 101 
-3 35 72 37 -49 -79 137 80 141 -59 -63 -1 -34 -33 -19 -61 95 -11 125 21 -12 122 108 13 -28 -108 -73 -102 -17 -107 6 -81 
 -5 -34 163 -231 144 -13 139 -58 -12 -37 42 -51 90 -115 -4 52 -127 147 77 93 129 118 134 -74 -68 -62 -20 77 -57 -23 133 101 
-3 40 73 37 -48 -79 127 80 142 -63 -65 11 -33 -29 -14 -61 96 -11 125 19 -15 126 108 8 -28 -107 -75 -95 -16 -107 0 -83 
 -5 -24 166 -231 143 -14 140 -58 -15 -34 28 -53 84 -116 -7 51 -128 147 77 90 128 122 134 -73 -68 -58 -19 79 -59 -23 137 103 
-6 46 74 39 -48 -75 127 79 141 -63 -67 14 -33 -29 -12 -62 96 -11 126 17 -16 120 106 19 -27 -115 -73 -95 -19 -107 -15 -83 
 -7 -22 166 -231 143 -12 140 -45 -17 -25 22 -42 84 -116 -6 51 -128 147 77 89 131 114 130 -79 -68 -57 -19 77 -72 -23 139 103 
-4 42 77 33 -49 -79 127 76 141 -60 -59 16 -36 -29 -7 -62 100 -11 133 17 -19 127 106 19 -28 -115 -76 -95 -18 -107 -5 -82 
 -8 -24 169 -232 145 -14 141 -56 -17 -27 16 -41 84 -116 6 51 -125 147 90 86 130 120 130 -79 -68 -61 -19 77 -71 -23 137 102 
-1 47 77 31 -54 -79 125 73 140 -66 -63 25 -34 -29 -3 -62 97 -15 129 17 -23 127 101 19 -28 -115 -76 -98 -21 -109 -12 -86 
 -10 -20 169 -236 132 -17 150 -58 -18 -27 15 -43 82 -117 3 51 -121 152 83 86 134 121 129 -79 -68 -61 -19 77 -65 -27 134 109 
-1 47 77 31 -54 -79 125 84 140 -58 -63 25 -34 -27 -7 -63 97 -19 121 17 -38 129 100 17 -26 -115 -76 -92 -11 -108 -11 -82 
 -10 -20 169 -231 130 -17 154 -61 -18 -25 13 -43 82 -123 2 54 -121 156 81 86 141 122 123 -85 -67 -61 -19 74 -73 -28 131 111 
0 47 77 30 -54 -79 134 85 140 -57 -53 25 -34 -21 -7 -63 96 -19 117 17 -38 127 101 17 -21 -114 -74 -92 -3 -109 -8 -82 
 -8 -19 169 -228 130 -17 153 -61 -18 -27 20 -47 82 -119 2 59 -128 154 81 86 142 124 126 -85 -70 -59 -27 72 -77 -26 123 111 
12 47 77 34 -54 -79 124 85 144 -59 -61 25 -35 -21 -7 -65 97 -16 121 17 -39 127 96 16 -21 -114 -70 -91 -3 -116 -9 -80 
 -17 -20 169 -227 130 -14 153 -61 -25 -32 24 -43 88 -119 2 66 -125 161 76 86 143 124 129 -85 -70 -58 -26 67 -77 -23 124 114 
12 47 77 34 -55 -79 132 85 138 -59 -60 21 -35 -21 -9 -55 99 -16 121 17 -37 127 100 5 -24 -118 -72 -82 1 -115 -14 -83 
 -17 -16 169 -227 125 -14 154 -61 -29 -32 22 -37 88 -119 3 73 -131 161 76 86 142 120 123 -85 -68 -56 -26 70 -75 -23 122 115 
11 49 81 33 -53 -78 132 81 145 -61 -60 12 -30 -21 -14 -59 98 -16 116 17 -37 127 97 19 -24 -114 -69 -74 -8 -116 -14 -83 
 -19 -13 168 -228 121 -14 152 -64 -23 -30 22 -37 93 -119 10 63 -129 161 70 86 141 120 123 -83 -68 -47 -22 71 -76 -30 122 115 
8 49 81 34 -53 -83 136 73 145 -62 -60 13 -21 -22 -18 -59 99 -16 117 22 -34 127 97 20 -24 -114 -68 -74 -13 -108 -14 -87 
 -26 -13 168 -227 120 -10 156 -62 -23 -29 20 -38 90 -117 13 63 -124 161 69 92 138 121 123 -86 -68 -50 -25 73 -76 -28 122 117 
8 52 81 34 -48 -82 137 64 145 -62 -63 13 -14 -17 -20 -53 97 -15 117 19 -42 127 99 17 -24 -126 -72 -70 -13 -107 -14 -87 
 -26 -12 166 -227 112 -6 159 -59 -23 -29 3 -38 99 -120 2 64 -125 159 69 90 137 120 121 -94 -68 -48 -23 79 -79 -25 122 117 
7 46 86 38 -48 -78 137 64 145 -59 -55 8 -14 -21 -7 -57 90 -15 121 17 -47 135 102 21 -33 -128 -64 -66 -8 -100 -13 -86 
 -24 -25 162 -229 112 2 159 -59 -23 -27 8 -46 93 -119 4 61 -123 159 66 95 136 122 117 -92 -71 -43 -25 73 -78 -18 121 117 
6 41 88 38 -47 -86 137 61 137 -47 -54 12 -12 -32 1 -57 96 -15 123 17 -44 139 103 17 -34 -133 -60 -66 -9 -100 -13 -91 
 -27 -32 160 -229 117 -4 159 -64 -29 -18 -3 -48 94 -121 3 64 -120 159 67 95 132 121 112 -91 -70 -40 -19 73 -76 -18 121 112 
9 41 81 28 -47 -83 132 58 136 -53 -46 17 -16 -35 2 -58 91 -16 121 10 -47 139 88 18 -35 -133 -55 -62 -8 -94 -8 -94 
 -33 -32 143 -230 117 -5 166 -66 -28 -16 -7 -41 93 -121 1 62 -119 161 66 89 126 121 114 -89 -78 -40 -12 67 -77 -18 113 113 
11 47 81 26 -47 -83 131 62 137 -57 -46 16 -17 -35 7 -60 92 -12 118 7 -43 139 88 17 -35 -127 -55 -62 1 -94 -8 -94 
 -35 -19 143 -230 117 -1 164 -72 -24 -18 -4 -39 88 -121 0 62 -117 165 69 84 123 121 111 -91 -83 -39 -12 67 -74 -18 112 113 
10 47 81 25 -47 -83 141 64 134 -54 -60 26 -19 -35 4 -60 101 -7 117 7 -43 141 79 17 -35 -127 -55 -63 -1 -88 -12 -94 
 -39 -20 143 -231 117 -1 170 -72 -27 -18 -1 -30 88 -126 1 62 -114 169 75 83 123 116 110 -91 -83 -36 -12 66 -79 -17 114 113 
22 45 83 27 -47 -83 138 71 139 -52 -59 29 -19 -36 7 -58 101 -9 117 7 -43 141 78 17 -35 -128 -55 -63 0 -88 -12 -94 
 -50 -21 143 -236 117 -1 177 -74 -30 -21 3 -33 88 -137 -2 62 -114 164 75 81 118 116 108 -91 -83 -28 -12 63 -79 -17 114 113 
14 45 86 16 -53 -83 137 65 138 -54 -61 29 -24 -32 6 -56 101 -9 121 7 -40 141 77 17 -34 -128 -55 -63 -7 -93 -9 -87 
 -47 -21 140 -228 116 -1 175 -83 -29 -18 -4 -27 84 -146 10 67 -114 164 83 80 114 116 106 -91 -87 -28 -12 63 -78 -19 115 104 
19 45 88 16 -47 -87 137 61 138 -54 -59 25 -21 -33 8 -60 103 -9 116 4 -39 141 81 17 -34 -128 -53 -63 -10 -91 -3 -88 
 -50 -21 134 -228 117 2 175 -87 -29 -18 -2 -32 83 -146 10 69 -117 164 75 74 115 116 109 -91 -87 -28 -14 63 -88 -24 119 103 
21 45 88 14 -47 -83 137 49 138 -54 -61 26 -20 -39 7 -63 107 -16 114 6 -37 151 69 21 -35 -129 -56 -61 -3 -95 1 -89 
 -52 -21 134 -227 117 9 175 -83 -29 -18 1 -30 82 -159 4 66 -119 164 66 73 121 117 107 -94 -82 -29 -19 70 -81 -32 116 104 
22 47 84 16 -49 -78 137 52 138 -55 -67 26 -20 -39 7 -69 108 -11 119 6 -33 153 74 24 -35 -139 -53 -57 -10 -95 2 -92 
 -49 -20 131 -228 115 15 175 -88 -29 -21 2 -30 82 -157 4 64 -117 167 64 74 121 125 106 -99 -83 -32 -23 67 -70 -32 114 111 
21 53 79 14 -44 -74 135 50 138 -55 -63 26 -20 -43 5 -69 103 -11 119 5 -33 148 77 26 -35 -139 -57 -59 -12 -93 0 -96 
 -44 -18 121 -227 113 13 184 -89 -29 -23 3 -30 82 -161 4 64 -116 167 70 73 120 113 106 -98 -72 -32 -21 66 -72 -33 117 114 
18 60 79 11 -44 -69 132 52 132 -53 -69 29 -27 -43 4 -69 93 -11 119 -5 -28 146 81 26 -34 -131 -64 -59 -15 -99 -5 -95 
 -49 -17 121 -224 112 22 193 -88 -29 -19 0 -25 88 -161 1 64 -115 167 70 72 123 113 110 -98 -70 -31 -19 63 -72 -32 121 117 
19 51 78 6 -46 -68 126 51 137 -53 -71 28 -33 -48 13 -69 91 -11 110 -4 -27 145 79 25 -34 -136 -63 -65 -4 -100 -3 -95 
 -50 -10 120 -227 113 13 195 -88 -31 -20 -18 -26 81 -149 -2 64 -109 167 70 72 122 108 101 -101 -70 -24 -17 63 -77 -30 126 116 
19 51 77 -10 -46 -59 124 45 137 -53 -74 28 -33 -52 13 -70 89 -11 107 -4 -27 148 79 21 -34 -135 -63 -70 -2 -99 -3 -95 
 -50 -13 115 -221 113 5 201 -87 -31 -20 -18 -26 81 -151 -3 62 -113 160 64 72 122 107 101 -97 -70 -23 -17 63 -69 -32 126 119 
19 52 72 -1 -54 -59 124 50 137 -53 -74 28 -33 -47 9 -75 90 -15 111 -4 -27 146 80 22 -40 -135 -63 -68 -3 -100 -2 -92 
 -50 -13 112 -219 113 6 201 -86 -31 -20 -18 -26 81 -143 -2 68 -114 159 64 72 122 110 102 -95 -59 -23 -17 63 -65 -32 117 125 
17 59 72 5 -54 -59 124 52 137 -53 -74 28 -33 -47 1 -75 101 -4 111 -7 -23 146 80 25 -40 -142 -63 -68 -2 -94 1 -92 
 -54 -15 112 -223 113 6 201 -87 -31 -20 -18 -26 81 -143 5 68 -112 152 64 66 119 110 102 -85 -57 -29 -17 63 -61 -37 123 123 
17 53 72 -2 -63 -59 126 48 136 -61 -73 28 -32 -48 -3 -75 101 -6 111 -2 -23 146 80 25 -41 -142 -61 -73 -7 -88 1 -87 
 -57 -18 112 -221 115 6 202 -85 -28 -25 -16 -26 81 -142 6 68 -112 154 64 74 119 111 102 -81 -54 -29 -19 61 -56 -37 123 136 
17 53 68 5 -63 -52 126 45 137 -53 -73 26 -34 -47 -1 -79 109 3 111 -2 -23 148 85 24 -43 -142 -60 -73 -7 -88 4 -81 
 -57 -17 106 -222 115 9 202 -83 -30 -20 -16 -27 90 -143 8 68 -113 166 64 75 119 114 99 -80 -51 -29 -18 61 -58 -37 121 131 
21 52 87 2 -64 -63 126 45 141 -53 -76 35 -35 -47 4 -74 117 11 106 -2 -29 148 85 27 -46 -142 -56 -73 -3 -92 1 -86 
 -52 -17 109 -225 112 6 196 -83 -34 -20 -21 -25 88 -143 4 70 -117 164 67 68 116 114 99 -89 -48 -29 -20 64 -61 -40 123 133 
15 57 89 3 -67 -61 134 48 141 -53 -81 43 -36 -41 5 -75 117 5 116 1 -31 149 85 26 -44 -142 -56 -74 2 -90 1 -87 
 -53 -21 107 -232 117 2 203 -92 -34 -16 -17 -29 92 -145 8 69 -111 157 72 68 124 115 99 -87 -56 -29 -19 70 -51 -44 123 133 
8 61 92 -1 -75 -63 132 45 141 -53 -87 42 -32 -39 7 -71 117 5 112 1 -31 149 85 26 -45 -142 -56 -74 4 -93 4 -87 
 -48 -22 110 -224 114 3 202 -92 -33 -16 -12 -27 94 -143 9 76 -111 157 75 68 119 107 99 -87 -53 -29 -19 70 -53 -39 125 134 
8 67 93 -4 -65 -63 132 45 138 -53 -89 39 -36 -37 6 -63 117 5 105 1 -25 141 81 26 -39 -142 -61 -71 2 -93 4 -89 
 -58 -20 112 -222 117 -1 203 -92 -21 -16 -11 -30 93 -144 10 83 -114 157 69 68 124 105 96 -86 -54 -29 -19 71 -54 -39 121 124 
11 66 88 -3 -64 -59 132 40 138 -53 -94 39 -43 -33 6 -60 121 2 107 1 -31 137 81 30 -32 -127 -61 -68 1 -95 1 -83 
 -56 -19 104 -232 112 -3 203 -87 -29 -12 -18 -30 89 -143 10 82 -117 160 64 68 127 103 96 -80 -49 -28 -19 72 -58 -41 126 126 
7 67 77 -6 -64 -65 136 34 140 -57 -96 36 -43 -32 13 -55 121 1 106 3 -31 137 77 30 -29 -127 -62 -68 -1 -95 1 -86 
 -56 -19 106 -235 112 -4 203 -87 -28 -14 -14 -26 89 -144 17 77 -117 156 62 65 127 103 99 -75 -56 -36 -20 72 -59 -41 126 124 
7 67 79 -11 -63 -74 125 34 140 -56 -93 41 -39 -28 13 -51 121 -3 106 -4 -34 139 80 29 -29 -120 -66 -68 -1 -92 1 -87 
 -56 -19 105 -239 109 -1 208 -87 -21 -19 -13 -24 88 -144 17 80 -117 155 62 53 130 99 97 -73 -49 -38 -16 72 -59 -40 126 126 
7 64 76 -8 -63 -75 128 34 139 -64 -95 41 -38 -34 13 -48 121 -3 108 8 -34 131 72 23 -23 -120 -63 -66 -1 -83 1 -87 
 -56 -19 92 -237 106 -1 219 -87 -30 -23 -12 -24 90 -139 17 76 -117 155 60 54 130 94 97 -77 -57 -38 -11 71 -59 -41 126 122 
6 65 75 -7 -59 -78 132 34 139 -74 -95 37 -30 -33 13 -51 121 -3 104 6 -35 139 74 27 -23 -120 -63 -68 1 -79 1 -90 
 -51 -23 90 -230 108 2 220 -87 -30 -27 -12 -26 89 -139 17 73 -117 155 61 50 133 85 103 -80 -54 -38 -11 72 -64 -41 126 124 
7 65 73 -14 -59 -78 133 34 138 -79 -95 41 -31 -26 13 -63 121 -14 101 8 -34 130 65 27 -23 -120 -63 -68 -2 -66 3 -91 
 -43 -23 96 -230 108 2 223 -87 -29 -17 -12 -31 87 -135 17 63 -114 149 56 54 133 80 94 -80 -54 -38 -11 72 -64 -40 122 125 
18 73 73 -14 -61 -76 125 34 137 -82 -99 46 -41 -29 13 -67 121 -4 105 8 -42 130 69 26 -23 -123 -58 -68 1 -63 6 -88 
 -44 -20 97 -230 110 1 228 -87 -31 -18 -12 -27 82 -136 14 59 -114 150 59 54 131 87 93 -78 -54 -39 -21 72 -77 -41 124 134 
0 83 73 -14 -60 -76 125 37 137 -82 -99 43 -40 -29 14 -61 121 -3 105 18 -41 129 63 17 -23 -115 -61 -68 0 -62 7 -95 
 -50 -22 97 -230 109 -3 228 -85 -31 -9 -12 -26 82 -136 13 64 -114 152 59 47 134 77 96 -77 -54 -36 -19 72 -88 -40 124 137 
-1 84 73 -19 -59 -75 125 43 141 -83 -91 46 -39 -29 14 -59 121 -1 109 17 -35 137 59 13 -23 -123 -64 -78 6 -63 13 -96 
 -50 -19 97 -224 108 -12 226 -88 -22 -8 -7 -27 83 -136 13 64 -114 147 67 44 139 89 95 -75 -54 -25 -28 67 -90 -41 122 133 
-1 84 73 -18 -56 -75 121 38 146 -88 -93 45 -40 -28 17 -53 121 4 117 16 -35 137 59 15 -21 -114 -64 -79 14 -71 13 -100 
 -50 -19 97 -222 109 -12 228 -89 -18 -8 0 -23 84 -137 3 64 -114 142 65 47 139 89 101 -66 -56 -30 -28 76 -87 -49 122 142 
-2 83 74 -18 -63 -75 121 38 145 -83 -94 45 -30 -28 17 -49 121 6 116 9 -28 137 57 18 -19 -114 -48 -75 16 -61 13 -103 
 -48 -5 93 -211 111 -12 228 -89 -15 -14 2 -23 83 -137 3 64 -114 153 69 49 132 89 100 -62 -57 -30 -27 79 -88 -59 122 139 
-1 88 80 -7 -65 -80 121 38 145 -83 -93 44 -33 -28 17 -49 121 6 122 13 -30 139 57 17 -19 -111 -44 -75 16 -61 12 -106 
 -50 -3 98 -210 111 -18 228 -89 -21 -14 0 -19 84 -137 3 64 -114 153 72 59 131 83 87 -61 -58 -33 -28 83 -86 -59 116 153 
-1 80 79 -10 -63 -81 121 38 146 -83 -93 52 -34 -28 17 -49 121 6 121 7 -20 133 67 17 -19 -111 -44 -83 28 -53 1 -108 
 -50 2 102 -195 115 -19 228 -102 -21 -14 1 -15 82 -137 3 64 -114 153 67 60 130 77 98 -61 -57 -33 -28 89 -86 -56 116 156 
-1 80 79 -7 -61 -83 121 47 145 -83 -80 53 -34 -29 17 -44 121 5 127 4 -26 137 74 19 -19 -114 -43 -83 23 -54 -1 -112 
 -45 2 101 -189 110 -25 228 -102 -21 -7 9 -18 82 -136 3 64 -114 149 64 61 127 79 94 -67 -57 -24 -31 86 -83 -47 111 154 
-4 81 71 -2 -61 -83 121 33 145 -84 -88 50 -35 -29 9 -46 120 4 130 4 -31 137 73 20 -15 -114 -43 -83 19 -52 1 -114 
 -48 3 108 -197 109 -25 228 -101 -21 -6 12 -25 88 -136 7 73 -108 157 60 61 125 79 97 -66 -63 -27 -31 86 -79 -46 116 142 
13 80 61 8 -66 -79 121 33 145 -85 -88 56 -35 -29 7 -42 121 -3 127 4 -33 133 77 26 -15 -114 -41 -84 13 -52 1 -114 
 -48 2 103 -197 113 -24 228 -101 -21 -3 12 -26 88 -136 1 71 -114 149 60 61 124 81 93 -70 -63 -27 -30 89 -84 -46 118 142 
17 80 61 9 -66 -79 120 36 147 -95 -88 58 -43 -23 9 -39 121 -2 127 5 -36 133 81 29 -19 -114 -43 -91 7 -48 5 -116 
 -51 2 104 -193 113 -24 232 -108 -16 -3 12 -27 86 -137 -4 68 -114 151 61 59 121 82 90 -68 -71 -27 -30 86 -88 -39 108 137 
15 80 57 9 -66 -79 117 36 147 -101 -88 55 -43 -23 1 -43 113 -2 127 12 -36 132 83 26 -24 -115 -46 -89 6 -49 5 -121 
 -59 2 94 -193 113 -22 235 -108 -16 -9 12 -24 86 -137 -4 69 -118 151 60 48 121 83 78 -70 -73 -19 -26 84 -98 -40 108 141 
12 80 59 9 -63 -91 114 37 146 -103 -94 44 -43 -18 1 -46 113 -2 127 14 -33 132 88 34 -21 -113 -47 -89 6 -55 3 -121 
 -60 2 88 -193 109 -26 237 -94 -10 -5 13 -28 82 -136 -4 69 -118 151 60 53 121 83 74 -74 -65 -16 -23 84 -98 -43 112 141 
2 81 57 5 -63 -95 107 47 149 -103 -100 36 -44 -14 1 -48 115 -1 127 15 -33 138 88 37 -15 -108 -41 -88 4 -53 1 -121 
 -69 6 83 -192 109 -25 239 -95 -13 -5 9 -28 79 -125 -4 72 -119 150 60 54 121 76 74 -81 -63 -17 -25 88 -99 -44 111 141 
-4 81 58 6 -64 -103 102 51 149 -107 -95 37 -48 -19 8 -53 119 -1 125 14 -33 141 90 37 -15 -107 -38 -93 0 -44 5 -116 
 -75 6 84 -190 100 -25 246 -96 -13 -3 8 -34 83 -124 -6 76 -119 150 59 53 120 83 74 -81 -63 -18 -26 91 -99 -48 113 141 
-4 81 59 6 -61 -103 107 51 150 -108 -91 41 -48 -19 6 -47 117 -3 125 14 -33 141 82 37 -14 -107 -36 -99 -1 -44 6 -118 
 -71 6 81 -190 99 -25 244 -97 -1 -8 7 -29 76 -124 2 77 -114 149 59 56 121 83 89 -81 -69 -18 -19 108 -93 -48 113 150 
-1 86 57 8 -55 -103 105 52 146 -108 -93 46 -46 -19 6 -47 118 1 125 17 -35 137 81 36 -12 -107 -38 -99 -3 -46 9 -122 
 -70 13 78 -186 106 -25 248 -97 -2 -8 1 -30 72 -124 2 77 -112 146 57 54 119 79 83 -85 -71 -18 -22 108 -91 -47 113 151 
-1 86 65 8 -56 -103 97 52 145 -103 -87 46 -49 -19 5 -52 119 5 122 17 -35 137 80 38 -15 -112 -36 -100 -3 -42 9 -126 
 -73 13 86 -186 101 -25 252 -97 -3 -17 2 -30 64 -124 8 86 -119 136 47 51 119 79 82 -84 -71 -17 -31 105 -91 -49 107 153 
3 86 63 8 -59 -103 96 52 142 -100 -87 45 -50 -19 6 -52 121 7 121 13 -36 141 81 45 -9 -104 -37 -101 -3 -42 9 -120 
 -70 13 85 -186 108 -25 252 -97 -4 -4 2 -41 63 -124 2 87 -119 141 46 53 121 73 83 -103 -76 -6 -34 110 -94 -49 107 154 
6 88 65 13 -59 -103 101 52 139 -103 -89 45 -51 -16 7 -53 124 8 126 12 -43 132 80 45 -19 -104 -39 -101 -3 -43 6 -115 
 -67 8 94 -183 108 -25 256 -97 1 -1 5 -41 67 -120 8 84 -119 134 42 52 123 74 83 -103 -74 -8 -37 110 -94 -47 110 156 
8 97 57 13 -57 -103 105 52 140 -103 -83 39 -49 -13 4 -53 121 6 126 12 -41 118 71 45 -13 -104 -33 -101 -3 -46 16 -115 
 -66 11 89 -185 114 -25 268 -97 2 -1 3 -42 74 -120 1 84 -124 130 42 52 121 71 84 -101 -71 -8 -39 110 -94 -47 107 161 
13 91 57 8 -54 -103 106 53 139 -103 -83 34 -48 -9 6 -53 121 6 126 12 -42 116 71 45 -10 -101 -33 -101 -3 -37 18 -110 
 -63 13 89 -180 113 -25 267 -98 1 -1 3 -47 63 -120 -12 81 -124 130 42 52 111 72 84 -103 -66 -12 -40 110 -94 -42 104 160 
13 90 57 2 -54 -103 109 53 140 -103 -79 30 -48 -11 5 -54 122 9 126 23 -41 121 78 45 -12 -99 -31 -95 -3 -39 21 -109 
 -63 9 89 -190 110 -32 268 -98 2 -1 0 -34 63 -113 -12 80 -131 130 42 50 110 77 75 -103 -66 -12 -35 119 -94 -44 103 164 
13 86 50 -3 -56 -103 112 53 137 -101 -79 32 -53 -11 6 -62 125 11 126 7 -43 124 76 37 -15 -98 -26 -100 7 -39 21 -106 
 -63 13 80 -185 108 -34 272 -98 3 -7 0 -41 61 -113 -10 71 -132 124 42 57 120 81 75 -101 -63 -9 -36 116 -96 -44 103 156 
17 86 53 -5 -62 -99 104 53 137 -102 -81 27 -53 -11 6 -56 125 0 126 8 -45 125 79 33 -13 -101 -24 -100 11 -39 21 -114 
 -65 13 83 -193 111 -32 266 -98 6 -3 3 -39 60 -113 -10 61 -132 123 42 54 125 79 81 -103 -64 -10 -33 122 -96 -44 106 163 
17 87 52 -1 -62 -99 105 57 137 -101 -82 23 -48 -14 5 -53 129 -6 124 8 -50 125 79 33 -8 -104 -24 -99 6 -39 25 -115 
 -65 15 83 -190 111 -32 277 -97 6 -13 2 -36 49 -110 -7 61 -132 126 41 54 127 79 81 -103 -68 -5 -28 117 -104 -44 108 169 
14 86 53 -1 -59 -98 105 52 137 -99 -81 19 -52 -14 12 -43 126 0 124 1 -52 127 79 27 -8 -96 -15 -102 6 -44 31 -127 
 -67 15 83 -190 108 -34 277 -94 6 -14 -1 -31 34 -110 -4 69 -127 122 41 47 130 81 81 -100 -68 -1 -28 119 -98 -46 107 177 
17 84 61 0 -59 -93 109 47 137 -102 -88 21 -52 -16 11 -39 129 -3 125 1 -57 114 79 27 -2 -89 -21 -103 9 -46 37 -127 
 -65 21 82 -189 108 -36 270 -100 6 -3 -8 -37 34 -105 0 64 -133 123 39 46 128 90 81 -99 -69 2 -25 119 -91 -47 109 177 
14 70 61 -3 -59 -93 106 46 137 -94 -88 24 -52 -23 7 -35 129 -3 126 1 -61 122 79 27 -1 -87 -19 -100 6 -46 33 -131 
 -69 16 83 -185 108 -36 271 -98 9 -12 -8 -39 34 -101 1 68 -133 123 33 46 126 86 71 -100 -70 2 -24 122 -97 -47 117 177 
11 61 59 -13 -59 -91 101 46 136 -86 -83 27 -52 -28 12 -37 117 1 126 -2 -67 122 78 25 -6 -87 -23 -100 11 -48 35 -133 
 -64 16 81 -176 103 -33 268 -98 12 -7 -5 -38 34 -106 3 66 -137 124 30 46 117 83 71 -101 -77 2 -21 122 -96 -53 119 180 
11 70 65 -16 -58 -91 101 46 138 -86 -89 39 -43 -17 12 -33 117 -6 126 1 -67 122 76 25 -15 -85 -13 -103 11 -50 33 -133 
 -58 8 88 -179 101 -33 268 -98 11 -7 1 -39 35 -99 3 64 -137 121 30 46 117 75 72 -101 -77 3 -17 126 -96 -42 122 180 
12 66 65 -16 -60 -91 101 45 130 -84 -87 37 -47 -16 5 -33 114 -9 126 1 -65 125 66 25 -14 -87 -16 -110 10 -53 27 -133 
 -56 16 88 -179 98 -33 268 -99 7 -8 -1 -37 37 -100 4 64 -132 120 30 43 108 77 73 -101 -78 2 -12 124 -95 -40 121 189 
21 65 64 -14 -66 -90 101 45 131 -84 -91 37 -47 -16 0 -33 119 -10 126 4 -69 125 66 32 -16 -87 -9 -115 11 -53 27 -143 
 -72 8 81 -179 93 -30 266 -104 4 -8 7 -37 37 -108 2 64 -131 106 30 38 100 77 73 -97 -78 2 -8 119 -95 -39 120 195 
32 62 64 -19 -66 -87 101 39 131 -82 -91 37 -47 -15 0 -33 117 -3 117 5 -69 114 65 29 -3 -87 -14 -121 19 -53 27 -143 
 -81 1 81 -184 93 -37 266 -99 4 -9 7 -37 37 -103 2 64 -131 119 26 39 89 78 71 -97 -78 2 -18 114 -90 -39 120 195 
33 61 64 -19 -65 -88 105 41 131 -82 -91 37 -45 -16 1 -32 119 -2 111 5 -63 119 65 27 -3 -89 -14 -115 19 -53 27 -143 
 -80 8 81 -184 97 -37 268 -97 4 -9 7 -37 40 -102 0 60 -132 120 27 39 89 81 74 -96 -74 -6 -24 118 -90 -39 119 195 
26 69 59 -19 -67 -95 105 47 132 -75 -92 37 -42 -11 1 -23 118 0 121 -4 -63 119 65 30 -4 -84 -14 -102 19 -53 27 -143 
 -87 27 76 -184 102 -34 268 -96 3 -3 7 -37 40 -101 4 59 -144 122 26 39 89 81 72 -82 -73 -8 -30 111 -90 -39 120 195 
26 69 65 -16 -67 -96 114 47 132 -75 -84 33 -54 -9 0 -23 121 9 121 -2 -63 119 56 26 -3 -84 -14 -101 17 -56 27 -143 
 -87 29 79 -185 97 -37 269 -96 3 -3 1 -38 43 -96 2 59 -137 111 26 31 91 81 69 -80 -74 -8 -30 110 -86 -39 121 195 
26 75 67 -12 -67 -85 108 47 132 -75 -84 31 -55 -3 0 -22 121 6 131 7 -59 119 61 13 -5 -83 -15 -111 14 -51 29 -148 
 -87 26 81 -186 97 -33 271 -96 3 -3 -8 -36 39 -96 2 60 -137 110 38 28 99 81 68 -79 -87 -5 -32 103 -86 -49 121 192 
26 74 73 -10 -63 -83 109 53 131 -75 -84 31 -63 -3 0 -25 121 6 131 7 -61 124 61 16 -3 -75 -15 -118 21 -43 26 -137 
 -87 33 77 -182 99 -34 267 -98 -1 -3 -8 -36 35 -97 2 57 -136 110 27 24 101 81 68 -76 -91 -5 -33 109 -84 -58 122 184 
30 72 78 -15 -63 -83 112 52 133 -73 -82 31 -63 4 7 -24 126 6 126 7 -66 124 61 13 -3 -72 -19 -119 21 -41 25 -137 
 -87 32 74 -183 96 -34 263 -102 -3 1 -9 -36 35 -94 2 52 -130 113 26 24 97 81 68 -78 -91 -6 -37 106 -84 -58 128 185 
32 72 78 -6 -61 -83 98 39 133 -73 -86 31 -63 4 13 -25 126 6 129 7 -72 125 61 18 -3 -72 -19 -119 22 -39 36 -137 
 -86 32 71 -185 101 -34 255 -105 -3 1 -7 -36 35 -99 -9 55 -130 113 27 24 97 77 68 -78 -91 -2 -24 106 -83 -57 132 190 
37 72 78 -7 -61 -89 95 34 133 -72 -90 43 -63 1 11 -27 126 8 120 7 -66 125 59 18 -3 -71 -13 -120 24 -39 36 -135 
 -81 32 75 -189 101 -31 244 -107 -3 2 -3 -43 35 -104 -16 64 -127 113 25 24 97 77 70 -81 -91 -3 -19 102 -72 -57 132 188 
34 72 77 -3 -61 -89 88 34 141 -74 -87 56 -75 1 12 -23 126 17 118 7 -64 125 59 17 -2 -68 -13 -120 25 -41 37 -134 
 -87 32 75 -187 101 -36 241 -102 -4 2 -3 -41 39 -110 -10 66 -127 110 25 24 92 77 70 -77 -89 3 -19 102 -72 -58 129 190 
40 72 77 -4 -61 -89 91 33 134 -62 -87 57 -75 -2 11 -23 126 21 121 7 -66 125 53 16 -7 -70 -14 -120 25 -47 33 -131 
 -103 32 75 -188 101 -36 247 -103 6 11 -8 -41 39 -102 -9 66 -127 108 26 24 85 77 70 -77 -93 1 -18 102 -72 -55 122 187 
44 72 77 -4 -59 -94 87 33 132 -62 -92 57 -75 -12 14 -29 117 16 123 1 -63 125 57 17 -6 -62 -14 -120 25 -41 33 -131 
 -99 32 75 -188 103 -44 244 -104 3 15 3 -41 39 -106 -13 64 -128 104 25 28 86 77 64 -77 -87 -9 -18 102 -72 -59 122 187 
46 72 77 -8 -60 -87 87 36 132 -55 -93 59 -75 -14 17 -29 118 13 126 1 -66 125 61 7 -6 -63 -13 -126 26 -48 33 -131 
 -98 32 74 -185 102 -43 240 -99 3 17 4 -39 39 -101 -11 64 -130 105 26 28 86 74 66 -81 -87 -5 -19 97 -77 -63 122 187 
46 75 80 -15 -60 -84 87 37 143 -67 -93 59 -75 -14 12 -29 118 17 121 1 -64 137 61 -4 -6 -59 -13 -140 32 -47 34 -139 
 -98 30 59 -187 102 -44 240 -97 9 17 4 -39 39 -107 -22 64 -129 109 26 28 88 79 67 -82 -87 -4 -19 101 -77 -58 121 193 
47 74 81 -14 -61 -84 87 37 138 -61 -91 59 -75 -15 17 -39 121 16 121 1 -67 140 58 -7 -9 -50 -11 -129 32 -47 43 -136 
 -100 33 66 -198 101 -44 241 -97 17 18 7 -30 39 -112 -31 56 -129 109 23 28 79 82 71 -83 -96 -4 -22 98 -77 -58 118 201 
47 68 77 -20 -60 -86 86 41 147 -61 -90 59 -76 -15 26 -39 127 17 121 4 -75 140 58 -7 -9 -53 -3 -128 32 -49 41 -136 
 -100 34 69 -190 98 -47 242 -92 19 21 10 -30 37 -112 -45 56 -119 108 26 26 79 82 71 -83 -96 4 -21 101 -77 -51 123 201 
47 68 77 -24 -61 -86 85 41 145 -67 -87 65 -75 -13 37 -39 127 19 121 6 -77 140 56 -13 -17 -63 -3 -135 37 -49 41 -135 
 -100 34 69 -196 93 -47 241 -92 17 17 20 -32 30 -116 -37 53 -119 110 22 30 80 82 72 -84 -92 8 -21 98 -74 -56 123 199 
39 74 81 -21 -59 -88 79 41 153 -67 -88 69 -75 -9 33 -33 127 18 126 7 -80 145 56 -20 -14 -53 -3 -137 37 -47 44 -139 
 -100 33 66 -195 96 -48 241 -92 21 17 23 -33 28 -116 -42 60 -116 103 22 23 82 91 72 -80 -90 21 -21 88 -71 -51 121 200 
44 74 86 -25 -74 -94 75 35 153 -67 -88 67 -75 -11 30 -29 123 17 126 14 -79 139 56 -21 -13 -53 -13 -143 37 -50 40 -139 
 -99 33 64 -193 95 -50 242 -86 22 17 23 -36 28 -113 -46 44 -119 103 22 21 83 90 72 -79 -95 20 -19 75 -71 -48 122 196 
38 74 81 -23 -72 -87 73 37 152 -67 -80 67 -82 -15 25 -34 124 17 126 11 -73 139 58 -28 -5 -55 -13 -144 37 -51 37 -139 
 -92 33 66 -197 94 -42 242 -82 32 17 22 -36 33 -110 -52 48 -119 106 22 24 80 90 71 -77 -101 19 -19 70 -71 -52 122 195 
41 74 85 -23 -76 -86 73 37 157 -59 -92 67 -84 -14 26 -31 124 9 131 11 -73 139 58 -28 -17 -54 -13 -167 37 -48 38 -134 
 -92 33 68 -194 90 -51 242 -85 39 23 21 -36 32 -107 -49 47 -119 104 18 24 80 90 71 -77 -110 22 -19 77 -71 -48 123 190 
41 82 85 -23 -79 -87 73 41 159 -61 -99 66 -85 -15 29 -36 120 2 133 11 -73 139 58 -17 -10 -54 -13 -172 32 -48 37 -133 
 -92 34 68 -194 89 -48 235 -84 41 23 23 -38 23 -104 -42 47 -118 102 17 24 81 90 71 -79 -116 13 -20 74 -77 -48 132 192 
46 87 85 -23 -79 -90 73 40 157 -62 -97 61 -84 -9 22 -34 125 -3 128 11 -74 139 58 -16 -13 -61 -12 -172 32 -49 27 -135 
 -90 23 68 -194 88 -45 237 -90 43 26 25 -34 22 -104 -37 40 -120 95 14 24 82 90 71 -79 -116 14 -19 71 -77 -51 128 199 
46 86 85 -27 -79 -94 73 37 155 -68 -101 57 -77 -3 29 -35 127 2 128 11 -73 139 58 -17 -13 -55 -3 -169 32 -48 35 -132 
 -87 22 68 -198 88 -52 237 -91 41 30 20 -34 20 -97 -33 39 -120 93 14 24 81 90 71 -79 -116 17 -25 78 -77 -48 127 198 
46 79 85 -27 -74 -80 76 37 151 -68 -95 57 -87 -3 35 -35 124 6 128 14 -73 132 47 -12 -13 -55 -3 -169 34 -48 25 -136 
 -87 21 68 -199 90 -61 239 -87 44 23 26 -34 17 -97 -34 39 -121 94 14 28 81 86 72 -76 -116 17 -25 86 -87 -40 129 201 
46 79 93 -19 -74 -82 73 37 150 -68 -93 57 -92 -3 42 -29 126 6 128 4 -73 132 41 -8 -13 -55 -3 -160 34 -49 21 -132 
 -87 21 72 -197 90 -69 242 -91 35 23 21 -34 15 -97 -29 44 -121 97 14 24 80 84 68 -63 -116 17 -25 82 -87 -46 126 193 
55 83 92 -19 -73 -79 73 37 146 -64 -87 50 -97 -3 38 -29 126 4 128 5 -70 137 41 1 -13 -60 -3 -160 34 -42 26 -135 
 -89 23 72 -197 80 -72 233 -91 33 32 17 -31 18 -101 -25 44 -118 98 14 26 82 86 66 -64 -116 17 -25 82 -87 -49 130 188 
52 85 92 -21 -73 -79 61 36 145 -72 -91 51 -95 -3 39 -26 126 5 128 13 -70 137 44 -9 -16 -67 -1 -160 32 -42 26 -141 
 -97 23 72 -199 81 -72 232 -97 37 26 12 -36 19 -101 -30 40 -118 98 14 22 82 86 68 -68 -119 17 -29 82 -92 -49 130 182 
52 73 93 -21 -79 -81 57 41 148 -73 -88 47 -95 -4 34 -33 126 6 128 13 -69 137 45 -15 -16 -65 1 -160 33 -39 26 -139 
 -97 22 71 -199 75 -70 217 -92 37 24 12 -39 19 -108 -27 42 -118 90 14 12 103 86 68 -63 -119 17 -24 82 -91 -54 133 183 
