0 0.0 1.0 
100 0.0625 0.9936571782178217 
200 0.09375 0.9907493781094527 
300 0.09375 0.9903057516611296 
400 0.09375 0.9887975374064838 
500 0.0625 0.988031749001996 
600 0.0625 0.9882942491680532 
700 0.0625 0.9887158969329529 
800 0.09375 0.9889834971910112 
900 0.09375 0.9885110294117647 
1000 0.0625 0.9885856331168831 
1100 0.03125 0.9888843948683016 
1200 0.0625 0.988921992089925 
1300 0.03125 0.9891639844350499 
1400 0.03125 0.9896335206995004 
1500 0.0625 0.9899285892738174 
1600 0.0625 0.9900526038413492 
1700 0.09375 0.9900541042034098 
1800 0.125 0.9898732475013882 
1900 0.15625 0.9894175762756444 
2000 0.125 0.989171429910045 
2100 0.09375 0.9889542925987624 
2200 0.09375 0.9890479469559291 
2300 0.0625 0.9890689509995654 
2400 0.09375 0.9891288785922532 
2500 0.09375 0.989235555777689 
2600 0.15625 0.989128279988466 
2700 0.125 0.988901679933358 
2800 0.125 0.9887805136558372 
2900 0.09375 0.9888966089279558 
3000 0.09375 0.9889763308063979 
3100 0.09375 0.9890168997903902 
3200 0.0625 0.9891269329896907 
3300 0.0625 0.9892480498333838 
3400 0.0625 0.9892781994266392 
3500 0.125 0.9893200157097972 
3600 0.125 0.9892792366703693 
3700 0.125 0.9892258848959741 
3800 0.1875 0.9890386575901079 
3900 0.09375 0.9889851961035632 
4000 0.09375 0.988963696575856 
4100 0.15625 0.9889375304803707 
4200 0.1875 0.9888270649845275 
4300 0.15625 0.9887426252615671 
4400 0.125 0.9886353953646898 
4500 0.15625 0.9885025549877805 
4600 0.0625 0.9884722750489024 
4700 0.03125 0.9885970072856839 
4800 0.03125 0.9887433933034785 
4900 0.15625 0.9887347607631096 
5000 0.09375 0.988630398920216 
5100 0.15625 0.9885339578023917 
5200 0.09375 0.988321056046914 
5300 0.0625 0.9883365166949633 
5400 0.0625 0.9883152425476763 
5500 0.125 0.9882670480367206 
5600 0.09375 0.9882414970540975 
5700 0.09375 0.9881846386598843 
5800 0.09375 0.9881277204361317 
5900 0.125 0.9880786889933909 
6000 0.125 0.9880475649891685 
6100 0.21875 0.9878868474430421 
6200 0.125 0.9876487915255604 
6300 0.125 0.9875590184097762 
6400 0.09375 0.9875965425324168 
6500 0.15625 0.9874832958391017 
6600 0.09375 0.9874444923117709 
6700 0.09375 0.9874424059841814 
6800 0.09375 0.9875340023525953 
6900 0.0625 0.9876178497681496 
7000 0.09375 0.9876825632052564 
7100 0.09375 0.9876876936346993 
7200 0.09375 0.9877377057005972 
7300 0.09375 0.9876996729900014 
7400 0.125 0.9876916970679638 
7500 0.09375 0.9877146588788162 
7600 0.15625 0.9876974452374687 
7700 0.15625 0.9876426356966628 
7800 0.125 0.9875596878605307 
7900 0.15625 0.9875460780280977 
8000 0.09375 0.9875074209473815 
8100 0.09375 0.9875140800518455 
8200 0.125 0.9874724690586514 
8300 0.15625 0.9874417427117215 
8400 0.21875 0.9873303773360315 
8500 0.1875 0.9871958997470885 
8600 0.15625 0.9870650033426346 
8700 0.15625 0.9870255574071946 
8800 0.125 0.9869625965799341 
8900 0.125 0.9869361588585552 
9000 0.1875 0.9868912134762804 
9100 0.1875 0.9868163525986156 
9200 0.15625 0.986734628029562 
9300 0.15625 0.9866790197290614 
9400 0.125 0.9866520184022977 
9500 0.09375 0.9866099621092517 
9600 0.125 0.9865822082335174 
9700 0.125 0.9865574425316977 
9800 0.125 0.9865351749821447 
9900 0.15625 0.9864660135339864 
10000 0.1875 0.9864001881061893 
10100 0.1875 0.9862997011434511 
10200 0.1875 0.9861609768650133 
10300 0.21875 0.9860647631297932 
10400 0.125 0.9860259830785502 
10500 0.125 0.9860098889391486 
10600 0.15625 0.9859841494906141 
10700 0.125 0.9859866338426315 
10800 0.1875 0.9859489283399685 
10900 0.15625 0.985883964200532 
11000 0.1875 0.9858038473775111 
11100 0.125 0.9857737337852446 
11200 0.125 0.9857643848763503 
11300 0.09375 0.9857849277718786 
11400 0.09375 0.9858040824269801 
11500 0.0625 0.9858358104730024 
11600 0.1875 0.9858710321308508 
11700 0.09375 0.9858652572429707 
11800 0.125 0.9858572631556648 
11900 0.03125 0.9858937142887152 
12000 0.0625 0.9859728486167819 
12100 0.0625 0.9860193630691678 
12200 0.125 0.9860510280919597 
12300 0.15625 0.9860043771847817 
12400 0.125 0.985989348137247 
12500 0.15625 0.9859989325853932 
12600 0.0625 0.9860384344496469 
12700 0.09375 0.986069625423195 
12800 0.0625 0.9860823251113194 
12900 0.0625 0.986113600689869 
13000 0.03125 0.986166929466964 
13100 0.03125 0.9862367376536142 
13200 0.0625 0.9862584392280888 
13300 0.09375 0.9862933238102398 
13400 0.125 0.9863119473360197 
13500 0.125 0.9863054125620324 
13600 0.125 0.9863262581795457 
13700 0.125 0.9863068845339756 
13800 0.09375 0.9863197752880226 
13900 0.0625 0.9863282655024819 
14000 0.0625 0.9863796001178488 
14100 0.125 0.9863991804659245 
14200 0.0625 0.9864176598478981 
14300 0.03125 0.9864787645968813 
14400 0.09375 0.9864975197034929 
14500 0.1875 0.9864459778635957 
14600 0.15625 0.9863721341860147 
14700 0.0625 0.9863370263927624 
14800 0.09375 0.9863744426052293 
14900 0.09375 0.9863783261190524 
15000 0.0625 0.9863855430471302 
15100 0.125 0.9863898189689424 
15200 0.15625 0.9863873573284653 
15300 0.0625 0.9863581220181687 
15400 0.09375 0.98636756541783 
15500 0.09375 0.9863731069769692 
15600 0.09375 0.9863615513428626 
15700 0.09375 0.986373529154194 
15800 0.125 0.9863534645750269 
15900 0.09375 0.9863373372743852 
16000 0.0625 0.9863455799637523 
16100 0.09375 0.9863614837587728 
16200 0.15625 0.9863337911240047 
16300 0.1875 0.9862987700141096 
16400 0.09375 0.9862682248795805 
16500 0.09375 0.9862775835555421 
16600 0.0625 0.9862960062646828 
16700 0.1875 0.9862669619334171 
16800 0.125 0.986238728349503 
16900 0.1875 0.9862203050115378 
17000 0.125 0.9861998007470149 
17100 0.0625 0.9862254491696392 
17200 0.0625 0.986257158014069 
17300 0.125 0.986255987731923 
17400 0.09375 0.9862532595109477 
17500 0.125 0.9862530176847037 
17600 0.0625 0.9862350239332992 
17700 0.0625 0.9862607073752895 
17800 0.0625 0.9862777635385652 
17900 0.125 0.9862795723702587 
18000 0.09375 0.9862889561691017 
18100 0.125 0.9862911147864759 
18200 0.125 0.9862735048898412 
18300 0.0625 0.9862870369105513 
18400 0.09375 0.9863282311423293 
18500 0.15625 0.9863451215474839 
18600 0.15625 0.9863477602010644 
18700 0.125 0.9863551748569596 
18800 0.09375 0.9863620951013244 
18900 0.09375 0.9863753488572033 
19000 0.09375 0.9863929858954792 
19100 0.0625 0.9864149373723888 
19200 0.09375 0.9864376773996146 
19300 0.09375 0.9864478362520077 
19400 0.15625 0.9864433937039327 
19500 0.15625 0.986418965694067 
19600 0.125 0.9863941890719862 
19700 0.09375 0.9864043624054617 
19800 0.125 0.9864140384324024 
19900 0.125 0.9864251874905784 
20000 0.15625 0.9864241162941852 
20100 0.21875 0.9863933230933785 
20200 0.1875 0.9863682490965794 
20300 0.125 0.986337072373282 
20400 0.09375 0.9863381773565021 
20500 0.125 0.9863396526388957 
20600 0.125 0.9863354251613999 
20700 0.125 0.9863084059948795 
20800 0.125 0.9862961065573771 
20900 0.09375 0.986285419955983 
21000 0.09375 0.9862908313889814 
21100 0.09375 0.9863030410288612 
21200 0.0625 0.986323795162964 
21300 0.09375 0.9863339015773908 
21400 0.125 0.9863484767066959 
21500 0.125 0.9863516522487327 
21600 0.15625 0.986347203254479 
21700 0.1875 0.9863278549951615 
21800 0.125 0.9862982919361497 
21900 0.09375 0.9863191178485 
22000 0.0625 0.9863438380641789 
22100 0.09375 0.9863609112709832 
22200 0.125 0.9863662180194586 
22300 0.09375 0.9863508082597193 
22400 0.09375 0.9863405930538816 
22500 0.0625 0.9863507802431003 
22600 0.03125 0.9863888765983806 
22700 0.09375 0.9864099461477468 
22800 0.09375 0.9863996507828604 
22900 0.09375 0.9864027498799179 
23000 0.125 0.9863907071975132 
23100 0.125 0.9863821506644734 
23200 0.0625 0.9863782137623378 
23300 0.09375 0.98638872795159 
23400 0.03125 0.9864175142087945 
23500 0.0 0.9864676636100591 
23600 0.0 0.9865246705648065 
23700 0.0 0.9865811964685034 
23800 0.0625 0.9866201787740011 
23900 0.0625 0.986626965137442 
24000 0.0625 0.986640205095621 
24100 0.125 0.9866546318098834 
24200 0.1875 0.9866468263191603 
24300 0.0625 0.9866521053660343 
24400 0.09375 0.986687917503381 
24500 0.0625 0.98671610342435 
24600 0.125 0.9867304047599691 
24700 0.15625 0.9867097991984131 
24800 0.0625 0.9867169229567356 
24900 0.09375 0.9867302643468134 
