0 0.0 1.0 
100 0.0 0.9997815958066395 
200 0.058823529411764705 0.9969088381621305 
300 0.029411764705882353 0.9953097518076999 
400 0.058823529411764705 0.9947557576646618 
500 0.058823529411764705 0.9943862275449101 
600 0.058823529411764705 0.9938949789566409 
700 0.058823529411764705 0.9938113619199463 
800 0.058823529411764705 0.993344716163619 
900 0.08823529411764706 0.9931693543122021 
1000 0.11764705882352941 0.9922430510665805 
1100 0.11764705882352941 0.9917521504514613 
1200 0.11764705882352941 0.9914623842876035 
1300 0.14705882352941177 0.990914794049826 
1400 0.11764705882352941 0.9904558718562372 
1500 0.08823529411764706 0.9903569189168006 
1600 0.11764705882352941 0.9900131351728699 
1700 0.08823529411764706 0.9898718746757963 
1800 0.14705882352941177 0.9896299441486756 
1900 0.08823529411764706 0.9893805891635981 
2000 0.08823529411764706 0.9893986830114354 
2100 0.08823529411764706 0.9894343029929725 
2200 0.058823529411764705 0.9894767084480316 
2300 0.058823529411764705 0.9895873277603088 
2400 0.058823529411764705 0.9896581081412157 
2500 0.058823529411764705 0.9897746783639485 
2600 0.058823529411764705 0.9898469480064229 
2700 0.11764705882352941 0.9898539756517194 
2800 0.14705882352941177 0.9895861772056198 
2900 0.058823529411764705 0.9896688768578786 
3000 0.14705882352941177 0.9896064057079013 
3100 0.058823529411764705 0.9895574482614716 
3200 0.11764705882352941 0.9894196666482901 
3300 0.14705882352941177 0.9892868916727552 
3400 0.08823529411764706 0.9891813826383243 
3500 0.058823529411764705 0.9892908748760858 
3600 0.08823529411764706 0.9893769296110557 
3700 0.08823529411764706 0.98934608293466 
3800 0.11764705882352941 0.9892704319296779 
3900 0.14705882352941177 0.9891609617443491 
4000 0.17647058823529413 0.9890192892953232 
4100 0.11764705882352941 0.9888432878637922 
4200 0.11764705882352941 0.9888209389921168 
4300 0.08823529411764706 0.9888389499022116 
4400 0.058823529411764705 0.9889162890786853 
4500 0.058823529411764705 0.9889583360560399 
4600 0.058823529411764705 0.9890297186033726 
4700 0.058823529411764705 0.9891011924872055 
4800 0.08823529411764706 0.989154373476114 
4900 0.058823529411764705 0.9892023836671988 
5000 0.11764705882352941 0.9892131867744098 
5100 0.08823529411764706 0.9891579794042691 
5200 0.08823529411764706 0.9890794473913388 
5300 0.11764705882352941 0.9890281522909107 
5400 0.08823529411764706 0.9888255987453304 
5500 0.11764705882352941 0.9887226386646278 
5600 0.058823529411764705 0.9886502672842035 
5700 0.058823529411764705 0.9886758772970686 
5800 0.029411764705882353 0.988701871888214 
5900 0.029411764705882353 0.9888092247575186 
6000 0.058823529411764705 0.9888615377829185 
6100 0.058823529411764705 0.988895865672937 
6200 0.029411764705882353 0.9889510230797689 
6300 0.058823529411764705 0.9890411886068504 
6400 0.029411764705882353 0.9890952240918239 
6500 0.14705882352941177 0.9891266728195662 
6600 0.08823529411764706 0.9891053717351204 
6700 0.11764705882352941 0.9891011657610366 
6800 0.14705882352941177 0.9890662705311503 
6900 0.11764705882352941 0.988966326278374 
7000 0.08823529411764706 0.9889490576976399 
7100 0.08823529411764706 0.9889912978288062 
7200 0.11764705882352941 0.9889996895855968 
7300 0.14705882352941177 0.9889529637358299 
7400 0.17647058823529413 0.9888588187605808 
7500 0.11764705882352941 0.9888210983633555 
7600 0.11764705882352941 0.9887834031125935 
7700 0.08823529411764706 0.9887844015674053 
7800 0.14705882352941177 0.9887057277724576 
7900 0.14705882352941177 0.9885880975602492 
8000 0.14705882352941177 0.9885257908937853 
8100 0.11764705882352941 0.9884686531074595 
8200 0.08823529411764706 0.9884371167074316 
8300 0.058823529411764705 0.9884581588327416 
8400 0.14705882352941177 0.9883618546811654 
8500 0.14705882352941177 0.9882743033691538 
8600 0.17647058823529413 0.988184940875548 
8700 0.08823529411764706 0.988171153417119 
8800 0.029411764705882353 0.9882228456659337 
8900 0.058823529411764705 0.9882308332837685 
9000 0.11764705882352941 0.9882419110294934 
9100 0.14705882352941177 0.9881969983906099 
9200 0.14705882352941177 0.9881111068489998 
9300 0.11764705882352941 0.9880385252692626 
9400 0.058823529411764705 0.9880703398261762 
9500 0.058823529411764705 0.9881103846653913 
9600 0.058823529411764705 0.9881538075077964 
9700 0.058823529411764705 0.9882073255031318 
9800 0.08823529411764706 0.988236869587137 
9900 0.08823529411764706 0.9882691587896647 
10000 0.08823529411764706 0.9882655116841257 
10100 0.08823529411764706 0.9882408264761205 
10200 0.08823529411764706 0.988224914512418 
10300 0.08823529411764706 0.9882360793069777 
10400 0.11764705882352941 0.9881756279090811 
10500 0.11764705882352941 0.9881565901286712 
10600 0.11764705882352941 0.9881171032699468 
10700 0.17647058823529413 0.9880580841812475 
10800 0.14705882352941177 0.9879535255450204 
10900 0.058823529411764705 0.9879733105975167 
11000 0.08823529411764706 0.988008777276932 
11100 0.058823529411764705 0.9880356565651213 
11200 0.08823529411764706 0.9880676357678149 
11300 0.0 0.9880873374037695 
11400 0.14705882352941177 0.9881263640444337 
11500 0.058823529411764705 0.9881193195476609 
11600 0.058823529411764705 0.9881554962300411 
11700 0.058823529411764705 0.9881828853240296 
11800 0.058823529411764705 0.9882285025695728 
11900 0.029411764705882353 0.9882949776835362 
12000 0.058823529411764705 0.9883327737394433 
12100 0.058823529411764705 0.9883981999543061 
12200 0.058823529411764705 0.9884046992290892 
12300 0.029411764705882353 0.9884684769770034 
12400 0.029411764705882353 0.9885030618972853 
12500 0.08823529411764706 0.9885391521619447 
12600 0.058823529411764705 0.9885641662426418 
12700 0.058823529411764705 0.9885719975731415 
12800 0.08823529411764706 0.9885762601267364 
12900 0.058823529411764705 0.9885850162094137 
13000 0.058823529411764705 0.988596465430261 
13100 0.058823529411764705 0.9886296286318512 
13200 0.08823529411764706 0.988639730947299 
13300 0.14705882352941177 0.988611813795513 
13400 0.08823529411764706 0.9886197035339769 
13500 0.14705882352941177 0.9886065084503545 
13600 0.11764705882352941 0.9885675577487815 
13700 0.11764705882352941 0.9885460807927288 
13800 0.14705882352941177 0.9885118618855411 
13900 0.11764705882352941 0.9884905656385279 
14000 0.14705882352941177 0.9884640592898827 
14100 0.17647058823529413 0.9884061205504825 
14200 0.08823529411764706 0.9883919732247521 
14300 0.058823529411764705 0.9883957621227639 
14400 0.17647058823529413 0.9883795855679957 
14500 0.11764705882352941 0.9883256022911199 
14600 0.11764705882352941 0.9882846964551179 
14700 0.14705882352941177 0.9882553507764578 
14800 0.11764705882352941 0.9881906329858475 
14900 0.08823529411764706 0.988174648760249 
15000 0.11764705882352941 0.9881659850127639 
15100 0.20588235294117646 0.9881299251705186 
15200 0.14705882352941177 0.9881011117689625 
15300 0.11764705882352941 0.9880801235597827 
15400 0.058823529411764705 0.9880992735383874 
15500 0.11764705882352941 0.9881110611459603 
15600 0.14705882352941177 0.9880906484124321 
15700 0.17647058823529413 0.9880454410921747 
15800 0.14705882352941177 0.9880308208341244 
15900 0.11764705882352941 0.9880173093072208 
16000 0.11764705882352941 0.9880078726697229 
16100 0.08823529411764706 0.9880051750530657 
16200 0.029411764705882353 0.988017261098625 
16300 0.029411764705882353 0.9880641570167114 
16400 0.058823529411764705 0.9881212408138672 
16500 0.058823529411764705 0.9881555752414293 
16600 0.058823529411764705 0.9881460897111088 
16700 0.058823529411764705 0.988169737986806 
16800 0.029411764705882353 0.9882110483619673 
16900 0.08823529411764706 0.9882555678919104 
17000 0.11764705882352941 0.9882565298927053 
17100 0.11764705882352941 0.9882570506712713 
17200 0.08823529411764706 0.9882778703016583 
17300 0.058823529411764705 0.9882997242593934 
17400 0.058823529411764705 0.9883363278648624 
17500 0.08823529411764706 0.988358648413368 
17600 0.08823529411764706 0.9883537700063834 
17700 0.058823529411764705 0.98836244711997 
17800 0.11764705882352941 0.9883617328173896 
17900 0.08823529411764706 0.9883400779450375 
18000 0.11764705882352941 0.9883280585719094 
18100 0.14705882352941177 0.9882922051755346 
18200 0.11764705882352941 0.988282600826716 
18300 0.11764705882352941 0.9882682801004123 
18400 0.14705882352941177 0.9882323371172282 
18500 0.11764705882352941 0.988215263403886 
18600 0.11764705882352941 0.9881817707460383 
18700 0.029411764705882353 0.9881979809195481 
18800 0.058823529411764705 0.9882222316084563 
18900 0.029411764705882353 0.9882493378812823 
19000 0.08823529411764706 0.9882653234969058 
19100 0.11764705882352941 0.9882659361844314 
19200 0.11764705882352941 0.9882514161333509 
19300 0.08823529411764706 0.9882372370221598 
19400 0.11764705882352941 0.9882243410739895 
19500 0.058823529411764705 0.9882106347487459 
19600 0.058823529411764705 0.9882310176251512 
19700 0.17647058823529413 0.9882276802909378 
19800 0.14705882352941177 0.9881852000938752 
19900 0.14705882352941177 0.9881527531870997 
20000 0.14705882352941177 0.9881176897037501 
20100 0.14705882352941177 0.9880449319173468 
20200 0.14705882352941177 0.9880156631733432 
20300 0.14705882352941177 0.9879977297554163 
20400 0.11764705882352941 0.987991145186078 
20500 0.17647058823529413 0.9879754789579849 
20600 0.14705882352941177 0.9879499710179689 
20700 0.058823529411764705 0.987958275672957 
20800 0.08823529411764706 0.9879695051425695 
20900 0.058823529411764705 0.9879841451436323 
21000 0.11764705882352941 0.988001796833204 
21100 0.11764705882352941 0.988000464154194 
21200 0.20588235294117646 0.9879603001523236 
21300 0.17647058823529413 0.9879168887403795 
21400 0.11764705882352941 0.987885221141398 
21500 0.08823529411764706 0.9878740250111486 
21600 0.058823529411764705 0.9879024187333375 
21700 0.058823529411764705 0.9879232659378668 
21800 0.11764705882352941 0.9879343095432751 
21900 0.11764705882352941 0.9879326622206346 
22000 0.08823529411764706 0.9879261838365636 
22100 0.08823529411764706 0.9879322402233596 
22200 0.08823529411764706 0.9879423820336657 
22300 0.11764705882352941 0.9879478169008512 
22400 0.11764705882352941 0.9879499208281143 
22500 0.11764705882352941 0.9879320723000546 
22600 0.058823529411764705 0.9879431740396702 
22700 0.058823529411764705 0.9879800902784796 
22800 0.11764705882352941 0.9879765335369708 
22900 0.11764705882352941 0.9879603253903632 
23000 0.11764705882352941 0.9879679144385026 
23100 0.08823529411764706 0.9879628651166107 
23200 0.058823529411764705 0.9879827378130253 
23300 0.11764705882352941 0.9879836639174789 
23400 0.058823529411764705 0.9880021781371837 
23500 0.08823529411764706 0.988020378356866 
23600 0.08823529411764706 0.9880312586455708 
23700 0.08823529411764706 0.9880474762792337 
23800 0.058823529411764705 0.9880589236240692 
23900 0.058823529411764705 0.9880705828208025 
24000 0.11764705882352941 0.9880668268724098 
24100 0.058823529411764705 0.9880600512060764 
24200 0.08823529411764706 0.988067003794204 
24300 0.058823529411764705 0.9880524161436106 
24400 0.08823529411764706 0.9880560283209222 
24500 0.08823529411764706 0.9880642626831558 
24600 0.11764705882352941 0.9880627162453941 
24700 0.08823529411764706 0.9880589497448306 
24800 0.14705882352941177 0.9880605502150056 
24900 0.08823529411764706 0.9880507692816495 
