0 0.0 1.0 
100 0.0 1.0 
200 0.05263157894736842 0.9986089290390154 
300 0.02631578947368421 0.9970493093198112 
400 0.05263157894736842 0.9960788817430108 
500 0.05263157894736842 0.9956009034562454 
600 0.02631578947368421 0.9950794728084771 
700 0.15789473684210525 0.993946617613935 
800 0.10526315789473684 0.9927188054405677 
900 0.05263157894736842 0.9923111747181494 
1000 0.05263157894736842 0.9922938903202061 
1100 0.02631578947368421 0.9924321191261533 
1200 0.05263157894736842 0.9926267584030851 
1300 0.02631578947368421 0.9928015898701403 
1400 0.05263157894736842 0.9928622412562456 
1500 0.02631578947368421 0.9930134296433957 
1600 0.05263157894736842 0.9931231302804169 
1700 0.07894736842105263 0.992910517033324 
1800 0.07894736842105263 0.9926521084777463 
1900 0.07894736842105263 0.9925177884216063 
2000 0.10526315789473684 0.9922177069360056 
2100 0.10526315789473684 0.9919775044465041 
2200 0.07894736842105263 0.9917935029532031 
2300 0.07894736842105263 0.9917155584528465 
2400 0.05263157894736842 0.991757820206493 
2500 0.07894736842105263 0.9917769734211579 
2600 0.07894736842105263 0.9916327728201704 
2700 0.07894736842105263 0.9916539196009275 
2800 0.05263157894736842 0.9916406734436949 
2900 0.07894736842105263 0.9916317422304468 
3000 0.18421052631578946 0.991454602851681 
3100 0.10526315789473684 0.9911753848503878 
3200 0.10526315789473684 0.9912147108633815 
3300 0.05263157894736842 0.9912426856295541 
3400 0.05263157894736842 0.9913183429022424 
3500 0.02631578947368421 0.9914394759392053 
3600 0.02631578947368421 0.9915657565880822 
3700 0.05263157894736842 0.9916532160582489 
3800 0.05263157894736842 0.9917161688752267 
3900 0.02631578947368421 0.991830704677613 
4000 0.02631578947368421 0.991974868125074 
4100 0.0 0.9921328559144753 
4200 0.05263157894736842 0.9922770580939375 
4300 0.07894736842105263 0.9923579583695347 
4400 0.05263157894736842 0.9924277078176013 
4500 0.05263157894736842 0.9924892421567137 
4600 0.07894736842105263 0.9925030599755202 
4700 0.02631578947368421 0.9925421802751934 
4800 0.05263157894736842 0.9926276324011445 
4900 0.07894736842105263 0.9926632856882054 
5000 0.07894736842105263 0.9927132994453741 
5100 0.10526315789473684 0.9926239952950402 
5200 0.13157894736842105 0.9925033394387719 
5300 0.07894736842105263 0.9923549677816499 
5400 0.05263157894736842 0.9923399906450072 
5500 0.02631578947368421 0.9923757881342148 
5600 0.05263157894736842 0.992493704131781 
5700 0.02631578947368421 0.9925070855528577 
5800 0.05263157894736842 0.9925370172111886 
5900 0.05263157894736842 0.9925703939564213 
6000 0.10526315789473684 0.9925642875310255 
6100 0.07894736842105263 0.9925799480671849 
6200 0.10526315789473684 0.9925075751788761 
6300 0.07894736842105263 0.9924390656453863 
6400 0.05263157894736842 0.9924698237939795 
6500 0.05263157894736842 0.9925127915543358 
6600 0.07894736842105263 0.9925400059002224 
6700 0.13157894736842105 0.9924697020868841 
6800 0.10526315789473684 0.9924116229037525 
6900 0.07894736842105263 0.9923657135884196 
7000 0.07894736842105263 0.9923535359610282 
7100 0.07894736842105263 0.9923152965853587 
7200 0.10526315789473684 0.9922785760749604 
7300 0.10526315789473684 0.9922131250946158 
7400 0.10526315789473684 0.9921516651377126 
7500 0.07894736842105263 0.9921194717897263 
7600 0.10526315789473684 0.9920747096988624 
7700 0.05263157894736842 0.9920892023592288 
7800 0.02631578947368421 0.9921349489606596 
7900 0.07894736842105263 0.9921687128211619 
8000 0.07894736842105263 0.9921272176504253 
8100 0.10526315789473684 0.9920445169212377 
8200 0.15789473684210525 0.9919457832485127 
8300 0.10526315789473684 0.9918688458587741 
8400 0.10526315789473684 0.9918332873905988 
8500 0.05263157894736842 0.9918275868473678 
8600 0.10526315789473684 0.9917929524718668 
8700 0.05263157894736842 0.9917466383174348 
8800 0.05263157894736842 0.9917660373522148 
8900 0.10526315789473684 0.9917510007746025 
9000 0.10526315789473684 0.9916979253767125 
9100 0.05263157894736842 0.9917074612969078 
9200 0.07894736842105263 0.9917289453663504 
9300 0.05263157894736842 0.991751382137744 
9400 0.05263157894736842 0.9917894372939049 
9500 0.07894736842105263 0.9917938000986046 
9600 0.07894736842105263 0.9917967015497289 
9700 0.05263157894736842 0.9917941178066287 
9800 0.13157894736842105 0.9917667504389992 
9900 0.13157894736842105 0.9917113635517943 
10000 0.15789473684210525 0.9916518216599393 
10100 0.13157894736842105 0.9915638238006659 
10200 0.10526315789473684 0.9914985114978407 
10300 0.13157894736842105 0.9914146684787885 
10400 0.07894736842105263 0.9913839888877082 
10500 0.10526315789473684 0.9913877249785734 
10600 0.10526315789473684 0.9913206425411704 
10700 0.10526315789473684 0.9912751021793339 
10800 0.10526315789473684 0.9912371052387937 
10900 0.13157894736842105 0.9912028230147886 
11000 0.07894736842105263 0.991182021730082 
11100 0.05263157894736842 0.9911971538837184 
11200 0.13157894736842105 0.9911761872765119 
11300 0.05263157894736842 0.9911590846641425 
11400 0.07894736842105263 0.9911595935721244 
11500 0.05263157894736842 0.9911666720056379 
11600 0.07894736842105263 0.9911509443378294 
11700 0.07894736842105263 0.9911318308376702 
11800 0.05263157894736842 0.9911322746957216 
11900 0.02631578947368421 0.99116643227681 
12000 0.07894736842105263 0.9911822041145694 
12100 0.02631578947368421 0.9911990744566564 
12200 0.10526315789473684 0.9911970653829065 
12300 0.07894736842105263 0.9911763699142988 
12400 0.07894736842105263 0.9911642312377186 
12500 0.05263157894736842 0.9911443926591136 
12600 0.05263157894736842 0.9911658535872258 
12700 0.05263157894736842 0.9911890485208376 
12800 0.07894736842105263 0.9911969767986876 
12900 0.10526315789473684 0.9911711250453861 
13000 0.10526315789473684 0.9911585748464693 
13100 0.10526315789473684 0.9911442075534612 
13200 0.10526315789473684 0.9911509893588604 
13300 0.05263157894736842 0.9911655831180085 
13400 0.10526315789473684 0.9911532034137279 
13500 0.10526315789473684 0.991142468978906 
13600 0.07894736842105263 0.9911118184034455 
13700 0.07894736842105263 0.9911089855139271 
13800 0.10526315789473684 0.9911133441893989 
13900 0.07894736842105263 0.9910977627508812 
14000 0.13157894736842105 0.9910633732928851 
14100 0.10526315789473684 0.991043235082245 
14200 0.07894736842105263 0.9910312561383743 
14300 0.10526315789473684 0.9910254251634961 
14400 0.07894736842105263 0.9910002594849042 
14500 0.07894736842105263 0.9909817925442529 
14600 0.07894736842105263 0.9909696614146832 
14700 0.02631578947368421 0.9909975243359743 
14800 0.07894736842105263 0.9910363453393974 
14900 0.02631578947368421 0.9910666981022115 
15000 0.07894736842105263 0.9910902869633252 
15100 0.07894736842105263 0.9910915624270265 
15200 0.07894736842105263 0.9910852471617172 
15300 0.02631578947368421 0.99110502753518 
15400 0.07894736842105263 0.9911115221499629 
15500 0.10526315789473684 0.9911018049769285 
15600 0.10526315789473684 0.9910808264652401 
15700 0.05263157894736842 0.9910833704859563 
15800 0.05263157894736842 0.9911042022656794 
15900 0.13157894736842105 0.9911020160929964 
16000 0.07894736842105263 0.9910941010265806 
16100 0.02631578947368421 0.9911140694105303 
16200 0.07894736842105263 0.9911242483407458 
16300 0.05263157894736842 0.991136118546166 
16400 0.05263157894736842 0.9911432309968262 
16500 0.07894736842105263 0.9911528487906635 
16600 0.07894736842105263 0.9911498673193435 
16700 0.07894736842105263 0.991152830432467 
16800 0.05263157894736842 0.9911506677234124 
16900 0.07894736842105263 0.9911695508518649 
17000 0.10526315789473684 0.9911856965070166 
17100 0.10526315789473684 0.9911714535007187 
17200 0.10526315789473684 0.9911698065289962 
17300 0.05263157894736842 0.9911672279363225 
17400 0.07894736842105263 0.991176399420481 
17500 0.05263157894736842 0.9911852781344825 
17600 0.05263157894736842 0.9912082596981631 
17700 0.07894736842105263 0.991218344785754 
17800 0.05263157894736842 0.991218522614046 
17900 0.07894736842105263 0.9912023438855224 
18000 0.05263157894736842 0.9911847002651899 
18100 0.05263157894736842 0.9911801543386669 
18200 0.07894736842105263 0.991194454324372 
18300 0.02631578947368421 0.9912125523770631 
18400 0.02631578947368421 0.9912418947482832 
18500 0.02631578947368421 0.9912689641242721 
18600 0.02631578947368421 0.9912936203203563 
18700 0.02631578947368421 0.9913218825900106 
18800 0.02631578947368421 0.9913493193251199 
18900 0.05263157894736842 0.9913717667402727 
19000 0.05263157894736842 0.9913915541841288 
19100 0.02631578947368421 0.9913997682678504 
19200 0.02631578947368421 0.9914318812890776 
19300 0.07894736842105263 0.9914551400391035 
19400 0.13157894736842105 0.9914374665983035 
19500 0.02631578947368421 0.9914530361465944 
19600 0.05263157894736842 0.9914773413816159 
19700 0.05263157894736842 0.9914938862307283 
19800 0.05263157894736842 0.9915189025540975 
19900 0.10526315789473684 0.9915241630280415 
20000 0.10526315789473684 0.9915183517139933 
20100 0.07894736842105263 0.991510143512106 
20200 0.07894736842105263 0.9915126009916132 
20300 0.13157894736842105 0.9914959141240126 
20400 0.07894736842105263 0.9914779396778796 
20500 0.05263157894736842 0.9914862946351782 
20600 0.02631578947368421 0.9915039893311259 
20700 0.07894736842105263 0.991519447318843 
20800 0.15789473684210525 0.9914904774315 
20900 0.10526315789473684 0.9914499809880666 
21000 0.02631578947368421 0.9914408837674397 
21100 0.10526315789473684 0.9914395114723922 
21200 0.05263157894736842 0.9914262050697707 
21300 0.07894736842105263 0.9914261499954289 
21400 0.07894736842105263 0.9914131840863314 
21500 0.02631578947368421 0.9914205336838678 
21600 0.10526315789473684 0.9914255309817528 
21700 0.05263157894736842 0.9914303306420514 
21800 0.05263157894736842 0.9914415743845647 
21900 0.07894736842105263 0.9914378459046571 
22000 0.05263157894736842 0.9914447668646641 
22100 0.07894736842105263 0.9914596624587123 
22200 0.07894736842105263 0.9914443457976051 
22300 0.07894736842105263 0.9914505544948421 
22400 0.07894736842105263 0.9914343873276334 
22500 0.07894736842105263 0.9914266968251704 
22600 0.10526315789473684 0.9914151446489327 
22700 0.07894736842105263 0.9914154315019742 
22800 0.10526315789473684 0.991409512279009 
22900 0.10526315789473684 0.9913944518625939 
23000 0.15789473684210525 0.9913633617760326 
23100 0.07894736842105263 0.9913426509219241 
23200 0.10526315789473684 0.9913344535966009 
23300 0.10526315789473684 0.991322091439491 
23400 0.05263157894736842 0.9913167228570978 
23500 0.10526315789473684 0.9912997823160941 
23600 0.10526315789473684 0.9912722531828491 
23700 0.10526315789473684 0.991249397649222 
23800 0.05263157894736842 0.9912441482998282 
23900 0.05263157894736842 0.9912396310218247 
24000 0.05263157894736842 0.9912414559481074 
24100 0.07894736842105263 0.9912417643731751 
24200 0.10526315789473684 0.9912244002531431 
24300 0.05263157894736842 0.9912266714170307 
24400 0.05263157894736842 0.9912173303941383 
24500 0.07894736842105263 0.9912197461328109 
24600 0.07894736842105263 0.9912115789045802 
24700 0.02631578947368421 0.9912222550120494 
24800 0.07894736842105263 0.99123244712119 
24900 0.05263157894736842 0.9912372732864247 
