0 0.0 1.0 
100 0.0 1.0 
200 0.0 1.0 
300 0.021739130434782608 0.9997381915354615 
400 0.043478260869565216 0.9987327875962269 
500 0.021739130434782608 0.9979280569296191 
600 0.043478260869565216 0.997400166389351 
700 0.043478260869565216 0.9969724927122744 
800 0.06521739130434782 0.996220756662867 
900 0.06521739130434782 0.9956600154417796 
1000 0.06521739130434782 0.9952927507275333 
1100 0.06521739130434782 0.9948786676144217 
1200 0.08695652173913043 0.9946263077869891 
1300 0.08695652173913043 0.9942059619690539 
1400 0.021739130434782608 0.9941268659032368 
1500 0.021739130434782608 0.9943425397561046 
1600 0.043478260869565216 0.9943886972815903 
1700 0.043478260869565216 0.9944294277023745 
1800 0.08695652173913043 0.9944173526784637 
1900 0.043478260869565216 0.9942964801134414 
2000 0.021739130434782608 0.9943628729113704 
2100 0.043478260869565216 0.9945121888127807 
2200 0.021739130434782608 0.9946269482251151 
2300 0.021739130434782608 0.994750628271262 
2400 0.021739130434782608 0.9948617423899462 
2500 0.021739130434782608 0.9949585383238009 
2600 0.021739130434782608 0.9950134145729903 
2700 0.021739130434782608 0.9951054762326352 
2800 0.021739130434782608 0.9951948450087702 
2900 0.021739130434782608 0.995275242420155 
3000 0.021739130434782608 0.9953638642191733 
3100 0.021739130434782608 0.9954160999957938 
3200 0.0 0.9955092158700406 
3300 0.0 0.9956452590124205 
3400 0.021739130434782608 0.9957365480740958 
3500 0.021739130434782608 0.995791575077928 
3600 0.0 0.9958646752713618 
3700 0.0 0.9959720052159816 
3800 0.021739130434782608 0.996061534150052 
3900 0.043478260869565216 0.9960385018334207 
4000 0.043478260869565216 0.9959636449583257 
4100 0.043478260869565216 0.9959229191183486 
4200 0.021739130434782608 0.9958763700154207 
4300 0.021739130434782608 0.995903379396096 
4400 0.06521739130434782 0.9958674164962509 
4500 0.043478260869565216 0.9958209769809607 
4600 0.021739130434782608 0.9958497916331989 
4700 0.021739130434782608 0.9958848949807164 
4800 0.0 0.9959689104624943 
4900 0.021739130434782608 0.9959934973341732 
5000 0.021739130434782608 0.9960171009276405 
5100 0.021739130434782608 0.9960248629850924 
5200 0.021739130434782608 0.9960365063574731 
5300 0.021739130434782608 0.9960507861519156 
5400 0.021739130434782608 0.9960745997118086 
5500 0.021739130434782608 0.9960679086015981 
5600 0.021739130434782608 0.9960711596531675 
5700 0.021739130434782608 0.9960823997315498 
5800 0.043478260869565216 0.9960482825299986 
5900 0.043478260869565216 0.9960185451249972 
6000 0.043478260869565216 0.9959929685632105 
6100 0.021739130434782608 0.995985601077514 
6200 0.043478260869565216 0.9959754036866424 
6300 0.021739130434782608 0.9959849368285227 
6400 0.021739130434782608 0.9959924740020242 
6500 0.021739130434782608 0.9960027052694235 
6600 0.0 0.9960488529405953 
6700 0.021739130434782608 0.9960932177546505 
6800 0.021739130434782608 0.9961119048988959 
6900 0.021739130434782608 0.9961320193040706 
7000 0.021739130434782608 0.9961531116672774 
7100 0.043478260869565216 0.9961479705858942 
7200 0.06521739130434782 0.9961241041401254 
7300 0.043478260869565216 0.9960919588144567 
7400 0.043478260869565216 0.9960709627958619 
7500 0.043478260869565216 0.9960461793499997 
7600 0.0 0.9960889013459328 
7700 0.0 0.9961389825149755 
7800 0.0 0.9961884763937734 
7900 0.021739130434782608 0.9962226162896276 
8000 0.021739130434782608 0.9962416382734767 
8100 0.043478260869565216 0.9962521401007927 
8200 0.043478260869565216 0.996228588242155 
8300 0.0 0.9962681290363131 
8400 0.0 0.996309963099631 
8500 0.0 0.9963520915697898 
8600 0.0 0.9963926085440015 
8700 0.0 0.9964340680481504 
8800 0.021739130434782608 0.9964724240822436 
8900 0.021739130434782608 0.9964845791630642 
9000 0.021739130434782608 0.9964937470715814 
9100 0.021739130434782608 0.9965030120913612 
9200 0.021739130434782608 0.9965088270178573 
9300 0.021739130434782608 0.9965092580040482 
9400 0.021739130434782608 0.9965281792408763 
9500 0.021739130434782608 0.9965386938674647 
9600 0.021739130434782608 0.9965515367511536 
9700 0.043478260869565216 0.9965582324547447 
9800 0.043478260869565216 0.9965356795890393 
9900 0.021739130434782608 0.9965281284718716 
10000 0.0 0.9965449107263187 
10100 0.043478260869565216 0.9965371487110618 
10200 0.06521739130434782 0.9965186171006253 
10300 0.043478260869565216 0.9964883105481528 
10400 0.043478260869565216 0.9964656408455709 
10500 0.043478260869565216 0.996448837170787 
10600 0.021739130434782608 0.9964428601895637 
10700 0.021739130434782608 0.9964425815547511 
10800 0.043478260869565216 0.9964201684224085 
10900 0.06521739130434782 0.9964026535260028 
11000 0.06521739130434782 0.9963521102824644 
11100 0.08695652173913043 0.9963061494655789 
11200 0.043478260869565216 0.9962711986119251 
11300 0.043478260869565216 0.9962573050480334 
11400 0.021739130434782608 0.9962636763365532 
11500 0.021739130434782608 0.9962666289887836 
11600 0.06521739130434782 0.996257818853697 
11700 0.043478260869565216 0.9962303482050958 
11800 0.021739130434782608 0.9962330476783471 
11900 0.021739130434782608 0.9962320484577474 
12000 0.043478260869565216 0.9962265372813135 
12100 0.043478260869565216 0.9962172996841799 
12200 0.08695652173913043 0.9961732466690186 
12300 0.043478260869565216 0.9961422807619034 
12400 0.06521739130434782 0.9961183880682835 
12500 0.043478260869565216 0.9960870521662615 
12600 0.043478260869565216 0.996069583849453 
12700 0.021739130434782608 0.9960814879348767 
12800 0.021739130434782608 0.9960944797111638 
12900 0.021739130434782608 0.9961028467628057 
13000 0.021739130434782608 0.9961129662266782 
13100 0.0 0.9961287389279943 
13200 0.0 0.9961576527469922 
13300 0.0 0.9961865404039578 
13400 0.021739130434782608 0.996192691655068 
13500 0.043478260869565216 0.9961826499164314 
13600 0.021739130434782608 0.996182545720743 
13700 0.021739130434782608 0.9961846247338341 
13800 0.021739130434782608 0.9961969123220434 
13900 0.021739130434782608 0.9962086321597132 
14000 0.043478260869565216 0.9962023287156507 
14100 0.043478260869565216 0.9961926459116375 
14200 0.043478260869565216 0.9961861611092911 
14300 0.021739130434782608 0.9961829972364353 
14400 0.021739130434782608 0.9961879911721107 
14500 0.043478260869565216 0.9961891683632014 
14600 0.06521739130434782 0.9961724628747882 
14700 0.08695652173913043 0.9961428607341115 
14800 0.06521739130434782 0.9961011741274826 
14900 0.06521739130434782 0.9960733595352514 
15000 0.043478260869565216 0.9960560600307805 
15100 0.043478260869565216 0.9960451078678925 
15200 0.021739130434782608 0.9960351936228452 
15300 0.021739130434782608 0.9960463652560361 
15400 0.021739130434782608 0.9960475110311866 
15500 0.021739130434782608 0.996057933148773 
15600 0.043478260869565216 0.9960537646694888 
15700 0.043478260869565216 0.9960505146445948 
15800 0.08695652173913043 0.9960204775151821 
15900 0.06521739130434782 0.9959602280961274 
16000 0.06521739130434782 0.9959299418786326 
16100 0.021739130434782608 0.995928723033676 
16200 0.021739130434782608 0.9959347316188212 
16300 0.021739130434782608 0.9959456675103955 
16400 0.0 0.9959639258475755 
16500 0.0 0.9959867386166319 
16600 0.0 0.9960109134337114 
16700 0.0 0.996034798749359 
16800 0.0 0.9960583997329352 
16900 0.0 0.9960817214314563 
17000 0.0 0.9961047687731923 
17100 0.021739130434782608 0.9961164233975638 
17200 0.021739130434782608 0.9961232031504741 
17300 0.0 0.9961368154140374 
17400 0.0 0.9961587040225075 
17500 0.0 0.9961791003247019 
17600 0.021739130434782608 0.9961913910523859 
17700 0.021739130434782608 0.9962023147795629 
17800 0.021739130434782608 0.9962077728901405 
17900 0.021739130434782608 0.9962142326272762 
18000 0.043478260869565216 0.9962197148467598 
18100 0.043478260869565216 0.9962150781964965 
18200 0.021739130434782608 0.9962231829115935 
18300 0.021739130434782608 0.9962301596729093 
18400 0.043478260869565216 0.9962284953795044 
18500 0.06521739130434782 0.9962148050751664 
18600 0.043478260869565216 0.9961992167321533 
18700 0.043478260869565216 0.9961867012459227 
18800 0.043478260869565216 0.9961802448065898 
18900 0.021739130434782608 0.9961781697770764 
19000 0.0 0.9961918480263052 
19100 0.021739130434782608 0.996198554366605 
19200 0.021739130434782608 0.9962057569465358 
19300 0.043478260869565216 0.9962114769903789 
19400 0.043478260869565216 0.9962028514890536 
19500 0.021739130434782608 0.9961966833361946 
19600 0.021739130434782608 0.9962058280078878 
19700 0.0 0.9962223281537242 
19800 0.0 0.9962414063409182 
19900 0.0 0.9962602927971721 
20000 0.0 0.9962749145151438 
20100 0.0 0.9962934463567679 
20200 0.0 0.9963117947238944 
20300 0.021739130434782608 0.9963125611717564 
20400 0.021739130434782608 0.9963150516918395 
20500 0.021739130434782608 0.9963184457598039 
20600 0.021739130434782608 0.9963190368555347 
20700 0.043478260869565216 0.9963106959756197 
20800 0.043478260869565216 0.9963013901923612 
20900 0.043478260869565216 0.9962871029678214 
21000 0.021739130434782608 0.9962867969020108 
21100 0.021739130434782608 0.9962912586050939 
21200 0.021739130434782608 0.9962938837995746 
21300 0.043478260869565216 0.9962917642160094 
21400 0.043478260869565216 0.9962836966171836 
21500 0.021739130434782608 0.9962808858233085 
21600 0.021739130434782608 0.996283384625913 
21700 0.021739130434782608 0.9962854847402344 
21800 0.06521739130434782 0.9962751010623765 
21900 0.08695652173913043 0.9962489304637668 
22000 0.043478260869565216 0.9962301614748736 
22100 0.043478260869565216 0.996225333105132 
22200 0.021739130434782608 0.9962233634207625 
22300 0.021739130434782608 0.9962286005891723 
22400 0.043478260869565216 0.9962295452648658 
22500 0.043478260869565216 0.9962225108835743 
22600 0.043478260869565216 0.996216019683623 
22700 0.06521739130434782 0.996204199010578 
22800 0.021739130434782608 0.9961914094156816 
22900 0.043478260869565216 0.9961900040438713 
23000 0.043478260869565216 0.996191918876873 
23100 0.021739130434782608 0.996192993715687 
23200 0.021739130434782608 0.9961947620323711 
23300 0.043478260869565216 0.9961976813833331 
23400 0.043478260869565216 0.9961954663773195 
23500 0.021739130434782608 0.9961953515391574 
23600 0.043478260869565216 0.9961901715660537 
23700 0.043478260869565216 0.9961890481597732 
23800 0.021739130434782608 0.9961798280306089 
23900 0.021739130434782608 0.9961862610805806 
24000 0.021739130434782608 0.9961913951049141 
24100 0.06521739130434782 0.9961905107671881 
24200 0.043478260869565216 0.9961757104898648 
24300 0.06521739130434782 0.9961646103309401 
24400 0.06521739130434782 0.9961411283928135 
24500 0.08695652173913043 0.9961239381533673 
24600 0.043478260869565216 0.9961117478434068 
24700 0.043478260869565216 0.9961123075460772 
24800 0.06521739130434782 0.9960992763265156 
24900 0.06521739130434782 0.9960825302982419 
