0 0.0 1.0 
100 0.15441176470588236 0.9844569015725102 
200 0.17647058823529413 0.9801909569798068 
300 0.22058823529411764 0.9748265585303889 
400 0.19852941176470587 0.9712575179697814 
500 0.19852941176470587 0.9706542796759422 
600 0.19852941176470587 0.9700437995497699 
700 0.17647058823529413 0.9696389611479399 
800 0.17647058823529413 0.9699915546743042 
900 0.2647058823529412 0.9689764640595416 
1000 0.22058823529411764 0.9678630193336075 
1100 0.19852941176470587 0.9669585136506919 
1200 0.15441176470588236 0.9667801342018906 
1300 0.2867647058823529 0.9664850567436813 
1400 0.19852941176470587 0.9657886173741446 
1500 0.2426470588235294 0.9651849747227339 
1600 0.22058823529411764 0.9648657089319176 
1700 0.19852941176470587 0.9647698585607082 
1800 0.19852941176470587 0.9645499232452559 
1900 0.15441176470588236 0.9648559581644336 
2000 0.19852941176470587 0.9647841520416263 
2100 0.15441176470588236 0.9647261808102584 
2200 0.17647058823529413 0.9652013122377529 
2300 0.1323529411764706 0.9650295907150344 
2400 0.11029411764705882 0.9654708822304432 
2500 0.17647058823529413 0.9657078345132535 
2600 0.2647058823529412 0.9654473957979962 
2700 0.2647058823529412 0.9653396345580069 
2800 0.19852941176470587 0.965212004116177 
2900 0.2426470588235294 0.9649664415921487 
3000 0.17647058823529413 0.9648769037771723 
3100 0.22058823529411764 0.9646781398789764 
3200 0.15441176470588236 0.9646606299501994 
3300 0.2426470588235294 0.9647622378245452 
3400 0.19852941176470587 0.9646622100766211 
3500 0.15441176470588236 0.9646676579800729 
3600 0.19852941176470587 0.9646105248542072 
3700 0.1323529411764706 0.9647849547816966 
3800 0.19852941176470587 0.9648380070260149 
3900 0.22058823529411764 0.9646762896391574 
4000 0.22058823529411764 0.964691731478895 
4100 0.17647058823529413 0.9646759398711935 
4200 0.19852941176470587 0.9646538989316269 
4300 0.17647058823529413 0.9646987020802276 
4400 0.19852941176470587 0.9646128219522301 
4500 0.19852941176470587 0.964676967209901 
4600 0.22058823529411764 0.9646216615313806 
4700 0.17647058823529413 0.9646844538708911 
4800 0.17647058823529413 0.9646129176519598 
4900 0.19852941176470587 0.9645413000948185 
5000 0.19852941176470587 0.964645306232871 
5100 0.19852941176470587 0.9647156843525491 
5200 0.17647058823529413 0.9646978239478833 
5300 0.2426470588235294 0.9646300087663815 
5400 0.11029411764705882 0.9646559188385593 
5500 0.22058823529411764 0.9646327673043403 
5600 0.19852941176470587 0.964630134324753 
5700 0.2426470588235294 0.9646172756069626 
5800 0.15441176470588236 0.9647049950819838 
5900 0.11029411764705882 0.9649479898721054 
6000 0.17647058823529413 0.9651877873295627 
6100 0.15441176470588236 0.9653208972492455 
6200 0.19852941176470587 0.9653554455163779 
6300 0.2867647058823529 0.9652722023581691 
6400 0.17647058823529413 0.9651938575774006 
6500 0.2647058823529412 0.965104915985776 
6600 0.2647058823529412 0.9649512774356827 
6700 0.2426470588235294 0.9648516024825092 
6800 0.2647058823529412 0.9648218903794424 
6900 0.22058823529411764 0.9647418958889163 
7000 0.19852941176470587 0.9648878941663795 
7100 0.15441176470588236 0.964899827696182 
7200 0.17647058823529413 0.9650181347361886 
7300 0.15441176470588236 0.9650158721206603 
7400 0.22058823529411764 0.9651477940182964 
7500 0.17647058823529413 0.965146803955551 
7600 0.17647058823529413 0.9651371336588839 
7700 0.19852941176470587 0.9651215082838746 
7800 0.2426470588235294 0.9650610404397626 
7900 0.2426470588235294 0.9650197852840668 
8000 0.19852941176470587 0.9649938059213187 
8100 0.22058823529411764 0.9649498609467241 
8200 0.17647058823529413 0.9649558518688539 
8300 0.15441176470588236 0.9649927010920016 
8400 0.17647058823529413 0.9650846887975522 
8500 0.19852941176470587 0.9650862874263928 
8600 0.22058823529411764 0.965166071660614 
8700 0.17647058823529413 0.9651421912288648 
8800 0.17647058823529413 0.9651046505410481 
8900 0.17647058823529413 0.9651720394932493 
9000 0.2647058823529412 0.9652489592659639 
9100 0.2426470588235294 0.9651581597368097 
9200 0.1323529411764706 0.9651880070580563 
9300 0.1323529411764706 0.9652207700626751 
9400 0.2647058823529412 0.9651660180080968 
9500 0.17647058823529413 0.9650857185311763 
9600 0.15441176470588236 0.9651070354191046 
9700 0.19852941176470587 0.9650722029869571 
9800 0.1323529411764706 0.9650894716625554 
9900 0.2426470588235294 0.9651754576186601 
10000 0.19852941176470587 0.9651928189533988 
10100 0.1323529411764706 0.9652549689314395 
10200 0.1323529411764706 0.9653501386830587 
10300 0.0661764705882353 0.9655366126646756 
10400 0.15441176470588236 0.9656534015394448 
10500 0.22058823529411764 0.9656548816079141 
10600 0.15441176470588236 0.9656920545786468 
10700 0.2426470588235294 0.9656718448523227 
10800 0.22058823529411764 0.9656240979865699 
10900 0.22058823529411764 0.9656129766831969 
11000 0.22058823529411764 0.9656461712036873 
11100 0.17647058823529413 0.9657128796027915 
11200 0.15441176470588236 0.9657278499293656 
11300 0.17647058823529413 0.9657139269299437 
11400 0.15441176470588236 0.9657279805177048 
11500 0.17647058823529413 0.9657756742380458 
11600 0.17647058823529413 0.9657813474497634 
11700 0.17647058823529413 0.9658108029982354 
11800 0.22058823529411764 0.9657665477003444 
11900 0.15441176470588236 0.9657474408972059 
12000 0.11029411764705882 0.965794517123573 
12100 0.17647058823529413 0.9658277512310601 
12200 0.15441176470588236 0.9658535100787303 
12300 0.2426470588235294 0.9659344410067091 
12400 0.08823529411764706 0.9660081373892997 
12500 0.22058823529411764 0.9659983083706245 
12600 0.15441176470588236 0.965956249970824 
12700 0.1323529411764706 0.9660242709003923 
12800 0.2647058823529412 0.9659927188592803 
12900 0.19852941176470587 0.9659642207398423 
13000 0.15441176470588236 0.9660026151834474 
13100 0.19852941176470587 0.9660157284805381 
13200 0.17647058823529413 0.9660016286644951 
13300 0.17647058823529413 0.9660435747865044 
13400 0.11029411764705882 0.9660698060285229 
13500 0.15441176470588236 0.9661223351647155 
13600 0.17647058823529413 0.9661030006444162 
13700 0.17647058823529413 0.9660949501324506 
13800 0.11029411764705882 0.9661477535728442 
13900 0.15441176470588236 0.9661786392853667 
14000 0.17647058823529413 0.9662201124289441 
14100 0.19852941176470587 0.9662396179661851 
14200 0.22058823529411764 0.9662640265598529 
14300 0.17647058823529413 0.96630840295002 
14400 0.11029411764705882 0.9663447595550962 
14500 0.17647058823529413 0.9663717410969629 
14600 0.08823529411764706 0.9664482086239057 
14700 0.15441176470588236 0.9664733691585606 
14800 0.19852941176470587 0.9664435431628229 
14900 0.11029411764705882 0.966476045824007 
15000 0.17647058823529413 0.966481156158217 
15100 0.22058823529411764 0.9664423762353097 
15200 0.17647058823529413 0.9664742451154529 
15300 0.19852941176470587 0.9665215556845573 
15400 0.17647058823529413 0.9665257603593349 
15500 0.17647058823529413 0.9665517310078666 
15600 0.15441176470588236 0.9666051761387845 
15700 0.19852941176470587 0.9666127485323153 
15800 0.19852941176470587 0.9665571706183897 
15900 0.1323529411764706 0.9665337363169908 
16000 0.15441176470588236 0.9665751589055096 
16100 0.15441176470588236 0.9665688009878817 
16200 0.15441176470588236 0.9666124458548311 
16300 0.17647058823529413 0.9666318739016372 
16400 0.35294117647058826 0.9665921105958388 
16500 0.1323529411764706 0.9666076387527316 
16600 0.11029411764705882 0.9666816669442309 
16700 0.1323529411764706 0.9667222286795084 
16800 0.19852941176470587 0.9667152602961309 
16900 0.17647058823529413 0.9666992381237448 
17000 0.2426470588235294 0.9666451281412513 
17100 0.1323529411764706 0.9666699057846634 
17200 0.22058823529411764 0.9666939678609657 
17300 0.2647058823529412 0.9666952267294988 
17400 0.19852941176470587 0.9666833718143312 
17500 0.1323529411764706 0.966730472544426 
17600 0.17647058823529413 0.9667536436766627 
17700 0.11029411764705882 0.9667755145106458 
17800 0.15441176470588236 0.9668260540551258 
17900 0.15441176470588236 0.9668542588813639 
18000 0.15441176470588236 0.9668774528866043 
18100 0.2426470588235294 0.9668626124003549 
18200 0.2426470588235294 0.966873386077688 
18300 0.1323529411764706 0.9668741984526722 
18400 0.17647058823529413 0.9668913853786719 
18500 0.19852941176470587 0.9668823545309156 
18600 0.1323529411764706 0.9669008940063311 
18700 0.2647058823529412 0.9668718564908451 
18800 0.22058823529411764 0.966819075643661 
18900 0.1323529411764706 0.9668403788159357 
19000 0.1323529411764706 0.9668864177427194 
19100 0.2426470588235294 0.9668769266776917 
19200 0.19852941176470587 0.9668357499762573 
19300 0.1323529411764706 0.9668588110338691 
19400 0.17647058823529413 0.9668420290646025 
19500 0.2426470588235294 0.9668310750278266 
19600 0.17647058823529413 0.9668418027891734 
19700 0.08823529411764706 0.9668873183505167 
19800 0.11029411764705882 0.9669375729686854 
19900 0.2426470588235294 0.9669529612759631 
20000 0.17647058823529413 0.9669560639615078 
20100 0.19852941176470587 0.9669397483882862 
20200 0.2426470588235294 0.9669294181709117 
20300 0.17647058823529413 0.9669085049418024 
20400 0.1323529411764706 0.9669337503640248 
20500 0.22058823529411764 0.9669467343056436 
20600 0.2426470588235294 0.9669205092842438 
20700 0.17647058823529413 0.966929524575397 
20800 0.22058823529411764 0.9669315601342695 
20900 0.2647058823529412 0.9669105334110104 
21000 0.17647058823529413 0.9668750017506169 
21100 0.11029411764705882 0.9668833648809507 
21200 0.1323529411764706 0.9669226895512698 
21300 0.2426470588235294 0.966908485379035 
21400 0.22058823529411764 0.9668906345772738 
21500 0.15441176470588236 0.9669016762558239 
21600 0.11029411764705882 0.9669458045243003 
21700 0.22058823529411764 0.9669771588189213 
21800 0.2867647058823529 0.966921377055019 
21900 0.17647058823529413 0.9668894383012325 
22000 0.2426470588235294 0.9668952213402064 
22100 0.11029411764705882 0.9669054434587735 
22200 0.19852941176470587 0.966939419792961 
22300 0.15441176470588236 0.9669514951848638 
22400 0.19852941176470587 0.9669752794649399 
22500 0.19852941176470587 0.9670155182645477 
22600 0.08823529411764706 0.9670493822501347 
22700 0.15441176470588236 0.9671009245511341 
22800 0.17647058823529413 0.9670907429240719 
22900 0.17647058823529413 0.9670825766663156 
23000 0.11029411764705882 0.9671027730252137 
23100 0.2426470588235294 0.9670847582355743 
23200 0.19852941176470587 0.9670786249071415 
23300 0.19852941176470587 0.9670518748248623 
23400 0.19852941176470587 0.9670528471633942 
23500 0.15441176470588236 0.9670534983492567 
23600 0.2867647058823529 0.9670479129747742 
23700 0.2426470588235294 0.9670054564587743 
23800 0.2426470588235294 0.966945129591688 
23900 0.17647058823529413 0.9669434517876436 
24000 0.19852941176470587 0.9669557273348904 
24100 0.17647058823529413 0.9669703417236776 
24200 0.15441176470588236 0.9669842276814036 
24300 0.17647058823529413 0.966975003449386 
24400 0.15441176470588236 0.9669824283961361 
24500 0.19852941176470587 0.9669936941349333 
24600 0.19852941176470587 0.9669836472453296 
24700 0.17647058823529413 0.9669650490454066 
24800 0.15441176470588236 0.96696913312319 
24900 0.2647058823529412 0.9669569436143599 
