0 0.0 1.0 
100 0.05921052631578947 0.9945609692548202 
200 0.09868421052631579 0.987054857292485 
300 0.15789473684210525 0.9845689805910124 
400 0.11842105263157894 0.9822893424333902 
500 0.09868421052631579 0.9815894526736002 
600 0.13815789473684212 0.9815110780278483 
700 0.13815789473684212 0.9809529619340791 
800 0.13815789473684212 0.9808216702805703 
900 0.13815789473684212 0.9806099947426836 
1000 0.17763157894736842 0.9796190651453809 
1100 0.09868421052631579 0.9793160523925618 
1200 0.15789473684210525 0.9789868092379158 
1300 0.13815789473684212 0.9781746834418868 
1400 0.13815789473684212 0.9776029339945151 
1500 0.13815789473684212 0.9772520074336407 
1600 0.11842105263157894 0.9770599789605181 
1700 0.17763157894736842 0.9769814195983787 
1800 0.09868421052631579 0.9769097577369298 
1900 0.2565789473684211 0.9762797973365819 
2000 0.23684210526315788 0.9756454009837187 
2100 0.09868421052631579 0.9754330644555225 
2200 0.09868421052631579 0.9758393314043856 
2300 0.15789473684210525 0.9760930602255312 
2400 0.11842105263157894 0.9759119007431114 
2500 0.19736842105263158 0.9757531198047097 
2600 0.15789473684210525 0.9757545174932718 
2700 0.17763157894736842 0.9755463376137493 
2800 0.15789473684210525 0.9755855521524268 
2900 0.21710526315789475 0.9752966309258151 
3000 0.21710526315789475 0.9749699661516337 
3100 0.13815789473684212 0.9747831769038849 
3200 0.09868421052631579 0.9749204607112909 
3300 0.13815789473684212 0.9748561042108452 
3400 0.19736842105263158 0.9747442702610687 
3500 0.13815789473684212 0.9746557374584706 
3600 0.17763157894736842 0.9745163989535071 
3700 0.13815789473684212 0.9745934598046048 
3800 0.19736842105263158 0.9744639568534597 
3900 0.17763157894736842 0.9742120778747689 
4000 0.13815789473684212 0.97416435364843 
4100 0.11842105263157894 0.9741967620220999 
4200 0.17763157894736842 0.9742652125433794 
4300 0.15789473684210525 0.9743664264124622 
4400 0.15789473684210525 0.9742111541635274 
4500 0.09868421052631579 0.9742199101953952 
4600 0.11842105263157894 0.9743433921687505 
4700 0.17763157894736842 0.974298581488821 
4800 0.2565789473684211 0.9741590293688814 
4900 0.11842105263157894 0.974041280512033 
5000 0.15789473684210525 0.9740519001462865 
5100 0.13815789473684212 0.9740556547219843 
5200 0.15789473684210525 0.9740927858003016 
5300 0.17763157894736842 0.9740056493809509 
5400 0.09868421052631579 0.9740338046560578 
5500 0.17763157894736842 0.9741673762665162 
5600 0.13815789473684212 0.9741546387393228 
5700 0.05921052631578947 0.9742081259982089 
5800 0.13815789473684212 0.9743476623812591 
5900 0.09868421052631579 0.9743314023492896 
6000 0.17763157894736842 0.9743891368982363 
6100 0.21710526315789475 0.9743651817217195 
6200 0.17763157894736842 0.9742921345453619 
6300 0.13815789473684212 0.9743122436705953 
6400 0.11842105263157894 0.9743270993841423 
6500 0.13815789473684212 0.9743349201337446 
6600 0.11842105263157894 0.974347487222829 
6700 0.11842105263157894 0.974396987095406 
6800 0.17763157894736842 0.974443580278442 
6900 0.15789473684210525 0.9744316231819949 
7000 0.11842105263157894 0.9744796795946443 
7100 0.15789473684210525 0.9744369770010154 
7200 0.19736842105263158 0.9744027693522098 
7300 0.15789473684210525 0.9743244436594842 
7400 0.23684210526315788 0.9742691243715288 
7500 0.13815789473684212 0.9742319445126615 
7600 0.21710526315789475 0.9741918480255368 
7700 0.19736842105263158 0.9741626172950881 
7800 0.13815789473684212 0.9740544397142067 
7900 0.21710526315789475 0.9740447578254585 
8000 0.17763157894736842 0.9740332622895822 
8100 0.17763157894736842 0.9739822569013572 
8200 0.15789473684210525 0.9738530763257369 
8300 0.11842105263157894 0.9739156347681637 
8400 0.15789473684210525 0.9738913443888259 
8500 0.07894736842105263 0.9738966468341186 
8600 0.13815789473684212 0.9738892050495964 
8700 0.07894736842105263 0.9739677532528022 
8800 0.09868421052631579 0.9740650733469283 
8900 0.09868421052631579 0.9740785334586889 
9000 0.17763157894736842 0.9741245855723633 
9100 0.17763157894736842 0.9740673378865249 
9200 0.11842105263157894 0.9740996401992918 
9300 0.13815789473684212 0.9741782858662622 
9400 0.09868421052631579 0.9741842273218415 
9500 0.13815789473684212 0.9742551338086296 
9600 0.15789473684210525 0.9742724853222526 
9700 0.15789473684210525 0.9743152496487069 
9800 0.09868421052631579 0.9743467369065455 
9900 0.15789473684210525 0.9744134696654777 
10000 0.17763157894736842 0.9744229524415979 
10100 0.15789473684210525 0.9743934941303363 
10200 0.09868421052631579 0.9744033092730847 
10300 0.19736842105263158 0.9744455060571534 
10400 0.15789473684210525 0.9744059275676934 
10500 0.17763157894736842 0.9743796330174068 
10600 0.07894736842105263 0.9744193075131939 
10700 0.15789473684210525 0.9744484037399358 
10800 0.17763157894736842 0.9744608199045898 
10900 0.17763157894736842 0.974492924357495 
11000 0.17763157894736842 0.9744739114625943 
11100 0.21710526315789475 0.9743384901312826 
11200 0.17763157894736842 0.9743106231116583 
11300 0.2565789473684211 0.9742267801172696 
11400 0.19736842105263158 0.9741449849736172 
11500 0.27631578947368424 0.9740660423121101 
11600 0.13815789473684212 0.9740607660864081 
11700 0.17763157894736842 0.9740555800448905 
11800 0.15789473684210525 0.9740451857335908 
11900 0.15789473684210525 0.974004008951039 
12000 0.17763157894736842 0.9740194347839435 
12100 0.19736842105263158 0.973935385940266 
12200 0.13815789473684212 0.9739508517420918 
12300 0.13815789473684212 0.9739596481244571 
12400 0.17763157894736842 0.9739362063331055 
12500 0.21710526315789475 0.9738723533696252 
12600 0.17763157894736842 0.9738729486799294 
12700 0.11842105263157894 0.9739149735412462 
12800 0.11842105263157894 0.9739961721740489 
12900 0.09868421052631579 0.9740863111386714 
13000 0.17763157894736842 0.9741105441281844 
13100 0.15789473684210525 0.974095237808283 
13200 0.13815789473684212 0.974107822772597 
13300 0.17763157894736842 0.9740727349348486 
13400 0.13815789473684212 0.9740732722224186 
13500 0.09868421052631579 0.9741125413712045 
13600 0.15789473684210525 0.9741212430200565 
13700 0.09868421052631579 0.9741749545749638 
13800 0.05921052631578947 0.9742309863129675 
13900 0.11842105263157894 0.9743212339892245 
14000 0.09868421052631579 0.9743606189783437 
14100 0.11842105263157894 0.9744122757251259 
14200 0.21710526315789475 0.9744180357943658 
14300 0.13815789473684212 0.974422335206592 
14400 0.13815789473684212 0.9744192654749853 
14500 0.19736842105263158 0.9743808503224823 
14600 0.15789473684210525 0.9743438625328474 
14700 0.13815789473684212 0.9743590661573327 
14800 0.19736842105263158 0.9742911663152205 
14900 0.13815789473684212 0.9742720817041597 
15000 0.13815789473684212 0.9742995203828517 
15100 0.19736842105263158 0.9742982775626571 
15200 0.27631578947368424 0.9742347283246601 
15300 0.13815789473684212 0.9741975928645874 
15400 0.15789473684210525 0.9742154046729706 
15500 0.17763157894736842 0.9742283180372064 
15600 0.15789473684210525 0.9742107034299421 
15700 0.09868421052631579 0.9741985508800981 
15800 0.17763157894736842 0.9741782248958261 
15900 0.11842105263157894 0.9741374673555784 
16000 0.07894736842105263 0.9741479973291143 
16100 0.17763157894736842 0.9741469555666696 
16200 0.17763157894736842 0.9741625760593076 
16300 0.13815789473684212 0.974198588074997 
16400 0.09868421052631579 0.9742291468106887 
16500 0.11842105263157894 0.9742651163087405 
16600 0.15789473684210525 0.9742786579121739 
16700 0.11842105263157894 0.9742579628071436 
16800 0.11842105263157894 0.9742919437752765 
16900 0.13815789473684212 0.9743078111229794 
17000 0.15789473684210525 0.9742985319748994 
17100 0.17763157894736842 0.9743105204681782 
17200 0.19736842105263158 0.9742887117946019 
17300 0.09868421052631579 0.9743063224212778 
17400 0.07894736842105263 0.9743125773170931 
17500 0.23684210526315788 0.9742980852221979 
17600 0.15789473684210525 0.9743144079732312 
17700 0.19736842105263158 0.974298768431162 
17800 0.11842105263157894 0.9743154583272968 
17900 0.17763157894736842 0.9743132183147662 
18000 0.19736842105263158 0.9743100894979518 
18100 0.21710526315789475 0.9742386652089591 
18200 0.15789473684210525 0.9742195339180323 
18300 0.11842105263157894 0.9742045660432705 
18400 0.19736842105263158 0.9742097826491123 
18500 0.21710526315789475 0.974227388846691 
18600 0.11842105263157894 0.9742387930473461 
18700 0.11842105263157894 0.9742484921999668 
18800 0.05921052631578947 0.9742832828041061 
18900 0.15789473684210525 0.9743370233822215 
19000 0.21710526315789475 0.9743306446475116 
19100 0.17763157894736842 0.9743079723023594 
19200 0.13815789473684212 0.9742985562703697 
19300 0.17763157894736842 0.9742967367384837 
19400 0.23684210526315788 0.9742815413746986 
19500 0.11842105263157894 0.9742690320874233 
19600 0.19736842105263158 0.9742828306289422 
19700 0.09868421052631579 0.974315189717861 
19800 0.15789473684210525 0.9743453945707155 
19900 0.15789473684210525 0.9743495103393376 
20000 0.15789473684210525 0.9743567097960891 
20100 0.09868421052631579 0.9743857663535985 
20200 0.19736842105263158 0.974394343427501 
20300 0.09868421052631579 0.9743987851259596 
20400 0.17763157894736842 0.9744181786754519 
20500 0.17763157894736842 0.9744226212328538 
20600 0.11842105263157894 0.974450971976322 
20700 0.13815789473684212 0.9744653830605692 
20800 0.19736842105263158 0.9744269949066214 
20900 0.09868421052631579 0.9743894462365186 
21000 0.17763157894736842 0.9743970525213085 
21100 0.19736842105263158 0.9743935183914956 
21200 0.23684210526315788 0.97436069301597 
21300 0.15789473684210525 0.9743142773133953 
21400 0.11842105263157894 0.9743294705854867 
21500 0.17763157894736842 0.9743261635321735 
21600 0.17763157894736842 0.9743333946527817 
21700 0.11842105263157894 0.9743335863736573 
21800 0.19736842105263158 0.9743147646534804 
21900 0.17763157894736842 0.9742901069165311 
22000 0.27631578947368424 0.9742803257746657 
22100 0.11842105263157894 0.9742862611598904 
22200 0.11842105263157894 0.9743173316043137 
22300 0.13815789473684212 0.9743531385186881 
22400 0.15789473684210525 0.9743514739708519 
22500 0.13815789473684212 0.974348654679675 
22600 0.17763157894736842 0.9743414939720879 
22700 0.15789473684210525 0.9743385985778508 
22800 0.11842105263157894 0.9743579459811319 
22900 0.17763157894736842 0.9743866045840334 
23000 0.15789473684210525 0.9743915596347069 
23100 0.15789473684210525 0.9743544651746677 
23200 0.15789473684210525 0.9743364056449473 
23300 0.09868421052631579 0.9743441946245813 
23400 0.17763157894736842 0.9743443262658591 
23500 0.15789473684210525 0.9743429170987125 
23600 0.09868421052631579 0.9743677230447416 
23700 0.09868421052631579 0.9743842698176182 
23800 0.13815789473684212 0.9743970841561279 
23900 0.15789473684210525 0.9744265820192505 
24000 0.15789473684210525 0.9744367833357821 
24100 0.15789473684210525 0.9744290201978952 
24200 0.15789473684210525 0.9744187386776101 
24300 0.13815789473684212 0.9744170696895731 
24400 0.15789473684210525 0.9744195934592844 
24500 0.11842105263157894 0.9744345826915765 
24600 0.09868421052631579 0.9744445026838875 
24700 0.15789473684210525 0.9744701897856256 
24800 0.11842105263157894 0.9744825389044159 
24900 0.11842105263157894 0.9744883158359736 
