0 0.05 0.95625 
100 0.26875 0.8813428217821783 
200 0.2875 0.8758706467661691 
300 0.2375 0.8748235049833887 
400 0.25 0.8759507481296758 
500 0.19375 0.8757297904191617 
600 0.2 0.876029534109817 
700 0.25 0.8767876248216833 
800 0.23125 0.8765098314606742 
900 0.20625 0.8766197280799112 
1000 0.2375 0.8763205544455545 
1100 0.2375 0.876566757493188 
1200 0.225 0.8765429850124896 
1300 0.2875 0.876652574942352 
1400 0.2375 0.8764498572448252 
1500 0.275 0.8765593770819454 
1600 0.2625 0.8762062773266708 
1700 0.24375 0.8760030864197531 
1800 0.25 0.8759508606329817 
1900 0.275 0.8758712519726459 
2000 0.23125 0.876210332333833 
2100 0.25 0.8763579842931937 
2200 0.25 0.8759853475692867 
2300 0.29375 0.8759140047805302 
2400 0.225 0.8758629216992919 
2500 0.25625 0.8759958516593362 
2600 0.25 0.8759707804690504 
2700 0.24375 0.8761326823398741 
2800 0.24375 0.8760855498036415 
2900 0.2125 0.8761698552223371 
3000 0.23125 0.87620688937021 
3100 0.24375 0.8763110690099968 
3200 0.26875 0.8761119572008748 
3300 0.25625 0.8759542562859739 
3400 0.20625 0.8761623419582476 
3500 0.23125 0.8762380391316766 
3600 0.2375 0.8762999861149681 
3700 0.23125 0.8764033369359633 
3800 0.25625 0.8765226256248355 
3900 0.2375 0.8765164380927967 
4000 0.23125 0.8766769245188702 
4100 0.24375 0.8767000426725189 
4200 0.2625 0.8766357712449416 
4300 0.2375 0.8767045454545455 
4400 0.25625 0.876623920699841 
4500 0.2125 0.8765343812486114 
4600 0.23125 0.8766069876113888 
4700 0.2125 0.8765595086151883 
4800 0.23125 0.8766988648198292 
4900 0.275 0.8767388033054478 
5000 0.28125 0.8766721655668867 
5100 0.26875 0.8766834934326603 
5200 0.25625 0.876734041530475 
5300 0.26875 0.8766647802301453 
5400 0.24375 0.8766576791334938 
5500 0.21875 0.8767422968551173 
5600 0.26875 0.8767039367970005 
5700 0.24375 0.8766521224346606 
5800 0.21875 0.8765261377348733 
5900 0.2625 0.876598775631249 
6000 0.2375 0.8766507665389102 
6100 0.25 0.8767246148172431 
6200 0.275 0.8767366150620868 
6300 0.25625 0.8766455721314077 
6400 0.24375 0.8766271871582565 
6500 0.25 0.8766651284417782 
6600 0.26875 0.8766190728677473 
6700 0.24375 0.8766051708700194 
6800 0.2625 0.8764915086016762 
6900 0.25 0.8764871033183597 
7000 0.26875 0.8764484537923154 
7100 0.2375 0.8765261934938741 
7200 0.225 0.8765575093736981 
7300 0.2375 0.8765802629776743 
7400 0.2875 0.8765280874206188 
7500 0.20625 0.8765460438608186 
7600 0.25625 0.8766017629259308 
7700 0.23125 0.8766661797169198 
7800 0.2625 0.8766183822586848 
7900 0.23125 0.8765777275028478 
8000 0.24375 0.8765904261967254 
8100 0.2375 0.8765491914578447 
8200 0.25625 0.8765577368613584 
8300 0.2375 0.8764956782315384 
8400 0.25625 0.8765031692655636 
8500 0.24375 0.876497985531114 
8600 0.24375 0.8765063655388908 
8700 0.3125 0.8765134754625905 
8800 0.24375 0.8764891773662083 
8900 0.2375 0.876506853162566 
9000 0.24375 0.8765779496722587 
9100 0.2125 0.8766447368421053 
9200 0.1875 0.8766825616780785 
9300 0.23125 0.8766681674013547 
9400 0.23125 0.8766540793532603 
9500 0.275 0.8765965424692138 
9600 0.2 0.8766476148317883 
9700 0.28125 0.8766699309349552 
9800 0.28125 0.8766458779716355 
9900 0.28125 0.8766276764973235 
10000 0.25625 0.8765620312968703 
10100 0.25 0.8765555390555391 
10200 0.275 0.876548867758063 
10300 0.25625 0.8765635617901175 
10400 0.25625 0.8765362104605326 
10500 0.25 0.8765206885058566 
10600 0.26875 0.8765284525044807 
10700 0.2125 0.8765261424165965 
10800 0.25 0.8765802934913434 
10900 0.2625 0.876597903862031 
11000 0.25 0.8766063880556313 
11100 0.2125 0.8766437145302225 
11200 0.25625 0.8765871908758147 
11300 0.24375 0.8765634678347048 
11400 0.21875 0.8765609924568021 
11500 0.25625 0.8765419854795236 
11600 0.25625 0.8765424316869236 
11700 0.2625 0.8765036108024955 
11800 0.2125 0.8765186742648928 
11900 0.25 0.8765271825896983 
12000 0.24375 0.8765589846679444 
12100 0.2375 0.8765574642591522 
12200 0.29375 0.8766148778788624 
12300 0.225 0.87656288106658 
12400 0.26875 0.8765711938553342 
12500 0.2375 0.8765496260299176 
12600 0.225 0.8765648559638124 
12700 0.21875 0.876576155420833 
12800 0.21875 0.8765687250996016 
12900 0.24375 0.8765606832803658 
13000 0.25625 0.876560216521806 
13100 0.2375 0.8765297019311503 
13200 0.25625 0.8765228486478297 
13300 0.2625 0.8765001221712653 
13400 0.25 0.8764940582792329 
13500 0.23125 0.8765022035404785 
13600 0.25625 0.8765315969414014 
13700 0.25 0.8765124352237063 
13800 0.19375 0.8765313654807623 
13900 0.23125 0.8765241709229552 
14000 0.2375 0.8765179719305763 
14100 0.21875 0.8764996720090774 
14200 0.225 0.876517058657841 
14300 0.24375 0.8765092913083001 
14400 0.2125 0.8764771109645163 
14500 0.26875 0.8764772688090476 
14600 0.2625 0.876464796931717 
14700 0.2375 0.8765041493775934 
14800 0.24375 0.876504754746301 
14900 0.23125 0.8765298889336286 
15000 0.24375 0.8765426054929671 
15100 0.25625 0.8765129378849082 
15200 0.25 0.876502573843826 
15300 0.24375 0.8764878521011699 
15400 0.16875 0.87651025095773 
15500 0.23125 0.8765283288174956 
15600 0.24375 0.8765399653868342 
15700 0.2375 0.8765661820903127 
15800 0.225 0.8765465793304221 
15900 0.2375 0.8765401940129551 
16000 0.2625 0.8765434582213611 
16100 0.25 0.8765082525930067 
16200 0.275 0.8765010647490895 
16300 0.25 0.8765117937549843 
16400 0.275 0.8765128650692031 
16500 0.24375 0.876493848857645 
16600 0.275 0.8764914387687489 
16700 0.25625 0.8764561253817137 
16800 0.2375 0.8764608505446104 
16900 0.23125 0.8764808665167741 
17000 0.25 0.8764776704311511 
17100 0.225 0.8764745117244606 
17200 0.2375 0.8764748415789779 
17300 0.225 0.8765080414426911 
17400 0.28125 0.8765349333371645 
17500 0.25 0.8765454474030056 
17600 0.25 0.876537554684393 
17700 0.23125 0.8765497005818881 
17800 0.21875 0.8765367816414809 
17900 0.2375 0.87652557817999 
18000 0.25625 0.8765348105660796 
18100 0.24375 0.876508721893818 
18200 0.2625 0.8764990591176309 
18300 0.19375 0.8765082850663898 
18400 0.2375 0.8764978805499701 
18500 0.2625 0.8764870817793633 
18600 0.275 0.8765083194451911 
18700 0.2875 0.8765229800545425 
18800 0.25 0.8765145470985586 
18900 0.2625 0.8765220755515581 
19000 0.2 0.8765079798431662 
19100 0.275 0.8765144822260614 
19200 0.25 0.8765145695536691 
19300 0.23125 0.8764819504170769 
19400 0.2125 0.8764823655997114 
19500 0.24375 0.8764835777652428 
19600 0.25625 0.8764702693740115 
19700 0.25 0.876454240901477 
19800 0.23125 0.8764539985354275 
19900 0.25 0.876458312396362 
20000 0.25625 0.8764488338083096 
20100 0.2 0.8764452017312572 
20200 0.275 0.8764338708479779 
20300 0.2125 0.8764552854539185 
20400 0.21875 0.8764761837655017 
20500 0.2625 0.8764593800302424 
20600 0.2125 0.8764560882966846 
20700 0.2375 0.8764792461716825 
20800 0.2625 0.8764740877842412 
20900 0.24375 0.8764890136835558 
21000 0.25 0.8764848995285939 
21100 0.25 0.87648615586939 
21200 0.24375 0.8764863685675204 
21300 0.21875 0.87650110323459 
21400 0.23125 0.8765028503340966 
21500 0.29375 0.8765265278359146 
21600 0.275 0.8765165675200223 
21700 0.23125 0.8765084270310124 
21800 0.21875 0.8764947708820696 
21900 0.24375 0.8764949374457788 
22000 0.23125 0.8764992216262897 
22100 0.2 0.876487347857563 
22200 0.21875 0.8764913461105356 
22300 0.2375 0.8764684038832339 
22400 0.2375 0.8764585007365743 
22500 0.225 0.8764620183547398 
22600 0.24375 0.8764762897659396 
22700 0.2625 0.8764600127747676 
22800 0.25625 0.8764592287618964 
22900 0.225 0.8764531297759923 
23000 0.225 0.8764696371896874 
23100 0.275 0.8764662514609757 
23200 0.2375 0.8764707070815914 
23300 0.25625 0.8764753926870091 
23400 0.2375 0.8764570691423443 
23500 0.26875 0.8764706820986341 
23600 0.23125 0.8764722628278463 
23700 0.2375 0.8764560303362727 
23800 0.25 0.8764656684593084 
23900 0.26875 0.876449337893812 
24000 0.25625 0.8764465543102371 
24100 0.175 0.8764370513671632 
24200 0.24375 0.8764509989256642 
24300 0.2375 0.8764500432080984 
24400 0.2375 0.8764398743903938 
24500 0.25625 0.8764592516631974 
24600 0.24375 0.8764717389537011 
24700 0.2375 0.8764861493461803 
24800 0.275 0.8764668007338414 
24900 0.26875 0.8764356853138429 
25000 0.25 0.8764230680772769 
25100 0.25 0.8764455350384447 
25200 0.25625 0.8764362029284553 
25300 0.2625 0.8764116289869965 
25400 0.24375 0.876405579504744 
25500 0.26875 0.8763921022704992 
25600 0.23125 0.8763994814655678 
25700 0.28125 0.8763722715069453 
25800 0.23125 0.8763606546257897 
25900 0.225 0.8764008870313887 
26000 0.21875 0.8763962203376793 
26100 0.25 0.8763800955902072 
26200 0.275 0.8763694610892714 
26300 0.24375 0.876366155279267 
26400 0.25 0.8763668989810992 
26500 0.2125 0.8763527791404098 
26600 0.225 0.8763663725047931 
26700 0.275 0.8763823218231527 
26800 0.24375 0.876390223312563 
26900 0.2 0.8763726255529535 
27000 0.2625 0.8763839765193882 
27100 0.28125 0.8763674541529833 
27200 0.24375 0.8763665628101908 
27300 0.29375 0.8763668226438592 
27400 0.2625 0.8763659401116748 
27500 0.21875 0.8763400649067307 
27600 0.19375 0.8763269446759175 
27700 0.225 0.8763434758672972 
27800 0.2375 0.8763380813639797 
27900 0.275 0.8763248853087703 
28000 0.2 0.8763188145066247 
28100 0.23125 0.8763229066581261 
28200 0.2125 0.876326194106592 
28300 0.2375 0.876307153457475 
28400 0.2125 0.8763112434421323 
28500 0.275 0.8763329576155222 
28600 0.225 0.8763513513513513 
28700 0.225 0.8763440298247448 
28800 0.24375 0.876351298566022 
28900 0.2375 0.8763674916092868 
29000 0.2375 0.8763528628323162 
29100 0.25 0.8763425225937252 
29200 0.2375 0.8763481986918257 
29300 0.275 0.876354475956452 
29400 0.2 0.8763546520526513 
29500 0.28125 0.8763455052371106 
29600 0.2 0.8763446547413939 
29700 0.29375 0.8763511750446112 
29800 0.25625 0.8763633141505318 
29900 0.275 0.8763726547607104 
30000 0.23125 0.8763511007966401 
30100 0.225 0.8763562672336467 
30200 0.26875 0.8763641932386345 
30300 0.25625 0.876356906537738 
30400 0.2625 0.8763602554192297 
30500 0.225 0.876360611127504 
30600 0.24375 0.8763683172118558 
30700 0.23125 0.8763587708869418 
30800 0.225 0.8763592294081362 
30900 0.275 0.876377382608977 
31000 0.26875 0.8763734435985936 
31100 0.275 0.8763701327931578 
31200 0.24375 0.8763684457228935 
31300 0.21875 0.876354289799048 
31400 0.20625 0.8763493797968217 
31500 0.25 0.8763376559474303 
31600 0.225 0.8763181940444923 
31700 0.25 0.8763124585975206 
31800 0.25 0.8763213027892205 
31900 0.2 0.8763256833641578 
32000 0.21875 0.8763154862348052 
32100 0.21875 0.8763216099186941 
32200 0.26875 0.8763167292941213 
32300 0.25625 0.8762974637008142 
32400 0.2375 0.8762874795531003 
32500 0.24375 0.8762819797852374 
32600 0.25 0.8762734463666759 
32700 0.21875 0.8762687876517538 
32800 0.2875 0.8762491044480352 
32900 0.225 0.8762363795933255 
33000 0.21875 0.8762262885973152 
33100 0.2 0.8762354234011057 
33200 0.2625 0.876234055450137 
33300 0.26875 0.8762335402840755 
33400 0.25 0.8762364899254513 
33500 0.24375 0.8762202993940479 
33600 0.25 0.8762034612065117 
33700 0.25625 0.8762078647517878 
33800 0.26875 0.8762115950711518 
33900 0.20625 0.8762220325359134 
34000 0.25 0.8762400370577336 
34100 0.225 0.8762438234949121 
34200 0.26875 0.8762380851437093 
34300 0.24375 0.8762320158304423 
34400 0.275 0.8762264360047674 
34500 0.25625 0.8762228812208341 
34600 0.25625 0.8762185341464119 
34700 0.25 0.8762152927869514 
34800 0.2625 0.8762149435361053 
34900 0.275 0.8762172824560901 
35000 0.23125 0.87622710779692 
35100 0.2625 0.8762157773282813 
35200 0.23125 0.8762042449078151 
35300 0.225 0.8762020728874537 
35400 0.25 0.8762056509703116 
35500 0.225 0.8762090328441452 
35600 0.2875 0.8762123079407882 
35700 0.2625 0.8761968327217725 
35800 0.2 0.8761969812295746 
35900 0.25 0.8761954750564052 
36000 0.2375 0.876173318102275 
36100 0.275 0.8761685098750727 
36200 0.24375 0.8761586351205768 
36300 0.2625 0.8761604363516157 
36400 0.25625 0.8761491785939947 
36500 0.21875 0.8761547628832087 
36600 0.29375 0.8761501564164913 
36700 0.2875 0.8761468522656058 
36800 0.24375 0.876149170538844 
36900 0.2375 0.8761351318392455 
37000 0.25 0.8761295302829654 
37100 0.25625 0.8761194105280181 
37200 0.21875 0.8761123692911481 
37300 0.2625 0.8761038578054208 
37400 0.24375 0.8760994024223951 
37500 0.25 0.8760929708541105 
37600 0.2375 0.8760845788675833 
37700 0.2375 0.8760731645049203 
37800 0.24375 0.8760700775111769 
37900 0.2875 0.8760563705443128 
38000 0.25625 0.8760578668982395 
38100 0.28125 0.8760599295294087 
38200 0.2625 0.8760590364126594 
38300 0.25625 0.8760542316127516 
38400 0.23125 0.8760676805291528 
38500 0.26875 0.8760803290823614 
38600 0.275 0.8760721062925831 
38700 0.25625 0.8760742616469859 
38800 0.2125 0.8760678687404964 
38900 0.2375 0.8760749241664739 
39000 0.275 0.8760672001999948 
39100 0.25625 0.8760752602235237 
39200 0.24375 0.8760741913471595 
39300 0.21875 0.8760795685860411 
39400 0.20625 0.8760869013476815 
39500 0.26875 0.8760904787220577 
39600 0.25625 0.8760905658948006 
39700 0.24375 0.8760835684239692 
39800 0.2625 0.8760755854124268 
39900 0.25 0.8760681123280118 
40000 0.2125 0.8760643483912902 
40100 0.25 0.8760651230642628 
40200 0.23125 0.8760601415387677 
40300 0.24375 0.8760568131063745 
40400 0.26875 0.8760521088586917 
40500 0.19375 0.8760549122243895 
40600 0.20625 0.8760558545356025 
40700 0.3 0.8760667735436476 
40800 0.20625 0.8760657673831523 
40900 0.23125 0.876071871714628 
41000 0.25 0.8760815284993049 
41100 0.21875 0.8760804937836062 
41200 0.25625 0.8760826496929686 
41300 0.21875 0.8760985660153507 
41400 0.24375 0.8760983279389387 
41500 0.25625 0.8760809227488494 
41600 0.24375 0.8760805779909137 
41700 0.26875 0.8760734904438743 
41800 0.2125 0.876071669936126 
41900 0.25 0.8760693360540321 
42000 0.25625 0.8760655996285803 
42100 0.2625 0.8760637366095817 
42200 0.2625 0.8760635855785408 
42300 0.225 0.8760611451265927 
42400 0.225 0.876068665833353 
42500 0.24375 0.8760695336580315 
42600 0.25 0.876063795450811 
42700 0.2375 0.8760678906817171 
42800 0.23125 0.8760629132496904 
42900 0.2375 0.8760699051304165 
43000 0.25 0.8760665449640705 
43100 0.2125 0.8760671156121668 
43200 0.2875 0.8760719514594569 
43300 0.23125 0.8760632693240341 
43400 0.225 0.8760649956222207 
43500 0.2125 0.8760753344750696 
43600 0.26875 0.8760678510813972 
43700 0.2375 0.8760543236996865 
43800 0.25 0.8760609774890984 
43900 0.25 0.8760626893464841 
44000 0.25625 0.8760643934228768 
44100 0.2375 0.8760578700029478 
44200 0.25625 0.8760529314947626 
44300 0.23125 0.8760511895893998 
44400 0.25 0.8760474848539447 
44500 0.24375 0.8760382491404688 
44600 0.26875 0.8760386538418421 
44700 0.23125 0.8760230475828281 
44800 0.25 0.8760136492489007 
44900 0.20625 0.8760108349479967 
45000 0.25 0.876014283015933 
45100 0.2125 0.8760008785836234 
45200 0.25 0.8760026741665008 
45300 0.25 0.876003220127591 
45400 0.275 0.8760018364132949 
45500 0.25 0.8759871348981341 
45600 0.26875 0.8759902469244095 
45700 0.2 0.8759956702260344 
45800 0.275 0.8760006604659287 
45900 0.25 0.8759984123439577 
46000 0.23125 0.8759982799286972 
46100 0.2625 0.8760003172382378 
46200 0.2125 0.875996664033246 
46300 0.25 0.8760037580181853 
46400 0.26875 0.8760071173035064 
46500 0.225 0.8760103949377432 
46600 0.25625 0.8760089643999056 
46700 0.2625 0.876006000942164 
46800 0.26875 0.8759999786329352 
46900 0.25625 0.8759944484126138 
47000 0.225 0.8759874789898088 
47100 0.24375 0.8759852497823826 
47200 0.30625 0.8759768066354526 
47300 0.2625 0.8759732220249044 
47400 0.2625 0.875958313115757 
47500 0.25 0.8759466905959874 
47600 0.2375 0.8759454895905548 
47700 0.2625 0.8759568064610804 
47800 0.21875 0.8759548048157988 
47900 0.20625 0.8759577696707793 
48000 0.275 0.8759512822649528 
48100 0.26875 0.875940858817904 
48200 0.2875 0.8759499932574013 
48300 0.24375 0.8759569548249518 
48400 0.26875 0.8759399340922708 
48500 0.2875 0.875928073647966 
48600 0.21875 0.8759243636962203 
48700 0.26875 0.8759264440155233 
48800 0.21875 0.8759223043585173 
48900 0.23125 0.8759193319155028 
49000 0.19375 0.8759238969612865 
49100 0.25 0.8759238610211605 
49200 0.23125 0.8759156317961017 
49300 0.26875 0.8759230923307844 
49400 0.20625 0.8759171120017814 
49500 0.24375 0.8759247919233955 
49600 0.24375 0.8759243765246668 
49700 0.2375 0.8759196243536347 
49800 0.2 0.8759175895062348 
49900 0.225 0.8759207606059999 
50000 0.19375 0.8759213565728685 
50100 0.20625 0.8759270648290454 
50200 0.225 0.8759234128802215 
50300 0.275 0.8759223847438421 
50400 0.25625 0.8759222287256205 
50500 0.21875 0.87593209787925 
50600 0.225 0.8759374814726981 
50700 0.24375 0.8759403167590383 
50800 0.26875 0.8759453554063896 
50900 0.23125 0.8759422702893853 
51000 0.2375 0.8759431800356856 
51100 0.20625 0.8759520361636759 
51200 0.2375 0.8759521298412141 
51300 0.2625 0.8759432686497339 
51400 0.25625 0.8759299429972179 
51500 0.25 0.8759285013883226 
51600 0.275 0.8759360283715432 
51700 0.2125 0.8759422569195954 
51800 0.225 0.8759414031582402 
51900 0.2 0.8759496445155199 
52000 0.225 0.875950462491106 
52100 0.23125 0.8759514572656955 
52200 0.23125 0.875947958372445 
52300 0.225 0.8759540926559721 
52400 0.25625 0.8759548362626668 
52500 0.21875 0.8759627792803947 
52600 0.24375 0.8759560773559438 
52700 0.25 0.8759546782793496 
52800 0.25625 0.8759580192609988 
52900 0.2375 0.8759581576907809 
53000 0.23125 0.8759522815607252 
53100 0.275 0.8759412487523776 
53200 0.25625 0.8759430038909043 
53300 0.24375 0.8759374824112118 
53400 0.25625 0.8759388283927267 
53500 0.25 0.8759448421524831 
53600 0.25 0.8759493759444786 
53700 0.25 0.8759515069551778 
53800 0.24375 0.8759610648500957 
53900 0.24375 0.8759664709374594 
54000 0.275 0.8759706996166737 
54100 0.2625 0.8759713891610137 
54200 0.25625 0.8759646385675541 
54300 0.225 0.8759619988582162 
54400 0.26875 0.8759641941324608 
54500 0.2625 0.8759672414267629 
54600 0.225 0.8759685605574989 
54700 0.2375 0.8759670755562056 
54800 0.30625 0.8759639422638273 
54900 0.2125 0.8759728875612466 
55000 0.21875 0.8759793571935056 
55100 0.2625 0.8759734963975245 
55200 0.2375 0.8759662981648884 
55300 0.23125 0.8759626860273775 
55400 0.19375 0.8759695222107904 
55500 0.275 0.8759743630745392 
55600 0.25 0.8759737909390118 
55700 0.25 0.8759671056174934 
55800 0.25625 0.8759668285514597 
55900 0.23125 0.8759625275039803 
56000 0.21875 0.8759623154050821 
56100 0.20625 0.8759715735904886 
56200 0.2625 0.8759729586662159 
56300 0.3 0.8759775026198469 
56400 0.26875 0.875972334267123 
56500 0.25625 0.8759689540893082 
56600 0.25 0.8759642607904454 
56700 0.225 0.8759584266591418 
56800 0.25 0.8759636714142357 
56900 0.24375 0.875965602537741 
57000 0.2375 0.8759681299450887 
57100 0.2375 0.8759716883241975 
57200 0.2375 0.8759695525427877 
57300 0.23125 0.8759738049946773 
57400 0.26875 0.8759641600320552 
57500 0.26875 0.8759645484426358 
57600 0.2625 0.8759527286852659 
57700 0.23125 0.875950806745117 
57800 0.2625 0.875944404076054 
57900 0.21875 0.8759402363517038 
58000 0.25625 0.8759462121342736 
58100 0.2125 0.8759527589886577 
58200 0.25625 0.8759557932853388 
58300 0.26875 0.875953832267028 
58400 0.25 0.8759535367545076 
58500 0.2625 0.8759439475393583 
58600 0.23125 0.8759429766556884 
58700 0.23125 0.8759508462377131 
58800 0.2375 0.8759584764714886 
58900 0.24375 0.8759539311726456 
59000 0.25 0.8759540622192844 
59100 0.23125 0.8759551974585879 
59200 0.25 0.8759575957331802 
59300 0.2125 0.8759623572958297 
59400 0.25 0.8759662084813387 
59500 0.24375 0.8759691538797667 
59600 0.21875 0.8759667413298434 
59700 0.29375 0.8759642321736655 
59800 0.2375 0.875959693399776 
59900 0.28125 0.8759499006694379 
60000 0.25 0.8759552965783903 
60100 0.25 0.8759564628708341 
60200 0.21875 0.8759540435374827 
60300 0.25625 0.8759561926833718 
60400 0.21875 0.875956730848827 
60500 0.275 0.8759562341944761 
60600 0.21875 0.8759594004224353 
60700 0.24375 0.8759556061679379 
60800 0.225 0.8759597395602046 
60900 0.2375 0.8759661171409336 
61000 0.26875 0.8759651993409944 
61100 0.24375 0.8759692455933618 
61200 0.21875 0.8759715936014117 
61300 0.2375 0.8759766357808192 
61400 0.25 0.8759777935212781 
61500 0.25 0.8759820978520675 
61600 0.25 0.8759798948069025 
61700 0.2375 0.875988233578062 
61800 0.24375 0.8759860782997039 
61900 0.2625 0.8759870599828758 
62000 0.225 0.8760023023822197 
62100 0.25 0.8759969646221478 
62200 0.23125 0.8760038524300252 
62300 0.21875 0.8760097149323446 
62400 0.2875 0.8759933234243041 
62500 0.275 0.8759957340682549 
62600 0.25 0.875990699030367 
62700 0.20625 0.8759844838997783 
62800 0.25625 0.8759899822455056 
62900 0.2625 0.8759924822339867 
63000 0.225 0.8759900636497834 
63100 0.2375 0.8759884451118048 
63200 0.25625 0.8759914301197765 
63300 0.25 0.8759995398966841 
63400 0.25625 0.8759992941751708 
63500 0.25625 0.8759958504590479 
63600 0.275 0.875999050722473 
63700 0.2375 0.8759964031176904 
63800 0.25625 0.8759972904029717 
63900 0.23125 0.8759970501244112 
64000 0.26875 0.8760031581537788 
64100 0.2375 0.8760072483268592 
64200 0.28125 0.8760028562639212 
64300 0.225 0.8759962422823906 
64400 0.25 0.8759926573345135 
64500 0.25 0.8759881145253562 
64600 0.20625 0.8759823280599371 
64700 0.2125 0.8759914356037773 
64800 0.25625 0.8759979109118686 
64900 0.2125 0.8760050403691777 
65000 0.25 0.876011763280565 
65100 0.2375 0.8760060809357767 
65200 0.2625 0.875998259229153 
65300 0.2625 0.8759972090779621 
65400 0.24375 0.875988899252305 
65500 0.23125 0.8759899180928535 
65600 0.275 0.8759863607262084 
65700 0.2375 0.875988616992131 
65800 0.25 0.8759830302730962 
65900 0.21875 0.8759843837726287 
66000 0.24375 0.8759827976091271 
66100 0.28125 0.875977623258347 
66200 0.26875 0.8759786483587861 
66300 0.2375 0.8759780678270312 
66400 0.23125 0.8759712767880001 
66500 0.2625 0.87597193087322 
66600 0.26875 0.8759738029459017 
66700 0.25625 0.8759706095111017 
66800 0.23125 0.8759779045223874 
66900 0.20625 0.8759872330010015 
67000 0.25 0.8759938750914166 
67100 0.25625 0.8759968182292365 
67200 0.225 0.8760012406809422 
67300 0.2375 0.8760029568654255 
67400 0.25 0.8759993360632632 
67500 0.24375 0.8759992444556377 
67600 0.2625 0.8760049315098889 
67700 0.225 0.8760085707744346 
67800 0.225 0.8760077284995796 
67900 0.23125 0.8760124574748531 
68000 0.2125 0.8760148288260466 
68100 0.2375 0.8760116866859518 
68200 0.2125 0.8760103865779094 
68300 0.2625 0.8760070771291782 
68400 0.26875 0.8760047367728542 
68500 0.24375 0.87600869877812 
68600 0.25 0.8760094149502193 
68700 0.2625 0.8760077637152298 
68800 0.2125 0.8760109318905248 
68900 0.2375 0.8760089204075413 
69000 0.25 0.876009179214794 
69100 0.24375 0.876005321920088 
69200 0.21875 0.8760051787546422 
69300 0.2375 0.876001248178237 
69400 0.24375 0.8759953927176842 
69500 0.225 0.8760040323160818 
69600 0.21875 0.8760102225542736 
69700 0.25625 0.8760042000832126 
69800 0.25 0.8760017317087148 
69900 0.25 0.8759965433255604 
70000 0.2375 0.8759967714746932 
70100 0.225 0.875996508609007 
70200 0.23125 0.8759990064244099 
70300 0.24375 0.8759994523548741 
70400 0.2375 0.8760013618414512 
70500 0.26875 0.8759994539084552 
70600 0.2375 0.8759935234628404 
70700 0.23125 0.8759967150393912 
70800 0.225 0.8759913348681516 
70900 0.25 0.8759880414239574 
71000 0.24375 0.8759844491626878 
71100 0.26875 0.8759884266747303 
71200 0.30625 0.8759907252004887 
71300 0.25 0.8759893795318439 
71400 0.25625 0.8759911013151076 
71500 0.2625 0.8759955280345729 
71600 0.21875 0.8759937884945741 
71700 0.2375 0.8759914000502085 
71800 0.25625 0.8759953726271222 
71900 0.23125 0.87599390133656 
72000 0.225 0.8759923907306842 
72100 0.225 0.8759920978904592 
72200 0.225 0.8759911566321796 
72300 0.275 0.8759895264242542 
72400 0.21875 0.8759870806342454 
72500 0.2625 0.8759903742706997 
72600 0.2625 0.8759908610074242 
72700 0.275 0.8759882945213958 
72800 0.25 0.8759843185533166 
72900 0.25625 0.8759893554272232 
73000 0.2625 0.8759904401994493 
73100 0.2375 0.8759876318381418 
73200 0.24375 0.875992302017732 
73300 0.2375 0.8759923977844777 
73400 0.2125 0.8759956863666708 
73500 0.21875 0.8760013469204501 
73600 0.2375 0.8760046568660752 
73700 0.2125 0.8759968063526954 
73800 0.25 0.8759958367772794 
73900 0.24375 0.8759973224313609 
74000 0.21875 0.8759988040702152 
74100 0.24375 0.8759963596982497 
74200 0.26875 0.8759957328742201 
74300 0.26875 0.875995065678793 
74400 0.21875 0.8759951563151033 
74500 0.2375 0.87599688259218 
74600 0.225 0.8760019554027426 
74700 0.2625 0.8759933350959157 
74800 0.2375 0.8759917146829588 
74900 0.25 0.875997525066421 
75000 0.28125 0.8759999033346222 
75100 0.275 0.8759971155510579 
75200 0.23125 0.8760023137990186 
75300 0.2375 0.8759979532144327 
75400 0.2375 0.8759987433853662 
75500 0.24375 0.8760055744294778 
75600 0.2875 0.8760069311252496 
75700 0.26875 0.8759985419611366 
75800 0.25625 0.8759917003073838 
75900 0.24375 0.8759890350588266 
76000 0.21875 0.8759968618833963 
76100 0.25 0.8760004796257606 
76200 0.24375 0.8759993717274052 
76300 0.2625 0.8759945806739099 
76400 0.21875 0.8759893931362155 
76500 0.2375 0.8759888759624057 
76600 0.25625 0.8759857084111173 
76700 0.23125 0.8759858900144718 
76800 0.21875 0.8759800083983281 
76900 0.2125 0.8759819443180192 
77000 0.29375 0.8759801009077804 
77100 0.225 0.8759777353730821 
77200 0.21875 0.8759805572466678 
77300 0.26875 0.8759830888345558 
77400 0.2625 0.8759823839485278 
77500 0.2625 0.8759763986916298 
77600 0.21875 0.8759767915361916 
77700 0.26875 0.8759682549130642 
77800 0.2125 0.875969862212568 
77900 0.24375 0.8759683765291845 
78000 0.23125 0.8759675356726195 
78100 0.2625 0.8759684174978554 
78200 0.24375 0.8759707756294677 
78300 0.24375 0.8759669416737973 
78400 0.25625 0.875964791584291 
78500 0.21875 0.8759633635240316 
78600 0.25 0.8759630920726199 
78700 0.24375 0.8759627021892987 
78800 0.2375 0.8759648909912311 
78900 0.28125 0.875954162494772 
79000 0.2625 0.8759494341843774 
79100 0.225 0.8759436116483988 
79200 0.2375 0.8759399344705243 
79300 0.25 0.8759427686914415 
79400 0.2375 0.8759425652699588 
79500 0.21875 0.8759443277443051 
79600 0.21875 0.8759504042034648 
79700 0.25625 0.8759516427020991 
79800 0.23125 0.8759603184797183 
79900 0.25625 0.8759616588027684 
80000 0.23125 0.8759569802252472 
80100 0.26875 0.8759537958327611 
80200 0.2375 0.8759540872308326 
80300 0.2375 0.8759544168192177 
80400 0.25 0.8759647734480914 
80500 0.275 0.8759637690836138 
80600 0.24375 0.8759619142442402 
80700 0.25 0.8759669954523488 
80800 0.2375 0.8759646771079566 
80900 0.2375 0.8759614760633366 
81000 0.24375 0.8759649186429798 
81100 0.225 0.8759609160182982 
81200 0.2125 0.8759612335439219 
81300 0.14375 0.875964048720188 
81400 0.2375 0.8759713102418889 
81500 0.2375 0.8759739911166734 
81600 0.25 0.875980724807294 
81700 0.23125 0.875983884836171 
81800 0.21875 0.8759919270546814 
81900 0.2125 0.8759997206993809 
82000 0.25625 0.8759997210399874 
82100 0.225 0.8760010535803462 
82200 0.26875 0.8760023448619847 
82300 0.24375 0.8760024938943634 
82400 0.21875 0.8760039319911166 
82500 0.2625 0.876011199864244 
82600 0.2625 0.8760175799929782 
82700 0.28125 0.8760200904463066 
82800 0.24375 0.8760160278861366 
82900 0.21875 0.8760141237741402 
83000 0.275 0.8760142950084939 
83100 0.25 0.8760147290646322 
83200 0.26875 0.8760185424454033 
83300 0.25625 0.8760185201858322 
83400 0.26875 0.8760258045467081 
83500 0.24375 0.876033819954252 
83600 0.26875 0.8760352746976711 
83700 0.2375 0.8760340004898388 
83800 0.25 0.8760350040572308 
83900 0.24375 0.8760381282702232 
84000 0.2125 0.8760402777943119 
84100 0.29375 0.8760407501099868 
84200 0.2375 0.8760379924228928 
84300 0.23125 0.8760366128515676 
84400 0.225 0.8760406793165958 
84500 0.25 0.8760434417935883 
84600 0.28125 0.876039105625229 
84700 0.25 0.8760357389523146 
84800 0.24375 0.8760311272862348 
84900 0.25 0.8760305385095581 
85000 0.25 0.8760331128457313 
85100 0.26875 0.876033771636056 
85200 0.225 0.8760355292191406 
85300 0.21875 0.87604164224335 
85400 0.24375 0.8760460943080292 
85500 0.21875 0.8760445784259833 
85600 0.25625 0.8760405106248759 
85700 0.25 0.8760388589398024 
85800 0.25625 0.8760390321791122 
85900 0.2625 0.8760348759036566 
86000 0.24375 0.8760341086150161 
86100 0.23125 0.8760323268603152 
86200 0.24375 0.8760298966949339 
86300 0.25625 0.8760327951008678 
86400 0.29375 0.8760255596000046 
86500 0.23125 0.876026722234425 
86600 0.25625 0.8760185722451241 
86700 0.2375 0.8760148743959124 
86800 0.225 0.8760150012672665 
86900 0.23125 0.8760168179882856 
87000 0.225 0.8760123806048207 
87100 0.2125 0.8760051908129642 
87200 0.23125 0.8760053282072453 
87300 0.2375 0.8760062527920642 
87400 0.23125 0.8760038500703653 
87500 0.25625 0.8760036313870698 
87600 0.25 0.8760024500291093 
87700 0.2375 0.8760019840138653 
87800 0.25 0.8760045087755265 
87900 0.2125 0.8760031882458675 
88000 0.24375 0.8760118848081272 
88100 0.2375 0.8760155957367113 
88200 0.25625 0.8760123538848766 
88300 0.21875 0.8760097210110871 
88400 0.2625 0.876009603963756 
88500 0.2125 0.8760114645597225 
88600 0.2625 0.8760065490231487 
88700 0.24375 0.8760019616464302 
88800 0.24375 0.8759993201090078 
88900 0.21875 0.8759983366328837 
89000 0.275 0.8759947570813811 
89100 0.19375 0.8759965867386449 
89200 0.275 0.8760005142879564 
89300 0.2625 0.8760006186940795 
89400 0.24375 0.8759991848525184 
89500 0.26875 0.8759991857632876 
89600 0.2625 0.8759995354404527 
89700 0.2375 0.8760011036666258 
89800 0.26875 0.8760076098818499 
89900 0.2375 0.8760089918354634 
90000 0.2 0.876008634626282 
90100 0.25 0.8760110528739969 
90200 0.25 0.8760155790955755 
90300 0.2625 0.876016288579307 
90400 0.24375 0.8760101519894692 
90500 0.23125 0.8760096228218472 
90600 0.25 0.8760143720819858 
90700 0.21875 0.8760069486554724 
90800 0.23125 0.8760045663043359 
90900 0.25625 0.8760062114278171 
91000 0.24375 0.8760013626223888 
91100 0.24375 0.8760014297318361 
91200 0.25 0.8760038609774016 
91300 0.2625 0.8759947864755041 
91400 0.2125 0.8759926723996455 
91500 0.25625 0.8759920998131168 
91600 0.25 0.875991392015371 
91700 0.3 0.8759916058712555 
91800 0.24375 0.8759860322872299 
91900 0.2375 0.8759849933624226 
92000 0.2625 0.8759904783643656 
92100 0.23125 0.8759864170855908 
92200 0.23125 0.8759912785653085 
92300 0.225 0.875994470536614 
92400 0.25 0.8759940368610729 
92500 0.2125 0.8759936041231987 
92600 0.2625 0.8759990442867788 
92700 0.25 0.8760028208972934 
92800 0.26875 0.8760056128166722 
92900 0.23125 0.876007221396971 
93000 0.2625 0.8760079864732637 
93100 0.24375 0.876007742935092 
93200 0.24375 0.8760009951609962 
93300 0.26875 0.87599771170727 
93400 0.26875 0.8760044391922999 
93500 0.24375 0.8760013261890247 
93600 0.25 0.8759952150618049 
93700 0.225 0.8759926521595287 
93800 0.225 0.8759899281457554 
93900 0.2375 0.8759936662016379 
94000 0.25 0.8759960665312071 
94100 0.20625 0.8760003878811065 
94200 0.23125 0.8759966720098513 
94300 0.2875 0.8759981004973436 
94400 0.25625 0.8760003535449836 
94500 0.2375 0.875996054274558 
94600 0.1875 0.8759955299098319 
94700 0.24375 0.8759929937381865 
94800 0.275 0.8759925396356578 
94900 0.23125 0.8759901766050937 
95000 0.23125 0.875987061978295 
95100 0.28125 0.8759786963333719 
95200 0.25625 0.8759774385248054 
95300 0.275 0.8759761177742101 
95400 0.23125 0.8759789598641524 
95500 0.2375 0.8759807816148522 
95600 0.25 0.8759847569586092 
95700 0.24375 0.8759830748894996 
95800 0.25625 0.8759833861337565 
95900 0.21875 0.8759837944859803 
96000 0.2 0.875986220195623 
96100 0.275 0.8759829177115743 
96200 0.2125 0.8759867685886841 
96300 0.25625 0.8759901571634771 
96400 0.225 0.8759916909575627 
96500 0.24375 0.8759882021947959 
96600 0.225 0.8759900259831679 
96700 0.2875 0.8759932355921862 
96800 0.25625 0.8759895946322869 
96900 0.25 0.8759891216292918 
97000 0.20625 0.8759861367408583 
97100 0.21875 0.8759859579201038 
97200 0.2625 0.8759837218752894 
97300 0.25625 0.8759831926187809 
97400 0.2625 0.8759808356690383 
97500 0.2375 0.8759840283689398 
97600 0.24375 0.875987918925011 
97700 0.225 0.8759937206374551 
97800 0.2 0.875995963742702 
97900 0.25625 0.8759920417053962 
98000 0.25625 0.8759939311843756 
98100 0.25 0.8759938418058939 
98200 0.2625 0.8759953437337705 
98300 0.2625 0.875995284890286 
98400 0.23125 0.8759995769860063 
98500 0.28125 0.87599694419346 
98600 0.25625 0.875995235849535 
98700 0.21875 0.8759964438050273 
98800 0.25 0.8759999898786449 
98900 0.23125 0.8760026756554534 
99000 0.2375 0.8760041249583338 
99100 0.25625 0.8760091346202359 
99200 0.24375 0.876003770123285 
99300 0.20625 0.8760048363057774 
99400 0.2625 0.8760048000020121 
99500 0.25 0.8760023454538145 
99600 0.2375 0.8760043824861197 
99700 0.25625 0.8760059452763763 
99800 0.25 0.8760045928898508 
99900 0.2625 0.8760013037907528 
