0 0.021739130434782608 0.9891304347826086 
100 0.11956521739130435 0.948853852776582 
200 0.11956521739130435 0.9462875838200303 
300 0.09239130434782608 0.9459681496461072 
400 0.125 0.9462688387726337 
500 0.11413043478260869 0.9453321617634297 
600 0.11956521739130435 0.9450869926933372 
700 0.10869565217391304 0.9446675556658191 
800 0.13043478260869565 0.944237502035499 
900 0.125 0.9441743473435313 
1000 0.11956521739130435 0.9438089084828215 
1100 0.13043478260869565 0.9436505350866801 
1200 0.125 0.9433511023422511 
1300 0.11956521739130435 0.9435049961568025 
1400 0.11956521739130435 0.9435961890575055 
1500 0.10326086956521739 0.9437005764273093 
1600 0.10869565217391304 0.9436629280612661 
1700 0.13043478260869565 0.943605743424584 
1800 0.11413043478260869 0.9434130796900273 
1900 0.10869565217391304 0.9434350913706745 
2000 0.11956521739130435 0.9432050279208222 
2100 0.10869565217391304 0.9431688843821783 
2200 0.13043478260869565 0.9429854018924204 
2300 0.10869565217391304 0.9429772972053738 
2400 0.10869565217391304 0.9429472321315394 
2500 0.10869565217391304 0.943047780887645 
2600 0.11413043478260869 0.9428365762332214 
2700 0.13043478260869565 0.9428935337958566 
2800 0.13043478260869565 0.9427291107213263 
2900 0.13043478260869565 0.942618175142005 
3000 0.11413043478260869 0.9424747910116917 
3100 0.13043478260869565 0.9424607069248349 
3200 0.10869565217391304 0.9424941933906523 
3300 0.11413043478260869 0.9424803748534699 
3400 0.125 0.9424585799573015 
3500 0.11956521739130435 0.942438030128038 
3600 0.11956521739130435 0.9424186216389168 
3700 0.11956521739130435 0.9423943881207194 
3800 0.11413043478260869 0.9423792937785251 
3900 0.11956521739130435 0.9422813827000881 
4000 0.11413043478260869 0.9423140138878324 
4100 0.125 0.9422410228682294 
4200 0.1358695652173913 0.9421204061144862 
4300 0.13043478260869565 0.942083110095731 
4400 0.125 0.9420129318435534 
4500 0.11413043478260869 0.9420038300667485 
4600 0.10326086956521739 0.9420092985456848 
4700 0.09782608695652174 0.9420203148266326 
4800 0.10869565217391304 0.9420172880649864 
4900 0.11956521739130435 0.9420531967743939 
5000 0.10869565217391304 0.9421001669231371 
5100 0.11413043478260869 0.9421239867715623 
5200 0.10326086956521739 0.9420962105949525 
5300 0.11956521739130435 0.9421058783002387 
5400 0.11956521739130435 0.9420980816756961 
5500 0.11956521739130435 0.9420885925879089 
5600 0.11956521739130435 0.9420537287596159 
5700 0.14130434782608695 0.9420343875597721 
5800 0.09239130434782608 0.9420541248510377 
5900 0.13043478260869565 0.9420589177958046 
6000 0.11956521739130435 0.9420178158712679 
6100 0.11413043478260869 0.941998549774449 
6200 0.11413043478260869 0.942028109070767 
6300 0.1358695652173913 0.9420519862271689 
6400 0.11413043478260869 0.9420386080979195 
6500 0.11413043478260869 0.9420774730309049 
6600 0.10869565217391304 0.9420657607872325 
6700 0.11413043478260869 0.9420754851644466 
6800 0.10326086956521739 0.9420661443649592 
6900 0.1358695652173913 0.9420854255526925 
7000 0.125 0.9420742688932637 
7100 0.125 0.9420308988936035 
7200 0.11956521739130435 0.9420366585558769 
7300 0.11956521739130435 0.9420028078345433 
7400 0.125 0.9420176033790968 
7500 0.11956521739130435 0.9419885319638541 
7600 0.13043478260869565 0.9419759556808887 
7700 0.13043478260869565 0.9419778204976202 
7800 0.10326086956521739 0.942053137000273 
7900 0.11956521739130435 0.9420343737446554 
8000 0.10326086956521739 0.9419929845725806 
8100 0.125 0.941983142177831 
8200 0.10326086956521739 0.9419801667877195 
8300 0.11413043478260869 0.941951729231156 
8400 0.11956521739130435 0.941930437887829 
8500 0.11956521739130435 0.9419102867693315 
8600 0.125 0.9418836535690996 
8700 0.1358695652173913 0.941837020232557 
8800 0.11413043478260869 0.9418220138027793 
8900 0.10326086956521739 0.9418281043165644 
9000 0.11956521739130435 0.9418503620370684 
9100 0.14673913043478262 0.9418539171519613 
9200 0.09239130434782608 0.9418479442215638 
9300 0.10869565217391304 0.9418572921097779 
9400 0.10326086956521739 0.941864417753893 
9500 0.13043478260869565 0.9418430783029704 
9600 0.11956521739130435 0.9418530338778116 
9700 0.13043478260869565 0.9418611035168942 
9800 0.10869565217391304 0.941838510267364 
9900 0.125 0.9418454657632299 
10000 0.11413043478260869 0.9418492933315364 
10100 0.10869565217391304 0.9418686483903875 
10200 0.11956521739130435 0.9418756366596626 
10300 0.10326086956521739 0.941874575283953 
10400 0.11956521739130435 0.9418709216923122 
10500 0.11956521739130435 0.9418895922955578 
10600 0.11956521739130435 0.9418897109788659 
10700 0.125 0.9418799238592086 
10800 0.11413043478260869 0.9419148488666509 
10900 0.10869565217391304 0.941925700873075 
11000 0.10326086956521739 0.9419017737517933 
11100 0.09782608695652174 0.941896392021087 
11200 0.11956521739130435 0.9419054199353318 
11300 0.10869565217391304 0.9418779792477002 
11400 0.10869565217391304 0.9418803365837474 
11500 0.10869565217391304 0.9418944666437323 
11600 0.10869565217391304 0.9419071819146025 
11700 0.125 0.9419073713506464 
11800 0.10869565217391304 0.9419351897223154 
11900 0.1358695652173913 0.9419061423409798 
12000 0.10326086956521739 0.9419237708451832 
12100 0.10326086956521739 0.941933023860766 
12200 0.1358695652173913 0.9419374481065343 
12300 0.11956521739130435 0.9419610194293146 
12400 0.11413043478260869 0.9419903461502053 
12500 0.13043478260869565 0.9419720335416645 
12600 0.125 0.9419671661669363 
12700 0.11956521739130435 0.9419816310252873 
12800 0.14130434782608695 0.9419515034491192 
12900 0.10326086956521739 0.9419254237116772 
13000 0.10869565217391304 0.9419229457265829 
13100 0.10326086956521739 0.9419348174550234 
13200 0.10326086956521739 0.9419590660127856 
13300 0.10326086956521739 0.9419631328798423 
13400 0.10326086956521739 0.9419831582977259 
13500 0.13043478260869565 0.9419805457244713 
13600 0.09239130434782608 0.9419841651668835 
13700 0.13043478260869565 0.9419952685141992 
13800 0.13043478260869565 0.9420038481773533 
13900 0.09782608695652174 0.9420068309130091 
14000 0.13043478260869565 0.9420107414687771 
14100 0.10869565217391304 0.9420186434511274 
14200 0.1358695652173913 0.9420331314696149 
14300 0.1358695652173913 0.942013024324842 
14400 0.125 0.9419924416480739 
14500 0.125 0.9419712058838521 
14600 0.11413043478260869 0.9419921357381716 
14700 0.11956521739130435 0.9419896753548265 
14800 0.11413043478260869 0.9419905529297374 
14900 0.11956521739130435 0.9419843065682781 
15000 0.11956521739130435 0.9419779623387426 
15100 0.125 0.9419943755524397 
15200 0.125 0.9420019921458257 
15300 0.125 0.9419889080850072 
15400 0.125 0.9420089886879169 
15500 0.11413043478260869 0.9419872630938256 
15600 0.11956521739130435 0.9419830598930392 
15700 0.13043478260869565 0.9419977749963309 
15800 0.13043478260869565 0.9419856475787168 
15900 0.11956521739130435 0.941981704732817 
16000 0.13043478260869565 0.9419937748455939 
16100 0.11956521739130435 0.941973290883904 
16200 0.10869565217391304 0.941964129965139 
16300 0.10869565217391304 0.9419555815460775 
16400 0.14673913043478262 0.9419690077222227 
16500 0.13043478260869565 0.9419814477646941 
16600 0.11956521739130435 0.9419732768848393 
16700 0.125 0.9419699223946496 
16800 0.11956521739130435 0.9419751800488066 
16900 0.11956521739130435 0.9419866460178584 
17000 0.11413043478260869 0.9419880671980932 
17100 0.10869565217391304 0.9419961456614538 
17200 0.13043478260869565 0.9419812232858049 
17300 0.125 0.9419790386582328 
17400 0.13043478260869565 0.9419767229769404 
17500 0.11956521739130435 0.9419710178051938 
17600 0.11413043478260869 0.9419567317074375 
17700 0.10869565217391304 0.9419581121675759 
17800 0.1358695652173913 0.9419603930409381 
17900 0.10869565217391304 0.9419374494502372 
18000 0.13043478260869565 0.9419235163263877 
18100 0.125 0.9419142408658662 
18200 0.11956521739130435 0.9419073068130513 
18300 0.10869565217391304 0.9419059424170216 
18400 0.125 0.9418973567126551 
18500 0.11956521739130435 0.9418747635262958 
18600 0.125 0.941879293539618 
18700 0.13043478260869565 0.9418529699644055 
18800 0.10326086956521739 0.941851930863992 
18900 0.08695652173913043 0.9418533468438522 
19000 0.14130434782608695 0.9418534608018342 
19100 0.14130434782608695 0.9418443263840045 
19200 0.14673913043478262 0.9418395328141876 
19300 0.14673913043478262 0.9418312691615438 
19400 0.11956521739130435 0.9418096445051017 
19500 0.125 0.941820569959623 
19600 0.125 0.9418172431308962 
19700 0.125 0.9418291225561272 
19800 0.11956521739130435 0.9418362160013877 
19900 0.1358695652173913 0.9418276719762826 
20000 0.11956521739130435 0.9418332072526808 
20100 0.10869565217391304 0.9418413911918724 
20200 0.125 0.9418334865041119 
20300 0.11956521739130435 0.9418316831683168 
20400 0.10869565217391304 0.9418187088015719 
20500 0.13043478260869565 0.9418264061350136 
20600 0.125 0.9418216295958618 
20700 0.10869565217391304 0.9418291071844881 
20800 0.09782608695652174 0.9418101240952045 
20900 0.11413043478260869 0.9417926227786064 
21000 0.11413043478260869 0.9417879686888616 
21100 0.10869565217391304 0.9417946913704893 
21200 0.14130434782608695 0.9417876361451367 
21300 0.125 0.9417921285589776 
21400 0.11413043478260869 0.9417875637668293 
21500 0.11956521739130435 0.9417923938825898 
21600 0.13043478260869565 0.9418090044140468 
21700 0.11413043478260869 0.9418059275970051 
21800 0.10869565217391304 0.9418101084314042 
21900 0.10869565217391304 0.941806806518662 
22000 0.10869565217391304 0.9418126745226996 
22100 0.10326086956521739 0.94181861237835 
22200 0.125 0.941812256792193 
22300 0.125 0.9418097355743454 
22400 0.10869565217391304 0.9418099056136857 
22500 0.09782608695652174 0.9418192524776676 
22600 0.11956521739130435 0.9418209419360052 
22700 0.10326086956521739 0.9418201027344132 
22800 0.11413043478260869 0.9418162914288656 
22900 0.14130434782608695 0.9418146492558708 
23000 0.125 0.9418080593849417 
23100 0.125 0.9418188183082608 
23200 0.11413043478260869 0.9418039514788531 
23300 0.11956521739130435 0.9418111370476729 
23400 0.11956521739130435 0.941813500166288 
23500 0.125 0.9418111023952728 
23600 0.09782608695652174 0.9418149424398008 
23700 0.11956521739130435 0.9418131320821173 
23800 0.10869565217391304 0.9418114511081924 
23900 0.125 0.9418164921242153 
24000 0.14130434782608695 0.941811867440306 
24100 0.11956521739130435 0.9418052516312692 
24200 0.11956521739130435 0.9418089083634704 
24300 0.125 0.9418050429128878 
24400 0.1358695652173913 0.941807556889151 
24500 0.09239130434782608 0.9418030630515525 
24600 0.125 0.941814511781953 
24700 0.10326086956521739 0.9418144266294447 
24800 0.11956521739130435 0.9418043714927343 
24900 0.13043478260869565 0.941813276226029 
25000 0.11956521739130435 0.9418185229112574 
25100 0.13043478260869565 0.9418149588705109 
25200 0.11956521739130435 0.9418141188324135 
25300 0.10869565217391304 0.9418061968679705 
25400 0.14673913043478262 0.9417990861366293 
25500 0.11956521739130435 0.9417880884466594 
25600 0.125 0.9417869419163314 
25700 0.11956521739130435 0.9417860157699836 
25800 0.09782608695652174 0.9417866766202186 
25900 0.13043478260869565 0.94178387018799 
26000 0.10869565217391304 0.9417979116187839 
26100 0.1358695652173913 0.941804141270616 
26200 0.09782608695652174 0.9418067971185965 
26300 0.13043478260869565 0.9417926951033437 
26400 0.10869565217391304 0.9417870370522856 
26500 0.13043478260869565 0.9417936238665316 
26600 0.13043478260869565 0.9418054731515487 
26700 0.11956521739130435 0.9418082778205669 
26800 0.11956521739130435 0.9418157255650746 
26900 0.13043478260869565 0.9418284717070482 
27000 0.11413043478260869 0.9418315625991308 
27100 0.125 0.9418317228788284 
27200 0.10869565217391304 0.9418331806854927 
27300 0.10326086956521739 0.9418415952274403 
27400 0.1358695652173913 0.9418405270832705 
27500 0.11956521739130435 0.9418550787876488 
27600 0.10326086956521739 0.9418563323950141 
27700 0.11956521739130435 0.9418642475628725 
27800 0.125 0.9418837373694722 
27900 0.125 0.941892179335944 
28000 0.11956521739130435 0.9418992023576798 
28100 0.14130434782608695 0.941882290279009 
28200 0.11956521739130435 0.9418851551671772 
28300 0.125 0.9418838710569453 
28400 0.10869565217391304 0.9418758027503624 
28500 0.14130434782608695 0.9418752278714858 
28600 0.13043478260869565 0.94187551210584 
28700 0.11956521739130435 0.9418703976380159 
28800 0.125 0.9418726780320128 
28900 0.13043478260869565 0.9418724039938441 
29000 0.11413043478260869 0.9418648232519718 
29100 0.13043478260869565 0.9418667257811251 
29200 0.13043478260869565 0.9418567038353362 
29300 0.13043478260869565 0.9418672459613339 
29400 0.10869565217391304 0.9418727254175028 
29500 0.125 0.9418698776607425 
29600 0.10869565217391304 0.9418704457693116 
29700 0.11956521739130435 0.9418666184567055 
29800 0.11413043478260869 0.9418554308799092 
29900 0.10326086956521739 0.9418550419282182 
30000 0.125 0.9418577351769434 
30100 0.13043478260869565 0.9418562578449654 
30200 0.11956521739130435 0.9418498415687359 
30300 0.09782608695652174 0.9418613139471649 
30400 0.1358695652173913 0.9418578729532638 
30500 0.125 0.94184438714055 
30600 0.10869565217391304 0.9418389815337095 
30700 0.11956521739130435 0.9418319294230608 
30800 0.125 0.9418355982230955 
30900 0.10326086956521739 0.9418339669604051 
31000 0.10326086956521739 0.9418381314487752 
31100 0.10869565217391304 0.9418427060223143 
31200 0.10869565217391304 0.9418435062700052 
31300 0.13043478260869565 0.941834230883025 
31400 0.11413043478260869 0.9418444857059385 
31500 0.13043478260869565 0.9418517424567612 
31600 0.11413043478260869 0.9418379715556607 
31700 0.125 0.9418420314542265 
31800 0.10326086956521739 0.9418411951770727 
31900 0.13043478260869565 0.9418365309524166 
32000 0.11956521739130435 0.941840132713244 
32100 0.15217391304347827 0.9418388869099297 
32200 0.125 0.9418388302820734 
32300 0.10869565217391304 0.9418456724317325 
32400 0.1358695652173913 0.9418398083526676 
32500 0.14673913043478262 0.9418391641461199 
32600 0.10869565217391304 0.941841191187787 
32700 0.11956521739130435 0.941834148138004 
32800 0.10326086956521739 0.9418313731156128 
32900 0.10869565217391304 0.9418282845902662 
33000 0.10869565217391304 0.9418392130409751 
33100 0.10326086956521739 0.9418406346583513 
33200 0.11956521739130435 0.9418476951322838 
33300 0.10326086956521739 0.941852673179941 
33400 0.125 0.9418479399861759 
33500 0.10869565217391304 0.9418536176077806 
33600 0.11413043478260869 0.9418548134566388 
33700 0.11413043478260869 0.941851970590474 
33800 0.11956521739130435 0.941855174081549 
33900 0.125 0.9418507437897817 
34000 0.11956521739130435 0.9418476182925566 
34100 0.125 0.941853993826523 
34200 0.08695652173913043 0.9418546114212272 
34300 0.10869565217391304 0.9418541163079287 
34400 0.11956521739130435 0.9418524391985572 
34500 0.1358695652173913 0.9418532922171128 
34600 0.125 0.9418581455926758 
34700 0.11956521739130435 0.9418568629146135 
34800 0.125 0.9418526204269493 
34900 0.11413043478260869 0.941850660190377 
35000 0.125 0.9418531364942369 
35100 0.13043478260869565 0.9418477796371465 
35200 0.10869565217391304 0.9418435339658088 
35300 0.13043478260869565 0.9418440849686485 
35400 0.09239130434782608 0.9418453237012465 
35500 0.13043478260869565 0.9418528320696417 
35600 0.13043478260869565 0.9418551078804577 
35700 0.09782608695652174 0.9418545546769486 
35800 0.09782608695652174 0.9418579515024477 
35900 0.11413043478260869 0.9418648868930622 
36000 0.08695652173913043 0.9418649904652407 
36100 0.11956521739130435 0.9418684806996795 
36200 0.10326086956521739 0.941864069933211 
36300 0.09239130434782608 0.9418778737680001 
36400 0.10326086956521739 0.9418800307683854 
36500 0.09782608695652174 0.9418899184417818 
36600 0.10869565217391304 0.9419021278819895 
36700 0.11413043478260869 0.9419000548498264 
36800 0.14130434782608695 0.9419015374109635 
36900 0.11413043478260869 0.9419075039795081 
37000 0.09239130434782608 0.9419026424667724 
37100 0.14130434782608695 0.941903959579198 
37200 0.09782608695652174 0.9418965040677962 
37300 0.13043478260869565 0.9419031486508695 
37400 0.10326086956521739 0.9419128818922535 
37500 0.13043478260869565 0.9419085780900915 
37600 0.10869565217391304 0.9419048753328716 
37700 0.13043478260869565 0.9419101298201062 
37800 0.125 0.9419074489632779 
37900 0.13043478260869565 0.9419084388045285 
38000 0.1358695652173913 0.941906134049104 
38100 0.11956521739130435 0.9419164651618182 
38200 0.125 0.9419197710508375 
38300 0.11413043478260869 0.941929161232026 
38400 0.125 0.941936308837066 
38500 0.1358695652173913 0.9419354437998787 
38600 0.11413043478260869 0.9419332457032539 
38700 0.11956521739130435 0.9419283205804142 
38800 0.10869565217391304 0.9419348363948487 
38900 0.10869565217391304 0.9419358700961079 
39000 0.09782608695652174 0.941934947598891 
39100 0.11413043478260869 0.9419311804546309 
39200 0.125 0.9419244517941534 
39300 0.10326086956521739 0.9419207305268259 
39400 0.13043478260869565 0.9419125452565208 
39500 0.13043478260869565 0.9419130005514444 
39600 0.10869565217391304 0.9419245698670323 
39700 0.14130434782608695 0.941922460062883 
39800 0.10869565217391304 0.9419219311728021 
39900 0.1358695652173913 0.9419218816571013 
40000 0.125 0.9419223079205629 
40100 0.11956521739130435 0.9419152102896707 
40200 0.125 0.9419132176032826 
40300 0.10326086956521739 0.9419171684163625 
40400 0.11413043478260869 0.9419167277391972 
40500 0.14130434782608695 0.9419005220483015 
40600 0.11956521739130435 0.9418961757206665 
40700 0.10869565217391304 0.9418984604587217 
40800 0.125 0.9418926086636836 
40900 0.11413043478260869 0.9418847258969962 
41000 0.13043478260869565 0.9418892752350685 
41100 0.11956521739130435 0.9418944635854624 
41200 0.125 0.9418828083531109 
41300 0.11413043478260869 0.9418893689277973 
41400 0.11956521739130435 0.9418932067383375 
41500 0.125 0.9418951926773896 
41600 0.13043478260869565 0.9418926619656928 
41700 0.10869565217391304 0.9418968552521418 
41800 0.09239130434782608 0.9419018735769791 
41900 0.14130434782608695 0.9419016148831147 
42000 0.10326086956521739 0.9418996105682784 
42100 0.08695652173913043 0.9419055547580715 
42200 0.10869565217391304 0.9419049028304501 
42300 0.13043478260869565 0.9419018771269669 
42400 0.13043478260869565 0.9419025827938841 
42500 0.125 0.9419044360081553 
42600 0.1358695652173913 0.941900731050404 
42700 0.10326086956521739 0.9419019435447494 
42800 0.1358695652173913 0.9419066422665866 
42900 0.15217391304347827 0.9419033381202222 
43000 0.11956521739130435 0.9419009340531009 
43100 0.11413043478260869 0.9418939387061533 
43200 0.13043478260869565 0.9418947754832567 
43300 0.11956521739130435 0.9418958594188507 
43400 0.14130434782608695 0.9418944965203166 
43500 0.10869565217391304 0.9418930774205091 
43600 0.11956521739130435 0.9418924127188946 
43700 0.10869565217391304 0.941895792853213 
43800 0.13043478260869565 0.9418951249872198 
43900 0.11413043478260869 0.9419000309986006 
44000 0.11956521739130435 0.9419024444108484 
44100 0.125 0.9419071267239331 
44200 0.09782608695652174 0.9419167060945897 
44300 0.13043478260869565 0.9419107847207296 
44400 0.13043478260869565 0.941907582868776 
44500 0.125 0.941907143268886 
44600 0.11413043478260869 0.9419057308132105 
44700 0.11413043478260869 0.9419120450568658 
44800 0.1358695652173913 0.9419145705210384 
44900 0.10326086956521739 0.9419126668041672 
45000 0.14130434782608695 0.9419155419734634 
45100 0.125 0.9419175608754458 
45200 0.11413043478260869 0.9419168054188874 
45300 0.10869565217391304 0.941918032810486 
45400 0.10326086956521739 0.9419273948189227 
45500 0.1358695652173913 0.9419324754448779 
45600 0.09782608695652174 0.9419296678276506 
45700 0.11413043478260869 0.9419263968155963 
45800 0.125 0.9419217161577068 
45900 0.10326086956521739 0.9419246336396953 
46000 0.13043478260869565 0.9419322051600012 
46100 0.11956521739130435 0.9419301359114157 
46200 0.11956521739130435 0.9419337808423119 
46300 0.11956521739130435 0.9419402271337928 
46400 0.14130434782608695 0.9419427219053562 
46500 0.125 0.9419362650452585 
46600 0.125 0.9419412650223031 
46700 0.11956521739130435 0.9419422868703119 
46800 0.09239130434782608 0.9419493428698569 
46900 0.10869565217391304 0.9419543988586505 
47000 0.10869565217391304 0.9419644054751841 
47100 0.125 0.9419661772158442 
47200 0.09782608695652174 0.9419683444436973 
47300 0.09782608695652174 0.941971536588527 
47400 0.11413043478260869 0.941972135517229 
47500 0.11413043478260869 0.9419781665923738 
47600 0.1358695652173913 0.9419735541726836 
47700 0.09782608695652174 0.941976537726399 
47800 0.10326086956521739 0.9419740513887739 
47900 0.11413043478260869 0.9419625554699321 
48000 0.10869565217391304 0.9419609011768777 
48100 0.125 0.9419683492072387 
48200 0.10869565217391304 0.9419676481545124 
48300 0.11956521739130435 0.9419652622188937 
48400 0.09782608695652174 0.9419734410805383 
48500 0.125 0.9419694842688138 
48600 0.10326086956521739 0.9419766702778526 
48700 0.10326086956521739 0.9419798651576657 
48800 0.13043478260869565 0.9419821560142656 
48900 0.125 0.9419848820554039 
49000 0.125 0.9419797222416934 
49100 0.125 0.9419784021046237 
49200 0.13043478260869565 0.9419743810438636 
49300 0.11956521739130435 0.9419709825975838 
49400 0.10326086956521739 0.9419735936519503 
49500 0.11413043478260869 0.9419675206385817 
49600 0.11413043478260869 0.941971662124624 
49700 0.125 0.9419725611329665 
49800 0.125 0.9419784765104245 
49900 0.10869565217391304 0.9419832790664646 
50000 0.11413043478260869 0.9419894210811436 
50100 0.11956521739130435 0.9419845282095385 
50200 0.11413043478260869 0.9419792759194993 
50300 0.11956521739130435 0.941973774399852 
50400 0.09782608695652174 0.9419750880546711 
50500 0.10869565217391304 0.9419742979691319 
50600 0.09782608695652174 0.9419788275364896 
50700 0.1358695652173913 0.9419774436315894 
50800 0.10326086956521739 0.9419809328470939 
50900 0.11413043478260869 0.9419804044167579 
51000 0.09782608695652174 0.9419739105712335 
51100 0.10326086956521739 0.9419755782027579 
51200 0.09239130434782608 0.9419787253645692 
51300 0.125 0.9419800063224465 
51400 0.11413043478260869 0.9419810708301226 
51500 0.11413043478260869 0.9419825533147098 
51600 0.125 0.9419831348061168 
51700 0.10326086956521739 0.9419883918652654 
51800 0.125 0.9419942056683478 
51900 0.11413043478260869 0.9420004159256377 
52000 0.11956521739130435 0.9419971961241548 
52100 0.11956521739130435 0.9419959706189399 
52200 0.10869565217391304 0.941997456737044 
52300 0.09782608695652174 0.9420049641581382 
52400 0.09239130434782608 0.9420114057730395 
52500 0.10326086956521739 0.9420103178158925 
52600 0.10869565217391304 0.9420093373162851 
52700 0.10326086956521739 0.9420142902164219 
52800 0.10869565217391304 0.9420196360740862 
52900 0.11413043478260869 0.9420266054804586 
53000 0.11956521739130435 0.9420229355803788 
53100 0.10326086956521739 0.9420248062961232 
53200 0.11956521739130435 0.9420260570453481 
53300 0.11413043478260869 0.9420283227413141 
53400 0.10869565217391304 0.9420266616892861 
53500 0.11956521739130435 0.9420284606626613 
53600 0.10326086956521739 0.9420310133733715 
53700 0.10869565217391304 0.9420295589993871 
53800 0.11413043478260869 0.9420225541306408 
53900 0.11956521739130435 0.942021524163059 
54000 0.11956521739130435 0.9420206992946185 
54100 0.11956521739130435 0.942020630897283 
54200 0.11413043478260869 0.9420212145131287 
54300 0.125 0.9420206950308385 
54400 0.10869565217391304 0.9420179796087508 
54500 0.11413043478260869 0.9420202102394611 
54600 0.10326086956521739 0.9420163112158322 
54700 0.125 0.9420184373864876 
54800 0.11956521739130435 0.9420209029032317 
54900 0.11956521739130435 0.942019993696163 
55000 0.10869565217391304 0.9420217557309235 
55100 0.10869565217391304 0.9420176427004008 
55200 0.125 0.9420105417119885 
55300 0.125 0.9420160949208404 
55400 0.09782608695652174 0.9420141235089933 
55500 0.11956521739130435 0.9420112289398624 
55600 0.125 0.9420074161944225 
55700 0.10326086956521739 0.9420037147096727 
55800 0.14130434782608695 0.941997348107366 
55900 0.13043478260869565 0.9419894001273992 
56000 0.125 0.9419850227829782 
56100 0.125 0.941985504792211 
56200 0.10869565217391304 0.9419861301400331 
56300 0.10326086956521739 0.9419838573413245 
56400 0.125 0.9419842906732304 
56500 0.11956521739130435 0.9419843858092546 
56600 0.125 0.9419861129354758 
56700 0.13043478260869565 0.9419844792247357 
56800 0.1358695652173913 0.9419807462820236 
56900 0.10326086956521739 0.9419716299782307 
57000 0.13043478260869565 0.9419709837279743 
57100 0.09782608695652174 0.9419710535793556 
57200 0.125 0.9419700780542755 
57300 0.125 0.9419692007803188 
57400 0.10326086956521739 0.9419729185902684 
57500 0.10326086956521739 0.9419752529823678 
57600 0.10326086956521739 0.9419803626597666 
57700 0.09782608695652174 0.9419794736433623 
57800 0.10869565217391304 0.9419775064069149 
57900 0.11413043478260869 0.9419767192576834 
58000 0.13043478260869565 0.9419717182537333 
58100 0.125 0.9419688858906118 
58200 0.11956521739130435 0.9419731134158011 
58300 0.11956521739130435 0.9419726654699785 
58400 0.11956521739130435 0.9419700321540057 
58500 0.11956521739130435 0.9419710309671406 
58600 0.11956521739130435 0.9419695687044961 
58700 0.125 0.9419715370377366 
58800 0.125 0.941969755394577 
58900 0.10326086956521739 0.9419641967398501 
59000 0.13043478260869565 0.9419655193758691 
59100 0.11413043478260869 0.9419655501304693 
59200 0.125 0.9419666824076856 
59300 0.13043478260869565 0.9419634576145428 
59400 0.13043478260869565 0.9419621192879932 
59500 0.10869565217391304 0.9419677272504737 
59600 0.14130434782608695 0.9419643801570298 
59700 0.11956521739130435 0.9419640028606323 
59800 0.10869565217391304 0.9419676255959076 
59900 0.10869565217391304 0.9419671534118251 
60000 0.10869565217391304 0.9419678603182701 
60100 0.125 0.9419720463307056 
60200 0.13043478260869565 0.9419733747019947 
60300 0.11413043478260869 0.9419701472251885 
60400 0.10869565217391304 0.941963421279377 
60500 0.09239130434782608 0.9419651166383883 
60600 0.10869565217391304 0.9419563585189799 
60700 0.125 0.9419563587878719 
60800 0.11956521739130435 0.9419509511785776 
60900 0.1358695652173913 0.9419575194381758 
61000 0.10869565217391304 0.9419549786425454 
61100 0.14130434782608695 0.9419516901096758 
61200 0.10869565217391304 0.9419530744382552 
61300 0.14130434782608695 0.9419505533280895 
61400 0.10326086956521739 0.9419506958178702 
61500 0.1358695652173913 0.9419504401837228 
61600 0.11956521739130435 0.9419500530412056 
61700 0.1358695652173913 0.9419461878920996 
61800 0.13043478260869565 0.9419462485832859 
61900 0.11956521739130435 0.9419462212804035 
62000 0.1358695652173913 0.9419443971100045 
62100 0.11413043478260869 0.9419448979677566 
62200 0.13043478260869565 0.9419409848017263 
62300 0.125 0.9419387416490628 
62400 0.10326086956521739 0.9419390314257784 
62500 0.10326086956521739 0.9419387985444406 
62600 0.11956521739130435 0.9419358316959793 
62700 0.11413043478260869 0.941937901621429 
62800 0.09782608695652174 0.9419351187290703 
62900 0.13043478260869565 0.9419356711685651 
63000 0.1358695652173913 0.9419334182411183 
63100 0.09239130434782608 0.9419364262813998 
63200 0.10326086956521739 0.941934781232823 
63300 0.10869565217391304 0.9419359746360213 
63400 0.09782608695652174 0.9419346355118524 
63500 0.1358695652173913 0.9419362105218473 
63600 0.10869565217391304 0.9419302608722997 
63700 0.11956521739130435 0.9419309419755202 
63800 0.125 0.9419290654432976 
63900 0.14673913043478262 0.9419280878097437 
64000 0.14130434782608695 0.9419291087843057 
64100 0.11956521739130435 0.9419269047556065 
64200 0.11413043478260869 0.9419264852978723 
64300 0.10326086956521739 0.9419297438068107 
64400 0.1358695652173913 0.9419274224745362 
64500 0.11956521739130435 0.9419272569417528 
64600 0.09782608695652174 0.9419246101318932 
64700 0.11956521739130435 0.941926087426913 
64800 0.1358695652173913 0.9419163217422168 
64900 0.13043478260869565 0.9419157556358413 
65000 0.13043478260869565 0.9419154839089432 
65100 0.11413043478260869 0.9419115397946869 
65200 0.10326086956521739 0.9419107752415107 
65300 0.11413043478260869 0.9419111365895588 
65400 0.10326086956521739 0.9419114552828936 
65500 0.11956521739130435 0.9419098231490658 
65600 0.11956521739130435 0.94190666333957 
65700 0.10869565217391304 0.9419089313047316 
65800 0.13043478260869565 0.9419109445938115 
65900 0.125 0.9419068903091132 
66000 0.11956521739130435 0.9419018601826191 
66100 0.08695652173913043 0.9419040394705599 
66200 0.14673913043478262 0.9419094959816054 
66300 0.14673913043478262 0.9419140343479638 
66400 0.10326086956521739 0.9419113973532353 
66500 0.11413043478260869 0.9419093812253886 
66600 0.125 0.9419065959317754 
66700 0.11413043478260869 0.9419067930016042 
66800 0.11956521739130435 0.9419068267658061 
66900 0.11956521739130435 0.941909581841566 
67000 0.125 0.9419088407505923 
67100 0.125 0.9419116656072644 
67200 0.14130434782608695 0.9419110044946277 
67300 0.11956521739130435 0.9419131717146138 
67400 0.11413043478260869 0.9419080351665534 
67500 0.11413043478260869 0.9419105626776544 
67600 0.10869565217391304 0.9419078570358169 
67700 0.1358695652173913 0.9419143510178708 
67800 0.1358695652173913 0.9419098041390951 
67900 0.11413043478260869 0.9419064712500232 
68000 0.11956521739130435 0.9419084230219121 
68100 0.14130434782608695 0.9419099301357383 
68200 0.13043478260869565 0.9419103570456381 
68300 0.13043478260869565 0.9419085149303944 
68400 0.13043478260869565 0.9419068768381851 
68500 0.11413043478260869 0.9419067112952334 
68600 0.10869565217391304 0.9419082891426985 
68700 0.13043478260869565 0.9419078055948809 
68800 0.125 0.9419085083444818 
68900 0.11413043478260869 0.9419020705826823 
69000 0.13043478260869565 0.9419050637577401 
69100 0.14673913043478262 0.9419016776325517 
69200 0.11413043478260869 0.9419025422477559 
69300 0.10869565217391304 0.941902580927686 
69400 0.10326086956521739 0.9419012099186642 
69500 0.10326086956521739 0.9419016804888012 
69600 0.1358695652173913 0.9419035942761942 
69700 0.125 0.9419071400011103 
69800 0.08695652173913043 0.941907794705819 
69900 0.1358695652173913 0.9419044434271326 
70000 0.10869565217391304 0.9419038190758765 
70100 0.11413043478260869 0.9419092436813219 
70200 0.10326086956521739 0.9419121367650529 
70300 0.10326086956521739 0.9419142485449215 
70400 0.11956521739130435 0.9419190562387021 
70500 0.11413043478260869 0.9419159487716178 
70600 0.125 0.9419141587475975 
70700 0.125 0.9419135652715077 
70800 0.11956521739130435 0.941911668528386 
70900 0.11956521739130435 0.9419110419120844 
71000 0.13043478260869565 0.9419184543022358 
71100 0.11956521739130435 0.9419156796547227 
71200 0.10869565217391304 0.9419138669278583 
71300 0.11956521739130435 0.9419232640800818 
71400 0.125 0.9419227778444219 
71500 0.11413043478260869 0.9419231290775502 
71600 0.10869565217391304 0.9419227202923447 
71700 0.10326086956521739 0.9419262920352212 
71800 0.11413043478260869 0.9419282642908571 
71900 0.11956521739130435 0.9419258092195609 
72000 0.125 0.9419271728110057 
72100 0.11956521739130435 0.9419271381389512 
72200 0.125 0.941929587570448 
72300 0.10869565217391304 0.9419253777835774 
72400 0.10869565217391304 0.9419226433937077 
72500 0.1358695652173913 0.9419208535654381 
72600 0.125 0.9419215389894617 
72700 0.13043478260869565 0.9419188585409087 
72800 0.10869565217391304 0.9419205526321605 
72900 0.11956521739130435 0.9419206765220015 
73000 0.10869565217391304 0.9419184921826562 
73100 0.16304347826086957 0.941914380817963 
73200 0.125 0.9419154035671882 
73300 0.11413043478260869 0.9419150518736621 
73400 0.10326086956521739 0.9419183662347924 
73500 0.1358695652173913 0.9419174938761555 
73600 0.11956521739130435 0.9419224204184371 
73700 0.11413043478260869 0.9419217661491232 
73800 0.11413043478260869 0.9419263053463987 
73900 0.1358695652173913 0.9419293246605477 
74000 0.14130434782608695 0.9419275988044815 
74100 0.125 0.9419252541918404 
74200 0.11956521739130435 0.9419247836223935 
74300 0.11956521739130435 0.9419241314558936 
74400 0.09239130434782608 0.9419270238303249 
74500 0.10869565217391304 0.9419279388137772 
74600 0.10869565217391304 0.9419275400201536 
74700 0.10326086956521739 0.9419340902834081 
74800 0.10869565217391304 0.9419377530990924 
74900 0.11956521739130435 0.9419367623233683 
75000 0.11956521739130435 0.9419370785201124 
75100 0.13043478260869565 0.9419364531127068 
75200 0.10869565217391304 0.9419346007771636 
75300 0.10869565217391304 0.9419319955332888 
75400 0.11956521739130435 0.9419306225323963 
75500 0.1358695652173913 0.9419308727842937 
75600 0.10326086956521739 0.9419333508931041 
75700 0.11956521739130435 0.9419344942890308 
75800 0.11413043478260869 0.9419311893900677 
75900 0.125 0.9419324042244961 
76000 0.10869565217391304 0.9419312202985888 
76100 0.11413043478260869 0.9419325033151024 
76200 0.10869565217391304 0.9419351380759011 
76300 0.1358695652173913 0.9419323525875494 
76400 0.1358695652173913 0.9419306414154607 
76500 0.11413043478260869 0.9419331617148511 
76600 0.11413043478260869 0.9419353561623387 
76700 0.11956521739130435 0.9419336123388222 
76800 0.11413043478260869 0.9419362958362748 
76900 0.10326086956521739 0.9419344493173889 
77000 0.10869565217391304 0.9419356072733104 
77100 0.11413043478260869 0.9419344008395537 
77200 0.11956521739130435 0.9419335847192788 
77300 0.10326086956521739 0.9419297475199995 
77400 0.11413043478260869 0.9419318534812774 
77500 0.11413043478260869 0.9419317801228932 
77600 0.11956521739130435 0.9419334578274708 
77700 0.11956521739130435 0.9419326481725097 
77800 0.14130434782608695 0.941932574075554 
77900 0.11956521739130435 0.94193340711706 
78000 0.11956521739130435 0.9419322174241913 
78100 0.1358695652173913 0.9419280037610163 
78200 0.10869565217391304 0.9419260247978593 
78300 0.10326086956521739 0.9419224891902652 
78400 0.1358695652173913 0.9419209728913174 
78500 0.13043478260869565 0.9419169681028711 
78600 0.125 0.9419097237395475 
78700 0.125 0.9419114750765556 
78800 0.10869565217391304 0.9419095666409001 
78900 0.11413043478260869 0.9419125880368518 
79000 0.11413043478260869 0.9419095135284473 
79100 0.14130434782608695 0.9419114967490655 
79200 0.125 0.941912377039596 
79300 0.11956521739130435 0.9419094514954853 
79400 0.09782608695652174 0.9419079707133247 
79500 0.10869565217391304 0.9419088179366626 
79600 0.09782608695652174 0.9419077854604186 
79700 0.11413043478260869 0.9419083921264422 
79800 0.13043478260869565 0.9419112447103474 
79900 0.125 0.941913273926484 
80000 0.10869565217391304 0.9419129543489402 
80100 0.125 0.9419106000956401 
80200 0.1358695652173913 0.9419114705281242 
80300 0.09782608695652174 0.9419141323162904 
80400 0.1358695652173913 0.9419133062913451 
80500 0.11956521739130435 0.9419086341352497 
80600 0.125 0.9419059289910633 
80700 0.11956521739130435 0.9419068334910995 
80800 0.09782608695652174 0.9419097535921586 
80900 0.10326086956521739 0.9419144131071632 
81000 0.09782608695652174 0.9419141631638471 
81100 0.10869565217391304 0.9419173649818289 
81200 0.11413043478260869 0.9419170116238663 
81300 0.11413043478260869 0.9419175281549026 
81400 0.1358695652173913 0.9419169084024713 
81500 0.11956521739130435 0.9419191909088339 
81600 0.10869565217391304 0.941921800830446 
81700 0.11413043478260869 0.941921843327978 
81800 0.10869565217391304 0.9419206233792188 
81900 0.13043478260869565 0.9419203022418902 
82000 0.11413043478260869 0.9419225004148942 
82100 0.09782608695652174 0.9419241636626785 
82200 0.10869565217391304 0.9419232112906698 
82300 0.10869565217391304 0.9419235489240714 
82400 0.125 0.9419261941734561 
82500 0.10326086956521739 0.9419241887977116 
82600 0.11956521739130435 0.9419267610719525 
82700 0.09239130434782608 0.9419221969346883 
82800 0.11956521739130435 0.9419231573027631 
82900 0.11413043478260869 0.9419218863988109 
83000 0.11413043478260869 0.9419243835721204 
83100 0.11413043478260869 0.9419236047491711 
83200 0.11956521739130435 0.9419191044944589 
83300 0.1358695652173913 0.941919247276639 
83400 0.10869565217391304 0.9419215401441855 
83500 0.11956521739130435 0.9419226559640265 
83600 0.125 0.9419227289771341 
83700 0.09782608695652174 0.9419273469799072 
83800 0.1358695652173913 0.94192475523017 
83900 0.1358695652173913 0.9419247930920656 
84000 0.11413043478260869 0.9419263836403604 
84100 0.11413043478260869 0.9419251916562021 
84200 0.10869565217391304 0.9419261970450624 
84300 0.13043478260869565 0.941925201516512 
84400 0.11956521739130435 0.9419245947013816 
84500 0.14130434782608695 0.9419210307776137 
84600 0.1358695652173913 0.9419203339666558 
84700 0.10869565217391304 0.9419253815082518 
84800 0.10326086956521739 0.9419280138205918 
84900 0.13043478260869565 0.9419288475631208 
85000 0.11956521739130435 0.9419281128661914 
85100 0.125 0.94192482538651 
85200 0.09239130434782608 0.9419258831928387 
85300 0.11956521739130435 0.9419271296579937 
85400 0.11956521739130435 0.9419240457931711 
85500 0.13043478260869565 0.9419256410934426 
85600 0.11956521739130435 0.9419253914648498 
85700 0.13043478260869565 0.9419253326656937 
85800 0.1358695652173913 0.9419231837269556 
85900 0.11956521739130435 0.9419210397915092 
86000 0.11956521739130435 0.9419148563995464 
86100 0.10326086956521739 0.9419148732302761 
86200 0.11413043478260869 0.9419207534664936 
86300 0.13043478260869565 0.9419216450713706 
86400 0.11956521739130435 0.9419186975996151 
86500 0.10326086956521739 0.9419179559623085 
86600 0.10869565217391304 0.941920510758235 
86700 0.11956521739130435 0.9419209910822953 
86800 0.10869565217391304 0.9419230355991691 
86900 0.09782608695652174 0.9419260447795917 
87000 0.125 0.9419213010045362 
87100 0.10869565217391304 0.941916661716558 
87200 0.11956521739130435 0.9419155544187516 
87300 0.11413043478260869 0.9419088468531911 
87400 0.125 0.9419078443038409 
87500 0.11956521739130435 0.9419040801024385 
87600 0.10869565217391304 0.9419032093638002 
87700 0.125 0.9419047574193542 
87800 0.09239130434782608 0.941911934745717 
87900 0.11413043478260869 0.9419095123318081 
88000 0.11413043478260869 0.9419105847611415 
88100 0.10326086956521739 0.9419101125536254 
88200 0.11956521739130435 0.9419102267893049 
88300 0.10326086956521739 0.9419067709607898 
88400 0.10326086956521739 0.9419057513612624 
88500 0.13043478260869565 0.9419071290277732 
88600 0.10326086956521739 0.9419066633853872 
88700 0.10326086956521739 0.9419053410014985 
88800 0.11956521739130435 0.9419056434440858 
88900 0.11956521739130435 0.9419071984322571 
89000 0.09782608695652174 0.9419095742939869 
89100 0.125 0.9419117008397407 
89200 0.10869565217391304 0.9419102279024948 
89300 0.125 0.9419100058765592 
89400 0.10869565217391304 0.9419100579071433 
89500 0.10326086956521739 0.9419088649968934 
89600 0.10869565217391304 0.9419084632692861 
89700 0.1358695652173913 0.9419063053923591 
89800 0.14130434782608695 0.9419038194597427 
89900 0.13043478260869565 0.941905026688778 
90000 0.13043478260869565 0.9419010682490001 
90100 0.09239130434782608 0.9419003456507504 
90200 0.11413043478260869 0.9419028180059702 
90300 0.10869565217391304 0.941905074237225 
90400 0.10326086956521739 0.941907145121038 
90500 0.11413043478260869 0.9419071396280512 
90600 0.13043478260869565 0.9419122329487677 
90700 0.125 0.9419107837840818 
90800 0.10869565217391304 0.9419115524010222 
90900 0.13043478260869565 0.9419157870267845 
91000 0.11413043478260869 0.9419129054004662 
91100 0.125 0.9419147728059111 
91200 0.125 0.9419133585968499 
91300 0.125 0.9419165607500847 
91400 0.11413043478260869 0.9419178234183528 
91500 0.10869565217391304 0.94191765782555 
91600 0.13043478260869565 0.9419180265736609 
91700 0.11956521739130435 0.9419175944219469 
91800 0.09782608695652174 0.941919472081151 
91900 0.13043478260869565 0.9419192462777762 
92000 0.13043478260869565 0.9419232151540886 
92100 0.11956521739130435 0.9419196222672369 
92200 0.10869565217391304 0.9419174518525923 
92300 0.11413043478260869 0.9419153450219344 
92400 0.10869565217391304 0.9419175658272096 
92500 0.14130434782608695 0.9419159922125401 
92600 0.125 0.9419148328288313 
92700 0.09239130434782608 0.9419131483033577 
92800 0.10326086956521739 0.9419155668768562 
92900 0.10869565217391304 0.9419171904828094 
93000 0.125 0.9419170282413981 
93100 0.13043478260869565 0.9419141519051539 
93200 0.10326086956521739 0.9419140224283841 
93300 0.11956521739130435 0.9419135437292019 
93400 0.13043478260869565 0.9419149280591447 
93500 0.125 0.94191195002332 
93600 0.11413043478260869 0.9419093557621783 
93700 0.10326086956521739 0.9419099571114966 
93800 0.14673913043478262 0.9419067042021894 
93900 0.125 0.9419093617561141 
94000 0.11413043478260869 0.9419112620448533 
94100 0.125 0.9419137358425707 
94200 0.13043478260869565 0.9419134927950087 
94300 0.125 0.9419118094556607 
94400 0.09782608695652174 0.9419169518745887 
94500 0.08152173913043478 0.9419211632451094 
94600 0.11956521739130435 0.9419234411530717 
94700 0.11413043478260869 0.941922500474032 
94800 0.11413043478260869 0.9419250588073965 
94900 0.09782608695652174 0.9419239179685192 
95000 0.11413043478260869 0.9419280140300582 
95100 0.11413043478260869 0.9419291012347056 
95200 0.10869565217391304 0.9419292442123598 
95300 0.15217391304347827 0.9419306985236251 
95400 0.11956521739130435 0.9419306401400405 
95500 0.10326086956521739 0.9419306672409076 
95600 0.13043478260869565 0.9419326271373366 
95700 0.15217391304347827 0.9419313175592641 
95800 0.125 0.9419327621160349 
95900 0.10869565217391304 0.941931200109896 
96000 0.09239130434782608 0.9419293016875278 
96100 0.11413043478260869 0.9419294148411793 
96200 0.13043478260869565 0.9419316462858788 
96300 0.125 0.9419320107290411 
96400 0.13043478260869565 0.9419319797783082 
96500 0.11956521739130435 0.9419288795385314 
96600 0.10869565217391304 0.9419291050637247 
96700 0.11956521739130435 0.9419317749063338 
96800 0.10326086956521739 0.941930565305874 
96900 0.11413043478260869 0.9419331440021932 
97000 0.11413043478260869 0.9419333922151407 
97100 0.09782608695652174 0.9419355429107209 
97200 0.13043478260869565 0.9419336914139816 
97300 0.11413043478260869 0.9419341896481693 
97400 0.11413043478260869 0.9419331524138446 
97500 0.11956521739130435 0.9419327583262245 
97600 0.09782608695652174 0.9419346759187696 
97700 0.125 0.9419339195050738 
97800 0.11413043478260869 0.9419347483776951 
97900 0.10869565217391304 0.9419368523570617 
98000 0.10869565217391304 0.9419410316576184 
98100 0.11413043478260869 0.9419419061455298 
98200 0.125 0.9419403437404118 
98300 0.1358695652173913 0.941938646296225 
98400 0.11413043478260869 0.9419378636130863 
98500 0.125 0.9419366962948511 
98600 0.11956521739130435 0.9419358896174878 
98700 0.125 0.9419356076741217 
98800 0.09782608695652174 0.9419312557565207 
98900 0.10326086956521739 0.9419297976061262 
99000 0.1358695652173913 0.9419287815713763 
99100 0.08695652173913043 0.9419294676533339 
99200 0.13043478260869565 0.9419307823860471 
99300 0.13043478260869565 0.9419295495075797 
99400 0.13043478260869565 0.9419312169022882 
99500 0.13043478260869565 0.9419281289722673 
99600 0.13043478260869565 0.9419236012559679 
99700 0.08695652173913043 0.9419231436778577 
99800 0.11413043478260869 0.9419227414729224 
99900 0.13043478260869565 0.9419196199890065 
