Coverage:4
68 52 38 -23 58 -72 80 84 85 94 13 16 -83 -101 52 -9 
 13 54 -3 34 34 105 -76 -80 56 -16 127 -158 -90 42 -50 -71 
54 53 37 -32 65 -81 78 93 86 83 15 21 -79 -91 55 1 
 1 52 5 44 43 100 -70 -61 64 -17 131 -151 -90 50 -54 -76 
39 52 38 -39 54 -86 78 76 81 79 -2 22 -81 -81 58 8 
 5 55 -3 44 45 110 -67 -82 52 -12 138 -139 -96 51 -57 -76 
35 49 32 -36 47 -71 82 77 79 89 4 22 -90 -80 49 8 
 12 55 0 52 37 111 -61 -73 55 -8 127 -125 -92 63 -61 -89 
33 55 33 -36 52 -81 66 73 81 73 13 17 -97 -79 39 18 
 20 48 10 58 42 108 -55 -68 50 -11 134 -120 -89 69 -65 -86 
24 55 25 -37 56 -92 57 73 68 73 13 22 -99 -77 38 4 
 21 49 17 54 48 110 -47 -76 54 -3 132 -125 -88 65 -56 -78 
23 57 37 -50 34 -98 65 70 62 83 16 32 -92 -74 28 3 
 15 61 13 40 57 100 -62 -75 50 -6 121 -113 -85 70 -49 -76 
15 57 34 -49 23 -91 78 85 56 75 27 29 -93 -84 34 -5 
 21 61 19 22 49 102 -64 -67 45 -9 116 -125 -75 77 -36 -74 
29 59 41 -48 21 -87 82 79 67 82 25 43 -90 -87 31 -17 
 22 60 11 22 63 102 -72 -64 38 0 109 -121 -79 72 -35 -66 
29 46 35 -56 16 -90 97 85 72 83 30 43 -88 -77 30 -21 
 28 65 -3 22 57 106 -71 -45 43 -10 105 -128 -84 66 -25 -69 
18 31 36 -48 18 -93 103 92 68 73 25 44 -99 -68 37 -14 
 29 59 -16 30 57 121 -63 -38 50 5 94 -119 -85 63 -15 -67 
24 32 45 -50 18 -84 91 88 64 75 38 49 -107 -63 16 -7 
 26 64 -4 34 63 119 -73 -31 52 -1 91 -127 -83 59 -6 -62 
31 19 39 -50 16 -74 83 85 72 82 46 52 -90 -72 18 -23 
 26 62 -11 40 73 124 -75 -32 50 3 93 -117 -89 63 -11 -61 
25 19 34 -54 20 -79 79 94 75 90 50 65 -97 -55 19 -32 
 34 56 -11 30 55 124 -93 -43 43 -3 92 -127 -89 71 -3 -66 
18 20 25 -44 27 -91 99 97 76 90 42 74 -88 -51 16 -29 
 39 46 -12 47 58 120 -95 -46 42 -3 76 -125 -90 62 4 -73 
16 7 22 -38 29 -87 98 91 58 97 41 86 -92 -52 6 -31 
 24 40 -12 43 50 134 -94 -35 45 -5 76 -113 -88 64 0 -74 
8 23 26 -38 30 -86 93 77 55 82 34 93 -94 -49 9 -44 
 30 39 -7 45 45 133 -103 -33 46 -7 71 -106 -60 63 -6 -71 
4 8 24 -39 31 -100 97 74 68 81 34 91 -97 -46 4 -45 
 33 40 -3 50 45 124 -105 -39 51 -14 70 -107 -61 49 6 -68 
7 0 22 -42 39 -110 103 69 66 80 30 96 -97 -47 11 -41 
 37 42 -5 55 45 121 -100 -45 57 -14 70 -105 -62 48 -7 -61 
8 -3 3 -49 46 -117 101 71 71 81 37 86 -93 -56 17 -42 
 55 46 -3 44 44 123 -95 -49 70 -19 74 -110 -46 45 -12 -63 
27 -5 -2 -40 39 -109 98 60 70 70 27 79 -89 -61 11 -32 
 43 32 -2 47 40 118 -84 -50 67 -8 72 -115 -44 57 -20 -62 
21 -1 2 -32 41 -106 100 52 67 71 35 69 -92 -49 18 -36 
 39 41 2 50 38 115 -95 -44 65 -12 65 -115 -49 61 -20 -61 
31 2 9 -29 41 -118 107 60 64 67 27 59 -93 -64 9 -40 
 41 56 -10 56 37 126 -86 -39 62 -4 65 -112 -49 63 -22 -57 
45 -6 10 -19 44 -112 106 65 67 58 26 56 -82 -55 6 -33 
 45 62 -24 55 38 127 -74 -34 66 -3 58 -95 -47 60 -33 -52 
48 -2 20 -23 42 -115 98 63 63 61 37 64 -77 -53 11 -29 
 48 62 -16 57 39 133 -74 -31 60 -7 61 -96 -43 76 -35 -41 
52 -4 19 -12 45 -108 106 58 78 65 29 59 -78 -51 24 -35 
 56 65 -16 58 39 119 -87 -37 64 3 65 -101 -42 81 -45 -32 
58 -3 25 -10 43 -101 106 56 97 73 27 58 -85 -50 22 -40 
 53 57 -8 69 37 122 -84 -40 72 7 64 -104 -43 87 -47 -33 
74 -7 37 0 45 -110 106 61 96 76 19 62 -88 -40 13 -46 
 58 56 -11 69 29 135 -82 -51 77 11 59 -103 -41 102 -33 -33 
71 -9 36 8 40 -117 103 62 97 79 19 67 -83 -51 10 -41 
 66 48 -9 70 33 144 -92 -57 73 13 56 -103 -32 115 -23 -39 
81 -15 36 9 41 -120 94 65 91 81 22 65 -83 -61 5 -34 
 67 49 -21 72 31 145 -95 -53 69 6 47 -97 -45 114 -8 -43 
91 -17 45 16 53 -121 82 62 78 81 23 62 -87 -70 5 -33 
 70 50 -26 70 41 139 -100 -53 77 2 60 -88 -34 117 -17 -46 
83 -18 43 14 67 -116 88 59 81 78 24 67 -85 -65 10 -30 
 60 61 -32 81 41 131 -98 -61 77 12 68 -80 -36 129 -21 -44 
84 -1 36 14 67 -125 91 54 79 75 21 69 -86 -59 5 -11 
 56 73 -32 87 33 122 -106 -63 68 14 68 -87 -51 133 -21 -33 
68 7 35 8 73 -119 78 54 87 79 14 78 -90 -46 9 -5 
 63 64 -15 92 35 127 -110 -67 70 7 71 -87 -47 135 -25 -30 
71 6 44 3 63 -117 82 53 90 83 8 76 -97 -39 26 -2 
 58 71 -16 98 34 122 -105 -67 68 4 75 -74 -40 137 -17 -21 
74 5 43 7 64 -114 81 47 87 82 11 68 -95 -26 15 -5 
 66 70 -9 108 31 118 -101 -66 69 19 74 -74 -41 130 -16 -31 
72 2 34 7 53 -118 74 48 96 85 12 60 -89 -29 10 3 
 60 70 -7 108 45 118 -108 -73 77 21 64 -66 -43 116 -23 -41 
73 4 39 0 42 -116 68 44 92 86 20 55 -82 -30 25 7 
 58 58 -5 112 48 122 -115 -73 76 9 59 -67 -41 121 -23 -55 
75 -4 33 2 43 -108 69 38 96 94 19 62 -79 -33 20 -5 
 58 62 -2 113 46 123 -114 -72 74 14 56 -69 -42 122 -25 -55 
59 7 44 8 36 -114 66 31 105 93 13 62 -66 -30 20 -1 
 46 67 -6 125 48 124 -117 -64 76 11 58 -71 -40 118 -33 -59 
59 5 38 12 33 -115 58 25 102 100 17 61 -69 -36 14 -9 
 37 75 -1 118 50 121 -108 -70 70 13 56 -75 -35 116 -33 -69 
67 14 42 10 31 -119 58 33 100 96 13 83 -73 -27 12 -3 
 41 70 -4 112 43 121 -120 -60 67 8 61 -71 -31 113 -42 -70 
61 17 45 -1 31 -108 62 38 104 101 6 86 -73 -19 12 1 
 36 67 -9 111 38 118 -129 -67 66 13 54 -75 -35 110 -44 -65 
76 5 36 -6 36 -100 65 44 111 92 -2 83 -76 -21 9 10 
 45 76 -11 111 42 119 -132 -77 68 10 51 -68 -39 97 -32 -66 
77 3 47 -10 28 -97 63 39 112 89 -7 79 -74 -20 8 4 
 56 71 -7 102 42 121 -132 -70 69 15 37 -55 -50 97 -27 -61 
84 -7 50 -22 30 -102 57 32 108 89 -7 75 -76 -22 3 8 
 67 62 -13 109 31 117 -143 -66 57 7 39 -51 -56 111 -18 -51 
72 -11 54 -26 24 -94 59 30 112 94 6 73 -70 -41 -2 10 
 60 62 -8 117 25 121 -145 -75 54 3 33 -46 -56 105 -2 -46 
70 -22 61 -32 23 -94 57 36 100 85 5 77 -68 -48 -1 13 
 59 68 6 124 26 115 -148 -70 47 4 36 -56 -58 105 -7 -48 
66 -18 53 -39 19 -92 44 32 103 83 13 67 -73 -41 -1 17 
 61 68 -7 124 29 128 -148 -73 35 11 32 -63 -62 105 -14 -35 
75 -13 48 -40 10 -82 44 42 97 83 6 69 -80 -44 -7 22 
 67 75 -3 128 35 128 -146 -78 30 11 16 -55 -62 106 -22 -41 
64 -18 55 -45 -1 -83 55 35 98 76 14 75 -77 -39 -16 20 
 59 77 8 134 42 112 -147 -89 27 22 14 -57 -62 109 -12 -44 
53 -19 61 -37 3 -69 61 27 109 75 18 67 -83 -40 -16 20 
 60 76 6 129 45 106 -140 -99 25 25 9 -58 -60 107 -15 -36 
47 -28 63 -33 2 -72 59 30 103 80 19 69 -86 -22 -8 23 
 53 76 12 128 49 88 -125 -86 18 20 12 -54 -57 108 -15 -36 
56 -36 67 -30 2 -79 61 28 109 73 15 68 -89 -19 -9 25 
 44 67 17 129 72 89 -118 -81 15 18 -3 -62 -57 108 -16 -36 
61 -38 68 -29 7 -72 57 25 115 68 10 71 -104 -15 -9 29 
 45 65 15 141 71 81 -116 -88 23 19 -10 -64 -67 108 -16 -26 
64 -46 69 -32 8 -64 61 23 125 80 2 88 -102 -10 1 26 
 40 69 10 142 65 81 -123 -81 29 29 -13 -71 -66 99 -19 -30 
51 -42 71 -26 6 -62 59 17 125 85 -2 90 -106 -12 10 25 
 53 78 10 134 71 67 -112 -75 23 28 -12 -73 -72 89 -15 -35 
49 -36 63 -37 10 -56 46 20 117 93 -1 80 -92 -20 0 9 
 54 71 12 129 88 67 -107 -97 17 25 -16 -88 -75 80 -16 -47 
56 -35 74 -41 2 -63 46 19 109 95 1 82 -89 -23 8 8 
 59 73 11 121 89 71 -117 -95 20 11 -12 -89 -74 76 -20 -43 
69 -34 71 -56 5 -61 40 26 114 101 10 87 -83 -25 -4 -5 
 49 72 7 133 75 71 -125 -94 14 14 -17 -102 -67 68 -22 -45 
66 -33 65 -64 8 -62 37 33 109 109 6 74 -98 -32 -5 -15 
 58 69 18 132 75 76 -126 -85 14 22 -17 -100 -78 69 -20 -51 
78 -27 70 -76 -1 -70 49 26 103 107 -3 75 -96 -29 -12 -14 
 66 89 21 127 66 77 -135 -78 12 17 -25 -92 -82 63 -23 -55 
91 -12 79 -75 -6 -90 50 17 109 105 0 73 -82 -25 -18 -18 
 57 80 31 122 64 77 -146 -89 8 14 -15 -91 -82 49 -14 -56 
97 -5 79 -82 -6 -83 43 14 110 88 24 70 -73 -32 -19 -26 
 60 81 25 125 60 71 -139 -92 16 24 -19 -89 -76 48 -15 -56 
95 -9 83 -79 -1 -96 41 13 108 85 15 71 -83 -40 -20 -18 
 70 92 21 118 44 61 -140 -96 10 27 -23 -82 -86 65 -17 -62 
103 -15 75 -73 -3 -102 48 4 109 91 13 67 -79 -46 -17 -25 
 77 86 17 120 49 56 -137 -103 10 36 -10 -87 -88 68 -27 -61 
100 -6 78 -62 -4 -106 43 3 100 101 12 68 -81 -45 -4 -13 
 74 85 22 121 57 58 -147 -97 8 34 -10 -95 -87 69 -25 -63 
97 -10 76 -71 -12 -100 56 7 101 104 18 72 -86 -46 -10 -28 
 72 79 30 117 45 48 -152 -97 9 26 -19 -111 -100 70 -18 -58 
102 -13 86 -75 -14 -95 65 10 101 99 12 71 -95 -47 -4 -36 
 66 78 28 117 51 56 -155 -107 16 31 -15 -105 -94 67 -17 -61 
90 -24 91 -66 -15 -114 79 10 99 107 25 74 -89 -50 6 -37 
 67 83 26 101 49 64 -149 -108 21 44 -17 -104 -85 57 -18 -63 
86 -13 91 -55 -19 -103 64 9 101 110 11 70 -110 -53 3 -41 
 66 74 18 106 40 68 -146 -109 24 46 -18 -109 -86 61 -13 -74 
77 -13 99 -56 -10 -100 66 10 105 109 18 83 -96 -57 8 -38 
 75 65 14 109 52 67 -149 -119 27 39 -25 -104 -85 41 -10 -71 
77 0 97 -40 -9 -103 64 1 105 113 12 79 -94 -56 15 -40 
 73 68 7 100 58 63 -167 -115 17 31 -26 -116 -88 43 -3 -76 
81 -3 103 -36 -1 -97 67 1 95 106 18 79 -93 -53 20 -27 
 77 71 9 111 71 53 -170 -116 15 46 -28 -118 -69 58 7 -82 
80 3 116 -43 -5 -82 67 11 95 106 18 77 -102 -48 34 -21 
 80 79 8 111 71 59 -163 -103 7 51 -27 -119 -71 65 20 -81 
75 13 110 -50 -15 -76 67 18 87 113 25 70 -94 -50 33 -26 
 81 79 7 110 68 50 -164 -102 9 53 -29 -129 -65 69 25 -69 
71 19 115 -52 -16 -76 61 36 89 117 29 63 -97 -49 25 -24 
 74 84 5 117 58 56 -164 -97 12 52 -32 -131 -67 68 26 -63 
82 36 116 -41 -12 -73 66 35 85 116 29 71 -89 -46 29 -23 
 78 87 9 116 48 64 -163 -103 10 50 -20 -137 -75 64 22 -82 
79 35 103 -39 -15 -94 66 32 83 128 25 83 -88 -49 31 -27 
 81 88 14 118 44 61 -157 -115 17 51 -15 -131 -78 61 23 -81 
88 26 95 -48 -21 -79 66 37 81 127 37 91 -89 -44 43 -20 
 73 95 16 116 48 65 -161 -111 26 66 -9 -142 -83 65 11 -82 
89 29 103 -36 -26 -75 63 43 73 126 34 90 -91 -47 48 -28 
 68 96 20 118 43 48 -168 -106 33 62 -13 -141 -89 69 6 -74 
93 41 101 -37 -16 -82 68 43 79 122 47 94 -91 -48 54 -29 
 76 96 10 119 44 60 -170 -104 40 65 -15 -131 -85 76 19 -80 
90 41 110 -37 -33 -82 67 37 63 123 43 104 -92 -58 50 -21 
 72 98 2 126 45 49 -177 -112 34 61 -13 -128 -73 77 18 -77 
98 52 107 -41 -34 -94 73 30 75 119 53 106 -82 -67 49 -18 
 72 92 -5 137 34 52 -173 -120 25 72 -7 -118 -78 78 20 -86 
94 60 110 -35 -28 -92 71 36 76 128 52 113 -77 -64 55 -16 
 67 86 -4 133 39 64 -169 -101 32 68 -9 -98 -68 81 15 -80 
95 71 106 -32 -33 -84 79 27 76 130 53 123 -78 -63 53 -10 
 66 78 2 122 34 73 -169 -99 40 74 -15 -90 -59 79 24 -77 
100 63 111 -26 -30 -83 78 30 71 127 47 118 -84 -54 62 -6 
 65 76 9 132 28 67 -171 -91 36 71 -26 -87 -71 82 21 -78 
99 63 126 -33 -28 -76 80 39 82 126 50 132 -82 -60 68 1 
 73 67 23 134 32 64 -166 -96 42 79 -30 -85 -68 72 18 -79 
105 51 121 -20 -36 -73 83 44 76 120 41 122 -90 -61 68 4 
 76 62 10 143 29 75 -179 -93 54 79 -25 -82 -65 67 19 -87 
109 56 125 -23 -44 -86 82 51 84 138 22 121 -95 -69 60 4 
 69 38 -4 146 37 71 -185 -94 60 75 -20 -88 -60 64 23 -81 
100 51 125 -14 -55 -87 86 50 86 162 26 118 -94 -66 41 0 
 71 33 -2 145 36 73 -188 -90 55 84 -27 -92 -57 72 28 -76 
95 54 120 -4 -58 -86 80 49 84 156 32 125 -94 -53 47 -3 
 67 43 7 146 41 80 -187 -96 61 82 -21 -102 -46 72 25 -84 
88 54 124 -7 -50 -84 78 55 77 147 32 119 -94 -56 47 4 
 66 44 13 135 42 69 -187 -99 51 90 -16 -103 -43 70 29 -75 
97 50 110 -5 -61 -90 83 52 74 144 25 113 -101 -44 40 4 
 70 47 34 136 27 69 -185 -96 53 86 -20 -105 -45 78 35 -85 
104 38 115 -19 -61 -105 73 42 92 141 23 115 -107 -43 44 4 
 83 52 36 131 42 68 -172 -93 44 82 -19 -102 -41 69 45 -83 
104 42 111 -29 -48 -115 69 37 93 137 18 110 -104 -42 41 11 
 94 62 30 119 42 74 -183 -84 50 85 -25 -104 -55 77 54 -84 
99 25 122 -28 -51 -111 66 45 91 135 19 111 -111 -38 41 20 
 85 61 38 133 56 61 -184 -82 53 64 -34 -110 -51 71 46 -90 
101 31 124 -6 -53 -117 67 47 90 129 26 118 -111 -40 44 15 
 85 54 42 146 52 63 -191 -78 44 74 -26 -118 -58 63 48 -85 
97 34 124 -2 -52 -116 70 54 98 126 32 118 -116 -44 45 21 
 85 51 36 141 48 74 -188 -88 46 81 -18 -121 -54 64 42 -89 
109 31 126 -10 -51 -116 72 59 106 132 17 106 -103 -40 45 19 
 74 46 42 162 51 66 -186 -84 46 83 -29 -119 -53 76 51 -86 
103 46 126 -4 -65 -118 72 64 93 136 29 108 -98 -16 49 18 
 74 38 48 154 56 80 -179 -87 45 87 -35 -117 -50 76 48 -88 
98 42 127 -8 -59 -117 74 66 92 141 37 107 -100 -23 42 11 
 77 38 40 163 58 66 -196 -94 40 88 -37 -113 -51 69 41 -98 
101 37 120 -11 -50 -121 69 68 88 134 19 99 -100 -8 35 2 
 81 42 34 169 67 66 -202 -85 36 76 -37 -121 -43 75 44 -103 
105 41 121 -1 -43 -122 65 64 91 131 11 103 -101 -13 35 4 
 80 38 45 172 62 61 -195 -92 46 73 -44 -127 -39 65 53 -97 
115 49 119 16 -38 -119 64 63 104 116 11 95 -103 -16 27 -2 
 75 43 38 172 69 66 -195 -95 56 74 -44 -122 -34 58 60 -98 
114 57 104 29 -32 -120 62 62 99 118 20 100 -109 -28 32 -1 
 69 35 36 163 66 74 -191 -93 64 69 -43 -128 -40 58 66 -105 
112 51 102 23 -33 -108 61 50 99 107 16 94 -104 -20 26 1 
 70 34 34 161 56 77 -202 -98 57 66 -43 -121 -36 53 70 -106 
116 61 105 27 -30 -116 59 49 104 100 31 104 -100 -11 27 9 
 59 25 51 159 60 63 -201 -90 54 73 -42 -119 -31 38 77 -116 
116 56 115 30 -35 -118 65 48 117 103 33 109 -89 -17 25 12 
 51 24 59 153 70 64 -209 -77 52 79 -43 -130 -31 32 68 -115 
107 62 109 27 -41 -123 66 53 113 105 26 108 -81 -5 14 13 
 46 23 63 144 68 71 -212 -64 46 82 -41 -143 -34 37 78 -110 
114 57 108 29 -52 -122 62 55 115 109 24 105 -80 0 15 19 
 37 16 65 139 81 56 -205 -68 39 83 -53 -140 -37 46 75 -124 
108 68 107 29 -40 -118 72 59 106 111 14 117 -90 -6 10 15 
 37 15 71 151 90 70 -215 -64 35 86 -43 -144 -32 48 75 -127 
88 72 112 26 -42 -124 67 56 105 110 15 115 -87 2 10 12 
 42 10 80 159 86 78 -210 -70 38 83 -47 -155 -35 51 70 -125 
98 57 112 36 -44 -130 78 54 108 120 8 112 -88 2 24 -2 
 46 14 73 169 86 72 -211 -74 42 80 -57 -152 -46 46 70 -129 
89 49 109 38 -41 -127 63 38 113 110 16 121 -90 10 29 -10 
 37 12 80 179 94 69 -217 -72 60 79 -58 -151 -44 53 65 -125 
103 43 116 38 -33 -125 66 32 107 102 18 117 -92 15 17 -12 
 51 -2 81 184 88 75 -225 -73 55 65 -57 -142 -43 65 69 -127 
104 40 121 29 -45 -131 69 48 101 95 7 127 -96 23 11 -15 
 62 -5 72 182 93 71 -241 -82 41 65 -59 -149 -55 69 76 -118 
99 38 131 20 -43 -138 61 49 104 95 21 130 -96 21 18 -24 
 67 -5 60 189 97 77 -248 -87 50 53 -63 -151 -58 73 72 -111 
93 37 130 12 -43 -147 63 51 101 87 15 135 -91 21 7 -24 
 59 -8 65 204 98 80 -256 -73 48 58 -63 -150 -49 77 60 -113 
94 30 128 17 -39 -135 64 52 102 74 8 139 -86 5 7 -20 
 65 -11 56 199 91 72 -260 -88 41 50 -63 -145 -41 67 64 -124 
96 33 131 12 -34 -137 72 50 103 78 11 133 -84 17 14 -27 
 66 -2 61 192 86 70 -254 -92 45 49 -54 -137 -38 63 79 -124 
89 31 141 24 -30 -143 79 43 114 84 17 123 -94 3 12 -26 
 75 -14 64 186 88 58 -265 -95 45 54 -52 -151 -33 64 90 -116 
91 24 135 31 -38 -146 91 43 108 75 22 131 -95 -6 15 -26 
 80 -11 66 193 102 55 -271 -92 53 52 -56 -145 -26 66 87 -116 
101 40 141 39 -51 -139 95 37 105 79 18 130 -92 5 10 -21 
 95 -9 57 195 104 58 -269 -90 56 52 -63 -142 -24 57 90 -113 
94 29 137 39 -49 -151 101 33 103 74 15 127 -87 -1 9 -14 
 91 -9 59 205 110 55 -265 -87 49 46 -57 -144 -21 48 92 -118 
94 30 145 38 -46 -146 83 37 101 70 20 133 -85 5 14 -6 
 94 -16 57 205 105 56 -272 -83 49 52 -59 -148 -17 49 81 -116 
97 21 154 31 -28 -148 75 37 105 72 26 133 -81 -1 19 -12 
 102 0 55 220 117 62 -269 -72 29 39 -61 -158 -26 47 84 -112 
96 24 158 18 -26 -139 72 35 110 75 14 124 -87 13 15 -21 
 113 -5 57 206 119 67 -272 -67 23 37 -49 -159 -31 55 81 -120 
92 19 155 12 -27 -132 67 33 108 83 10 126 -95 14 24 -15 
 106 7 48 205 111 72 -267 -57 17 45 -50 -163 -36 48 81 -97 
85 17 153 15 -31 -140 74 32 120 76 -2 124 -94 18 31 -22 
 106 3 50 205 113 73 -276 -66 10 53 -51 -160 -43 59 82 -107 
86 24 162 7 -34 -144 61 25 117 77 -10 136 -97 21 24 -24 
 106 6 50 199 104 67 -277 -66 9 50 -55 -166 -52 68 78 -115 
92 25 168 13 -38 -142 60 23 122 87 -20 134 -94 27 24 -24 
 106 13 52 199 112 56 -278 -68 17 52 -61 -160 -43 67 79 -126 
81 34 174 -4 -33 -137 59 22 119 77 -21 139 -109 9 22 -30 
 93 0 43 190 116 54 -265 -68 19 52 -57 -155 -60 72 66 -114 
83 32 179 -3 -29 -137 66 38 120 89 -22 138 -106 19 28 -35 
 88 0 46 186 117 50 -265 -60 17 54 -53 -151 -60 76 78 -107 
82 24 183 -7 -42 -132 70 44 130 84 -17 135 -104 10 31 -28 
 93 1 47 183 109 44 -279 -58 22 45 -55 -142 -52 75 77 -110 
83 30 177 -1 -43 -130 74 44 133 94 -13 122 -99 3 29 -39 
 81 4 37 174 104 45 -279 -46 29 45 -59 -147 -53 80 71 -103 
74 35 174 6 -42 -118 76 47 142 89 -13 124 -107 -10 27 -24 
 82 -10 37 179 117 50 -290 -52 32 42 -56 -156 -61 75 67 -92 
76 40 183 10 -48 -122 63 49 148 79 -11 126 -104 -16 27 -26 
 72 -8 37 177 122 52 -292 -52 35 47 -51 -156 -56 77 65 -82 
78 45 191 13 -40 -139 61 57 132 81 -14 129 -108 -9 19 -29 
 72 4 34 185 133 53 -290 -52 38 49 -53 -153 -52 77 74 -80 
67 53 176 13 -45 -141 60 57 124 70 -9 122 -110 -2 13 -22 
 76 7 36 179 135 52 -289 -60 46 50 -50 -146 -58 80 80 -85 
76 49 191 5 -43 -146 61 58 128 76 -8 119 -110 -4 4 -12 
 83 8 31 180 135 42 -285 -58 37 52 -50 -143 -61 75 81 -86 
77 45 198 10 -45 -154 56 57 127 78 1 123 -105 -13 -7 -13 
 85 14 34 170 149 33 -273 -62 30 49 -50 -147 -69 78 81 -84 
74 38 182 35 -37 -154 60 50 128 73 -1 113 -101 -10 -2 -15 
 85 15 20 174 148 35 -283 -60 36 44 -61 -150 -77 73 86 -81 
78 34 184 37 -36 -166 57 40 118 79 4 100 -105 2 -4 -3 
 90 23 24 156 140 27 -280 -56 43 43 -61 -137 -69 76 85 -73 
78 21 173 44 -36 -176 60 42 134 75 0 95 -109 -4 -4 2 
 90 15 22 159 134 25 -264 -60 54 48 -77 -145 -63 78 87 -54 
69 24 171 31 -28 -180 64 25 133 70 -6 83 -119 7 -3 3 
 84 10 20 148 133 31 -266 -49 59 45 -84 -148 -54 81 90 -56 
74 16 170 25 -29 -188 70 24 139 76 -4 79 -125 8 2 -13 
 82 12 26 146 138 32 -257 -56 62 50 -87 -147 -56 75 93 -59 
69 25 165 29 -34 -191 70 13 144 88 1 85 -132 -1 5 -8 
 81 13 30 147 135 33 -261 -54 63 43 -95 -142 -58 82 102 -65 
70 32 173 31 -36 -189 61 11 148 102 -5 90 -128 -13 18 -5 
 73 10 17 135 134 31 -264 -56 47 33 -105 -142 -65 76 107 -59 
68 30 177 28 -39 -189 58 15 149 99 -4 92 -120 -9 19 -1 
 68 8 19 149 128 46 -260 -57 52 31 -107 -131 -75 80 93 -56 
70 30 186 27 -28 -191 67 17 151 94 8 82 -129 -9 20 0 
 76 12 18 143 134 46 -258 -64 61 42 -107 -133 -74 83 95 -55 
66 23 181 23 -17 -193 71 12 146 86 4 82 -122 -12 21 -12 
 89 16 17 152 133 59 -247 -75 63 41 -104 -124 -80 84 104 -60 
71 15 177 33 -18 -199 59 9 150 80 16 85 -125 -3 32 -9 
 91 23 23 148 132 59 -244 -70 61 40 -106 -125 -68 79 102 -65 
72 7 176 42 -21 -212 61 21 146 77 12 84 -124 -1 31 -9 
 93 21 21 150 127 76 -245 -70 56 40 -121 -104 -56 71 98 -63 
73 7 174 46 -29 -206 48 14 137 84 10 82 -117 12 26 -19 
 88 18 12 157 127 85 -249 -65 50 35 -123 -96 -55 84 82 -63 
79 12 172 39 -18 -211 58 19 141 82 24 80 -116 11 21 -19 
 87 26 1 150 124 68 -264 -63 58 28 -118 -94 -55 82 77 -71 
77 9 162 44 -24 -218 70 16 140 72 34 77 -105 10 22 -19 
 81 20 7 141 124 60 -270 -77 58 28 -116 -98 -54 78 72 -66 
78 -1 154 42 -23 -212 78 16 141 71 37 73 -117 9 24 -24 
 76 23 5 135 135 69 -280 -85 61 22 -121 -92 -52 75 75 -68 
85 3 141 35 -24 -206 88 14 137 83 33 76 -101 20 38 -29 
 84 18 5 131 133 65 -292 -83 56 20 -124 -95 -54 75 88 -69 
92 -1 133 36 -19 -205 87 20 138 91 27 67 -107 16 22 -26 
 94 22 -3 131 141 67 -278 -82 52 33 -123 -76 -60 73 90 -71 
95 -13 136 22 -22 -207 90 19 129 92 19 48 -109 16 22 -21 
 86 16 -6 131 143 59 -271 -84 44 30 -120 -85 -67 77 94 -73 
88 -17 134 17 -23 -202 87 6 125 90 10 55 -100 12 27 -20 
 97 17 -5 123 140 61 -276 -71 39 22 -126 -96 -72 78 90 -70 
86 -16 129 13 -25 -193 88 6 120 85 12 55 -86 7 25 -23 
 83 17 -3 129 137 56 -279 -61 38 22 -126 -87 -66 63 87 -59 
89 -10 127 10 -18 -187 98 8 116 79 11 54 -80 3 40 -26 
 81 25 5 137 135 60 -283 -60 44 11 -121 -80 -68 57 89 -64 
95 -11 131 10 -27 -184 83 9 111 76 -1 59 -74 10 40 -28 
 86 23 10 134 134 49 -269 -67 39 15 -116 -81 -74 64 90 -59 
94 -5 124 19 -15 -177 89 9 130 75 9 69 -81 12 57 -31 
 91 26 12 145 127 35 -282 -58 35 10 -123 -89 -82 57 72 -73 
113 -10 118 4 -13 -187 96 16 145 67 13 66 -73 7 66 -20 
 87 38 16 155 130 31 -281 -56 32 5 -121 -105 -73 64 61 -75 
111 -27 116 -1 -4 -188 94 15 141 70 7 78 -78 17 62 -20 
 88 42 33 159 123 29 -272 -51 34 16 -131 -116 -66 67 65 -80 
111 -31 119 -16 -3 -193 87 16 139 58 5 78 -65 27 69 -23 
 84 44 35 147 128 18 -277 -46 40 26 -128 -116 -65 82 76 -77 
100 -30 130 -9 -2 -199 87 16 152 64 1 69 -59 26 69 -21 
 72 37 45 148 130 15 -271 -46 52 28 -137 -121 -58 76 57 -80 
102 -28 118 -6 1 -200 84 19 155 57 -7 68 -53 36 75 -28 
 62 37 39 151 125 12 -266 -56 56 26 -140 -118 -61 80 50 -78 
106 -34 126 -8 -5 -190 82 27 143 56 -4 71 -53 32 62 -37 
 64 51 48 155 123 21 -248 -60 60 14 -141 -131 -70 76 44 -81 
106 -40 125 -6 -5 -194 74 29 139 59 1 66 -40 28 69 -33 
 69 56 51 157 125 12 -246 -53 62 16 -148 -126 -71 76 49 -80 
108 -43 130 -10 -12 -192 70 20 138 58 1 67 -36 32 61 -23 
 72 60 55 163 129 3 -250 -56 64 15 -162 -131 -72 65 39 -85 
108 -45 136 -20 -12 -191 75 26 124 54 6 57 -36 38 51 -11 
 71 53 51 154 121 -6 -252 -53 68 6 -160 -133 -68 67 35 -74 
97 -50 129 -7 -10 -201 78 25 124 58 12 57 -40 38 44 -4 
 60 67 52 147 135 -6 -251 -58 68 6 -165 -138 -59 57 25 -79 
93 -42 126 -5 -8 -194 83 28 122 61 17 62 -38 46 57 0 
 55 68 57 142 132 4 -238 -62 70 3 -177 -141 -55 56 19 -73 
78 -41 117 -7 -6 -191 89 19 114 62 19 58 -49 35 44 7 
 64 70 49 130 131 0 -246 -68 62 12 -178 -133 -56 58 23 -68 
87 -44 109 -16 -4 -193 87 23 113 61 14 50 -52 34 37 13 
 63 69 49 129 126 -6 -255 -57 68 20 -187 -127 -54 56 29 -54 
94 -43 118 -9 -14 -183 96 12 111 70 11 39 -48 39 46 7 
 61 82 44 129 129 -4 -263 -65 63 20 -182 -132 -57 59 33 -49 
97 -50 113 2 -13 -180 89 24 110 70 6 40 -44 35 38 19 
 61 84 43 130 128 0 -271 -59 71 16 -184 -132 -57 52 24 -37 
101 -43 103 6 -28 -190 86 20 100 69 14 50 -41 35 33 13 
 60 80 43 135 133 0 -264 -56 75 8 -181 -124 -59 53 4 -41 
97 -53 105 11 -26 -177 83 26 108 71 13 42 -30 44 31 11 
 62 81 42 129 123 -3 -254 -56 88 13 -186 -127 -67 53 1 -38 
98 -48 111 -2 -24 -180 104 29 95 91 23 41 -21 35 24 10 
 61 80 38 134 125 -5 -246 -42 85 9 -175 -126 -62 52 7 -40 
107 -52 114 9 -21 -163 103 28 79 93 26 48 -10 41 20 15 
 66 89 37 126 123 -4 -236 -40 82 13 -171 -118 -57 47 4 -36 
109 -58 129 16 -15 -167 95 29 77 88 17 38 -6 50 27 24 
 74 88 28 117 121 -3 -247 -39 96 10 -177 -121 -56 55 -6 -38 
104 -61 121 18 -21 -164 82 31 75 81 7 40 -3 55 15 22 
 86 86 35 114 117 -2 -242 -40 95 3 -183 -123 -45 49 3 -43 
106 -65 129 20 -23 -162 79 28 69 84 -9 39 -14 48 8 20 
 80 95 40 109 125 -1 -243 -28 97 -2 -190 -104 -47 58 -6 -45 
105 -66 124 15 -22 -163 86 27 57 80 -11 40 -15 46 3 24 
 80 102 39 109 120 9 -239 -24 83 -9 -194 -114 -43 59 -4 -49 
102 -66 130 12 -19 -163 85 32 56 74 -28 33 -26 33 -11 31 
 60 98 37 101 122 2 -240 -24 70 -13 -189 -128 -38 50 -13 -51 
119 -62 125 17 -32 -175 77 42 51 73 -36 40 -28 35 -8 19 
 63 109 35 102 128 3 -249 -27 72 6 -178 -115 -35 48 -11 -59 
116 -66 116 22 -33 -184 86 44 43 67 -49 52 -30 38 -6 19 
 61 110 35 111 134 -1 -261 -24 66 8 -172 -101 -33 50 -12 -59 
113 -61 118 13 -38 -178 86 46 34 64 -46 46 -25 41 -3 19 
 68 104 28 110 128 -3 -259 -26 68 -1 -178 -100 -29 53 -13 -58 
125 -56 111 12 -38 -167 90 50 37 53 -63 51 -29 39 -10 24 
 55 103 24 117 113 -12 -268 -29 72 5 -164 -98 -34 66 -12 -52 
116 -60 112 18 -34 -178 85 50 34 57 -69 48 -37 56 -15 27 
 56 115 23 114 121 -28 -269 -40 72 -10 -163 -82 -49 72 -21 -47 
120 -63 101 -3 -45 -176 73 34 30 53 -62 45 -37 73 -13 29 
 58 115 17 108 130 -18 -276 -37 63 -20 -159 -76 -53 68 -24 -48 
126 -53 101 4 -36 -179 72 47 38 56 -62 40 -38 80 -11 32 
 36 112 28 101 135 -31 -275 -34 60 -32 -162 -82 -55 74 -22 -50 
125 -61 100 3 -34 -178 82 38 39 50 -45 42 -36 83 -15 36 
 27 117 26 104 138 -26 -264 -49 52 -26 -163 -83 -52 71 -18 -43 
128 -63 97 10 -25 -172 74 32 43 52 -37 46 -38 73 -20 39 
 20 127 33 109 140 -39 -261 -59 62 -22 -160 -77 -43 70 -20 -62 
123 -60 104 18 -27 -168 81 39 38 51 -23 49 -43 77 -22 40 
 12 138 34 111 137 -42 -255 -55 64 -28 -159 -71 -38 65 -33 -49 
125 -56 116 32 -17 -173 83 46 47 50 -33 39 -30 69 -18 37 
 10 127 45 100 128 -37 -254 -52 67 -27 -150 -64 -37 68 -31 -59 
128 -67 109 35 -31 -160 82 50 39 49 -29 47 -35 72 -19 51 
 11 123 54 109 125 -45 -250 -49 64 -27 -164 -66 -35 62 -30 -66 
130 -72 104 32 -30 -155 87 39 38 55 -28 47 -42 71 -27 43 
 8 119 60 108 124 -48 -256 -57 58 -33 -163 -60 -34 54 -25 -70 
129 -62 94 33 -34 -151 86 40 47 70 -29 44 -19 86 -33 34 
 16 126 63 105 123 -53 -252 -72 54 -38 -164 -62 -41 59 -25 -58 
124 -56 85 30 -48 -161 82 33 48 63 -40 38 -25 86 -38 28 
 15 125 70 114 127 -57 -252 -67 55 -39 -158 -65 -36 61 -28 -58 
121 -52 87 10 -51 -147 77 30 47 63 -39 41 -11 90 -48 34 
 5 132 67 120 135 -47 -269 -76 70 -38 -151 -64 -36 52 -30 -63 
128 -61 84 10 -57 -146 87 30 39 68 -38 48 -8 85 -46 25 
 15 135 68 126 129 -43 -262 -80 72 -41 -143 -63 -44 59 -36 -58 
114 -62 84 13 -57 -147 91 23 48 75 -43 43 -13 87 -54 21 
 21 128 66 131 123 -59 -257 -78 68 -45 -138 -55 -31 57 -38 -51 
120 -67 78 6 -49 -146 77 15 41 75 -54 56 -5 95 -58 16 
 29 117 67 130 119 -60 -267 -89 85 -41 -136 -67 -34 53 -41 -55 
120 -62 66 22 -50 -151 74 21 39 71 -70 48 -19 95 -58 23 
 26 119 73 134 112 -48 -256 -82 74 -36 -129 -64 -34 47 -40 -65 
117 -67 68 28 -47 -150 62 24 45 81 -56 48 -19 94 -65 11 
 15 115 81 123 124 -56 -268 -82 74 -33 -131 -55 -41 42 -37 -55 
111 -76 70 28 -59 -140 68 29 44 87 -49 53 -23 103 -75 9 
 9 121 90 119 119 -70 -271 -82 79 -38 -136 -68 -42 58 -30 -56 
105 -77 76 18 -56 -143 56 44 38 98 -47 60 -22 104 -65 7 
 16 120 82 128 109 -65 -270 -83 79 -22 -153 -69 -56 41 -33 -51 
111 -73 68 18 -61 -143 55 39 40 102 -52 63 -19 101 -61 -4 
 23 110 86 136 110 -69 -261 -83 78 -18 -158 -68 -54 40 -26 -54 
100 -70 59 6 -57 -141 64 30 31 95 -60 64 -12 108 -59 3 
 18 114 80 131 108 -73 -252 -92 89 -22 -151 -68 -58 47 -33 -33 
101 -67 50 7 -59 -125 63 26 24 102 -48 46 -7 116 -62 1 
 24 107 80 136 106 -77 -253 -84 78 -14 -155 -71 -58 47 -31 -39 
100 -70 61 5 -73 -128 54 31 13 114 -55 38 -16 112 -74 0 
 36 98 89 137 108 -83 -250 -88 86 -19 -152 -73 -48 48 -36 -36 
100 -63 55 8 -74 -132 59 42 10 122 -57 42 -17 107 -70 2 
 42 105 83 129 127 -82 -246 -84 80 -12 -144 -68 -53 38 -36 -39 
97 -56 60 10 -64 -125 60 44 11 126 -60 41 -25 105 -53 11 
 43 110 87 116 124 -85 -244 -91 90 -6 -135 -62 -51 43 -37 -46 
104 -50 64 2 -62 -123 71 46 12 112 -59 38 -14 99 -49 15 
 34 116 99 120 140 -101 -250 -98 86 -7 -134 -67 -44 40 -46 -43 
103 -52 59 -12 -59 -138 70 45 14 107 -63 49 -19 101 -42 20 
 33 104 90 120 146 -91 -243 -106 95 -12 -139 -49 -44 41 -50 -41 
102 -56 38 -8 -45 -140 69 45 14 102 -66 43 -16 104 -52 14 
 41 104 93 120 154 -93 -237 -105 91 -3 -141 -56 -58 54 -36 -40 
114 -51 31 -2 -42 -137 71 31 8 114 -53 40 -17 110 -40 16 
 29 95 101 111 158 -107 -237 -110 87 4 -134 -54 -60 48 -38 -40 
107 -47 42 -6 -43 -143 63 23 16 111 -49 32 -21 113 -28 21 
 43 91 113 117 159 -110 -244 -110 86 2 -130 -59 -54 45 -31 -41 
116 -31 32 -13 -47 -133 61 14 23 101 -47 30 -16 111 -22 9 
 43 112 98 113 157 -106 -250 -113 97 9 -119 -57 -57 38 -16 -41 
116 -40 38 -13 -57 -135 62 14 21 104 -51 12 -20 104 -28 -5 
 43 111 94 113 170 -99 -252 -110 101 17 -126 -62 -65 39 -27 -43 
115 -38 32 -13 -58 -146 53 12 21 111 -44 10 -26 102 -16 0 
 46 111 93 123 169 -96 -255 -120 90 14 -128 -64 -62 38 -21 -37 
116 -37 25 -25 -57 -138 67 12 22 93 -42 5 -18 112 -12 -8 
 36 101 90 126 163 -95 -263 -120 90 3 -131 -68 -57 44 -19 -37 
117 -40 29 -15 -58 -128 65 8 28 110 -44 4 -20 112 -14 0 
 26 108 88 123 153 -110 -266 -125 89 1 -123 -81 -55 39 -22 -34 
125 -52 25 -22 -56 -131 69 24 23 103 -44 7 -26 109 -20 -5 
 17 105 88 116 164 -121 -263 -117 85 3 -129 -92 -43 34 -36 -32 
129 -51 33 -20 -55 -126 52 26 17 110 -41 4 -14 118 -31 5 
 16 108 97 117 164 -114 -273 -106 74 -6 -137 -82 -48 26 -42 -25 
136 -49 28 -22 -42 -131 51 18 14 115 -47 -1 -15 130 -23 -9 
 10 103 98 118 163 -124 -267 -103 87 -9 -149 -73 -46 20 -36 -25 
131 -49 24 -25 -37 -123 40 17 -6 110 -51 4 -13 130 -26 -5 
 4 107 109 110 165 -124 -260 -103 80 -9 -140 -74 -38 14 -34 -23 
129 -56 19 -16 -44 -134 38 17 -2 109 -42 0 -12 119 -32 -7 
 -5 99 113 96 148 -128 -246 -106 84 -3 -151 -69 -31 16 -40 -24 
132 -54 29 -10 -41 -143 29 1 -19 122 -44 0 -13 119 -40 -13 
 -7 95 113 94 144 -134 -255 -106 76 -5 -168 -81 -32 -2 -46 -27 
133 -43 14 -13 -32 -140 42 13 -16 113 -45 -11 -10 114 -38 -15 
 -3 91 121 88 138 -150 -249 -112 83 -1 -165 -82 -32 -12 -59 -28 
129 -41 31 0 -28 -143 42 9 -17 119 -41 -3 -6 123 -28 -18 
 -8 95 124 88 139 -152 -256 -116 79 11 -157 -78 -29 -8 -55 -27 
126 -39 36 3 -38 -148 34 0 -16 124 -41 -1 -14 124 -28 -14 
 6 87 130 88 146 -170 -251 -122 78 22 -160 -61 -33 -8 -49 -26 
134 -45 40 8 -27 -145 38 3 -11 123 -41 3 -22 132 -28 -28 
 11 82 135 100 150 -171 -257 -125 74 22 -153 -70 -46 -4 -45 -29 
134 -49 36 16 -35 -141 30 2 -14 122 -36 9 -19 121 -29 -28 
 11 81 139 106 145 -168 -251 -124 74 21 -152 -64 -29 -6 -44 -30 
136 -40 36 6 -32 -137 39 0 -8 125 -30 7 -15 127 -21 -32 
 14 91 127 101 145 -172 -252 -138 71 25 -139 -60 -40 -5 -42 -27 
125 -34 47 4 -30 -143 37 -7 -1 130 -44 10 -28 131 -43 -35 
 11 96 138 105 139 -167 -258 -141 80 26 -144 -67 -45 -10 -51 -25 
124 -33 50 7 -27 -142 41 -14 9 135 -34 9 -32 135 -46 -41 
 -8 101 144 107 131 -165 -256 -134 72 28 -146 -60 -44 -4 -63 -35 
118 -27 49 8 -26 -139 43 -8 8 134 -34 3 -31 136 -44 -50 
 -10 92 143 103 140 -163 -267 -125 73 32 -161 -66 -35 5 -63 -35 
121 -35 47 -2 -23 -138 47 -9 14 127 -26 -3 -39 138 -44 -45 
 -5 93 156 108 149 -170 -260 -120 67 49 -167 -63 -43 3 -75 -26 
105 -38 38 11 -28 -141 56 1 25 131 -39 -10 -40 136 -43 -47 
 2 95 158 104 148 -166 -265 -128 76 42 -171 -62 -42 10 -88 -28 
114 -46 35 9 -27 -150 61 -2 19 140 -37 -7 -46 137 -63 -45 
 22 91 153 104 141 -170 -262 -123 89 50 -166 -64 -37 13 -97 -25 
108 -52 26 6 -30 -144 62 8 29 150 -50 -20 -46 117 -61 -37 
 15 90 161 112 142 -173 -257 -124 94 44 -167 -60 -32 10 -97 -17 
98 -42 32 3 -19 -143 66 19 31 151 -46 -14 -35 123 -68 -38 
 8 100 147 105 151 -176 -254 -115 90 41 -176 -65 -30 14 -97 -18 
94 -30 25 11 -18 -143 70 20 32 144 -56 -21 -30 121 -74 -39 
 9 91 141 107 150 -190 -262 -99 91 43 -170 -68 -33 17 -84 -18 
88 -25 12 15 -17 -139 68 15 27 150 -67 -32 -32 125 -64 -31 
 29 95 145 114 158 -182 -262 -99 97 45 -167 -73 -23 14 -91 -28 
86 -22 5 5 -17 -135 70 -2 22 161 -61 -36 -24 131 -67 -29 
 41 94 142 104 153 -190 -259 -97 95 41 -172 -74 -21 8 -96 -20 
87 -24 -7 -25 -21 -131 80 -2 14 157 -56 -37 -24 120 -71 -24 
 43 96 141 108 153 -188 -261 -107 84 35 -171 -83 -16 10 -106 -21 
76 -24 -6 1 -6 -126 80 1 20 160 -58 -27 -25 112 -69 -32 
 53 100 147 101 151 -180 -263 -113 80 29 -170 -70 -6 19 -97 -35 
83 -23 1 6 -4 -129 80 8 24 168 -62 -34 -21 104 -66 -35 
 62 95 148 105 147 -188 -266 -119 82 40 -164 -69 -2 21 -107 -30 
82 -24 3 -3 8 -131 78 16 25 170 -66 -38 -31 104 -66 -27 
 77 98 145 108 156 -193 -274 -117 82 39 -168 -71 -6 24 -112 -24 
72 -21 6 -7 3 -126 89 6 26 164 -74 -26 -25 113 -58 -19 
 72 110 143 104 159 -192 -283 -112 80 32 -162 -73 -16 23 -107 -26 
74 -18 12 -5 3 -130 88 3 33 156 -64 -41 -32 111 -74 -14 
 79 101 146 111 151 -185 -286 -121 77 29 -164 -73 -10 20 -107 -15 
69 -9 15 1 -5 -125 96 9 34 156 -61 -35 -26 114 -78 -20 
 78 107 141 114 148 -184 -291 -124 73 28 -169 -84 -8 26 -106 -11 
69 -16 14 -4 -9 -108 101 10 41 159 -58 -27 -25 119 -76 -25 
 79 110 131 117 156 -186 -286 -129 75 42 -163 -80 -13 23 -98 -22 
76 -20 32 -14 -22 -104 97 13 34 163 -57 -28 -14 115 -77 -25 
 79 107 116 123 150 -187 -295 -131 82 31 -170 -86 -27 15 -111 -15 
73 -19 37 -10 -23 -106 92 7 21 162 -62 -19 -20 109 -82 -20 
 67 116 121 124 148 -186 -302 -132 85 32 -170 -96 -19 -3 -104 -9 
72 -13 38 -13 -29 -106 89 8 17 150 -61 -20 -21 112 -71 -24 
 71 109 125 125 153 -179 -297 -141 79 34 -173 -99 -20 3 -106 -12 
79 -9 47 -19 -31 -117 80 17 8 157 -51 -14 -21 108 -86 -26 
 72 112 134 120 155 -192 -299 -144 76 29 -180 -103 -20 -13 -110 -19 
69 -3 45 -21 -23 -106 85 10 17 150 -37 -10 -25 111 -79 -31 
 70 110 140 122 158 -199 -311 -158 80 24 -178 -107 -20 -30 -112 -20 
71 -6 45 -16 -24 -108 72 -6 15 142 -31 -9 -24 113 -75 -13 
 65 103 140 120 158 -201 -315 -143 90 37 -169 -106 -16 -23 -101 -34 
71 -17 48 -17 -24 -124 73 -3 15 139 -31 -6 -11 99 -75 -22 
 71 97 143 130 151 -206 -311 -148 104 31 -167 -119 -20 -37 -92 -32 
73 -12 43 -22 -33 -131 69 -1 10 142 -36 11 -7 97 -75 -16 
 75 100 142 118 145 -216 -314 -150 109 34 -172 -119 -14 -41 -103 -38 
69 -6 40 -26 -24 -135 70 -2 4 143 -39 8 4 89 -85 -12 
 75 93 129 118 145 -212 -313 -141 117 42 -166 -130 -1 -38 -91 -29 
75 -2 44 -26 -33 -140 74 -1 0 153 -27 9 9 82 -90 -8 
 69 104 141 117 150 -209 -310 -145 109 44 -163 -128 0 -39 -105 -22 
79 -10 41 -17 -38 -145 71 13 -2 167 -24 17 12 88 -100 -9 
 79 97 138 125 153 -213 -302 -141 110 55 -156 -129 6 -44 -104 -33 
80 -19 46 -12 -45 -138 69 14 0 160 -10 22 2 96 -115 -11 
 78 101 146 121 143 -207 -291 -151 115 45 -157 -121 12 -47 -89 -21 
85 -23 30 0 -47 -120 59 4 0 149 -8 27 -18 101 -127 -13 
 76 108 151 123 154 -204 -297 -141 138 36 -153 -122 25 -42 -99 -18 
77 -20 38 10 -44 -113 66 2 4 139 -12 16 -28 95 -131 -11 
 81 111 161 127 151 -201 -298 -138 139 34 -146 -119 31 -39 -99 -22 
79 -37 35 8 -42 -123 61 3 13 134 -22 6 -27 85 -124 -8 
 69 108 169 128 148 -210 -297 -144 131 39 -151 -119 14 -22 -91 -39 
76 -45 31 3 -43 -129 52 7 5 131 -38 5 -36 75 -128 -24 
 66 109 172 125 155 -202 -296 -129 129 47 -157 -108 35 -19 -103 -32 
86 -46 41 4 -41 -129 48 11 8 134 -43 -2 -28 77 -129 -28 
 73 111 189 121 154 -194 -300 -126 149 50 -158 -97 37 -21 -103 -28 
92 -47 40 1 -41 -131 56 26 9 139 -43 -5 -31 82 -136 -18 
 66 106 194 137 155 -199 -305 -124 144 63 -162 -103 40 -26 -104 -22 
102 -48 49 6 -40 -125 40 33 8 148 -46 -18 -34 71 -124 -18 
 62 107 187 130 137 -191 -297 -122 142 54 -181 -103 40 -27 -110 -32 
91 -55 49 1 -36 -134 50 32 17 137 -51 -19 -44 66 -130 -21 
 66 118 176 131 146 -201 -296 -119 153 56 -176 -105 44 -29 -109 -24 
87 -48 54 -4 -44 -125 52 44 26 144 -60 -13 -47 54 -147 -27 
 61 105 179 123 151 -211 -287 -109 168 53 -161 -98 58 -32 -115 -37 
81 -41 56 -10 -55 -129 54 37 26 122 -61 -19 -38 57 -145 -9 
 61 99 167 126 160 -200 -287 -108 164 49 -164 -89 52 -33 -119 -43 
84 -38 54 -11 -47 -130 59 37 37 123 -63 -24 -41 44 -150 -19 
 56 97 163 123 169 -190 -296 -102 167 47 -138 -84 45 -45 -133 -43 
88 -33 43 -21 -51 -125 50 48 48 119 -64 -25 -41 36 -147 -22 
 52 95 164 132 158 -193 -294 -106 155 59 -128 -80 49 -43 -138 -26 
81 -45 47 -16 -46 -118 50 37 45 120 -52 -34 -45 33 -146 -17 
 66 109 164 132 146 -196 -300 -115 148 73 -131 -86 50 -46 -142 -28 
81 -52 35 -20 -51 -113 43 47 42 136 -54 -28 -62 19 -143 -24 
 72 113 164 130 154 -190 -299 -118 142 64 -128 -84 48 -50 -139 -29 
84 -50 29 -20 -53 -117 36 39 31 138 -51 -31 -65 18 -146 -10 
 77 119 169 129 143 -186 -297 -122 142 66 -123 -78 48 -48 -132 -23 
85 -56 30 -15 -64 -113 38 43 41 151 -56 -20 -63 10 -145 -13 
 77 123 177 119 146 -179 -296 -118 154 64 -124 -81 48 -50 -131 -24 
89 -48 31 -2 -61 -117 44 53 46 157 -60 -26 -64 19 -155 -7 
 66 135 190 115 148 -185 -315 -107 158 72 -119 -83 53 -59 -118 -28 
95 -46 43 2 -62 -116 51 45 53 156 -51 -16 -65 30 -154 -9 
 69 139 194 124 135 -179 -321 -98 158 65 -140 -76 59 -50 -130 -31 
90 -40 42 13 -59 -115 53 48 45 157 -56 -25 -57 34 -153 -2 
 78 146 190 126 143 -176 -322 -96 154 68 -129 -70 55 -45 -121 -24 
87 -31 36 17 -54 -122 54 62 44 152 -55 -21 -62 37 -153 -1 
 82 142 186 147 145 -171 -325 -104 164 66 -123 -69 51 -48 -106 -30 
83 -36 41 24 -52 -124 48 52 55 147 -40 -19 -55 46 -163 -6 
 78 139 183 144 160 -167 -330 -111 169 74 -120 -66 46 -49 -106 -22 
81 -45 58 19 -49 -136 54 67 59 154 -52 -24 -54 49 -157 -7 
 70 140 183 136 156 -156 -326 -101 170 86 -125 -71 49 -44 -102 -14 
88 -39 58 29 -37 -126 45 68 62 152 -57 -18 -42 58 -169 -7 
 74 136 188 134 151 -150 -329 -100 165 91 -117 -77 53 -45 -90 1 
84 -42 64 13 -37 -124 41 60 62 150 -50 -12 -33 67 -165 -16 
 66 140 194 128 142 -148 -329 -94 175 93 -128 -74 64 -41 -95 3 
85 -41 70 12 -44 -113 50 59 60 146 -50 -19 -27 68 -168 -32 
 66 146 193 128 143 -140 -330 -87 172 104 -126 -73 57 -43 -88 4 
84 -30 69 15 -43 -88 53 58 64 145 -39 -17 -37 68 -168 -34 
 62 141 188 119 153 -143 -322 -77 163 104 -132 -75 58 -30 -88 8 
92 -29 64 15 -45 -95 51 65 66 139 -40 -16 -35 70 -179 -27 
 68 127 191 127 144 -135 -327 -79 158 104 -122 -88 57 -32 -78 17 
86 -23 55 9 -49 -94 51 87 63 134 -44 -28 -32 57 -171 -22 
 61 140 188 117 142 -134 -336 -81 155 116 -136 -83 63 -33 -77 22 
78 -4 46 4 -40 -90 54 92 56 131 -45 -28 -32 54 -168 -24 
 62 141 190 111 149 -145 -343 -91 165 125 -133 -74 62 -36 -81 13 
83 -2 38 -7 -51 -90 51 90 65 137 -55 -31 -29 42 -174 -16 
 58 148 200 109 149 -141 -351 -84 157 126 -130 -85 68 -40 -77 12 
83 -10 30 -8 -50 -88 48 77 76 136 -49 -24 -33 36 -187 -13 
 50 138 199 98 144 -141 -342 -84 163 135 -132 -94 71 -24 -77 17 
74 -6 34 -11 -53 -79 50 56 65 135 -55 -33 -27 32 -185 -11 
 50 144 206 91 147 -151 -336 -96 163 116 -126 -95 55 -12 -71 24 
91 -10 35 -15 -54 -79 52 49 65 137 -60 -38 -24 43 -181 -1 
 47 134 207 86 150 -147 -341 -100 162 110 -127 -94 53 -12 -66 25 
92 -20 44 -8 -45 -77 41 56 62 118 -64 -46 -19 46 -172 -6 
 45 140 208 95 153 -141 -343 -110 171 130 -135 -104 52 -19 -68 8 
93 -35 54 -9 -51 -74 47 72 56 120 -52 -35 -17 47 -182 -3 
 51 148 193 99 138 -144 -329 -104 157 127 -129 -101 55 -17 -68 14 
102 -42 53 -4 -50 -65 37 71 56 118 -46 -42 -15 47 -174 -4 
 54 147 193 98 136 -148 -340 -100 153 121 -136 -111 53 -25 -79 9 
99 -37 45 -19 -46 -68 46 59 61 115 -51 -46 10 42 -179 -11 
 54 130 187 95 147 -133 -343 -95 154 119 -124 -117 48 -37 -79 5 
96 -39 42 -24 -52 -71 49 59 59 121 -49 -49 8 27 -176 -2 
 55 133 188 94 147 -148 -336 -93 156 115 -115 -121 56 -28 -78 8 
94 -41 39 -13 -48 -74 53 52 49 124 -50 -52 24 18 -171 3 
 48 133 180 100 155 -147 -340 -97 149 118 -121 -126 60 -35 -82 7 
103 -47 45 -14 -44 -76 59 61 48 123 -46 -47 34 7 -173 2 
 47 135 173 93 165 -153 -325 -105 157 125 -115 -119 63 -44 -90 7 
105 -40 49 -21 -42 -73 61 66 52 112 -46 -38 37 13 -166 -1 
 40 127 182 92 169 -161 -328 -107 153 111 -101 -112 60 -61 -90 5 
111 -40 46 -17 -51 -76 64 54 47 99 -53 -50 39 18 -162 -1 
 31 125 174 93 164 -176 -330 -105 140 103 -97 -117 66 -58 -88 5 
100 -40 52 -25 -44 -80 64 55 48 106 -51 -51 45 11 -156 -1 
 49 125 162 101 168 -176 -334 -107 139 94 -91 -115 49 -70 -87 5 
99 -39 43 -20 -56 -81 70 43 43 99 -51 -60 50 9 -157 -9 
 46 127 159 92 171 -175 -332 -111 140 83 -79 -121 29 -81 -82 -12 
98 -42 51 -18 -44 -80 79 46 45 103 -50 -45 47 8 -162 -12 
 48 129 161 87 173 -170 -327 -111 144 83 -83 -116 28 -85 -97 -2 
102 -33 53 -20 -46 -82 83 52 48 98 -61 -60 38 0 -151 -3 
 48 133 155 88 166 -173 -320 -111 139 80 -87 -114 25 -90 -97 -4 
108 -34 57 -21 -47 -65 85 50 47 96 -53 -61 29 -5 -152 -7 
 44 136 158 102 163 -179 -321 -105 140 76 -99 -114 37 -84 -100 -7 
101 -37 67 -23 -46 -59 94 49 48 95 -61 -63 32 -8 -144 0 
 31 131 164 95 177 -171 -319 -96 139 83 -93 -114 45 -73 -106 0 
109 -42 63 -26 -41 -55 90 53 48 91 -60 -60 32 -17 -150 -14 
 19 136 158 91 185 -165 -334 -103 137 82 -84 -116 49 -63 -107 3 
117 -31 61 -36 -36 -50 103 65 54 87 -59 -50 38 -17 -153 -21 
 21 134 169 99 178 -156 -342 -114 138 81 -82 -119 50 -58 -104 0 
125 -27 64 -25 -26 -49 108 66 53 80 -61 -57 32 -24 -148 -30 
 25 137 159 96 174 -167 -348 -118 132 83 -74 -119 46 -54 -107 1 
119 -31 58 -19 -33 -42 109 60 49 81 -63 -60 41 -25 -143 -24 
 25 137 160 96 177 -162 -347 -105 136 85 -67 -129 40 -46 -111 -1 
118 -25 62 -22 -46 -31 107 65 58 84 -63 -62 43 -27 -135 -14 
 23 126 170 82 174 -163 -339 -103 141 82 -51 -124 39 -55 -115 8 
119 -26 76 -6 -46 -32 106 61 47 80 -80 -61 38 -35 -128 -17 
 33 123 167 78 159 -165 -339 -97 147 90 -53 -125 30 -53 -126 8 
118 -20 81 -3 -45 -33 108 53 43 84 -80 -62 37 -33 -142 -18 
 34 132 167 81 162 -159 -334 -97 156 89 -57 -113 26 -55 -140 -3 
119 -26 80 0 -43 -24 109 52 52 71 -85 -65 35 -42 -134 -19 
 34 124 161 75 159 -149 -339 -100 163 83 -56 -115 35 -50 -142 -7 
129 -20 85 -7 -46 -18 102 49 45 68 -99 -78 32 -48 -136 -4 
 25 133 168 66 162 -156 -344 -106 161 79 -72 -113 39 -52 -138 6 
135 -3 88 -16 -45 -28 83 48 43 56 -89 -84 29 -46 -132 7 
 5 127 174 76 161 -154 -346 -95 150 70 -67 -112 38 -46 -136 4 
130 -15 87 -7 -52 -21 90 57 32 65 -83 -75 39 -48 -131 -2 
 9 136 176 76 163 -143 -330 -86 153 72 -75 -112 36 -53 -141 8 
130 -16 87 -14 -62 -22 92 66 37 78 -86 -76 34 -35 -136 -2 
 22 129 170 79 159 -143 -341 -90 153 66 -78 -115 39 -49 -145 2 
137 -17 89 -9 -66 -43 84 60 38 73 -84 -85 31 -38 -135 -1 
 19 135 173 71 159 -137 -319 -74 160 81 -77 -114 47 -46 -150 1 
137 -25 106 -3 -67 -37 90 48 26 64 -78 -101 37 -34 -147 0 
 26 134 177 75 159 -156 -314 -72 168 90 -75 -112 44 -34 -149 12 
145 -33 120 -12 -69 -27 91 40 22 70 -75 -102 43 -27 -143 -5 
 17 126 174 69 171 -144 -320 -70 169 84 -80 -113 48 -29 -160 22 
150 -33 129 -16 -85 -18 87 36 19 75 -60 -113 41 -35 -141 -6 
 7 133 177 70 171 -152 -323 -75 160 74 -98 -135 48 -30 -155 14 
147 -26 120 -23 -96 -25 96 38 17 78 -67 -116 40 -32 -132 -6 
 20 137 183 67 166 -148 -319 -68 170 89 -93 -142 55 -18 -156 20 
136 -31 129 -16 -96 -20 100 33 23 79 -78 -123 43 -20 -139 -5 
 26 122 174 55 160 -151 -307 -77 165 91 -86 -137 57 -6 -158 21 
130 -37 132 -19 -103 -15 86 21 21 76 -71 -124 47 -20 -135 -7 
 25 123 169 47 150 -148 -303 -77 169 91 -90 -132 64 -5 -155 11 
127 -41 144 -10 -96 -24 96 26 21 87 -56 -121 33 -25 -137 -6 
 36 119 173 45 147 -139 -295 -74 167 87 -89 -140 65 -10 -156 11 
124 -40 153 -13 -86 -29 103 28 32 95 -56 -123 24 -31 -139 -7 
 48 114 171 44 161 -133 -286 -66 167 93 -102 -143 72 -9 -159 14 
127 -24 163 -15 -82 -33 100 24 41 87 -54 -125 25 -19 -135 -6 
 49 119 184 37 148 -142 -288 -58 154 96 -98 -141 79 -12 -160 11 
127 -27 162 -26 -85 -40 89 30 36 83 -43 -128 40 -24 -125 -5 
 70 122 174 37 151 -147 -284 -75 159 98 -95 -132 81 -12 -153 8 
134 -22 165 -14 -82 -49 86 31 32 82 -42 -136 43 -24 -134 -9 
 67 115 166 30 153 -151 -293 -73 149 105 -98 -134 85 -5 -139 4 
145 -20 168 1 -77 -46 77 22 28 85 -48 -143 45 -31 -134 -19 
 69 111 166 27 153 -142 -276 -79 152 103 -104 -137 84 -7 -138 13 
142 -11 169 -10 -80 -51 83 19 27 84 -43 -144 59 -34 -135 -16 
 66 116 157 23 150 -151 -277 -70 155 96 -102 -142 94 -23 -144 -6 
139 -9 151 -19 -82 -59 85 18 27 73 -38 -147 62 -20 -141 -18 
 50 116 165 26 142 -146 -287 -52 149 88 -100 -136 99 -22 -140 -8 
136 -2 153 -12 -91 -63 89 15 13 74 -37 -153 63 -19 -143 -23 
 48 117 167 30 153 -156 -300 -49 161 87 -90 -140 95 -15 -137 -11 
143 0 152 -14 -93 -65 82 17 14 76 -34 -133 72 -8 -143 -27 
 35 122 173 21 157 -145 -298 -48 164 84 -88 -150 84 -22 -134 -20 
144 -2 143 -21 -92 -55 76 24 16 88 -42 -137 93 -10 -137 -17 
 27 125 167 28 161 -156 -287 -39 169 87 -93 -154 81 -20 -125 -26 
150 1 125 -29 -86 -48 78 26 7 93 -48 -144 85 -1 -140 -18 
 23 119 169 26 155 -157 -284 -32 173 88 -86 -166 88 -25 -121 -37 
158 9 125 -33 -87 -47 85 18 9 83 -47 -150 86 -5 -150 -8 
 18 113 154 22 151 -157 -297 -27 169 93 -88 -165 80 -32 -134 -31 
157 14 128 -39 -78 -44 82 21 15 84 -37 -151 90 6 -144 -5 
 21 115 151 23 145 -159 -298 -24 171 93 -91 -163 84 -37 -149 -36 
165 15 125 -19 -83 -61 88 26 5 84 -34 -161 84 12 -145 -9 
 17 121 145 20 134 -158 -292 -29 168 101 -94 -161 70 -43 -154 -33 
161 19 131 -27 -76 -55 90 19 11 85 -28 -168 88 2 -148 -24 
 18 110 154 12 138 -153 -286 -26 165 90 -97 -164 74 -52 -158 -35 
168 21 130 -26 -72 -62 91 6 14 84 -20 -176 87 -4 -156 -25 
 11 108 143 11 137 -166 -280 -27 163 82 -103 -141 79 -56 -167 -30 
168 25 142 -33 -72 -72 91 5 -1 90 -19 -179 93 -16 -164 -29 
 2 120 144 19 133 -168 -280 -39 161 80 -103 -144 83 -63 -171 -33 
170 25 146 -35 -64 -75 96 -6 -7 89 -26 -188 92 -17 -182 -21 
 8 122 154 21 144 -166 -284 -46 175 78 -104 -149 78 -61 -177 -29 
177 33 154 -49 -55 -73 113 7 -8 78 -31 -175 87 -24 -171 -26 
 10 120 148 9 143 -170 -296 -48 174 80 -100 -160 79 -71 -167 -24 
169 42 148 -47 -64 -71 113 20 -6 90 -13 -171 97 -27 -183 -33 
 3 114 148 9 138 -165 -293 -50 156 84 -99 -147 89 -69 -169 -28 
173 34 154 -43 -59 -71 127 19 -9 78 -18 -177 100 -31 -192 -44 
 5 121 152 10 128 -169 -284 -42 152 84 -94 -151 95 -61 -172 -30 
169 44 160 -35 -66 -68 114 19 -6 80 -19 -173 106 -35 -188 -48 
 5 120 149 22 137 -176 -286 -51 148 88 -98 -145 95 -59 -164 -31 
171 46 161 -41 -85 -66 104 26 -9 81 -22 -174 114 -31 -180 -43 
 9 111 145 22 139 -169 -294 -50 144 83 -101 -151 94 -52 -169 -36 
168 41 161 -34 -80 -53 99 21 -10 82 -37 -178 101 -44 -179 -47 
 14 113 142 29 142 -158 -289 -45 153 84 -104 -137 94 -59 -172 -38 
170 45 157 -38 -67 -56 97 15 -9 71 -53 -173 100 -59 -181 -48 
 19 117 145 32 146 -161 -299 -46 147 71 -109 -127 97 -59 -173 -39 
172 50 164 -43 -66 -52 95 5 -3 72 -47 -184 88 -59 -176 -54 
 25 121 150 40 142 -167 -296 -28 156 78 -107 -123 111 -61 -167 -41 
165 54 167 -45 -68 -46 106 2 2 75 -49 -182 79 -56 -169 -51 
 26 124 155 46 134 -167 -291 -26 150 73 -104 -124 94 -64 -180 -40 
159 56 169 -45 -75 -38 97 -3 6 79 -47 -186 75 -60 -168 -61 
 29 127 145 40 135 -158 -282 -33 149 60 -106 -113 102 -81 -186 -52 
154 59 159 -47 -67 -35 102 -4 14 88 -56 -185 81 -55 -174 -64 
 36 135 143 33 141 -152 -278 -31 144 48 -96 -127 108 -78 -178 -54 
151 52 150 -53 -59 -35 99 -6 20 90 -63 -172 79 -48 -176 -54 
 29 141 140 25 144 -149 -271 -28 145 47 -89 -130 101 -81 -174 -48 
149 45 154 -52 -61 -49 96 2 22 82 -76 -173 83 -44 -193 -43 
 18 144 136 30 152 -148 -267 -32 144 62 -95 -127 96 -85 -168 -47 
130 54 154 -51 -61 -46 94 -5 22 80 -77 -184 81 -53 -193 -47 
 21 149 141 29 153 -136 -260 -40 154 60 -99 -133 98 -85 -164 -51 
130 52 146 -37 -66 -38 83 -12 11 82 -71 -182 84 -53 -190 -50 
 19 140 149 29 159 -147 -264 -44 154 57 -86 -123 93 -91 -175 -65 
137 42 145 -27 -70 -45 93 -15 7 82 -78 -171 79 -48 -196 -41 
 24 144 153 26 167 -154 -268 -43 160 46 -84 -118 82 -93 -169 -67 
136 45 151 -26 -67 -41 88 -8 4 74 -84 -162 69 -46 -197 -39 
 26 147 155 43 160 -153 -257 -48 161 37 -83 -124 71 -101 -164 -64 
137 44 150 -24 -69 -44 103 -15 3 81 -89 -172 67 -47 -195 -34 
 22 132 159 38 164 -154 -254 -45 162 35 -80 -129 65 -105 -159 -78 
138 39 153 -24 -67 -38 103 -7 10 86 -82 -161 67 -45 -204 -25 
 26 133 168 32 171 -159 -253 -40 152 29 -77 -116 71 -99 -156 -85 
137 32 158 -15 -71 -47 105 -21 22 85 -73 -173 67 -57 -199 -36 
 30 131 174 37 177 -157 -246 -32 153 26 -82 -114 70 -114 -156 -85 
130 33 162 -7 -78 -49 97 -18 29 91 -71 -174 68 -53 -204 -28 
 34 125 177 28 183 -154 -244 -21 158 27 -92 -111 70 -123 -159 -90 
118 32 165 -10 -82 -44 99 -15 28 106 -72 -165 62 -43 -201 -26 
 28 122 183 21 183 -154 -248 -18 158 46 -79 -102 60 -111 -160 -97 
120 34 162 -14 -73 -31 101 -4 38 108 -78 -168 65 -42 -198 -26 
 23 126 185 20 177 -161 -239 -16 166 50 -82 -107 60 -110 -164 -97 
130 41 157 3 -77 -35 111 -7 37 114 -75 -167 56 -32 -190 -26 
 37 126 184 19 169 -162 -245 -13 175 47 -73 -103 65 -109 -171 -96 
126 43 168 0 -82 -30 116 -9 42 110 -76 -154 47 -33 -179 -25 
 43 131 175 22 163 -161 -251 -18 172 50 -78 -106 78 -108 -170 -107 
129 48 161 1 -91 -28 108 -2 38 108 -82 -157 49 -33 -180 -23 
 38 131 192 20 167 -169 -242 -23 168 56 -82 -103 82 -110 -166 -107 
140 39 167 -11 -92 -31 107 -11 26 103 -80 -164 61 -28 -175 -21 
 27 125 195 32 172 -181 -231 -12 170 53 -87 -98 72 -115 -163 -88 
151 46 174 -9 -88 -46 102 -21 26 113 -79 -163 56 -32 -162 -22 
 28 127 198 20 176 -191 -232 -9 176 55 -69 -88 88 -117 -174 -85 
156 53 168 -13 -92 -49 105 -21 12 125 -76 -169 61 -34 -165 -20 
 31 121 195 25 182 -199 -228 -11 185 49 -64 -85 90 -110 -184 -88 
149 45 171 -17 -101 -59 104 -14 23 129 -77 -169 63 -33 -176 -25 
 35 124 199 21 184 -205 -229 -16 189 52 -62 -85 92 -106 -170 -85 
146 44 176 -17 -102 -53 104 -8 45 123 -73 -170 62 -33 -169 -22 
 35 134 192 20 196 -204 -243 -26 193 57 -59 -78 90 -105 -166 -83 
146 40 173 -13 -103 -42 105 -5 53 121 -71 -164 54 -43 -179 -32 
 41 131 193 6 190 -189 -240 -27 200 58 -53 -65 94 -107 -160 -84 
157 36 171 -15 -104 -47 101 -9 48 108 -56 -175 51 -43 -173 -21 
 42 124 202 18 180 -174 -233 -36 203 52 -55 -61 93 -112 -161 -87 
144 40 163 -28 -113 -53 98 -8 52 105 -52 -183 71 -50 -166 -27 
 44 123 197 11 186 -175 -226 -26 203 45 -46 -61 91 -124 -162 -96 
159 39 168 -36 -115 -69 96 -7 43 114 -50 -179 67 -55 -157 -28 
 46 140 188 14 188 -180 -231 -35 216 51 -44 -59 97 -137 -167 -97 
164 41 173 -27 -120 -73 95 -2 46 106 -47 -170 65 -55 -161 -24 
 37 146 183 24 180 -182 -223 -29 214 55 -39 -65 99 -165 -166 -88 
166 42 176 -27 -108 -82 79 -5 53 111 -38 -161 78 -57 -179 -31 
 34 149 193 27 179 -190 -234 -10 221 48 -48 -72 94 -162 -165 -98 
158 40 178 -27 -98 -73 86 3 69 112 -42 -152 85 -44 -181 -30 
 39 147 195 25 170 -181 -241 -11 213 55 -44 -73 104 -167 -160 -94 
155 39 178 -33 -110 -53 91 7 73 116 -38 -156 79 -49 -192 -20 
 62 144 188 34 160 -184 -237 -11 223 46 -33 -70 108 -170 -167 -106 
151 29 183 -37 -104 -34 88 1 66 114 -47 -153 77 -44 -195 -8 
 70 152 200 42 162 -189 -243 -8 227 31 -33 -79 97 -175 -154 -107 
151 13 176 -41 -114 -32 84 -8 61 95 -48 -158 78 -53 -193 -19 
 77 140 198 39 162 -195 -238 -13 216 34 -37 -86 81 -180 -169 -107 
