0 0.03260869565217391 0.9619565217391305 
100 0.06793478260869565 0.9300204476969436 
200 0.06521739130434782 0.9308484750162233 
300 0.06521739130434782 0.9309728441427128 
400 0.06521739130434782 0.9305879323430554 
500 0.06521739130434782 0.9300963290809685 
600 0.07065217391304347 0.9296010272733849 
700 0.07608695652173914 0.929669571419711 
800 0.07065217391304347 0.92933086359442 
900 0.06521739130434782 0.9295740240312697 
1000 0.07336956521739131 0.9291062198670894 
1100 0.07608695652173914 0.9289899498479643 
1200 0.07608695652173914 0.9289088802809253 
1300 0.07608695652173914 0.9287713464559035 
1400 0.06521739130434782 0.9287504267138379 
1500 0.07880434782608696 0.9288083306780986 
1600 0.06521739130434782 0.9288454226977704 
1700 0.07065217391304347 0.9286289394985047 
1800 0.08152173913043478 0.9284681819279145 
1900 0.07065217391304347 0.9283100427692519 
2000 0.0625 0.9283768441866024 
2100 0.059782608695652176 0.9283739109740703 
2200 0.06793478260869565 0.9284008750963001 
2300 0.08152173913043478 0.9283652665192828 
2400 0.06521739130434782 0.928498994983974 
2500 0.07065217391304347 0.9284579646402309 
2600 0.06793478260869565 0.928473371445765 
2700 0.07065217391304347 0.9284232490381984 
2800 0.059782608695652176 0.9284174518417335 
2900 0.06521739130434782 0.9283699024324445 
3000 0.08152173913043478 0.9283463483186764 
3100 0.07065217391304347 0.9282840037575537 
3200 0.0625 0.9283376118875895 
3300 0.07880434782608696 0.9283311710548846 
3400 0.06521739130434782 0.9282276312593483 
3500 0.06793478260869565 0.9281587248363822 
3600 0.07880434782608696 0.9282189126208903 
3700 0.07880434782608696 0.9282273886023754 
3800 0.08423913043478261 0.9282061070885236 
3900 0.07608695652173914 0.9281685019448748 
4000 0.07065217391304347 0.9281755648044511 
4100 0.06793478260869565 0.9281345748120818 
4200 0.07336956521739131 0.9280961831034019 
4300 0.07608695652173914 0.9280589448358825 
4400 0.059782608695652176 0.928061680645703 
4500 0.07336956521739131 0.928094481419588 
4600 0.07336956521739131 0.9281164066412784 
4700 0.06793478260869565 0.9281264162111669 
4800 0.07608695652173914 0.9282141175298625 
4900 0.07336956521739131 0.928222279392848 
5000 0.07065217391304347 0.9282029463672483 
5100 0.06521739130434782 0.9282083436325358 
5200 0.06793478260869565 0.9281623308226679 
5300 0.06793478260869565 0.9281308694831985 
5400 0.07880434782608696 0.9280879949767756 
5500 0.07065217391304347 0.9280936074863859 
5600 0.08152173913043478 0.9280519588893288 
5700 0.06521739130434782 0.9280851757510125 
5800 0.0625 0.9281313004504471 
5900 0.06793478260869565 0.9281675729242649 
6000 0.07336956521739131 0.9281555429167603 
6100 0.07608695652173914 0.9281354446526942 
6200 0.059782608695652176 0.9281024098497437 
6300 0.07065217391304347 0.9281070810016353 
6400 0.06521739130434782 0.9281324079797314 
6500 0.07880434782608696 0.9280946743979187 
6600 0.06793478260869565 0.9280918404984752 
6700 0.06793478260869565 0.9280838194169592 
6800 0.059782608695652176 0.9280908178464804 
6900 0.07065217391304347 0.9281255709632504 
7000 0.07336956521739131 0.9281131422219187 
7100 0.08152173913043478 0.9281018288912156 
7200 0.07880434782608696 0.9280919618651999 
7300 0.07608695652173914 0.9280875758532184 
7400 0.059782608695652176 0.9280726605687833 
7500 0.06521739130434782 0.9280784301223605 
7600 0.0625 0.9280743952454769 
7700 0.06793478260869565 0.9280746995026056 
7800 0.07336956521739131 0.9280749959592695 
7900 0.07608695652173914 0.9280856028130726 
8000 0.06793478260869565 0.9280860952163589 
8100 0.06793478260869565 0.9281130751437021 
8200 0.07065217391304347 0.9281052681804446 
8300 0.07336956521739131 0.9281038690990608 
8400 0.07608695652173914 0.9281125305993593 
8500 0.07065217391304347 0.928081990354076 
8600 0.0625 0.9280597428003822 
8700 0.07608695652173914 0.9280586189493462 
8800 0.07880434782608696 0.9280643133438394 
8900 0.07608695652173914 0.9280747644378013 
9000 0.07608695652173914 0.9280563029228637 
9100 0.06521739130434782 0.9280167492344368 
9200 0.07880434782608696 0.9280279671869315 
9300 0.06793478260869565 0.9280529676565867 
9400 0.07336956521739131 0.9280560463040473 
9500 0.07336956521739131 0.9280384673466866 
9600 0.07336956521739131 0.9280294625106986 
9700 0.07065217391304347 0.9280385706538546 
9800 0.07336956521739131 0.9280735550498397 
9900 0.07065217391304347 0.9280894441931645 
10000 0.07336956521739131 0.9281175143355229 
10100 0.08423913043478261 0.9281329226981401 
10200 0.07880434782608696 0.9281552213551101 
10300 0.0625 0.9281530813808706 
10400 0.06521739130434782 0.9281841628940362 
10500 0.06521739130434782 0.9281696256671207 
10600 0.06793478260869565 0.9281597203709248 
10700 0.07336956521739131 0.9281710770630944 
10800 0.06793478260869565 0.9281716568111649 
10900 0.07336956521739131 0.9281577677357084 
11000 0.07336956521739131 0.9281769839105536 
11100 0.06793478260869565 0.9281640314425258 
11200 0.06521739130434782 0.928143789568478 
11300 0.07880434782608696 0.9281505965228164 
11400 0.07065217391304347 0.9281625276958925 
11500 0.07336956521739131 0.9281392827844838 
11600 0.07608695652173914 0.9281326010126564 
11700 0.07065217391304347 0.9281244077986646 
11800 0.06521739130434782 0.9281262549599703 
11900 0.06793478260869565 0.9281027261136258 
12000 0.07336956521739131 0.9280888730286969 
12100 0.07880434782608696 0.9280835575931562 
12200 0.07880434782608696 0.9280834518197012 
12300 0.07880434782608696 0.9281085312965012 
12400 0.07608695652173914 0.9281077875907623 
12500 0.07065217391304347 0.9281179244790851 
12600 0.07336956521739131 0.9281184119272797 
12700 0.07336956521739131 0.9281079802001212 
12800 0.07880434782608696 0.9281176657394293 
12900 0.07336956521739131 0.9281086653208548 
13000 0.07880434782608696 0.9281058647662555 
13100 0.07065217391304347 0.9281126482213439 
13200 0.06793478260869565 0.9281113008566545 
13300 0.08152173913043478 0.9281185543421057 
13400 0.07608695652173914 0.9281141413846469 
13500 0.07065217391304347 0.9281168383662401 
13600 0.06521739130434782 0.9281172979608276 
13700 0.07608695652173914 0.928119734199027 
13800 0.07608695652173914 0.9281199692523856 
13900 0.07336956521739131 0.9281114042468012 
14000 0.07608695652173914 0.9281076196420752 
14100 0.07608695652173914 0.9281225815005412 
14200 0.07608695652173914 0.9281220244747002 
14300 0.07336956521739131 0.9281096943661586 
14400 0.06793478260869565 0.9281030076413775 
14500 0.08152173913043478 0.9280986618614009 
14600 0.07608695652173914 0.9280956783781933 
14700 0.07880434782608696 0.9281095562857303 
14800 0.06521739130434782 0.9281050707502138 
14900 0.07065217391304347 0.9281146873714341 
15000 0.0625 0.9281134880863015 
15100 0.07065217391304347 0.9281376773205345 
15200 0.07336956521739131 0.9281250804437923 
15300 0.07608695652173914 0.9281199296437005 
15400 0.07880434782608696 0.9281173159281018 
15500 0.06793478260869565 0.928114911239948 
15600 0.06793478260869565 0.9281137566432475 
15700 0.08152173913043478 0.9280966942011447 
15800 0.08152173913043478 0.9280820834124422 
15900 0.07336956521739131 0.9280685108675145 
16000 0.06521739130434782 0.9280900921953248 
16100 0.07065217391304347 0.9280779886747516 
16200 0.07608695652173914 0.9280610026756265 
16300 0.06793478260869565 0.9280638957866015 
16400 0.07336956521739131 0.9280578066554797 
16500 0.07608695652173914 0.9280587079043958 
16600 0.07336956521739131 0.9280798956584595 
16700 0.07065217391304347 0.9280762607289852 
16800 0.0625 0.9280653907764289 
16900 0.06521739130434782 0.9280519161459445 
17000 0.06793478260869565 0.9280465918884567 
17100 0.0625 0.9280441901439783 
17200 0.07608695652173914 0.9280430801545916 
17300 0.07608695652173914 0.9280349150463784 
17400 0.07880434782608696 0.9280254383181377 
17500 0.07336956521739131 0.928026628292048 
17600 0.059782608695652176 0.9280304293481348 
17700 0.07336956521739131 0.9280272792251973 
17800 0.08152173913043478 0.9280365294573094 
17900 0.07065217391304347 0.9280292818229732 
18000 0.07065217391304347 0.9280292097298942 
18100 0.0625 0.928037395243597 
18200 0.07608695652173914 0.9280360849738308 
18300 0.07065217391304347 0.9280365708217417 
18400 0.06521739130434782 0.9280364606838475 
18500 0.07065217391304347 0.9280378205173399 
18600 0.07608695652173914 0.9280384352874904 
18700 0.08152173913043478 0.9280201535374765 
18800 0.07880434782608696 0.9280163751696834 
18900 0.07065217391304347 0.9280063109152265 
19000 0.06793478260869565 0.9280063635094721 
19100 0.07336956521739131 0.9280035702660685 
19200 0.07336956521739131 0.9279996739300262 
19300 0.07608695652173914 0.9279906087316945 
19400 0.06793478260869565 0.9279889203380373 
19500 0.06793478260869565 0.9279811180251626 
19600 0.059782608695652176 0.9279891997524528 
19700 0.07065217391304347 0.9279784407324281 
19800 0.07336956521739131 0.9279870032914456 
19900 0.06521739130434782 0.927986058161814 
20000 0.07336956521739131 0.9279906928566615 
20100 0.08152173913043478 0.9279691903712339 
20200 0.07336956521739131 0.9279626977140607 
20300 0.07336956521739131 0.9279713946410865 
20400 0.07608695652173914 0.9279701495877227 
20500 0.0625 0.9279661331472696 
20600 0.07065217391304347 0.9279745548443195 
20700 0.06793478260869565 0.9279885397260792 
20800 0.07880434782608696 0.927985668540183 
20900 0.07336956521739131 0.9279826948159335 
21000 0.0625 0.9279946296553166 
21100 0.07880434782608696 0.9279961489564682 
21200 0.07065217391304347 0.9279959876790062 
21300 0.06793478260869565 0.9279955727736807 
21400 0.07065217391304347 0.9279982091450419 
21500 0.07336956521739131 0.9279946281568299 
21600 0.07336956521739131 0.9279957348995518 
21700 0.07065217391304347 0.9279901948016821 
21800 0.07880434782608696 0.9279888188216336 
21900 0.07608695652173914 0.9279863387218769 
22000 0.06793478260869565 0.9279820284848712 
22100 0.08423913043478261 0.9279830442454896 
22200 0.06793478260869565 0.9279693629154974 
22300 0.07336956521739131 0.9279711574641808 
22400 0.07336956521739131 0.9279657788957403 
22500 0.07065217391304347 0.9279721625898752 
22600 0.07336956521739131 0.9279687509017492 
22700 0.06793478260869565 0.9279693194898521 
22800 0.07608695652173914 0.9279622556600302 
22900 0.07336956521739131 0.9279569147350695 
23000 0.07065217391304347 0.9279594176434673 
23100 0.07608695652173914 0.9279595462647016 
23200 0.06793478260869565 0.9279561600605671 
23300 0.07608695652173914 0.9279616661348739 
23400 0.06793478260869565 0.9279585320582733 
23500 0.07336956521739131 0.9279717283075836 
23600 0.07880434782608696 0.9279714566258246 
23700 0.07336956521739131 0.9279780664180378 
23800 0.07065217391304347 0.9279736602225336 
23900 0.07608695652173914 0.927978386387326 
24000 0.08152173913043478 0.9279741287953581 
24100 0.07608695652173914 0.9279856915552845 
24200 0.06793478260869565 0.9279955867795617 
24300 0.07608695652173914 0.9279894099902849 
24400 0.07065217391304347 0.9279885179331567 
24500 0.07336956521739131 0.9279906277117349 
24600 0.07608695652173914 0.9279856509897971 
24700 0.06793478260869565 0.9279857750874371 
24800 0.07065217391304347 0.927985459913082 
24900 0.07336956521739131 0.9279812186694091 
25000 0.06793478260869565 0.9279789677978099 
25100 0.06793478260869565 0.9279779257019034 
25200 0.07608695652173914 0.9279696673527448 
25300 0.06521739130434782 0.9279785512859949 
25400 0.06521739130434782 0.9279743137466344 
25500 0.06793478260869565 0.9279745849693873 
25600 0.08423913043478261 0.9279766585204722 
25700 0.06521739130434782 0.9279857999096635 
25800 0.07880434782608696 0.9279815999716897 
25900 0.07065217391304347 0.9279820487038439 
26000 0.07608695652173914 0.9279819714291925 
26100 0.08152173913043478 0.9279854345077566 
26200 0.07065217391304347 0.9279946790945582 
26300 0.07065217391304347 0.927998274160513 
26400 0.059782608695652176 0.928001327354201 
26500 0.07608695652173914 0.9280018965650189 
26600 0.06521739130434782 0.9280014399589424 
26700 0.0625 0.9280190002654192 
26800 0.07336956521739131 0.9280254792569388 
26900 0.07880434782608696 0.9280136264531947 
27000 0.07880434782608696 0.927997131346182 
27100 0.06521739130434782 0.9279905843358901 
27200 0.07880434782608696 0.9279961734143406 
27300 0.059782608695652176 0.9280047075835731 
27400 0.07336956521739131 0.9280061383034259 
27500 0.07880434782608696 0.9280091395886 
27600 0.07336956521739131 0.9280089686416528 
27700 0.07336956521739131 0.9280120361374491 
27800 0.08152173913043478 0.9280163522425687 
27900 0.07065217391304347 0.928019468680412 
28000 0.06793478260869565 0.9280176135013811 
28100 0.07336956521739131 0.9280266987249409 
28200 0.0625 0.9280282035943838 
28300 0.07065217391304347 0.9280322903016178 
28400 0.07065217391304347 0.9280209438430673 
28500 0.07608695652173914 0.928025313375732 
28600 0.07880434782608696 0.9280221465348581 
28700 0.07608695652173914 0.9280115220951247 
28800 0.057065217391304345 0.92800672681957 
28900 0.07065217391304347 0.9280029049694384 
29000 0.07880434782608696 0.9279980787768938 
29100 0.0625 0.9279973943820846 
29200 0.06793478260869565 0.927996249383955 
29300 0.07065217391304347 0.9280009548568605 
29400 0.06793478260869565 0.9280065525721545 
29500 0.07336956521739131 0.9280063092923895 
29600 0.07608695652173914 0.9280048742477854 
29700 0.0625 0.9280005211360179 
29800 0.07608695652173914 0.9279985680375477 
29900 0.07065217391304347 0.9280012628631004 
30000 0.07880434782608696 0.9279957878215653 
30100 0.07065217391304347 0.9279908908125254 
30200 0.07608695652173914 0.9279905250761924 
30300 0.06521739130434782 0.9279835254396828 
30400 0.0625 0.9279752310779251 
30500 0.07880434782608696 0.9279738511780797 
30600 0.07336956521739131 0.9279659090424723 
30700 0.07608695652173914 0.9279652765877899 
30800 0.07065217391304347 0.927959178344012 
30900 0.07065217391304347 0.9279590993959672 
31000 0.07336956521739131 0.9279635790149827 
31100 0.07065217391304347 0.9279541375015203 
31200 0.07336956521739131 0.9279480660458207 
31300 0.08152173913043478 0.9279487181267997 
31400 0.07608695652173914 0.9279446929826384 
31500 0.07065217391304347 0.9279419010852658 
31600 0.06793478260869565 0.927941878559154 
31700 0.07065217391304347 0.9279397131896813 
31800 0.06793478260869565 0.9279440556285488 
31900 0.07065217391304347 0.9279392563678663 
32000 0.07336956521739131 0.9279434032632132 
32100 0.06521739130434782 0.9279432917571306 
32200 0.07880434782608696 0.9279490881325587 
32300 0.07608695652173914 0.9279499692431114 
32400 0.07336956521739131 0.9279494191671486 
32500 0.07608695652173914 0.9279427689850346 
32600 0.07880434782608696 0.9279425777816898 
32700 0.07336956521739131 0.927946293358932 
32800 0.07880434782608696 0.9279528858478598 
32900 0.07608695652173914 0.92795159192994 
33000 0.07336956521739131 0.9279533525334542 
33100 0.07065217391304347 0.9279486991723618 
33200 0.07336956521739131 0.9279487391029343 
33300 0.06521739130434782 0.9279461675651469 
33400 0.07065217391304347 0.9279389740999684 
33500 0.06793478260869565 0.9279377448823721 
33600 0.07336956521739131 0.9279370082153352 
33700 0.06521739130434782 0.9279357114935307 
33800 0.07336956521739131 0.92794181867529 
33900 0.07880434782608696 0.9279395535337549 
34000 0.07065217391304347 0.9279415375251111 
34100 0.06521739130434782 0.9279378521348985 
34200 0.07065217391304347 0.9279362540886803 
34300 0.0625 0.9279400524512532 
34400 0.07880434782608696 0.9279333228432439 
34500 0.07608695652173914 0.9279352173787023 
34600 0.08152173913043478 0.9279353731922801 
34700 0.07336956521739131 0.9279358413427504 
34800 0.07336956521739131 0.9279405233232928 
34900 0.07065217391304347 0.927949227192942 
35000 0.07336956521739131 0.9279449934970803 
35100 0.07880434782608696 0.927948680391863 
35200 0.07336956521739131 0.9279426195896114 
35300 0.07608695652173914 0.9279467541872813 
35400 0.07608695652173914 0.9279488696585579 
35500 0.07065217391304347 0.9279437780687133 
35600 0.07065217391304347 0.9279415392581791 
35700 0.07608695652173914 0.9279484468222179 
35800 0.06793478260869565 0.9279551639922615 
35900 0.07608695652173914 0.9279594973132637 
36000 0.07880434782608696 0.9279567113473901 
36100 0.07065217391304347 0.9279583065867139 
36200 0.06793478260869565 0.9279646220438301 
36300 0.06793478260869565 0.9279631924141508 
36400 0.07880434782608696 0.9279716246448079 
36500 0.06793478260869565 0.9279833607894007 
36600 0.0625 0.927989390287507 
36700 0.07065217391304347 0.9279925733572003 
36800 0.07065217391304347 0.9279910133585689 
36900 0.06793478260869565 0.927991155536023 
37000 0.07608695652173914 0.9279868170425476 
37100 0.07336956521739131 0.9279917305639248 
37200 0.06793478260869565 0.9279931114521232 
37300 0.07065217391304347 0.9279930279290799 
37400 0.07065217391304347 0.92799432530867 
37500 0.07336956521739131 0.9279976447004892 
37600 0.07065217391304347 0.9279990674392332 
37700 0.07880434782608696 0.9279959417522081 
37800 0.08152173913043478 0.9279986554300956 
37900 0.07608695652173914 0.9280040075803896 
38000 0.06521739130434782 0.9280061136835072 
38100 0.07880434782608696 0.9280107049569623 
38200 0.07065217391304347 0.9280063804384816 
38300 0.07336956521739131 0.9279998081557639 
38400 0.07880434782608696 0.9280049460894927 
38500 0.0625 0.9280034228359963 
38600 0.07336956521739131 0.928012889393494 
38700 0.059782608695652176 0.928011564132148 
38800 0.07065217391304347 0.9280133972342712 
38900 0.07065217391304347 0.9280152209119471 
39000 0.07065217391304347 0.9280180106864595 
39100 0.07065217391304347 0.9280232185766404 
39200 0.0625 0.9280262509940408 
39300 0.07880434782608696 0.928025534254577 
39400 0.07880434782608696 0.9280273729534563 
39500 0.07065217391304347 0.9280256939009799 
39600 0.07608695652173914 0.928027866006897 
39700 0.07880434782608696 0.9280272893137069 
39800 0.06521739130434782 0.92802466728496 
39900 0.07880434782608696 0.9280261445991873 
40000 0.06521739130434782 0.9280277503931967 
40100 0.06521739130434782 0.9280357857279934 
40200 0.07065217391304347 0.9280362780289912 
40300 0.07608695652173914 0.9280381838620899 
40400 0.07065217391304347 0.9280404838235816 
40500 0.07336956521739131 0.9280455232989416 
40600 0.07880434782608696 0.9280436442452157 
40700 0.07336956521739131 0.9280492520747807 
40800 0.07880434782608696 0.9280481057049966 
40900 0.07336956521739131 0.9280481608294897 
41000 0.07880434782608696 0.9280448355978592 
41100 0.07880434782608696 0.9280491297683438 
41200 0.07880434782608696 0.9280511606408878 
41300 0.06521739130434782 0.9280583794686517 
41400 0.07065217391304347 0.9280603781887226 
41500 0.07065217391304347 0.9280632184871397 
41600 0.06521739130434782 0.9280606888630395 
41700 0.07065217391304347 0.9280618205381375 
41800 0.07065217391304347 0.9280677573763058 
41900 0.07065217391304347 0.9280702935387035 
42000 0.07880434782608696 0.9280696474100513 
42100 0.07336956521739131 0.9280722961243304 
42200 0.07608695652173914 0.9280747391108597 
42300 0.07336956521739131 0.9280745367310671 
42400 0.07608695652173914 0.9280825385578478 
42500 0.06521739130434782 0.9280811679111387 
42600 0.06793478260869565 0.9280840136432805 
42700 0.06521739130434782 0.9280795277169968 
42800 0.06521739130434782 0.9280753801973338 
42900 0.08423913043478261 0.9280768893600332 
43000 0.07065217391304347 0.9280705554875872 
43100 0.07336956521739131 0.9280674664060049 
43200 0.06793478260869565 0.9280675366814174 
43300 0.07336956521739131 0.9280689872610633 
43400 0.06793478260869565 0.9280711824912871 
43500 0.07065217391304347 0.9280728054227639 
43600 0.07065217391304347 0.9280740469654166 
43700 0.08152173913043478 0.9280741635600817 
43800 0.08152173913043478 0.9280731008722255 
43900 0.06793478260869565 0.9280732809889445 
44000 0.08152173913043478 0.9280735220444595 
44100 0.07608695652173914 0.9280704346643032 
44200 0.07336956521739131 0.9280683449026828 
44300 0.06521739130434782 0.928065344486286 
44400 0.06793478260869565 0.9280651116357543 
44500 0.06521739130434782 0.928063047923691 
44600 0.06521739130434782 0.9280640398002384 
44700 0.07065217391304347 0.928065270400526 
44800 0.057065217391304345 0.9280625529515548 
44900 0.07608695652173914 0.9280607554010126 
45000 0.07336956521739131 0.9280599923866426 
45100 0.07065217391304347 0.9280560996912244 
45200 0.07336956521739131 0.9280575145990422 
45300 0.07880434782608696 0.928055744042506 
45400 0.07880434782608696 0.9280611038063709 
45500 0.07608695652173914 0.9280613039560526 
45600 0.08152173913043478 0.9280610860936498 
45700 0.06793478260869565 0.9280624151502727 
45800 0.07065217391304347 0.9280674762180054 
45900 0.07065217391304347 0.9280682527519055 
46000 0.08152173913043478 0.9280663676498526 
46100 0.07065217391304347 0.9280708567106438 
46200 0.07608695652173914 0.9280642099785155 
46300 0.07065217391304347 0.9280654563757191 
46400 0.08152173913043478 0.9280637692403556 
46500 0.07065217391304347 0.9280568884446618 
46600 0.07336956521739131 0.9280551686239239 
46700 0.07336956521739131 0.9280584020638233 
46800 0.07336956521739131 0.9280598217429393 
46900 0.07065217391304347 0.928067608644666 
47000 0.07880434782608696 0.9280688292478514 
47100 0.07065217391304347 0.9280721216110062 
47200 0.06793478260869565 0.9280747091762057 
47300 0.06521739130434782 0.9280762517200206 
47400 0.07065217391304347 0.9280797942255851 
47500 0.07608695652173914 0.9280816056046417 
47600 0.07608695652173914 0.928077700687691 
47700 0.07880434782608696 0.9280754641913441 
47800 0.07608695652173914 0.9280744308605514 
47900 0.07880434782608696 0.9280742527840482 
48000 0.07065217391304347 0.9280741886717939 
48100 0.06793478260869565 0.9280750852147158 
48200 0.06793478260869565 0.9280720317005872 
48300 0.07880434782608696 0.9280723664016318 
48400 0.07336956521739131 0.9280726997196429 
48500 0.07336956521739131 0.9280713508372306 
48600 0.06793478260869565 0.9280689451728941 
48700 0.07336956521739131 0.9280679443239715 
48800 0.08423913043478261 0.9280750773104257 
48900 0.07880434782608696 0.9280736790303035 
49000 0.06521739130434782 0.9280717873548278 
49100 0.07608695652173914 0.9280702354419418 
49200 0.08152173913043478 0.9280686346071085 
49300 0.07608695652173914 0.9280662686090678 
49400 0.07336956521739131 0.9280706780271126 
49500 0.07336956521739131 0.9280703486007749 
49600 0.0625 0.9280672812522188 
49700 0.0625 0.9280663585633392 
49800 0.0625 0.928067076529806 
49900 0.07065217391304347 0.9280655044814821 
50000 0.06793478260869565 0.9280626887462251 
50100 0.07336956521739131 0.9280605351103813 
50200 0.06521739130434782 0.9280640195977389 
50300 0.06521739130434782 0.9280663017331318 
50400 0.07336956521739131 0.9280665799419093 
50500 0.06793478260869565 0.9280686865434434 
50600 0.07065217391304347 0.9280608498886859 
50700 0.07336956521739131 0.9280607084329869 
50800 0.07608695652173914 0.9280565557165513 
50900 0.07065217391304347 0.9280561563239127 
51000 0.07336956521739131 0.9280556519352136 
51100 0.0625 0.9280579147179115 
51200 0.07880434782608696 0.9280544898494679 
51300 0.07880434782608696 0.9280518728764504 
51400 0.07880434782608696 0.9280524380764035 
51500 0.07065217391304347 0.928051312638083 
51600 0.06521739130434782 0.9280499282538339 
51700 0.06521739130434782 0.9280520181680112 
51800 0.07336956521739131 0.9280492738515204 
51900 0.07336956521739131 0.9280502051145869 
52000 0.0625 0.9280490425351352 
52100 0.07065217391304347 0.9280536216028566 
52200 0.07065217391304347 0.9280543309598434 
52300 0.07608695652173914 0.9280535308577523 
52400 0.06793478260869565 0.9280519559450824 
52500 0.059782608695652176 0.9280579955826929 
52600 0.07880434782608696 0.9280547650358771 
52700 0.07608695652173914 0.9280553108059165 
52800 0.06793478260869565 0.9280555971848359 
52900 0.07608695652173914 0.9280545469264574 
53000 0.07880434782608696 0.9280632933094781 
53100 0.08152173913043478 0.9280613625551963 
53200 0.07065217391304347 0.9280657727094048 
53300 0.06793478260869565 0.9280695035495704 
53400 0.07336956521739131 0.9280680299912963 
53500 0.06521739130434782 0.9280693554691786 
53600 0.07608695652173914 0.9280677862921117 
53700 0.07065217391304347 0.9280695627075198 
53800 0.06521739130434782 0.9280671908474305 
53900 0.07336956521739131 0.928065231104045 
54000 0.07336956521739131 0.9280609638468853 
54100 0.06793478260869565 0.9280591735425608 
54200 0.07336956521739131 0.9280529277897167 
54300 0.07065217391304347 0.928056263276439 
54400 0.06521739130434782 0.928058737331395 
54500 0.07608695652173914 0.9280564656571918 
54600 0.06793478260869565 0.9280545506811071 
54700 0.07336956521739131 0.9280581568733741 
54800 0.0625 0.9280611052797354 
54900 0.06521739130434782 0.9280624095704284 
55000 0.07608695652173914 0.9280636103058996 
55100 0.06793478260869565 0.9280653984816815 
55200 0.07065217391304347 0.9280692969487793 
55300 0.07065217391304347 0.9280771123723685 
55400 0.07608695652173914 0.9280818585129919 
55500 0.06521739130434782 0.9280846780669052 
55600 0.07065217391304347 0.928088171701635 
55700 0.07065217391304347 0.9280918967187382 
55800 0.06521739130434782 0.928092004740448 
55900 0.07336956521739131 0.9280878346268986 
56000 0.06793478260869565 0.9280853292216055 
56100 0.08152173913043478 0.9280848671224182 
56200 0.07065217391304347 0.9280857605040294 
56300 0.07336956521739131 0.9280820654973307 
56400 0.07336956521739131 0.9280777572553062 
56500 0.0625 0.9280801975032378 
56600 0.07608695652173914 0.9280799886006008 
56700 0.07065217391304347 0.9280825600806059 
56800 0.07065217391304347 0.9280782334664959 
56900 0.07608695652173914 0.9280809900185142 
57000 0.07608695652173914 0.9280814486092158 
57100 0.07336956521739131 0.9280793357764998 
57200 0.07608695652173914 0.9280787030175057 
57300 0.07608695652173914 0.9280785941212043 
57400 0.07608695652173914 0.9280743669819417 
57500 0.07065217391304347 0.9280726119696973 
57600 0.06521739130434782 0.9280716650450664 
57700 0.06793478260869565 0.9280742063847888 
57800 0.06793478260869565 0.9280743882872494 
57900 0.07336956521739131 0.9280774323939738 
58000 0.06793478260869565 0.9280766710918777 
58100 0.07608695652173914 0.928075444709101 
58200 0.06793478260869565 0.9280771173063663 
58300 0.07336956521739131 0.9280759409749851 
58400 0.07336956521739131 0.9280775604646436 
58500 0.06793478260869565 0.9280754583905292 
58600 0.07880434782608696 0.9280742909120856 
58700 0.06793478260869565 0.928074469881633 
58800 0.06521739130434782 0.9280694261336875 
58900 0.06793478260869565 0.9280709045317751 
59000 0.07065217391304347 0.9280679104186149 
59100 0.07336956521739131 0.9280674092912428 
59200 0.07336956521739131 0.9280646148016007 
59300 0.07065217391304347 0.9280684741733954 
59400 0.07880434782608696 0.9280671054432549 
59500 0.06793478260869565 0.9280711760050799 
59600 0.07065217391304347 0.9280721781732579 
59700 0.07880434782608696 0.9280729038840657 
59800 0.07336956521739131 0.9280718549857025 
59900 0.07608695652173914 0.9280691764599995 
60000 0.07608695652173914 0.9280713527962939 
60100 0.08152173913043478 0.9280730245391272 
60200 0.08152173913043478 0.9280726594892617 
60300 0.0625 0.9280766668373082 
60400 0.07065217391304347 0.9280773767062596 
60500 0.06793478260869565 0.9280783986322899 
60600 0.07065217391304347 0.9280757402482238 
60700 0.07608695652173914 0.9280718819187135 
60800 0.06793478260869565 0.9280723268281486 
60900 0.07880434782608696 0.9280725025576078 
61000 0.07336956521739131 0.9280729449909232 
61100 0.07065217391304347 0.9280704951815347 
61200 0.07336956521739131 0.9280715610642907 
61300 0.06793478260869565 0.9280729337701421 
61400 0.07336956521739131 0.9280700091274536 
61500 0.07336956521739131 0.9280722193983414 
61600 0.07065217391304347 0.9280745989442577 
61700 0.07608695652173914 0.9280752531669207 
61800 0.07880434782608696 0.9280774442231482 
61900 0.07880434782608696 0.9280785746244178 
62000 0.07336956521739131 0.9280810162248435 
62100 0.07608695652173914 0.9280820934760555 
62200 0.07065217391304347 0.9280829051399285 
62300 0.07608695652173914 0.9280828418554242 
62400 0.07336956521739131 0.928082865868231 
62500 0.06521739130434782 0.928082715893937 
62600 0.07336956521739131 0.9280783124036774 
62700 0.059782608695652176 0.9280807705029321 
62800 0.07336956521739131 0.9280830044246041 
62900 0.07880434782608696 0.9280826823794188 
63000 0.08152173913043478 0.9280807654536884 
63100 0.07608695652173914 0.9280842376231894 
63200 0.07065217391304347 0.928086666900565 
63300 0.07880434782608696 0.9280865557450497 
63400 0.07336956521739131 0.9280846019435984 
63500 0.07336956521739131 0.928083210603325 
63600 0.08152173913043478 0.9280826781503982 
63700 0.07336956521739131 0.9280803983692837 
63800 0.06521739130434782 0.9280792757098669 
63900 0.07608695652173914 0.9280769658636355 
64000 0.06521739130434782 0.9280729224339566 
64100 0.06521739130434782 0.9280716895144415 
64200 0.06793478260869565 0.9280741851508476 
64300 0.07608695652173914 0.9280722779346863 
64400 0.07336956521739131 0.9280678027548857 
64500 0.08423913043478261 0.9280691553147474 
64600 0.06793478260869565 0.9280678957049393 
64700 0.07336956521739131 0.9280700839245143 
64800 0.07336956521739131 0.9280717621775831 
64900 0.07336956521739131 0.9280687039725388 
65000 0.06793478260869565 0.9280664494793726 
65100 0.07336956521739131 0.9280675412052042 
65200 0.07065217391304347 0.9280684211965274 
65300 0.07608695652173914 0.9280684246129794 
65400 0.07880434782608696 0.9280695083109353 
65500 0.07336956521739131 0.9280719162601566 
65600 0.07880434782608696 0.9280719143332253 
65700 0.06521739130434782 0.9280719951320971 
65800 0.0625 0.9280741818381246 
65900 0.07065217391304347 0.9280768979556291 
66000 0.06793478260869565 0.9280770531803536 
66100 0.06793478260869565 0.9280765912901403 
66200 0.07065217391304347 0.9280760076525837 
66300 0.07336956521739131 0.9280789915294083 
66400 0.07336956521739131 0.928076400761382 
66500 0.07336956521739131 0.9280768416035587 
66600 0.07880434782608696 0.9280760162890882 
66700 0.07065217391304347 0.9280723009172016 
66800 0.07065217391304347 0.9280737628895167 
66900 0.06521739130434782 0.92807745448661 
67000 0.07336956521739131 0.9280772415466868 
67100 0.07608695652173914 0.9280765837741031 
67200 0.07880434782608696 0.9280745126722364 
67300 0.08152173913043478 0.9280742646759561 
67400 0.07880434782608696 0.9280724853779101 
67500 0.0625 0.9280729657467233 
67600 0.07608695652173914 0.9280720779792941 
67700 0.07608695652173914 0.9280752066471306 
67800 0.07065217391304347 0.9280731158255329 
67900 0.06521739130434782 0.9280786349435848 
68000 0.07065217391304347 0.9280770247624236 
68100 0.06521739130434782 0.9280779730617503 
68200 0.07065217391304347 0.9280777631081528 
68300 0.08152173913043478 0.9280789462628022 
68400 0.06793478260869565 0.9280764710406598 
68500 0.0625 0.9280782873369668 
68600 0.06793478260869565 0.9280765729109032 
68700 0.07608695652173914 0.9280765642927797 
68800 0.07336956521739131 0.9280769111672417 
68900 0.07336956521739131 0.9280749695688142 
69000 0.08152173913043478 0.9280746088746036 
69100 0.07065217391304347 0.928073384076113 
69200 0.0625 0.9280784457123327 
69300 0.07065217391304347 0.9280832574722869 
69400 0.07065217391304347 0.9280846880417084 
69500 0.07336956521739131 0.9280834948887191 
69600 0.07336956521739131 0.9280853895152681 
69700 0.07608695652173914 0.9280826003369673 
69800 0.08152173913043478 0.9280818435390548 
69900 0.07336956521739131 0.9280818664036031 
70000 0.07336956521739131 0.9280765709558186 
70100 0.06793478260869565 0.9280752833024152 
70200 0.06793478260869565 0.9280769024719703 
70300 0.07336956521739131 0.9280769708885334 
70400 0.07336956521739131 0.9280769233144539 
70500 0.07336956521739131 0.9280762977151727 
70600 0.07336956521739131 0.928074519205603 
70700 0.07336956521739131 0.9280730916418992 
70800 0.07880434782608696 0.928071092400439 
70900 0.07336956521739131 0.9280704402280461 
71000 0.07065217391304347 0.9280740381488809 
71100 0.06793478260869565 0.9280769762303839 
71200 0.06793478260869565 0.9280758605613135 
71300 0.06793478260869565 0.9280767298220709 
71400 0.06521739130434782 0.9280785861603449 
71500 0.07065217391304347 0.9280808933654318 
71600 0.06793478260869565 0.9280822832812027 
71700 0.06793478260869565 0.9280819638680681 
71800 0.07336956521739131 0.9280860354978706 
71900 0.07880434782608696 0.9280857495481408 
72000 0.07880434782608696 0.9280839924928579 
72100 0.07065217391304347 0.9280870267734331 
72200 0.0625 0.9280917839268756 
72300 0.06521739130434782 0.9280898003094551 
72400 0.06793478260869565 0.9280878972365864 
72500 0.0625 0.9280842752993512 
72600 0.06521739130434782 0.9280835828108728 
72700 0.057065217391304345 0.9280848732419804 
72800 0.06793478260869565 0.9280853762758873 
72900 0.07608695652173914 0.9280869961824344 
73000 0.0625 0.9280870110177168 
73100 0.06793478260869565 0.9280892933719458 
73200 0.07608695652173914 0.9280924975484417 
73300 0.07608695652173914 0.9280926160328793 
73400 0.06793478260869565 0.9280914384533323 
73500 0.07336956521739131 0.9280892288954365 
73600 0.07336956521739131 0.9280915665725241 
73700 0.07065217391304347 0.928090579562663 
73800 0.07880434782608696 0.9280880855862093 
73900 0.06793478260869565 0.9280883193908654 
74000 0.07880434782608696 0.9280864594661764 
74100 0.07608695652173914 0.9280855580192252 
74200 0.07608695652173914 0.9280876620085396 
74300 0.06521739130434782 0.928090345498305 
74400 0.07065217391304347 0.9280930948216568 
74500 0.07065217391304347 0.9280966392047262 
74600 0.07336956521739131 0.9280952566202925 
74700 0.07065217391304347 0.9280934775915345 
74800 0.06793478260869565 0.9280943916118304 
74900 0.07065217391304347 0.9280995479250002 
75000 0.07065217391304347 0.9280953065553329 
75100 0.07336956521739131 0.9280903166344685 
75200 0.07336956521739131 0.9280863517656738 
75300 0.07608695652173914 0.9280843100414973 
75400 0.07336956521739131 0.9280838594575207 
75500 0.07608695652173914 0.9280849576999556 
75600 0.07608695652173914 0.9280838964057871 
75700 0.07608695652173914 0.9280828738119019 
75800 0.07608695652173914 0.928082176557267 
75900 0.07880434782608696 0.9280831996255993 
76000 0.07336956521739131 0.9280800724590008 
76100 0.07065217391304347 0.9280788460187063 
76200 0.08152173913043478 0.9280789065874406 
76300 0.07336956521739131 0.9280804984036337 
76400 0.08695652173913043 0.9280780669271914 
76500 0.07336956521739131 0.92807748889898 
76600 0.07336956521739131 0.9280789699078739 
76700 0.07336956521739131 0.9280785339230881 
76800 0.06521739130434782 0.9280793728342531 
76900 0.07608695652173914 0.9280796795201962 
77000 0.059782608695652176 0.9280777268279407 
77100 0.07065217391304347 0.9280778586303793 
77200 0.07065217391304347 0.9280766525326604 
77300 0.06521739130434782 0.9280785430527644 
77400 0.06521739130434782 0.9280794807729144 
77500 0.07065217391304347 0.9280769799323767 
77600 0.06521739130434782 0.9280791078443072 
77700 0.06793478260869565 0.9280750051899058 
77800 0.08152173913043478 0.928073881916126 
77900 0.07065217391304347 0.9280750986620142 
78000 0.07336956521739131 0.9280736994453248 
78100 0.07065217391304347 0.9280739390966992 
78200 0.07336956521739131 0.9280701125249705 
78300 0.06521739130434782 0.9280700438053154 
78400 0.06521739130434782 0.928068692834996 
78500 0.06793478260869565 0.9280682799388321 
78600 0.07880434782608696 0.9280636157411428 
78700 0.07336956521739131 0.9280604826301859 
78800 0.07608695652173914 0.9280598748195096 
78900 0.06793478260869565 0.9280635391737472 
79000 0.07880434782608696 0.9280655775958807 
79100 0.07336956521739131 0.9280643816408631 
79200 0.0625 0.9280640464574723 
79300 0.07608695652173914 0.9280675157339427 
79400 0.06793478260869565 0.9280673485658651 
79500 0.07880434782608696 0.9280659854975847 
79600 0.07065217391304347 0.9280659572225168 
79700 0.07065217391304347 0.9280658949235813 
79800 0.07336956521739131 0.9280681142712062 
79900 0.059782608695652176 0.9280680494285591 
80000 0.07336956521739131 0.9280686980543178 
80100 0.07608695652173914 0.9280677166816025 
80200 0.07336956521739131 0.9280699904533338 
80300 0.06793478260869565 0.92806850231439 
80400 0.08423913043478261 0.9280693161398057 
80500 0.06793478260869565 0.9280705330152529 
80600 0.07065217391304347 0.9280739382886068 
80700 0.07608695652173914 0.9280720822380845 
80800 0.06521739130434782 0.9280738628934316 
80900 0.07608695652173914 0.9280748665975538 
81000 0.07336956521739131 0.9280748613946258 
81100 0.07336956521739131 0.9280736834853803 
81200 0.0625 0.9280721403623751 
81300 0.06793478260869565 0.9280746787434563 
81400 0.08152173913043478 0.9280721033231618 
81500 0.07608695652173914 0.9280726016698648 
81600 0.07065217391304347 0.9280718999607315 
81700 0.07336956521739131 0.9280716988722931 
81800 0.0625 0.9280742887165725 
81900 0.07880434782608696 0.9280727912224886 
82000 0.07608695652173914 0.9280719932895835 
82100 0.07336956521739131 0.9280719254597862 
82200 0.06521739130434782 0.9280718908529093 
82300 0.07336956521739131 0.9280738373932801 
82400 0.059782608695652176 0.928073635661872 
82500 0.07336956521739131 0.9280783091957252 
82600 0.07608695652173914 0.9280788920862628 
82700 0.07608695652173914 0.928077173505604 
82800 0.07608695652173914 0.9280742776158448 
82900 0.07336956521739131 0.9280717820574882 
83000 0.07065217391304347 0.9280684412916974 
83100 0.07336956521739131 0.9280691960490195 
83200 0.06521739130434782 0.9280701776159672 
83300 0.06793478260869565 0.9280686776034319 
83400 0.0625 0.928070504576371 
83500 0.06521739130434782 0.9280706674692258 
83600 0.06793478260869565 0.9280746654788298 
83700 0.07336956521739131 0.9280765761460437 
83800 0.07065217391304347 0.9280764717967981 
83900 0.08152173913043478 0.9280760114275468 
84000 0.07880434782608696 0.9280783342123774 
84100 0.07065217391304347 0.9280798760082986 
84200 0.07336956521739131 0.9280826405035982 
84300 0.06793478260869565 0.9280821750012764 
84400 0.07336956521739131 0.9280815818172359 
84500 0.07065217391304347 0.9280842380049014 
84600 0.07608695652173914 0.9280846073872084 
84700 0.07065217391304347 0.9280823772420941 
84800 0.07065217391304347 0.9280814661742607 
84900 0.07336956521739131 0.9280822536017653 
85000 0.07880434782608696 0.928080705444386 
85100 0.06793478260869565 0.9280814280524983 
85200 0.06793478260869565 0.9280815748743508 
85300 0.06521739130434782 0.9280823903384587 
85400 0.07880434782608696 0.9280805947186241 
85500 0.07065217391304347 0.9280795660666059 
85600 0.07065217391304347 0.9280799365915575 
85700 0.07065217391304347 0.9280815428565341 
85800 0.07065217391304347 0.9280819102138771 
85900 0.07336956521739131 0.9280827512257538 
86000 0.07880434782608696 0.9280808097276928 
86100 0.07880434782608696 0.9280801035992613 
86200 0.08152173913043478 0.9280793991091599 
86300 0.06793478260869565 0.9280798612842917 
86400 0.08695652173913043 0.9280760450638906 
86500 0.07336956521739131 0.9280748764904955 
86600 0.07608695652173914 0.9280720161881854 
86700 0.07336956521739131 0.928072139983341 
86800 0.0625 0.9280708547236733 
86900 0.0625 0.9280708544905922 
87000 0.07608695652173914 0.9280699797053807 
87100 0.08152173913043478 0.9280679213985963 
87200 0.0625 0.9280732844607387 
87300 0.06793478260869565 0.9280749622869005 
87400 0.06793478260869565 0.9280740557142168 
87500 0.0625 0.9280752629907832 
87600 0.07336956521739131 0.9280748854862189 
87700 0.07065217391304347 0.9280749116439603 
87800 0.06521739130434782 0.9280720594447027 
87900 0.06793478260869565 0.9280711922454263 
88000 0.07336956521739131 0.928068999215918 
88100 0.07608695652173914 0.9280679832386051 
88200 0.07880434782608696 0.9280673700830563 
88300 0.07608695652173914 0.9280663890260734 
88400 0.06793478260869565 0.9280677156416193 
88500 0.06521739130434782 0.9280675961411392 
88600 0.07336956521739131 0.9280674769104088 
88700 0.06793478260869565 0.9280698087811372 
88800 0.057065217391304345 0.9280684326899962 
88900 0.07336956521739131 0.9280695050136375 
89000 0.06521739130434782 0.9280679796953918 
89100 0.07065217391304347 0.9280676472181301 
89200 0.07608695652173914 0.9280664625031012 
89300 0.07065217391304347 0.9280678060959442 
89400 0.07608695652173914 0.928068386794623 
89500 0.07608695652173914 0.928068753664642 
89600 0.07336956521739131 0.9280666025175379 
89700 0.07336956521739131 0.9280671523219896 
89800 0.07880434782608696 0.9280665812765714 
89900 0.07608695652173914 0.9280666160312576 
90000 0.07065217391304347 0.9280644768198227 
90100 0.07336956521739131 0.9280639106452034 
90200 0.07065217391304347 0.9280644603862966 
90300 0.06793478260869565 0.928067386224718 
90400 0.06521739130434782 0.9280666383548085 
90500 0.07065217391304347 0.9280670631551994 
90600 0.06521739130434782 0.9280677569544055 
90700 0.07880434782608696 0.9280685990231641 
90800 0.07065217391304347 0.9280691399682919 
90900 0.07336956521739131 0.9280668995844978 
91000 0.07608695652173914 0.9280676800971609 
91100 0.07336956521739131 0.9280681009562726 
91200 0.07608695652173914 0.928070129856509 
91300 0.07880434782608696 0.9280713209484348 
91400 0.06793478260869565 0.9280710229124123 
91500 0.06793478260869565 0.9280709037154737 
91600 0.07065217391304347 0.9280731580203937 
91700 0.07065217391304347 0.9280766223686338 
91800 0.07880434782608696 0.9280731525610927 
91900 0.0625 0.9280727063101456 
92000 0.08152173913043478 0.9280701343983501 
92100 0.07336956521739131 0.9280704005007735 
92200 0.07336956521739131 0.9280734364382542 
92300 0.08152173913043478 0.9280726974082433 
92400 0.06793478260869565 0.9280696661009221 
92500 0.06793478260869565 0.928069902182021 
92600 0.07336956521739131 0.9280704605500082 
92700 0.07880434782608696 0.9280691416489574 
92800 0.07608695652173914 0.9280687040478856 
92900 0.07065217391304347 0.9280687938960736 
93000 0.07880434782608696 0.9280671596331597 
93100 0.07336956521739131 0.9280653245680357 
93200 0.07880434782608696 0.9280637558469936 
93300 0.07880434782608696 0.9280644622383935 
93400 0.07336956521739131 0.9280629850811578 
93500 0.07608695652173914 0.9280681373786749 
93600 0.06793478260869565 0.928073017382293 
93700 0.07608695652173914 0.9280758279225826 
93800 0.06521739130434782 0.9280754168283178 
93900 0.07336956521739131 0.9280763956766678 
94000 0.07065217391304347 0.9280799163561164 
94100 0.08152173913043478 0.9280796754920592 
94200 0.07336956521739131 0.9280799255338839 
94300 0.0625 0.928080232677693 
94400 0.07880434782608696 0.9280791286754055 
94500 0.07065217391304347 0.9280791484608168 
94600 0.06793478260869565 0.9280804895434969 
94700 0.07880434782608696 0.9280821434326711 
94800 0.06793478260869565 0.9280827619228013 
94900 0.06793478260869565 0.9280834363774056 
95000 0.07880434782608696 0.9280828794479509 
95100 0.07608695652173914 0.928082323689734 
95200 0.07336956521739131 0.928081940361423 
95300 0.07065217391304347 0.9280828979850113 
95400 0.06793478260869565 0.9280824294066738 
95500 0.07336956521739131 0.9280832137883372 
95600 0.07608695652173914 0.9280825753141567 
95700 0.06521739130434782 0.9280804332606583 
95800 0.0625 0.9280795153722186 
95900 0.07880434782608696 0.9280829913819642 
96000 0.0625 0.9280837710929641 
96100 0.06793478260869565 0.9280817498166558 
96200 0.07880434782608696 0.9280834331017982 
96300 0.07065217391304347 0.9280825168640174 
96400 0.0625 0.9280824199911331 
96500 0.0625 0.9280841818264555 
96600 0.06521739130434782 0.9280813829454462 
96700 0.06793478260869565 0.9280835637237689 
96800 0.07336956521739131 0.9280832415942523 
96900 0.07880434782608696 0.9280826677429183 
97000 0.07880434782608696 0.9280824872715342 
97100 0.07065217391304347 0.9280835944912581 
97200 0.07065217391304347 0.9280827145274494 
97300 0.06793478260869565 0.9280824228536907 
97400 0.06793478260869565 0.928081378505622 
97500 0.07336956521739131 0.9280804477813606 
97600 0.07336956521739131 0.9280804655868191 
97700 0.07065217391304347 0.9280820965296515 
97800 0.07608695652173914 0.9280797786810218 
97900 0.07065217391304347 0.9280813792371442 
98000 0.06793478260869565 0.9280812851066738 
98100 0.06793478260869565 0.9280847644596983 
98200 0.07880434782608696 0.9280856909276138 
98300 0.06521739130434782 0.9280829942019255 
98400 0.07065217391304347 0.9280795297237612 
98500 0.06521739130434782 0.9280796862358052 
98600 0.0625 0.9280793188004531 
98700 0.07608695652173914 0.9280806040025144 
98800 0.07336956521739131 0.9280815840624743 
98900 0.07608695652173914 0.9280801992154649 
99000 0.07608695652173914 0.928081452185595 
99100 0.06793478260869565 0.9280814687080331 
99200 0.06793478260869565 0.9280852654009887 
99300 0.07065217391304347 0.9280848402069597 
99400 0.06521739130434782 0.9280839784657927 
99500 0.07336956521739131 0.9280833642484694 
99600 0.07880434782608696 0.9280829968094436 
99700 0.06521739130434782 0.9280834750251077 
99800 0.059782608695652176 0.9280830265271368 
99900 0.07065217391304347 0.9280830141405209 
