0 0.05073529411764705 0.9852941176470589 
100 0.1860294117647059 0.9536255096097845 
200 0.3720588235294117 0.9464808311384255 
300 0.3044117647058823 0.940858901700215 
400 0.27058823529411763 0.9399020830277248 
500 0.3044117647058823 0.9396134202183868 
600 0.2536764705882353 0.9387112165997846 
700 0.27058823529411763 0.9385961231853654 
800 0.32132352941176473 0.9396113314239554 
900 0.27058823529411763 0.9389975190964288 
1000 0.2536764705882353 0.9380876476464711 
1100 0.2536764705882353 0.9376035155206497 
1200 0.2536764705882353 0.9383418229906451 
1300 0.27058823529411763 0.9379436632454673 
1400 0.27058823529411763 0.9379224923374061 
1500 0.23676470588235296 0.9377939216992593 
1600 0.23676470588235296 0.9379018628063343 
1700 0.27058823529411763 0.9374805477746654 
1800 0.3213235294117647 0.937116226279518 
1900 0.27058823529411763 0.9371770275706285 
2000 0.3044117647058823 0.9371086515565746 
2100 0.2875 0.936798303328947 
2200 0.2029411764705882 0.9374599112702782 
2300 0.27058823529411763 0.9375447375821254 
2400 0.28750000000000003 0.9374418134600779 
2500 0.3044117647058823 0.93716924994708 
2600 0.21985294117647058 0.9370787819164574 
2700 0.21985294117647058 0.9375231395779341 
2800 0.3382352941176471 0.9376194426360334 
2900 0.2198529411764706 0.9376051868524038 
3000 0.2536764705882353 0.9377033635846874 
3100 0.2367647058823529 0.9378023218316672 
3200 0.23676470588235296 0.9377940257640076 
3300 0.27058823529411763 0.9380590997380472 
3400 0.30441176470588227 0.937996177594825 
3500 0.3382352941176471 0.9380933178755649 
3600 0.21985294117647058 0.9379226767074506 
3700 0.2536764705882353 0.9378894019104534 
3800 0.21985294117647058 0.9380000619032143 
3900 0.3044117647058823 0.9377290136767344 
4000 0.38897058823529407 0.9374329211814694 
4100 0.27058823529411763 0.9374040764806288 
4200 0.3044117647058823 0.9374807468809947 
4300 0.2875 0.9374427287771654 
4400 0.43970588235294117 0.9373070291511287 
4500 0.27058823529411763 0.9371528549211287 
4600 0.27058823529411763 0.9371492130866691 
4700 0.23676470588235296 0.9372200220228487 
4800 0.23676470588235296 0.9373154489873433 
4900 0.3382352941176471 0.9372794567735276 
5000 0.3044117647058823 0.9370861121893268 
5100 0.3382352941176471 0.9370430538418073 
5200 0.2536764705882353 0.9366665912663854 
5300 0.35514705882352937 0.9364589921990302 
5400 0.21985294117647058 0.9364353823366043 
5500 0.23676470588235296 0.9365269148924794 
5600 0.23676470588235296 0.9365121249356733 
5700 0.27058823529411763 0.9363553349773518 
5800 0.2367647058823529 0.9363408438707322 
5900 0.3213235294117647 0.9361193765762533 
6000 0.2367647058823529 0.9362367301528177 
6100 0.28750000000000003 0.9363357742703703 
6200 0.3213235294117647 0.9362590948329017 
6300 0.2536764705882353 0.9363464716151498 
6400 0.2536764705882353 0.9363989542075227 
6500 0.2536764705882353 0.9364871467737995 
6600 0.338235294117647 0.9362284680574244 
6700 0.3382352941176471 0.9362375677028012 
6800 0.2367647058823529 0.9362009912037157 
6900 0.21985294117647058 0.9361356410409404 
7000 0.18602941176470586 0.9361257215355789 
7100 0.23676470588235296 0.9362320551372217 
7200 0.3382352941176471 0.9363206294877345 
7300 0.27058823529411763 0.9361786660973114 
7400 0.2198529411764706 0.9361895650031394 
7500 0.3382352941176471 0.9361933114800379 
7600 0.30441176470588227 0.9362574196893597 
7700 0.3044117647058823 0.9362940832741355 
7800 0.2875 0.9362558156194153 
7900 0.2536764705882353 0.9363162332392773 
8000 0.2536764705882353 0.9362855378371822 
8100 0.2536764705882353 0.9363096059310034 
8200 0.2875 0.9363223279800885 
8300 0.2536764705882353 0.9363258856126476 
8400 0.27058823529411763 0.9362645903498883 
8500 0.23676470588235296 0.9363141533522008 
8600 0.35514705882352937 0.936325375982273 
8700 0.2029411764705882 0.9362961998958875 
8800 0.27058823529411763 0.9363583349485687 
8900 0.2875 0.936476073408804 
9000 0.2875 0.9364694772476261 
9100 0.3044117647058823 0.9364496952500372 
9200 0.35514705882352937 0.9363783987673974 
9300 0.2536764705882353 0.9363311661617663 
9400 0.2536764705882353 0.9362716419404694 
9500 0.28750000000000003 0.9362574837323625 
9600 0.27058823529411763 0.9362777008522396 
9700 0.21985294117647058 0.9363335041263181 
9800 0.3382352941176471 0.936335277912818 
9900 0.28750000000000003 0.936334787929918 
10000 0.3213235294117647 0.9364295188128245 
10100 0.43970588235294117 0.9364597710185946 
10200 0.2875 0.9364425777172941 
10300 0.21985294117647058 0.9364696174557582 
10400 0.3382352941176471 0.9364318051997262 
10500 0.27058823529411763 0.936367054678266 
10600 0.23676470588235296 0.9363489570906185 
10700 0.2875 0.9364476656936955 
10800 0.27058823529411763 0.9364015859098014 
10900 0.23676470588235296 0.9363772616651468 
11000 0.2367647058823529 0.9364399359416523 
11100 0.3382352941176471 0.9364640572921359 
11200 0.35514705882352937 0.9364125839604657 
11300 0.3044117647058823 0.9363503099673637 
11400 0.3044117647058823 0.9363239550710206 
11500 0.2536764705882353 0.9362417973884624 
11600 0.3044117647058823 0.9362640517805261 
11700 0.27058823529411763 0.9362444512032657 
11800 0.2536764705882353 0.936280948274573 
11900 0.2875 0.9362241556567169 
12000 0.3720588235294117 0.9361248082267655 
12100 0.3213235294117647 0.9361200702907392 
12200 0.28750000000000003 0.9361651287020832 
12300 0.2875 0.9361989938646786 
12400 0.2875 0.9361724267967004 
12500 0.21985294117647058 0.9362009862740392 
12600 0.27058823529411763 0.9362363864679274 
12700 0.27058823529411763 0.9362318622433621 
12800 0.3044117647058823 0.9362345887499598 
12900 0.27058823529411763 0.9362603560143536 
13000 0.2536764705882353 0.9362905342123005 
13100 0.2536764705882353 0.9362731066779815 
13200 0.27058823529411763 0.9362247512443354 
13300 0.2536764705882353 0.93628602670299 
13400 0.32132352941176473 0.9362558544796921 
13500 0.3382352941176471 0.9361433466802024 
13600 0.28750000000000003 0.9361508885592322 
13700 0.2536764705882353 0.9361797872203403 
13800 0.2029411764705882 0.9362575495381835 
13900 0.30441176470588227 0.9362490320205487 
14000 0.3044117647058823 0.9362303953078982 
14100 0.3044117647058823 0.9362049833762311 
14200 0.2536764705882353 0.936153522742806 
14300 0.27058823529411763 0.9361081804234175 
14400 0.27058823529411763 0.9361622661008018 
14500 0.3044117647058823 0.9361948161790059 
14600 0.21985294117647058 0.9362347260663049 
14700 0.21985294117647058 0.9363058535433764 
14800 0.2536764705882353 0.9362908209699663 
14900 0.35514705882352937 0.9363046104288303 
15000 0.30441176470588227 0.936184156350361 
15100 0.2875 0.9361505081471037 
15200 0.32132352941176473 0.9360965029390481 
15300 0.2875 0.9360345536816125 
15400 0.27058823529411763 0.936035475160131 
15500 0.3382352941176471 0.9359903725376352 
15600 0.2536764705882353 0.9359833174344028 
15700 0.21985294117647058 0.936017329357066 
15800 0.2536764705882352 0.9360725493918851 
15900 0.3044117647058823 0.9360468450004994 
16000 0.28750000000000003 0.9359998639790895 
16100 0.2875 0.9360393216351195 
16200 0.2875 0.9360510607551459 
16300 0.2029411764705882 0.9360642346012695 
16400 0.32132352941176473 0.9359855658012245 
16500 0.30441176470588227 0.9359506286606516 
16600 0.21985294117647058 0.935934272208974 
16700 0.35514705882352937 0.9359832715194933 
16800 0.23676470588235296 0.9360209651386298 
16900 0.2536764705882353 0.9360412453840183 
17000 0.3720588235294117 0.9360353370216977 
17100 0.2029411764705882 0.9360744297719088 
17200 0.2536764705882353 0.936129098171447 
17300 0.3382352941176471 0.9361376595028509 
17400 0.1691176470588235 0.9361689405950301 
17500 0.21985294117647058 0.9362149893955639 
17600 0.2367647058823529 0.9362680345702283 
17700 0.23676470588235296 0.9363223496844645 
17800 0.21985294117647058 0.9363741957656047 
17900 0.3044117647058823 0.9363739127291607 
18000 0.3382352941176471 0.9363225735825134 
18100 0.32132352941176473 0.9362888628187588 
18200 0.3382352941176471 0.9363042027425772 
18300 0.3044117647058823 0.9362484611898417 
18400 0.30441176470588227 0.9362330851584153 
18500 0.2875 0.9362407278461895 
18600 0.23676470588235296 0.9362528342878467 
18700 0.2536764705882353 0.9362697260605756 
18800 0.4058823529411764 0.9361919891620283 
18900 0.2875 0.936120326655608 
19000 0.3720588235294118 0.9360873421522706 
19100 0.32132352941176473 0.9360622095547816 
19200 0.3213235294117647 0.9360287224623718 
19300 0.2536764705882353 0.9360378691137613 
19400 0.3044117647058823 0.9360069371803151 
19500 0.23676470588235296 0.9359904620275883 
19600 0.3213235294117647 0.9359884099550744 
19700 0.3044117647058823 0.9359651047871562 
19800 0.21985294117647058 0.9359901237905394 
19900 0.18602941176470586 0.9360206182367424 
20000 0.23676470588235296 0.9360581603272777 
20100 0.2536764705882353 0.9361066686761267 
20200 0.27058823529411763 0.9361179338821316 
20300 0.3044117647058823 0.9361214819901656 
20400 0.3720588235294117 0.9361302214135985 
20500 0.27058823529411763 0.9361505321117765 
20600 0.27058823529411763 0.9361324550207443 
20700 0.2367647058823529 0.9361379956069187 
20800 0.27058823529411763 0.9361410084922388 
20900 0.21985294117647058 0.9361666835529964 
21000 0.2536764705882353 0.9362292271796581 
21100 0.2875 0.9362042362084875 
21200 0.23676470588235296 0.9361661284012686 
21300 0.3044117647058823 0.9361594457040128 
21400 0.35514705882352937 0.9361097062534186 
21500 0.27058823529411763 0.9360742797188639 
21600 0.28750000000000003 0.9360953468929816 
21700 0.27058823529411763 0.9360825063632199 
21800 0.3044117647058823 0.9361146412603847 
21900 0.32132352941176473 0.9360558341413365 
22000 0.3044117647058823 0.936041343040557 
22100 0.35514705882352937 0.9360491074399082 
22200 0.21985294117647058 0.9360647506604101 
22300 0.3044117647058823 0.9361119060870391 
22400 0.28750000000000003 0.9361328735324316 
22500 0.27058823529411763 0.9361670527061542 
22600 0.2875 0.9361680703873072 
22700 0.27058823529411763 0.9361864079581879 
22800 0.2875 0.9361837845089354 
22900 0.2536764705882353 0.9361728360179494 
23000 0.27058823529411763 0.9362115330024015 
23100 0.35514705882352937 0.9361782785058961 
23200 0.21985294117647058 0.9361375460489786 
23300 0.27058823529411763 0.93614607552819 
23400 0.3044117647058823 0.9361575171498453 
23500 0.23676470588235296 0.9361641682331415 
23600 0.2875 0.9361584566456556 
23700 0.27058823529411763 0.9361645822836961 
23800 0.2875 0.9361681849749269 
23900 0.18602941176470586 0.9362072901207678 
24000 0.21985294117647058 0.936235653171314 
24100 0.2536764705882353 0.9362418144719404 
24200 0.2536764705882353 0.9362521784466855 
24300 0.2875 0.9362659367685183 
24400 0.2536764705882353 0.9362954025510044 
24500 0.27058823529411763 0.9363319804473766 
24600 0.2029411764705882 0.936351373808334 
24700 0.32132352941176473 0.9363768613797488 
24800 0.3382352941176471 0.9363530763702602 
24900 0.3382352941176471 0.9363082217345393 
