0 0.01513157894736842 0.9967105263157895 
100 0.2572368421052631 0.9545336112558624 
200 0.18157894736842103 0.9528508771929824 
300 0.21184210526315791 0.954264294457073 
400 0.2723684210526316 0.9506250820317627 
500 0.18157894736842106 0.9506907238155269 
600 0.22697368421052633 0.9496508012960855 
700 0.2723684210526316 0.9503106464449284 
800 0.18157894736842106 0.9495326565477363 
900 0.22697368421052633 0.9502818505753841 
1000 0.18157894736842106 0.9498363478626637 
1100 0.2572368421052631 0.949680912089488 
1200 0.2723684210526316 0.9496061396204917 
1300 0.25723684210526315 0.949464480763785 
1400 0.2572368421052631 0.9494158307975507 
1500 0.21184210526315786 0.9494503664223851 
1600 0.21184210526315786 0.9496860514809823 
1700 0.18157894736842106 0.9501705653021443 
1800 0.19671052631578947 0.9504715947280751 
1900 0.28750000000000003 0.9506976937345996 
2000 0.22697368421052633 0.9503471948236408 
2100 0.22697368421052633 0.9502163756607129 
2200 0.2572368421052631 0.9500361677706306 
2300 0.2421052631578947 0.949720087376198 
2400 0.2421052631578947 0.9498865604243846 
2500 0.22697368421052633 0.9498687367158399 
2600 0.16644736842105262 0.9498371071854954 
2700 0.2875 0.95003677975019 
2800 0.21184210526315786 0.9500108044119582 
2900 0.2421052631578947 0.9500909396034035 
3000 0.21184210526315786 0.9501438117118856 
3100 0.2572368421052631 0.9502378265075782 
3200 0.2572368421052631 0.9505243016162712 
3300 0.22697368421052633 0.9506867934756613 
3400 0.21184210526315786 0.9507536483077732 
3500 0.2875 0.950806348562065 
3600 0.3177631578947368 0.9507720808547333 
3700 0.2572368421052631 0.9508249904008874 
3800 0.2572368421052631 0.9508084783782661 
3900 0.2572368421052631 0.9508543693250043 
4000 0.2421052631578947 0.9508321932674726 
4100 0.22697368421052633 0.9508094944750317 
4200 0.22697368421052633 0.9507299327227853 
4300 0.19671052631578947 0.9506380095204298 
4400 0.19671052631578947 0.9507087205061051 
4500 0.2572368421052631 0.9507477870414761 
4600 0.16644736842105265 0.9509953499811253 
4700 0.21184210526315786 0.9510210593490747 
4800 0.28750000000000003 0.9507743726635898 
4900 0.25723684210526315 0.9507928027577616 
5000 0.21184210526315786 0.9507328797398416 
5100 0.2421052631578947 0.9508094388097277 
5200 0.25723684210526315 0.9507995678968619 
5300 0.2572368421052631 0.9508254400857832 
5400 0.2421052631578947 0.9509027324374628 
5500 0.22697368421052633 0.9509784106239058 
5600 0.22697368421052633 0.9510237833469587 
5700 0.3026315789473684 0.9509106204820945 
5800 0.2723684210526316 0.950871106615012 
5900 0.21184210526315786 0.9508234554357424 
6000 0.2572368421052631 0.9508925047579789 
6100 0.22697368421052633 0.9509140002933083 
6200 0.2421052631578947 0.9509549605751194 
6300 0.2421052631578947 0.9509063933043209 
6400 0.21184210526315786 0.9509030250207615 
6500 0.16644736842105262 0.9510333430484379 
6600 0.19671052631578947 0.9511751608607946 
6700 0.21184210526315791 0.9512145673465862 
6800 0.2723684210526316 0.9511739759632871 
6900 0.16644736842105262 0.9511769842662009 
7000 0.2875 0.9511662807568844 
7100 0.3177631578947368 0.9510071783811027 
7200 0.2421052631578947 0.9510845533149636 
7300 0.2572368421052631 0.9510052696458308 
7400 0.2421052631578947 0.9509294618792624 
7500 0.21184210526315786 0.9508508514654187 
7600 0.21184210526315786 0.9509292406123848 
7700 0.19671052631578947 0.9510359215139524 
7800 0.22697368421052633 0.9511681194718625 
7900 0.2723684210526316 0.9511312691931068 
8000 0.19671052631578947 0.9510809504075148 
8100 0.2875 0.9511195823777442 
8200 0.2572368421052631 0.951117963791322 
8300 0.19671052631578947 0.9510632834344626 
8400 0.2875 0.9511097519718831 
8500 0.18157894736842106 0.9511899528847999 
8600 0.2572368421052631 0.9511589074709795 
8700 0.18157894736842103 0.9510223416546193 
8800 0.2572368421052631 0.9510705272726185 
8900 0.27236842105263154 0.9510012180772119 
9000 0.28750000000000003 0.9509926528631322 
9100 0.22697368421052633 0.951051503883321 
9200 0.21184210526315786 0.951050443601668 
9300 0.21184210526315786 0.9511311036164759 
9400 0.21184210526315791 0.9510886299889709 
9500 0.21184210526315786 0.951165805261496 
9600 0.2572368421052631 0.9511152895257621 
9700 0.2421052631578947 0.9511159999782985 
9800 0.16644736842105262 0.9510690369940769 
9900 0.22697368421052633 0.9511306672903853 
10000 0.21184210526315791 0.9511302159257758 
10100 0.18157894736842103 0.9512072801546486 
10200 0.28750000000000003 0.9512212424994454 
10300 0.19671052631578945 0.9512371691046858 
10400 0.21184210526315791 0.9512325484897707 
10500 0.22697368421052633 0.9512427387867822 
10600 0.2875 0.9511860226691623 
10700 0.2723684210526316 0.9511362071424707 
10800 0.2875 0.9511128964667014 
10900 0.2723684210526316 0.9510676833124918 
11000 0.2723684210526316 0.9510397380142475 
11100 0.21184210526315786 0.9510197042466539 
11200 0.2421052631578947 0.9509721288982657 
11300 0.2572368421052631 0.9509443155938692 
11400 0.21184210526315791 0.9508852524478462 
11500 0.18157894736842106 0.9508520998174071 
11600 0.16644736842105262 0.950904867547716 
11700 0.18157894736842103 0.9509499862809746 
11800 0.2421052631578947 0.950917127897279 
11900 0.18157894736842103 0.950951987670209 
12000 0.16644736842105262 0.950991748494643 
12100 0.1513157894736842 0.9510338423531766 
12200 0.2421052631578947 0.9510544864743614 
12300 0.19671052631578947 0.9510362871653567 
12400 0.21184210526315786 0.9510077710201639 
12500 0.19671052631578947 0.9510383906129615 
12600 0.31776315789473686 0.9510484234751628 
12700 0.2572368421052631 0.9510388738557677 
12800 0.2572368421052631 0.9509886151986481 
12900 0.2875 0.9509613187880173 
13000 0.2421052631578947 0.9508957306927808 
13100 0.21184210526315791 0.95089265986124 
13200 0.19671052631578947 0.9509230261662792 
13300 0.15131578947368418 0.950968021794958 
13400 0.21184210526315791 0.9510268283199604 
13500 0.3177631578947368 0.9510204409809799 
13600 0.21184210526315791 0.9509977014074043 
13700 0.19671052631578947 0.9510285937638052 
13800 0.21184210526315791 0.9510685724527971 
13900 0.2572368421052631 0.9510840757385876 
14000 0.3026315789473684 0.9510448501798744 
14100 0.19671052631578947 0.9510145790332153 
14200 0.22697368421052633 0.9510289768326174 
14300 0.3177631578947368 0.9509677276892672 
14400 0.22697368421052633 0.9509071007495824 
14500 0.2572368421052631 0.9509006184691436 
14600 0.2875 0.9509151770426683 
14700 0.181578947368421 0.9509763030799909 
14800 0.19671052631578947 0.9509654841955913 
14900 0.19671052631578947 0.9509817426594471 
15000 0.19671052631578947 0.9509495419603605 
15100 0.19671052631578947 0.9509574130677996 
15200 0.22697368421052633 0.9509842236833449 
15300 0.22697368421052633 0.9510268076733891 
15400 0.18157894736842106 0.9510062572833616 
15500 0.21184210526315791 0.9510513328511913 
15600 0.2421052631578947 0.9510741129954557 
15700 0.2572368421052631 0.9510358458562813 
15800 0.19671052631578947 0.9510041003400851 
15900 0.22697368421052633 0.9509696510315472 
16000 0.2421052631578947 0.9509417996901509 
16100 0.21184210526315786 0.9509367675757309 
16200 0.27236842105263154 0.9508976866275312 
16300 0.2572368421052631 0.9508820898943882 
16400 0.21184210526315786 0.9508548499931005 
16500 0.18157894736842103 0.9508630258453236 
16600 0.2723684210526316 0.9508659513218924 
16700 0.22697368421052633 0.9508487515717622 
16800 0.22697368421052633 0.9508219670508334 
16900 0.34802631578947363 0.9507828484144507 
17000 0.21184210526315786 0.9507904333800798 
17100 0.22697368421052633 0.9507742698949584 
17200 0.2723684210526316 0.9507454814438573 
17300 0.18157894736842103 0.9507364192517013 
17400 0.22697368421052633 0.9507457980333859 
17500 0.2875 0.9507740535127316 
17600 0.27236842105263154 0.9507844201435923 
17700 0.2421052631578947 0.9507907670990934 
17800 0.2723684210526316 0.9507709871414675 
17900 0.16644736842105262 0.9507902013706967 
18000 0.21184210526315791 0.950797141386882 
18100 0.2421052631578947 0.9507921923476167 
18200 0.2723684210526316 0.9507869362296462 
18300 0.2572368421052631 0.9507774237243292 
18400 0.19671052631578947 0.9507646180556548 
18500 0.21184210526315786 0.9507654636022519 
18600 0.28750000000000003 0.9507841612929695 
18700 0.2421052631578947 0.9507414464185704 
18800 0.2572368421052631 0.9507236807112723 
18900 0.21184210526315786 0.9507264653220798 
19000 0.2875 0.9507255850800096 
19100 0.18157894736842103 0.9507436576756797 
19200 0.27236842105263154 0.9507683947382126 
19300 0.22697368421052633 0.9507381673706571 
19400 0.21184210526315786 0.9507394491331158 
19500 0.2875 0.9507209819199556 
19600 0.19671052631578947 0.9507000179904892 
19700 0.22697368421052633 0.9507038114549355 
19800 0.19671052631578947 0.950720358355107 
19900 0.21184210526315791 0.9507483093946615 
20000 0.21184210526315786 0.9507269702304358 
20100 0.2421052631578947 0.9507354635406984 
20200 0.19671052631578947 0.9507542943418643 
20300 0.19671052631578947 0.9507656480494868 
20400 0.2421052631578947 0.9507812439534697 
20500 0.2421052631578947 0.950779037736285 
20600 0.2421052631578947 0.9508062332181115 
20700 0.18157894736842103 0.9508187056816477 
20800 0.2421052631578947 0.9508481373618172 
20900 0.2572368421052631 0.9508358955376096 
21000 0.3177631578947368 0.9508297223941717 
21100 0.19671052631578947 0.9508292198673548 
21200 0.2723684210526316 0.9508442377345656 
21300 0.2421052631578947 0.9508393477943956 
21400 0.1361842105263158 0.9508586354794045 
21500 0.22697368421052633 0.9508835574355171 
21600 0.1513157894736842 0.9508840355831479 
21700 0.21184210526315786 0.9509055791753472 
21800 0.22697368421052627 0.9508872420144899 
21900 0.18157894736842103 0.9508824398789769 
22000 0.2421052631578947 0.9508666173068688 
22100 0.3026315789473684 0.9508751985501965 
22200 0.2875 0.9508798501252907 
22300 0.2572368421052631 0.9508555493145221 
22400 0.21184210526315791 0.9508574570214205 
22500 0.22697368421052633 0.9508758675053038 
22600 0.2572368421052631 0.9508910586164097 
22700 0.22697368421052633 0.9509233595088554 
22800 0.2421052631578947 0.950915270336712 
22900 0.2421052631578947 0.9509170192522046 
23000 0.18157894736842106 0.9509244735354756 
23100 0.2572368421052631 0.9509479539505011 
23200 0.21184210526315786 0.9509087062944201 
23300 0.28750000000000003 0.9508899832625209 
23400 0.16644736842105262 0.9508875857756866 
23500 0.2572368421052631 0.9508597338523109 
23600 0.2421052631578947 0.9508767190953105 
23700 0.19671052631578947 0.9508788492157781 
23800 0.18157894736842106 0.9508775062525016 
23900 0.19671052631578947 0.9508482358148415 
24000 0.2572368421052631 0.9508530620434675 
24100 0.2421052631578947 0.9508125345312162 
24200 0.22697368421052633 0.9508147499342132 
24300 0.18157894736842103 0.9508184361050769 
24400 0.28750000000000003 0.9508002530094755 
24500 0.21184210526315791 0.9507959127339592 
24600 0.21184210526315786 0.9507829163983492 
24700 0.19671052631578947 0.9508102431395277 
24800 0.2421052631578947 0.9508427875361563 
24900 0.19671052631578947 0.9508227581221638 
