0 0.0 1.0 
100 0.016666666666666666 0.9954620462046204 
200 0.08333333333333333 0.9944582642343837 
300 0.05 0.9930601698043559 
400 0.11666666666666667 0.9921030756442227 
500 0.06666666666666667 0.9900199600798403 
600 0.1 0.9893002403401738 
700 0.08333333333333333 0.989011729275638 
800 0.13333333333333333 0.9887363018449161 
900 0.1 0.9884387717351092 
1000 0.08333333333333333 0.9886363636363636 
1100 0.13333333333333333 0.9881799374306186 
1200 0.11666666666666667 0.9874433342584883 
1300 0.06666666666666667 0.9875736612861901 
1400 0.06666666666666667 0.9876120231580617 
1500 0.05 0.9878062772966171 
1600 0.08333333333333333 0.9878235824831703 
1700 0.08333333333333333 0.987695146645764 
1800 0.1 0.9874421617619841 
1900 0.08333333333333333 0.9874218247705886 
2000 0.08333333333333333 0.987453495474485 
2100 0.05 0.9874160452694484 
2200 0.13333333333333333 0.9874476248170023 
2300 0.08333333333333333 0.9873509102322662 
2400 0.1 0.9873027442269425 
2500 0.11666666666666667 0.9869752099160336 
2600 0.1 0.9867241232004784 
2700 0.08333333333333333 0.9867168538401415 
2800 0.06666666666666667 0.9865544051727557 
2900 0.06666666666666667 0.9866118962809759 
3000 0.1 0.9864165648487542 
3100 0.15 0.9861630656777384 
3200 0.1 0.986156235898504 
3300 0.1 0.986101854656838 
3400 0.11666666666666667 0.9861241791629913 
3500 0.08333333333333333 0.9861428480751532 
3600 0.06666666666666667 0.9861195964084051 
3700 0.06666666666666667 0.9861013539884116 
3800 0.05 0.9861293811570054 
3900 0.03333333333333333 0.9863062177789171 
4000 0.11666666666666667 0.9863367491460469 
4100 0.13333333333333333 0.9861348180660543 
4200 0.08333333333333333 0.9860998704012273 
4300 0.06666666666666667 0.9860930274613139 
4400 0.11666666666666667 0.986072609760408 
4500 0.06666666666666667 0.9860876595324496 
4600 0.06666666666666667 0.9861274119152841 
4700 0.11666666666666667 0.9861187926918622 
4800 0.08333333333333333 0.9860341595500938 
4900 0.08333333333333333 0.9859376771180485 
5000 0.11666666666666667 0.9858750472127796 
5100 0.08333333333333333 0.9858426452329608 
5200 0.06666666666666667 0.9858691704586725 
5300 0.1 0.9858674463937622 
5400 0.13333333333333333 0.9858740151000843 
5500 0.11666666666666667 0.9858798400290856 
5600 0.1 0.985761967109048 
5700 0.08333333333333333 0.9857159562649828 
5800 0.11666666666666667 0.9856269991763872 
5900 0.11666666666666667 0.9855476472914195 
6000 0.11666666666666667 0.985526486326353 
6100 0.08333333333333333 0.9854859859039502 
6200 0.06666666666666667 0.9855104015481374 
6300 0.08333333333333333 0.9855657832090144 
6400 0.1 0.9855912270652155 
6500 0.1 0.9855466680339777 
6600 0.1 0.9854634819640122 
6700 0.1 0.9853918983899583 
6800 0.11666666666666667 0.9853657141923573 
6900 0.11666666666666667 0.985293596741213 
7000 0.11666666666666667 0.9852711517402276 
7100 0.06666666666666667 0.9852282151183714 
7200 0.06666666666666667 0.9852505053310497 
7300 0.06666666666666667 0.9852257681596128 
7400 0.06666666666666667 0.9852332267411311 
7500 0.1 0.9852830733679954 
7600 0.06666666666666667 0.985324299434285 
7700 0.08333333333333333 0.985365176239738 
7800 0.1 0.9853608511729266 
7900 0.1 0.9853197204292002 
8000 0.15 0.9852730214278771 
8100 0.08333333333333333 0.9852717085682152 
8200 0.08333333333333333 0.9852453630316086 
8300 0.08333333333333333 0.9852283526750458 
8400 0.11666666666666667 0.985216376357312 
8500 0.13333333333333333 0.9851765805330092 
8600 0.06666666666666667 0.9851541810383806 
8700 0.08333333333333333 0.9852034887433118 
8800 0.03333333333333333 0.9852570414978096 
8900 0.1 0.9853321724150844 
9000 0.05 0.9854198298954437 
9100 0.08333333333333333 0.9854542846329463 
9200 0.1 0.9854786315497108 
9300 0.05 0.9855221660753324 
9400 0.05 0.9855662518171826 
9500 0.1 0.9855620461004105 
9600 0.06666666666666667 0.9855961184598826 
9700 0.13333333333333333 0.9855802380052457 
9800 0.1 0.9855629811017016 
9900 0.11666666666666667 0.9855387783501105 
10000 0.08333333333333333 0.9855381128553812 
10100 0.06666666666666667 0.9855630355630356 
10200 0.15 0.9855357317910008 
10300 0.1 0.9855016772913093 
10400 0.06666666666666667 0.9855142133769189 
10500 0.05 0.9855635442127205 
10600 0.08333333333333333 0.9855907199530443 
10700 0.06666666666666667 0.9856124557414156 
10800 0.06666666666666667 0.9856481910111203 
10900 0.1 0.9856379129335738 
11000 0.06666666666666667 0.985644991869426 
11100 0.1 0.9856812199101183 
11200 0.11666666666666667 0.9856543066591277 
11300 0.18333333333333332 0.9856131217493044 
11400 0.05 0.985614565973745 
11500 0.1 0.9856570443149871 
11600 0.06666666666666667 0.9856566483732245 
11700 0.08333333333333333 0.985687595552137 
11800 0.08333333333333333 0.9856831812746566 
11900 0.1 0.9856692714897908 
12000 0.05 0.9856673980871964 
12100 0.06666666666666667 0.9856908060858147 
12200 0.03333333333333333 0.9857029023121966 
12300 0.1 0.9857324156121002 
12400 0.11666666666666667 0.9857179976525191 
12500 0.11666666666666667 0.9857102542907679 
12600 0.05 0.9857063813277606 
12700 0.11666666666666667 0.9857019132351783 
12800 0.1 0.9856851461257367 
12900 0.08333333333333333 0.9856679930065714 
13000 0.1 0.985622687143724 
13100 0.06666666666666667 0.9856168740299722 
13200 0.06666666666666667 0.9856088343475663 
13300 0.08333333333333333 0.9855946503604575 
13400 0.08333333333333333 0.9855995406644612 
13500 0.08333333333333333 0.9856129998600927 
13600 0.11666666666666667 0.9856129859732536 
13700 0.1 0.9856204737691491 
13800 0.08333333333333333 0.9856157766345434 
13900 0.11666666666666667 0.9856183408068164 
14000 0.08333333333333333 0.9856093612361022 
14100 0.08333333333333333 0.985610752586499 
14200 0.05 0.9855958891783834 
14300 0.08333333333333333 0.9856264907659915 
14400 0.06666666666666667 0.9856383430163029 
14500 0.06666666666666667 0.9856525220482879 
14600 0.1 0.9856628921915546 
14700 0.06666666666666667 0.9856880484320795 
14800 0.016666666666666666 0.9857458955475982 
14900 0.05 0.9858022205817656 
15000 0.11666666666666667 0.9858065017887696 
15100 0.03333333333333333 0.9858190038923103 
15200 0.06666666666666667 0.9858583865096594 
15300 0.05 0.9858553180983087 
15400 0.06666666666666667 0.9858889033179664 
15500 0.05 0.9859104072138715 
15600 0.06666666666666667 0.985936798923146 
15700 0.08333333333333333 0.9859605545294355 
15800 0.1 0.9859375988861464 
15900 0.1 0.9859068961421015 
16000 0.06666666666666667 0.9858956731870925 
16100 0.06666666666666667 0.9858944233967525 
16200 0.11666666666666667 0.9858998758650015 
16300 0.11666666666666667 0.9858900953588396 
16400 0.1 0.9858672235432799 
16500 0.08333333333333333 0.985849679144025 
16600 0.13333333333333333 0.9858350233252348 
16700 0.13333333333333333 0.9857955944088511 
16800 0.1 0.9857546508475025 
16900 0.05 0.9857962053527405 
17000 0.08333333333333333 0.9858358005084669 
17100 0.08333333333333333 0.9858352987804482 
17200 0.1 0.9858134862960164 
17300 0.1 0.985808142111246 
17400 0.11666666666666667 0.9857959951216085 
17500 0.1 0.9857819235726213 
17600 0.1 0.9857877393329925 
17700 0.11666666666666667 0.9857890954057837 
17800 0.1 0.9857798251034586 
17900 0.06666666666666667 0.9857632100006828 
18000 0.08333333333333333 0.9857714694862632 
18100 0.1 0.9857616829027248 
18200 0.1 0.9857431520856608 
18300 0.06666666666666667 0.9857469840749443 
18400 0.03333333333333333 0.9857723614054792 
18500 0.08333333333333333 0.9857905578677428 
18600 0.06666666666666667 0.9857915345053133 
18700 0.06666666666666667 0.985807502866751 
18800 0.06666666666666667 0.9858123681364467 
18900 0.05 0.9858351116049121 
19000 0.1 0.9858362717751697 
19100 0.11666666666666667 0.9858256403096988 
19200 0.11666666666666667 0.9858065841478164 
19300 0.08333333333333333 0.985813486923533 
19400 0.08333333333333333 0.9858280501005103 
19500 0.1 0.9858125509233144 
19600 0.05 0.9858103894925996 
19700 0.05 0.9858219266929484 
19800 0.08333333333333333 0.9858357322020773 
19900 0.11666666666666667 0.9858294390566639 
20000 0.08333333333333333 0.9858364026243133 
20100 0.08333333333333333 0.9858296159947819 
20200 0.05 0.9858409099659533 
20300 0.06666666666666667 0.9858597551297418 
20400 0.11666666666666667 0.9858751477324096 
20500 0.1 0.9858611233056382 
20600 0.06666666666666667 0.9858531678613228 
20700 0.03333333333333333 0.9858774938408773 
20800 0.06666666666666667 0.9858848933544861 
20900 0.1 0.9858716223040896 
21000 0.05 0.9858709109090044 
21100 0.1 0.9858621760948665 
21200 0.08333333333333333 0.9858684600831198 
21300 0.1 0.9858598187878503 
21400 0.1 0.985847753739441 
21500 0.1 0.9858425189526069 
21600 0.08333333333333333 0.9858405475055168 
21700 0.08333333333333333 0.9858275860303417 
21800 0.15 0.9858026390226748 
21900 0.1 0.9857893348350405 
22000 0.1 0.9857858733693923 
22100 0.1 0.9857855853681834 
22200 0.1 0.9857785435090511 
22300 0.1 0.9857607282184655 
22400 0.08333333333333333 0.9857577042691547 
22500 0.1 0.9857426089704655 
22600 0.03333333333333333 0.9857609545300355 
22700 0.1 0.9857578471824541 
22800 0.13333333333333333 0.9857232138941274 
22900 0.06666666666666667 0.9857171448117258 
23000 0.1 0.9857197030080818 
23100 0.03333333333333333 0.9857298144861454 
23200 0.08333333333333333 0.985742831966055 
23300 0.06666666666666667 0.985756333776805 
23400 0.08333333333333333 0.9857691266754982 
23500 0.08333333333333333 0.9857548614952555 
23600 0.05 0.9857706123563502 
23700 0.06666666666666667 0.9858006460111857 
23800 0.1 0.9858044013090019 
23900 0.08333333333333333 0.985799989772627 
24000 0.13333333333333333 0.9857707317750649 
24100 0.11666666666666667 0.985737797878373 
24200 0.06666666666666667 0.9857369300625778 
24300 0.05 0.9857599595809957 
24400 0.1 0.9857680013114216 
24500 0.08333333333333333 0.985780965856269 
24600 0.06666666666666667 0.9857894213875678 
24700 0.08333333333333333 0.9857974710875403 
24800 0.08333333333333333 0.9858031038174984 
24900 0.06666666666666667 0.9858144920552053 
