0 0.014285714285714285 0.9970238095238095 
100 0.1714285714285714 0.9749823196605375 
200 0.22857142857142856 0.9701640606491353 
300 0.14285714285714285 0.9686857301059959 
400 0.1714285714285714 0.9670763567272296 
500 0.17142857142857143 0.9654975762760194 
600 0.19999999999999996 0.9657861896838602 
700 0.1714285714285714 0.9656273350995177 
800 0.18571428571428572 0.9653595208370489 
900 0.11428571428571428 0.9653394376618571 
1000 0.1857142857142857 0.9653441796298939 
1100 0.19999999999999996 0.9649561005146836 
1200 0.14285714285714285 0.9644666151223187 
1300 0.1714285714285714 0.9643955199297244 
1400 0.14285714285714285 0.9645321369090105 
1500 0.1285714285714286 0.9648686589892452 
1600 0.22857142857142856 0.9647151333987686 
1700 0.17142857142857143 0.9644624310629601 
1800 0.1857142857142857 0.9645633378281907 
1900 0.11428571428571428 0.9644234863856116 
2000 0.1714285714285714 0.964715558887223 
2100 0.18571428571428572 0.9646710183359398 
2200 0.14285714285714285 0.9648833863395426 
2300 0.1714285714285714 0.9647578175120548 
2400 0.17142857142857143 0.9647493108030384 
2500 0.1714285714285714 0.9646784143485463 
2600 0.1285714285714286 0.9646289888504421 
2700 0.15714285714285714 0.9648289434248338 
2800 0.15714285714285714 0.9649487427959402 
2900 0.2571428571428572 0.964823295743668 
3000 0.1714285714285714 0.9647587708858951 
3100 0.1857142857142857 0.9644863024216459 
3200 0.19999999999999996 0.9644409857038723 
3300 0.1714285714285714 0.9641387530474171 
3400 0.1285714285714286 0.9640459388695202 
3500 0.1714285714285714 0.9641769018375702 
3600 0.12857142857142856 0.9642782758757488 
3700 0.18571428571428572 0.9645004245956691 
3800 0.22857142857142856 0.964429786647624 
3900 0.11428571428571428 0.964504675235898 
4000 0.15714285714285714 0.9646435117411123 
4100 0.1285714285714286 0.9645955980539009 
4200 0.21428571428571427 0.964526586640369 
4300 0.15714285714285714 0.9646545377044098 
4400 0.1857142857142857 0.9646779411605587 
4500 0.19999999999999996 0.9645832672104612 
4600 0.15714285714285714 0.9644720091905487 
4700 0.15714285714285714 0.964454751268727 
4800 0.2 0.9643309677547336 
4900 0.11428571428571428 0.9644466386840392 
5000 0.15714285714285714 0.9644422306014987 
5100 0.1714285714285714 0.9643259724983897 
5200 0.11428571428571428 0.9643234817480155 
5300 0.15714285714285714 0.9643609471707943 
5400 0.2 0.9643826980894191 
5500 0.14285714285714285 0.9642765168237809 
5600 0.14285714285714285 0.9642867770211102 
5700 0.1857142857142857 0.9643332205711613 
5800 0.21428571428571427 0.9643642106040831 
5900 0.2 0.9643250538649624 
6000 0.1285714285714286 0.9643700256306489 
6100 0.1714285714285714 0.9644130353337861 
6200 0.15714285714285714 0.9643236305972155 
6300 0.21428571428571427 0.9643362542604726 
6400 0.18571428571428572 0.9642285245608945 
6500 0.19999999999999996 0.9642445118333444 
6600 0.21428571428571427 0.9642888703731758 
6700 0.2571428571428571 0.9642457415737523 
6800 0.18571428571428572 0.9641798124925606 
6900 0.21428571428571427 0.9641257133196707 
7000 0.2 0.9641284238306093 
7100 0.15714285714285714 0.9640547776637763 
7200 0.18571428571428572 0.964001775547047 
7300 0.19999999999999996 0.9640032187371593 
7400 0.19999999999999996 0.9639583775680249 
7500 0.11428571428571428 0.9639754381955422 
7600 0.0857142857142857 0.964020241697521 
7700 0.1714285714285714 0.9639950903098546 
7800 0.15714285714285717 0.9639682946630774 
7900 0.15714285714285714 0.9640352185678727 
8000 0.1285714285714286 0.9640803828092916 
8100 0.14285714285714285 0.9641611705785882 
8200 0.21428571428571427 0.964210592784852 
8300 0.09999999999999998 0.9642455584811928 
8400 0.11428571428571425 0.9643246835694164 
8500 0.11428571428571428 0.964388293254015 
8600 0.22857142857142856 0.9643926370687794 
8700 0.11428571428571428 0.9644546877479874 
8800 0.11428571428571428 0.9645751835559812 
8900 0.21428571428571427 0.964580624969907 
9000 0.1714285714285714 0.964520807211897 
9100 0.18571428571428572 0.9644819250631799 
9200 0.1714285714285714 0.9644924076575527 
9300 0.1714285714285714 0.9645097045376585 
9400 0.15714285714285714 0.964525683691198 
9500 0.21428571428571427 0.9645576154890964 
9600 0.1714285714285714 0.9645451738658175 
9700 0.12857142857142856 0.964544953637573 
9800 0.1285714285714286 0.9645799626860233 
9900 0.11428571428571428 0.9646335026284021 
10000 0.15714285714285714 0.9647407283081215 
10100 0.14285714285714285 0.9648184291041434 
10200 0.14285714285714285 0.9648228348294519 
10300 0.1714285714285714 0.9648369783793529 
10400 0.17142857142857143 0.9648399764674642 
10500 0.18571428571428572 0.9647995542374649 
10600 0.17142857142857143 0.964784038792387 
10700 0.14285714285714285 0.9648027442918108 
10800 0.22857142857142856 0.9647847311315971 
10900 0.15714285714285714 0.9647850677744724 
11000 0.15714285714285714 0.9647732240791963 
11100 0.18571428571428572 0.964739609473192 
11200 0.1714285714285714 0.9647158948393213 
11300 0.15714285714285714 0.9647429009653592 
11400 0.14285714285714285 0.9647187903316752 
11500 0.19999999999999996 0.964715542333793 
11600 0.14285714285714285 0.9647213294420431 
11700 0.18571428571428572 0.9647661880750933 
11800 0.15714285714285714 0.9647951545672078 
11900 0.1857142857142857 0.9648096298430304 
12000 0.18571428571428572 0.9647626090682919 
12100 0.11428571428571428 0.9647535032523876 
12200 0.15714285714285714 0.9647569871322023 
12300 0.2 0.9647921094297405 
12400 0.1714285714285714 0.9647832260071192 
12500 0.21428571428571427 0.964762342822098 
12600 0.11428571428571428 0.964790681767509 
12700 0.11428571428571428 0.9648159968656387 
12800 0.24285714285714283 0.9648060419386878 
12900 0.15714285714285714 0.9647918581431487 
13000 0.1714285714285714 0.9648264236084404 
13100 0.21428571428571427 0.964887949302307 
13200 0.18571428571428572 0.9648973652789652 
13300 0.15714285714285714 0.964902164534711 
13400 0.1714285714285714 0.9649108897345969 
13500 0.1285714285714286 0.9649397663665126 
13600 0.1714285714285714 0.9649209529411353 
13700 0.17142857142857143 0.9649028485929078 
13800 0.11428571428571428 0.9648957891250116 
13900 0.1285714285714286 0.9648961105915641 
14000 0.1714285714285714 0.9649123702048493 
14100 0.15714285714285714 0.964896317721472 
14200 0.15714285714285714 0.9648830062269257 
14300 0.1285714285714286 0.9648646781277367 
14400 0.1285714285714286 0.9649073642372719 
14500 0.1714285714285714 0.9649168283960712 
14600 0.1857142857142857 0.9649549036106464 
14700 0.17142857142857143 0.9649894241078514 
14800 0.21428571428571427 0.9649780339809729 
14900 0.14285714285714285 0.9649851719763135 
15000 0.1714285714285714 0.9650031267756752 
15100 0.17142857142857143 0.965012566181363 
15200 0.18571428571428572 0.9649901635544027 
15300 0.15714285714285714 0.9649910058788563 
15400 0.11428571428571428 0.9650324190451455 
15500 0.14285714285714285 0.9650521778932849 
15600 0.21428571428571427 0.9650650065166763 
15700 0.19999999999999996 0.9650520819116768 
15800 0.1285714285714286 0.9650623001558069 
15900 0.15714285714285714 0.9650871763081686 
16000 0.12857142857142856 0.9651132295302972 
16100 0.21428571428571427 0.9651287926511515 
16200 0.18571428571428572 0.9651057694851288 
16300 0.14285714285714285 0.9651162578398638 
16400 0.15714285714285714 0.9651055684757898 
16500 0.1714285714285714 0.9651265724155246 
16600 0.15714285714285717 0.9651638168670276 
16700 0.09999999999999998 0.9651751320850477 
16800 0.17142857142857143 0.9652063298386434 
16900 0.2 0.9651871472806625 
17000 0.2 0.9651823702247206 
17100 0.2285714285714285 0.9651626819372857 
17200 0.1857142857142857 0.9651596598758101 
17300 0.15714285714285714 0.965141018548336 
17400 0.15714285714285714 0.9651554303118869 
17500 0.15714285714285714 0.9651723983119332 
17600 0.22857142857142856 0.9652055754407893 
17700 0.15714285714285714 0.9652192101065046 
17800 0.15714285714285714 0.9652423887368553 
17900 0.1714285714285714 0.9652328880270057 
18000 0.14285714285714285 0.9652191941717524 
18100 0.14285714285714285 0.9652132150025913 
18200 0.15714285714285714 0.9652463823285481 
18300 0.21428571428571427 0.9652238948691328 
18400 0.15714285714285714 0.9652047248984915 
18500 0.15714285714285714 0.9652155224556717 
18600 0.1714285714285714 0.965208923739379 
18700 0.14285714285714285 0.965218310199862 
18800 0.21428571428571427 0.9652114502521396 
18900 0.1857142857142857 0.9651835629760078 
19000 0.21428571428571427 0.9651816571057663 
19100 0.14285714285714285 0.9652199710311851 
19200 0.1285714285714286 0.9652445557151041 
19300 0.12857142857142856 0.9652584001322408 
19400 0.11428571428571425 0.9652550739898041 
19500 0.14285714285714285 0.9652951252805106 
19600 0.09999999999999998 0.9653283906797758 
19700 0.1714285714285714 0.9652960570045998 
19800 0.1285714285714286 0.965301626180496 
19900 0.1285714285714286 0.9653202997695737 
20000 0.1857142857142857 0.9653002468924173 
20100 0.19999999999999996 0.9652786167947105 
20200 0.15714285714285714 0.9653024308084701 
20300 0.15714285714285714 0.9653084178353869 
20400 0.1714285714285714 0.9653134708616058 
20500 0.2 0.9652704223487356 
20600 0.19999999999999996 0.965242238587586 
20700 0.11428571428571425 0.9652729854320358 
20800 0.12857142857142856 0.9652672376099134 
20900 0.12857142857142856 0.9652995641584704 
21000 0.12857142857142856 0.9653244970194164 
21100 0.18571428571428572 0.9653281778566125 
21200 0.17142857142857143 0.9653069767598563 
21300 0.15714285714285717 0.965301204280595 
21400 0.1 0.9653162068528173 
21500 0.12857142857142856 0.9653372988188811 
21600 0.18571428571428572 0.9653181014547386 
21700 0.15714285714285714 0.9653369331235558 
21800 0.15714285714285714 0.9653129989668451 
21900 0.21428571428571427 0.9652937678427382 
22000 0.1714285714285714 0.9653031193387314 
22100 0.1714285714285714 0.9653052490622057 
22200 0.18571428571428572 0.9653198268632258 
22300 0.21428571428571427 0.9653118534082392 
22400 0.18571428571428572 0.9652703376337366 
22500 0.19999999999999996 0.9652592159925167 
22600 0.1714285714285714 0.9652425303557997 
22700 0.17142857142857143 0.9652341201667223 
22800 0.11428571428571428 0.9652381839977778 
22900 0.2 0.9652615762256171 
23000 0.15714285714285714 0.9652614741388056 
23100 0.1714285714285714 0.9652532564040723 
23200 0.1714285714285714 0.9652614008837879 
23300 0.14285714285714285 0.9652712636490157 
23400 0.12857142857142856 0.9652810421207071 
23500 0.1857142857142857 0.965271487940736 
23600 0.07142857142857142 0.9653106910320588 
23700 0.15714285714285714 0.9653341179094311 
23800 0.1285714285714286 0.9653448434539565 
23900 0.15714285714285714 0.9653432761330967 
24000 0.22857142857142856 0.9653417218726997 
24100 0.15714285714285714 0.9653194344830583 
24200 0.22857142857142856 0.9653253702621497 
24300 0.1714285714285714 0.965321092018553 
24400 0.1285714285714286 0.9653225814320646 
24500 0.14285714285714285 0.9653318329086665 
24600 0.15714285714285714 0.9653493566850747 
24700 0.19999999999999996 0.9653322788165507 
24800 0.15714285714285714 0.965331779056528 
24900 0.19999999999999996 0.9653262634317612 
