0 0.0 1.0 
100 0.13636363636363635 0.9856548154815482 
200 0.12272727272727274 0.9769759158751696 
300 0.13636363636363635 0.9744223799456357 
400 0.13636363636363635 0.9736383473135344 
500 0.13636363636363635 0.9727476864452912 
600 0.13636363636363635 0.9733540689759492 
700 0.10909090909090909 0.9726689145376735 
800 0.12272727272727271 0.9724314776983316 
900 0.09545454545454546 0.9727228584401171 
1000 0.13636363636363635 0.9726041004450096 
1100 0.12272727272727274 0.972181797539427 
1200 0.12272727272727274 0.9720072288244644 
1300 0.0818181818181818 0.9720429215288938 
1400 0.0818181818181818 0.9722377684770619 
1500 0.15 0.9725353552177336 
1600 0.15000000000000002 0.9719316052467208 
1700 0.12272727272727274 0.9715174229063118 
1800 0.10909090909090909 0.9715656705870476 
1900 0.16363636363636364 0.9714997489359667 
2000 0.1636363636363636 0.9712444913906683 
2100 0.17727272727272728 0.9710635628055904 
2200 0.09545454545454544 0.9711791644293916 
2300 0.13636363636363635 0.9711131029986962 
2400 0.15 0.9712667070538791 
2500 0.12272727272727274 0.9711399531096653 
2600 0.08181818181818182 0.9709989165006466 
2700 0.12272727272727274 0.9708062670391437 
2800 0.15 0.97065982928175 
2900 0.15 0.9707193444266867 
3000 0.10909090909090909 0.970743653630608 
3100 0.09545454545454544 0.9709358784556301 
3200 0.13636363636363635 0.970897766323024 
3300 0.10909090909090909 0.9709944989121754 
3400 0.13636363636363635 0.971045447862928 
3500 0.12272727272727271 0.970907662745709 
3600 0.09545454545454546 0.9709266365403549 
3700 0.15 0.9709791272629019 
3800 0.15000000000000002 0.970844245533472 
3900 0.12272727272727271 0.9709172764559204 
4000 0.10909090909090909 0.9709163618186363 
4100 0.1636363636363636 0.9708399835960188 
4200 0.1636363636363636 0.970753040401636 
4300 0.13636363636363635 0.9708379129589313 
4400 0.12272727272727271 0.9709163464914998 
4500 0.12272727272727274 0.9709288087495708 
4600 0.15 0.9709944478473059 
4700 0.12272727272727274 0.9709201137088821 
4800 0.16363636363636364 0.9708755041563311 
4900 0.1909090909090909 0.9707301153753408 
5000 0.12272727272727271 0.9706087191652578 
5100 0.12272727272727274 0.9706190631070557 
5200 0.09545454545454546 0.9706011518763874 
5300 0.17727272727272725 0.9704333230436796 
5400 0.12272727272727271 0.9704926276278804 
5500 0.17727272727272725 0.9704371932375931 
5600 0.1636363636363636 0.9703396106214799 
5700 0.15 0.9702763470523512 
5800 0.13636363636363635 0.9703107614674585 
5900 0.13636363636363635 0.970311753785953 
6000 0.13636363636363635 0.9703870377664329 
6100 0.10909090909090909 0.9704826705011101 
6200 0.15 0.9705307794930437 
6300 0.10909090909090909 0.9705155927630534 
6400 0.0818181818181818 0.970534167246595 
6500 0.12272727272727274 0.9705963068618814 
6600 0.15 0.9706277285810689 
6700 0.09545454545454544 0.9706416783112426 
6800 0.10909090909090907 0.9706907239577067 
6900 0.12272727272727271 0.9706675415947623 
7000 0.15000000000000002 0.9707034547012764 
7100 0.12272727272727274 0.970673944770903 
7200 0.15 0.9706239505876709 
7300 0.1636363636363636 0.9706087895805058 
7400 0.13636363636363635 0.9706201403987176 
7500 0.15 0.9706175540230999 
7600 0.12272727272727274 0.9706198945114877 
7700 0.13636363636363635 0.9706745582037752 
7800 0.10909090909090909 0.9707023283728193 
7900 0.1909090909090909 0.970597795445916 
8000 0.10909090909090909 0.9705193100862393 
8100 0.15 0.9704904557237602 
8200 0.12272727272727271 0.9705253516755162 
8300 0.16363636363636364 0.970554615544677 
8400 0.13636363636363635 0.9704611058207356 
8500 0.15 0.9703791532546973 
8600 0.10909090909090909 0.9703169425331093 
8700 0.10909090909090909 0.9703110144079573 
8800 0.17727272727272725 0.9702839166003863 
8900 0.15 0.9702491293113134 
9000 0.09545454545454546 0.9703044358707619 
9100 0.15 0.9702917261839358 
9200 0.15 0.9702582970230509 
9300 0.10909090909090909 0.9702338336053796 
9400 0.17727272727272728 0.9702216761272978 
9500 0.12272727272727274 0.9702202399747395 
9600 0.15 0.9701744491577582 
9700 0.16363636363636364 0.9700982677512159 
9800 0.12272727272727271 0.9700726270974205 
9900 0.15 0.9700911179770638 
10000 0.15 0.970040495950405 
10100 0.10909090909090909 0.9700634388134388 
10200 0.13636363636363635 0.9700870458332962 
10300 0.2318181818181818 0.9701328092594718 
10400 0.10909090909090909 0.9701162366380855 
10500 0.09545454545454544 0.9701072841547558 
10600 0.17727272727272728 0.970129318846421 
10700 0.12272727272727274 0.9701063409536916 
10800 0.17727272727272728 0.9700501216217353 
10900 0.10909090909090909 0.9700043157008115 
11000 0.1636363636363636 0.9700058259166522 
11100 0.12272727272727274 0.9699832529419954 
11200 0.13636363636363635 0.9700082581912329 
11300 0.10909090909090909 0.9700109503583754 
11400 0.10909090909090909 0.9700145920214335 
11500 0.12272727272727274 0.970103637233126 
11600 0.1636363636363636 0.9701039683099419 
11700 0.15 0.9700889978323531 
11800 0.1636363636363636 0.9699902646925145 
11900 0.12272727272727271 0.9700294952295835 
12000 0.13636363636363635 0.9700219110528668 
12100 0.13636363636363635 0.9700118697928797 
12200 0.10909090909090907 0.9700434390623719 
12300 0.16363636363636364 0.9700486287145909 
12400 0.13636363636363635 0.9700060845532985 
12500 0.13636363636363635 0.9700276250627222 
12600 0.1636363636363636 0.9700483727842668 
12700 0.1636363636363636 0.969993191302045 
12800 0.13636363636363635 0.9700018997095398 
12900 0.13636363636363635 0.9699908745622257 
13000 0.08181818181818182 0.9699959705896749 
13100 0.09545454545454544 0.9699901464843073 
13200 0.12272727272727274 0.9700005509224507 
13300 0.10909090909090909 0.9699875180266693 
13400 0.13636363636363635 0.9700211059554579 
13500 0.12272727272727271 0.9700217913151215 
13600 0.15 0.9700218399716598 
13700 0.15 0.9700038484251315 
13800 0.15 0.969964503560348 
13900 0.13636363636363635 0.96993083394916 
14000 0.1636363636363636 0.9698956162222179 
14100 0.13636363636363635 0.9698679494039752 
14200 0.15 0.9698694794220637 
14300 0.12272727272727274 0.9698582743736929 
14400 0.12272727272727271 0.9699062091647676 
14500 0.15 0.9699221370313019 
14600 0.19090909090909092 0.9698658560123529 
14700 0.13636363636363635 0.969840293795722 
14800 0.1909090909090909 0.9698406050573979 
14900 0.15 0.9698254693095644 
15000 0.13636363636363635 0.969837616886147 
15100 0.1636363636363636 0.9697952348128661 
15200 0.12272727272727274 0.9698177003905245 
15300 0.12272727272727274 0.9697789731508933 
15400 0.15 0.9697676803749461 
15500 0.16363636363636364 0.9697854903789198 
15600 0.17727272727272728 0.9697622821380913 
15700 0.15 0.9697471498630661 
15800 0.12272727272727274 0.9697742806841915 
15900 0.12272727272727271 0.9698019635700442 
16000 0.13636363636363635 0.9698095928663549 
16100 0.12272727272727274 0.9698208326981385 
16200 0.15 0.9698259717413628 
16300 0.09545454545454544 0.9698437700419941 
16400 0.12272727272727274 0.9698687995743054 
16500 0.17727272727272728 0.9698888772581276 
16600 0.0818181818181818 0.9699016967762073 
16700 0.10909090909090909 0.9699046668408533 
16800 0.10909090909090909 0.9699295834663522 
16900 0.12272727272727271 0.9699397493962165 
17000 0.17727272727272728 0.9699081872189337 
17100 0.15 0.9699072289765085 
17200 0.13636363636363635 0.969897693580183 
17300 0.13636363636363635 0.9698992701420307 
17400 0.0818181818181818 0.9699267871229971 
17500 0.10909090909090909 0.9699306143545045 
17600 0.1909090909090909 0.9699322998176757 
17700 0.1636363636363636 0.9698853364730292 
17800 0.13636363636363635 0.969876405053853 
17900 0.13636363636363635 0.9698856653513517 
18000 0.09545454545454546 0.9699017668210352 
18100 0.12272727272727274 0.969917847331388 
18200 0.15 0.9699048753564989 
18300 0.13636363636363635 0.9698974782798754 
18400 0.12272727272727274 0.9699147094278473 
18500 0.10909090909090909 0.969935439607687 
18600 0.17727272727272728 0.9699118082605529 
18700 0.13636363636363635 0.969914254706846 
18800 0.1636363636363636 0.9699263457939858 
18900 0.15 0.9699220760325331 
19000 0.1909090909090909 0.969912169694418 
19100 0.17727272727272728 0.9698692000894765 
19200 0.13636363636363635 0.9698837891965854 
19300 0.10909090909090907 0.9698737936329253 
19400 0.1909090909090909 0.9698621439382225 
19500 0.15 0.9698611026940344 
19600 0.13636363636363635 0.9698645651195904 
19700 0.13636363636363635 0.9698793842952135 
19800 0.10909090909090909 0.9698850149900602 
19900 0.13636363636363635 0.9699084331075186 
20000 0.09545454545454546 0.9699169871051901 
20100 0.13636363636363635 0.9699320985839691 
20200 0.15 0.969941435167476 
20300 0.13636363636363635 0.9699170943213724 
20400 0.12272727272727274 0.9699317045510247 
20500 0.17727272727272728 0.9699280190323311 
20600 0.15 0.9699065799983231 
20700 0.15 0.969907031280878 
20800 0.13636363636363635 0.9699153996092845 
20900 0.16363636363636364 0.9699361927006537 
21000 0.13636363636363635 0.9699435308275364 
21100 0.12272727272727271 0.9699416442994946 
21200 0.13636363636363635 0.9699447335245764 
21300 0.15 0.9699463266769379 
21400 0.15 0.9699460464889066 
21500 0.15 0.9699470901987646 
21600 0.1636363636363636 0.9699497024548527 
21700 0.15 0.9699522906359573 
21800 0.0818181818181818 0.969954073207651 
21900 0.15 0.9699851553063165 
22000 0.17727272727272725 0.9699938742453855 
22100 0.10909090909090909 0.9699945446730095 
22200 0.0818181818181818 0.9700219533518146 
22300 0.16363636363636364 0.9700589252010713 
22400 0.13636363636363635 0.9700382440313136 
22500 0.17727272727272725 0.9700376952943506 
22600 0.10909090909090909 0.9700171653708002 
22700 0.15 0.9700298545118157 
22800 0.16363636363636364 0.9700328384719968 
22900 0.13636363636363635 0.9700159480927788 
23000 0.13636363636363635 0.9700213133025837 
23100 0.15 0.9700404055707939 
23200 0.12272727272727274 0.9700589659144786 
23300 0.16363636363636364 0.9700520071319608 
23400 0.12272727272727271 0.9700166999467777 
23500 0.21818181818181817 0.969994869657384 
23600 0.09545454545454546 0.9699833356444835 
23700 0.09545454545454546 0.9699982691562689 
23800 0.12272727272727271 0.9700258487993247 
23900 0.10909090909090909 0.9700303762489968 
24000 0.15 0.9700266986981603 
24100 0.10909090909090909 0.9700201047862971 
24200 0.10909090909090909 0.9700200217121006 
24300 0.09545454545454546 0.9700204069417271 
24400 0.13636363636363635 0.9700397664402726 
24500 0.1636363636363636 0.970039836036377 
24600 0.17727272727272725 0.9700153079512659 
24700 0.1909090909090909 0.9699971891090166 
24800 0.17727272727272728 0.9699821946329144 
24900 0.17727272727272728 0.9699774744351267 
