0 0.0 1.0 
100 0.075 0.9926258250825083 
200 0.0625 0.9877824419568823 
300 0.049999999999999996 0.9866330980066446 
400 0.08749999999999998 0.9862323358270989 
500 0.075 0.9851183050565535 
600 0.075 0.9848949667221298 
700 0.075 0.984531027104137 
800 0.0625 0.9844270183104453 
900 0.0625 0.9846148954864965 
1000 0.049999999999999996 0.9845467032967034 
1100 0.0625 0.9847274258250076 
1200 0.0625 0.9844118616430753 
1300 0.075 0.9843709966692288 
1400 0.0625 0.9843861527480371 
1500 0.075 0.9846265683988452 
1600 0.08749999999999998 0.9845409119300437 
1700 0.08749999999999998 0.9842571159122085 
1800 0.08749999999999998 0.984127741532482 
1900 0.049999999999999996 0.9841941741188848 
2000 0.1125 0.9840548475762119 
2100 0.075 0.9839510947168015 
2200 0.075 0.9838023436316826 
2300 0.049999999999999996 0.9839087172243952 
2400 0.0625 0.9840290070109676 
2500 0.0625 0.9841219762095162 
2600 0.075 0.9841677479815456 
2700 0.049999999999999996 0.9841975965691719 
2800 0.08750000000000001 0.9841890545043437 
2900 0.0625 0.9843480696311616 
3000 0.0375 0.9845346689992225 
3100 0.0375 0.9846286144254541 
3200 0.0625 0.984746791367281 
3300 0.08749999999999998 0.9847102834999495 
3400 0.0625 0.9847050193570519 
3500 0.0625 0.9847357600209464 
3600 0.08749999999999998 0.9847315271220957 
3700 0.0625 0.9846810828154553 
3800 0.049999999999999996 0.9847120823467509 
3900 0.0625 0.9847007711697855 
4000 0.075 0.9846652920103307 
4100 0.08749999999999998 0.9845407370153622 
4200 0.09999999999999999 0.9844314101801158 
4300 0.08749999999999998 0.9843404876772843 
4400 0.08749999999999998 0.9842649397864122 
4500 0.075 0.9841615057764941 
4600 0.08749999999999998 0.9841406759400131 
4700 0.0625 0.9841628332624265 
4800 0.075 0.9841509798305909 
4900 0.075 0.9841629896959804 
5000 0.075 0.9841521279077518 
5100 0.0625 0.9841667075083317 
5200 0.075 0.9841782229378966 
5300 0.08749999999999998 0.9841185625353707 
5400 0.0625 0.9840505037647349 
5500 0.0625 0.9840388868690542 
5600 0.075 0.9840165260667738 
5700 0.08749999999999998 0.9839789620242063 
5800 0.0625 0.9839364082342125 
5900 0.0625 0.9839098599107496 
6000 0.075 0.9839818363606065 
6100 0.0625 0.9840407822488116 
6200 0.075 0.9840306334999731 
6300 0.0625 0.9840865206580967 
6400 0.08749999999999998 0.9840658035202833 
6500 0.08749999999999998 0.9840761677690611 
6600 0.09999999999999999 0.9840641253850426 
6700 0.0625 0.9839933716360743 
6800 0.08750000000000001 0.9840453150272018 
6900 0.049999999999999996 0.9840542433463749 
7000 0.08749999999999998 0.9840960219968576 
7100 0.08749999999999998 0.9840464077829414 
7200 0.075 0.9840173384483637 
7300 0.049999999999999996 0.9840293709765785 
7400 0.0375 0.984083654235914 
7500 0.0625 0.9841441280051548 
7600 0.075 0.9841841671052055 
7700 0.0625 0.9842045675886248 
7800 0.049999999999999996 0.9842441407084562 
7900 0.075 0.9842359089566721 
8000 0.024999999999999998 0.9842763795150606 
8100 0.08749999999999998 0.9842878836974859 
8200 0.049999999999999996 0.9842994248668862 
8300 0.075 0.9843015901698591 
8400 0.075 0.9842500768757687 
8500 0.0625 0.9842705392502843 
8600 0.0625 0.9843011229314421 
8700 0.049999999999999996 0.9843453697850821 
8800 0.08749999999999998 0.9843149334355944 
8900 0.0625 0.9842755261581095 
9000 0.075 0.984264769192312 
9100 0.09999999999999999 0.9842465228180054 
9200 0.075 0.9842111251494403 
9300 0.075 0.984226046482457 
9400 0.08749999999999998 0.9842353871928519 
9500 0.08749999999999998 0.9841834083254394 
9600 0.0625 0.9841533976495503 
9700 0.09999999999999999 0.9841288376627839 
9800 0.09999999999999999 0.9841268322960243 
9900 0.075 0.9841474872066794 
10000 0.049999999999999996 0.9841435127320601 
10100 0.08749999999999998 0.984125695063195 
10200 0.0625 0.984135542267098 
10300 0.075 0.9841386252952787 
10400 0.0625 0.9841671874499247 
10500 0.08750000000000001 0.9841713983588865 
10600 0.075 0.9841630015250133 
10700 0.08749999999999998 0.9841129041678348 
10800 0.09999999999999999 0.9840810939573497 
10900 0.075 0.9840749510748249 
11000 0.075 0.9841110561918613 
11100 0.0625 0.9841124954959013 
11200 0.08749999999999998 0.9840769425348928 
11300 0.08749999999999998 0.9840692103206206 
11400 0.075 0.9840374016899103 
11500 0.049999999999999996 0.9840407899313103 
11600 0.0625 0.9840706081372296 
11700 0.0375 0.9841123799960118 
11800 0.08749999999999998 0.9841148260740615 
11900 0.075 0.9841353930341988 
12000 0.08749999999999998 0.9841386915673694 
12100 0.0625 0.9841326818720216 
12200 0.0375 0.9841679643745048 
12300 0.0625 0.9842056370755765 
12400 0.08749999999999998 0.9841954529876623 
12500 0.075 0.9841525177985762 
12600 0.075 0.9841939627807317 
12700 0.0625 0.984191082395087 
12800 0.0625 0.9841853989271672 
12900 0.0375 0.9842076599359223 
13000 0.075 0.984237190087942 
13100 0.0625 0.9842114072081012 
13200 0.049999999999999996 0.984241842474055 
13300 0.08749999999999998 0.9842444098814626 
13400 0.075 0.9842622907494466 
13500 0.049999999999999996 0.9842505879194133 
13600 0.0375 0.9843018589319413 
13700 0.0375 0.9843501006617522 
13800 0.08749999999999998 0.984347073279714 
13900 0.075 0.9843545803059732 
14000 0.075 0.9843554701449897 
14100 0.09999999999999999 0.9843378794057159 
14200 0.09999999999999999 0.9843064162148205 
14300 0.0625 0.9843074420786425 
14400 0.08750000000000001 0.984300316239613 
14500 0.0625 0.9842695834195343 
14600 0.09999999999999999 0.9842510430221675 
14700 0.08749999999999998 0.9842400176858717 
14800 0.08749999999999998 0.984215593540977 
14900 0.08749999999999998 0.9842119446681431 
15000 0.0625 0.9842227532053419 
15100 0.049999999999999996 0.9842416961900978 
15200 0.0375 0.98426741387628 
15300 0.0625 0.984311687144631 
15400 0.08749999999999998 0.9842953582559574 
15500 0.08749999999999998 0.9842735280519537 
15600 0.075 0.9842830253936713 
15700 0.049999999999999996 0.984280625703246 
15800 0.08750000000000001 0.9842955614623548 
15900 0.075 0.9842895100937048 
16000 0.075 0.9842579825740058 
16100 0.049999999999999996 0.9842663110986896 
16200 0.08750000000000001 0.98430395243092 
16300 0.075 0.984309660194671 
16400 0.08750000000000001 0.9843073593073594 
16500 0.075 0.9843080848635436 
16600 0.075 0.984278055538823 
16700 0.049999999999999996 0.9842904865976089 
16800 0.075 0.9843010646687698 
16900 0.1125 0.9842902540283612 
17000 0.1125 0.9842693076877831 
17100 0.08749999999999998 0.9842454084069158 
17200 0.0625 0.9842326875375462 
17300 0.08749999999999998 0.9842332090630599 
17400 0.09999999999999999 0.9842172624178687 
17500 0.049999999999999996 0.9842215861474582 
17600 0.0375 0.9842530845785278 
17700 0.0625 0.9842920244618948 
17800 0.0625 0.984305071812445 
17900 0.075 0.9843044441185781 
18000 0.0375 0.9843142394866952 
18100 0.08749999999999998 0.9843047920925179 
18200 0.075 0.9842915853982382 
18300 0.075 0.9842988714186839 
18400 0.08750000000000001 0.9842719711791026 
18500 0.09999999999999999 0.9842540887429508 
18600 0.09999999999999999 0.9842172183843163 
18700 0.075 0.9842037190524571 
18800 0.09999999999999999 0.9841874545680195 
18900 0.0625 0.9841834867643687 
19000 0.0625 0.9841925808729365 
19100 0.0625 0.9842178038235345 
19200 0.0625 0.9842155030987969 
19300 0.0625 0.9842145754537761 
19400 0.0625 0.9842192949676134 
19500 0.0625 0.9842250343999454 
19600 0.08749999999999998 0.9842308481284968 
19700 0.049999999999999996 0.9842264246315754 
19800 0.075 0.984229279245156 
19900 0.0625 0.9842331520191615 
20000 0.1125 0.9841955818875723 
20100 0.0625 0.9841897376581596 
20200 0.075 0.984189107799944 
20300 0.049999999999999996 0.9841829682035368 
20400 0.075 0.9841937384605329 
20500 0.08749999999999998 0.984184968619417 
20600 0.08749999999999998 0.9841698370224746 
20700 0.08749999999999998 0.9841691927121073 
20800 0.0625 0.9841758158662244 
20900 0.09999999999999999 0.9841653060858332 
21000 0.075 0.9841633285319746 
21100 0.075 0.9841492751133437 
21200 0.012499999999999999 0.9841595522223795 
21300 0.075 0.984188071178192 
21400 0.075 0.9841916216921328 
21500 0.075 0.9841987727315009 
21600 0.049999999999999996 0.98420754536827 
21700 0.049999999999999996 0.9842248773098013 
21800 0.09999999999999999 0.9842108733544332 
21900 0.09999999999999999 0.9841953325951631 
22000 0.0625 0.9842041981046316 
22100 0.049999999999999996 0.9842187570698159 
22200 0.0625 0.9842357654685224 
22300 0.0625 0.9842339375663274 
22400 0.075 0.9842343347767213 
22500 0.049999999999999996 0.9842383162600181 
22600 0.075 0.9842442213102665 
22700 0.075 0.9842365378544263 
22800 0.049999999999999996 0.9842273228147889 
22900 0.0625 0.9842322888010713 
23000 0.049999999999999996 0.9842412875164848 
23100 0.075 0.9842456991400084 
23200 0.0625 0.984231664763013 
23300 0.0625 0.9842275859047537 
23400 0.075 0.9842440182399612 
23500 0.0625 0.9842466809922982 
23600 0.0375 0.9842648793130234 
23700 0.0625 0.9842610587809234 
23800 0.0375 0.9842717130232623 
23900 0.075 0.9842806437666486 
24000 0.0375 0.9842812539060872 
24100 0.0375 0.9843143827019626 
24200 0.075 0.9843294827693071 
24300 0.08749999999999998 0.9843071658573721 
24400 0.0625 0.9842980521631627 
24500 0.075 0.9843010234276152 
24600 0.049999999999999996 0.9843056642345163 
24700 0.0375 0.9843207047960272 
24800 0.0625 0.984325123818932 
24900 0.075 0.9843230233390895 
