Coverage:4
-34 59 4 16 -21 -26 68 -6 5 15 23 -59 -20 -9 25 -15 
 63 -23 37 -29 51 0 2 67 67 -9 13 29 63 -22 34 60 
-34 57 4 16 -22 -28 71 -4 5 15 23 -59 -26 -15 25 -24 
 63 -14 37 -29 55 -10 -17 67 67 -9 13 29 74 -21 34 53 
-34 62 4 16 -10 -33 70 -4 5 15 24 -59 -30 -15 25 -24 
 63 -9 37 -29 53 -3 -16 67 67 -9 15 29 67 -20 34 53 
-34 62 4 16 -17 -33 74 -4 5 15 8 -59 -31 -15 25 -24 
 63 -16 37 -29 53 -3 -13 67 67 -9 22 29 75 -20 34 53 
-34 59 4 15 -13 -37 74 -4 5 13 18 -55 -36 -15 25 -24 
 63 -17 37 -29 57 -7 -13 67 67 -17 36 26 82 -20 34 53 
-34 51 5 24 -17 -40 75 -9 5 13 16 -64 -44 -15 21 -24 
 63 -27 34 -23 53 -2 -7 63 67 -17 31 19 83 -20 29 53 
-34 43 5 24 -17 -44 76 -10 8 13 16 -65 -46 -15 21 -26 
 63 -24 34 -23 53 -2 -7 63 65 -17 27 11 87 -20 29 49 
-34 52 5 24 -17 -51 76 -11 5 11 18 -64 -46 -22 21 -25 
 63 -20 34 -23 53 -7 -7 63 67 -17 27 11 87 -11 29 56 
-34 55 5 24 -17 -53 76 -15 16 11 13 -65 -46 -10 21 -21 
 63 -24 34 -23 53 -7 -7 67 76 -17 23 11 87 -8 29 64 
-25 61 5 24 -17 -53 76 -15 10 11 13 -65 -46 -11 21 -15 
 61 -20 34 -23 53 -3 -7 67 86 -17 23 11 87 -5 29 60 
-24 68 5 24 -17 -56 76 -19 12 11 13 -65 -46 -26 21 -15 
 67 -20 34 -23 53 -4 -7 62 98 -17 23 11 87 3 29 60 
-15 73 4 27 -17 -53 76 -19 15 11 13 -65 -46 -21 21 -15 
 67 -25 37 -14 53 -3 -7 69 96 -17 23 11 87 6 22 60 
-15 81 4 26 -23 -53 76 -19 15 17 13 -64 -40 -14 18 -15 
 67 -28 37 -17 44 -3 -7 69 96 -17 23 11 93 7 30 60 
-15 76 5 26 -29 -56 76 -19 15 14 13 -65 -44 -9 24 -15 
 67 -29 34 -17 43 -4 -7 69 96 -13 23 11 94 21 37 60 
-15 77 3 26 -29 -53 76 -19 12 14 13 -65 -41 -5 24 -15 
 67 -31 33 -17 43 -3 -7 69 95 -13 23 11 93 16 37 60 
-15 77 3 25 -24 -55 76 -19 13 14 13 -64 -45 -5 24 -8 
 67 -35 33 -11 41 -6 -7 69 92 -13 23 11 100 16 37 59 
-15 81 3 16 -30 -55 76 -19 7 11 13 -65 -38 -5 24 -8 
 67 -46 33 -13 49 -6 -7 69 97 -17 23 11 92 16 37 57 
-15 88 3 16 -26 -55 76 -19 7 11 11 -63 -44 -5 24 -9 
 67 -52 33 -13 47 -6 -7 69 97 -17 24 12 91 16 37 57 
-15 91 3 16 -26 -56 76 -23 7 11 13 -77 -45 -5 24 -15 
 67 -67 33 -13 47 -7 -7 67 97 -17 23 10 91 16 37 54 
-14 103 3 16 -26 -55 76 -12 7 11 15 -79 -44 -19 24 -15 
 63 -74 33 -13 47 -1 -7 65 97 -17 31 -2 91 9 37 54 
-14 93 3 16 -27 -65 76 -21 7 11 16 -67 -49 -19 24 -15 
 63 -77 33 -13 58 -4 -7 60 97 -17 31 1 95 9 37 54 
-3 93 3 16 -35 -65 75 -34 7 11 15 -64 -55 -19 20 -15 
 63 -77 33 -13 67 -4 -7 49 97 -17 31 -9 100 9 44 54 
-2 95 3 18 -35 -65 73 -27 -1 12 15 -64 -56 -19 25 -15 
 64 -81 33 -10 67 -4 -17 50 104 -18 31 -9 97 9 40 54 
13 105 3 16 -35 -65 74 -26 2 11 15 -64 -56 -19 25 -10 
 63 -72 33 -13 67 -4 -16 47 105 -17 31 -9 97 9 40 58 
15 114 2 19 -35 -64 67 -29 1 11 15 -64 -51 -19 18 -14 
 58 -67 28 -11 67 -6 -23 50 97 -17 31 -9 99 9 41 63 
15 115 -6 16 -36 -64 65 -47 3 12 15 -64 -49 -19 15 -20 
 56 -62 23 -7 66 -13 -26 50 93 -26 31 -9 103 11 47 67 
15 122 -4 16 -35 -64 65 -45 3 9 13 -65 -49 -16 14 -20 
 56 -62 31 -7 60 -13 -26 46 93 -28 36 -9 103 17 47 65 
15 122 -4 17 -35 -64 65 -33 3 6 25 -65 -57 -16 14 -15 
 56 -65 31 -7 50 -13 -26 37 93 -23 29 -9 98 17 47 47 
15 134 -5 16 -28 -64 65 -33 2 8 24 -64 -68 -22 14 -15 
 56 -81 31 -7 42 -13 -26 37 90 -20 37 -9 90 18 47 47 
15 131 -4 16 -26 -64 65 -33 -10 5 21 -65 -58 -29 12 -15 
 56 -77 31 -7 43 -13 -25 37 99 -20 29 -9 84 14 41 47 
15 131 -4 16 -26 -59 70 -36 -7 6 21 -67 -54 -27 16 -15 
 56 -77 31 -7 47 -16 -19 37 103 -19 29 -8 83 20 47 47 
15 133 -5 16 -26 -61 75 -37 -8 5 21 -75 -50 -33 16 -15 
 56 -75 31 -7 47 -13 -17 33 101 -20 29 2 89 17 47 47 
15 131 -5 19 -26 -66 79 -37 -7 -1 21 -69 -55 -33 16 -14 
 56 -80 31 -7 47 -7 -17 33 103 -30 29 3 80 17 47 45 
15 136 -5 16 -26 -63 91 -37 -7 -15 21 -69 -55 -34 16 -20 
 56 -67 31 -9 47 -12 -6 33 103 -26 29 3 80 13 47 35 
9 136 -5 16 -26 -68 87 -37 -3 -25 21 -69 -55 -35 16 -14 
 52 -67 31 -9 47 -5 -3 33 108 -30 29 3 80 14 47 42 
9 136 -5 15 -26 -65 94 -37 2 -26 21 -75 -55 -35 16 -14 
 57 -67 31 -12 47 -4 -2 33 105 -28 29 5 80 14 47 43 
-4 136 -5 13 -26 -65 92 -37 10 -25 3 -73 -55 -35 16 -9 
 51 -67 38 -17 47 -4 -6 33 112 -29 30 7 80 14 47 39 
-4 136 3 13 -26 -65 101 -37 17 -25 5 -68 -55 -35 16 -5 
 51 -67 35 -17 47 -4 -15 33 110 -29 29 9 80 14 47 33 
-4 135 -4 21 -29 -65 94 -37 16 -25 5 -67 -54 -36 16 -6 
 51 -65 41 -11 37 -4 -21 33 113 -29 27 3 83 17 47 27 
-4 125 -6 21 -29 -64 100 -37 20 -25 5 -67 -54 -36 16 -7 
 51 -60 31 -11 43 -7 -15 33 109 -29 27 3 83 17 47 29 
-4 125 -19 17 -29 -64 94 -37 16 -25 5 -67 -54 -37 14 -20 
 51 -60 29 -14 43 -7 -21 33 102 -29 27 3 83 18 47 23 
-5 125 -19 9 -29 -64 94 -37 2 -29 5 -67 -54 -36 14 -15 
 51 -60 29 -25 43 -7 -19 33 96 -32 27 3 83 17 47 14 
-4 125 -17 1 -24 -66 102 -37 14 -39 5 -67 -54 -37 14 -15 
 51 -60 32 -17 47 -6 -21 33 103 -31 27 3 83 21 47 14 
-4 125 -2 -4 -24 -65 104 -37 24 -39 5 -67 -54 -32 7 -15 
 53 -60 33 -29 47 -4 -23 33 94 -31 27 3 83 32 57 14 
-4 127 -9 -1 -24 -65 92 -37 30 -39 5 -67 -54 -45 7 -7 
 53 -56 43 -32 47 -4 -9 33 90 -31 27 3 83 33 57 20 
-4 128 -9 4 -24 -64 95 -37 35 -39 5 -67 -47 -45 7 -8 
 53 -49 43 -23 47 -6 -13 33 91 -31 27 3 76 36 57 21 
-13 120 -9 4 -26 -64 94 -37 36 -39 5 -67 -35 -47 7 -13 
 51 -51 43 -23 47 -13 -9 33 91 -31 27 3 80 37 57 32 
-16 123 -16 14 -26 -64 91 -37 35 -39 5 -67 -35 -43 7 -12 
 56 -43 42 -24 47 -13 -17 33 91 -31 27 3 80 40 57 25 
-17 124 -10 15 -25 -64 91 -35 35 -38 -1 -67 -35 -43 7 -14 
 53 -43 46 -27 47 -13 -17 27 96 -29 25 3 80 38 57 23 
-17 124 -6 5 -9 -64 91 -35 36 -31 -11 -60 -35 -39 7 -12 
 53 -43 47 -26 32 -13 -17 27 93 -18 16 0 80 49 57 17 
-16 124 -11 5 3 -64 91 -35 36 -34 -5 -58 -35 -39 7 -12 
 54 -43 45 -26 33 -13 -17 27 93 -23 16 -6 80 49 57 30 
-23 124 -15 5 3 -64 91 -34 36 -36 -8 -58 -35 -39 7 -21 
 43 -43 47 -26 33 -13 -17 22 93 -25 18 -10 80 49 57 39 
-28 124 -22 5 3 -64 91 -40 36 -35 -5 -64 -35 -39 7 -35 
 32 -43 54 -26 33 -13 -17 29 93 -14 11 -9 80 49 57 47 
-48 124 -17 5 2 -64 91 -46 36 -34 -7 -64 -35 -39 7 -35 
 31 -43 53 -26 36 -13 -17 27 93 -17 7 -9 80 49 57 47 
-50 124 -17 5 3 -74 91 -46 36 -34 -7 -64 -35 -39 7 -37 
 38 -43 53 -26 31 -9 -17 27 93 -17 3 -9 80 49 57 42 
-41 124 -19 6 1 -75 91 -50 36 -32 -7 -64 -23 -39 7 -45 
 35 -43 60 -34 36 -13 -17 24 93 -19 3 -9 74 49 57 40 
-37 124 -17 18 4 -75 91 -55 36 -35 -2 -64 -25 -39 8 -48 
 41 -43 53 -43 34 -13 -17 20 93 -26 4 -9 76 49 57 40 
-34 125 -17 23 2 -75 91 -57 36 -35 10 -66 -25 -39 16 -53 
 43 -36 53 -45 29 -13 -17 18 93 -26 5 -13 76 49 65 37 
-34 127 -17 24 0 -84 91 -66 36 -35 13 -66 -25 -39 9 -55 
 43 -23 53 -43 28 -13 -17 16 93 -26 3 -13 76 49 69 40 
-37 124 -17 27 -5 -84 91 -75 36 -35 13 -72 -25 -39 6 -55 
 39 -23 53 -43 31 -13 -17 15 93 -26 3 -12 76 49 63 40 
-31 124 -17 27 -5 -84 91 -83 36 -35 13 -70 -25 -39 6 -55 
 39 -23 53 -43 31 -13 -17 13 93 -26 3 -22 76 54 63 40 
-33 120 -15 27 -5 -84 91 -86 36 -35 13 -68 -25 -51 6 -58 
 33 -26 47 -43 31 -13 -17 7 91 -26 3 -22 76 56 63 43 
-42 123 -15 27 -5 -84 91 -86 36 -35 13 -65 -25 -56 6 -62 
 24 -27 47 -43 31 -13 -17 7 91 -26 3 -12 76 57 63 38 
-35 123 -15 27 -5 -84 91 -86 36 -35 13 -56 -21 -56 6 -64 
 20 -27 47 -43 31 -13 -17 7 91 -26 3 -21 70 57 63 33 
-35 123 -15 30 -9 -84 91 -91 35 -35 13 -63 -17 -51 9 -64 
 20 -27 47 -42 38 -13 -17 6 91 -26 5 -28 68 64 62 33 
-35 123 -15 33 -13 -84 91 -95 35 -35 13 -72 -21 -51 9 -64 
 19 -27 46 -43 37 -13 -17 3 91 -26 3 -19 59 68 75 33 
-39 123 -14 44 -13 -84 91 -95 48 -27 13 -66 -24 -68 5 -64 
 9 -27 43 -43 37 -13 -17 0 94 -26 3 -13 51 84 74 33 
-35 123 -14 43 -13 -84 91 -95 45 -25 12 -66 -24 -79 4 -67 
 7 -27 43 -45 37 -13 -17 3 80 -24 6 -13 51 90 77 29 
-35 123 -14 44 -13 -84 91 -91 45 -23 13 -66 -24 -77 5 -65 
 7 -27 43 -43 37 -13 -17 4 80 -24 3 -13 51 85 74 31 
-35 123 -14 44 -13 -84 88 -85 45 -23 13 -66 -21 -91 5 -65 
 7 -27 43 -43 37 -13 -22 -4 80 -21 3 -13 53 80 74 31 
-35 123 -14 44 -13 -82 70 -84 45 -18 13 -65 -16 -89 5 -65 
 7 -27 43 -43 37 -13 -18 2 80 -24 3 -17 65 83 74 31 
-35 123 -10 42 -13 -85 73 -90 45 -10 11 -66 -25 -89 4 -64 
 7 -27 44 -37 37 -9 -17 3 80 -14 -4 -13 56 83 77 31 
-35 123 -14 44 -13 -85 73 -99 45 -4 11 -66 -25 -89 4 -64 
 7 -27 43 -37 37 -9 -17 4 80 -13 2 -13 56 83 77 31 
-34 123 -13 45 -13 -93 73 -97 46 -4 19 -66 -24 -89 4 -64 
 12 -27 42 -40 37 -10 -17 -8 83 -13 5 -13 55 83 77 31 
-39 123 -22 45 -11 -80 73 -99 46 -4 16 -66 -28 -89 5 -65 
 9 -27 41 -40 36 -18 -17 6 83 -13 11 -13 51 83 76 31 
-39 123 -22 45 -13 -74 73 -103 46 -4 16 -69 -26 -90 4 -65 
 9 -27 33 -40 37 -20 -17 13 83 -13 11 -17 47 86 76 31 
-39 123 -16 50 -13 -75 74 -99 45 -4 16 -69 -29 -80 15 -65 
 9 -27 37 -43 37 -26 -13 14 80 -13 11 -17 39 90 86 31 
-39 123 -16 55 -13 -75 74 -107 45 -4 16 -69 -24 -89 13 -65 
 9 -27 37 -44 37 -26 -13 7 80 -13 11 -19 33 83 83 31 
-39 123 -16 55 -13 -75 74 -99 45 -4 16 -60 -24 -91 13 -65 
 9 -27 37 -44 37 -26 -13 4 80 -13 11 -26 33 80 83 31 
-39 122 -16 55 -13 -77 74 -100 46 -4 15 -57 -24 -89 13 -70 
 9 -24 37 -44 40 -18 -13 3 81 -13 11 -36 33 83 83 24 
-39 124 -14 55 -13 -81 72 -94 45 -4 15 -58 -21 -89 13 -75 
 9 -23 43 -44 37 -13 -16 2 80 -13 11 -36 43 83 83 14 
-39 122 -14 55 -13 -76 74 -101 47 -5 16 -55 -34 -89 13 -80 
 9 -21 43 -44 37 -13 -13 4 76 -9 11 -33 46 83 83 11 
-39 124 -14 55 -13 -67 74 -104 48 -5 16 -55 -35 -89 13 -86 
 9 -23 43 -44 37 -1 -13 7 77 -9 11 -33 40 83 83 -1 
-40 124 -16 60 -15 -67 77 -104 50 -5 16 -55 -41 -89 13 -91 
 -1 -23 48 -46 40 -2 -12 7 68 -9 18 -26 41 83 83 -15 
-33 124 -6 65 -15 -59 83 -104 47 -5 18 -55 -41 -89 15 -94 
 -3 -23 47 -38 40 9 -7 7 65 -9 32 -26 44 83 81 -17 
-20 125 -6 60 -15 -59 83 -106 44 -7 16 -55 -34 -89 16 -92 
 -10 -28 47 -40 40 9 -7 3 65 -19 33 -26 46 83 71 -21 
-30 123 -6 55 -15 -59 80 -107 45 -14 16 -53 -51 -89 16 -91 
 -13 -27 47 -44 40 9 -6 3 67 -16 33 -23 44 83 71 -25 
-35 123 -6 55 -14 -59 84 -104 45 -9 16 -65 -56 -89 15 -96 
 -6 -27 47 -44 40 9 -3 7 67 -25 31 -15 43 83 71 -24 
-35 123 0 55 -13 -59 84 -104 46 -6 16 -53 -62 -90 15 -98 
 -6 -27 36 -44 37 9 -3 7 63 -13 32 -17 57 79 71 -20 
-31 123 3 55 -15 -59 84 -104 46 -6 16 -65 -67 -87 16 -99 
 -7 -27 40 -44 40 9 -3 10 63 -13 33 -9 57 83 71 -22 
-27 123 -15 55 -15 -59 84 -104 46 -6 12 -65 -73 -87 16 -104 
 -7 -27 47 -44 40 9 -3 7 63 -13 26 -9 57 83 71 -27 
-29 123 -15 55 -15 -59 85 -104 46 -6 8 -64 -73 -92 12 -104 
 -17 -27 47 -44 40 9 -5 7 63 -13 17 -9 57 75 60 -27 
-33 123 -15 40 -15 -59 85 -106 46 -5 5 -64 -73 -93 11 -104 
 -22 -27 47 -43 40 9 -12 7 63 -9 14 -9 57 72 63 -27 
-35 121 -20 48 -13 -59 78 -106 46 -5 5 -64 -65 -101 11 -104 
 -20 -27 44 -50 37 9 -4 7 63 -9 14 -9 56 72 63 -27 
-26 124 -22 49 -15 -59 73 -106 46 -5 5 -64 -65 -95 13 -104 
 -21 -23 37 -49 40 9 3 7 63 -9 14 -9 56 64 62 -27 
-12 124 -17 52 -22 -59 73 -104 46 -5 5 -64 -63 -93 11 -102 
 -30 -23 33 -56 40 9 3 7 63 -9 14 -9 60 57 63 -26 
-15 118 -17 55 -21 -59 71 -104 45 -5 5 -64 -58 -93 11 -104 
 -33 -29 33 -57 40 9 -1 7 60 -9 14 -9 51 57 63 -27 
-15 106 -17 53 -21 -59 67 -104 45 -5 6 -64 -73 -93 11 -104 
 -33 -37 33 -57 44 9 0 7 60 -9 13 -9 46 57 63 -27 
-15 114 -17 53 -25 -59 59 -104 44 -5 8 -64 -74 -93 19 -101 
 -33 -33 33 -57 36 9 -11 7 57 -9 12 -9 43 57 61 -26 
-15 114 -15 51 -25 -59 53 -104 43 -5 13 -64 -74 -93 23 -104 
 -33 -33 34 -57 36 9 -17 7 53 -9 13 -9 43 57 55 -27 
-16 115 -15 51 -25 -59 53 -104 42 -5 6 -64 -75 -93 23 -104 
 -34 -31 34 -57 36 9 -17 7 55 -9 23 -9 40 57 55 -27 
-16 101 -15 47 -25 -59 57 -104 44 -5 6 -65 -75 -93 10 -104 
 -33 -35 34 -66 36 9 -17 7 57 -10 23 -9 40 57 50 -27 
-15 96 -15 47 -25 -59 60 -104 44 -4 6 -65 -75 -91 5 -105 
 -31 -47 34 -57 36 9 -22 7 57 -9 23 -9 40 53 51 -30 
-15 94 -15 51 -25 -59 63 -104 44 -16 6 -65 -75 -88 7 -107 
 -33 -53 34 -57 36 9 -27 7 57 3 23 -9 40 68 52 -37 
-15 94 -15 50 -29 -60 60 -104 44 -19 5 -65 -70 -89 6 -107 
 -33 -53 34 -53 37 13 -32 7 57 9 20 -9 48 63 43 -37 
-15 94 -15 59 -32 -62 75 -104 43 -19 5 -58 -70 -89 6 -107 
 -33 -54 34 -63 39 17 -29 7 53 9 20 -5 42 63 43 -37 
-15 84 -15 69 -33 -59 75 -103 44 -18 5 -57 -66 -89 6 -107 
 -33 -70 34 -60 37 29 -29 9 57 24 20 -7 40 63 56 -37 
-8 88 -25 75 -33 -61 75 -104 44 -26 7 -57 -68 -91 14 -110 
 -28 -64 37 -64 37 28 -29 11 57 17 20 -7 39 64 55 -35 
-13 87 -27 75 -36 -54 75 -104 55 -24 5 -59 -72 -97 16 -114 
 -24 -69 43 -64 37 35 -29 11 53 20 20 -6 51 73 67 -17 
-24 94 -27 75 -36 -51 76 -105 54 -19 5 -63 -73 -97 16 -109 
 -20 -71 43 -64 37 36 -29 11 47 17 20 -6 57 73 67 -27 
-13 101 -22 75 -36 -49 76 -103 54 -18 5 -64 -73 -97 15 -100 
 -24 -71 53 -64 37 32 -29 13 47 17 20 -7 57 73 71 -20 
-12 101 -21 75 -36 -49 76 -114 54 -15 5 -64 -73 -97 15 -99 
 -29 -71 61 -64 37 23 -29 18 47 14 20 -7 57 73 71 -16 
-13 101 -16 75 -35 -47 76 -114 46 -15 -10 -64 -69 -97 15 -91 
 -23 -71 66 -64 40 20 -29 13 43 14 12 -7 58 73 71 -24 
-12 101 -9 75 -35 -48 76 -103 44 -15 -15 -64 -64 -97 15 -93 
 -21 -71 63 -64 40 20 -29 11 47 14 7 -13 53 73 71 -23 
-6 97 -9 75 -35 -56 76 -108 42 -15 -15 -64 -64 -97 15 -93 
 -33 -71 63 -64 40 17 -29 6 56 14 7 -13 53 73 71 -23 
-6 92 -9 75 -35 -56 76 -107 40 -15 -15 -64 -69 -97 1 -93 
 -33 -82 63 -64 40 17 -29 3 46 14 7 -13 54 73 79 -23 
-6 103 -9 75 -35 -56 76 -107 46 -24 -15 -64 -68 -98 1 -93 
 -33 -77 63 -64 40 17 -29 3 43 16 7 -13 57 71 89 -23 
-7 105 -9 74 -35 -56 76 -107 46 -28 -15 -64 -64 -97 1 -93 
 -31 -68 63 -73 40 17 -29 3 43 18 7 -13 59 73 89 -22 
-7 106 -15 74 -35 -56 75 -107 46 -31 -15 -65 -60 -97 1 -92 
 -16 -71 61 -73 40 17 -29 3 43 30 7 -16 65 73 89 -8 
-9 100 -15 73 -31 -56 75 -105 46 -36 -11 -64 -53 -97 1 -87 
 -17 -54 60 -74 46 22 -29 3 43 28 0 -9 77 73 89 3 
-9 98 -15 65 -32 -54 75 -94 46 -56 -7 -64 -53 -97 1 -80 
 -17 -52 60 -73 42 27 -29 4 43 30 3 -9 77 87 89 1 
-8 94 -15 62 -35 -55 75 -98 46 -64 -7 -64 -59 -99 3 -76 
 -17 -53 60 -62 34 27 -29 4 43 28 3 -9 77 89 82 -3 
-9 94 -15 63 -35 -54 75 -95 49 -64 -7 -64 -65 -99 -5 -71 
 -17 -53 60 -67 34 23 -29 7 40 27 3 -9 76 89 88 -2 
-9 94 -15 63 -35 -54 75 -95 52 -64 -7 -64 -71 -99 -5 -64 
 -17 -53 60 -67 34 23 -29 7 45 27 3 -9 82 89 84 -7 
-8 94 -15 70 -36 -54 74 -92 67 -64 -5 -64 -74 -95 -6 -64 
 -21 -53 60 -72 37 23 -26 7 46 27 11 -9 82 87 71 -7 
0 94 -15 71 -36 -54 75 -107 72 -63 -2 -64 -83 -99 -13 -64 
 -25 -53 60 -77 37 23 -24 4 46 27 10 -9 74 89 77 -7 
12 93 -15 71 -36 -54 75 -107 76 -61 -4 -75 -70 -99 -13 -66 
 -23 -53 60 -77 37 23 -24 3 53 23 7 -6 67 89 77 -13 
9 95 -1 71 -36 -54 75 -107 76 -55 -4 -75 -59 -99 -13 -66 
 -24 -49 62 -77 37 23 -24 3 53 27 7 -6 64 89 77 -13 
3 96 7 71 -36 -54 75 -102 76 -55 -5 -76 -64 -99 -13 -66 
 -31 -49 62 -77 37 23 -24 6 53 27 11 -6 67 89 77 -13 
7 96 9 71 -36 -54 75 -107 76 -55 -13 -75 -64 -99 -13 -66 
 -33 -49 60 -77 37 23 -24 3 53 27 16 -6 67 89 77 -13 
11 95 5 71 -36 -54 81 -107 76 -45 -5 -75 -64 -99 -13 -66 
 -22 -49 60 -77 37 23 -16 3 53 34 16 -6 67 89 77 -13 
16 97 5 71 -36 -54 85 -107 80 -45 -5 -75 -66 -99 -13 -66 
 -25 -50 60 -77 37 26 -13 3 60 31 16 -6 65 89 77 -13 
15 95 5 71 -36 -59 76 -107 86 -44 -5 -75 -70 -99 -13 -66 
 -29 -50 60 -77 37 21 -17 3 63 27 16 -6 62 89 77 -13 
16 96 5 71 -36 -55 71 -107 86 -41 -7 -75 -62 -99 -13 -66 
 -29 -53 60 -77 37 27 -26 3 63 22 18 -6 69 89 77 -13 
15 96 10 71 -36 -55 62 -107 86 -45 -4 -75 -64 -99 -13 -66 
 -29 -53 38 -77 37 27 -33 3 63 16 13 -6 71 89 77 -13 
3 93 6 74 -36 -55 68 -104 86 -41 -4 -75 -65 -99 -13 -60 
 -27 -57 36 -72 37 27 -35 7 63 15 13 -6 71 89 77 -13 
3 93 -1 74 -36 -47 65 -104 86 -45 -4 -75 -64 -99 -13 -57 
 -27 -57 40 -73 37 32 -40 7 63 16 13 -6 71 89 77 -19 
3 93 -1 74 -36 -58 65 -104 75 -45 -4 -75 -64 -99 -13 -48 
 -27 -57 40 -73 37 35 -40 7 72 16 13 -13 71 89 77 -23 
5 93 4 76 -42 -57 65 -104 75 -45 -4 -82 -64 -99 -13 -44 
 -26 -57 38 -79 30 33 -40 7 71 16 14 -11 71 88 77 -27 
5 93 5 76 -40 -54 65 -104 73 -54 -17 -79 -65 -108 -13 -44 
 -26 -57 30 -89 30 43 -40 7 71 9 13 -11 71 88 77 -27 
5 93 1 76 -36 -55 65 -104 64 -55 -8 -79 -65 -110 -13 -44 
 -26 -57 23 -89 38 43 -40 7 77 7 18 -11 71 89 77 -27 
5 93 -12 76 -37 -57 64 -104 61 -55 -14 -79 -65 -114 -13 -44 
 -26 -57 28 -89 33 59 -43 7 73 7 19 -11 71 90 77 -27 
7 93 -17 78 -37 -54 64 -106 60 -55 -15 -69 -64 -109 -13 -44 
 -22 -57 31 -88 33 63 -43 7 78 7 14 -21 71 83 77 -27 
12 93 -15 75 -39 -54 64 -106 66 -55 -19 -65 -64 -109 -13 -44 
 -27 -57 29 -89 30 63 -43 7 76 7 14 -24 71 83 77 -27 
4 93 -13 75 -43 -59 68 -106 76 -55 -24 -58 -64 -109 -13 -44 
 -27 -57 27 -89 36 69 -39 7 81 7 27 -29 71 83 77 -27 
3 95 -14 71 -46 -59 76 -106 73 -55 -24 -65 -65 -109 -15 -44 
 -27 -56 23 -86 35 69 -40 7 83 7 27 -24 71 83 74 -27 
3 104 -14 65 -47 -59 85 -106 71 -57 -24 -65 -64 -109 -13 -44 
 -27 -54 23 -93 43 69 -40 7 81 10 27 -24 71 83 64 -27 
3 104 -14 65 -47 -59 91 -106 67 -64 -24 -65 -65 -109 -15 -44 
 -27 -50 23 -86 43 69 -35 7 77 7 31 -24 71 83 60 -27 
3 106 -14 65 -47 -59 91 -104 67 -64 -24 -65 -62 -109 -15 -42 
 -27 -46 23 -86 43 69 -33 6 77 7 31 -24 65 83 60 -30 
3 100 -14 65 -47 -59 91 -97 67 -65 -25 -69 -64 -109 -15 -46 
 -27 -47 23 -86 43 69 -33 3 77 16 31 -22 67 83 60 -33 
-4 101 -5 65 -47 -59 90 -91 71 -65 -21 -63 -64 -109 -15 -46 
 -27 -45 23 -86 43 69 -34 1 75 16 27 -22 67 83 60 -33 
-4 97 4 65 -47 -57 85 -75 62 -66 -19 -64 -64 -109 -15 -46 
 -27 -37 19 -86 43 73 -37 1 81 23 17 -29 67 83 60 -33 
-4 98 -11 65 -47 -64 86 -75 56 -74 -16 -65 -63 -119 -15 -46 
 -27 -38 31 -86 43 71 -37 7 82 32 17 -29 68 89 60 -33 
-5 105 -15 64 -47 -65 86 -72 51 -68 -16 -62 -70 -117 -15 -46 
 -24 -46 27 -88 43 71 -37 5 83 32 17 -30 72 93 60 -33 
-5 105 -15 63 -44 -65 86 -84 64 -67 -16 -64 -73 -117 -15 -46 
 -24 -46 27 -82 38 71 -37 13 79 26 17 -33 65 93 60 -33 
-5 105 -15 70 -39 -65 86 -84 53 -67 -18 -64 -67 -117 -13 -46 
 -24 -46 27 -76 29 71 -37 13 71 23 21 -33 40 93 57 -33 
-11 105 -21 69 -39 -69 86 -84 55 -67 -23 -64 -71 -116 -14 -46 
 -14 -46 29 -73 29 63 -37 13 71 23 22 -33 38 97 65 -33 
-9 105 -17 77 -38 -74 95 -84 55 -67 -23 -64 -73 -116 -15 -46 
 -17 -46 33 -71 31 63 -38 13 71 23 22 -33 37 97 67 -33 
-9 105 -17 76 -39 -74 97 -84 55 -65 -20 -64 -73 -118 -15 -50 
 -17 -46 33 -69 29 63 -29 13 71 20 31 -33 37 95 67 -32 
-9 105 -17 68 -39 -75 94 -84 56 -73 -15 -64 -73 -116 -15 -47 
 -17 -46 33 -67 29 63 -33 13 71 34 20 -33 37 97 67 -37 
-9 105 -24 73 -39 -74 94 -84 56 -74 -15 -64 -73 -113 -15 -47 
 -17 -46 37 -59 29 63 -33 13 71 34 20 -33 37 96 67 -37 
-9 105 -16 71 -39 -74 94 -84 55 -71 -15 -64 -76 -125 -15 -47 
 -17 -46 37 -63 29 63 -33 13 71 24 20 -33 34 108 67 -37 
-9 105 -16 75 -39 -74 94 -84 52 -73 -15 -59 -77 -125 -15 -47 
 -17 -46 37 -64 29 63 -33 13 71 17 20 -37 33 111 67 -37 
-9 105 -16 82 -44 -74 94 -84 66 -73 -17 -52 -77 -125 -19 -47 
 -17 -46 37 -62 31 63 -33 13 71 17 24 -35 33 111 69 -37 
-9 104 -15 88 -44 -74 94 -85 72 -73 -22 -55 -77 -125 -15 -47 
 -17 -43 34 -65 33 63 -33 16 67 17 27 -33 33 111 60 -37 
-9 104 -15 83 -44 -76 94 -85 65 -73 -19 -55 -77 -124 -19 -47 
 -17 -43 34 -76 33 59 -33 16 60 17 30 -33 33 111 51 -37 
-9 104 -15 89 -44 -92 93 -92 65 -71 -23 -59 -77 -125 -16 -46 
 -17 -43 34 -76 31 52 -23 8 60 17 22 -40 33 111 50 -33 
-13 104 -17 86 -44 -92 95 -95 65 -70 -19 -65 -77 -125 -22 -46 
 -23 -43 32 -77 31 58 -24 7 60 16 9 -42 33 111 51 -33 
-13 104 -15 86 -44 -86 95 -95 65 -71 -19 -71 -77 -125 -24 -46 
 -23 -43 34 -77 31 57 -24 7 60 14 9 -44 33 111 53 -33 
-13 104 -22 86 -37 -83 95 -95 65 -81 -19 -64 -76 -124 -24 -48 
 -23 -43 27 -77 33 57 -24 7 60 11 9 -49 36 107 53 -30 
-13 107 -14 76 -37 -79 95 -95 66 -75 -19 -65 -75 -124 -24 -47 
 -23 -45 23 -89 33 56 -24 7 74 14 9 -49 40 107 53 -37 
-15 114 -21 76 -37 -77 97 -96 64 -75 -19 -65 -76 -124 -24 -47 
 -13 -42 9 -89 33 46 -26 8 72 14 9 -49 37 107 53 -37 
-15 115 -24 75 -37 -66 101 -86 59 -75 -22 -69 -76 -124 -24 -47 
 -13 -44 11 -89 33 52 -23 7 68 14 8 -46 37 107 53 -37 
-15 115 -24 75 -37 -73 105 -81 60 -75 -23 -61 -76 -124 -24 -47 
 -13 -44 11 -89 33 47 -20 12 64 14 7 -44 37 107 53 -37 
-15 115 -25 76 -38 -88 105 -78 61 -75 -26 -61 -73 -124 -24 -47 
 -13 -44 11 -89 27 42 -20 4 69 14 7 -50 27 107 53 -37 
-15 115 -25 76 -39 -77 105 -87 62 -75 -29 -64 -66 -126 -24 -49 
 -13 -44 11 -89 24 47 -20 -9 62 14 1 -42 39 108 53 -38 
-15 115 -24 75 -46 -74 105 -75 64 -75 -29 -60 -58 -124 -24 -47 
 -13 -44 11 -89 27 43 -20 -5 57 14 3 -44 31 107 53 -37 
-15 115 -24 77 -46 -74 105 -73 64 -75 -29 -57 -57 -124 -25 -47 
 -13 -44 13 -85 27 43 -20 -3 57 14 3 -55 33 107 51 -37 
-15 115 -24 69 -46 -76 105 -83 64 -75 -29 -59 -58 -124 -25 -47 
 -13 -44 13 -76 27 43 -20 -3 57 14 3 -65 34 107 54 -37 
-19 115 -24 66 -45 -73 105 -92 64 -75 -29 -65 -57 -124 -26 -47 
 -11 -44 13 -77 26 37 -20 -2 57 14 3 -57 33 107 47 -37 
-19 115 -24 53 -47 -73 100 -95 65 -75 -29 -56 -57 -124 -26 -54 
 -11 -44 13 -78 23 37 -23 0 57 14 3 -63 33 107 47 -37 
-19 115 -25 67 -47 -73 110 -95 74 -75 -29 -56 -57 -124 -26 -54 
 -14 -44 13 -76 25 37 -19 0 48 14 3 -63 33 107 47 -37 
-27 115 -24 77 -49 -73 105 -92 63 -75 -29 -57 -65 -124 -26 -54 
 -17 -44 11 -80 28 37 -20 -7 53 14 3 -63 31 107 47 -37 
-27 115 -24 72 -64 -73 105 -105 63 -75 -29 -56 -64 -122 -25 -54 
 -17 -44 13 -73 17 37 -20 -9 53 14 3 -59 31 108 45 -37 
-26 115 -23 65 -55 -73 98 -104 63 -78 -25 -54 -73 -119 -26 -55 
 -18 -44 15 -73 14 37 -16 -9 53 10 1 -57 34 89 47 -27 
-25 115 -9 65 -55 -70 91 -105 63 -66 -16 -54 -71 -119 -26 -43 
 -24 -50 23 -73 14 39 -14 -9 53 4 -3 -57 32 89 47 -31 
-21 116 -7 65 -55 -73 96 -105 63 -56 -16 -53 -62 -119 -26 -35 
 -27 -49 23 -73 14 32 -13 -9 53 11 -3 -56 34 89 47 -40 
-19 117 -7 65 -55 -71 96 -105 63 -59 -16 -45 -64 -118 -23 -35 
 -20 -45 23 -73 14 31 -13 -9 53 9 -2 -55 33 80 48 -40 
-22 112 -9 65 -55 -64 96 -102 65 -59 -16 -46 -69 -117 -27 -39 
 -22 -45 23 -73 14 31 -13 -16 48 9 -3 -53 34 73 43 -38 
-13 127 -15 57 -55 -50 96 -95 62 -59 -16 -40 -76 -117 -27 -40 
 -23 -48 27 -80 14 27 -13 -20 48 9 -3 -57 27 75 43 -25 
-14 125 -15 42 -55 -46 96 -93 66 -59 -20 -34 -85 -114 -27 -32 
 -21 -40 27 -73 14 27 -13 -17 41 9 -5 -57 31 73 43 -33 
-13 125 -19 25 -55 -46 96 -88 71 -59 -20 -34 -80 -117 -31 -39 
 -23 -40 16 -73 14 27 -13 -10 43 9 -11 -57 31 73 46 -48 
-13 124 -14 25 -55 -54 93 -90 71 -59 -24 -34 -85 -117 -25 -44 
 -23 -43 18 -73 14 30 -7 2 43 9 -9 -57 36 73 51 -47 
-21 124 -17 25 -55 -46 88 -85 71 -59 -24 -34 -86 -117 -25 -44 
 -29 -43 19 -73 14 30 -18 -4 43 9 -9 -57 36 73 51 -47 
-22 124 -13 25 -55 -46 85 -86 71 -59 -24 -44 -90 -117 -25 -44 
 -34 -43 17 -73 14 27 -27 -2 43 9 -9 -63 30 73 51 -47 
-22 124 -13 25 -55 -46 93 -94 68 -59 -24 -41 -84 -117 -25 -47 
 -40 -42 17 -73 14 27 -17 3 45 9 -7 -66 47 73 51 -52 
-25 124 -13 25 -55 -44 93 -94 71 -59 -24 -38 -79 -117 -25 -46 
 -44 -43 17 -73 14 27 -17 3 43 9 -7 -63 54 73 51 -53 
-25 126 -7 26 -62 -44 93 -98 65 -59 -24 -36 -90 -117 -25 -46 
 -44 -57 11 -72 7 27 -17 13 47 9 -7 -63 41 73 51 -53 
-24 126 -5 24 -71 -40 85 -96 65 -59 -24 -48 -93 -117 -24 -46 
 -53 -57 11 -64 11 26 -21 17 47 9 -7 -64 37 73 51 -53 
-24 126 -4 25 -59 -36 84 -95 65 -52 -24 -47 -93 -117 -24 -52 
 -53 -57 12 -66 9 22 -23 20 47 4 -7 -64 37 73 51 -63 
-24 120 -6 16 -59 -29 84 -98 65 -53 -24 -45 -93 -120 -25 -55 
 -53 -58 18 -69 9 23 -23 11 47 0 -7 -64 37 70 51 -66 
-24 124 -7 16 -59 -29 84 -103 74 -54 -24 -46 -93 -120 -25 -55 
 -53 -56 23 -69 9 23 -23 4 47 3 -7 -64 37 69 51 -66 
-24 116 -7 16 -59 -29 85 -114 74 -42 -28 -45 -93 -117 -25 -55 
 -53 -66 23 -69 9 23 -20 2 47 8 0 -64 37 61 51 -66 
-24 116 -13 15 -59 -29 85 -114 74 -48 -22 -45 -93 -111 -33 -55 
 -53 -67 29 -69 9 23 -20 3 47 10 5 -57 37 57 55 -66 
-24 116 -15 15 -59 -27 85 -114 74 -44 -32 -47 -93 -124 -37 -55 
 -53 -69 27 -69 9 27 -20 3 47 13 4 -57 37 46 53 -66 
-24 116 -15 15 -59 -22 87 -114 74 -44 -29 -47 -93 -125 -37 -52 
 -53 -69 27 -69 9 19 -22 3 47 13 3 -57 37 55 53 -73 
-24 116 -15 15 -61 -15 84 -114 71 -44 -29 -47 -93 -123 -37 -51 
 -53 -69 20 -69 6 14 -23 3 40 13 3 -57 37 54 53 -78 
-24 116 -15 15 -65 -17 81 -114 76 -44 -29 -47 -93 -132 -29 -52 
 -53 -69 20 -69 10 13 -31 3 38 13 3 -57 37 44 60 -66 
-24 116 -12 15 -63 -17 81 -114 75 -44 -29 -47 -93 -145 -37 -56 
 -53 -69 34 -69 -3 13 -31 3 36 13 3 -57 37 42 63 -63 
-24 109 -4 15 -67 -21 81 -114 75 -44 -29 -59 -93 -152 -50 -57 
 -53 -65 33 -69 -5 13 -31 3 36 11 3 -54 37 35 57 -67 
-24 115 -5 15 -70 -24 81 -114 76 -44 -32 -64 -93 -155 -55 -57 
 -53 -67 37 -69 -6 13 -31 3 35 11 12 -48 37 34 60 -67 
-22 116 -2 15 -68 -26 81 -122 75 -44 -25 -55 -93 -155 -56 -57 
 -52 -67 32 -69 1 7 -31 -5 36 11 14 -51 37 34 57 -67 
-24 116 -15 15 -67 -29 81 -116 68 -44 -22 -52 -93 -155 -56 -57 
 -52 -67 27 -69 3 8 -31 -7 30 11 8 -37 37 34 57 -67 
-24 119 -15 15 -67 -31 81 -125 61 -44 -19 -63 -93 -155 -56 -57 
 -53 -78 27 -69 3 16 -31 -6 41 11 7 -45 37 34 57 -67 
-26 116 -15 15 -67 -18 85 -125 55 -44 -24 -57 -98 -155 -56 -47 
 -53 -73 27 -69 3 20 -40 -4 40 11 13 -47 23 34 57 -71 
-26 116 -15 15 -67 -23 87 -125 52 -44 -24 -57 -109 -155 -56 -53 
 -53 -73 27 -69 3 6 -43 -4 51 11 13 -47 23 34 57 -75 
-23 116 -15 15 -75 -26 87 -125 53 -44 -24 -57 -109 -155 -56 -46 
 -54 -73 27 -67 0 7 -43 -4 47 11 13 -47 23 34 57 -86 
-25 116 -15 16 -75 -27 85 -125 54 -45 -24 -57 -109 -154 -56 -50 
 -66 -73 26 -69 0 3 -46 -4 47 11 13 -47 23 27 57 -81 
-26 116 -15 16 -75 -27 85 -121 44 -45 -24 -57 -109 -165 -56 -54 
 -73 -73 27 -69 0 3 -46 -14 50 16 13 -47 23 31 57 -77 
-26 116 -15 16 -75 -27 85 -124 39 -45 -24 -57 -109 -165 -56 -54 
 -73 -73 32 -72 0 3 -46 -14 54 16 13 -47 23 31 57 -77 
-26 107 -24 5 -75 -27 90 -124 36 -52 -25 -57 -109 -169 -56 -54 
 -73 -75 33 -66 0 3 -51 -13 51 22 11 -47 23 30 57 -77 
-24 105 -20 5 -75 -27 83 -124 36 -52 -25 -58 -109 -176 -56 -46 
 -74 -73 41 -66 0 3 -60 -13 51 19 11 -44 23 29 57 -73 
-24 105 -19 5 -82 -27 75 -124 35 -54 -36 -57 -109 -172 -56 -48 
 -69 -73 41 -66 0 3 -64 -13 51 23 12 -47 18 23 57 -64 
-24 104 -19 5 -89 -27 75 -124 35 -60 -36 -57 -113 -175 -56 -44 
 -69 -71 43 -66 3 3 -64 -13 51 27 10 -47 17 20 57 -67 
-24 117 -21 5 -89 -27 75 -124 35 -66 -35 -57 -113 -175 -56 -44 
 -69 -79 43 -66 3 3 -64 -13 51 27 7 -47 17 20 57 -67 
-24 112 -34 5 -89 -32 75 -124 36 -66 -35 -56 -113 -175 -56 -44 
 -69 -70 43 -66 3 8 -64 -13 54 27 7 -46 17 20 57 -67 
-24 115 -33 6 -89 -39 75 -124 34 -61 -35 -54 -113 -175 -56 -44 
 -69 -69 46 -57 3 9 -62 -13 47 28 7 -43 17 20 57 -67 
-24 115 -29 0 -89 -41 57 -124 34 -63 -35 -54 -113 -175 -57 -44 
 -69 -69 45 -59 3 9 -62 -13 47 19 7 -37 17 20 53 -67 
-23 116 -31 8 -89 -39 63 -124 34 -56 -35 -54 -115 -175 -57 -44 
 -70 -69 51 -51 3 9 -65 -13 47 17 7 -37 14 20 53 -67 
-25 115 -36 15 -86 -39 58 -124 34 -56 -35 -54 -123 -175 -57 -44 
 -69 -64 62 -45 3 9 -59 -13 47 17 7 -37 10 20 53 -67 
-21 121 -43 17 -76 -39 55 -124 27 -56 -27 -58 -112 -175 -57 -44 
 -66 -67 59 -51 -8 9 -64 -13 37 17 7 -40 6 20 53 -67 
-21 120 -45 15 -68 -39 55 -124 27 -53 -26 -63 -107 -176 -57 -44 
 -67 -72 59 -49 2 9 -64 -13 37 19 7 -42 3 17 53 -67 
-24 114 -52 16 -69 -39 55 -124 27 -54 -25 -55 -107 -176 -57 -44 
 -66 -76 58 -49 3 9 -61 -13 37 23 11 -40 3 17 53 -67 
-25 114 -46 5 -69 -39 60 -124 28 -55 -24 -59 -107 -176 -57 -44 
 -69 -73 63 -53 3 9 -54 -13 32 23 11 -38 3 17 53 -67 
-25 114 -41 5 -69 -39 63 -124 37 -55 -24 -65 -107 -176 -57 -47 
 -69 -73 55 -53 3 9 -54 -13 39 20 11 -44 3 17 53 -75 
-24 120 -41 5 -73 -39 54 -124 39 -55 -24 -68 -107 -176 -57 -54 
 -69 -73 53 -53 0 9 -53 -13 40 20 13 -49 3 17 53 -77 
-24 121 -50 5 -81 -39 54 -124 48 -52 -24 -68 -107 -176 -54 -54 
 -69 -76 56 -53 3 9 -53 -13 40 17 13 -54 3 17 49 -77 
-24 118 -52 5 -84 -39 54 -124 55 -53 -24 -71 -109 -176 -55 -54 
 -69 -77 48 -53 12 9 -53 -13 51 17 13 -52 3 17 46 -77 
-24 120 -49 5 -88 -39 54 -124 55 -53 -32 -67 -115 -177 -56 -54 
 -69 -79 43 -53 3 9 -53 -13 51 17 1 -57 0 13 37 -77 
-7 123 -52 5 -92 -35 54 -119 54 -54 -28 -65 -115 -179 -58 -53 
 -74 -76 39 -53 4 13 -53 -11 49 25 0 -56 0 20 37 -78 
-10 126 -45 4 -87 -46 54 -119 56 -52 -29 -58 -111 -165 -55 -59 
 -74 -77 36 -52 3 -2 -53 -11 47 34 3 -63 1 27 34 -78 
-15 126 -45 5 -87 -49 54 -119 56 -44 -29 -53 -116 -160 -55 -50 
 -73 -77 36 -52 3 -20 -53 -11 47 31 3 -71 -3 29 34 -83 
-15 123 -35 -5 -73 -47 54 -119 56 -49 -34 -62 -116 -158 -56 -44 
 -73 -62 40 -64 7 -17 -53 -11 47 27 3 -77 -3 35 32 -89 
-15 131 -41 -5 -83 -47 54 -119 56 -44 -32 -71 -116 -136 -57 -44 
 -73 -57 44 -64 9 -17 -53 -11 47 33 2 -62 -3 40 33 -89 
-15 131 -49 -5 -80 -47 60 -119 56 -47 -43 -73 -116 -135 -57 -44 
 -73 -56 43 -64 4 -17 -54 -11 47 31 4 -63 -3 40 33 -87 
-15 134 -49 -11 -74 -47 63 -119 56 -51 -36 -64 -116 -135 -64 -50 
 -73 -53 43 -51 3 -17 -67 -11 47 28 10 -67 -3 40 31 -91 
-15 134 -51 -1 -74 -47 63 -119 56 -37 -42 -64 -116 -135 -65 -55 
 -73 -53 40 -42 3 -17 -67 -11 47 35 -2 -69 -3 40 31 -99 
-15 142 -49 7 -74 -47 63 -119 54 -24 -45 -64 -116 -135 -65 -58 
 -73 -52 43 -43 3 -17 -67 -11 47 33 7 -69 -3 40 31 -105 
-23 145 -49 12 -74 -47 63 -119 54 -24 -42 -79 -116 -135 -65 -47 
 -61 -53 43 -42 3 -17 -67 -11 47 33 5 -75 -3 40 36 -110 
-18 145 -47 7 -78 -54 63 -119 54 -24 -47 -75 -116 -135 -65 -44 
 -60 -53 43 -43 4 -17 -67 -11 47 33 4 -86 -3 40 36 -109 
-22 145 -47 19 -77 -54 63 -119 54 -24 -49 -76 -116 -130 -65 -45 
 -60 -53 43 -40 19 -17 -67 -11 50 33 3 -94 -3 42 36 -109 
-24 145 -47 29 -75 -54 65 -119 47 -24 -49 -81 -116 -125 -65 -44 
 -53 -53 43 -41 20 -17 -66 -11 57 33 3 -90 -1 34 36 -109 
-24 145 -49 35 -76 -54 66 -119 47 -24 -51 -87 -106 -125 -75 -38 
 -53 -53 43 -49 17 -17 -66 -11 57 33 6 -96 -5 36 40 -110 
-24 145 -49 36 -76 -58 65 -117 47 -24 -54 -87 -103 -124 -75 -45 
 -53 -53 41 -49 17 -8 -66 -7 57 33 5 -97 7 34 40 -109 
-24 145 -56 36 -76 -59 65 -119 47 -25 -54 -87 -106 -126 -75 -45 
 -53 -53 40 -49 17 -11 -66 -8 57 36 3 -97 7 32 40 -109 
-24 145 -51 35 -76 -59 65 -117 47 -25 -54 -89 -104 -124 -78 -40 
 -53 -53 45 -49 17 -11 -66 -7 57 36 3 -97 11 33 37 -119 
-24 145 -43 35 -75 -59 71 -117 47 -35 -55 -89 -93 -120 -56 -46 
 -53 -52 43 -49 14 -11 -64 -7 57 27 0 -97 15 33 41 -113 
-24 144 -45 36 -75 -58 73 -117 47 -35 -57 -91 -97 -117 -58 -39 
 -53 -49 56 -49 14 -14 -57 -7 57 27 -6 -98 15 24 39 -111 
-26 140 -44 36 -77 -70 73 -117 47 -35 -55 -92 -81 -109 -56 -39 
 -53 -47 47 -47 12 -4 -57 -7 57 27 -6 -91 15 23 37 -111 
-26 141 -44 36 -85 -73 76 -117 45 -35 -55 -92 -79 -121 -56 -36 
 -53 -51 47 -47 16 -3 -59 -7 60 27 -6 -98 25 27 37 -106 
-26 141 -44 36 -85 -73 86 -117 45 -39 -55 -89 -90 -125 -56 -31 
 -53 -51 47 -47 16 -17 -63 -7 60 36 -6 -97 17 24 37 -105 
-24 141 -39 32 -87 -87 91 -117 45 -45 -60 -92 -93 -136 -56 -26 
 -53 -51 48 -46 18 -21 -60 -7 60 36 -5 -95 17 10 37 -113 
-24 141 -32 27 -87 -84 95 -117 45 -39 -51 -88 -93 -135 -56 -26 
 -53 -51 48 -49 23 -27 -64 -7 60 40 -4 -96 17 7 37 -113 
-24 141 -21 33 -87 -84 95 -117 46 -34 -49 -84 -93 -135 -56 -26 
 -53 -51 49 -46 23 -27 -64 -7 64 43 -10 -89 17 7 37 -113 
-29 141 -25 34 -87 -84 88 -117 51 -34 -55 -84 -93 -135 -51 -26 
 -59 -51 51 -51 23 -27 -58 -7 63 43 -6 -89 17 7 43 -113 
-37 141 -25 36 -99 -84 85 -124 51 -34 -59 -81 -91 -140 -46 -26 
 -67 -51 51 -53 26 -27 -53 -9 63 43 -13 -90 15 13 55 -113 
-37 141 -25 36 -99 -84 85 -124 51 -34 -62 -86 -93 -132 -52 -26 
 -67 -51 51 -53 28 -27 -53 -9 63 43 -10 -91 17 2 41 -113 
-39 141 -25 36 -94 -84 85 -124 51 -35 -54 -85 -93 -139 -47 -26 
 -65 -51 51 -53 19 -27 -53 -9 63 40 -11 -84 17 4 43 -113 
-40 141 -25 33 -96 -86 91 -124 51 -35 -55 -85 -93 -136 -47 -26 
 -65 -51 51 -52 17 -21 -51 -9 63 40 -9 -84 17 0 43 -113 
-37 141 -25 34 -96 -90 88 -124 51 -46 -48 -85 -75 -133 -47 -25 
 -67 -51 51 -53 17 -30 -45 -9 63 40 -10 -84 14 -3 43 -111 
-37 141 -24 36 -96 -85 89 -106 51 -52 -56 -83 -75 -135 -45 -17 
 -67 -51 51 -53 17 -29 -47 -13 63 41 -7 -84 14 0 43 -110 
-35 141 -24 35 -97 -85 82 -103 51 -47 -53 -85 -68 -135 -45 -15 
 -75 -51 51 -40 17 -29 -49 -11 63 43 -3 -84 11 0 43 -113 
-34 141 -18 45 -106 -84 85 -105 57 -47 -51 -85 -66 -140 -44 -15 
 -77 -51 49 -36 25 -29 -46 -10 66 43 -4 -84 7 8 47 -113 
-38 141 -24 45 -108 -84 85 -109 64 -47 -55 -81 -68 -153 -44 -10 
 -79 -51 53 -33 33 -29 -46 -17 64 43 0 -81 8 3 47 -115 
-37 141 -24 45 -106 -84 75 -109 56 -47 -55 -85 -71 -164 -40 -4 
 -87 -51 53 -33 46 -29 -33 -17 60 43 0 -83 5 1 45 -113 
-37 141 -34 46 -104 -84 74 -105 63 -47 -55 -84 -74 -154 -37 -7 
 -87 -51 51 -37 47 -29 -33 -24 48 43 0 -87 15 5 47 -109 
-37 135 -36 38 -104 -85 74 -105 55 -47 -55 -84 -73 -145 -35 -10 
 -87 -60 53 -32 47 -29 -33 -24 44 43 0 -87 17 5 47 -93 
-37 136 -35 41 -100 -88 74 -105 56 -47 -55 -85 -74 -143 -38 -9 
 -87 -66 54 -31 52 -21 -33 -24 47 43 0 -89 17 9 49 -97 
-37 136 -35 41 -96 -92 75 -105 56 -46 -55 -91 -73 -149 -35 -9 
 -87 -67 54 -31 57 -7 -30 -24 47 47 0 -91 17 13 47 -97 
-37 136 -35 41 -96 -88 76 -105 56 -45 -55 -87 -73 -146 -35 -9 
 -87 -67 54 -31 57 -7 -29 -24 47 51 0 -86 17 7 48 -97 
-37 136 -35 40 -91 -87 83 -106 56 -44 -56 -84 -75 -146 -29 -20 
 -87 -67 54 -40 63 3 -33 -27 47 51 -3 -86 20 7 43 -99 
-37 136 -35 51 -75 -87 89 -116 66 -39 -56 -84 -75 -146 -43 -25 
 -87 -67 54 -37 63 3 -30 -29 50 49 -3 -93 20 7 43 -104 
-37 136 -35 51 -67 -88 94 -110 56 -39 -56 -84 -75 -146 -39 -25 
 -87 -67 54 -37 65 3 -34 -35 51 49 -3 -93 20 7 35 -104 
-37 136 -35 52 -67 -92 107 -108 55 -33 -56 -84 -78 -146 -49 -25 
 -87 -67 54 -36 63 1 -39 -39 51 57 -3 -93 24 7 32 -104 
-37 140 -35 57 -64 -95 106 -107 56 -29 -55 -84 -77 -147 -59 -25 
 -87 -66 54 -36 67 0 -37 -37 51 56 -3 -87 32 6 49 -104 
-35 141 -35 58 -64 -95 106 -107 56 -49 -56 -84 -73 -146 -59 -25 
 -93 -54 54 -38 67 0 -37 -37 51 54 -3 -87 37 7 49 -104 
-35 146 -33 64 -64 -95 113 -107 51 -55 -56 -84 -73 -146 -59 -25 
 -93 -57 60 -34 67 0 -42 -37 43 51 -3 -86 37 6 49 -104 
-35 146 -33 65 -64 -96 120 -105 51 -65 -55 -84 -73 -146 -59 -20 
 -86 -57 51 -33 67 3 -45 -39 43 51 -20 -87 37 7 49 -91 
-35 146 -29 65 -64 -96 123 -105 54 -65 -55 -84 -73 -146 -59 -24 
 -86 -57 51 -33 67 0 -47 -41 38 51 -20 -87 37 7 49 -89 
-35 146 -29 69 -64 -96 123 -101 56 -65 -55 -84 -73 -146 -55 -27 
 -86 -57 43 -39 67 -3 -47 -42 41 51 -20 -87 37 7 47 -92 
-35 146 -31 70 -64 -96 118 -102 71 -65 -55 -84 -79 -146 -55 -27 
 -86 -57 43 -35 67 -3 -49 -38 50 51 -20 -87 29 7 47 -97 
-35 146 -33 71 -64 -96 118 -105 63 -64 -55 -84 -79 -146 -55 -27 
 -86 -57 37 -37 67 -3 -51 -29 61 51 -20 -87 29 7 47 -97 
-37 146 -30 65 -63 -96 102 -104 65 -64 -55 -84 -79 -144 -55 -27 
 -87 -57 37 -35 69 -3 -55 -29 74 47 -20 -87 29 8 47 -97 
-37 141 -22 66 -66 -96 101 -104 65 -64 -55 -84 -79 -145 -59 -27 
 -87 -50 48 -38 67 -3 -64 -29 74 47 -20 -87 29 11 47 -97 
-37 137 -13 66 -66 -96 100 -104 65 -64 -55 -84 -79 -145 -55 -24 
 -87 -52 37 -37 67 -3 -55 -29 74 47 -20 -87 29 11 57 -102 
-37 133 -13 65 -66 -96 97 -104 65 -64 -54 -84 -79 -145 -46 -24 
 -87 -57 37 -33 67 -3 -71 -29 74 47 -17 -87 34 11 58 -104 
-37 133 -13 65 -64 -96 97 -115 65 -64 -54 -83 -76 -145 -49 -25 
 -87 -57 37 -33 59 -3 -84 -32 74 47 -17 -88 36 11 63 -104 
-37 133 -13 67 -56 -96 96 -105 65 -70 -55 -84 -78 -145 -49 -32 
 -87 -57 37 -33 64 -3 -87 -24 74 42 -20 -89 22 11 63 -96 
-37 129 -13 61 -60 -96 96 -105 65 -75 -55 -84 -71 -144 -54 -23 
 -87 -63 37 -40 56 -3 -87 -24 74 47 -20 -83 14 11 55 -102 
-37 133 -9 60 -56 -96 92 -105 65 -76 -55 -78 -69 -145 -59 -35 
 -87 -57 31 -33 56 -3 -78 -24 74 50 -20 -76 23 11 53 -98 
-44 133 -32 56 -66 -96 87 -105 68 -74 -54 -86 -69 -145 -57 -35 
 -87 -57 31 -33 52 -3 -73 -24 83 44 -27 -73 23 11 53 -100 
-44 133 -29 56 -75 -96 85 -105 61 -74 -55 -86 -69 -145 -57 -35 
 -87 -57 32 -33 50 -3 -73 -24 89 43 -26 -73 23 11 53 -100 
-44 134 -31 56 -87 -93 85 -105 64 -74 -55 -86 -69 -145 -59 -37 
 -87 -58 34 -33 43 -3 -73 -24 88 43 -26 -73 23 11 54 -97 
-44 124 -39 56 -87 -93 85 -105 54 -74 -55 -84 -69 -144 -65 -43 
 -87 -63 21 -33 43 -3 -73 -24 87 43 -26 -77 23 11 51 -98 
-51 124 -32 56 -87 -93 85 -108 54 -74 -57 -83 -69 -144 -65 -42 
 -85 -63 11 -33 43 -3 -73 -18 87 43 -27 -76 23 11 51 -91 
-44 128 -21 57 -87 -93 85 -104 54 -74 -57 -91 -69 -150 -64 -38 
 -81 -67 24 -31 43 -3 -73 -27 87 43 -27 -66 23 10 50 -91 
-41 132 -15 46 -87 -84 85 -104 54 -73 -57 -91 -69 -139 -59 -39 
 -74 -72 34 -34 43 -9 -73 -27 87 37 -27 -65 23 9 30 -97 
-36 129 -15 46 -85 -84 85 -104 54 -70 -57 -87 -69 -136 -60 -45 
 -83 -70 34 -38 36 -9 -73 -27 87 38 -27 -71 23 4 28 -89 
-36 127 -15 46 -91 -84 85 -104 54 -66 -55 -92 -69 -139 -57 -45 
 -83 -68 34 -37 39 -9 -73 -27 85 40 -29 -65 23 9 33 -89 
-36 127 -15 46 -93 -84 85 -104 65 -71 -47 -87 -69 -142 -57 -45 
 -83 -72 34 -37 37 -9 -73 -27 80 33 -27 -57 23 7 33 -89 
-36 116 -15 42 -93 -84 85 -104 65 -67 -52 -84 -69 -139 -57 -45 
 -83 -66 34 -41 37 -9 -73 -27 80 28 -25 -57 23 9 34 -89 
-36 115 -15 43 -93 -84 85 -104 59 -65 -42 -87 -71 -139 -70 -41 
 -83 -64 34 -47 37 -9 -73 -27 81 30 -19 -57 25 9 39 -102 
-36 111 -15 43 -93 -84 82 -95 61 -69 -32 -87 -75 -136 -70 -43 
 -83 -66 34 -47 37 -9 -75 -33 89 40 -19 -57 20 22 41 -100 
-36 115 -15 43 -93 -95 68 -95 62 -72 -32 -87 -75 -134 -66 -34 
 -83 -64 34 -47 37 0 -83 -33 87 32 -27 -57 17 23 47 -95 
-36 115 -19 43 -93 -95 76 -95 56 -71 -31 -99 -74 -134 -66 -35 
 -83 -64 42 -47 37 0 -87 -33 87 23 -23 -51 17 23 47 -86 
-36 115 -11 43 -93 -95 76 -95 56 -75 -24 -99 -67 -134 -65 -31 
 -83 -64 41 -47 37 0 -89 -33 87 24 -28 -51 23 23 46 -89 
-36 115 -8 43 -93 -95 77 -95 56 -77 -25 -99 -67 -121 -66 -35 
 -83 -64 31 -47 37 0 -93 -33 87 26 -29 -51 23 26 47 -94 
-35 115 -4 43 -93 -110 76 -95 56 -67 -25 -99 -69 -114 -66 -47 
 -86 -64 33 -47 37 -12 -89 -33 87 30 -29 -51 23 23 47 -97 
-32 115 -4 45 -93 -105 76 -95 56 -74 -35 -99 -69 -114 -66 -47 
 -87 -64 33 -47 37 -9 -89 -33 87 27 -26 -51 23 23 47 -97 
-39 115 -4 52 -93 -105 72 -95 56 -74 -35 -99 -69 -114 -66 -47 
 -85 -64 33 -42 35 -9 -91 -33 87 35 -26 -51 23 31 47 -97 
-43 115 -4 55 -90 -104 82 -94 56 -73 -35 -99 -69 -117 -62 -48 
 -81 -64 33 -40 40 -9 -91 -33 87 37 -26 -51 23 33 48 -96 
-42 115 -4 55 -87 -105 96 -95 56 -73 -35 -101 -69 -117 -56 -54 
 -77 -64 33 -36 43 -9 -89 -33 87 37 -26 -56 23 33 57 -97 
-39 115 -4 54 -85 -110 88 -95 56 -73 -35 -104 -72 -117 -56 -54 
 -71 -64 33 -33 45 -5 -84 -33 87 37 -26 -54 26 33 57 -97 
-38 115 -4 54 -87 -112 93 -95 62 -73 -35 -110 -69 -117 -56 -54 
 -75 -64 33 -33 43 -7 -89 -33 90 37 -26 -42 23 33 57 -97 
-51 115 -4 54 -85 -113 89 -95 61 -60 -34 -106 -69 -115 -56 -51 
 -69 -64 33 -33 31 -3 -94 -33 89 29 -23 -41 23 40 57 -99 
-51 115 -4 54 -85 -113 92 -95 57 -59 -37 -103 -69 -115 -56 -44 
 -80 -64 33 -33 31 -3 -93 -33 87 34 -27 -44 23 40 57 -103 
-54 115 -4 54 -85 -113 88 -95 53 -55 -37 -117 -69 -116 -56 -45 
 -77 -64 33 -33 28 -3 -89 -33 83 34 -27 -50 23 47 57 -106 
-54 115 -5 54 -84 -113 83 -95 53 -56 -37 -124 -69 -119 -56 -42 
 -77 -64 31 -33 31 -3 -96 -33 83 36 -27 -47 23 49 57 -99 
-54 115 -5 61 -84 -113 85 -95 53 -63 -37 -124 -69 -119 -55 -52 
 -77 -64 31 -35 31 -3 -100 -33 83 30 -27 -47 23 49 54 -89 
-54 115 -4 60 -84 -113 85 -95 53 -57 -37 -115 -69 -119 -55 -44 
 -77 -64 31 -34 33 -3 -100 -33 84 29 -27 -42 23 49 54 -93 
-54 115 -5 79 -84 -106 85 -95 54 -50 -37 -124 -69 -119 -55 -47 
 -77 -64 31 -36 33 -5 -100 -33 87 30 -27 -41 23 49 54 -97 
-54 116 -5 76 -84 -100 85 -99 54 -48 -37 -133 -69 -119 -55 -47 
 -77 -69 31 -33 33 3 -100 -39 87 22 -27 -43 23 49 54 -97 
-54 115 -4 70 -84 -104 84 -92 53 -35 -37 -133 -69 -122 -45 -46 
 -77 -69 31 -21 33 7 -103 -42 83 20 -27 -43 23 50 44 -93 
-54 115 -4 61 -84 -104 84 -100 53 -35 -37 -133 -69 -119 -45 -46 
 -77 -69 31 -16 33 7 -103 -37 83 20 -27 -43 24 56 36 -93 
-55 115 -4 60 -84 -104 85 -99 53 -35 -48 -133 -69 -107 -45 -46 
 -73 -69 31 -16 33 7 -110 -45 83 20 -28 -43 23 61 36 -93 
-55 111 -4 72 -84 -99 89 -96 53 -38 -44 -133 -70 -115 -45 -46 
 -73 -74 31 -20 33 12 -107 -43 83 11 -33 -41 23 60 36 -93 
-51 121 -4 68 -75 -99 96 -86 53 -50 -44 -133 -68 -115 -45 -48 
 -73 -75 33 -34 34 9 -109 -50 83 -3 -33 -43 19 60 31 -87 
-49 130 -5 71 -75 -100 97 -85 53 -56 -44 -133 -67 -115 -44 -61 
 -66 -77 33 -37 34 8 -112 -44 83 -3 -33 -43 11 60 31 -82 
-44 125 -5 71 -75 -109 94 -85 58 -56 -44 -133 -61 -115 -44 -68 
 -72 -81 31 -37 34 -3 -113 -43 82 -3 -33 -43 6 60 31 -79 
-35 115 -5 71 -63 -113 94 -81 63 -56 -44 -129 -67 -115 -44 -75 
 -73 -84 31 -37 39 -3 -113 -46 81 -3 -33 -42 3 60 31 -86 
-35 115 -5 71 -62 -113 96 -77 63 -56 -44 -126 -74 -115 -44 -80 
 -73 -84 31 -37 38 -3 -118 -47 87 -3 -33 -33 3 60 33 -84 
-35 115 -5 71 -70 -113 101 -77 61 -56 -44 -115 -74 -115 -44 -81 
 -73 -84 31 -37 39 -3 -123 -47 89 -3 -33 -37 3 60 33 -85 
-35 115 -5 71 -71 -113 105 -77 61 -56 -46 -127 -74 -115 -44 -82 
 -73 -84 31 -37 40 -3 -126 -47 89 -3 -33 -37 3 58 33 -87 
-35 115 -5 71 -74 -109 105 -77 61 -56 -66 -134 -74 -124 -52 -75 
 -73 -84 31 -37 39 -2 -126 -47 89 -3 -33 -27 3 53 33 -80 
-35 115 -5 71 -82 -96 105 -74 62 -56 -66 -133 -68 -124 -49 -75 
 -73 -84 31 -37 40 11 -126 -47 96 -3 -33 -23 2 53 32 -80 
-44 115 -4 71 -85 -76 105 -74 58 -56 -66 -133 -67 -128 -64 -75 
 -73 -84 31 -37 41 0 -126 -52 110 -3 -33 -23 3 58 33 -80 
-52 115 -8 69 -94 -80 105 -71 61 -56 -66 -133 -67 -131 -64 -75 
 -71 -84 31 -36 43 2 -126 -55 109 -3 -33 -23 3 54 33 -80 
-49 115 -13 69 -94 -82 105 -68 58 -56 -66 -140 -65 -138 -64 -75 
 -77 -84 37 -42 43 -1 -126 -62 117 -3 -33 -19 6 61 33 -80 
-49 115 -13 69 -94 -84 105 -66 63 -56 -66 -136 -73 -141 -64 -75 
 -77 -84 37 -40 43 -7 -126 -65 123 -3 -33 -15 9 76 31 -80 
-49 115 -13 65 -94 -84 103 -67 61 -56 -66 -131 -70 -140 -70 -75 
 -77 -84 37 -33 43 -7 -127 -57 129 -3 -33 -10 11 88 32 -80 
-49 116 -13 65 -94 -84 103 -65 61 -56 -66 -131 -73 -137 -72 -74 
 -77 -92 37 -33 43 -7 -127 -64 129 -3 -33 -5 10 84 18 -82 
-46 116 -13 65 -94 -84 103 -65 56 -56 -66 -125 -79 -126 -75 -76 
 -80 -93 37 -33 43 -7 -127 -64 131 -3 -33 -9 9 82 20 -81 
-46 111 -13 65 -94 -84 103 -65 54 -56 -66 -124 -79 -127 -75 -89 
 -77 -97 37 -33 43 -7 -127 -64 131 -3 -33 -9 9 83 20 -84 
-45 110 -13 65 -94 -84 103 -61 51 -56 -64 -125 -86 -127 -75 -86 
 -80 -102 37 -33 43 -7 -127 -62 137 -3 -29 -9 7 83 20 -76 
-39 111 -13 65 -94 -79 103 -66 56 -56 -64 -125 -84 -127 -75 -99 
 -78 -97 37 -33 43 -14 -127 -53 133 -3 -29 -9 7 83 20 -59 
-40 111 -13 58 -90 -79 103 -66 56 -56 -65 -124 -84 -127 -75 -114 
 -84 -97 37 -35 45 -11 -127 -53 133 -3 -29 -9 7 83 20 -59 
-35 111 -13 61 -83 -79 103 -66 56 -56 -65 -124 -84 -130 -71 -135 
 -86 -97 37 -29 37 -11 -127 -53 132 -3 -29 -9 7 86 24 -70 
-29 111 -13 56 -85 -79 103 -66 53 -56 -65 -124 -84 -135 -80 -143 
 -89 -97 37 -27 37 -11 -127 -53 124 -3 -29 -9 7 84 38 -69 
-25 103 -15 56 -85 -79 102 -66 46 -56 -65 -128 -84 -135 -79 -140 
 -89 -100 40 -27 36 -11 -123 -53 123 -3 -18 -13 7 87 35 -60 
-25 89 -9 50 -85 -79 104 -66 51 -63 -64 -127 -84 -135 -77 -155 
 -89 -104 33 -33 36 -11 -123 -53 121 -7 -27 -17 7 94 33 -60 
-25 86 -5 47 -80 -79 104 -66 49 -62 -64 -127 -89 -133 -77 -155 
 -89 -97 34 -23 36 -11 -123 -53 123 -12 -27 -17 10 93 33 -60 
-24 86 -5 45 -79 -79 104 -66 40 -65 -64 -127 -90 -132 -77 -155 
 -89 -97 31 -26 41 -11 -123 -53 121 -4 -27 -17 8 98 33 -60 
-24 86 -5 36 -71 -90 104 -66 39 -65 -64 -125 -95 -141 -77 -155 
 -89 -97 31 -28 43 -15 -123 -53 126 -4 -27 -22 7 96 30 -60 
-24 86 -5 51 -73 -95 107 -66 36 -67 -64 -125 -91 -143 -77 -155 
 -89 -97 31 -37 40 -12 -123 -53 127 -4 -27 -24 -1 97 33 -60 
-25 86 -4 51 -68 -97 107 -66 24 -75 -64 -125 -104 -135 -77 -155 
 -89 -97 31 -37 48 -22 -123 -53 118 -13 -27 -24 -2 94 33 -60 
-29 81 -4 51 -67 -90 107 -66 24 -75 -71 -123 -107 -124 -77 -155 
 -91 -98 31 -37 43 -29 -123 -53 117 -13 -29 -36 -2 93 33 -60 
-26 82 -4 49 -67 -95 107 -60 24 -75 -74 -119 -107 -124 -77 -155 
 -93 -95 31 -55 43 -26 -123 -51 117 -13 -17 -34 8 93 33 -60 
-26 89 1 41 -69 -95 107 -57 24 -75 -74 -120 -114 -124 -77 -157 
 -93 -99 29 -54 43 -26 -123 -53 117 -13 -17 -45 6 93 33 -54 
-26 90 -6 33 -69 -95 107 -64 24 -75 -74 -126 -121 -124 -77 -159 
 -93 -122 30 -57 43 -26 -123 -53 117 -13 -17 -45 -1 93 33 -49 
-26 78 -5 43 -69 -95 107 -64 24 -75 -74 -137 -126 -124 -77 -159 
 -93 -124 36 -58 43 -26 -123 -53 117 -13 -17 -55 -11 93 33 -51 
-26 80 -5 46 -69 -91 107 -64 24 -75 -74 -145 -127 -124 -77 -159 
 -93 -118 36 -53 43 -27 -123 -53 117 -13 -17 -61 -8 93 33 -54 
-26 80 -5 45 -69 -96 107 -64 24 -75 -74 -161 -124 -124 -85 -159 
 -93 -118 36 -60 43 -28 -123 -53 117 -13 -17 -69 -8 91 31 -51 
-26 75 -5 45 -69 -95 107 -64 19 -75 -74 -152 -124 -124 -85 -159 
 -93 -115 36 -60 43 -26 -122 -53 119 -13 -17 -75 -7 91 31 -51 
-27 84 -5 45 -67 -95 107 -64 28 -75 -77 -149 -113 -124 -85 -159 
 -89 -123 36 -60 43 -26 -123 -53 112 -13 -14 -77 -6 91 31 -51 
-17 84 -5 45 -67 -95 107 -64 43 -84 -86 -149 -115 -124 -85 -159 
 -83 -123 36 -60 43 -26 -123 -53 113 -7 -13 -77 -13 91 31 -51 
-25 84 -5 43 -79 -95 115 -64 40 -84 -86 -158 -115 -117 -84 -159 
 -83 -123 36 -58 50 -26 -129 -53 118 -7 -13 -69 -13 93 31 -51 
-27 84 -5 27 -75 -95 115 -64 36 -84 -86 -153 -115 -117 -84 -159 
 -77 -123 39 -63 46 -26 -129 -53 124 -7 -13 -64 -13 93 31 -51 
-27 84 -9 27 -69 -95 115 -64 34 -84 -86 -145 -112 -117 -84 -159 
 -77 -123 29 -63 43 -26 -129 -53 117 -7 -13 -76 -19 93 31 -51 
-27 84 -7 27 -74 -95 116 -61 35 -84 -86 -142 -115 -117 -87 -159 
 -77 -123 35 -63 43 -26 -129 -54 116 -7 -13 -81 -13 93 31 -51 
-27 84 -9 27 -78 -95 116 -64 35 -81 -86 -131 -113 -117 -86 -155 
 -77 -123 43 -63 47 -26 -127 -53 116 -5 -13 -72 -8 93 34 -53 
-27 85 -9 35 -78 -95 116 -61 35 -70 -86 -122 -98 -117 -91 -155 
 -77 -120 43 -61 39 -26 -127 -45 116 9 -13 -85 -8 93 43 -53 
-27 82 -9 32 -76 -95 116 -62 35 -76 -86 -117 -111 -117 -94 -155 
 -77 -119 43 -75 37 -26 -127 -45 116 11 -13 -77 -1 93 43 -53 
-27 75 -9 29 -74 -95 116 -63 36 -73 -85 -120 -111 -117 -94 -150 
 -77 -104 43 -67 29 -26 -127 -38 111 17 -9 -80 5 93 43 -52 
-27 75 -9 31 -79 -95 116 -55 36 -73 -84 -126 -115 -117 -94 -155 
 -77 -104 43 -64 29 -29 -127 -40 111 17 -13 -73 7 93 43 -46 
-20 75 -9 36 -79 -93 116 -55 36 -73 -84 -126 -115 -117 -94 -156 
 -74 -104 43 -60 29 -30 -127 -40 111 17 -13 -73 7 93 43 -43 
-24 75 2 38 -79 -93 110 -55 35 -73 -84 -126 -115 -117 -94 -157 
 -67 -109 58 -56 29 -33 -134 -40 112 17 -13 -73 7 93 43 -36 
-24 71 5 33 -79 -89 103 -55 39 -73 -84 -126 -115 -117 -94 -156 
 -67 -108 54 -57 29 -37 -120 -40 113 17 -13 -73 7 93 43 -40 
-20 75 5 33 -79 -92 105 -56 31 -73 -81 -126 -115 -117 -94 -166 
 -72 -104 54 -57 29 -31 -120 -43 115 17 -19 -73 7 93 43 -40 
-24 83 5 33 -79 -89 105 -56 35 -73 -89 -128 -115 -117 -95 -169 
 -69 -105 54 -57 29 -37 -120 -43 116 17 -19 -70 7 93 39 -38 
-35 76 5 33 -79 -89 105 -56 35 -73 -92 -126 -116 -117 -89 -172 
 -73 -107 54 -57 29 -37 -120 -43 116 17 -9 -73 -1 93 30 -44 
-35 76 5 33 -79 -84 105 -56 35 -73 -84 -129 -114 -113 -86 -178 
 -73 -109 54 -57 29 -30 -120 -43 116 17 -8 -77 3 105 27 -34 
-36 76 6 33 -79 -84 105 -56 35 -73 -85 -129 -114 -112 -78 -181 
 -75 -109 57 -57 29 -27 -120 -43 116 17 -6 -77 3 110 21 -46 
-43 76 6 33 -82 -82 105 -56 35 -75 -84 -129 -114 -106 -99 -184 
 -90 -109 65 -57 20 -21 -121 -43 116 18 -7 -77 3 107 26 -41 
-44 76 5 34 -89 -74 107 -56 35 -77 -79 -126 -119 -106 -92 -184 
 -93 -109 67 -58 23 -19 -123 -43 116 13 -11 -85 6 107 25 -47 
-44 75 5 27 -89 -75 107 -56 35 -77 -79 -123 -121 -106 -94 -184 
 -93 -109 67 -57 23 -20 -123 -43 116 13 -11 -90 -1 107 23 -47 
-44 75 5 25 -89 -74 107 -59 35 -77 -79 -129 -121 -106 -91 -184 
 -93 -109 67 -60 23 -17 -123 -41 116 13 -11 -88 -3 107 24 -47 
-44 76 5 25 -89 -74 109 -57 35 -77 -79 -125 -113 -106 -103 -184 
 -93 -109 67 -60 23 -17 -120 -29 116 13 -11 -89 9 107 23 -47 
-44 76 5 25 -92 -74 107 -65 36 -77 -77 -125 -117 -109 -92 -184 
 -93 -109 67 -60 28 -17 -122 -24 122 13 -9 -89 6 108 29 -47 
-44 81 10 24 -92 -74 107 -65 45 -77 -79 -125 -124 -111 -95 -184 
 -93 -108 68 -51 32 -17 -123 -24 120 13 -11 -89 11 92 27 -47 
