Coverage:4
48 15 17 -31 4 26 17 14 10 -3 19 -20 30 15 17 13 
 -3 -23 23 54 11 9 6 5 25 14 31 25 -14 8 28 -1 
48 15 17 -31 4 35 17 14 12 -3 19 -20 30 15 17 13 
 -3 -23 23 54 11 9 6 5 23 14 31 25 -15 8 28 -1 
48 15 17 -31 4 32 17 14 10 -3 19 -20 30 15 17 13 
 -3 -23 23 54 11 9 6 5 25 14 31 25 -14 8 28 -1 
48 15 17 -31 4 29 17 14 10 -3 19 -20 30 15 17 13 
 -3 -23 23 54 11 10 6 5 25 14 31 25 -14 8 28 -1 
48 15 17 -31 4 37 17 14 10 -3 19 -20 30 15 17 13 
 -3 -23 23 54 11 -3 6 5 25 14 31 25 -14 8 28 -1 
48 15 17 -31 4 39 17 19 10 -3 19 -20 30 15 17 13 
 -3 -23 23 54 11 2 6 15 25 14 31 25 -14 8 28 -1 
48 15 17 -31 4 29 17 22 10 -3 19 -20 30 15 17 13 
 -3 -23 23 54 11 -14 6 24 25 14 31 25 -14 8 28 -1 
48 15 17 -31 4 33 17 23 10 -3 19 -20 30 15 17 13 
 -3 -23 23 54 11 -18 6 29 25 14 31 25 -14 8 28 -1 
48 15 17 -31 4 19 17 23 10 -3 19 -20 30 15 17 13 
 -3 -23 23 54 11 -13 6 27 25 14 31 25 -14 8 28 -1 
48 15 17 -31 5 34 17 23 10 -3 19 -20 30 15 17 13 
 -3 -23 23 54 12 -8 6 27 26 14 31 25 -15 8 28 -1 
48 15 17 -31 4 34 17 23 10 -3 19 -20 30 15 17 13 
 -3 -23 23 54 11 -15 6 27 26 14 31 25 -15 8 28 -1 
48 15 17 -31 4 34 17 23 10 -3 19 -20 30 15 17 13 
 -3 -23 23 54 11 -15 6 27 26 14 31 25 -15 8 28 -1 
48 15 13 -31 4 34 17 23 10 -13 19 -20 30 15 17 13 
 -3 -23 23 54 11 -15 6 27 26 11 31 25 -15 8 28 -1 
48 15 22 -31 4 34 17 23 10 -11 19 -20 30 15 17 13 
 -3 -23 28 54 11 -15 6 27 26 -1 31 25 -15 8 28 -1 
48 15 21 -31 4 34 17 23 10 -6 19 -20 30 15 17 10 
 -3 -23 28 54 11 -15 6 27 26 -4 31 25 -15 8 28 4 
46 15 25 -31 4 34 17 23 10 -3 19 -20 30 15 17 5 
 -3 -23 36 54 11 -15 6 27 26 -6 31 25 -15 8 28 -2 
53 15 17 -31 4 34 17 23 10 -3 22 -20 30 15 17 -4 
 -1 -23 43 54 11 -15 6 27 26 -6 25 25 -15 8 28 -8 
53 15 17 -31 4 36 17 23 10 -3 17 -20 30 12 17 -1 
 -1 -23 49 54 11 -18 6 27 26 -6 23 25 -15 11 28 -9 
53 15 15 -24 4 43 17 23 10 -3 17 -20 30 28 17 -1 
 -1 -23 48 58 11 -25 6 27 26 -6 23 25 -18 12 28 -9 
53 15 15 -31 4 50 17 23 10 -3 17 -20 34 22 17 -1 
 -1 -23 48 54 11 -34 6 27 25 -6 23 25 -15 18 28 -9 
53 15 15 -31 4 50 17 23 10 -3 17 -20 34 35 17 -1 
 -1 -23 48 54 11 -34 6 27 25 -6 23 25 -15 9 28 -9 
53 15 15 -31 4 50 17 22 10 -3 19 -20 34 36 17 -1 
 -1 -23 48 54 11 -34 6 27 25 -6 17 25 -15 15 28 -9 
53 15 15 -31 5 50 17 14 10 -3 19 -20 34 31 17 -1 
 -1 -23 48 54 11 -34 6 38 25 -6 6 25 -15 10 28 -9 
53 15 15 -31 4 50 17 17 10 -3 17 -20 34 29 17 -1 
 -1 -23 48 54 11 -34 6 43 25 -6 17 25 -15 7 28 -9 
53 15 15 -26 4 50 17 17 10 -3 23 -20 34 29 17 -1 
 -1 -23 48 49 11 -34 6 43 25 -6 27 25 -15 14 28 -9 
53 15 15 -19 -6 50 17 17 10 -3 23 -20 34 29 17 -1 
 -1 -23 48 55 18 -34 6 43 25 -6 27 25 -15 14 28 -9 
53 15 15 -16 2 50 17 17 10 -3 23 -20 34 29 17 -1 
 -1 -23 48 54 12 -34 6 43 25 -6 27 25 -15 14 28 -9 
53 15 15 -13 -8 50 17 17 10 -3 23 -20 34 29 17 -1 
 -1 -23 48 53 13 -34 6 43 25 -6 27 25 -15 14 28 -9 
53 15 15 -5 -13 50 17 17 10 -3 23 -20 34 29 17 -1 
 -1 -23 48 58 22 -34 6 43 25 -6 27 25 -15 14 28 -9 
53 15 15 -9 -29 50 17 17 10 -3 23 -20 34 29 17 -1 
 -1 -23 48 56 21 -34 6 43 25 -6 27 25 -15 14 28 -9 
53 15 15 -11 -26 50 17 17 10 -3 23 -20 34 29 17 -1 
 -1 -23 48 60 32 -34 6 43 25 -6 27 25 -15 14 28 -9 
53 15 15 -15 -24 50 18 17 10 -3 23 -20 34 29 17 -1 
 -1 -23 48 65 29 -34 11 43 25 -6 27 25 -15 14 28 -9 
53 15 15 -16 -17 50 21 17 10 -3 23 -20 34 29 17 -1 
 -1 -23 48 71 42 -34 -8 43 25 -6 27 25 -15 14 28 -9 
53 15 15 -16 -13 50 21 17 10 -3 23 -20 34 29 17 -1 
 -1 -23 48 71 44 -34 -3 43 25 -6 27 25 -15 14 28 -9 
53 15 17 -16 -12 50 28 17 10 -3 23 -20 34 29 17 -1 
 -1 -23 46 71 37 -34 9 43 25 -6 27 25 -15 14 28 -9 
53 16 17 -16 -12 50 17 17 10 -3 23 -20 34 29 17 -1 
 -1 -18 46 71 37 -34 -1 43 25 -6 27 25 -15 14 28 -9 
53 15 17 -16 -12 55 15 17 10 -3 23 -20 34 29 17 -1 
 -1 -23 46 71 37 -32 11 43 25 -6 27 25 -15 14 28 -9 
53 15 17 -16 -12 55 10 17 10 -3 23 -20 34 29 17 -1 
 -1 -23 46 71 37 -32 22 43 26 -6 27 25 -15 14 28 -9 
53 15 17 -16 -12 55 14 17 10 -3 29 -20 34 29 17 -1 
 -1 -23 46 71 37 -32 15 43 25 -6 30 25 -15 14 28 -9 
53 15 17 -16 -12 55 -3 17 10 -3 30 -20 34 29 17 -1 
 -1 -23 46 71 37 -32 20 43 25 -6 26 25 -15 14 28 -9 
53 15 17 -16 -12 55 -12 17 10 -3 30 -20 34 29 17 -1 
 -1 -23 46 71 37 -32 14 43 25 -6 26 25 -15 14 28 -9 
53 15 17 -16 -12 55 -17 17 10 -3 30 -21 34 29 17 -1 
 -1 -23 46 71 37 -32 7 43 25 -6 26 28 -15 14 28 -9 
53 15 17 -16 -12 55 -17 17 10 -3 30 -20 34 29 17 -1 
 -1 -23 46 71 37 -32 7 43 25 -6 26 25 -15 14 28 -9 
53 15 17 -16 -12 55 -17 17 10 -3 30 -20 34 29 17 -1 
 -1 -23 46 71 37 -32 7 43 25 -6 26 25 -15 14 28 -9 
53 15 17 -16 -12 55 -17 17 10 -3 30 -20 34 29 17 -1 
 -1 -23 46 71 37 -32 7 43 25 -6 26 25 -15 14 28 -9 
53 15 17 -16 -14 55 -17 17 10 -3 30 -20 34 29 17 -1 
 -1 -23 46 71 32 -32 7 43 25 -6 26 25 -15 14 28 -9 
57 15 17 -16 -11 55 -17 25 10 -3 30 -20 34 29 17 -1 
 -5 -23 46 71 36 -32 7 34 25 -6 26 25 -15 14 28 -9 
54 15 17 -16 -23 55 -17 33 10 -3 30 -20 34 29 17 -1 
 -8 -23 46 71 41 -32 7 19 25 -6 26 25 -15 14 28 -9 
51 15 17 -16 -23 55 -17 33 10 -3 30 -20 34 29 17 -1 
 -13 -23 46 71 43 -32 7 19 25 -6 26 25 -15 14 28 -9 
51 15 17 -16 -23 55 -23 31 10 -15 30 -20 34 29 17 -1 
 -9 -23 46 71 43 -32 10 19 25 -1 26 25 -15 14 28 -9 
51 15 17 -16 -23 55 -17 33 10 -19 30 -20 34 29 17 -1 
 -19 -23 46 71 43 -32 7 19 25 -3 26 25 -15 14 28 -9 
52 15 17 -16 -23 55 -17 33 10 -23 30 -20 34 29 18 -1 
 -17 -23 46 71 43 -32 7 19 25 -6 26 25 -15 14 21 -9 
45 15 17 -17 -23 55 -17 33 10 -23 30 -20 34 29 17 -1 
 -23 -23 46 72 43 -32 7 19 25 -6 26 25 -15 14 19 -9 
48 15 17 -15 -23 55 -17 33 10 -23 30 -20 34 29 19 -1 
 -23 -23 46 73 43 -32 7 19 25 -6 26 25 -15 14 18 -9 
48 15 17 -11 -23 55 -17 33 10 -23 30 -20 34 21 16 -1 
 -23 -23 46 74 43 -32 7 19 25 -6 26 25 -15 16 12 -9 
48 15 17 -11 -23 55 -17 33 10 -23 26 -20 34 13 12 -1 
 -23 -23 46 74 43 -32 7 19 26 -6 26 25 -15 11 13 -9 
57 15 17 -11 -23 55 -16 33 10 -23 20 -20 34 3 10 -1 
 -27 -23 46 74 43 -32 11 19 25 -6 12 25 -15 7 6 -9 
52 17 17 -11 -23 55 -16 33 10 -23 19 -23 34 3 10 -1 
 -26 -23 46 74 43 -32 11 19 25 -6 18 28 -15 7 6 -9 
51 15 17 -11 -23 55 -16 33 10 -23 17 -23 34 3 10 -1 
 -31 -23 46 74 43 -32 11 19 25 -6 15 28 -15 7 6 -9 
44 15 17 -11 -23 55 -16 33 10 -23 17 -23 34 3 10 -1 
 -28 -23 46 74 43 -32 11 19 25 -6 18 28 -15 7 6 -9 
43 15 17 -11 -23 55 -16 33 10 -23 8 -23 34 3 10 -1 
 -14 -23 46 74 43 -32 11 19 25 -6 19 28 -15 7 6 -9 
36 15 17 -11 -23 55 -16 33 10 -23 9 -23 34 3 10 -1 
 -16 -23 46 74 43 -32 11 19 25 -6 16 28 -15 7 6 -9 
38 15 17 -11 -24 55 -16 33 10 -23 -2 -23 34 3 10 -1 
 -12 -23 46 74 45 -32 11 19 25 -6 12 28 -15 7 6 -9 
31 15 17 -11 -20 55 -16 33 10 -23 -2 -23 34 3 10 -1 
 -8 -23 46 74 45 -32 11 19 25 -6 12 28 -15 7 6 -9 
38 15 17 -11 -20 55 -16 33 10 -23 0 -23 34 3 10 -1 
 -5 -23 46 74 45 -32 11 19 25 -6 16 28 -15 7 6 -9 
36 15 17 -11 -20 55 -16 33 10 -23 4 -23 34 3 10 -1 
 -11 -23 46 74 45 -32 11 19 25 -6 7 28 -15 7 6 -9 
31 15 17 -11 -20 55 -16 33 10 -23 1 -23 34 3 10 -1 
 -17 -23 46 74 45 -32 11 19 25 -6 4 28 -15 7 6 -9 
37 15 17 -11 -20 55 -16 33 10 -9 -15 -23 34 3 10 -1 
 -9 -23 46 74 45 -32 11 19 25 -11 -1 28 -15 7 6 -9 
37 15 17 -11 -20 55 -9 33 10 -3 -12 -23 34 3 10 -1 
 -8 -23 46 74 45 -32 10 19 25 -6 -3 28 -15 7 6 -9 
29 15 17 -11 -20 55 -7 33 17 -3 -12 -23 34 3 10 -1 
 1 -23 46 74 45 -32 11 19 23 -6 -3 28 -15 7 5 -9 
30 15 17 -11 -20 55 -19 33 17 -3 -8 -23 34 3 10 -1 
 5 -23 46 74 45 -32 22 19 23 -6 -1 28 -15 7 6 -9 
30 15 17 -11 -20 55 -29 33 17 -3 -12 -23 34 3 10 -1 
 5 -23 46 74 45 -32 34 19 23 -6 -3 28 -15 7 6 -9 
30 15 17 -11 -20 55 -21 33 17 -3 -12 -23 34 3 10 -1 
 5 -23 46 74 45 -32 25 19 23 -6 -3 28 -15 7 6 -9 
30 15 17 -11 -20 55 -17 33 17 -3 -12 -23 34 3 10 -1 
 5 -23 46 74 45 -32 24 19 23 -6 -3 28 -15 7 6 -9 
30 15 17 -11 -20 55 -13 28 17 -3 -12 -23 34 3 10 -1 
 5 -23 46 74 45 -32 26 12 23 -6 -3 28 -15 7 6 -9 
30 15 17 -11 -20 55 -6 16 17 -3 -12 -23 34 3 10 -7 
 5 -23 46 74 45 -32 28 26 23 -6 -3 28 -15 7 6 -7 
30 15 16 -11 -20 55 0 17 17 -3 -12 -23 34 3 10 -16 
 5 -23 41 74 45 -32 28 26 23 -6 -3 28 -15 7 6 -9 
30 15 13 -11 -20 55 4 17 17 -3 -12 -23 34 3 10 -16 
 5 -23 39 74 45 -32 22 26 23 -6 -3 28 -15 7 6 -9 
30 15 13 -11 -20 55 -6 17 17 -3 -10 -23 34 3 7 -16 
 6 -23 39 74 45 -32 18 26 23 -6 -10 28 -15 7 8 -9 
30 15 13 -11 -20 55 -2 17 17 -3 -10 -23 34 3 12 -16 
 5 -23 39 74 45 -32 18 26 23 -6 -14 28 -15 7 17 -9 
30 15 13 -11 -20 55 -10 17 17 -3 -10 -23 34 3 28 -16 
 5 -23 39 74 45 -32 16 26 23 -6 -14 28 -15 7 19 -9 
30 15 13 -11 -20 55 -2 17 17 -1 -10 -23 34 3 23 -16 
 5 -23 39 74 45 -32 16 26 23 -7 -14 28 -15 7 31 -9 
30 15 13 -11 -20 55 2 17 17 4 -10 -29 34 3 19 -16 
 5 -23 39 74 45 -32 20 26 23 0 -14 30 -15 7 31 -9 
30 15 11 -11 -15 55 -19 17 13 8 -10 -29 34 3 19 -16 
 5 -23 40 74 41 -32 29 26 19 -3 -14 35 -15 7 31 -9 
30 17 4 -11 -10 55 -16 17 13 8 -10 -25 34 3 19 -16 
 5 -26 54 74 31 -32 42 26 19 -3 -14 37 -15 7 31 -9 
30 17 2 -11 -23 55 -23 17 13 8 -10 -25 34 3 19 -16 
 5 -26 61 74 32 -32 48 26 19 -3 -14 37 -15 7 31 -9 
30 17 4 -11 -25 55 -23 17 13 8 -10 -25 34 3 19 -16 
 5 -26 59 74 32 -32 48 26 19 -3 -14 37 -15 7 31 -9 
30 17 -4 -11 -32 55 -23 17 13 10 -10 -25 34 3 19 -16 
 5 -26 65 74 17 -32 48 26 19 -9 -14 37 -15 7 31 -9 
30 17 -7 -11 -32 55 -23 17 13 18 -10 -25 34 3 19 -16 
 5 -26 64 74 17 -32 48 26 19 -8 -14 37 -15 7 31 -9 
30 17 -9 -11 -32 55 -23 17 13 20 -12 -25 34 3 19 -16 
 6 -26 53 74 17 -32 48 26 19 -15 -13 37 -15 7 31 -9 
30 17 -21 -15 -32 52 -23 17 22 20 -5 -25 34 3 19 -16 
 5 -26 49 79 17 -32 48 26 9 -15 -15 37 -15 7 31 -9 
30 17 -13 -15 -32 57 -22 17 24 20 -5 -25 34 3 19 -16 
 6 -26 50 77 17 -32 43 26 7 -15 -12 37 -15 7 31 -9 
30 17 -13 -17 -32 57 -27 17 22 20 -5 -25 34 3 19 -16 
 6 -26 52 70 17 -32 39 26 12 -15 -12 37 -15 7 31 -9 
30 17 -10 -33 -32 57 -27 17 21 20 -5 -25 34 8 19 -16 
 6 -26 45 61 17 -32 39 23 19 -15 -12 37 -15 9 31 -9 
30 17 -13 -38 -32 57 -27 18 24 20 -5 -25 34 10 19 -16 
 5 -26 43 60 17 -32 39 23 17 -15 -12 37 -15 6 31 -9 
30 17 -9 -35 -32 57 -27 17 17 20 -5 -25 34 10 19 -16 
 5 -26 41 64 17 -32 39 23 6 -15 -12 37 -15 6 31 -9 
30 17 -17 -37 -32 57 -27 17 17 20 -7 -25 34 10 19 -16 
 5 -26 50 67 17 -32 39 23 6 -15 -5 37 -15 6 31 -9 
30 17 -22 -37 -32 57 -27 17 17 20 -9 -25 34 10 19 -16 
 5 -26 60 67 17 -32 39 23 6 -15 -2 37 -15 6 31 -9 
30 17 -19 -37 -32 57 -27 17 17 20 -11 -25 36 10 19 -16 
 5 -26 53 67 17 -32 39 23 6 -15 -6 37 -20 6 31 -9 
30 17 -16 -37 -32 57 -27 17 17 20 -11 -25 31 10 19 -16 
 5 -26 52 67 17 -32 39 23 6 -15 -6 37 -19 6 31 -9 
30 17 -14 -41 -32 57 -30 17 17 20 -11 -25 36 10 29 -16 
 5 -26 63 63 17 -32 37 23 6 -15 -6 37 -9 6 40 -9 
30 17 -26 -47 -32 57 -34 17 17 20 -11 -25 35 10 25 -16 
 5 -26 65 59 17 -32 41 23 6 -15 -6 37 -12 6 44 -9 
30 17 -26 -47 -32 57 -44 17 17 20 -11 -25 35 10 23 -16 
 6 -26 65 59 17 -32 39 23 6 -15 -6 37 -12 5 47 -9 
30 17 -26 -47 -32 57 -37 17 17 20 -11 -25 35 10 23 -16 
 6 -26 65 59 17 -32 38 23 6 -15 -6 37 -12 5 47 -9 
30 17 -26 -47 -38 54 -43 17 17 20 -11 -25 35 10 23 -16 
 6 -26 65 59 21 -19 48 23 6 -15 -6 37 -12 5 47 -9 
30 17 -26 -47 -39 65 -43 17 23 20 -11 -25 35 10 23 -16 
 6 -26 65 59 26 -20 48 23 3 -15 -6 37 -12 5 47 -9 
30 17 -26 -47 -48 68 -43 17 17 20 -11 -25 35 10 23 -16 
 6 -26 65 59 20 -14 48 23 6 -15 -6 37 -12 5 47 -9 
30 17 -26 -47 -43 74 -43 17 17 20 -11 -25 35 10 23 -16 
 5 -26 65 59 25 0 48 23 6 -15 -6 37 -12 6 47 -9 
34 17 -26 -47 -39 72 -43 17 17 20 -11 -21 35 10 23 -16 
 1 -26 65 59 32 2 48 23 6 -15 -6 40 -12 6 47 -9 
35 17 -26 -47 -40 81 -43 17 17 20 -11 -25 35 10 23 -16 
 -3 -26 65 59 48 -2 48 23 6 -15 -6 46 -12 6 47 -9 
35 16 -26 -47 -40 78 -43 17 17 20 -11 -26 35 10 23 -16 
 -3 -24 65 59 46 1 48 23 6 -15 -6 41 -12 5 47 -9 
35 17 -26 -47 -41 88 -43 17 17 20 -11 -30 35 10 23 -16 
 -3 -26 65 59 51 6 48 23 6 -15 -6 43 -12 6 47 -9 
35 17 -26 -47 -41 90 -43 17 17 20 -11 -22 35 10 23 -16 
 -3 -26 65 59 51 6 48 23 6 -15 -6 53 -12 5 47 -9 
35 17 -26 -47 -41 90 -43 17 17 20 -11 -33 35 10 23 -16 
 -3 -26 65 59 51 6 48 23 6 -15 -6 54 -12 5 47 -9 
35 17 -26 -47 -41 90 -43 17 14 20 -11 -32 35 10 23 -16 
 -3 -26 65 59 51 6 48 23 6 -15 -6 57 -12 5 47 -9 
35 17 -26 -47 -41 90 -43 17 9 20 -11 -32 35 10 23 -16 
 -3 -26 65 59 51 6 48 23 8 -15 -6 57 -12 5 47 -9 
35 17 -26 -47 -41 90 -43 17 5 20 -11 -32 35 10 23 -16 
 -3 -26 65 59 51 6 48 23 -2 -15 -6 57 -12 5 47 -9 
35 17 -26 -47 -41 90 -43 19 11 20 -11 -32 35 10 23 -16 
 -3 -26 65 59 51 6 48 26 -2 -15 -6 57 -12 5 47 -9 
35 17 -26 -47 -41 90 -43 17 8 20 -11 -32 35 10 23 -16 
 -3 -26 65 59 51 6 48 43 -5 -15 -6 57 -12 5 47 -9 
35 17 -26 -47 -41 90 -43 17 -7 20 -11 -32 35 10 23 -16 
 -3 -26 65 59 51 6 48 43 -12 -15 -6 57 -12 5 47 -9 
35 17 -26 -47 -41 90 -43 17 -8 20 -11 -32 35 10 23 -16 
 -3 -26 65 59 51 6 48 43 -1 -15 -6 57 -12 5 47 -9 
35 17 -26 -47 -41 90 -43 21 2 17 -11 -32 35 10 23 -16 
 -3 -26 65 59 51 6 48 45 -4 -14 -6 57 -12 5 47 -9 
32 17 -26 -47 -41 90 -43 20 -3 17 -11 -32 35 10 23 -16 
 -3 -28 65 59 51 6 48 45 -6 -14 -6 57 -12 5 47 -9 
37 26 -26 -47 -41 90 -43 20 -3 17 -11 -32 35 10 23 -16 
 3 -25 65 59 51 6 48 45 -6 -14 -6 57 -12 5 47 -9 
37 26 -26 -47 -41 90 -43 20 -3 17 -11 -32 35 10 23 -16 
 3 -24 65 59 51 6 48 45 -6 -14 -6 57 -12 5 47 -9 
37 28 -26 -47 -41 90 -43 20 -3 17 -11 -32 35 10 23 -16 
 3 -29 65 59 51 6 48 45 -6 -14 -6 57 -12 5 47 -9 
37 31 -26 -47 -41 90 -43 20 -3 17 -11 -32 35 10 23 -16 
 3 -24 65 59 51 6 48 45 -6 -14 -6 57 -12 5 47 -9 
37 31 -26 -47 -41 92 -43 20 -3 17 -11 -32 35 10 23 -16 
 3 -28 65 59 51 9 48 45 -6 -14 -6 57 -12 5 47 -9 
37 32 -26 -47 -41 89 -43 20 -3 17 -11 -32 35 10 23 -16 
 3 -26 65 59 51 13 48 45 -6 -14 -6 57 -12 6 47 -9 
37 25 -26 -47 -41 100 -43 20 2 17 -11 -32 35 10 30 -16 
 3 -29 65 59 51 3 48 45 -10 -14 -6 57 -12 6 51 -9 
37 17 -26 -47 -41 98 -43 20 3 17 -11 -32 35 10 21 -16 
 3 -26 65 59 51 1 48 45 -13 -14 -6 57 -12 6 45 -9 
37 17 -26 -47 -41 95 -43 20 3 17 -11 -32 35 10 24 -16 
 3 -26 65 59 51 -3 48 45 -13 -14 -6 57 -12 6 46 -9 
37 17 -26 -47 -41 95 -43 20 3 16 -11 -32 35 10 26 -16 
 3 -26 65 59 51 -3 48 45 -13 -16 -6 57 -12 6 36 -9 
37 17 -26 -47 -41 95 -43 20 3 23 -11 -32 35 10 20 -16 
 3 -26 65 59 51 -7 48 45 -13 -30 -6 57 -12 6 38 -9 
37 17 -26 -47 -41 93 -43 20 3 22 -11 -32 35 10 19 -16 
 3 -26 65 59 51 -14 48 45 -13 -15 -6 57 -12 6 45 -9 
37 17 -26 -47 -41 97 -43 20 3 23 -11 -32 35 10 16 -16 
 3 -26 65 59 51 -14 48 45 -13 0 -6 57 -12 5 43 -9 
37 17 -26 -47 -41 97 -43 20 3 18 -11 -32 35 10 25 -16 
 3 -26 65 59 51 -14 48 45 -13 -6 -6 57 -12 6 37 -9 
37 17 -26 -47 -39 97 -43 20 3 15 -11 -32 35 10 29 -16 
 3 -26 65 59 51 -14 48 45 -13 -3 -6 57 -12 6 43 -9 
37 17 -26 -47 -38 97 -43 20 3 15 -11 -32 35 10 20 -16 
 3 -26 65 59 53 -14 48 45 -13 -3 -6 57 -12 6 49 -9 
34 17 -26 -47 -30 97 -43 20 3 15 -11 -32 35 10 19 -16 
 4 -26 65 59 48 -14 48 45 -13 -3 -6 57 -12 6 51 -9 
23 17 -26 -47 -27 97 -43 20 3 15 -11 -32 35 10 19 -16 
 6 -26 65 59 48 -14 48 45 -13 -3 -6 57 -12 5 51 -9 
27 17 -26 -52 -28 97 -43 20 3 15 -11 -32 35 10 19 -16 
 -12 -26 65 56 45 -14 48 45 -13 -3 -6 57 -12 5 51 -9 
28 17 -26 -47 -30 97 -43 20 3 15 -11 -32 35 10 19 -16 
 -19 -26 65 59 46 -14 48 45 -13 -3 -6 57 -12 5 51 -9 
29 17 -26 -47 -30 97 -43 20 3 15 -11 -31 35 10 19 -16 
 -13 -26 65 59 46 -14 48 45 -13 -3 -6 59 -12 5 51 -9 
35 17 -26 -47 -30 97 -43 20 3 10 -11 -19 35 10 19 -16 
 -3 -26 65 59 46 -14 48 45 -13 -2 -6 57 -12 5 51 -9 
35 17 -26 -47 -30 97 -43 20 14 35 -11 -19 35 10 19 -16 
 -3 -26 65 59 46 -14 48 45 -13 -11 -6 60 -12 5 51 -9 
35 17 -26 -47 -30 97 -43 20 15 42 -11 -35 35 10 19 -16 
 -3 -26 65 59 46 -14 48 45 -14 -1 -6 63 -12 5 51 -9 
35 17 -26 -47 -30 97 -43 20 17 52 -11 -36 35 10 19 -16 
 -3 -26 65 59 46 -14 48 45 -17 -2 -6 55 -12 5 51 -9 
41 17 -26 -47 -30 97 -43 20 17 47 -11 -32 35 10 19 -16 
 -16 -26 65 59 46 -14 48 45 -17 -12 -6 57 -12 5 51 -9 
43 17 -28 -47 -30 97 -43 12 17 48 -11 -32 35 10 19 -16 
 -21 -26 64 59 46 -14 48 50 -17 -6 -6 57 -12 5 51 -9 
46 17 -26 -47 -30 97 -43 14 17 49 -11 -32 35 10 19 -16 
 -10 -26 65 59 46 -14 48 47 -17 -3 -6 57 -12 5 51 -9 
40 17 -26 -47 -30 97 -43 6 17 43 -11 -32 35 10 19 -16 
 0 -26 65 59 46 -14 48 37 -17 -1 -6 57 -12 5 51 -9 
36 17 -26 -47 -30 97 -43 -2 17 50 -11 -32 35 10 19 -16 
 -18 -26 65 59 46 -14 48 30 -17 -6 -6 57 -12 5 51 -9 
37 17 -26 -47 -30 97 -43 -5 17 47 -11 -32 35 10 19 -16 
 -9 -26 65 59 46 -14 48 23 -17 -9 -6 57 -12 5 51 -9 
41 17 -26 -47 -30 97 -43 -10 17 43 -11 -32 35 10 19 -16 
 -9 -26 65 59 46 -14 48 30 -17 7 -6 57 -12 5 51 -9 
36 17 -26 -47 -30 97 -43 -14 17 43 -11 -32 35 10 19 -16 
 -14 -26 65 59 46 -14 48 34 -17 7 -6 57 -12 5 51 -9 
40 17 -26 -47 -25 97 -43 -12 17 43 -11 -32 35 10 19 -16 
 -15 -26 65 59 49 -14 48 33 -17 7 -6 57 -12 5 51 -9 
27 17 -26 -47 -29 97 -43 -12 17 43 -11 -32 35 10 19 -16 
 -25 -26 65 59 64 -14 48 34 -17 7 -6 57 -12 5 51 -9 
24 17 -29 -47 -36 97 -43 -20 17 43 -11 -31 42 10 19 -16 
 -31 -26 71 59 61 -14 48 43 -17 7 -6 48 -1 5 51 -9 
30 17 -24 -47 -45 97 -43 -20 17 43 -11 -30 35 10 19 -16 
 -34 -26 74 59 57 -14 52 45 -17 7 -6 49 8 5 51 -9 
30 17 -22 -51 -45 97 -43 -20 17 43 -11 -24 35 10 19 -16 
 -34 -26 71 61 57 -14 48 45 -17 7 -6 54 8 5 51 -9 
30 17 -12 -46 -45 97 -43 -20 17 43 -11 -20 35 10 19 -16 
 -34 -26 77 52 57 -14 48 45 -17 7 -6 54 8 5 51 -9 
30 17 -9 -48 -47 97 -43 -20 17 43 -11 -11 35 10 19 -16 
 -34 -26 73 56 59 -14 48 45 -17 7 -6 49 8 5 51 -9 
30 17 -12 -31 -47 97 -43 -20 17 43 -11 -2 35 10 19 -16 
 -34 -26 77 65 59 -14 48 45 -17 7 -6 45 8 5 51 -9 
30 17 -12 -37 -47 97 -46 -20 17 43 -11 -11 35 10 19 -16 
 -34 -26 77 71 59 -14 45 45 -17 7 -6 43 8 5 51 -9 
30 17 -12 -32 -47 97 -46 -20 17 43 -11 -30 35 10 19 -16 
 -35 -26 77 76 59 -14 45 45 -17 7 -6 58 8 6 51 -9 
30 17 -12 -41 -48 97 -46 -20 17 43 -11 -27 35 10 19 -16 
 -35 -26 77 70 72 -14 45 45 -17 7 -6 56 8 6 51 -9 
30 17 -12 -43 -49 97 -46 -20 17 43 -11 -26 35 10 19 -16 
 -35 -26 77 68 73 -14 45 45 -17 7 -6 48 8 6 51 -9 
30 17 -12 -43 -53 97 -46 -20 17 43 -11 -32 35 10 19 -16 
 -35 -26 77 68 76 -14 45 45 -17 7 -6 38 8 6 51 -9 
30 17 -12 -43 -37 97 -46 -20 17 43 -19 -36 35 10 19 -16 
 -37 -26 77 68 86 -14 45 45 -17 7 -10 37 8 5 51 -9 
37 17 -12 -43 -30 97 -46 -20 17 43 -22 -38 35 10 19 -16 
 -38 -26 77 68 86 -14 45 45 -17 7 -8 49 8 5 51 -9 
38 17 -12 -43 -30 97 -46 -20 17 43 -24 -35 35 10 19 -16 
 -26 -26 77 68 86 -14 45 45 -17 7 -8 41 8 5 51 -9 
35 17 -12 -43 -30 97 -46 -20 17 43 -23 -30 35 14 19 -16 
 -13 -26 77 68 85 -14 45 45 -17 7 -16 46 8 6 51 -9 
38 17 -12 -43 -30 97 -46 -20 17 43 -22 -30 35 10 19 -16 
 -14 -26 77 68 85 -14 45 45 -17 7 -20 46 8 10 51 -9 
36 17 -12 -43 -30 97 -46 -20 17 43 -25 -30 35 4 19 -16 
 -15 -26 77 68 85 -14 45 45 -17 7 -23 46 8 4 51 -9 
41 17 -12 -43 -30 97 -46 -20 17 43 -25 -30 35 5 19 -16 
 -15 -26 77 68 85 -14 45 45 -17 7 -23 46 8 6 51 -9 
34 17 -12 -43 -30 97 -46 -20 17 43 -25 -30 35 7 19 -16 
 -4 -26 77 68 85 -14 45 45 -17 7 -23 46 8 4 51 -9 
38 17 -12 -43 -30 97 -46 -20 17 43 -25 -30 46 7 19 -16 
 -11 -26 77 68 85 -14 45 45 -17 7 -23 46 2 14 51 -9 
35 17 -12 -43 -30 97 -46 -20 23 43 -25 -30 45 0 19 -16 
 -12 -26 77 68 86 -14 45 45 -19 7 -23 45 5 9 51 -9 
35 17 -12 -43 -30 97 -46 -20 17 43 -25 -30 52 0 19 -16 
 -12 -26 77 68 86 -14 45 45 -17 7 -23 45 8 11 51 -9 
35 17 -12 -43 -30 97 -46 -20 17 44 -25 -30 50 5 19 -16 
 -12 -26 77 68 86 -14 45 45 -17 17 -23 45 -6 14 51 -9 
35 17 -12 -43 -30 97 -46 -20 17 52 -25 -30 49 6 19 -16 
 -12 -26 77 68 86 -14 45 45 -17 24 -23 45 -6 8 51 -9 
35 17 -12 -43 -30 101 -46 -20 17 53 -25 -30 49 1 19 -16 
 -12 -26 77 68 86 -1 45 45 -17 19 -23 45 -6 -8 51 -9 
35 17 -12 -43 -30 90 -46 -17 17 53 -25 -30 49 -15 19 -16 
 -12 -26 77 68 86 -6 45 47 -17 19 -23 45 -6 -3 51 -9 
35 17 -12 -43 -30 87 -46 -17 17 53 -25 -30 49 -8 19 -16 
 -12 -26 77 68 86 -8 45 47 -17 19 -23 45 -6 7 51 -9 
35 17 -12 -43 -30 106 -46 -17 17 53 -25 -30 49 -17 19 -16 
 -12 -26 77 68 86 -10 45 47 -17 19 -23 45 -6 14 51 -9 
35 17 -12 -43 -30 99 -46 -17 17 53 -25 -30 49 -22 19 -16 
 -12 -26 77 68 86 -6 45 47 -17 19 -23 45 -6 17 51 -9 
33 17 -12 -43 -30 97 -46 -17 17 53 -25 -30 49 -17 19 -16 
 -6 -26 77 68 86 -3 45 47 -17 19 -23 45 -6 25 51 -9 
30 17 -12 -43 -30 100 -46 -17 17 53 -25 -30 49 -15 19 -16 
 -6 -26 77 68 86 -3 45 47 -17 19 -23 45 -6 19 51 -9 
37 31 -12 -43 -30 102 -46 -17 17 53 -25 -30 49 -20 19 -16 
 1 -37 77 68 86 3 45 47 -17 19 -23 45 -6 15 51 -9 
37 33 -12 -43 -30 106 -46 -17 17 53 -25 -30 49 -16 19 -16 
 6 -36 77 68 86 -7 45 47 -17 19 -23 45 -6 23 51 -9 
37 24 -12 -43 -30 107 -46 -17 17 53 -25 -30 49 -20 19 -16 
 6 -33 77 68 86 -15 45 47 -17 19 -23 45 -6 25 51 -9 
37 24 -12 -43 -30 95 -46 -17 17 53 -25 -30 49 -20 19 -16 
 6 -35 77 68 86 -15 45 47 -17 19 -23 45 -6 25 51 -9 
37 26 -12 -43 -30 101 -46 -17 17 53 -25 -30 49 -20 19 -16 
 6 -43 77 68 86 -23 45 47 -17 19 -23 38 -6 25 51 -9 
37 21 -12 -43 -30 100 -46 -17 17 53 -25 -27 49 -20 19 -16 
 6 -41 77 68 86 -23 45 47 -17 19 -23 30 -6 25 51 -9 
37 10 -12 -43 -30 89 -46 -17 17 53 -25 -18 48 -20 19 -16 
 6 -41 77 68 85 -26 45 47 -17 19 -23 35 -4 25 51 -9 
37 3 -12 -43 -30 89 -46 -17 17 53 -25 -19 38 -17 19 -16 
 6 -36 77 68 86 -26 45 47 -17 19 -23 29 -5 29 51 -9 
37 0 -12 -43 -30 89 -46 -17 17 53 -25 -21 37 -10 19 -16 
 6 -35 77 68 86 -26 45 47 -17 19 -23 38 -6 25 51 -9 
37 0 -12 -43 -30 89 -46 -31 17 53 -25 -16 37 -10 19 -16 
 6 -35 77 68 86 -26 45 48 -17 19 -23 33 -6 25 51 -9 
37 0 -12 -43 -30 89 -46 -25 17 53 -25 -22 37 -10 19 -20 
 6 -35 77 68 86 -26 45 48 -17 19 -23 22 -6 25 51 0 
37 0 -16 -43 -30 89 -46 -25 17 53 -25 -28 38 -10 19 -19 
 6 -35 79 68 86 -26 45 48 -17 19 -23 27 -7 25 51 -1 
37 0 -7 -43 -36 89 -46 -25 17 53 -25 -32 37 -10 19 -17 
 6 -35 76 68 91 -26 45 48 -17 19 -23 37 -7 26 51 7 
37 0 -14 -43 -36 89 -46 -25 17 53 -25 -32 31 -10 19 -17 
 6 -35 81 68 91 -26 45 48 -17 19 -23 37 -15 26 51 7 
37 0 -13 -43 -36 89 -46 -25 17 53 -25 -32 36 -10 19 -17 
 -1 -35 91 66 91 -26 45 48 -17 19 -23 37 -16 26 51 7 
30 0 -14 -43 -36 89 -46 -25 17 53 -25 -32 43 -10 19 -17 
 5 -35 94 66 91 -26 45 48 -17 19 -23 37 -25 26 51 7 
30 0 -12 -43 -36 89 -46 -25 17 53 -25 -33 57 -10 19 -17 
 5 -35 97 66 91 -26 45 48 -17 19 -23 38 -26 26 51 7 
30 0 -12 -43 -36 85 -46 -25 17 53 -25 -23 57 -10 19 -17 
 5 -35 97 66 91 -24 45 48 -17 19 -23 48 -26 26 51 7 
30 0 -12 -43 -36 83 -46 -25 17 53 -25 -23 57 -10 19 -17 
 5 -35 97 66 91 -15 45 48 -17 19 -23 48 -26 26 51 7 
30 0 -21 -43 -36 83 -46 -25 17 53 -25 -23 57 -10 19 -17 
 5 -35 89 66 91 -16 45 48 -17 19 -23 48 -26 26 51 7 
30 0 -17 -43 -36 73 -46 -25 17 53 -25 -23 57 -10 19 -17 
 5 -35 97 66 91 -17 45 48 -17 19 -23 48 -26 26 51 7 
30 0 -11 -43 -36 80 -46 -25 17 53 -25 -23 57 -10 19 -17 
 5 -35 94 66 91 -21 45 48 -17 19 -23 48 -26 26 51 7 
30 0 -11 -43 -36 79 -46 -25 17 53 -25 -23 57 -10 19 -17 
 5 -35 94 66 91 -6 45 48 -17 19 -23 48 -26 26 51 7 
30 0 -11 -43 -36 86 -46 -25 17 53 -25 -23 57 -10 19 -17 
 5 -35 94 66 91 -9 45 48 -17 19 -23 48 -26 26 51 7 
30 0 -11 -43 -28 83 -46 -25 17 53 -25 -23 57 -10 19 -17 
 5 -35 94 66 94 -4 45 48 -17 19 -23 48 -26 26 51 7 
30 0 -11 -43 -36 78 -46 -25 17 53 -25 -23 57 -10 19 -17 
 5 -35 94 66 91 1 45 48 -17 19 -23 48 -26 26 51 7 
30 0 -11 -44 -36 79 -46 -25 17 53 -25 -23 57 -10 19 -17 
 5 -35 94 69 91 9 45 48 -17 19 -23 48 -26 26 51 7 
30 0 -11 -46 -35 78 -46 -25 17 53 -25 -23 57 -10 19 -17 
 5 -35 94 77 91 14 45 48 -17 19 -23 48 -26 26 51 7 
30 0 -11 -43 -32 80 -46 -25 17 53 -25 -23 57 -10 19 -17 
 5 -35 94 81 97 22 45 48 -17 19 -23 48 -26 26 51 7 
30 0 -11 -39 -32 77 -46 -25 21 53 -25 -23 57 -10 19 -17 
 5 -35 94 73 97 26 45 48 -15 19 -23 48 -26 26 51 7 
30 0 -6 -36 -32 77 -46 -29 25 53 -25 -23 57 -10 19 -17 
 5 -35 100 71 97 26 45 42 -21 19 -23 48 -26 26 51 7 
30 0 -15 -36 -32 77 -46 -33 34 53 -25 -23 57 -10 19 -17 
 5 -35 92 71 97 26 45 46 -24 19 -23 48 -26 26 51 7 
30 0 -25 -36 -32 77 -46 -37 29 53 -25 -23 57 -10 19 -17 
 5 -35 88 71 97 26 45 64 -26 19 -23 48 -26 26 51 7 
32 0 -25 -36 -32 77 -46 -50 29 53 -25 -23 46 -10 19 -17 
 6 -35 88 71 97 26 45 61 -26 19 -23 48 -27 25 51 7 
36 0 -25 -33 -32 77 -46 -50 29 53 -25 -23 40 -10 19 -17 
 11 -35 88 76 97 26 45 65 -26 19 -23 48 -34 26 51 7 
37 0 -25 -36 -32 77 -46 -50 29 53 -25 -23 40 -10 19 -17 
 3 -35 88 71 97 26 45 65 -26 19 -23 48 -21 26 51 7 
37 0 -25 -36 -32 77 -46 -50 30 53 -25 -23 51 -10 5 -17 
 3 -35 88 71 97 26 45 65 -41 19 -23 48 -16 26 64 7 
37 0 -25 -39 -32 77 -46 -50 32 53 -25 -23 61 -10 12 -17 
 3 -35 88 67 97 26 45 65 -35 19 -23 48 -18 26 68 7 
37 0 -25 -36 -32 77 -46 -50 19 53 -25 -23 69 -10 17 -17 
 3 -35 88 71 97 26 45 65 -39 19 -23 48 -6 26 74 7 
37 0 -25 -36 -32 77 -46 -50 29 53 -25 -23 69 -10 17 -17 
 3 -35 88 71 97 26 45 65 -43 19 -23 48 -6 26 74 7 
37 0 -25 -36 -32 77 -46 -50 19 53 -25 -23 69 3 17 -17 
 3 -35 88 71 97 26 45 65 -52 19 -23 48 -6 25 74 7 
37 0 -25 -36 -32 77 -46 -50 12 53 -25 -23 69 13 17 -17 
 3 -35 88 71 97 26 45 66 -58 19 -23 48 -6 23 74 7 
37 0 -25 -36 -32 77 -46 -50 28 53 -25 -23 69 10 17 -19 
 3 -35 88 71 97 26 45 66 -64 19 -23 48 -6 25 74 9 
37 0 -25 -36 -32 77 -46 -50 30 53 -25 -23 69 10 17 -21 
 3 -35 88 71 97 26 45 66 -62 19 -23 48 -6 25 74 11 
37 0 -25 -36 -32 77 -46 -50 29 53 -25 -23 69 10 17 -21 
 3 -35 88 71 97 26 43 66 -51 19 -23 48 -6 25 74 11 
37 0 -25 -36 -32 77 -39 -50 34 53 -25 -23 69 10 17 -21 
 3 -35 88 71 97 26 43 66 -55 19 -23 48 -6 25 74 11 
37 0 -25 -36 -32 77 -35 -50 34 53 -25 -23 69 10 17 -21 
 3 -35 88 71 97 26 37 66 -55 19 -23 48 -6 25 74 11 
37 0 -25 -36 -32 78 -35 -50 34 53 -25 -23 69 10 17 -21 
 3 -35 88 71 97 24 35 66 -55 19 -23 48 -6 25 74 11 
37 0 -25 -36 -32 77 -52 -50 34 53 -25 -23 69 10 17 -21 
 3 -35 88 71 97 26 47 66 -55 19 -23 48 -6 25 74 11 
37 0 -25 -36 -32 77 -56 -50 34 53 -25 -25 69 10 17 -21 
 3 -35 88 71 97 26 54 66 -55 19 -23 50 -6 25 74 11 
37 0 -25 -36 -32 77 -55 -50 34 53 -25 -23 69 10 17 -21 
 3 -35 88 71 97 26 61 66 -55 19 -23 50 -6 25 74 11 
37 0 -25 -36 -32 77 -55 -50 34 53 -25 -23 69 10 17 -21 
 3 -35 88 71 97 26 61 66 -55 19 -23 48 -6 25 74 11 
37 0 -25 -36 -31 77 -54 -50 34 53 -25 -23 69 10 17 -21 
 3 -35 88 71 103 26 57 66 -55 19 -23 48 -6 25 74 11 
37 0 -25 -36 -37 77 -50 -50 34 53 -25 -23 69 10 17 -21 
 3 -35 88 71 93 26 68 66 -55 19 -23 48 -6 25 74 11 
37 0 -25 -36 -43 70 -52 -50 34 53 -25 -23 69 10 17 -21 
 3 -35 88 71 86 32 77 66 -55 19 -23 48 -6 25 74 11 
37 0 -25 -36 -43 68 -52 -50 34 53 -25 -23 69 10 17 -21 
 3 -35 88 71 86 29 77 66 -55 19 -23 48 -6 25 74 11 
37 0 -25 -36 -43 70 -52 -50 34 53 -26 -23 69 10 17 -21 
 3 -35 88 71 86 24 77 66 -55 19 -16 48 -6 25 74 11 
37 0 -25 -36 -43 73 -52 -50 34 53 -28 -23 69 10 17 -21 
 3 -35 88 71 86 22 77 66 -55 19 -15 48 -6 25 74 11 
37 0 -25 -37 -43 64 -52 -50 34 53 -28 -23 69 10 17 -21 
 3 -35 88 70 86 16 77 66 -55 19 -12 48 -6 25 74 11 
37 0 -25 -36 -46 73 -52 -50 34 53 -29 -23 69 10 17 -21 
 3 -35 88 71 82 29 77 66 -55 19 -18 48 -6 25 74 11 
37 0 -25 -36 -35 77 -52 -50 34 53 -32 -23 69 10 17 -21 
 3 -35 88 71 80 26 77 66 -55 19 -22 48 -6 25 74 11 
37 0 -25 -36 -45 77 -44 -50 34 53 -25 -23 69 10 17 -21 
 3 -35 88 71 73 26 75 66 -55 19 -23 48 -6 25 74 11 
26 0 -25 -36 -48 77 -53 -50 37 53 -25 -23 69 10 17 -21 
 4 -35 88 71 75 26 73 66 -57 19 -23 48 -6 25 74 11 
23 0 -25 -36 -59 77 -56 -52 37 53 -25 -23 69 10 18 -21 
 0 -35 88 71 74 26 74 67 -57 19 -23 48 -6 26 74 11 
28 0 -25 -36 -63 77 -57 -53 37 53 -25 -23 69 10 23 -21 
 -8 -35 88 71 74 26 76 64 -57 19 -23 48 -6 25 67 11 
29 0 -25 -36 -63 77 -50 -57 37 53 -25 -23 69 10 23 -21 
 -15 -35 88 71 74 26 85 63 -57 19 -23 48 -6 26 67 11 
31 0 -25 -36 -63 77 -50 -67 37 53 -32 -23 69 10 23 -21 
 -15 -35 88 71 74 26 85 78 -57 19 -23 48 -6 26 67 11 
30 0 -25 -36 -63 77 -50 -71 37 53 -32 -23 69 10 23 -21 
 -2 -35 88 71 74 26 85 83 -57 19 -23 48 -6 26 67 11 
35 0 -25 -36 -63 77 -50 -68 37 53 -32 -23 69 10 23 -21 
 -3 -35 88 71 74 26 85 83 -57 19 -23 48 -6 26 67 11 
35 0 -25 -36 -63 77 -50 -89 37 53 -32 -23 69 10 23 -21 
 -3 -35 88 71 74 26 85 77 -57 19 -23 48 -6 26 67 11 
35 0 -25 -36 -63 77 -50 -86 37 53 -32 -23 69 10 23 -21 
 -3 -35 88 71 74 26 85 80 -57 19 -23 48 -6 26 67 11 
35 0 -25 -36 -63 77 -50 -86 37 53 -32 -23 69 10 23 -21 
 -3 -33 88 71 74 26 85 85 -57 19 -23 48 -6 26 67 11 
35 2 -25 -36 -63 77 -50 -86 37 53 -32 -23 69 10 23 -21 
 -3 -41 88 71 74 26 85 85 -57 19 -23 48 -6 26 67 11 
35 8 -25 -36 -63 77 -50 -78 37 53 -32 -23 69 10 23 -21 
 -3 -37 88 71 74 26 85 81 -57 19 -23 48 -6 26 67 11 
35 -6 -25 -36 -60 77 -50 -80 37 53 -32 -23 69 10 23 -21 
 -3 -35 88 71 75 26 85 85 -57 19 -23 48 -6 26 67 11 
35 -6 -25 -36 -62 77 -50 -80 37 56 -32 -23 69 10 23 -21 
 -3 -35 88 71 78 26 85 85 -57 20 -23 48 -6 26 67 11 
35 -6 -25 -36 -63 79 -50 -80 37 60 -32 -23 69 10 23 -21 
 -3 -35 88 71 74 28 85 85 -57 14 -23 48 -6 26 67 11 
35 -6 -25 -36 -63 73 -50 -80 37 50 -32 -23 69 10 23 -21 
 -3 -35 88 71 74 39 85 85 -57 14 -23 48 -6 26 67 11 
35 -6 -25 -36 -63 73 -50 -80 37 47 -32 -24 69 10 23 -21 
 -3 -35 88 71 74 39 85 85 -57 13 -23 48 -6 26 67 11 
35 -6 -25 -36 -63 74 -50 -80 37 39 -32 -23 69 10 23 -21 
 -3 -35 88 71 74 40 85 85 -57 13 -23 48 -6 26 67 11 
35 -6 -25 -36 -63 73 -50 -80 37 39 -32 -23 69 10 23 -21 
 -3 -35 88 71 74 39 85 85 -57 21 -23 48 -6 26 67 11 
35 -6 -23 -36 -63 73 -50 -80 37 47 -32 -23 69 10 23 -21 
 -3 -35 90 71 74 39 85 85 -57 12 -23 48 -6 26 67 11 
44 -6 -23 -36 -63 73 -50 -80 37 55 -32 -23 67 10 23 -21 
 -2 -35 86 71 74 39 85 85 -57 17 -23 48 -4 26 67 11 
46 -6 -23 -36 -63 73 -50 -79 37 55 -32 -23 69 10 23 -21 
 -6 -35 86 71 74 39 85 84 -57 17 -23 48 -10 26 67 11 
49 -5 -23 -36 -63 73 -50 -74 37 55 -32 -23 69 10 23 -21 
 -6 -32 86 71 74 39 85 83 -57 17 -23 48 -2 26 67 11 
49 0 -23 -36 -63 73 -50 -79 37 55 -32 -23 69 10 23 -21 
 -6 -29 86 71 74 39 85 88 -57 17 -23 48 -1 26 67 11 
49 0 -23 -36 -63 73 -50 -92 37 55 -32 -23 63 10 23 -21 
 -6 -35 86 71 74 39 85 100 -57 17 -23 48 -5 26 67 11 
49 0 -23 -36 -63 73 -50 -100 37 55 -32 -23 66 10 23 -13 
 -6 -35 86 71 74 39 85 91 -57 17 -23 48 -8 26 67 10 
49 0 -23 -36 -63 73 -50 -101 37 55 -32 -23 71 10 23 -16 
 -6 -35 86 71 74 39 85 91 -57 17 -23 48 -4 26 67 -2 
49 0 -23 -36 -63 73 -50 -101 37 55 -32 -23 66 10 23 -16 
 -6 -35 86 71 74 39 85 91 -57 17 -23 48 -8 26 67 3 
49 0 -23 -36 -63 73 -50 -101 37 55 -32 -23 78 10 23 -11 
 -6 -35 86 71 74 39 85 91 -57 17 -23 48 -3 26 67 6 
49 0 -23 -36 -63 73 -50 -101 40 55 -32 -23 77 10 23 -15 
 -6 -35 86 71 74 39 85 91 -59 17 -23 48 -7 26 67 0 
49 0 -23 -36 -63 73 -50 -101 39 55 -32 -23 69 10 23 2 
 -6 -35 86 71 74 39 85 91 -55 17 -23 48 -8 26 67 3 
49 0 -23 -36 -63 73 -50 -101 37 55 -32 -23 69 10 23 14 
 -6 -35 86 71 74 39 85 91 -57 17 -23 48 -8 26 67 5 
49 0 -23 -36 -63 73 -50 -101 37 59 -32 -23 63 11 23 14 
 -6 -35 86 71 74 39 85 91 -57 27 -23 48 0 20 67 5 
49 0 -23 -36 -63 73 -50 -101 37 50 -32 -23 55 16 23 14 
 -6 -35 86 71 74 39 85 91 -57 26 -23 48 -3 15 67 5 
49 0 -23 -36 -63 73 -50 -101 37 50 -32 -23 55 25 23 14 
 -6 -35 86 71 74 39 85 91 -57 26 -23 48 -3 2 67 5 
49 0 -23 -36 -63 73 -50 -101 37 50 -32 -23 55 21 23 14 
 -6 -35 86 71 74 39 85 91 -57 26 -23 48 -3 10 67 5 
49 0 -23 -36 -63 73 -50 -101 37 50 -32 -23 55 11 23 14 
 -6 -35 86 71 74 39 85 91 -57 26 -23 48 -3 16 67 5 
49 0 -23 -36 -63 65 -50 -101 37 50 -32 -23 55 10 23 14 
 -6 -35 86 71 74 44 85 91 -57 26 -23 48 -3 19 67 5 
49 0 -23 -36 -63 64 -50 -101 37 50 -32 -23 55 2 23 14 
 -6 -35 86 71 74 36 85 91 -57 26 -23 48 -3 8 67 5 
49 0 -23 -36 -63 67 -50 -101 37 50 -32 -23 55 6 23 14 
 -6 -35 86 69 74 37 85 91 -57 26 -23 48 -3 8 67 5 
49 0 -23 -31 -63 77 -50 -101 37 50 -30 -23 55 -5 23 14 
 -6 -35 86 79 74 18 85 91 -57 26 -23 48 -3 0 67 5 
49 0 -23 -28 -53 68 -50 -101 37 50 -27 -16 55 -5 23 14 
 -6 -35 86 78 73 17 85 91 -57 26 -21 51 -3 8 67 5 
49 0 -23 -31 -46 68 -50 -101 37 50 -27 -16 55 -5 23 14 
 -6 -35 86 69 76 17 85 91 -57 26 -21 51 -3 8 67 5 
49 0 -20 -38 -54 68 -50 -101 37 50 -27 -16 55 -5 23 14 
 -6 -35 83 67 65 17 85 91 -57 27 -21 51 -3 8 67 5 
49 0 -19 -36 -54 68 -50 -101 37 50 -27 -16 55 -5 23 14 
 -6 -35 85 80 74 17 85 91 -57 26 -21 51 -3 8 67 5 
49 0 -19 -33 -43 68 -50 -101 37 50 -27 -16 57 -5 23 14 
 -6 -35 79 71 66 17 85 91 -57 26 -21 51 -6 8 67 5 
49 0 -18 -30 -43 68 -50 -101 37 50 -27 -16 57 -5 23 14 
 -6 -35 76 64 66 17 85 91 -57 26 -21 51 -6 8 67 5 
49 0 -25 -31 -43 68 -50 -101 37 50 -27 -16 57 -5 23 14 
 -6 -35 77 58 66 17 85 91 -57 26 -21 51 -6 8 67 5 
49 0 -25 -40 -43 68 -50 -101 37 50 -27 -16 57 -5 23 14 
 -6 -35 77 54 66 17 85 91 -57 26 -21 51 -6 8 67 5 
49 0 -25 -39 -43 68 -50 -101 37 50 -27 -16 57 -5 23 14 
 -6 -35 77 61 66 17 85 91 -57 26 -21 51 -6 8 67 5 
49 0 -25 -39 -43 68 -50 -101 37 50 -27 -16 57 -5 23 14 
 -6 -35 77 59 66 17 85 91 -57 26 -21 51 -6 8 67 5 
49 0 -25 -42 -43 68 -50 -101 48 50 -27 -16 57 -5 23 14 
 -6 -35 77 57 66 17 85 91 -52 26 -21 51 -6 8 67 5 
49 0 -25 -43 -43 68 -50 -101 35 50 -27 -16 57 -5 23 14 
 -6 -35 77 50 66 17 85 91 -48 26 -21 51 -6 8 67 5 
49 0 -25 -57 -43 68 -50 -101 28 50 -27 -16 57 -5 23 14 
 -6 -35 77 50 66 17 85 91 -49 26 -21 51 -6 8 67 5 
49 0 -25 -58 -43 68 -50 -101 34 50 -27 -16 57 -5 23 14 
 -6 -35 77 44 66 17 85 91 -47 26 -21 51 -6 8 67 5 
49 5 -25 -61 -43 68 -50 -101 29 50 -27 -16 57 -5 23 14 
 -6 -37 77 52 66 17 85 91 -44 26 -21 51 -6 8 67 5 
49 5 -25 -44 -43 68 -50 -101 36 50 -27 -16 57 -5 23 14 
 -6 -31 77 47 66 17 85 91 -43 26 -21 51 -6 8 67 5 
49 2 -25 -43 -43 68 -50 -101 17 50 -27 -16 57 -5 28 14 
 -6 -27 77 43 66 17 85 91 -45 26 -21 51 -6 8 68 5 
49 0 -25 -43 -43 68 -50 -101 18 50 -27 -16 57 -5 36 14 
 -6 -35 77 43 66 17 85 91 -55 26 -21 51 -6 8 66 5 
49 0 -25 -43 -43 68 -50 -101 26 50 -27 -16 57 -5 37 14 
 -6 -35 77 43 66 17 85 91 -60 26 -21 51 -6 8 68 5 
49 0 -25 -43 -43 68 -50 -101 40 50 -27 -16 57 -5 37 14 
 -6 -35 77 43 66 17 85 91 -53 26 -21 51 -6 8 68 5 
49 0 -25 -43 -43 68 -50 -101 43 50 -27 -16 57 -5 37 14 
 -6 -35 77 43 66 17 85 91 -53 26 -21 51 -6 8 68 5 
49 0 -25 -43 -43 68 -50 -101 43 50 -27 -16 57 -5 40 14 
 -6 -35 77 43 66 17 85 91 -53 26 -21 51 -6 8 73 5 
49 0 -25 -43 -43 68 -50 -101 43 50 -27 -16 57 -5 38 14 
 -6 -35 77 43 66 17 85 91 -53 26 -21 51 -6 8 72 5 
49 0 -25 -43 -43 68 -47 -101 43 50 -27 -16 57 -5 33 14 
 -6 -35 77 43 66 17 94 91 -53 25 -21 51 -6 8 69 5 
49 0 -25 -43 -43 68 -49 -101 43 50 -27 -16 57 -5 30 19 
 -6 -35 77 43 66 17 93 91 -53 25 -21 51 -6 8 66 -11 
49 0 -25 -43 -43 68 -46 -101 43 50 -27 -16 57 -5 30 22 
 -6 -35 77 43 66 17 105 91 -53 25 -21 51 -6 8 66 -4 
49 0 -25 -43 -43 68 -46 -101 43 50 -27 -16 57 -5 30 24 
 -6 -35 77 43 66 17 105 91 -53 25 -21 51 -6 8 66 -7 
49 0 -25 -43 -43 68 -46 -101 43 50 -27 -16 57 -5 30 23 
 -6 -35 77 43 66 17 105 91 -53 25 -21 51 -6 8 66 3 
49 0 -25 -43 -43 68 -46 -101 43 50 -27 -16 57 -5 30 26 
 -6 -35 77 43 66 17 105 91 -53 25 -21 51 -6 8 66 8 
48 0 -25 -43 -43 68 -46 -101 43 50 -27 -16 57 -5 30 21 
 -4 -35 77 43 66 17 105 91 -53 25 -21 51 -6 8 66 6 
54 0 -25 -43 -43 72 -49 -101 43 50 -27 -16 57 -5 30 22 
 5 -35 77 43 66 14 110 91 -53 25 -21 51 -6 8 66 2 
54 0 -25 -43 -43 77 -45 -101 43 50 -27 -15 57 -5 30 25 
 5 -35 77 43 66 8 114 91 -53 25 -21 49 -6 8 66 -4 
54 0 -25 -47 -43 77 -36 -101 43 50 -27 -17 58 -5 30 27 
 5 -35 77 46 66 8 111 91 -53 25 -21 44 -4 8 66 -6 
54 0 -25 -43 -43 77 -36 -101 43 50 -27 -4 65 -5 30 29 
 5 -35 77 43 66 8 111 91 -53 25 -21 57 -9 8 66 -6 
54 0 -25 -43 -43 77 -36 -101 43 50 -27 -4 77 -5 30 29 
 5 -35 77 43 66 8 111 91 -53 25 -21 58 -6 8 66 -6 
54 0 -25 -41 -43 77 -36 -101 43 50 -27 2 77 -5 30 29 
 5 -35 77 39 66 8 111 91 -53 25 -21 67 -6 8 66 -6 
54 0 -25 -47 -43 77 -36 -101 43 50 -27 1 77 -5 30 29 
 5 -35 77 32 66 8 111 91 -53 25 -21 70 -6 8 66 -6 
54 0 -27 -54 -43 77 -36 -102 43 50 -23 -8 77 -5 30 29 
 5 -35 79 28 66 8 111 96 -53 25 -17 69 -6 8 66 -6 
54 0 -27 -48 -43 77 -36 -104 43 50 -23 -12 77 -5 30 29 
 5 -35 79 27 66 8 111 85 -53 25 -17 57 -6 8 66 -6 
54 0 -27 -38 -43 81 -36 -109 43 50 -23 -12 77 -5 34 29 
 5 -35 79 45 66 8 111 99 -53 26 -17 57 -6 8 66 -6 
54 0 -27 -41 -43 66 -30 -110 43 50 -23 -12 77 -5 24 29 
 5 -35 79 39 66 7 111 105 -53 26 -17 57 -6 8 71 -6 
54 0 -27 -38 -43 59 -32 -110 43 50 -23 -12 77 -5 24 29 
 5 -35 79 36 66 11 109 105 -53 26 -17 57 -6 8 71 -6 
54 0 -27 -32 -43 59 -32 -110 43 50 -23 -12 77 -5 24 29 
 5 -35 79 33 66 11 94 105 -53 26 -17 57 -6 8 71 -6 
54 0 -27 -32 -43 59 -38 -110 43 50 -23 6 77 -5 24 29 
 5 -35 79 37 66 11 91 105 -53 26 -17 62 -6 8 71 -6 
54 0 -27 -32 -43 61 -38 -110 43 50 -23 11 77 -5 24 29 
 5 -35 79 37 66 -5 91 105 -53 26 -17 63 -6 8 71 -6 
54 0 -27 -32 -43 62 -29 -110 43 50 -23 17 77 -5 24 29 
 5 -35 79 37 66 3 88 105 -53 26 -17 68 -6 8 71 -6 
54 0 -27 -32 -43 68 -30 -110 43 50 -23 17 77 -5 24 29 
 5 -35 79 37 66 5 73 105 -53 26 -17 68 -6 8 71 -6 
54 0 -27 -32 -43 66 -28 -110 43 50 -23 17 77 -5 24 29 
 5 -35 79 37 66 11 67 105 -53 26 -17 68 -6 8 71 -6 
54 0 -27 -32 -43 72 -31 -110 43 50 -23 17 77 -5 24 29 
 5 -35 79 37 66 13 67 105 -53 26 -17 68 -6 8 71 -6 
54 0 -27 -32 -43 68 -33 -110 43 50 -23 17 77 -5 24 29 
 5 -35 79 37 66 19 61 105 -53 26 -17 68 -6 8 71 -6 
54 0 -27 -32 -43 60 -34 -110 43 52 -23 17 77 -5 24 29 
 5 -35 79 37 66 24 58 105 -53 23 -17 68 -6 8 71 -6 
54 0 -27 -32 -43 62 -35 -110 43 48 -23 17 77 -5 24 29 
 5 -35 79 37 66 24 62 105 -53 14 -17 68 -6 8 71 -6 
54 0 -27 -32 -43 50 -48 -110 43 42 -23 17 77 -6 24 29 
 5 -35 79 37 66 12 78 106 -53 19 -17 68 -6 6 71 -6 
54 0 -27 -26 -43 55 -50 -110 43 51 -23 17 85 -8 24 29 
 5 -35 79 34 66 8 85 106 -53 22 -17 68 -2 10 71 -6 
54 0 -27 -36 -43 55 -50 -110 43 47 -23 17 88 -20 24 29 
 5 -35 79 46 66 8 85 106 -53 24 -17 68 -3 13 71 -6 
46 0 -27 -26 -43 55 -50 -110 43 40 -21 17 88 -21 24 29 
 -2 -35 79 49 66 6 85 106 -53 22 -15 68 -3 11 71 -6 
51 0 -27 -31 -43 55 -50 -105 43 55 -10 17 88 -14 24 29 
 -9 -35 79 51 66 8 86 109 -53 34 -15 68 -3 1 71 -6 
43 0 -27 -25 -43 55 -50 -106 53 64 -10 17 88 -17 24 29 
 4 -35 79 57 66 8 86 105 -45 43 -15 68 -3 7 71 -6 
44 0 -27 -25 -43 62 -50 -106 49 59 -10 17 88 -17 24 29 
 3 -35 79 57 66 3 86 105 -55 33 -15 68 -3 7 71 -6 
42 0 -27 -25 -43 62 -50 -106 55 57 -10 17 88 -17 24 29 
 -2 -35 79 57 66 -5 85 105 -52 34 -14 68 -3 7 71 -6 
50 0 -27 -25 -43 59 -50 -106 55 57 -10 17 88 -17 24 29 
 2 -35 79 57 66 -9 85 105 -52 34 -14 68 -3 7 71 -6 
49 0 -27 -25 -43 59 -50 -106 55 57 -10 17 88 -17 24 29 
 -3 -35 79 57 66 -9 85 105 -52 34 -14 68 -3 7 71 -6 
57 0 -27 -25 -43 59 -50 -106 55 57 -10 17 88 -17 24 29 
 5 -35 79 57 66 -9 85 105 -52 34 -14 68 -3 7 71 -6 
57 0 -27 -25 -43 59 -50 -106 55 57 -10 17 88 -17 24 29 
 3 -35 79 57 66 -9 85 105 -52 34 -14 68 -3 7 71 -6 
57 0 -27 -25 -43 59 -50 -106 55 57 -10 17 88 -17 24 29 
 3 -35 79 57 66 -9 85 105 -52 34 -14 68 -3 7 71 -6 
57 0 -27 -25 -43 59 -50 -106 55 57 -10 17 88 -17 24 29 
 3 -35 79 57 66 -9 85 105 -52 34 -14 68 -3 7 71 -6 
57 0 -27 -25 -43 59 -50 -106 55 57 -10 17 88 -17 24 29 
 3 -35 79 57 66 -9 85 105 -52 34 -14 68 -3 7 71 -6 
57 0 -27 -25 -43 59 -50 -106 55 57 -10 17 88 -17 24 29 
 3 -35 79 57 66 -9 85 105 -52 34 -14 68 -3 7 71 -6 
57 0 -27 -25 -43 61 -50 -106 55 57 -10 17 88 -17 24 29 
 3 -35 79 57 66 -16 85 105 -52 34 -14 68 -3 7 71 -6 
57 0 -27 -25 -43 68 -50 -106 55 57 -10 17 88 -17 24 29 
 3 -35 79 57 66 -8 85 105 -52 34 -14 68 -3 7 71 -6 
57 0 -27 -25 -43 68 -50 -106 55 57 -10 17 88 -17 24 29 
 3 -35 79 57 66 -7 85 105 -52 34 -14 68 -3 7 71 -6 
57 0 -27 -25 -43 64 -56 -106 55 57 -10 17 88 -17 24 29 
 3 -35 79 57 66 5 84 105 -52 34 -15 68 -3 7 71 -6 
57 0 -27 -25 -43 63 -46 -106 55 59 -10 17 88 -17 24 29 
 3 -35 79 57 66 4 71 105 -52 32 -15 68 -3 7 71 -6 
57 0 -27 -25 -43 58 -50 -106 55 71 -10 17 88 -18 24 29 
 3 -35 79 57 66 11 66 105 -52 26 -15 68 -3 9 71 -6 
57 0 -27 -25 -43 59 -50 -106 55 62 -10 17 88 -10 24 29 
 3 -35 79 57 66 11 66 105 -52 34 -15 68 -3 11 71 -6 
57 0 -27 -25 -43 59 -50 -106 55 63 -10 17 88 -11 24 29 
 3 -35 79 57 66 11 66 105 -52 27 -15 68 -3 8 71 -6 
57 0 -27 -25 -43 59 -55 -106 55 63 -10 17 88 -10 24 29 
 3 -35 79 57 66 11 69 105 -52 27 -14 68 -3 5 71 -6 
57 -4 -27 -25 -43 60 -43 -106 55 63 -10 17 88 -10 24 29 
 3 -37 79 57 66 6 74 105 -52 27 -14 68 -3 5 71 -6 
57 1 -27 -25 -43 58 -43 -104 55 63 -10 17 78 -10 24 29 
 3 -34 79 57 66 5 74 108 -52 27 -14 68 -2 5 71 -6 
57 0 -27 -25 -43 59 -43 -106 55 63 -10 17 77 -10 24 29 
 3 -35 79 57 66 5 74 105 -52 20 -14 68 0 5 71 -6 
57 0 -27 -25 -43 75 -43 -106 55 62 -10 17 70 -10 24 29 
 3 -35 79 57 66 -2 74 105 -52 12 -14 68 -4 5 71 -6 
57 0 -32 -25 -43 73 -43 -106 55 56 -10 17 78 -10 24 29 
 3 -35 77 56 66 -1 74 105 -52 23 -14 68 -12 5 71 -6 
57 0 -32 -25 -43 73 -43 -106 56 42 -10 17 79 -10 24 29 
 3 -35 77 57 66 -1 74 105 -53 23 -14 68 -9 5 71 -6 
57 0 -32 -25 -43 73 -43 -106 55 31 -10 17 79 -10 24 29 
 3 -35 77 57 66 -1 74 105 -52 23 -14 68 -9 5 71 -6 
57 0 -32 -25 -43 77 -43 -106 55 33 -18 17 79 -10 24 33 
 3 -35 77 57 66 -2 74 105 -52 19 -8 68 -9 5 71 -9 
57 0 -32 -25 -43 70 -43 -106 55 33 -20 17 79 -10 24 39 
 3 -35 77 57 66 5 74 105 -52 19 0 68 -9 6 71 -13 
57 0 -32 -25 -43 70 -43 -106 55 33 -30 17 79 -10 24 43 
 3 -35 77 57 66 5 74 105 -52 19 2 68 -9 6 71 -13 
57 0 -32 -25 -43 70 -48 -106 55 33 -35 17 79 -10 24 43 
 3 -35 77 57 66 5 74 105 -52 19 5 68 -9 6 71 -13 
57 0 -32 -23 -43 70 -51 -106 55 33 -37 19 79 -10 24 43 
 3 -35 77 59 66 5 74 105 -52 19 8 73 -9 6 71 -13 
49 0 -32 -25 -43 70 -51 -106 55 33 -30 17 79 -10 34 43 
 -1 -35 77 57 66 5 74 105 -52 19 8 74 -9 6 73 -13 
58 0 -32 -25 -42 70 -51 -106 55 33 -24 17 79 -10 35 43 
 -12 -35 77 57 66 5 74 105 -52 19 13 74 -9 6 80 -13 
57 0 -32 -25 -44 70 -51 -106 55 33 -36 17 79 -10 35 43 
 -12 -35 77 57 68 5 74 105 -52 19 12 74 -9 6 76 -13 
57 0 -32 -25 -43 70 -51 -106 55 33 -36 17 79 -10 33 43 
 -12 -35 77 57 66 5 74 105 -52 19 11 74 -9 6 70 -13 
57 0 -32 -25 -43 70 -51 -106 55 33 -36 17 79 -10 24 43 
 -12 -35 77 57 63 5 74 105 -52 19 11 74 -9 6 77 -13 
57 0 -32 -24 -43 70 -51 -106 50 33 -36 17 79 -10 23 43 
 -12 -35 77 63 63 5 74 105 -48 19 11 74 -9 6 69 -13 
57 0 -32 -23 -43 70 -51 -106 60 33 -36 17 79 -10 30 43 
 -12 -35 77 66 63 5 74 105 -50 19 11 74 -9 6 68 -13 
57 0 -32 -23 -43 70 -51 -106 44 33 -36 17 79 -10 13 43 
 -12 -35 77 66 63 5 74 105 -48 19 11 74 -9 6 74 -13 
57 0 -32 -23 -43 70 -51 -106 43 33 -36 17 79 -10 8 43 
 -12 -35 77 66 63 5 74 105 -51 19 11 74 -9 6 78 -13 
57 0 -32 -23 -43 70 -51 -106 37 33 -36 24 79 -10 22 43 
 -12 -35 77 66 63 5 74 105 -46 19 11 67 -9 6 95 -13 
57 0 -32 -23 -43 70 -54 -106 37 33 -36 16 79 -10 30 43 
 -12 -35 77 66 63 5 85 105 -46 19 11 56 -9 6 93 -13 
57 0 -32 -23 -43 70 -61 -106 37 33 -36 13 79 -10 35 43 
 -12 -35 77 66 63 5 83 105 -46 19 11 63 -9 6 97 -13 
57 0 -32 -23 -43 70 -65 -106 37 33 -36 9 79 -10 35 43 
 -12 -35 77 66 63 5 88 105 -46 19 11 58 -9 6 97 -13 
57 0 -32 -23 -43 70 -65 -106 37 33 -36 2 79 -10 35 43 
 -12 -35 77 66 63 5 88 105 -46 19 11 55 -9 6 97 -13 
57 0 -32 -23 -43 70 -65 -106 37 33 -36 -10 79 -10 35 43 
 -12 -35 77 66 63 5 88 105 -46 19 11 47 -9 6 97 -13 
57 0 -32 -23 -43 70 -65 -106 37 33 -36 0 79 -10 35 43 
 -12 -35 77 66 63 5 88 105 -46 19 11 56 -9 6 97 -13 
57 0 -32 -23 -43 70 -65 -106 37 33 -36 3 79 -10 35 43 
 -12 -35 77 66 63 5 88 105 -46 19 11 48 -9 6 97 -13 
57 0 -32 -23 -43 70 -65 -106 37 33 -36 6 79 -10 35 43 
 -12 -35 77 66 63 5 88 105 -46 19 11 56 -9 6 97 -13 
