0 0.0 1.0 
100 0.0875 0.9893151815181518 
200 0.058333333333333334 0.9881840796019901 
300 0.14583333333333334 0.9872093023255814 
400 0.0875 0.9870532003325021 
500 0.14583333333333334 0.9867514970059881 
600 0.175 0.9854686633388796 
700 0.23333333333333334 0.9842249167855445 
800 0.20416666666666666 0.9824802330420308 
900 0.20416666666666666 0.9816638919718831 
1000 0.11666666666666667 0.9812021312021312 
1100 0.14583333333333334 0.9810323947926127 
1200 0.20416666666666666 0.979766860949209 
1300 0.11666666666666667 0.9794581091468102 
1400 0.2625 0.9795622174637164 
1500 0.20416666666666666 0.9792360648456585 
1600 0.20416666666666666 0.9788881948782011 
1700 0.14583333333333334 0.9787551440329219 
1800 0.0875 0.9791597260781048 
1900 0.058333333333333334 0.9797562686305453 
2000 0.11666666666666667 0.980028735632184 
2100 0.14583333333333334 0.9802137870855149 
2200 0.175 0.9802248977737392 
2300 0.14583333333333334 0.980160799652325 
2400 0.0875 0.9804126752741913 
2500 0.11666666666666667 0.9804028388644542 
2600 0.175 0.9803040497244649 
2700 0.20416666666666666 0.9798978773293842 
2800 0.175 0.9799134237772225 
2900 0.14583333333333334 0.9800341836148455 
3000 0.11666666666666667 0.9801080195490393 
3100 0.175 0.9802133720305278 
3200 0.2625 0.9800882536707279 
3300 0.175 0.9799126527314955 
3400 0.2625 0.9796028128981672 
3500 0.175 0.9793535180424641 
3600 0.175 0.9791909654725539 
3700 0.14583333333333334 0.9790281905791227 
3800 0.11666666666666667 0.978890423572744 
3900 0.0875 0.9789028454242502 
4000 0.058333333333333334 0.9790937682246105 
4100 0.0875 0.9792835080874583 
4200 0.0875 0.9794741331429024 
4300 0.0875 0.9795628923506161 
4400 0.0875 0.9796551920018177 
4500 0.0875 0.9797896763682145 
4600 0.14583333333333334 0.9799463884662755 
4700 0.175 0.9798978940650925 
4800 0.2625 0.9798193084774005 
4900 0.23333333333333334 0.9797056723117731 
5000 0.175 0.9796424048523629 
5100 0.11666666666666667 0.9796820884793831 
5200 0.11666666666666667 0.9797106325706595 
5300 0.14583333333333334 0.9797373137143935 
5400 0.20416666666666666 0.9796457446151947 
5500 0.14583333333333334 0.9795764406471551 
5600 0.23333333333333334 0.9794657204070701 
5700 0.175 0.979304800327428 
5800 0.14583333333333334 0.9791551743952193 
5900 0.14583333333333334 0.9790501609896628 
6000 0.20416666666666666 0.9789528134199855 
6100 0.175 0.9789761241326559 
6200 0.175 0.9789019244207924 
6300 0.2916666666666667 0.9787381632545099 
6400 0.2916666666666667 0.978440868614279 
6500 0.23333333333333334 0.9782911603343075 
6600 0.14583333333333334 0.9781914356410645 
6700 0.175 0.9781755210665075 
6800 0.20416666666666666 0.9780773660736166 
6900 0.14583333333333334 0.9779603197604212 
7000 0.175 0.97799302480598 
7100 0.175 0.9779514622353659 
7200 0.058333333333333334 0.9779903254177661 
7300 0.11666666666666667 0.9780943249783135 
7400 0.175 0.9780851686709003 
7500 0.058333333333333334 0.9781095853886148 
7600 0.2625 0.978090053940271 
7700 0.175 0.9779763450634117 
7800 0.11666666666666667 0.977975045934282 
7900 0.0875 0.9780091127705354 
8000 0.11666666666666667 0.9780704495271424 
8100 0.14583333333333334 0.9780567213924207 
8200 0.20416666666666666 0.9780534894118603 
8300 0.11666666666666667 0.9780478255631851 
8400 0.14583333333333334 0.978091893822164 
8500 0.14583333333333334 0.9781628631925656 
8600 0.175 0.978186644963764 
8700 0.175 0.9781686970846263 
8800 0.20416666666666666 0.9781369541339999 
8900 0.14583333333333334 0.9780970302962214 
9000 0.23333333333333334 0.9781255786394104 
9100 0.14583333333333334 0.9781127531773065 
9200 0.20416666666666666 0.9781264717603159 
9300 0.175 0.9780861376912877 
9400 0.11666666666666667 0.9781158032833387 
9500 0.11666666666666667 0.9781965933410518 
9600 0.23333333333333334 0.9781281463736416 
9700 0.14583333333333334 0.9780671236642271 
9800 0.23333333333333334 0.9780528347447539 
9900 0.20416666666666666 0.977973605359728 
10000 0.14583333333333334 0.9778938772789387 
10100 0.14583333333333334 0.9778850278850278 
10200 0.14583333333333334 0.9778534784171486 
10300 0.175 0.9778431705659645 
10400 0.11666666666666667 0.9778506874339006 
10500 0.175 0.9778810748182712 
10600 0.11666666666666667 0.9778782662013018 
10700 0.20416666666666666 0.9779245709123758 
10800 0.0875 0.9779136962626918 
10900 0.14583333333333334 0.9780081338103538 
11000 0.20416666666666666 0.9779588219252795 
11100 0.175 0.977881121820857 
11200 0.14583333333333334 0.9778345683421124 
11300 0.175 0.9778271834350942 
11400 0.0875 0.9778378358623513 
11500 0.11666666666666667 0.9779367011564212 
11600 0.20416666666666666 0.9779210843892768 
11700 0.11666666666666667 0.9779224710138734 
11800 0.175 0.9779111233511284 
11900 0.14583333333333334 0.9779010167212839 
12000 0.058333333333333334 0.9779167708246534 
12100 0.20416666666666666 0.9779405283309919 
12200 0.14583333333333334 0.9779014015244653 
12300 0.20416666666666666 0.9778520716472916 
12400 0.2625 0.977743058355509 
12500 0.20416666666666666 0.977630789536837 
12600 0.14583333333333334 0.9776419860857604 
12700 0.14583333333333334 0.9776995905834186 
12800 0.175 0.9776911960003125 
12900 0.14583333333333334 0.9776997261194222 
13000 0.058333333333333334 0.9777392123682793 
13100 0.11666666666666667 0.9778175330127471 
13200 0.14583333333333334 0.9778908794788274 
13300 0.11666666666666667 0.9779130015287071 
13400 0.175 0.9779382135661517 
13500 0.175 0.9778457768560354 
13600 0.2916666666666667 0.9777939122123374 
13700 0.11666666666666667 0.9777750407512834 
13800 0.11666666666666667 0.9778098809265029 
13900 0.0875 0.9778292329089034 
14000 0.20416666666666666 0.9778450348784611 
14100 0.14583333333333334 0.9778047656194596 
14200 0.14583333333333334 0.9778260920592446 
14300 0.23333333333333334 0.9777518471901732 
14400 0.23333333333333334 0.9777194292063052 
14500 0.14583333333333334 0.977740902926235 
14600 0.11666666666666667 0.9777295504874095 
14700 0.11666666666666667 0.9777784391084506 
14800 0.14583333333333334 0.9777968267909826 
14900 0.14583333333333334 0.9777962329150169 
15000 0.175 0.977794813679088 
15100 0.20416666666666666 0.9777614065293689 
15200 0.175 0.9777193934609565 
15300 0.2625 0.9776425288107531 
15400 0.20416666666666666 0.9775569227106465 
15500 0.11666666666666667 0.9775624690880158 
15600 0.175 0.9775786274384121 
15700 0.2625 0.977573880644545 
15800 0.23333333333333334 0.9775438790793831 
15900 0.0875 0.9775512022304677 
16000 0.0875 0.9776165031352207 
16100 0.14583333333333334 0.9776478686624019 
16200 0.11666666666666667 0.9776752463839681 
16300 0.14583333333333334 0.9776662474694804 
16400 0.11666666666666667 0.9776499908542162 
16500 0.11666666666666667 0.9776553946225481 
16600 0.23333333333333334 0.9776401521996667 
16700 0.20416666666666666 0.9776131169790232 
16800 0.20416666666666666 0.9775563954526516 
16900 0.175 0.9775380648087885 
17000 0.2916666666666667 0.9774883340195675 
17100 0.2916666666666667 0.9773994698165799 
17200 0.0875 0.9773707439489953 
17300 0.14583333333333334 0.9773869044178564 
17400 0.20416666666666666 0.9774038369442369 
17500 0.175 0.977376530864903 
17600 0.14583333333333334 0.9773703672139841 
17700 0.175 0.9773494435342636 
17800 0.14583333333333334 0.9773147107840383 
17900 0.23333333333333334 0.977278736755861 
18000 0.2625 0.9772181638057145 
18100 0.2625 0.9771550374749093 
18200 0.11666666666666667 0.9771370162811567 
18300 0.175 0.9771289820228403 
18400 0.058333333333333334 0.9771359799286271 
18500 0.11666666666666667 0.9771651982775705 
18600 0.14583333333333334 0.9771537820547282 
18700 0.0875 0.9771790278594727 
18800 0.20416666666666666 0.9771840593585448 
18900 0.11666666666666667 0.977176472144331 
19000 0.14583333333333334 0.9771790519797203 
19100 0.029166666666666667 0.9772058181945099 
19200 0.058333333333333334 0.977278310157457 
19300 0.029166666666666667 0.977372718166589 
19400 0.0875 0.9774648643540711 
19500 0.14583333333333334 0.9774958121805719 
19600 0.11666666666666667 0.977525381358094 
19700 0.14583333333333334 0.977560995211749 
19800 0.14583333333333334 0.977576679628975 
19900 0.11666666666666667 0.977591787682361 
20000 0.058333333333333334 0.9776515340899622 
20100 0.0875 0.977695554118369 
20200 0.058333333333333334 0.9777473887431315 
20300 0.175 0.9777757253337274 
20400 0.11666666666666667 0.9777639576491348 
20500 0.2916666666666667 0.97775596312375 
20600 0.20416666666666666 0.9776982913450804 
20700 0.175 0.9777144421364508 
20800 0.20416666666666666 0.9776941813694855 
20900 0.14583333333333334 0.9776661403760586 
21000 0.14583333333333334 0.9776595955748139 
21100 0.11666666666666667 0.9776837195709525 
21200 0.11666666666666667 0.9777225523953272 
21300 0.14583333333333334 0.977732070481824 
21400 0.0875 0.9777553229599862 
21500 0.14583333333333334 0.9777266173666341 
21600 0.14583333333333334 0.977740420968165 
21700 0.0875 0.9777750257284611 
21800 0.175 0.9777942143326759 
21900 0.20416666666666666 0.9777740361931723 
22000 0.23333333333333334 0.9777707073920883 
22100 0.14583333333333334 0.9777530805544243 
22200 0.175 0.9777523159617435 
22300 0.11666666666666667 0.9777438978820083 
22400 0.029166666666666667 0.9777822418642025 
22500 0.11666666666666667 0.9778235782113388 
22600 0.11666666666666667 0.9778407666327449 
22700 0.058333333333333334 0.9778724872619414 
22800 0.14583333333333334 0.9779194625966697 
22900 0.14583333333333334 0.977930912769457 
23000 0.0875 0.9779672622929438 
23100 0.11666666666666667 0.9780018541765869 
23200 0.20416666666666666 0.9779750872807207 
23300 0.14583333333333334 0.9779725119093601 
23400 0.175 0.9779731635400196 
23500 0.20416666666666666 0.9779452647405075 
23600 0.14583333333333334 0.9779454966597461 
23700 0.0875 0.9779536376805479 
23800 0.0875 0.9779862190664258 
23900 0.14583333333333334 0.9780153898721113 
24000 0.14583333333333334 0.9780219226976654 
24100 0.11666666666666667 0.9780199300167352 
24200 0.14583333333333334 0.9780498051044723 
24300 0.175 0.9780408556575175 
24400 0.14583333333333334 0.9780292474352144 
24500 0.11666666666666667 0.97803542032298 
24600 0.14583333333333334 0.978026130374104 
24700 0.14583333333333334 0.9780251811667544 
24800 0.20416666666666666 0.9780185274787307 
24900 0.11666666666666667 0.9780259828922533 
