0 0.025 0.9964285714285714 
100 0.05 0.9961103253182461 
200 0.075 0.9937988628287135 
300 0.1 0.9917062173706692 
400 0.075 0.9912005700035625 
500 0.05 0.991331622469347 
600 0.225 0.9905633468029474 
700 0.075 0.98958121051559 
800 0.2 0.9881933297663634 
900 0.125 0.9867884889804979 
1000 0.075 0.9865563008420152 
1100 0.125 0.9865317244063838 
1200 0.175 0.9862644225050553 
1300 0.15 0.9856374217634787 
1400 0.125 0.9854568165596003 
1500 0.1 0.9855001427619682 
1600 0.1 0.9856763629874186 
1700 0.075 0.9861048122952885 
1800 0.075 0.9864856825573094 
1900 0.075 0.9865296460509506 
2000 0.075 0.9866709502391662 
2100 0.075 0.9868107023866186 
2200 0.15 0.9864363600960603 
2300 0.15 0.9861333581672564 
2400 0.075 0.9863048134705777 
2500 0.05 0.9864654138344662 
2600 0.075 0.9866287691547208 
2700 0.15 0.9865182207647961 
2800 0.175 0.9862281328097108 
2900 0.125 0.9861365538976707 
3000 0.2 0.9858630456514496 
3100 0.225 0.9852098401437325 
3200 0.075 0.9851463828267952 
3300 0.025 0.9853507595101052 
3400 0.15 0.9853971520981224 
3500 0.075 0.9854653772391562 
3600 0.175 0.9854772483833856 
3700 0.1 0.9852906550353187 
3800 0.075 0.9853835456834668 
3900 0.15 0.9853023034386788 
4000 0.175 0.985210840147106 
4100 0.125 0.9852065698261748 
4200 0.1 0.9851812493623967 
4300 0.1 0.9851737137542764 
4400 0.075 0.9852354984256825 
4500 0.125 0.9851469514711017 
4600 0.2 0.9850312043965598 
4700 0.2 0.9848406114200626 
4800 0.175 0.9846557264855536 
4900 0.125 0.9845184656192614 
5000 0.1 0.9845573742394378 
5100 0.1 0.9845919567591789 
5200 0.075 0.9845895020188425 
5300 0.05 0.9847946479100979 
5400 0.125 0.9849042505356151 
5500 0.1 0.9849085880489261 
5600 0.1 0.9849344504807815 
5700 0.1 0.9849080361841281 
5800 0.075 0.9849194720122146 
5900 0.15 0.9848488149708282 
6000 0.125 0.9847787273549646 
6100 0.175 0.9846904488725502 
6200 0.175 0.9846228718870228 
6300 0.175 0.9844831886095178 
6400 0.175 0.984415939473743 
6500 0.125 0.9843650427406773 
6600 0.125 0.984343281321012 
6700 0.075 0.9843536145991003 
6800 0.15 0.9843547167433361 
6900 0.15 0.984264702838098 
7000 0.175 0.9842042973452773 
7100 0.15 0.9841521314905345 
7200 0.125 0.9841460511436904 
7300 0.1 0.9841156788698221 
7400 0.125 0.9841956685390005 
7500 0.05 0.9842449578151484 
7600 0.075 0.9843164433251264 
7700 0.125 0.9843638117498655 
7800 0.125 0.9843765451315766 
7900 0.125 0.9844228578660928 
8000 0.1 0.984498812648419 
8100 0.075 0.9845592254924436 
8200 0.1 0.9845846325361018 
8300 0.25 0.9845126232639785 
8400 0.075 0.984503970615743 
8500 0.05 0.9845484564841112 
8600 0.075 0.9846093477502615 
8700 0.15 0.98452230449702 
8800 0.175 0.9843897609037934 
8900 0.1 0.9843504742645288 
9000 0.125 0.9844104623295824 
9100 0.1 0.9843796600059648 
9200 0.1 0.9843999875789898 
9300 0.075 0.9844402291612269 
9400 0.1 0.9844894919993313 
9500 0.075 0.9845523779451787 
9600 0.125 0.9845235615337689 
9700 0.125 0.9845306816675747 
9800 0.1 0.9845157928491262 
9900 0.075 0.9845109440604846 
10000 0.125 0.9845004785235763 
10100 0.1 0.9845241630955917 
10200 0.075 0.9845158737938857 
10300 0.05 0.9845614850153245 
10400 0.15 0.9845701649566663 
10500 0.15 0.9845422884895316 
10600 0.125 0.9845044941851847 
10700 0.175 0.9844650700201584 
10800 0.125 0.9844233999497402 
10900 0.1 0.9843808562779299 
11000 0.05 0.9844358305089148 
11100 0.15 0.9844306175762801 
11200 0.125 0.9844073233257234 
11300 0.125 0.9844084594283692 
11400 0.15 0.9843766837495458 
11500 0.175 0.9843510502192356 
11600 0.15 0.9843040008866231 
11700 0.15 0.9842479885724053 
11800 0.2 0.9841557010907066 
11900 0.1 0.9841096786584561 
12000 0.1 0.984099836918352 
12100 0.15 0.9841087513428642 
12200 0.2 0.9840282412448629 
12300 0.125 0.9839368460171647 
12400 0.175 0.9839091317520476 
12500 0.125 0.9838490063652051 
12600 0.125 0.9838436858752707 
12700 0.1 0.9838404175149313 
12800 0.125 0.9838690057696385 
12900 0.125 0.9838487049730364 
13000 0.075 0.9838704715021921 
13100 0.075 0.9838924509579421 
13200 0.075 0.9839416927289059 
13300 0.15 0.9839539454605991 
13400 0.1 0.9839572206764954 
13500 0.15 0.9839636217423048 
13600 0.15 0.9839591626666107 
13700 0.125 0.9839328724702056 
13800 0.125 0.9839538025194862 
13900 0.1 0.9839384628032927 
14000 0.1 0.9839447692511759 
14100 0.1 0.9839208465458377 
14200 0.175 0.9839070689186878 
14300 0.225 0.9838547753903324 
14400 0.225 0.9837255845328201 
14500 0.15 0.983669599140946 
14600 0.1 0.9836503370610623 
14700 0.125 0.9836490714917353 
14800 0.1 0.9836545793237909 
14900 0.15 0.9836592941988553 
15000 0.125 0.9836322816574133 
15100 0.125 0.983636608739251 
15200 0.125 0.9836244326031183 
15300 0.125 0.9836306217147338 
15400 0.1 0.9836144684482455 
15500 0.125 0.9836229459850516 
15600 0.125 0.9836081936139625 
15700 0.2 0.983573839700838 
15800 0.225 0.9835193523013914 
15900 0.225 0.9834248969067534 
16000 0.075 0.9834014838358317 
16100 0.1 0.9834049792825645 
16200 0.175 0.9833519976721014 
16300 0.15 0.9833270526786262 
16400 0.225 0.9832429642791816 
16500 0.125 0.9831741799198317 
16600 0.1 0.9831686129062793 
16700 0.175 0.9831466464796804 
16800 0.125 0.9831321690035457 
16900 0.075 0.9831607597183598 
17000 0.125 0.9831938457401665 
17100 0.175 0.9831647272089351 
17200 0.125 0.9831365701329657 
17300 0.125 0.9831343357526815 
17400 0.125 0.9831409524904151 
17500 0.15 0.9831417796534075 
17600 0.2 0.9831119579244686 
17700 0.125 0.9831074919092545 
17800 0.075 0.983097859670805 
17900 0.15 0.9830855419090713 
18000 0.125 0.9830672105517947 
18100 0.15 0.9830313242362301 
18200 0.1 0.9830415518770554 
18300 0.15 0.9830454229667387 
18400 0.2 0.9830234381671804 
18500 0.1 0.9829874060861575 
18600 0.05 0.983011282035528 
18700 0.125 0.9830322289869907 
18800 0.25 0.9830274985373119 
18900 0.175 0.9829833266569418 
19000 0.15 0.9829516491613224 
19100 0.125 0.9829597552858115 
19200 0.1 0.982989911239742 
19300 0.25 0.9829803415071018 
19400 0.15 0.9829493325086336 
19500 0.175 0.9829151618598314 
19600 0.125 0.9828864416538515 
19700 0.1 0.9828795855177764 
19800 0.125 0.9828976891498986 
19900 0.15 0.9828655415736467 
20000 0.1 0.9828522859571307 
20100 0.125 0.9828517770970883 
20200 0.125 0.9828337706054155 
20300 0.175 0.9828171729752933 
20400 0.1 0.9828157933434636 
20500 0.1 0.9828318479237946 
20600 0.15 0.9828300637278357 
20700 0.25 0.982810354227194 
20800 0.175 0.9827643931953821 
20900 0.225 0.9827245107889575 
21000 0.15 0.9827275231791683 
21100 0.125 0.9827393082250672 
21200 0.15 0.9827108896480624 
21300 0.15 0.9827005103717464 
21400 0.175 0.9826705360897688 
21500 0.05 0.9826924993521896 
21600 0.15 0.9827210380471804 
21700 0.15 0.9827317042664262 
21800 0.125 0.9827280203398271 
21900 0.125 0.9827273053415695 
22000 0.125 0.9827259475218659 
22100 0.1 0.9827171685831927 
22200 0.1 0.982735494540143 
22300 0.125 0.9827341182650362 
22400 0.1 0.9827482191483798 
22500 0.075 0.9827547347102034 
22600 0.1 0.9827773107384629 
22700 0.075 0.9828037783105842 
22800 0.125 0.9828326765116818 
22900 0.1 0.9828563319131417 
23000 0.15 0.982860527803139 
23100 0.2 0.9828453622910572 
23200 0.15 0.9827973855806708 
23300 0.15 0.9827640751163347 
23400 0.15 0.9827617256893784 
23500 0.15 0.9827498221960159 
23600 0.15 0.9827437699371092 
23700 0.175 0.9827243576220412 
23800 0.15 0.9827132113296561 
23900 0.15 0.9826931927534412 
24000 0.15 0.9826602462992613 
24100 0.175 0.9826355752873325 
24200 0.225 0.9825767235120154 
24300 0.15 0.9825354041867765 
24400 0.125 0.9825345272734723 
24500 0.05 0.9825527529488592 
24600 0.125 0.9825841864732561 
24700 0.1 0.9825971475995766 
24800 0.175 0.9825968998945895 
24900 0.2 0.9825778654901983 
