0 0.0 1.0 
100 0.07 0.9968316831683168 
200 0.11666666666666667 0.9925207296849088 
300 0.07 0.9906755260243633 
400 0.14 0.9890440565253533 
500 0.16333333333333333 0.9876979374584165 
600 0.09333333333333334 0.9872157515252357 
700 0.14 0.9862244412743699 
800 0.23333333333333334 0.9845817727840199 
900 0.09333333333333334 0.9838327783943767 
1000 0.11666666666666667 0.983989343989344 
1100 0.11666666666666667 0.9836391159551923 
1200 0.11666666666666667 0.9834471273938384 
1300 0.14 0.9833563925185754 
1400 0.11666666666666667 0.9831168213181061 
1500 0.21 0.9827514990006663 
1600 0.09333333333333334 0.9827295440349781 
1700 0.09333333333333334 0.9830550656476582 
1800 0.07 0.983070516379789 
1900 0.07 0.9833491145011397 
2000 0.11666666666666667 0.9836048642345494 
2100 0.11666666666666667 0.9836442963668095 
2200 0.07 0.9836543995153718 
2300 0.16333333333333333 0.9838504997827032 
2400 0.11666666666666667 0.9837414965986394 
2500 0.11666666666666667 0.9839357590297214 
2600 0.14 0.983920287069076 
2700 0.11666666666666667 0.9838319141058867 
2800 0.07 0.983954540045222 
2900 0.14 0.983963001263932 
3000 0.14 0.9838053982005998 
3100 0.18666666666666668 0.9837332043426852 
3200 0.16333333333333333 0.9836957200874726 
3300 0.14 0.9836453599919216 
3400 0.16333333333333333 0.9835724786827403 
3500 0.14 0.9834352089879083 
3600 0.14 0.9832389151161715 
3700 0.09333333333333334 0.9831856255066198 
3800 0.14 0.9831535560817328 
3900 0.14 0.9831222763394002 
4000 0.11666666666666667 0.9831167208197951 
4100 0.09333333333333334 0.9832130374705357 
4200 0.07 0.9832825517733873 
4300 0.14 0.9833558087266527 
4400 0.07 0.9834469438763918 
4500 0.04666666666666667 0.9835184773753981 
4600 0.09333333333333334 0.9836919510251395 
4700 0.09333333333333334 0.983707012692335 
4800 0.14 0.9837631049086996 
4900 0.18666666666666668 0.9836441542542338 
5000 0.11666666666666667 0.9835692861427714 
5100 0.09333333333333334 0.9836169378553224 
5200 0.09333333333333334 0.9836243030186502 
5300 0.04666666666666667 0.9837395459976105 
5400 0.11666666666666667 0.9838542245263223 
5500 0.09333333333333334 0.9839108040962249 
5600 0.11666666666666667 0.9839046598821639 
5700 0.16333333333333333 0.983782377360697 
5800 0.14 0.9837194736539677 
5900 0.07 0.9837784556289895 
6000 0.07 0.983934344275954 
6100 0.09333333333333334 0.9840009834453368 
6200 0.07 0.9840321453529001 
6300 0.04666666666666667 0.9841183939057292 
6400 0.09333333333333334 0.9841639327188461 
6500 0.09333333333333334 0.9841947392708814 
6600 0.09333333333333334 0.984132707165581 
6700 0.11666666666666667 0.9840874496343829 
6800 0.07 0.984062147723374 
6900 0.11666666666666667 0.984020190310583 
7000 0.14 0.9840037137551778 
7100 0.09333333333333334 0.9840219687367976 
7200 0.14 0.9839813914734065 
7300 0.11666666666666667 0.9839149888143177 
7400 0.14 0.9838233572039814 
7500 0.14 0.9838088254899346 
7600 0.07 0.9838608954962066 
7700 0.16333333333333333 0.9838064320650998 
7800 0.14 0.9837050805452292 
7900 0.14 0.9837240011812851 
8000 0.09333333333333334 0.9837616131316919 
8100 0.07 0.9838254536476978 
8200 0.07 0.9838877372678129 
8300 0.11666666666666667 0.9838923021322732 
8400 0.07 0.9839296909098123 
8500 0.023333333333333334 0.984041093204721 
8600 0.023333333333333334 0.984187497577801 
8700 0.11666666666666667 0.9842535340765429 
8800 0.11666666666666667 0.9842836041358937 
8900 0.14 0.9842676852788076 
9000 0.11666666666666667 0.9842076806280784 
9100 0.14 0.9841925795700106 
9200 0.11666666666666667 0.9841959207332537 
9300 0.11666666666666667 0.9842178260402107 
9400 0.11666666666666667 0.9842364287487146 
9500 0.11666666666666667 0.9842297302038382 
9600 0.14 0.9842162274763046 
9700 0.11666666666666667 0.9841652063361166 
9800 0.14 0.9841091045131449 
9900 0.04666666666666667 0.9841783658216342 
10000 0.09333333333333334 0.9842212445422125 
10100 0.07 0.9842758142758142 
10200 0.09333333333333334 0.9842835669705584 
10300 0.11666666666666667 0.9842882568035466 
10400 0.09333333333333334 0.9842672178957151 
10500 0.14 0.9842538805828016 
10600 0.11666666666666667 0.9842250731063107 
10700 0.16333333333333333 0.9841796716817743 
10800 0.09333333333333334 0.9841588741783168 
10900 0.14 0.9841690364798337 
11000 0.14 0.9841890131200194 
11100 0.07 0.9841975197429661 
11200 0.07 0.9842162902121835 
11300 0.09333333333333334 0.9842533109164381 
11400 0.14 0.9842522585738093 
11500 0.11666666666666667 0.9842535431701591 
11600 0.11666666666666667 0.9842786541390111 
11700 0.09333333333333334 0.9842739936757542 
11800 0.07 0.9842982233144084 
11900 0.04666666666666667 0.9843791838220878 
12000 0.07 0.9844574063272505 
12100 0.11666666666666667 0.9845010054265487 
12200 0.09333333333333334 0.984507007622326 
12300 0.07 0.984564940519741 
12400 0.07 0.9846238206596242 
12500 0.14 0.9846180305575554 
12600 0.14 0.9846025447715789 
12700 0.07 0.9845838910322022 
12800 0.16333333333333333 0.9845801109288337 
12900 0.09333333333333334 0.9845508100147276 
13000 0.09333333333333334 0.9845640078968284 
13100 0.09333333333333334 0.9845752232653996 
13200 0.16333333333333333 0.984563795672045 
13300 0.07 0.9845643184722953 
13400 0.14 0.984525035445116 
13500 0.11666666666666667 0.984498185319606 
13600 0.09333333333333334 0.9844896208612112 
13700 0.14 0.9844573388803737 
13800 0.16333333333333333 0.9844390503103639 
13900 0.14 0.9844090353211999 
14000 0.09333333333333334 0.9844115896483584 
14100 0.09333333333333334 0.984394014608893 
14200 0.09333333333333334 0.9844154167546887 
14300 0.14 0.984416241288488 
14400 0.21 0.9843418281137883 
14500 0.14 0.9842787853711238 
14600 0.07 0.9842346414629135 
14700 0.09333333333333334 0.9842584404689023 
14800 0.09333333333333334 0.9842458842870977 
14900 0.09333333333333334 0.9842657092365166 
15000 0.07 0.9842430504633024 
15100 0.11666666666666667 0.9842213539942167 
15200 0.11666666666666667 0.984199723702388 
15300 0.16333333333333333 0.9841663943533102 
15400 0.14 0.9841246239421683 
15500 0.11666666666666667 0.9840960798228071 
15600 0.11666666666666667 0.9840625600923018 
15700 0.11666666666666667 0.9840400823726727 
15800 0.16333333333333333 0.9840107166213109 
15900 0.16333333333333333 0.9839877995094648 
16000 0.16333333333333333 0.9839328791950503 
16100 0.09333333333333334 0.9838817464753742 
16200 0.18666666666666668 0.9838907063349999 
16300 0.09333333333333334 0.983871337136781 
16400 0.16333333333333333 0.9838621628762474 
16500 0.09333333333333334 0.9838589580429469 
16600 0.09333333333333334 0.9838445475172178 
16700 0.04666666666666667 0.9838662355547572 
16800 0.11666666666666667 0.9838745709580778 
16900 0.14 0.9838573654418871 
17000 0.16333333333333333 0.9838444797364861 
17100 0.04666666666666667 0.9838500672475294 
17200 0.07 0.983911206712788 
17300 0.09333333333333334 0.9839502533572241 
17400 0.07 0.9839781238626133 
17500 0.11666666666666667 0.9840066281926747 
17600 0.14 0.9840041285533019 
17700 0.11666666666666667 0.983990546673446 
17800 0.11666666666666667 0.983967754620527 
17900 0.18666666666666668 0.9839293894195855 
18000 0.09333333333333334 0.983891820824769 
18100 0.14 0.9838469329502975 
18200 0.09333333333333334 0.9838433785689431 
18300 0.09333333333333334 0.9838628125967616 
18400 0.07 0.9838974331105194 
18500 0.11666666666666667 0.9839051943138208 
18600 0.11666666666666667 0.9838994319301829 
18700 0.023333333333333334 0.9839422134288719 
18800 0.09333333333333334 0.9839964186302147 
18900 0.09333333333333334 0.9840191876973 
19000 0.07 0.9840499622826869 
19100 0.09333333333333334 0.9840615674572012 
19200 0.11666666666666667 0.9840721837404302 
19300 0.09333333333333334 0.9840666286720895 
19400 0.14 0.9840456677490851 
19500 0.11666666666666667 0.9840375707228689 
19600 0.09333333333333334 0.9840353383330782 
19700 0.14 0.9840429419826405 
19800 0.16333333333333333 0.9840252175816037 
19900 0.09333333333333334 0.9839820444533776 
20000 0.04666666666666667 0.9839963001849907 
20100 0.09333333333333334 0.9840213588047029 
20200 0.14 0.9840144877316305 
20300 0.16333333333333333 0.9839520220678785 
20400 0.11666666666666667 0.9839560152280117 
20500 0.11666666666666667 0.9839347674097199 
20600 0.09333333333333334 0.9839354076662945 
20700 0.04666666666666667 0.9839590679999356 
20800 0.09333333333333334 0.9839708026857683 
20900 0.09333333333333334 0.9839806707813024 
21000 0.07 0.983980127930416 
21100 0.11666666666666667 0.9839923858268961 
21200 0.18666666666666668 0.9839644356398283 
21300 0.16333333333333333 0.9839232899863856 
21400 0.07 0.9838998177655249 
21500 0.09333333333333334 0.9839266390710509 
21600 0.14 0.9839323796737806 
21700 0.07 0.9839462083160531 
21800 0.04666666666666667 0.9839877375655551 
21900 0.023333333333333334 0.9840375629727715 
22000 0.023333333333333334 0.9840907231489477 
22100 0.09333333333333334 0.9841397825136118 
22200 0.16333333333333333 0.9841478612074531 
22300 0.09333333333333334 0.9841449561305173 
22400 0.09333333333333334 0.9841498147404134 
22500 0.14 0.9841494452098425 
22600 0.11666666666666667 0.9841150096603395 
22700 0.11666666666666667 0.98410187510095 
22800 0.23333333333333334 0.9840683888133561 
22900 0.14 0.9840254428482017 
23000 0.11666666666666667 0.9840089561323421 
23100 0.11666666666666667 0.983973565357921 
23200 0.09333333333333334 0.9839629038978205 
23300 0.09333333333333334 0.9839657811538847 
23400 0.16333333333333333 0.983954674301668 
23500 0.14 0.9839581294413003 
23600 0.16333333333333333 0.9839229976130955 
23700 0.07 0.9839084145535351 
23800 0.14 0.9838966149881657 
23900 0.11666666666666667 0.9838637156046469 
24000 0.18666666666666668 0.9838276182936823 
24100 0.11666666666666667 0.9837923737604248 
24200 0.11666666666666667 0.9837717449692162 
24300 0.07 0.98378338339986 
24400 0.11666666666666667 0.9837818122208106 
24500 0.11666666666666667 0.9837790294273703 
24600 0.14 0.9837516090131837 
24700 0.09333333333333334 0.9837348015599908 
24800 0.25666666666666665 0.9837036141015819 
24900 0.11666666666666667 0.9836753544034376 
