0 0.0 1.0 
100 0.019444444444444445 0.9984048404840484 
200 0.058333333333333334 0.9960889994472084 
300 0.058333333333333334 0.9934477667035807 
400 0.09722222222222222 0.9913618730950402 
500 0.058333333333333334 0.9903526280771789 
600 0.03888888888888889 0.9908300979848401 
700 0.058333333333333334 0.9909058487874465 
800 0.07777777777777778 0.9906263004577611 
900 0.07777777777777778 0.9905074608459736 
1000 0.058333333333333334 0.9902791652791653 
1100 0.03888888888888889 0.990599455040872 
1200 0.07777777777777778 0.990729947266167 
1300 0.07777777777777778 0.9905820309163891 
1400 0.07777777777777778 0.9905186771353794 
1500 0.11666666666666667 0.9902472425790214 
1600 0.11666666666666667 0.9897737525157887 
1700 0.03888888888888889 0.9898866679730878 
1800 0.03888888888888889 0.9900795854155099 
1900 0.058333333333333334 0.9903121164299491 
2000 0.03888888888888889 0.9904728191459826 
2100 0.03888888888888889 0.9906446665608969 
2200 0.058333333333333334 0.9907844918976223 
2300 0.058333333333333334 0.990818001834951 
2400 0.019444444444444445 0.9909227636632885 
2500 0.03888888888888889 0.9911690879203874 
2600 0.019444444444444445 0.9913121021829211 
2700 0.058333333333333334 0.9914362993130117 
2800 0.03888888888888889 0.9915298107818636 
2900 0.058333333333333334 0.9915402734689187 
3000 0.09722222222222222 0.9915083860935244 
3100 0.09722222222222222 0.9914194345909921 
3200 0.058333333333333334 0.9912726925613523 
3300 0.07777777777777778 0.9912417112659464 
3400 0.03888888888888889 0.9912656408245941 
3500 0.058333333333333334 0.9913326351201244 
3600 0.058333333333333334 0.9913442253694962 
3700 0.11666666666666667 0.9912876399771834 
3800 0.11666666666666667 0.99115072057061 
3900 0.07777777777777778 0.9910293656897092 
4000 0.07777777777777778 0.9909536504762698 
4100 0.019444444444444445 0.9910082906608144 
4200 0.07777777777777778 0.9910292522944273 
4300 0.11666666666666667 0.9909517166550414 
4400 0.1361111111111111 0.9908133252543614 
4500 0.09722222222222222 0.990704534794737 
4600 0.03888888888888889 0.9907163901567292 
4700 0.03888888888888889 0.9907791486444965 
4800 0.03888888888888889 0.9908497072369182 
4900 0.07777777777777778 0.9907660568138021 
5000 0.019444444444444445 0.9908312781888067 
5100 0.07777777777777778 0.9909113681413231 
5200 0.09722222222222222 0.9908222777670961 
5300 0.03888888888888889 0.9908523549015908 
5400 0.09722222222222222 0.9908658890328952 
5500 0.03888888888888889 0.9908945848229614 
5600 0.058333333333333334 0.9909535003669979 
5700 0.07777777777777778 0.9909752674969303 
5800 0.019444444444444445 0.9910379436495623 
5900 0.03888888888888889 0.9910678980963679 
6000 0.03888888888888889 0.9911505489825769 
6100 0.03888888888888889 0.9912090914057805 
6200 0.058333333333333334 0.9912366285007794 
6300 0.07777777777777778 0.9912456576557513 
6400 0.03888888888888889 0.9912544046937111 
6500 0.058333333333333334 0.9912842468680032 
6600 0.03888888888888889 0.9913035062027639 
6700 0.09722222222222222 0.991280737535028 
6800 0.07777777777777778 0.9912345406721234 
6900 0.07777777777777778 0.9912247017340482 
7000 0.07777777777777778 0.9911885603643924 
7100 0.09722222222222222 0.9911342690387895 
7200 0.07777777777777778 0.9910756993627429 
7300 0.019444444444444445 0.9911404830388532 
7400 0.03888888888888889 0.9911824978606495 
7500 0.03888888888888889 0.9912400568813047 
7600 0.07777777777777778 0.9912785598386177 
7700 0.03888888888888889 0.9912695320953989 
7800 0.0 0.9913258983890955 
7900 0.058333333333333334 0.9913892756191199 
8000 0.058333333333333334 0.9913889236067713 
8100 0.07777777777777778 0.9913597772565801 
8200 0.019444444444444445 0.9914031486675067 
8300 0.058333333333333334 0.9914294127882852 
8400 0.09722222222222222 0.9914243013397875 
8500 0.07777777777777778 0.9914042792351226 
8600 0.07777777777777778 0.9913808471883114 
8700 0.07777777777777778 0.9913416720938845 
8800 0.058333333333333334 0.9913071746897448 
8900 0.07777777777777778 0.9913112134716449 
9000 0.11666666666666667 0.9912420224913281 
9100 0.07777777777777778 0.9911890024295255 
9200 0.07777777777777778 0.9911573621224746 
9300 0.07777777777777778 0.9911473079358253 
9400 0.03888888888888889 0.9911291942937512 
9500 0.09722222222222222 0.9910869031330035 
9600 0.058333333333333334 0.9910191646703468 
9700 0.019444444444444445 0.9910507507817063 
9800 0.058333333333333334 0.9910678048725187 
9900 0.03888888888888889 0.991071047817841 
10000 0.058333333333333334 0.9910914464109145 
10100 0.07777777777777778 0.991068266068266 
10200 0.058333333333333334 0.9910626953784487 
10300 0.07777777777777778 0.991063704710438 
10400 0.058333333333333334 0.9910457327821043 
10500 0.03888888888888889 0.9910820662582399 
10600 0.019444444444444445 0.9911260992149588 
10700 0.03888888888888889 0.9911480235492011 
10800 0.07777777777777778 0.9911551399561769 
10900 0.07777777777777778 0.9911307831085833 
11000 0.07777777777777778 0.9911154541506327 
11100 0.03888888888888889 0.9911376852936172 
11200 0.0 0.991194238609648 
11300 0.03888888888888889 0.991213658574954 
11400 0.03888888888888889 0.9912361488758296 
11500 0.07777777777777778 0.9912505192785168 
11600 0.058333333333333334 0.9912373454395694 
11700 0.019444444444444445 0.9912367413991207 
11800 0.058333333333333334 0.9912483876131025 
11900 0.058333333333333334 0.9912514354536034 
12000 0.019444444444444445 0.9912930866872205 
12100 0.07777777777777778 0.9913094877374689 
12200 0.07777777777777778 0.9913010317915654 
12300 0.058333333333333334 0.9912604214652828 
12400 0.07777777777777778 0.9912480176329865 
12500 0.058333333333333334 0.991226479659405 
12600 0.09722222222222222 0.9912141011736282 
12700 0.07777777777777778 0.9911955751515629 
12800 0.07777777777777778 0.9911779895667873 
12900 0.07777777777777778 0.9911447433015529 
13000 0.09722222222222222 0.9911102992077533 
13100 0.09722222222222222 0.991072352407365 
13200 0.09722222222222222 0.9910191988822395 
13300 0.03888888888888889 0.9910115363088824 
13400 0.058333333333333334 0.9910255453573117 
13500 0.09722222222222222 0.991026179130764 
13600 0.058333333333333334 0.9910280289847969 
13700 0.07777777777777778 0.9910395834853903 
13800 0.058333333333333334 0.9910394979429832 
13900 0.058333333333333334 0.9910512033506782 
14000 0.058333333333333334 0.9910464728709854 
14100 0.03888888888888889 0.991048507198071 
14200 0.09722222222222222 0.9910315392499746 
14300 0.03888888888888889 0.9910377285193731 
14400 0.03888888888888889 0.9910602272990302 
14500 0.07777777777777778 0.9910709223118712 
14600 0.03888888888888889 0.9910734805074234 
14700 0.07777777777777778 0.9910886636585569 
14800 0.03888888888888889 0.9911055183959042 
14900 0.058333333333333334 0.9911122668873826 
15000 0.03888888888888889 0.991115592293847 
15100 0.03888888888888889 0.9911391077853564 
15200 0.03888888888888889 0.9911652376671125 
15300 0.058333333333333334 0.9911752318294375 
15400 0.07777777777777778 0.9911719296726764 
15500 0.09722222222222222 0.9911537965292562 
15600 0.07777777777777778 0.9911560156400231 
15700 0.058333333333333334 0.9911479452830322 
15800 0.03888888888888889 0.991157556835362 
15900 0.11666666666666667 0.9911509758296124 
16000 0.058333333333333334 0.9911410050760716 
16100 0.058333333333333334 0.9911542761319173 
16200 0.058333333333333334 0.9911582961271252 
16300 0.058333333333333334 0.9911493159928839 
16400 0.03888888888888889 0.9911665277862461 
16500 0.03888888888888889 0.9911900962231245 
16600 0.019444444444444445 0.991217396542377 
16700 0.058333333333333334 0.9912448689033924 
16800 0.019444444444444445 0.9912744942430676 
16900 0.058333333333333334 0.991285525511311 
17000 0.07777777777777778 0.991301492069094 
17100 0.09722222222222222 0.9912862470680727 
17200 0.07777777777777778 0.9912484093302069 
17300 0.058333333333333334 0.9912506663070214 
17400 0.03888888888888889 0.9912591230389058 
17500 0.09722222222222222 0.9912595470735006 
17600 0.07777777777777778 0.9912396075980532 
17700 0.058333333333333334 0.9912296229340464 
17800 0.03888888888888889 0.9912562652535126 
17900 0.03888888888888889 0.9912712821754216 
18000 0.03888888888888889 0.9912918418112574 
18100 0.058333333333333334 0.9913130950407897 
18200 0.058333333333333334 0.9913183952041708 
18300 0.03888888888888889 0.9913266731022591 
18400 0.11666666666666667 0.9913224824737786 
18500 0.058333333333333334 0.9912931132851678 
18600 0.058333333333333334 0.9912928815057733 
18700 0.058333333333333334 0.9912938404957549 
18800 0.07777777777777778 0.9912831173282745 
18900 0.07777777777777778 0.9912723606628691 
19000 0.058333333333333334 0.9912544076627546 
19100 0.07777777777777778 0.9912378060485489 
19200 0.058333333333333334 0.9912371462134495 
19300 0.058333333333333334 0.9912330391631983 
19400 0.03888888888888889 0.9912385673132542 
19500 0.07777777777777778 0.9912327857830653 
19600 0.07777777777777778 0.9912219614645511 
19700 0.03888888888888889 0.9912229497656634 
19800 0.03888888888888889 0.991250441896874 
19900 0.07777777777777778 0.9912624435399673 
20000 0.11666666666666667 0.9912587703948136 
20100 0.03888888888888889 0.9912613523926393 
20200 0.07777777777777778 0.9912630837857311 
20300 0.07777777777777778 0.991258640789452 
20400 0.058333333333333334 0.9912519266484758 
20500 0.07777777777777778 0.9912307800703489 
20600 0.11666666666666667 0.9911964899222799 
20700 0.07777777777777778 0.991165617334643 
20800 0.03888888888888889 0.9911625509457345 
20900 0.09722222222222222 0.9911466224369914 
21000 0.03888888888888889 0.9911352104926221 
21100 0.019444444444444445 0.9911627411023174 
21200 0.03888888888888889 0.9911909291490444 
21300 0.11666666666666667 0.9911708631310997 
21400 0.019444444444444445 0.9911736990483311 
21500 0.09722222222222222 0.9911700489382923 
21600 0.058333333333333334 0.9911544733011332 
21700 0.058333333333333334 0.9911592655740391 
21800 0.058333333333333334 0.9911499982161879 
21900 0.058333333333333334 0.9911531183253935 
22000 0.07777777777777778 0.9911421955567676 
22100 0.058333333333333334 0.9911455741067523 
22200 0.07777777777777778 0.9911455439945147 
22300 0.07777777777777778 0.9911428984250831 
22400 0.09722222222222222 0.9911298602740949 
22500 0.058333333333333334 0.9911154565969907 
22600 0.07777777777777778 0.991109906641299 
22700 0.07777777777777778 0.9910960848518665 
22800 0.07777777777777778 0.9910767802581758 
22900 0.058333333333333334 0.9910650432538123 
23000 0.058333333333333334 0.9910767164712645 
23100 0.058333333333333334 0.9910760236449601 
23200 0.07777777777777778 0.991068512372551 
23300 0.03888888888888889 0.9910684567662809 
23400 0.058333333333333334 0.9910783727191146 
23500 0.07777777777777778 0.9910652738181354 
23600 0.07777777777777778 0.9910414577536734 
23700 0.07777777777777778 0.9910286251400551 
23800 0.09722222222222222 0.9909964100481305 
23900 0.058333333333333334 0.9909865463555686 
24000 0.07777777777777778 0.9909775750084487 
24100 0.07777777777777778 0.9909591118856295 
24200 0.058333333333333334 0.9909523940700339 
24300 0.058333333333333334 0.9909642492992973 
24400 0.058333333333333334 0.9909609806519769 
24500 0.09722222222222222 0.9909551310830851 
24600 0.019444444444444445 0.9909502323753777 
24700 0.058333333333333334 0.990958530693764 
24800 0.058333333333333334 0.9909628420000985 
24900 0.058333333333333334 0.9909623219058583 
