0 0.013020833333333334 0.984375 
100 0.0390625 0.9640573432343235 
200 0.041666666666666664 0.9633214137645107 
300 0.041666666666666664 0.9628495293466224 
400 0.0390625 0.962509091853699 
500 0.041666666666666664 0.962309755489022 
600 0.0390625 0.9622504159733777 
700 0.0390625 0.9620296897289586 
800 0.036458333333333336 0.9619616104868914 
900 0.036458333333333336 0.9620011330003699 
1000 0.033854166666666664 0.9619989385614386 
1100 0.041666666666666664 0.9619190887072359 
1200 0.036458333333333336 0.9619110810435748 
1300 0.0390625 0.9619063060466307 
1400 0.036458333333333336 0.9618910599571735 
1500 0.033854166666666664 0.9618483510992671 
1600 0.0390625 0.9618597751405371 
1700 0.036458333333333336 0.9618591392318244 
1800 0.0390625 0.961893276883213 
1900 0.041666666666666664 0.9618279304751886 
2000 0.033854166666666664 0.9618979572713643 
2100 0.041666666666666664 0.961910498968745 
2200 0.033854166666666664 0.962005906406179 
2300 0.0390625 0.9620319064174996 
2400 0.036458333333333336 0.9620188636679161 
2500 0.0390625 0.9620610089297614 
2600 0.0390625 0.9621649926310394 
2700 0.041666666666666664 0.9622092126372949 
2800 0.0390625 0.9621665997262883 
2900 0.0390625 0.9621933528668275 
3000 0.036458333333333336 0.9622113809285794 
3100 0.041666666666666664 0.9621719808126411 
3200 0.041666666666666664 0.9621464321045506 
3300 0.0390625 0.9621871213268707 
3400 0.041666666666666664 0.9621779439870626 
3500 0.036458333333333336 0.9621804484433019 
3600 0.041666666666666664 0.9621748588355087 
3700 0.036458333333333336 0.9621885695307575 
3800 0.0390625 0.962187856265895 
3900 0.036458333333333336 0.9622238955823293 
4000 0.041666666666666664 0.9622607368991085 
4100 0.0390625 0.9622291057059253 
4200 0.036458333333333336 0.962220056732524 
4300 0.0390625 0.9622453353871193 
4400 0.036458333333333336 0.9622493467393775 
4500 0.033854166666666664 0.9622815300303637 
4600 0.041666666666666664 0.9622602423386221 
4700 0.036458333333333336 0.962232104871304 
4800 0.041666666666666664 0.9622360575921683 
4900 0.036458333333333336 0.9622409117186969 
5000 0.033854166666666664 0.9622200559888022 
5100 0.041666666666666664 0.9622250334901653 
5200 0.036458333333333336 0.9622248125360507 
5300 0.0390625 0.9622216523611897 
5400 0.0390625 0.9622147518977967 
5500 0.036458333333333336 0.9622099959098346 
5600 0.036458333333333336 0.9622240076176873 
5700 0.0390625 0.9622247376191312 
5800 0.033854166666666664 0.962216015198529 
5900 0.036458333333333336 0.9622128841156866 
6000 0.0390625 0.9622111592512359 
6100 0.036458333333333336 0.9622171740971426 
6200 0.041666666666666664 0.9622591114336397 
6300 0.0390625 0.9622521888060096 
6400 0.041666666666666664 0.9622833183617143 
6500 0.033854166666666664 0.9622790404040404 
6600 0.036458333333333336 0.9622776536383376 
6700 0.036458333333333336 0.9622836921106303 
6800 0.0390625 0.9622719391756114 
6900 0.0390625 0.9622514701975559 
7000 0.036458333333333336 0.9622725027377041 
7100 0.036458333333333336 0.9622709389522602 
7200 0.036458333333333336 0.9622715884367912 
7300 0.041666666666666664 0.9622832774049217 
7400 0.036458333333333336 0.9622914836958969 
7500 0.0390625 0.9622907917833178 
7600 0.036458333333333336 0.9622712746129896 
7700 0.033854166666666664 0.9622813460373112 
7800 0.036458333333333336 0.9622531032346281 
7900 0.0390625 0.9622407369320339 
8000 0.0390625 0.9622430008748907 
8100 0.036458333333333336 0.9622490664732749 
8200 0.0390625 0.9622553016908507 
8300 0.0390625 0.9622610729630968 
8400 0.0390625 0.9622608171646233 
8500 0.036458333333333336 0.9622627117397953 
8600 0.033854166666666664 0.9622887842498934 
8700 0.0390625 0.9622807364096081 
8800 0.041666666666666664 0.9622755345036549 
8900 0.036458333333333336 0.9622742528929333 
9000 0.03125 0.9622834152686739 
9100 0.036458333333333336 0.9622600423946086 
9200 0.036458333333333336 0.9622601030685071 
9300 0.033854166666666664 0.9622800415725907 
9400 0.036458333333333336 0.9622929076693969 
9500 0.041666666666666664 0.9623079697751113 
9600 0.041666666666666664 0.962305901295004 
9700 0.036458333333333336 0.9623132709686286 
9800 0.041666666666666664 0.9623165046933986 
9900 0.036458333333333336 0.9623344022489311 
10000 0.0390625 0.9623363184514881 
10100 0.041666666666666664 0.9623451576576577 
10200 0.0390625 0.9623341665849753 
10300 0.036458333333333336 0.9623170687311912 
10400 0.0390625 0.9623285922026729 
10500 0.041666666666666664 0.9623374162778148 
10600 0.033854166666666664 0.9623328086186838 
10700 0.036458333333333336 0.9623243933588761 
10800 0.0390625 0.9623146872974725 
10900 0.033854166666666664 0.9623128038712044 
11000 0.0390625 0.9623126117322668 
11100 0.036458333333333336 0.9622992861003513 
11200 0.0390625 0.9622901508049877 
11300 0.0390625 0.9623012251865617 
11400 0.0390625 0.9622846954214542 
11500 0.041666666666666664 0.9622906432049387 
11600 0.036458333333333336 0.9622911009826739 
11700 0.041666666666666664 0.9622986728342307 
11800 0.036458333333333336 0.9622983927915714 
11900 0.036458333333333336 0.9623073078592835 
12000 0.041666666666666664 0.9623052245646196 
12100 0.041666666666666664 0.9623167334655538 
12200 0.033854166666666664 0.9623128995574133 
12300 0.041666666666666664 0.9623139971682519 
12400 0.041666666666666664 0.9622936574335403 
12500 0.03125 0.9623017658587313 
12600 0.033854166666666664 0.962311398896913 
12700 0.041666666666666664 0.9623091931737658 
12800 0.041666666666666664 0.9623096665625082 
12900 0.03125 0.9623109400434074 
13000 0.0390625 0.9623033805091916 
13100 0.036458333333333336 0.9623108445920159 
13200 0.033854166666666664 0.962327467300457 
13300 0.0390625 0.9623330717615217 
13400 0.0390625 0.9623255727184539 
13500 0.036458333333333336 0.9623268646766906 
13600 0.036458333333333336 0.9623246911991765 
13700 0.036458333333333336 0.962314946597572 
13800 0.0390625 0.96231307966814 
13900 0.033854166666666664 0.9623181710548402 
14000 0.0390625 0.9623192837416376 
14100 0.036458333333333336 0.9623187185306007 
14200 0.036458333333333336 0.9623115596319508 
14300 0.0390625 0.9623086890776869 
14400 0.0390625 0.9623176124921881 
14500 0.0390625 0.9623021688159438 
14600 0.036458333333333336 0.9623044155080702 
14700 0.036458333333333336 0.9623108830465048 
14800 0.033854166666666664 0.9623112810508299 
14900 0.041666666666666664 0.9623097513030445 
15000 0.036458333333333336 0.9623096307468391 
15100 0.033854166666666664 0.9623141679358983 
15200 0.041666666666666664 0.9623035696664693 
15300 0.036458333333333336 0.9622943012983901 
15400 0.0390625 0.9622909023764691 
15500 0.036458333333333336 0.9623016593015504 
15600 0.0390625 0.9622934160203406 
15700 0.0390625 0.9622851118824703 
15800 0.03125 0.9622910865346075 
15900 0.041666666666666664 0.962291417730541 
16000 0.0390625 0.9622819797720976 
16100 0.041666666666666664 0.9622953025691986 
16200 0.036458333333333336 0.9622915830812913 
16300 0.033854166666666664 0.9622891872686747 
16400 0.036458333333333336 0.9622930131292807 
16500 0.036458333333333336 0.9622840093024665 
16600 0.0390625 0.9622795062546433 
16700 0.036458333333333336 0.962282541714069 
16800 0.041666666666666664 0.962269420967006 
16900 0.0390625 0.9622673954203893 
17000 0.033854166666666664 0.9622666191204439 
17100 0.033854166666666664 0.962268136122644 
17200 0.0390625 0.9622708466562021 
17300 0.036458333333333336 0.9622673544881799 
17400 0.041666666666666664 0.9622670452368638 
17500 0.036458333333333336 0.9622649539073957 
17600 0.036458333333333336 0.9622611108743822 
17700 0.0390625 0.9622556929457846 
17800 0.0390625 0.9622567727936633 
17900 0.033854166666666664 0.9622550765320373 
18000 0.036458333333333336 0.9622575944854915 
18100 0.036458333333333336 0.9622587897998269 
18200 0.0390625 0.9622559657894255 
18300 0.03125 0.9622595759794547 
18400 0.041666666666666664 0.9622581936217235 
18500 0.0390625 0.9622655532133398 
18600 0.0390625 0.9622642935863663 
18700 0.033854166666666664 0.9622641614530417 
18800 0.036458333333333336 0.9622661084073543 
18900 0.0390625 0.9622774037528878 
19000 0.0390625 0.9622743265705314 
19100 0.036458333333333336 0.9622712816082928 
19200 0.0390625 0.962272744041109 
19300 0.036458333333333336 0.9622683895912129 
19400 0.041666666666666664 0.9622710599110011 
19500 0.0390625 0.9622718332820539 
19600 0.036458333333333336 0.962275654515926 
19700 0.0390625 0.9622770576366682 
19800 0.036458333333333336 0.962261480901638 
19900 0.041666666666666664 0.962251818375961 
20000 0.0390625 0.962255793460327 
20100 0.033854166666666664 0.9622510488698738 
20200 0.0390625 0.9622524101529627 
20300 0.0390625 0.9622549125248345 
20400 0.0390625 0.9622536885446792 
20500 0.036458333333333336 0.9622571764791962 
20600 0.041666666666666664 0.9622627795171755 
20700 0.041666666666666664 0.9622705928055005 
20800 0.033854166666666664 0.9622645595964937 
20900 0.03125 0.9622651876704464 
21000 0.041666666666666664 0.9622586176451915 
21100 0.0390625 0.9622602552406679 
21200 0.03125 0.9622580695879125 
21300 0.041666666666666664 0.9622649513716101 
21400 0.0390625 0.9622628858853948 
21500 0.033854166666666664 0.9622687123079546 
21600 0.0390625 0.9622677335540021 
21700 0.033854166666666664 0.9622677238376112 
21800 0.036458333333333336 0.9622647279176796 
21900 0.0390625 0.9622592623243992 
22000 0.0390625 0.9622479281244792 
22100 0.026041666666666668 0.9622514252748744 
22200 0.0390625 0.9622467972538774 
22300 0.0390625 0.9622415100967072 
22400 0.0390625 0.962239525207208 
22500 0.0390625 0.962246585336948 
22600 0.0390625 0.9622502415084878 
22700 0.0390625 0.9622412467145354 
22800 0.041666666666666664 0.9622323308188238 
22900 0.036458333333333336 0.9622307704903716 
23000 0.041666666666666664 0.9622310352448444 
23100 0.033854166666666664 0.9622253230379637 
23200 0.041666666666666664 0.9622248232834791 
23300 0.033854166666666664 0.962231033539333 
23400 0.03125 0.9622332957637137 
23500 0.0390625 0.9622303306242288 
23600 0.036458333333333336 0.962230369828962 
23700 0.033854166666666664 0.9622319469642631 
23800 0.036458333333333336 0.9622371215145022 
23900 0.036458333333333336 0.9622397467679177 
24000 0.041666666666666664 0.9622439776814855 
24100 0.041666666666666664 0.9622450399706789 
24200 0.036458333333333336 0.9622418968568792 
24300 0.0390625 0.9622441377583912 
24400 0.036458333333333336 0.9622404904853626 
24500 0.041666666666666664 0.9622344283566657 
24600 0.033854166666666664 0.9622311677709579 
24700 0.0390625 0.9622273010202016 
24800 0.036458333333333336 0.9622281905635526 
24900 0.036458333333333336 0.9622231118562842 
25000 0.0390625 0.9622213028145541 
25100 0.0390625 0.962221894380038 
25200 0.036458333333333336 0.962230334775075 
25300 0.0390625 0.9622266659420576 
25400 0.0390625 0.9622229234741414 
25500 0.036458333333333336 0.9622212527613296 
25600 0.036458333333333336 0.9622272241969715 
25700 0.036458333333333336 0.9622204834766481 
25800 0.0390625 0.9622146024701885 
25900 0.036458333333333336 0.9622142967452995 
26000 0.041666666666666664 0.962208685082625 
26100 0.0390625 0.9622157875496469 
26200 0.041666666666666664 0.9622176674236352 
26300 0.041666666666666664 0.9622226024359023 
26400 0.0390625 0.9622216803656427 
26500 0.036458333333333336 0.9622252855238167 
26600 0.0390625 0.9622245560943824 
26700 0.0390625 0.9622266605183326 
26800 0.033854166666666664 0.9622320529084736 
26900 0.03125 0.962224820483749 
27000 0.036458333333333336 0.9622257431823513 
27100 0.033854166666666664 0.9622334815443464 
27200 0.036458333333333336 0.9622335997144713 
27300 0.0390625 0.9622353386017606 
27400 0.0390625 0.9622389655791151 
27500 0.0390625 0.9622358429390446 
27600 0.03125 0.9622342525331208 
27700 0.0390625 0.9622327676197009 
27800 0.0390625 0.9622348529129647 
27900 0.0390625 0.9622323497963036 
28000 0.041666666666666664 0.9622333056557504 
28100 0.036458333333333336 0.9622331426521001 
28200 0.036458333333333336 0.9622346429795634 
28300 0.041666666666666664 0.9622310717819158 
28400 0.0390625 0.962236695010739 
28500 0.0390625 0.9622376188554788 
28600 0.0390625 0.9622414498910294 
28700 0.0390625 0.9622408082470995 
28800 0.0390625 0.9622384530919065 
28900 0.036458333333333336 0.9622411601963023 
29000 0.028645833333333332 0.9622438486316564 
29100 0.041666666666666664 0.9622461606416732 
29200 0.033854166666666664 0.9622487243587549 
29300 0.033854166666666664 0.9622433605792748 
29400 0.0390625 0.9622503450846344 
29500 0.041666666666666664 0.9622496906884512 
29600 0.033854166666666664 0.9622484248842944 
29700 0.033854166666666664 0.9622508501397259 
29800 0.041666666666666664 0.9622490646287037 
29900 0.03125 0.9622492941986333 
30000 0.0390625 0.9622499562514583 
30100 0.036458333333333336 0.9622471533337763 
30200 0.03125 0.9622448001169939 
30300 0.03125 0.9622418608296756 
30400 0.0390625 0.9622427956043113 
30500 0.0390625 0.9622402236811908 
30600 0.0390625 0.9622333284315328 
30700 0.0390625 0.9622336880991933 
30800 0.036458333333333336 0.9622349754607534 
30900 0.036458333333333336 0.9622336419803027 
31000 0.0390625 0.9622336611453394 
31100 0.036458333333333336 0.962231419407736 
31200 0.033854166666666664 0.9622318628943517 
31300 0.036458333333333336 0.962225314952664 
31400 0.041666666666666664 0.9622322437979682 
31500 0.0390625 0.9622321017586744 
31600 0.033854166666666664 0.9622257800386064 
31700 0.033854166666666664 0.962223276999674 
31800 0.0390625 0.9622180873505026 
31900 0.041666666666666664 0.9622177465701179 
32000 0.0390625 0.9622174892972095 
32100 0.0390625 0.9622173958755179 
32200 0.0390625 0.9622169795451487 
32300 0.036458333333333336 0.9622192263139429 
32400 0.0390625 0.962222021825458 
32500 0.036458333333333336 0.9622183900751772 
32600 0.036458333333333336 0.9622131830056337 
32700 0.0390625 0.962213502645179 
32800 0.0390625 0.9622164403016168 
32900 0.0390625 0.9622127905180187 
33000 0.0390625 0.9622128717059079 
33100 0.036458333333333336 0.9622186168846862 
33200 0.041666666666666664 0.962221817490437 
33300 0.0390625 0.9622192120106503 
33400 0.041666666666666664 0.9622227815035478 
33500 0.0390625 0.9622235312627484 
33600 0.0390625 0.9622193163893932 
33700 0.0390625 0.9622193765269083 
33800 0.033854166666666664 0.9622209001459523 
33900 0.041666666666666664 0.962218036218204 
34000 0.033854166666666664 0.9622145764095174 
34100 0.0390625 0.962215566136868 
34200 0.0390625 0.9622126667836223 
34300 0.041666666666666664 0.9622054568379931 
34400 0.0390625 0.9622080541505577 
34500 0.036458333333333336 0.9622068623614775 
34600 0.036458333333333336 0.9622059785121817 
34700 0.033854166666666664 0.9622079514999567 
34800 0.036458333333333336 0.9622114097535511 
34900 0.036458333333333336 0.9622136543365519 
35000 0.036458333333333336 0.9622120171566527 
35100 0.036458333333333336 0.9622142472199272 
35200 0.0390625 0.9622183880903005 
35300 0.0390625 0.9622121038827984 
35400 0.041666666666666664 0.9622132849354538 
35500 0.0390625 0.9622096179215609 
35600 0.036458333333333336 0.9622155539872476 
35700 0.0390625 0.9622151836316443 
35800 0.041666666666666664 0.9622186705678613 
35900 0.033854166666666664 0.9622177132948943 
36000 0.036458333333333336 0.9622227652241141 
36100 0.0390625 0.9622259857760173 
36200 0.036458333333333336 0.9622199087502187 
36300 0.041666666666666664 0.9622172368988917 
36400 0.0390625 0.9622147228098129 
36500 0.041666666666666664 0.9622083698620129 
36600 0.033854166666666664 0.9622066052384726 
36700 0.041666666666666664 0.9622030053677012 
36800 0.036458333333333336 0.9622045907946342 
36900 0.03125 0.9622054619116013 
37000 0.0390625 0.9622055541291676 
37100 0.0390625 0.9622051545106601 
37200 0.041666666666666664 0.9622057370769603 
37300 0.041666666666666664 0.9622051296658714 
37400 0.0390625 0.9622086335704036 
37500 0.0390625 0.9622076744620144 
37600 0.0390625 0.962208798192424 
37700 0.0390625 0.9622082581805964 
37800 0.0390625 0.9622084788321297 
37900 0.036458333333333336 0.9622091792872659 
38000 0.041666666666666664 0.9622138507319983 
38100 0.036458333333333336 0.9622167889294244 
38200 0.0390625 0.9622185528520196 
38300 0.036458333333333336 0.9622202395716387 
38400 0.033854166666666664 0.9622157463347308 
38500 0.036458333333333336 0.9622205429729098 
38600 0.036458333333333336 0.962221941573189 
38700 0.0390625 0.962224073129032 
38800 0.0390625 0.9622212942321074 
38900 0.036458333333333336 0.9622245545315887 
39000 0.033854166666666664 0.9622239921198602 
39100 0.036458333333333336 0.9622209017459059 
39200 0.0390625 0.9622198865037457 
39300 0.041666666666666664 0.9622190089522743 
39400 0.036458333333333336 0.9622199203911914 
39500 0.036458333333333336 0.9622179264449001 
39600 0.0390625 0.9622179153725074 
39700 0.036458333333333336 0.9622202657573696 
39800 0.041666666666666664 0.962221884605077 
39900 0.0390625 0.96221566345455 
40000 0.033854166666666664 0.9622133144588052 
40100 0.033854166666666664 0.9622161723938721 
40200 0.041666666666666664 0.9622141577116655 
40300 0.036458333333333336 0.9622155777772263 
40400 0.033854166666666664 0.9622187311782712 
40500 0.036458333333333336 0.9622179467790919 
40600 0.0390625 0.9622178717888722 
40700 0.0390625 0.9622183090300812 
40800 0.0390625 0.9622165740423029 
40900 0.041666666666666664 0.9622154842383642 
41000 0.0390625 0.9622145267798347 
41100 0.0390625 0.9622138274210684 
41200 0.036458333333333336 0.962211867329272 
41300 0.041666666666666664 0.9622116822231908 
41400 0.0390625 0.9622089190679775 
41500 0.0390625 0.9622061692288539 
41600 0.033854166666666664 0.9622082527062651 
41700 0.0390625 0.9622110131251849 
41800 0.036458333333333336 0.9622140095332647 
41900 0.036458333333333336 0.9622166187362274 
42000 0.0390625 0.9622131392704936 
42100 0.041666666666666664 0.9622119031218578 
42200 0.03125 0.9622123389651114 
42300 0.033854166666666664 0.9622130805615312 
42400 0.0390625 0.9622130202314411 
42500 0.036458333333333336 0.9622136341889995 
42600 0.0390625 0.9622146731688614 
42700 0.036458333333333336 0.9622110113541447 
42800 0.041666666666666664 0.9622109564223578 
42900 0.041666666666666664 0.9622098091147836 
43000 0.036458333333333336 0.9622117557343628 
43100 0.0390625 0.9622118202980596 
43200 0.0390625 0.9622126079257425 
43300 0.0390625 0.9622132114924212 
43400 0.0390625 0.9622172324178399 
43500 0.036458333333333336 0.9622173436625978 
43600 0.0390625 0.9622162001253793 
43700 0.0390625 0.962220246199553 
43800 0.03125 0.9622239765264111 
43900 0.0390625 0.962222529099565 
44000 0.036458333333333336 0.962222982148133 
44100 0.036458333333333336 0.9622277437964369 
44200 0.041666666666666664 0.9622280062479732 
44300 0.0390625 0.9622259161757071 
44400 0.033854166666666664 0.9622258883058189 
44500 0.036458333333333336 0.9622240464633753 
44600 0.0390625 0.9622279349117733 
44700 0.036458333333333336 0.9622267375636637 
44800 0.033854166666666664 0.962224383012284 
44900 0.0390625 0.9622254608286378 
45000 0.036458333333333336 0.9622238140078369 
45100 0.03125 0.9622224054529463 
45200 0.03125 0.9622259578512274 
45300 0.036458333333333336 0.962227195131822 
45400 0.036458333333333336 0.9622272224180084 
45500 0.0390625 0.9622292527453609 
45600 0.041666666666666664 0.9622286472153389 
45700 0.03125 0.96222741752551 
45800 0.041666666666666664 0.9622271597963654 
45900 0.036458333333333336 0.9622322929602115 
46000 0.036458333333333336 0.9622368943066455 
46100 0.036458333333333336 0.9622363352566466 
46200 0.033854166666666664 0.9622368495811779 
46300 0.036458333333333336 0.9622382053483366 
46400 0.03125 0.9622423053023282 
46500 0.041666666666666664 0.962242915474936 
46600 0.0390625 0.962238605394734 
46700 0.0390625 0.962235930886562 
46800 0.033854166666666664 0.9622360499775646 
46900 0.03125 0.9622355022636333 
47000 0.036458333333333336 0.9622332946816734 
47100 0.033854166666666664 0.9622338056339922 
47200 0.036458333333333336 0.9622360799206231 
47300 0.0390625 0.9622382895358097 
47400 0.041666666666666664 0.9622390064731405 
47500 0.03125 0.9622387335705214 
47600 0.036458333333333336 0.9622396106874506 
47700 0.041666666666666664 0.9622420673396085 
47800 0.036458333333333336 0.9622439689197576 
47900 0.0390625 0.9622408609249633 
48000 0.033854166666666664 0.9622391221884267 
48100 0.036458333333333336 0.9622429129158784 
48200 0.033854166666666664 0.9622447429341023 
48300 0.036458333333333336 0.9622428991290726 
48400 0.033854166666666664 0.9622405787070515 
48500 0.041666666666666664 0.9622393417146038 
48600 0.033854166666666664 0.9622405746109477 
48700 0.036458333333333336 0.9622384336735043 
48800 0.036458333333333336 0.9622391297480243 
48900 0.036458333333333336 0.9622365212367845 
49000 0.0390625 0.9622346674047468 
49100 0.033854166666666664 0.9622358972661792 
49200 0.0390625 0.9622377572779686 
49300 0.03125 0.9622379194472053 
49400 0.041666666666666664 0.9622417709999123 
49500 0.033854166666666664 0.9622421348390269 
49600 0.033854166666666664 0.9622423922064743 
49700 0.03125 0.9622393999450045 
49800 0.0390625 0.9622401846850465 
49900 0.0390625 0.9622385135067434 
