0 0.010416666666666666 0.9869791666666666 
100 0.078125 0.9695235148514851 
200 0.07291666666666667 0.9672470978441128 
300 0.046875 0.9677637043189369 
400 0.0625 0.9674511637572735 
500 0.07291666666666667 0.9674557135728543 
600 0.0625 0.9671987659456461 
700 0.06770833333333333 0.967174869234427 
800 0.07291666666666667 0.967088665210154 
900 0.06770833333333333 0.967024486681465 
1000 0.057291666666666664 0.9670017482517482 
1100 0.06770833333333333 0.967174727520436 
1200 0.078125 0.9669416111573689 
1300 0.0625 0.9670285677683833 
1400 0.07291666666666667 0.9670287592196051 
1500 0.057291666666666664 0.9670271902065289 
1600 0.06770833333333333 0.9669965386216948 
1700 0.0625 0.9669373407799333 
1800 0.078125 0.9669931635202665 
1900 0.06770833333333333 0.9668116013501665 
2000 0.06770833333333333 0.9667184636848243 
2100 0.057291666666666664 0.9667060824210694 
2200 0.07291666666666667 0.9666818112978949 
2300 0.057291666666666664 0.9668429939881211 
2400 0.07291666666666667 0.9668996425100652 
2500 0.06770833333333333 0.9668278521924564 
2600 0.07291666666666667 0.9668356721773677 
2700 0.052083333333333336 0.9669104035542392 
2800 0.0625 0.9669147179578722 
2900 0.07291666666666667 0.9669393815351028 
3000 0.06770833333333333 0.9669294263023437 
3100 0.06770833333333333 0.9669898151134043 
3200 0.06770833333333333 0.9670309733937311 
3300 0.052083333333333336 0.9670136259214379 
3400 0.06770833333333333 0.967009549887288 
3500 0.0625 0.9670421546224888 
3600 0.057291666666666664 0.9670389590854392 
3700 0.07291666666666667 0.9669571287039539 
3800 0.07291666666666667 0.9669405803297378 
3900 0.06770833333333333 0.9669569234384345 
4000 0.06770833333333333 0.9669600828959427 
4100 0.06770833333333333 0.9669948386572381 
4200 0.052083333333333336 0.9669671903515036 
4300 0.06770833333333333 0.9669765509958924 
4400 0.078125 0.966958858782095 
4500 0.0625 0.9669413741390802 
4600 0.078125 0.9669337055350287 
4700 0.057291666666666664 0.9668958953768702 
4800 0.057291666666666664 0.9668862389779906 
4900 0.06770833333333333 0.9668838842413113 
5000 0.06770833333333333 0.9668654810704526 
5100 0.06770833333333333 0.9668283996601974 
5200 0.07291666666666667 0.9668112702685381 
5300 0.06770833333333333 0.9668566858454379 
5400 0.06770833333333333 0.9668319524162192 
5500 0.057291666666666664 0.9668597186875114 
5600 0.0625 0.9669074160864132 
5700 0.07291666666666667 0.9669274030871777 
5800 0.0625 0.966925601907717 
5900 0.06770833333333333 0.966936218437553 
6000 0.052083333333333336 0.966909594928623 
6100 0.06770833333333333 0.9669282358083374 
6200 0.06770833333333333 0.9669311569370531 
6300 0.057291666666666664 0.9669372916997302 
6400 0.052083333333333336 0.9669440484559704 
6500 0.057291666666666664 0.966957006614367 
6600 0.0625 0.9669979769479372 
6700 0.078125 0.9669976962393673 
6800 0.0625 0.9670046990638631 
6900 0.06770833333333333 0.9669790459112206 
7000 0.052083333333333336 0.9670426546207684 
7100 0.08333333333333333 0.9669922516781674 
7200 0.057291666666666664 0.9669804975003472 
7300 0.06770833333333333 0.966977982468155 
7400 0.057291666666666664 0.9669776466018105 
7500 0.07291666666666667 0.9669394775141092 
7600 0.0625 0.9669259527255186 
7700 0.06770833333333333 0.9668850501017184 
7800 0.057291666666666664 0.9668842536213306 
7900 0.057291666666666664 0.9668969908872295 
8000 0.07291666666666667 0.9669090842811315 
8100 0.078125 0.9668739456034234 
8200 0.052083333333333336 0.9668825321099053 
8300 0.06770833333333333 0.9668752258764004 
8400 0.06770833333333333 0.9668587940919732 
8500 0.06770833333333333 0.9668399918637023 
8600 0.06770833333333333 0.9668349489400457 
8700 0.057291666666666664 0.9668336134735471 
8800 0.07291666666666667 0.9668329001439231 
8900 0.07291666666666667 0.9668430279369359 
9000 0.07291666666666667 0.9668095327371032 
9100 0.0625 0.9668348601801999 
9200 0.06770833333333333 0.9668590710248886 
9300 0.057291666666666664 0.9668432829803247 
9400 0.07291666666666667 0.9668264457681807 
9500 0.0625 0.9668343573483493 
9600 0.07291666666666667 0.966823931100927 
9700 0.07291666666666667 0.9668180148953716 
9800 0.06770833333333333 0.9668108908954869 
9900 0.06770833333333333 0.9668228482813184 
10000 0.07291666666666667 0.9668309210745593 
10100 0.07291666666666667 0.9668055761805762 
10200 0.0625 0.9668047250269581 
10300 0.06770833333333333 0.9667965589910364 
10400 0.0625 0.9667895514854341 
10500 0.078125 0.9667811894898899 
10600 0.057291666666666664 0.9667712656824828 
10700 0.06770833333333333 0.9667814826495966 
10800 0.0625 0.9667804196370706 
10900 0.06770833333333333 0.9667889318258264 
11000 0.06770833333333333 0.9667795351937702 
11100 0.08333333333333333 0.9667864944599586 
11200 0.06770833333333333 0.9667786823349106 
11300 0.0625 0.966793821711943 
11400 0.06770833333333333 0.96678471186738 
11500 0.057291666666666664 0.9667968183926036 
11600 0.078125 0.9667768403585898 
11700 0.057291666666666664 0.9667716701563969 
11800 0.052083333333333336 0.9667838001016863 
11900 0.06770833333333333 0.966801634316444 
12000 0.052083333333333336 0.9668076705413438 
12100 0.06770833333333333 0.9668118853813734 
12200 0.0625 0.966814750498593 
12300 0.052083333333333336 0.966799574221608 
12400 0.0625 0.9668182421444507 
12500 0.0625 0.966826195571021 
12600 0.078125 0.9668003366134963 
12700 0.06770833333333333 0.9667802157966564 
12800 0.06770833333333333 0.9667783115902403 
12900 0.0625 0.9667754276154303 
13000 0.057291666666666664 0.966773188921365 
13100 0.07291666666666667 0.9667741648220237 
13200 0.06770833333333333 0.9667601333863596 
13300 0.06770833333333333 0.9667600180437561 
13400 0.057291666666666664 0.9667569895281447 
13500 0.0625 0.9667717514751993 
13600 0.078125 0.9667759570374728 
13700 0.0625 0.9667690770746661 
13800 0.078125 0.9667941861097022 
13900 0.0625 0.9667799678680191 
14000 0.0625 0.9667858545818155 
14100 0.07291666666666667 0.9667870408127083 
14200 0.06770833333333333 0.9667816086895289 
14300 0.07291666666666667 0.9667897276996946 
14400 0.0625 0.9667917664861236 
14500 0.046875 0.96679287922672 
14600 0.07291666666666667 0.9667911230395179 
14700 0.07291666666666667 0.9667768136521325 
14800 0.0625 0.9667780048645361 
14900 0.0625 0.9667816267923853 
15000 0.06770833333333333 0.9667706180699065 
15100 0.057291666666666664 0.9667709643952939 
15200 0.06770833333333333 0.9667673659079447 
15300 0.06770833333333333 0.9667614317147027 
15400 0.057291666666666664 0.9667733291128282 
15500 0.07291666666666667 0.9667778490097413 
15600 0.057291666666666664 0.9667667871183471 
15700 0.06770833333333333 0.9667931846166911 
15800 0.07291666666666667 0.9667998003818323 
15900 0.06770833333333333 0.9667856974404125 
16000 0.06770833333333333 0.9667916263046059 
16100 0.0625 0.9668013632693622 
16200 0.0625 0.9667969955558299 
16300 0.06770833333333333 0.966791403390385 
16400 0.0625 0.9667873084466394 
16500 0.06770833333333333 0.9667808958547967 
16600 0.07291666666666667 0.9667800509005482 
16700 0.06770833333333333 0.9667745382013053 
16800 0.052083333333333336 0.9667811811796917 
16900 0.078125 0.9667848179594896 
17000 0.057291666666666664 0.9667815189792758 
17100 0.07291666666666667 0.966785872658519 
17200 0.06770833333333333 0.966781091942329 
17300 0.052083333333333336 0.9667945795522417 
17400 0.078125 0.9667833685324598 
17500 0.06770833333333333 0.9667749640496733 
17600 0.057291666666666664 0.9667817465390224 
17700 0.057291666666666664 0.9667818320057248 
17800 0.06770833333333333 0.9667905478156658 
17900 0.06770833333333333 0.9667771993650262 
18000 0.0625 0.9667645778938208 
18100 0.07291666666666667 0.9667546855146124 
18200 0.07291666666666667 0.9667501957310037 
18300 0.06770833333333333 0.966753296723312 
18400 0.06770833333333333 0.9667539581182182 
18500 0.0625 0.9667539085725096 
18600 0.078125 0.9667593196154328 
18700 0.07291666666666667 0.9667478232001854 
18800 0.0625 0.9667558407797457 
18900 0.06770833333333333 0.9667600534804155 
19000 0.0625 0.9667632624598705 
19100 0.07291666666666667 0.9667656198192067 
19200 0.078125 0.9667584587608284 
19300 0.07291666666666667 0.9667485385040498 
19400 0.0625 0.9667556333006889 
19500 0.078125 0.9667595839102269 
19600 0.07291666666666667 0.9667696057173953 
19700 0.07291666666666667 0.966766307336345 
19800 0.06770833333333333 0.9667567294581082 
19900 0.057291666666666664 0.9667615111468435 
20000 0.07291666666666667 0.9667692396630169 
20100 0.06770833333333333 0.9667741706465681 
20200 0.052083333333333336 0.9667720915218718 
20300 0.057291666666666664 0.9667622079372117 
20400 0.06770833333333333 0.9667651861428361 
20500 0.07291666666666667 0.9667681352942132 
20600 0.07291666666666667 0.9667754801546851 
20700 0.07291666666666667 0.9667846410398854 
20800 0.06770833333333333 0.9667857014085861 
20900 0.057291666666666664 0.9668010800918616 
21000 0.057291666666666664 0.9667956039791756 
21100 0.0625 0.9667930183008704 
21200 0.07291666666666667 0.9667952474726035 
21300 0.07291666666666667 0.9667869417320001 
21400 0.07291666666666667 0.9667942892076694 
21500 0.078125 0.9667975714307862 
21600 0.057291666666666664 0.9668066100334861 
21700 0.06770833333333333 0.9668162853478335 
21800 0.06770833333333333 0.9668212132853233 
21900 0.0625 0.9668202698126417 
22000 0.052083333333333336 0.9668241879157008 
22100 0.06770833333333333 0.9668291310347948 
22200 0.0625 0.9668285165458013 
22300 0.0625 0.966819733420026 
22400 0.07291666666666667 0.9668104474502627 
22500 0.06770833333333333 0.9668186043583248 
22600 0.0625 0.9668220801439464 
22700 0.0625 0.9668219691129613 
22800 0.06770833333333333 0.9668163768401971 
22900 0.078125 0.9668106059779049 
23000 0.06770833333333333 0.9668060174919931 
23100 0.0625 0.9668089088856182 
23200 0.07291666666666667 0.966810428429809 
23300 0.07291666666666667 0.9668103702630788 
23400 0.078125 0.966808198189536 
23500 0.06770833333333333 0.9668133581195126 
23600 0.0625 0.966808322917108 
23700 0.078125 0.9668049783412795 
23800 0.0625 0.9667955346764141 
23900 0.0625 0.9667981552375773 
24000 0.07291666666666667 0.9667876251683958 
24100 0.07291666666666667 0.966777722743178 
24200 0.057291666666666664 0.9667762954010165 
24300 0.078125 0.9667784161831474 
24400 0.06770833333333333 0.9667698472057156 
24500 0.06770833333333333 0.9667623047698733 
24600 0.057291666666666664 0.9667678439562077 
24700 0.0625 0.9667794530923175 
24800 0.078125 0.9667917036275419 
24900 0.0625 0.9667847174812256 
25000 0.06770833333333333 0.9667872660093596 
25100 0.06770833333333333 0.966784814350026 
25200 0.06770833333333333 0.9667726685779665 
25300 0.06770833333333333 0.9667764696388812 
25400 0.06770833333333333 0.966769373417057 
25500 0.057291666666666664 0.9667591671241651 
25600 0.06770833333333333 0.9667519904821427 
25700 0.0625 0.9667495306602856 
25800 0.07291666666666667 0.9667458787127114 
25900 0.07291666666666667 0.9667490918947789 
26000 0.078125 0.9667519798917991 
26100 0.057291666666666664 0.9667549455320996 
26200 0.06770833333333333 0.9667671319796954 
26300 0.07291666666666667 0.9667678391506026 
26400 0.06770833333333333 0.9667622280721689 
26500 0.057291666666666664 0.966764618945197 
26600 0.07291666666666667 0.9667567126235855 
26700 0.0625 0.9667555951400072 
26800 0.07291666666666667 0.9667514738256036 
26900 0.057291666666666664 0.966746221484951 
27000 0.06770833333333333 0.9667399471315877 
27100 0.06770833333333333 0.9667477483918182 
27200 0.07291666666666667 0.9667454398122618 
27300 0.06770833333333333 0.9667406680768714 
27400 0.078125 0.9667315593713125 
27500 0.06770833333333333 0.9667289560682641 
27600 0.078125 0.9667275981848483 
27700 0.06770833333333333 0.966732172725413 
27800 0.078125 0.9667367143567978 
27900 0.0625 0.9667366499707298 
28000 0.06770833333333333 0.966728029802507 
28100 0.078125 0.9667185442688873 
28200 0.057291666666666664 0.9667157747065707 
28300 0.07291666666666667 0.9667137608506178 
28400 0.057291666666666664 0.966712036254592 
28500 0.06770833333333333 0.9667139786030899 
28600 0.06770833333333333 0.9667129937181683 
28700 0.07291666666666667 0.9667112898214929 
28800 0.06770833333333333 0.9667120390785042 
28900 0.052083333333333336 0.966718279644303 
29000 0.078125 0.9667196282024758 
29100 0.078125 0.9667178354409356 
29200 0.06770833333333333 0.9667129336324098 
29300 0.0625 0.966715442021319 
29400 0.0625 0.96671722475426 
29500 0.07291666666666667 0.9667117569460922 
29600 0.0625 0.9667105489116359 
29700 0.07291666666666667 0.9667146097774486 
29800 0.07291666666666667 0.9667105165654396 
29900 0.078125 0.9667185566536236 
30000 0.052083333333333336 0.9667170816528338 
30100 0.057291666666666664 0.9667134535951186 
30200 0.0625 0.9667157992836882 
30300 0.07291666666666667 0.9667201061846143 
30400 0.07291666666666667 0.9667149620900628 
30500 0.06770833333333333 0.966713010775603 
30600 0.07291666666666667 0.9667144762426064 
30700 0.07291666666666667 0.9667149991042637 
30800 0.07291666666666667 0.9667110375204269 
30900 0.078125 0.9667032249495702 
31000 0.08333333333333333 0.9667028550154296 
31100 0.06770833333333333 0.9667035759836232 
31200 0.0625 0.9667040419377584 
31300 0.06770833333333333 0.9667063352608543 
31400 0.06770833333333333 0.9667085310446589 
31500 0.07291666666666667 0.9667142676687512 
31600 0.0625 0.9667134577755978 
31700 0.06770833333333333 0.9667090384898478 
31800 0.046875 0.9667086595809357 
31900 0.078125 0.9667051810026854 
32000 0.06770833333333333 0.9667008290105518 
32100 0.07291666666666667 0.9667015338307218 
32200 0.08333333333333333 0.9666928530946244 
32300 0.057291666666666664 0.9667016404290889 
32400 0.07291666666666667 0.9667050689021944 
32500 0.057291666666666664 0.9667038289847492 
32600 0.06770833333333333 0.9667067504319908 
32700 0.07291666666666667 0.9667073445766184 
32800 0.0625 0.9667053945255734 
32900 0.06770833333333333 0.9666981531716361 
33000 0.06770833333333333 0.9666967162611234 
33100 0.07291666666666667 0.9667030766945611 
33200 0.07291666666666667 0.9667006923737237 
33300 0.07291666666666667 0.9666982441718467 
33400 0.07291666666666667 0.9666842715537459 
33500 0.06770833333333333 0.966675124125648 
33600 0.06770833333333333 0.9666768040137694 
33700 0.0625 0.9666731421174446 
33800 0.06770833333333333 0.966666728301924 
33900 0.06770833333333333 0.9666644236158225 
34000 0.078125 0.9666582263511857 
34100 0.06770833333333333 0.9666599311603765 
34200 0.0625 0.9666601031402591 
34300 0.06770833333333333 0.9666559466196321 
34400 0.0625 0.9666542366743215 
34500 0.052083333333333336 0.9666546501067602 
34600 0.06770833333333333 0.9666626626879763 
34700 0.0625 0.9666631245016954 
34800 0.06770833333333333 0.9666617877359845 
34900 0.07291666666666667 0.9666571755346074 
35000 0.046875 0.966657351456625 
35100 0.057291666666666664 0.9666600488590069 
35200 0.0625 0.9666591059202864 
35300 0.06770833333333333 0.9666594961899097 
35400 0.0625 0.9666560590331723 
35500 0.06770833333333333 0.9666632043228829 
35600 0.07291666666666667 0.9666603612492158 
35700 0.0625 0.9666649014266641 
35800 0.0625 0.9666702891213467 
35900 0.057291666666666664 0.96666911843217 
36000 0.057291666666666664 0.9666701966612039 
36100 0.06770833333333333 0.9666666522395502 
36200 0.052083333333333336 0.9666700332863734 
36300 0.046875 0.9666666523190363 
36400 0.06770833333333333 0.9666650069137295 
36500 0.0625 0.9666575915728336 
36600 0.052083333333333336 0.9666578298179467 
36700 0.06770833333333333 0.9666543060815782 
36800 0.07291666666666667 0.9666556134117732 
36900 0.0625 0.9666533144991554 
37000 0.06770833333333333 0.9666609517310343 
37100 0.07291666666666667 0.96666679301097 
37200 0.07291666666666667 0.9666618924894492 
37300 0.057291666666666664 0.9666623241780828 
37400 0.0625 0.9666655386888051 
37500 0.06770833333333333 0.966660472387403 
37600 0.06770833333333333 0.9666583418659078 
37700 0.07291666666666667 0.9666639589577641 
37800 0.06770833333333333 0.9666597637408182 
37900 0.06770833333333333 0.9666583390499811 
38000 0.057291666666666664 0.9666611021201197 
38100 0.06770833333333333 0.9666579726691338 
38200 0.06770833333333333 0.9666581317679293 
38300 0.057291666666666664 0.9666619616110981 
38400 0.0625 0.9666608210072655 
38500 0.06770833333333333 0.9666667207778153 
38600 0.06770833333333333 0.9666767727304129 
38700 0.06770833333333333 0.9666723728069042 
38800 0.0625 0.9666773246823536 
38900 0.06770833333333333 0.9666804436261278 
39000 0.0625 0.9666801412143279 
39100 0.0625 0.9666763104950428 
39200 0.07291666666666667 0.9666733629244152 
39300 0.06770833333333333 0.9666700327811846 
39400 0.0625 0.966669429392655 
39500 0.06770833333333333 0.9666653349493262 
39600 0.0625 0.9666621818262165 
39700 0.078125 0.9666619963393029 
39800 0.0625 0.9666641018232373 
39900 0.0625 0.966665739893737 
40000 0.0625 0.9666641146471339 
40100 0.06770833333333333 0.966665874396316 
40200 0.06770833333333333 0.9666630908849697 
40300 0.06770833333333333 0.9666570256734738 
40400 0.052083333333333336 0.9666578230324332 
40500 0.06770833333333333 0.9666564302939022 
40600 0.052083333333333336 0.9666565837869346 
40700 0.0625 0.9666599996519332 
40800 0.057291666666666664 0.9666607819048553 
40900 0.06770833333333333 0.9666605416126746 
41000 0.06770833333333333 0.9666605565514662 
41100 0.07291666666666667 0.9666662738335645 
41200 0.0625 0.966667159676545 
41300 0.07291666666666667 0.9666627447479076 
41400 0.06770833333333333 0.9666613074965983 
41500 0.07291666666666667 0.9666606929150302 
41600 0.052083333333333336 0.9666622096423965 
41700 0.07291666666666667 0.9666657174488221 
41800 0.07291666666666667 0.9666692707710342 
41900 0.046875 0.9666723720794254 
42000 0.0625 0.9666758306349849 
42100 0.06770833333333333 0.966673582080394 
42200 0.07291666666666667 0.966671035638966 
42300 0.07291666666666667 0.9666734878214069 
42400 0.0625 0.9666742701626534 
42500 0.06770833333333333 0.9666719238959083 
42600 0.06770833333333333 0.9666672657331987 
42700 0.078125 0.9666644589705159 
42800 0.0625 0.9666557634946223 
42900 0.0625 0.9666571850500766 
43000 0.0625 0.9666553297210142 
43100 0.06770833333333333 0.9666520329188031 
43200 0.06770833333333333 0.966652006512195 
43300 0.0625 0.9666509578300732 
43400 0.07291666666666667 0.9666523140787847 
43500 0.0625 0.9666503715431829 
43600 0.07291666666666667 0.966652260460387 
43700 0.078125 0.9666513995675157 
43800 0.0625 0.9666478671529569 
43900 0.0625 0.9666444101501105 
44000 0.06770833333333333 0.9666486628144815 
44100 0.078125 0.9666507113406347 
44200 0.06770833333333333 0.9666462108700407 
44300 0.057291666666666664 0.9666432003039811 
44400 0.07291666666666667 0.9666430772017147 
44500 0.06770833333333333 0.9666426620562834 
44600 0.07291666666666667 0.966642015220137 
44700 0.07291666666666667 0.9666407887034593 
44800 0.07291666666666667 0.9666340455570188 
44900 0.046875 0.9666343502000698 
45000 0.07291666666666667 0.9666370261216417 
45100 0.0625 0.9666398056584111 
45200 0.07291666666666667 0.9666370420455299 
45300 0.0625 0.9666377397849937 
45400 0.0625 0.9666379182176604 
45500 0.06770833333333333 0.9666380958660249 
45600 0.0625 0.9666418134105246 
45700 0.057291666666666664 0.9666432923604881 
45800 0.06770833333333333 0.9666521564303545 
45900 0.06770833333333333 0.9666495215245855 
46000 0.08333333333333333 0.9666524459613197 
46100 0.07291666666666667 0.9666577867074467 
46200 0.0625 0.9666547621624352 
46300 0.057291666666666664 0.9666588374621139 
46400 0.06770833333333333 0.9666590788273242 
46500 0.078125 0.9666568550497122 
46600 0.07291666666666667 0.9666534672896862 
46700 0.052083333333333336 0.9666505401383269 
46800 0.06770833333333333 0.9666519100375348 
46900 0.07291666666666667 0.9666501647086416 
47000 0.0625 0.9666508646979143 
47100 0.07291666666666667 0.9666482996645507 
47200 0.0625 0.9666492764983793 
47300 0.06770833333333333 0.9666491480976441 
47400 0.078125 0.9666440757227344 
47500 0.06770833333333333 0.9666430816368778 
47600 0.052083333333333336 0.9666447724312515 
47700 0.07291666666666667 0.9666422524335618 
47800 0.06770833333333333 0.9666400698555818 
47900 0.06770833333333333 0.9666373527344593 
48000 0.057291666666666664 0.966639041374138 
48100 0.078125 0.9666338472692876 
48200 0.06770833333333333 0.966637481155301 
48300 0.0625 0.9666388355486084 
48400 0.06770833333333333 0.9666345887309491 
48500 0.057291666666666664 0.966634493790506 
48600 0.0625 0.9666322559378064 
48700 0.0625 0.966631364089033 
48800 0.057291666666666664 0.9666329839552468 
48900 0.0625 0.9666342244194052 
49000 0.06770833333333333 0.9666323774004613 
49100 0.057291666666666664 0.966629211981426 
49200 0.07291666666666667 0.9666276473039166 
49300 0.057291666666666664 0.9666297864985836 
49400 0.057291666666666664 0.9666312844544307 
49500 0.0625 0.9666302511565423 
49600 0.07291666666666667 0.9666259143800864 
49700 0.078125 0.9666285638115933 
49800 0.06770833333333333 0.9666236203422957 
49900 0.06770833333333333 0.9666216191392291 
