0 0.0078125 0.9947916666666666 
100 0.078125 0.9811004537953796 
200 0.0703125 0.9780913142620232 
300 0.0859375 0.9757838455149501 
400 0.078125 0.975094815045719 
500 0.078125 0.9749043579507651 
600 0.1015625 0.974066659733777 
700 0.0703125 0.9740660663338089 
800 0.0625 0.9741696577195172 
900 0.0859375 0.9744641370699223 
1000 0.1015625 0.9742002788877789 
1100 0.0703125 0.9737667461398728 
1200 0.09375 0.9731712288370802 
1300 0.0625 0.9731196355367666 
1400 0.0859375 0.9728765167737331 
1500 0.0703125 0.9726501776593383 
1600 0.0625 0.9725253097022695 
1700 0.0859375 0.97275958994709 
1800 0.0625 0.9727596358504534 
1900 0.078125 0.9728035135016658 
2000 0.09375 0.9728078668998834 
2100 0.0703125 0.9727709027447248 
2200 0.078125 0.9728970259730425 
2300 0.0859375 0.9729714435752571 
2400 0.078125 0.9729474698042482 
2500 0.0703125 0.9730035069305611 
2600 0.078125 0.9728730135845187 
2700 0.0625 0.9728746297667531 
2800 0.0625 0.9729207574675711 
2900 0.0703125 0.9729215141330576 
3000 0.078125 0.9729855673108964 
3100 0.078125 0.9729640304202946 
3200 0.1015625 0.972854348901385 
3300 0.0703125 0.9728191583358579 
3400 0.0859375 0.9727523461236891 
3500 0.078125 0.9728098519470627 
3600 0.1015625 0.9728562089234472 
3700 0.078125 0.9728564351976943 
3800 0.109375 0.972754565684469 
3900 0.0703125 0.9727520454157054 
4000 0.0703125 0.9728863357077397 
4100 0.0625 0.9729378759245713 
4200 0.078125 0.9728667033642784 
4300 0.078125 0.9728672595520421 
4400 0.0859375 0.9727808073922594 
4500 0.078125 0.9727288611789973 
4600 0.09375 0.9727289810186192 
4700 0.078125 0.972678685386088 
4800 0.078125 0.972676048392696 
4900 0.1015625 0.9726209149493301 
5000 0.109375 0.9725461157768446 
5100 0.078125 0.9724512758936157 
5200 0.0703125 0.9724031436262257 
5300 0.046875 0.9724128309124065 
5400 0.0546875 0.9725012343393199 
5500 0.0625 0.9725168340604738 
5600 0.1015625 0.9724937511158722 
5700 0.0546875 0.9725262929018301 
5800 0.09375 0.9724975578923174 
5900 0.1015625 0.9724389051290742 
6000 0.0703125 0.9724277724545909 
6100 0.0859375 0.9724456031798066 
6200 0.0859375 0.9724208628984572 
6300 0.0859375 0.9723985610749617 
6400 0.0625 0.9724371680206217 
6500 0.078125 0.9724020823719428 
6600 0.0859375 0.9723885743321719 
6700 0.078125 0.9723700287270557 
6800 0.078125 0.9723914681664461 
6900 0.0546875 0.9723911540597981 
7000 0.0703125 0.9724116792839118 
7100 0.078125 0.9724096224710135 
7200 0.0859375 0.9723906257232792 
7300 0.078125 0.972365372323426 
7400 0.0859375 0.9723696544385894 
7500 0.078125 0.9723495200639914 
7600 0.0625 0.9723939832478182 
7700 0.078125 0.9723750703371856 
7800 0.0703125 0.9723679923514079 
7900 0.078125 0.9723914166983082 
8000 0.09375 0.9723979815023122 
8100 0.09375 0.972379310167469 
8200 0.0859375 0.9723261644921352 
8300 0.078125 0.9723157099546239 
8400 0.0859375 0.972292795004563 
8500 0.09375 0.972244380563071 
8600 0.09375 0.972250077510367 
8700 0.078125 0.9722906610351301 
8800 0.0859375 0.9722838668901261 
8900 0.078125 0.9722646448900872 
9000 0.0859375 0.9722608946228197 
9100 0.0859375 0.9722669555543347 
9200 0.078125 0.972289300528928 
9300 0.09375 0.9722638470773752 
9400 0.0703125 0.9722613729035918 
9500 0.078125 0.9722616917517455 
9600 0.078125 0.9722446446550707 
9700 0.0625 0.9722507666735388 
9800 0.0703125 0.9722562323572425 
9900 0.09375 0.9722455433794566 
10000 0.09375 0.9722178823784289 
10100 0.0625 0.9722371753621754 
10200 0.1015625 0.9722384753945692 
10300 0.0859375 0.9722394973788953 
10400 0.0859375 0.9722525177867513 
10500 0.0703125 0.9722593383963432 
10600 0.0859375 0.972283717337987 
10700 0.0625 0.9722959594897673 
10800 0.0546875 0.9723036350800852 
10900 0.09375 0.9723028086108308 
11000 0.0625 0.9723322974426567 
11100 0.0703125 0.9723497601567427 
11200 0.046875 0.9723880680296402 
11300 0.078125 0.9723715452909772 
11400 0.078125 0.9723491451773236 
11500 0.0703125 0.9723778548242182 
11600 0.0859375 0.9723822748757291 
11700 0.078125 0.9724001954961115 
11800 0.0703125 0.9723988344914273 
11900 0.0625 0.9723933387950593 
12000 0.078125 0.9723853307363275 
12100 0.078125 0.9723858479326778 
12200 0.0625 0.972373550323744 
12300 0.0546875 0.972409297685825 
12400 0.09375 0.9724453085100664 
12500 0.0859375 0.9724280390902061 
12600 0.0703125 0.9724379100203687 
12700 0.0703125 0.9724336830433299 
12800 0.078125 0.9724431522276905 
12900 0.0859375 0.9724232052424877 
13000 0.046875 0.9724384181986001 
13100 0.0625 0.9724309372058113 
13200 0.09375 0.9724227804711765 
13300 0.1015625 0.9724086769791745 
13400 0.078125 0.9724165485162799 
13500 0.0625 0.9724414703849098 
13600 0.078125 0.972432710217386 
13700 0.078125 0.9724313006349902 
13800 0.09375 0.9724321758085163 
13900 0.09375 0.9724347244203055 
14000 0.0703125 0.972429238685332 
14100 0.0859375 0.9724413753161715 
14200 0.078125 0.972447656268338 
14300 0.0859375 0.9724651393841922 
14400 0.0859375 0.9724563398375112 
14500 0.0859375 0.9724587959451072 
14600 0.0859375 0.9724603266328791 
14700 0.0859375 0.9724393394440287 
14800 0.078125 0.9724503060040989 
14900 0.0546875 0.9724696888352012 
15000 0.046875 0.9725068675977158 
15100 0.0859375 0.9725256191642938 
15200 0.09375 0.9724959843650637 
15300 0.09375 0.9724932874757641 
15400 0.109375 0.9724623874531957 
15500 0.078125 0.9724631340988753 
15600 0.078125 0.9724707150182681 
15700 0.0859375 0.9724675843364542 
15800 0.078125 0.9724592193532055 
15900 0.078125 0.9724481754292182 
16000 0.078125 0.972452079817928 
16100 0.0859375 0.9724620818065131 
16200 0.0859375 0.9724647269715861 
16300 0.09375 0.972467978702738 
16400 0.078125 0.9724732549336422 
16500 0.078125 0.9724731013776943 
16600 0.09375 0.9724756164287292 
16700 0.0859375 0.9724706167794344 
16800 0.0703125 0.9724814867170605 
16900 0.0703125 0.9724933066090764 
17000 0.0859375 0.9724849212301238 
17100 0.0703125 0.9724982578991482 
17200 0.1015625 0.972472379270585 
17300 0.0859375 0.972478409244167 
17400 0.0859375 0.9724706015458882 
17500 0.09375 0.9724594606498677 
17600 0.078125 0.9724499259038312 
17700 0.078125 0.9724565349415287 
17800 0.0859375 0.9724357128812988 
17900 0.078125 0.972436508435283 
18000 0.0859375 0.9724297724200507 
18100 0.0703125 0.9724320306889123 
18200 0.078125 0.972426680997381 
18300 0.0859375 0.9724262278472943 
18400 0.0703125 0.9724151653895622 
18500 0.09375 0.9724150608976091 
18600 0.0859375 0.9724198575793416 
18700 0.0859375 0.9724188935974903 
18800 0.0859375 0.9724227877949755 
18900 0.078125 0.9724172717933796 
19000 0.0625 0.9724245598915846 
19100 0.0703125 0.9724399518786102 
19200 0.0859375 0.9724372808273875 
19300 0.0703125 0.972435177149716 
19400 0.0625 0.9724422226947065 
19500 0.0625 0.9724662891219253 
19600 0.1171875 0.9724923685866368 
19700 0.0859375 0.9724779992132379 
19800 0.0625 0.9724673259347171 
19900 0.0703125 0.9724882962330201 
20000 0.0859375 0.9725003333166675 
20100 0.09375 0.9725099186607632 
20200 0.0859375 0.9725111586885138 
20300 0.078125 0.972498532502504 
20400 0.09375 0.9725039009525677 
20500 0.0859375 0.9724961333186999 
20600 0.078125 0.9724958992686439 
20700 0.0859375 0.9725093795790863 
20800 0.0859375 0.9725137162876785 
20900 0.09375 0.9725137752579621 
21000 0.09375 0.9725120976382077 
21100 0.0703125 0.9725230241852677 
21200 0.09375 0.9725221785922048 
21300 0.078125 0.9725168174811825 
21400 0.109375 0.9725194159540831 
21500 0.0703125 0.9725167821651706 
21600 0.0859375 0.9725085065506227 
21700 0.0859375 0.9725111073990446 
21800 0.0859375 0.9725197764246288 
21900 0.0859375 0.972517664718506 
22000 0.078125 0.9725081151614321 
22100 0.078125 0.9725153839192797 
22200 0.0859375 0.9725188336110986 
22300 0.1015625 0.9725180485180037 
22400 0.0625 0.9725006463625135 
22500 0.0703125 0.9725074718901382 
22600 0.0625 0.9725057104774125 
22700 0.078125 0.972510732823811 
22800 0.09375 0.9725082872827215 
22900 0.0859375 0.972493468261939 
23000 0.0859375 0.972495421394722 
23100 0.0703125 0.9724852955499762 
23200 0.0859375 0.9724971445196328 
23300 0.078125 0.9724927980558774 
23400 0.0703125 0.972492272410011 
23500 0.078125 0.9724885377217991 
23600 0.078125 0.9724751246416112 
23700 0.0703125 0.9724735814592914 
23800 0.078125 0.9724887916123972 
23900 0.0859375 0.9724862235541051 
24000 0.0703125 0.9724955036595697 
24100 0.09375 0.9725002766136951 
24200 0.0703125 0.9724959712408578 
24300 0.078125 0.9724958806564887 
24400 0.0703125 0.9724989925276286 
24500 0.09375 0.972492300484334 
24600 0.09375 0.9724856628456838 
24700 0.0859375 0.9724831906265603 
24800 0.1015625 0.9724852534508017 
24900 0.078125 0.9724920058431389 
25000 0.0859375 0.97248745466848 
25100 0.0859375 0.9724672738801907 
25200 0.0703125 0.972464200329352 
25300 0.046875 0.9724591954534076 
25400 0.0625 0.9724525896290173 
25500 0.1015625 0.9724617621204398 
25600 0.078125 0.9724626235303309 
25700 0.09375 0.9724566894284269 
25800 0.0859375 0.9724406071147114 
25900 0.0703125 0.9724371163275549 
26000 0.0859375 0.9724413644347012 
26100 0.078125 0.9724287184079793 
26200 0.0703125 0.972444296814371 
26300 0.0859375 0.9724357953753343 
26400 0.0859375 0.9724329807583046 
26500 0.09375 0.9724279272480284 
26600 0.0703125 0.9724289813666153 
26700 0.109375 0.9724271991997803 
26800 0.09375 0.9724259161660634 
26900 0.0859375 0.9724313222556782 
27000 0.0859375 0.9724359167253065 
27100 0.109375 0.9724390359211837 
27200 0.0546875 0.9724437597269708 
27300 0.0859375 0.9724455873105992 
27400 0.0859375 0.9724473065155773 
27500 0.078125 0.9724422899773342 
27600 0.0703125 0.9724365549859305 
27700 0.078125 0.9724433647100587 
27800 0.0625 0.9724438494418666 
27900 0.09375 0.9724419039640156 
28000 0.09375 0.9724256499767865 
28100 0.09375 0.9724269339465974 
28200 0.1015625 0.9724132492346607 
28300 0.0546875 0.9724093229921205 
28400 0.078125 0.9724234878760137 
28500 0.0859375 0.9724243959276283 
28600 0.0625 0.9724120040965933 
28700 0.0703125 0.9724103145360788 
28800 0.0703125 0.9724062858060484 
28900 0.1015625 0.9724048079362883 
29000 0.0703125 0.9723871770226314 
29100 0.078125 0.9723889070249591 
29200 0.09375 0.9723852743342123 
29300 0.078125 0.9723795334061408 
29400 0.078125 0.9723952664591907 
29500 0.078125 0.9724089508265257 
29600 0.0703125 0.972416384440841 
29700 0.1015625 0.9724154384532507 
29800 0.0859375 0.9724193050009508 
29900 0.078125 0.9724195748748649 
30000 0.078125 0.9724220130162328 
30100 0.0625 0.9724333459298141 
30200 0.0703125 0.9724456385274218 
30300 0.078125 0.9724624049811338 
30400 0.0703125 0.9724721226275451 
30500 0.078125 0.9724741777591992 
30600 0.09375 0.9724716240210015 
30700 0.0703125 0.9724706137422234 
30800 0.0859375 0.9724614934038938 
30900 0.0859375 0.9724618708402102 
31000 0.0703125 0.9724630858681979 
31100 0.1015625 0.9724605251170916 
31200 0.09375 0.972450135145241 
31300 0.0859375 0.9724403107461955 
31400 0.09375 0.972437100596584 
31500 0.0859375 0.9724311827402304 
31600 0.0859375 0.9724252199297491 
31700 0.09375 0.9724187197039 
31800 0.0859375 0.9724122603586889 
31900 0.0859375 0.9724073108993448 
32000 0.0703125 0.9724124832036499 
32100 0.0859375 0.9724058602795344 
32200 0.078125 0.9724090640301026 
32300 0.1015625 0.9724113611033715 
32400 0.09375 0.9724012665504151 
32500 0.0859375 0.9724000479472427 
32600 0.09375 0.9723907689436929 
32700 0.0859375 0.9723832986758815 
32800 0.09375 0.9723857980701808 
32900 0.09375 0.9723790215342999 
33000 0.09375 0.9723782044483501 
33100 0.078125 0.9723692889439393 
33200 0.0703125 0.9723642705290001 
33300 0.078125 0.9723797708777514 
33400 0.09375 0.9723648493558077 
33500 0.0859375 0.9723608219406386 
33600 0.0859375 0.9723666613344841 
33700 0.0546875 0.9723686024400858 
33800 0.0546875 0.9723768496740728 
33900 0.078125 0.9723869686734905 
34000 0.09375 0.9723910540621354 
34100 0.0703125 0.9723983992404914 
34200 0.0703125 0.9723940515871856 
34300 0.078125 0.9724055208545912 
34400 0.078125 0.9724059468959235 
34500 0.078125 0.9724182209694405 
34600 0.078125 0.9724316283007235 
34700 0.0859375 0.9724290486345254 
34800 0.0859375 0.9724327695324847 
34900 0.0859375 0.9724366183394936 
35000 0.0625 0.9724442396883899 
35100 0.0625 0.9724518918027026 
35200 0.0703125 0.9724575769627757 
35300 0.0859375 0.9724641889276036 
35400 0.1015625 0.9724563453951395 
35500 0.0859375 0.9724536075274874 
35600 0.0703125 0.9724560054492851 
35700 0.0546875 0.9724598488137587 
35800 0.1015625 0.9724678168905897 
35900 0.1015625 0.9724519482976333 
36000 0.0703125 0.9724415207216466 
36100 0.046875 0.972454378572154 
36200 0.078125 0.9724588207738276 
36300 0.0625 0.9724623776434075 
36400 0.0703125 0.9724706366812267 
36500 0.09375 0.9724758539720373 
36600 0.0546875 0.9724746392402758 
36700 0.0859375 0.9724698123575197 
36800 0.078125 0.9724565908535094 
36900 0.0859375 0.9724470401660298 
37000 0.078125 0.972434022053458 
37100 0.0859375 0.9724349017995921 
37200 0.0703125 0.972444177127855 
37300 0.0859375 0.9724326676898742 
37400 0.0625 0.9724298537026639 
37500 0.0859375 0.9724354572766949 
37600 0.0625 0.9724441476512149 
37700 0.1015625 0.9724501671043209 
37800 0.0859375 0.9724474054919182 
37900 0.078125 0.9724390929658848 
38000 0.0859375 0.9724346618071454 
38100 0.1015625 0.9724297071161737 
38200 0.09375 0.9724176205029537 
38300 0.078125 0.9724247027927905 
38400 0.1015625 0.972420151818963 
38500 0.09375 0.9724067637853562 
38600 0.0859375 0.9724095689446732 
38700 0.078125 0.9724053615108998 
38800 0.0859375 0.972423592497616 
38900 0.0703125 0.9724194375894364 
39000 0.078125 0.972413434377751 
39100 0.078125 0.9724160534044313 
39200 0.078125 0.9724220470566227 
39300 0.0859375 0.9724287390906083 
39400 0.078125 0.9724283251059618 
39500 0.078125 0.9724303525016245 
39600 0.09375 0.9724278322096244 
39700 0.0625 0.9724272268540675 
39800 0.1015625 0.9724279331340083 
39900 0.0703125 0.9724273958255014 
40000 0.078125 0.972421848307959 
40100 0.09375 0.9724197702883552 
40200 0.078125 0.9724156296899745 
40300 0.09375 0.9724176483420593 
40400 0.0625 0.9724222353200829 
40500 0.09375 0.9724259637622117 
40600 0.0703125 0.9724228108092575 
40700 0.0703125 0.9724199292810168 
40800 0.078125 0.9724274655237208 
40900 0.0625 0.9724311447152881 
41000 0.0546875 0.9724353775924165 
41100 0.078125 0.9724353447401929 
41200 0.0703125 0.9724314564573675 
41300 0.0625 0.9724269564699806 
41400 0.0703125 0.9724248055602521 
41500 0.078125 0.9724304459531096 
41600 0.0859375 0.9724169040407683 
41700 0.0546875 0.9724249718232176 
41800 0.078125 0.9724249021155794 
41900 0.09375 0.9724225953238984 
42000 0.0625 0.9724214155615343 
42100 0.09375 0.972413932171049 
42200 0.1015625 0.9724110506860028 
42300 0.0859375 0.9724126769067714 
42400 0.078125 0.9724149096326344 
42500 0.0859375 0.9724155387520294 
42600 0.0546875 0.9724231336510097 
42700 0.0859375 0.9724220939400327 
42800 0.0625 0.9724299422521281 
42900 0.078125 0.9724374504673551 
43000 0.0546875 0.9724418957311071 
43100 0.078125 0.9724378615538696 
43200 0.0859375 0.9724387890326612 
43300 0.09375 0.9724510788819349 
43400 0.078125 0.9724524516524197 
43500 0.078125 0.9724509446143 
43600 0.078125 0.9724420980405648 
43700 0.1015625 0.9724374632922206 
43800 0.0859375 0.9724322551616021 
43900 0.09375 0.9724318756026817 
44000 0.09375 0.972426763028113 
44100 0.0703125 0.9724312987989691 
44200 0.078125 0.9724375815403875 
44300 0.0859375 0.9724333724596134 
44400 0.0859375 0.9724334052160988 
44500 0.078125 0.9724346667303356 
44600 0.078125 0.9724381413346487 
44700 0.0625 0.9724443384935461 
44800 0.0703125 0.9724487060370677 
44900 0.078125 0.9724472543298961 
45000 0.078125 0.9724526954956556 
45100 0.0546875 0.9724592096073258 
45200 0.078125 0.9724595879147216 
45300 0.078125 0.9724722665246536 
45400 0.0703125 0.9724798990293899 
45500 0.0859375 0.9724888715815769 
45600 0.09375 0.9724895812774573 
45700 0.0546875 0.9724906867464607 
45800 0.0546875 0.9724987809582032 
45900 0.0703125 0.972505364806867 
46000 0.0703125 0.9725080704767287 
46100 0.078125 0.9725083919003926 
46200 0.0703125 0.9725069645859036 
46300 0.078125 0.972508861849636 
46400 0.09375 0.972509909089603 
46500 0.1015625 0.9725073676730966 
46600 0.09375 0.9724996960008011 
46700 0.0703125 0.9724977449626346 
46800 0.1015625 0.9724944111771116 
46900 0.046875 0.9724903697860031 
47000 0.0625 0.9725000310277087 
47100 0.078125 0.9725005838517229 
47200 0.078125 0.972493520617501 
47300 0.1015625 0.9724870378004693 
47400 0.09375 0.9724839885586098 
47500 0.0625 0.9724841319130123 
47600 0.09375 0.97247984329811 
47700 0.0859375 0.9724775380320468 
47800 0.09375 0.9724790014853246 
47900 0.109375 0.9724711079448585 
48000 0.0703125 0.9724738265001424 
48100 0.078125 0.9724776165429686 
48200 0.09375 0.9724720981756948 
48300 0.09375 0.9724625050896116 
48400 0.09375 0.9724555880388146 
48500 0.078125 0.9724578810230717 
48600 0.09375 0.9724549670617203 
48700 0.0703125 0.9724600859496383 
48800 0.09375 0.9724676919188815 
48900 0.0703125 0.9724668526717245 
49000 0.078125 0.9724703747542567 
49100 0.09375 0.9724719731607638 
49200 0.078125 0.9724659432735107 
49300 0.0703125 0.9724634240853803 
49400 0.09375 0.9724592809356086 
49500 0.0703125 0.9724556806091459 
49600 0.09375 0.9724544049011109 
49700 0.0859375 0.9724527151532834 
49800 0.0703125 0.9724477378298964 
49900 0.078125 0.9724380836556382 
50000 0.0703125 0.9724389887202256 
50100 0.046875 0.9724465953773378 
50200 0.0859375 0.9724500217459148 
50300 0.078125 0.9724494998442709 
50400 0.0859375 0.9724463965662057 
50500 0.109375 0.9724405209797826 
50600 0.0625 0.972442233931477 
50700 0.078125 0.9724436319467729 
50800 0.0859375 0.9724448706718372 
50900 0.0859375 0.9724515276386188 
51000 0.0859375 0.9724459548995771 
51100 0.109375 0.9724403020488835 
51200 0.0859375 0.9724385876252417 
51300 0.078125 0.9724430729095599 
51400 0.078125 0.9724367493660954 
51500 0.109375 0.9724382374452276 
51600 0.0703125 0.9724388113440954 
51700 0.09375 0.9724387282160887 
51800 0.1015625 0.9724396005868613 
51900 0.078125 0.9724410215281658 
52000 0.0625 0.9724490975333807 
52100 0.078125 0.9724500949278004 
52200 0.078125 0.9724519365848675 
52300 0.0703125 0.9724558126676992 
52400 0.09375 0.972457189112167 
52500 0.078125 0.9724530544656292 
52600 0.078125 0.9724527971584824 
52700 0.09375 0.9724528373117525 
52800 0.0703125 0.9724518415844396 
52900 0.0546875 0.9724542955237141 
53000 0.0703125 0.9724547256969994 
53100 0.09375 0.9724548599994978 
53200 0.0859375 0.9724488261498844 
53300 0.0546875 0.9724565928250252 
53400 0.0546875 0.9724635013857419 
53500 0.078125 0.9724682910911322 
53600 0.078125 0.972469710608633 
53700 0.0859375 0.9724690396050973 
53800 0.0703125 0.9724692423622857 
53900 0.078125 0.9724647096065008 
54000 0.1015625 0.9724638104695592 
54100 0.078125 0.9724536245479135 
54200 0.0625 0.9724537581563686 
54300 0.0625 0.9724644420299197 
54400 0.0703125 0.9724658956177276 
54500 0.0859375 0.9724636646575292 
54600 0.1015625 0.9724651143446701 
54700 0.09375 0.9724609410705471 
54800 0.1015625 0.9724642912538093 
54900 0.09375 0.9724604667188819 
55000 0.0859375 0.9724566560911013 
55100 0.0859375 0.9724578217727446 
55200 0.09375 0.9724585114702028 
55300 0.09375 0.9724567028625161 
55400 0.0703125 0.9724589432802055 
55500 0.078125 0.9724598618343213 
55600 0.0859375 0.9724604960642195 
55700 0.1015625 0.9724557047150559 
55800 0.078125 0.9724552240700585 
55900 0.0625 0.9724511580740953 
56000 0.09375 0.9724519428224496 
56100 0.09375 0.9724584807608896 
56200 0.078125 0.9724535502778717 
56300 0.0703125 0.9724584894880494 
56400 0.078125 0.9724569470547213 
56500 0.0703125 0.9724590051503513 
56600 0.078125 0.9724634944612286 
56700 0.0859375 0.9724697591312322 
56800 0.109375 0.9724644482491506 
56900 0.09375 0.9724607120993772 
57000 0.0625 0.9724584053349942 
57100 0.1015625 0.9724689676333748 
57200 0.078125 0.9724682479327285 
57300 0.109375 0.9724666218012484 
57400 0.0703125 0.9724599654913096 
57500 0.0859375 0.9724619825452311 
57600 0.0703125 0.9724552217698766 
57700 0.0859375 0.9724566984685419 
57800 0.0859375 0.972456412951333 
57900 0.0859375 0.9724540595153797 
58000 0.0703125 0.9724461916604886 
58100 0.09375 0.97244077124318 
58200 0.09375 0.9724416784075876 
58300 0.109375 0.9724351676357753 
58400 0.0859375 0.972429927712425 
58500 0.0625 0.9724236373452305 
58600 0.0859375 0.9724209680011149 
58700 0.078125 0.9724246960585566 
58800 0.1015625 0.9724256655924219 
58900 0.1015625 0.9724235811644397 
59000 0.0703125 0.9724214596645254 
59100 0.0859375 0.9724209756744104 
59200 0.09375 0.972424144369746 
59300 0.0859375 0.972421417851301 
59400 0.0625 0.9724265041132866 
59500 0.078125 0.9724292536399949 
59600 0.0625 0.972431425926858 
59700 0.09375 0.9724318897505905 
59800 0.09375 0.9724305230403059 
59900 0.0546875 0.9724300303834661 
60000 0.0546875 0.9724356590584602 
60100 0.09375 0.9724345095478167 
60200 0.078125 0.9724330177931707 
60300 0.09375 0.972436972438268 
60400 0.1015625 0.9724385426841718 
60500 0.0859375 0.9724374390505942 
60600 0.0703125 0.9724393041506466 
60700 0.0859375 0.972435800412404 
60800 0.0625 0.9724420736638103 
60900 0.0625 0.9724496518940575 
61000 0.09375 0.9724506736228368 
61100 0.0859375 0.9724485380762999 
61200 0.1171875 0.9724430479757956 
61300 0.09375 0.9724362163749368 
61400 0.0546875 0.9724369564420775 
61500 0.1015625 0.9724399806507211 
61600 0.078125 0.9724326377277425 
61700 0.0859375 0.9724309320351372 
61800 0.0625 0.9724344569667157 
61900 0.078125 0.9724358670161495 
62000 0.078125 0.9724310562195233 
62100 0.09375 0.9724334736289807 
62200 0.0859375 0.9724306080288099 
62300 0.078125 0.9724288384215342 
62400 0.078125 0.9724345029192908 
62500 0.0859375 0.9724343993829432 
62600 0.1015625 0.9724313842164396 
62700 0.0703125 0.9724317843814293 
62800 0.0859375 0.9724333858139201 
62900 0.0859375 0.9724339057275189 
63000 0.0859375 0.972434796008529 
63100 0.09375 0.9724392326719598 
63200 0.0703125 0.9724396584574084 
63300 0.078125 0.9724440322822704 
63400 0.078125 0.9724416560858662 
63500 0.078125 0.9724421990729805 
63600 0.0859375 0.9724379906893498 
63700 0.1015625 0.9724383333202514 
63800 0.109375 0.9724345931751331 
63900 0.078125 0.9724318020583924 
64000 0.078125 0.9724286127690713 
64100 0.078125 0.9724281147459998 
64200 0.0859375 0.9724319179218393 
64300 0.0703125 0.972430484816203 
64400 0.078125 0.972428409173253 
64500 0.078125 0.9724294487682361 
64600 0.0703125 0.9724260911853789 
64700 0.0703125 0.9724337320262953 
64800 0.078125 0.9724377324424006 
64900 0.0859375 0.9724308064719085 
65000 0.078125 0.9724277479064425 
65100 0.0859375 0.9724261388073916 
65200 0.078125 0.9724243349411819 
65300 0.0859375 0.9724240520180906 
65400 0.078125 0.9724247654215277 
65500 0.09375 0.972425476646667 
65600 0.078125 0.9724221763006662 
65700 0.0625 0.9724181725417675 
65800 0.078125 0.9724207110580892 
65900 0.0859375 0.9724182232945378 
66000 0.09375 0.9724094694903612 
66100 0.1015625 0.9724095670514314 
66200 0.0859375 0.9724069893833427 
66300 0.0703125 0.9724076402819465 
66400 0.1015625 0.9724118973484335 
66500 0.09375 0.9724106200783948 
66600 0.109375 0.9724082127145238 
66700 0.0859375 0.972406983840822 
66800 0.0703125 0.9724070061326427 
66900 0.078125 0.9724096753038071 
67000 0.078125 0.9724090327631926 
67100 0.0625 0.9724099057142715 
67200 0.0703125 0.9724095360064087 
67300 0.0703125 0.9724054140478349 
67400 0.09375 0.9723987542840611 
67500 0.1015625 0.9723943904534748 
67600 0.0859375 0.9723915419150604 
67700 0.0625 0.9723959718098699 
67800 0.078125 0.9723966245581432 
67900 0.078125 0.9723972370313643 
68000 0.078125 0.9723981540712636 
68100 0.09375 0.9723979212248474 
68200 0.078125 0.972400400104104 
68300 0.0859375 0.9723997833731083 
68400 0.0703125 0.9724010339761114 
68500 0.078125 0.9724014825817628 
68600 0.09375 0.9724030307502806 
68700 0.09375 0.9724011249836247 
68800 0.0703125 0.972400814486708 
68900 0.0859375 0.9724009206445964 
69000 0.0703125 0.972400120710811 
69100 0.0546875 0.9724006044292653 
69200 0.09375 0.9723993933131988 
69300 0.0703125 0.9723985238909492 
69400 0.0703125 0.9724009590399754 
69500 0.0703125 0.9724029000781763 
69600 0.09375 0.9724016926241481 
69700 0.0859375 0.9724054951387594 
69800 0.0625 0.9724114879562374 
69900 0.09375 0.9724128812534871 
70000 0.0703125 0.9724121872663724 
70100 0.0859375 0.9724174390641123 
70200 0.0859375 0.972419263080298 
70300 0.0546875 0.9724234156223477 
70400 0.0546875 0.9724248560626506 
70500 0.0625 0.9724263662926766 
70600 0.0859375 0.9724314501565133 
70700 0.0859375 0.9724324311183717 
70800 0.046875 0.9724280024293442 
70900 0.0546875 0.9724359273846631 
71000 0.078125 0.9724357608813021 
71100 0.09375 0.972434239673141 
71200 0.078125 0.9724397451112577 
71300 0.078125 0.9724469151905303 
71400 0.0703125 0.9724411174796805 
71500 0.0703125 0.972440143611045 
71600 0.0859375 0.9724461919759035 
71700 0.0703125 0.9724496084433969 
71800 0.0859375 0.9724530879328515 
71900 0.0703125 0.9724549278985457 
72000 0.0703125 0.9724595115577098 
72100 0.078125 0.9724624210598096 
72200 0.0703125 0.9724669816438369 
72300 0.0859375 0.9724663069436569 
72400 0.078125 0.9724662815430726 
72500 0.078125 0.9724643525031839 
72600 0.09375 0.9724637200819088 
72700 0.078125 0.9724638058050554 
72800 0.0859375 0.9724578459888371 
72900 0.1015625 0.9724537243430589 
73000 0.078125 0.97245075552618 
73100 0.078125 0.9724493979220531 
73200 0.0859375 0.9724504275897871 
73300 0.0859375 0.9724483280696489 
73400 0.09375 0.9724447441678814 
73500 0.09375 0.9724399653859584 
73600 0.0703125 0.9724387731937519 
73700 0.0859375 0.9724364888762251 
73800 0.0859375 0.9724334697361824 
73900 0.0703125 0.9724339826254043 
74000 0.078125 0.9724381891798759 
74100 0.09375 0.9724379563028839 
74200 0.09375 0.9724364254974102 
74300 0.078125 0.9724328309286999 
74400 0.09375 0.9724269709076491 
74500 0.0859375 0.9724226646286627 
74600 0.0859375 0.9724199756593969 
74700 0.0546875 0.9724177122238435 
74800 0.09375 0.9724184488955139 
74900 0.1015625 0.9724122299769028 
75000 0.09375 0.9724069998511131 
75100 0.078125 0.9724091695405742 
75200 0.0703125 0.972407558853384 
75300 0.0546875 0.9724175378923697 
75400 0.0703125 0.9724181653205307 
75500 0.09375 0.9724168250530898 
75600 0.0859375 0.9724149027459954 
75700 0.09375 0.9724127447127515 
75800 0.09375 0.9724125162706736 
75900 0.0859375 0.9724133863519585 
76000 0.078125 0.9724106905939834 
76100 0.078125 0.9724108763901482 
76200 0.0859375 0.9724094554752125 
76300 0.078125 0.9724075945924693 
76400 0.0703125 0.9724099992692068 
76500 0.1015625 0.9724100828747336 
76600 0.0859375 0.9724140758606284 
76700 0.0625 0.9724179905303277 
76800 0.078125 0.9724197588030538 
76900 0.0625 0.9724269745625328 
77000 0.0859375 0.9724294367930286 
77100 0.0859375 0.9724289541207853 
77200 0.0625 0.972428776289599 
77300 0.078125 0.9724315298314381 
77400 0.0625 0.9724325267115412 
77500 0.078125 0.9724340586465551 
77600 0.0859375 0.9724382377482249 
77700 0.078125 0.9724387864484798 
77800 0.09375 0.9724329070855987 
77900 0.078125 0.9724326254904729 
78000 0.09375 0.9724313764139776 
78100 0.0703125 0.9724349320111139 
78200 0.0625 0.9724364471575385 
78300 0.09375 0.9724370937152782 
78400 0.1015625 0.9724385690233543 
78500 0.0859375 0.9724374198524011 
78600 0.0546875 0.9724429661624322 
78700 0.0546875 0.9724461490324138 
78800 0.078125 0.9724487620186715 
78900 0.078125 0.9724495200736788 
79000 0.078125 0.9724541329645616 
79100 0.0859375 0.9724530057563537 
79200 0.0546875 0.972456846346637 
79300 0.0703125 0.9724617937772958 
79400 0.0703125 0.9724636129687704 
79500 0.0859375 0.9724645759172841 
79600 0.0859375 0.9724651438633518 
79700 0.09375 0.9724629330769584 
79800 0.078125 0.9724653291207712 
79900 0.09375 0.9724685013850474 
80000 0.078125 0.9724683779994416 
80100 0.078125 0.9724745945743499 
80200 0.078125 0.9724781330656725 
80300 0.0703125 0.9724814033034043 
80400 0.078125 0.9724843415090194 
80500 0.078125 0.972484813853244 
80600 0.0703125 0.9724886451987775 
80700 0.078125 0.9724898855032775 
80800 0.0859375 0.9724905103794095 
80900 0.078125 0.9724867559321475 
81000 0.0625 0.9724838145002325 
81100 0.09375 0.9724826784914283 
81200 0.0390625 0.9724783061477076 
81300 0.078125 0.9724833296945917 
81400 0.0546875 0.9724900364655635 
81500 0.09375 0.9724909753152313 
81600 0.046875 0.9724882737343905 
81700 0.109375 0.972489244317695 
81800 0.0859375 0.9724874746844986 
81900 0.0703125 0.9724866632682547 
82000 0.078125 0.9724860443775076 
82100 0.09375 0.972483967917565 
82200 0.09375 0.9724858248885861 
82300 0.0625 0.9724878355568786 
82400 0.1015625 0.9724875342835645 
82500 0.1015625 0.9724857186074513 
82600 0.0859375 0.9724852629911663 
82700 0.0703125 0.9724832025408802 
82800 0.0703125 0.972485361489193 
82900 0.078125 0.9724869497955393 
83000 0.078125 0.9724873733950996 
83100 0.078125 0.9724880153367589 
83200 0.0859375 0.9724892191299784 
83300 0.0625 0.9724919206151987 
83400 0.0703125 0.9724963329776222 
83500 0.078125 0.9724938423891131 
83600 0.09375 0.9724920119077523 
83700 0.078125 0.9724933281860432 
83800 0.0703125 0.9724921863502026 
83900 0.0703125 0.9724922577402733 
84000 0.0703125 0.972493072999131 
84100 0.0703125 0.9724947842970555 
84200 0.078125 0.9724948214193814 
84300 0.078125 0.9724961249965401 
84400 0.078125 0.9725019919787681 
84500 0.0625 0.972501280803383 
84600 0.0859375 0.9725050346627109 
84700 0.0546875 0.9725079187868699 
84800 0.0859375 0.9725084007951951 
84900 0.0859375 0.9725079921516433 
85000 0.078125 0.972505133518037 
85100 0.0703125 0.9725027712169462 
85200 0.09375 0.9725007201108751 
85300 0.078125 0.9724987654013435 
85400 0.0703125 0.9724973946440908 
85500 0.0703125 0.9724987073737928 
85600 0.09375 0.9724994085933576 
85700 0.078125 0.972501597122554 
85800 0.078125 0.9725012613974973 
85900 0.0859375 0.9724981070748109 
86000 0.078125 0.9724948692457065 
86100 0.1015625 0.9724934839123045 
86200 0.09375 0.9724934612610836 
86300 0.0546875 0.9724966070787129 
86400 0.0703125 0.9724982988719266 
86500 0.0703125 0.9724978793597762 
86600 0.0703125 0.9724994454933161 
86700 0.09375 0.9725015486653364 
86800 0.09375 0.9725058071047569 
86900 0.0703125 0.9725059202905222 
87000 0.078125 0.9725054046313644 
87100 0.0859375 0.972508388250422 
87200 0.0625 0.9725098121007787 
87300 0.078125 0.972511053710725 
87400 0.0546875 0.9725116667715472 
87500 0.0703125 0.9725144510253216 
87600 0.0703125 0.9725130670597367 
87700 0.09375 0.9725094295294998 
87800 0.0703125 0.9725107831440796 
87900 0.0703125 0.9725136742376841 
88000 0.0703125 0.9725150199524247 
88100 0.0859375 0.9725162148178417 
88200 0.078125 0.9725131553213683 
88300 0.0625 0.9725151458741501 
88400 0.0859375 0.9725159830394076 
88500 0.0859375 0.9725172891172604 
88600 0.0625 0.9725215608458144 
88700 0.0859375 0.9725220649992672 
88800 0.1015625 0.9725176705968026 
88900 0.0859375 0.9725167426406902 
89000 0.1015625 0.972514997490665 
89100 0.0859375 0.9725143668888864 
89200 0.0625 0.9725163943883289 
89300 0.0859375 0.9725149179460476 
89400 0.0703125 0.9725150760338251 
89500 0.078125 0.9725163976287043 
89600 0.078125 0.9725154783428757 
89700 0.0859375 0.9725151417394083 
89800 0.0859375 0.9725163428488176 
89900 0.078125 0.9725176571543512 
90000 0.078125 0.9725209939796965 
90100 0.09375 0.9725192365142081 
90200 0.0859375 0.9725181181010558 
90300 0.09375 0.9725178096495793 
90400 0.078125 0.972518164437709 
90500 0.09375 0.9725170509165645 
90600 0.0703125 0.9725112547046942 
90700 0.0625 0.9725129649893607 
90800 0.0859375 0.9725177976197031 
90900 0.0625 0.9725184083050058 
91000 0.0703125 0.9725211066819779 
91100 0.0703125 0.9725242565028558 
91200 0.0859375 0.9725218599119893 
91300 0.0859375 0.9725198393683165 
91400 0.078125 0.9725216411290175 
91500 0.078125 0.9725187145040309 
91600 0.0546875 0.9725205988471741 
91700 0.078125 0.9725246657615512 
91800 0.0703125 0.972526369311518 
91900 0.0859375 0.9725265956482156 
92000 0.09375 0.9725292274902809 
92100 0.09375 0.972529704708237 
92200 0.0625 0.9725325816693962 
92300 0.0546875 0.9725340699179857 
92400 0.0703125 0.9725343712459822 
92500 0.0625 0.9725362766348472 
92600 0.1015625 0.9725339032965806 
92700 0.078125 0.9725329396842177 
92800 0.09375 0.9725347282087478 
92900 0.078125 0.9725325884543762 
93000 0.0703125 0.9725321333910388 
93100 0.078125 0.9725316793052706 
93200 0.0625 0.9725337688615644 
93300 0.0546875 0.9725375286259883 
93400 0.0625 0.9725416149184698 
93500 0.078125 0.9725449961765115 
93600 0.0859375 0.9725426667004982 
93700 0.078125 0.9725442609114808 
93800 0.1015625 0.9725429921678163 
93900 0.09375 0.9725407000014199 
94000 0.0625 0.9725403242607348 
94100 0.0859375 0.9725380121270408 
94200 0.09375 0.9725324428173091 
94300 0.1015625 0.9725305857926568 
94400 0.0859375 0.9725303878754815 
94500 0.078125 0.9725321193691072 
94600 0.09375 0.9725317550818702 
94700 0.078125 0.9725301541166408 
94800 0.0625 0.972531495799974 
94900 0.078125 0.9725302826542046 
95000 0.0625 0.9725303878380227 
95100 0.1015625 0.9725323274728972 
95200 0.0859375 0.9725298042650112 
95300 0.09375 0.9725280787977041 
95400 0.0859375 0.9725235453506776 
95500 0.0625 0.9725233025483154 
95600 0.1015625 0.9725263835280663 
95700 0.0703125 0.9725260566329854 
95800 0.0703125 0.9725236373228533 
95900 0.0625 0.9725282561356677 
96000 0.0703125 0.9725286607257563 
96100 0.0859375 0.9725273030891111 
96200 0.109375 0.9725239721607191 
96300 0.09375 0.9725209456115028 
96400 0.0703125 0.9725227878427956 
96500 0.0546875 0.9725257326780724 
96600 0.078125 0.972528240088957 
96700 0.078125 0.9725294765996905 
96800 0.0703125 0.9725289081035664 
96900 0.0859375 0.9725299263767487 
97000 0.0703125 0.9725301639931547 
97100 0.1015625 0.9725325734716086 
97200 0.09375 0.9725322184614013 
97300 0.0625 0.9725302583392428 
97400 0.109375 0.9725284091881329 
97500 0.078125 0.9725300627258524 
97600 0.0625 0.9725310991946804 
97700 0.0859375 0.9725303476934729 
97800 0.1015625 0.9725291184394843 
97900 0.0625 0.9725286896967344 
98000 0.0546875 0.9725335232548648 
98100 0.0703125 0.9725380284094963 
98200 0.078125 0.9725433995071333 
98300 0.0859375 0.9725422162117713 
98400 0.0703125 0.9725422527040715 
98500 0.1015625 0.9725416810489234 
98600 0.0859375 0.9725395258837808 
98700 0.0625 0.972540198216499 
98800 0.0703125 0.9725400784573706 
98900 0.09375 0.9725391426780315 
99000 0.078125 0.9725402342316407 
99100 0.0625 0.9725376183977289 
99200 0.0703125 0.9725393918240072 
99300 0.09375 0.972539247254979 
99400 0.0703125 0.9725388147922723 
99500 0.0859375 0.9725403461187995 
99600 0.0703125 0.9725382923698892 
99700 0.0546875 0.9725428771610448 
99800 0.09375 0.9725419992034148 
99900 0.078125 0.972541957162591 
