Created:December-15-2022 
Coverage:5 
N:20 
NUM-IONS:20 
NSTEPS:15000 
WRITE-PERIODICITY:100 
epsilon:6.84 
11  15 
2  6 
6  8 
5  15 
13  20 
0  9 
20  0 
6  7 
10  15 
1  18 
12  7 
16  18 
14  15 
7  13 
14  13 
4  20 
-3  10 
19  6 
5  9 
6  4 
11  15 
2  6 
8  8 
5  16 
13  20 
0  9 
20  0 
6  7 
10  15 
1  18 
12  7 
16  18 
14  15 
7  13 
14  12 
5  19 
-3  10 
19  6 
6  8 
6  4 
11  15 
2  6 
8  8 
5  15 
13  20 
0  9 
20  0 
6  7 
10  15 
1  18 
12  7 
16  18 
14  15 
8  13 
14  12 
4  19 
-3  10 
20  6 
5  9 
6  4 
11  15 
2  5 
6  8 
5  15 
13  20 
0  9 
20  0 
6  7 
10  15 
1  18 
12  7 
16  18 
14  15 
7  13 
14  11 
4  20 
-5  9 
20  6 
5  9 
6  4 
11  15 
2  6 
8  9 
5  16 
13  20 
0  9 
20  0 
6  7 
10  15 
1  18 
12  7 
16  18 
14  15 
7  13 
14  11 
4  19 
-5  9 
19  6 
6  8 
6  4 
11  15 
2  6 
5  9 
5  15 
13  20 
0  9 
20  0 
6  7 
10  15 
1  18 
12  7 
16  18 
14  15 
7  13 
14  13 
5  19 
-5  9 
19  6 
7  9 
6  4 
11  15 
2  5 
6  8 
5  15 
13  20 
0  9 
20  0 
6  7 
10  15 
1  18 
12  7 
16  18 
14  15 
8  13 
14  12 
4  19 
-5  9 
19  6 
6  9 
6  4 
11  15 
2  5 
6  8 
5  15 
13  20 
0  9 
20  0 
6  7 
10  15 
1  18 
12  7 
16  18 
14  15 
7  13 
14  13 
4  20 
-5  9 
20  6 
8  9 
6  4 
11  15 
2  6 
7  9 
8  18 
13  20 
0  9 
20  0 
6  7 
10  15 
1  18 
12  7 
16  18 
14  15 
7  13 
14  13 
5  19 
-5  9 
19  6 
8  9 
6  4 
11  15 
2  6 
8  9 
9  17 
13  20 
0  9 
20  0 
6  7 
10  15 
1  18 
12  7 
16  18 
14  15 
7  13 
14  11 
5  19 
-5  9 
20  6 
6  9 
6  4 
11  15 
2  5 
8  8 
8  18 
13  20 
0  9 
20  0 
6  7 
10  15 
1  18 
12  7 
16  18 
14  15 
8  13 
14  13 
5  19 
-5  9 
19  6 
8  9 
6  4 
11  15 
2  6 
7  9 
8  18 
13  20 
0  9 
20  0 
6  7 
10  15 
1  18 
12  7 
16  18 
14  15 
7  13 
14  13 
4  19 
-5  9 
19  6 
8  9 
6  4 
11  15 
2  5 
5  9 
8  16 
13  20 
0  9 
20  0 
6  7 
10  15 
1  18 
12  7 
16  18 
14  15 
7  13 
14  11 
4  20 
-5  9 
20  6 
6  9 
6  4 
11  15 
2  6 
8  8 
8  17 
13  20 
2  9 
20  0 
6  7 
10  15 
1  18 
12  7 
16  18 
14  15 
8  13 
14  12 
4  19 
-5  9 
19  6 
7  9 
6  4 
11  15 
2  6 
8  8 
8  16 
13  20 
2  8 
20  0 
6  7 
10  15 
1  18 
12  7 
16  18 
14  15 
7  13 
14  11 
4  19 
-5  9 
20  6 
6  9 
6  4 
11  15 
2  5 
6  9 
9  17 
13  20 
2  9 
20  0 
6  7 
10  15 
1  18 
12  7 
16  18 
14  15 
7  13 
14  13 
5  19 
-5  9 
20  6 
8  9 
6  4 
11  15 
2  5 
6  8 
8  16 
13  20 
2  9 
20  0 
6  7 
10  15 
1  18 
12  7 
16  18 
14  15 
8  13 
14  13 
4  19 
-5  9 
20  6 
8  9 
6  4 
11  15 
2  6 
6  8 
8  17 
13  20 
2  9 
20  0 
6  7 
10  15 
1  18 
12  7 
16  18 
14  15 
8  13 
14  12 
4  19 
-5  9 
19  6 
7  9 
6  4 
11  15 
2  6 
7  9 
8  18 
13  20 
2  9 
20  0 
6  7 
10  15 
1  18 
12  7 
16  18 
14  15 
8  13 
14  13 
4  20 
-5  9 
19  6 
8  9 
6  4 
11  15 
2  5 
5  9 
8  17 
13  20 
2  8 
20  0 
6  7 
10  15 
1  18 
12  7 
16  18 
14  15 
7  13 
14  11 
5  19 
-5  9 
20  6 
7  9 
6  4 
11  15 
2  5 
5  9 
8  18 
13  20 
2  9 
20  0 
6  7 
10  15 
1  18 
12  7 
16  18 
14  15 
8  13 
14  11 
5  19 
-5  9 
20  6 
8  9 
6  4 
11  15 
2  6 
8  9 
8  16 
13  20 
2  9 
20  0 
6  7 
10  15 
1  18 
12  7 
16  18 
14  15 
8  13 
14  11 
4  19 
-5  9 
20  6 
5  9 
6  4 
11  15 
2  6 
5  9 
9  17 
13  20 
2  8 
20  0 
6  7 
10  15 
1  18 
12  7 
16  18 
14  15 
8  13 
14  11 
5  19 
-5  9 
19  6 
8  8 
6  4 
11  15 
2  6 
6  9 
8  16 
13  20 
2  8 
20  0 
6  7 
10  15 
1  18 
12  7 
16  18 
14  15 
8  13 
14  11 
4  20 
-5  9 
20  6 
8  8 
6  4 
11  15 
2  5 
8  9 
9  17 
13  20 
2  8 
20  0 
6  7 
10  15 
1  18 
12  7 
16  18 
14  15 
7  13 
14  11 
5  19 
-5  9 
20  6 
6  8 
6  4 
11  15 
2  5 
7  9 
8  16 
13  20 
2  8 
20  0 
6  7 
10  15 
1  18 
12  7 
16  18 
14  15 
7  13 
14  13 
4  19 
-5  9 
20  6 
8  9 
6  4 
11  15 
2  6 
5  9 
8  16 
13  20 
2  9 
20  0 
6  7 
10  15 
1  18 
12  7 
16  18 
14  15 
7  13 
14  11 
4  19 
-5  9 
20  6 
6  8 
6  4 
11  15 
2  6 
6  9 
8  18 
13  20 
2  9 
20  0 
6  7 
10  15 
1  18 
12  7 
16  18 
14  15 
7  13 
14  13 
4  19 
-5  9 
19  6 
7  9 
6  4 
11  15 
2  5 
5  9 
9  17 
13  20 
2  8 
20  0 
6  7 
10  15 
1  18 
12  7 
16  18 
14  15 
7  13 
14  11 
5  19 
-5  9 
20  6 
6  8 
6  4 
11  15 
2  5 
6  8 
8  17 
13  20 
2  8 
20  0 
6  7 
10  15 
1  18 
12  7 
16  18 
14  15 
8  13 
14  13 
4  19 
-5  9 
20  6 
8  8 
6  4 
11  15 
2  6 
7  9 
8  16 
13  20 
2  9 
20  0 
6  7 
10  15 
1  18 
12  7 
16  18 
14  15 
8  13 
14  13 
4  20 
-5  9 
19  6 
5  9 
6  4 
11  15 
2  5 
8  8 
8  17 
13  20 
2  8 
20  0 
6  7 
10  15 
1  18 
12  7 
16  18 
14  15 
8  13 
14  13 
4  19 
-5  9 
20  6 
6  9 
6  4 
11  15 
2  6 
6  8 
8  16 
13  20 
2  9 
20  0 
6  7 
10  15 
1  18 
12  7 
16  18 
14  15 
8  13 
14  12 
4  19 
-5  9 
19  6 
7  9 
6  4 
11  15 
2  6 
7  9 
8  16 
13  20 
2  8 
20  0 
6  7 
10  15 
1  18 
12  7 
16  18 
14  15 
8  13 
14  12 
4  19 
-5  9 
20  6 
6  9 
6  4 
11  15 
2  5 
5  9 
9  17 
13  20 
2  9 
20  0 
6  7 
10  15 
1  18 
12  7 
18  19 
14  15 
8  13 
14  12 
4  20 
-5  9 
20  6 
8  9 
8  3 
11  15 
2  5 
7  9 
8  18 
13  20 
2  8 
20  0 
6  7 
10  15 
1  18 
12  7 
18  19 
14  15 
7  13 
14  12 
4  19 
-5  9 
19  6 
6  8 
8  3 
11  15 
2  5 
6  9 
9  17 
13  20 
2  8 
20  0 
6  7 
10  15 
1  18 
12  7 
18  19 
14  15 
8  13 
14  11 
4  19 
-5  9 
20  6 
7  9 
8  3 
11  15 
2  6 
8  9 
8  17 
13  20 
2  9 
20  0 
6  7 
10  15 
1  18 
12  7 
18  19 
14  15 
8  13 
14  13 
4  19 
-5  9 
20  6 
6  9 
8  3 
11  15 
2  6 
5  9 
8  17 
13  20 
2  8 
20  0 
6  7 
10  15 
1  18 
12  7 
18  19 
14  15 
8  13 
14  13 
5  19 
-5  9 
19  6 
6  9 
8  3 
11  15 
2  5 
8  9 
8  16 
13  20 
2  8 
20  0 
6  7 
10  15 
1  18 
12  7 
18  19 
14  15 
8  13 
14  13 
4  19 
-5  9 
20  6 
6  9 
8  3 
11  15 
2  6 
6  8 
8  16 
13  20 
2  8 
20  0 
6  7 
10  15 
1  18 
12  7 
18  19 
14  15 
7  13 
14  11 
5  19 
-5  9 
20  6 
7  9 
8  3 
11  15 
2  5 
6  9 
9  17 
13  20 
2  9 
20  0 
6  7 
10  15 
1  18 
12  7 
18  19 
14  15 
7  13 
14  12 
4  20 
-5  9 
19  6 
8  9 
8  3 
11  15 
2  6 
8  8 
8  16 
13  20 
2  8 
20  0 
6  7 
10  15 
1  18 
12  7 
18  19 
14  15 
8  13 
14  12 
4  20 
-5  9 
19  6 
6  8 
8  3 
10  15 
2  6 
5  9 
8  16 
13  20 
2  9 
20  0 
6  7 
9  14 
1  18 
12  7 
18  19 
14  15 
7  13 
14  12 
4  20 
-5  9 
19  6 
6  8 
8  3 
11  15 
2  5 
6  8 
8  16 
13  20 
2  8 
20  0 
6  7 
10  15 
1  18 
12  7 
18  19 
14  15 
8  13 
14  13 
4  20 
-5  9 
19  6 
6  9 
8  3 
11  15 
2  5 
5  9 
8  16 
13  20 
2  8 
20  0 
6  7 
10  15 
1  18 
12  7 
18  19 
14  15 
7  13 
14  11 
4  19 
-5  9 
19  6 
8  9 
8  3 
11  15 
2  5 
6  9 
8  16 
13  20 
2  8 
20  0 
6  7 
10  15 
1  18 
12  7 
18  19 
14  15 
8  13 
14  11 
5  19 
-5  9 
20  6 
8  8 
8  3 
11  15 
2  6 
8  8 
8  17 
13  20 
2  9 
20  0 
6  7 
10  15 
1  18 
12  7 
18  19 
14  15 
8  13 
14  11 
4  20 
-5  9 
20  6 
8  9 
8  3 
11  15 
2  5 
8  9 
8  18 
13  20 
2  9 
20  0 
6  7 
10  15 
1  18 
12  7 
18  19 
14  15 
7  13 
14  11 
5  19 
-5  9 
20  6 
6  9 
8  3 
11  15 
2  6 
5  9 
8  17 
13  20 
2  9 
20  0 
6  7 
10  15 
1  18 
12  7 
18  19 
14  15 
8  13 
14  13 
4  19 
-5  9 
20  6 
6  8 
8  3 
11  15 
2  5 
8  9 
8  16 
12  18 
2  8 
20  0 
6  7 
10  15 
1  18 
12  7 
18  19 
14  15 
8  13 
14  11 
4  20 
-5  9 
19  6 
8  8 
8  3 
11  15 
2  6 
8  9 
9  17 
12  18 
2  9 
20  0 
6  7 
10  15 
1  18 
12  7 
18  19 
14  15 
7  13 
14  11 
4  19 
-5  9 
19  6 
6  9 
8  3 
11  15 
2  6 
8  9 
9  17 
12  18 
2  9 
20  0 
6  7 
10  15 
1  18 
12  7 
18  19 
14  15 
7  13 
14  12 
4  19 
-5  9 
19  6 
6  8 
8  3 
11  15 
2  6 
6  8 
8  18 
12  18 
2  8 
20  0 
6  7 
10  15 
1  18 
12  7 
18  19 
14  15 
7  13 
14  11 
4  20 
-5  9 
20  6 
8  8 
8  3 
11  15 
2  5 
5  9 
8  17 
12  18 
2  9 
20  0 
6  7 
10  15 
1  18 
12  7 
18  19 
14  15 
8  13 
14  11 
4  20 
-5  9 
20  6 
7  9 
8  3 
11  15 
2  5 
6  9 
8  17 
12  18 
2  8 
20  0 
6  7 
10  15 
1  18 
12  7 
18  19 
14  15 
7  13 
14  11 
5  19 
-5  9 
19  6 
8  9 
8  3 
11  15 
2  5 
8  9 
8  16 
12  18 
2  9 
20  0 
6  7 
10  15 
1  18 
12  7 
18  19 
14  15 
7  13 
14  13 
5  19 
-5  9 
19  6 
8  8 
8  3 
11  15 
2  6 
7  9 
8  16 
12  18 
2  8 
20  0 
6  7 
10  15 
1  18 
12  7 
18  19 
14  15 
8  13 
14  11 
4  20 
-5  9 
20  6 
6  8 
8  3 
11  15 
2  5 
8  9 
9  17 
12  18 
2  9 
20  0 
6  7 
10  15 
1  18 
12  7 
18  19 
14  15 
7  13 
14  11 
5  19 
-5  9 
20  6 
7  9 
8  3 
11  15 
2  5 
5  9 
8  18 
12  18 
2  8 
20  0 
6  7 
10  15 
1  18 
12  7 
18  19 
14  15 
8  13 
14  12 
4  19 
-5  9 
20  6 
8  9 
8  3 
11  15 
2  6 
5  9 
8  16 
12  18 
2  9 
20  0 
6  7 
10  15 
1  18 
12  7 
18  19 
14  15 
8  13 
14  13 
4  19 
-5  9 
20  6 
8  8 
8  3 
11  15 
2  5 
7  9 
8  16 
12  18 
2  9 
20  0 
6  7 
10  15 
1  18 
12  7 
18  19 
14  15 
7  13 
14  11 
4  19 
-3  10 
18  7 
8  8 
8  3 
11  15 
2  5 
8  9 
9  17 
12  18 
2  9 
20  0 
6  7 
10  15 
1  18 
12  7 
18  19 
14  15 
7  13 
14  11 
5  19 
-3  10 
18  7 
7  9 
8  3 
11  15 
2  6 
8  9 
8  16 
12  18 
2  9 
20  0 
6  7 
10  15 
1  18 
12  7 
18  19 
14  15 
8  13 
14  12 
4  20 
-3  10 
18  7 
6  9 
7  2 
11  15 
2  6 
5  9 
8  18 
12  18 
2  9 
20  0 
6  7 
10  15 
1  18 
12  7 
18  19 
14  15 
7  13 
14  12 
4  19 
-3  10 
18  7 
7  9 
7  2 
11  15 
2  6 
6  8 
8  17 
12  18 
2  9 
20  0 
6  7 
10  15 
1  18 
12  7 
18  19 
14  15 
8  13 
14  11 
4  19 
-3  10 
18  7 
8  9 
7  2 
11  15 
2  5 
5  9 
8  18 
12  18 
2  8 
20  0 
6  7 
10  15 
1  18 
12  7 
18  19 
14  15 
7  13 
14  12 
4  19 
-3  10 
18  7 
7  9 
7  2 
11  15 
2  5 
7  9 
9  17 
12  18 
2  8 
20  0 
6  7 
10  15 
1  18 
12  7 
18  19 
14  15 
7  13 
14  13 
5  19 
-3  10 
18  7 
8  9 
7  2 
11  15 
2  5 
7  9 
8  16 
12  18 
2  8 
20  0 
6  7 
10  15 
1  18 
12  7 
18  19 
14  15 
7  13 
14  11 
4  19 
-3  10 
18  7 
6  9 
7  2 
11  15 
2  6 
6  8 
9  17 
12  18 
2  9 
20  0 
6  7 
10  15 
1  18 
12  7 
18  19 
14  15 
8  13 
14  12 
4  20 
-3  10 
18  7 
6  9 
7  2 
11  15 
2  6 
6  9 
8  16 
12  18 
2  9 
20  0 
6  7 
10  15 
1  18 
12  7 
18  19 
14  15 
8  13 
14  13 
4  20 
-3  10 
18  7 
8  9 
7  2 
11  15 
2  6 
8  9 
8  18 
12  18 
2  9 
20  0 
6  7 
10  15 
1  18 
12  7 
18  19 
14  15 
8  13 
14  12 
4  19 
-3  10 
18  7 
5  9 
7  2 
11  15 
2  5 
8  8 
9  17 
12  18 
2  8 
20  0 
6  7 
10  15 
1  18 
12  7 
18  19 
14  15 
8  13 
14  12 
5  19 
-3  10 
18  7 
6  8 
7  2 
11  15 
2  5 
5  9 
8  17 
12  18 
2  9 
20  0 
6  7 
10  15 
1  18 
12  7 
18  19 
14  15 
8  13 
14  12 
4  19 
-3  10 
18  7 
6  8 
7  2 
11  15 
3  7 
8  8 
8  16 
12  18 
2  8 
20  0 
6  7 
10  15 
1  18 
12  7 
18  19 
14  15 
7  13 
14  13 
4  20 
-3  10 
18  7 
7  9 
7  2 
11  15 
3  7 
8  9 
8  18 
12  18 
2  9 
20  0 
6  7 
10  15 
1  18 
12  7 
18  19 
14  15 
7  13 
14  12 
4  20 
-3  10 
18  7 
6  9 
7  2 
11  15 
3  7 
7  9 
9  17 
12  18 
2  8 
20  0 
6  7 
10  15 
1  18 
12  7 
18  19 
14  15 
8  13 
14  11 
4  20 
-3  10 
18  7 
8  9 
7  2 
11  15 
3  7 
5  9 
8  16 
12  18 
2  9 
20  0 
6  7 
10  15 
1  18 
12  7 
18  19 
14  15 
8  13 
14  12 
5  19 
-3  10 
18  7 
7  9 
7  2 
11  15 
3  7 
5  9 
8  16 
12  18 
2  8 
20  0 
6  7 
10  15 
1  18 
12  7 
18  19 
14  15 
7  13 
14  11 
4  20 
-3  10 
18  7 
7  9 
7  2 
11  15 
3  7 
8  9 
8  18 
12  18 
2  8 
20  0 
6  7 
10  15 
1  18 
12  7 
18  19 
14  15 
7  13 
14  13 
5  19 
-3  10 
18  7 
8  8 
7  2 
11  15 
3  7 
5  9 
8  17 
12  18 
2  8 
20  0 
6  7 
10  15 
1  18 
12  7 
18  19 
14  15 
8  13 
14  12 
4  19 
-3  10 
18  7 
7  9 
7  2 
11  15 
3  7 
7  9 
8  16 
12  18 
2  9 
20  0 
6  7 
10  15 
1  18 
12  7 
18  19 
14  15 
7  13 
14  11 
4  20 
-3  10 
18  7 
6  8 
7  2 
11  15 
3  7 
7  9 
8  18 
12  18 
2  9 
20  0 
6  7 
10  15 
1  18 
12  7 
18  19 
14  15 
7  13 
14  11 
4  19 
-3  10 
18  7 
8  9 
7  2 
11  15 
3  7 
5  9 
9  17 
12  18 
2  8 
20  0 
6  7 
10  15 
1  18 
12  7 
18  19 
14  15 
8  13 
14  12 
4  19 
-3  10 
18  7 
6  9 
7  2 
11  15 
3  7 
5  9 
8  16 
12  18 
2  8 
20  0 
6  7 
10  15 
1  18 
12  7 
18  19 
14  15 
8  13 
14  12 
5  19 
-3  10 
18  7 
8  9 
7  2 
11  15 
3  7 
7  9 
8  16 
12  18 
2  8 
20  0 
6  7 
10  15 
1  18 
12  7 
18  19 
14  15 
8  13 
14  12 
5  19 
-3  10 
18  7 
8  9 
7  2 
11  15 
3  7 
5  9 
8  18 
12  18 
2  8 
20  0 
6  7 
10  15 
1  18 
12  7 
18  19 
14  15 
7  13 
14  11 
5  19 
-3  10 
18  7 
8  9 
7  2 
11  15 
3  7 
6  9 
8  18 
12  18 
2  9 
20  0 
6  7 
10  15 
1  18 
12  7 
18  19 
14  15 
8  13 
14  13 
4  19 
-3  10 
18  7 
8  9 
7  2 
11  15 
3  7 
6  8 
8  18 
12  18 
2  9 
20  0 
6  7 
10  15 
1  18 
12  7 
18  19 
14  15 
8  13 
14  12 
4  19 
-3  10 
18  7 
8  9 
7  2 
11  15 
3  7 
5  9 
8  18 
12  18 
2  9 
20  0 
6  7 
10  15 
1  18 
12  7 
18  19 
14  15 
7  13 
14  11 
4  20 
-3  10 
18  7 
8  9 
7  2 
11  15 
3  7 
7  9 
8  16 
12  18 
2  9 
20  0 
6  7 
10  15 
1  18 
12  7 
18  19 
14  15 
7  13 
14  11 
4  19 
-3  10 
18  7 
8  8 
7  2 
11  15 
3  7 
6  8 
9  17 
12  18 
2  9 
20  0 
6  7 
10  15 
1  18 
12  7 
18  19 
14  15 
7  13 
14  13 
4  20 
-3  10 
18  7 
8  9 
7  2 
11  15 
3  7 
5  9 
8  17 
12  18 
2  8 
20  0 
6  7 
10  15 
1  18 
12  7 
18  19 
14  15 
7  13 
14  12 
4  20 
-3  10 
18  7 
7  9 
7  2 
11  15 
3  7 
8  8 
8  16 
12  18 
2  9 
20  0 
6  7 
10  15 
1  18 
12  7 
18  19 
14  15 
8  13 
14  11 
5  19 
-3  10 
19  6 
6  8 
7  2 
11  15 
3  7 
7  9 
8  16 
12  18 
2  9 
20  0 
6  7 
10  15 
1  18 
12  7 
18  19 
14  15 
8  13 
14  11 
4  20 
-3  10 
20  6 
5  9 
7  2 
11  15 
3  7 
7  9 
9  17 
12  18 
2  8 
20  0 
6  7 
10  15 
1  18 
12  7 
18  19 
14  15 
7  13 
14  13 
5  19 
-3  10 
20  6 
5  9 
7  2 
11  15 
3  7 
6  8 
8  16 
12  18 
2  8 
20  0 
6  7 
10  15 
1  18 
12  7 
18  19 
14  15 
8  13 
14  13 
5  19 
-3  10 
19  6 
8  8 
7  2 
11  15 
2  6 
6  8 
8  16 
12  18 
2  9 
20  0 
6  7 
10  15 
1  18 
12  7 
18  19 
14  15 
8  13 
14  13 
5  19 
-3  10 
19  6 
8  9 
7  2 
11  15 
2  6 
6  8 
8  18 
12  18 
2  9 
20  0 
6  7 
10  15 
1  18 
12  7 
18  19 
14  15 
8  13 
14  13 
4  19 
-3  10 
19  6 
8  9 
7  2 
