0 0.0 1.0 
100 0.0 1.0 
200 0.0 1.0 
300 0.0 0.9999288087327954 
400 0.06428571428571428 0.9992251514071963 
500 0.06428571428571428 0.9981608212147134 
600 0.09642857142857143 0.9968326598526266 
700 0.12857142857142856 0.9955471775015284 
800 0.09642857142857143 0.9947833065810594 
900 0.06428571428571428 0.994129538607896 
1000 0.03214285714285714 0.9941772513201085 
1100 0.03214285714285714 0.9943557804593227 
1200 0.03214285714285714 0.9944718686808612 
1300 0.06428571428571428 0.9945399143515977 
1400 0.06428571428571428 0.9943331293973692 
1500 0.06428571428571428 0.994172932330827 
1600 0.09642857142857143 0.9939925939145177 
1700 0.06428571428571428 0.9939216427311666 
1800 0.03214285714285714 0.993945823748711 
1900 0.03214285714285714 0.9940613962576088 
2000 0.0 0.9941636324694796 
2100 0.0 0.9943734276195009 
2200 0.0 0.9946290647108457 
2300 0.0 0.9948624821506178 
2400 0.0 0.9950645564348188 
2500 0.03214285714285714 0.9952047752327641 
2600 0.06428571428571428 0.9952463338276487 
2700 0.06428571428571428 0.9951935790976887 
2800 0.06428571428571428 0.9951382159432856 
2900 0.09642857142857143 0.9950251144925395 
3000 0.06428571428571428 0.9948957490360356 
3100 0.06428571428571428 0.9948138849219146 
3200 0.06428571428571428 0.994773954567769 
3300 0.06428571428571428 0.9946996581122604 
3400 0.06428571428571428 0.9946654345360608 
3500 0.06428571428571428 0.9946199045170767 
3600 0.06428571428571428 0.994496568413536 
3700 0.03214285714285714 0.9945140309568843 
3800 0.06428571428571428 0.9945550043221708 
3900 0.03214285714285714 0.9945993701248764 
4000 0.03214285714285714 0.9946477666297712 
4100 0.03214285714285714 0.9947051241857386 
4200 0.03214285714285714 0.9947376474988948 
4300 0.03214285714285714 0.9947188361510613 
4400 0.03214285714285714 0.9947690459960399 
4500 0.03214285714285714 0.9948003618243565 
4600 0.03214285714285714 0.9948241065606855 
4700 0.0 0.9948476008144164 
4800 0.03214285714285714 0.9949229327223496 
4900 0.06428571428571428 0.9948953566327572 
5000 0.06428571428571428 0.9948431742222984 
5100 0.06428571428571428 0.9948014394936567 
5200 0.06428571428571428 0.9947681764495838 
5300 0.09642857142857143 0.9947274099226561 
5400 0.06428571428571428 0.9947013780516836 
5500 0.06428571428571428 0.9946873295764407 
5600 0.03214285714285714 0.9947126788583671 
5700 0.03214285714285714 0.9947659558473451 
5800 0.0 0.9948420223114242 
5900 0.03214285714285714 0.9948798024547898 
6000 0.06428571428571428 0.9948740686076131 
6100 0.03214285714285714 0.9949194511438406 
6200 0.03214285714285714 0.9949685534591195 
6300 0.03214285714285714 0.9950092955766658 
6400 0.03214285714285714 0.9950415113709912 
6500 0.03214285714285714 0.9950798778209946 
6600 0.0 0.995113294522475 
6700 0.0 0.9951862195407934 
6800 0.0 0.9952559497552881 
6900 0.06428571428571428 0.9952983004533504 
7000 0.03214285714285714 0.9953047523823128 
7100 0.03214285714285714 0.9953316434305027 
7200 0.0 0.9953677068661099 
7300 0.0 0.9954223491889566 
7400 0.0 0.995484200976702 
7500 0.06428571428571428 0.995486316110233 
7600 0.06428571428571428 0.9954456180577743 
7700 0.09642857142857143 0.9953600645556235 
7800 0.12857142857142856 0.9952377900269196 
7900 0.16071428571428573 0.9951262950440269 
8000 0.03214285714285714 0.9950573142642883 
8100 0.06428571428571428 0.994994885992911 
8200 0.12857142857142856 0.9949174316720958 
8300 0.09642857142857143 0.994896484072487 
8400 0.03214285714285714 0.9949019674528542 
8500 0.03214285714285714 0.9949014401667031 
8600 0.03214285714285714 0.9949241782516983 
8700 0.06428571428571428 0.994936542597731 
8800 0.06428571428571428 0.9949425389971919 
8900 0.09642857142857143 0.9949383696855891 
9000 0.06428571428571428 0.9948918374148904 
9100 0.09642857142857143 0.9948616321597312 
9200 0.06428571428571428 0.9948196624590495 
9300 0.06428571428571428 0.9948058580490577 
9400 0.06428571428571428 0.9947923473186743 
9500 0.09642857142857143 0.994758446479318 
9600 0.06428571428571428 0.9947219039683366 
9700 0.03214285714285714 0.9947111490715242 
9800 0.03214285714285714 0.9947261212412728 
9900 0.06428571428571428 0.9947155409987447 
10000 0.12857142857142856 0.9946955304469554 
10100 0.06428571428571428 0.9946709660995375 
10200 0.06428571428571428 0.9946454829358466 
10300 0.09642857142857143 0.9946035059009527 
10400 0.09642857142857143 0.9945681733899213 
10500 0.06428571428571428 0.9945546002421538 
10600 0.03214285714285714 0.994571603757058 
10700 0.06428571428571428 0.9945896244676733 
10800 0.09642857142857143 0.99456928591268 
10900 0.06428571428571428 0.9945358879264026 
11000 0.03214285714285714 0.99453945745192 
11100 0.03214285714285714 0.9945635528330781 
11200 0.06428571428571428 0.9945849860344101 
11300 0.06428571428571428 0.9945832859291845 
11400 0.06428571428571428 0.9945819289034796 
11500 0.06428571428571428 0.9945833902642006 
11600 0.12857142857142856 0.994570972945682 
11700 0.09642857142857143 0.9945416753146862 
11800 0.12857142857142856 0.9944862420860218 
11900 0.09642857142857143 0.9944560481112031 
12000 0.12857142857142856 0.9944326068065756 
12100 0.09642857142857143 0.9944098480645047 
12200 0.12857142857142856 0.9943742901635697 
12300 0.09642857142857143 0.9943358263555808 
12400 0.09642857142857143 0.9943167025700692 
12500 0.06428571428571428 0.9942844572434205 
12600 0.09642857142857143 0.9942643440996747 
12700 0.09642857142857143 0.9942377990484439 
12800 0.09642857142857143 0.9942066468021471 
12900 0.09642857142857143 0.9941790226671243 
13000 0.09642857142857143 0.9941548452316855 
13100 0.12857142857142856 0.9941179517375991 
13200 0.09642857142857143 0.9940697133334054 
13300 0.06428571428571428 0.9940342831366062 
13400 0.12857142857142856 0.9940252326585436 
13500 0.09642857142857143 0.9940030897182219 
13600 0.09642857142857143 0.9939899377146638 
13700 0.06428571428571428 0.9939910538334011 
13800 0.06428571428571428 0.9940030225553014 
13900 0.09642857142857143 0.9940030008118634 
14000 0.03214285714285714 0.9940119073127429 
14100 0.06428571428571428 0.9940239800622043 
14200 0.09642857142857143 0.9940094761938294 
14300 0.06428571428571428 0.9939854355839252 
14400 0.03214285714285714 0.9939887607011418 
14500 0.03214285714285714 0.9940151910705666 
14600 0.06428571428571428 0.9940371011770232 
14700 0.06428571428571428 0.9940271312933037 
14800 0.03214285714285714 0.9940204329823275 
14900 0.06428571428571428 0.994041387442837 
15000 0.06428571428571428 0.99402968373537 
15100 0.03214285714285714 0.994041548809445 
15200 0.03214285714285714 0.9940666497504863 
15300 0.03214285714285714 0.9940844202526445 
15400 0.06428571428571428 0.9940984815457252 
15500 0.06428571428571428 0.9941008414203691 
15600 0.06428571428571428 0.9940990504271704 
15700 0.06428571428571428 0.994093415342062 
15800 0.09642857142857143 0.9940751941558853 
15900 0.06428571428571428 0.9940435013071954 
16000 0.06428571428571428 0.9939968037711929 
16100 0.03214285714285714 0.9940059179997693 
16200 0.03214285714285714 0.9940204308376026 
16300 0.06428571428571428 0.9940211818731541 
16400 0.06428571428571428 0.9940092938583884 
16500 0.06428571428571428 0.993986078765789 
16600 0.12857142857142856 0.9939381878888535 
16700 0.09642857142857143 0.993894933579683 
16800 0.06428571428571428 0.9938711131140153 
16900 0.06428571428571428 0.9938543365988488 
17000 0.06428571428571428 0.9938373372994865 
17100 0.09642857142857143 0.9938086327449522 
17200 0.06428571428571428 0.9937887747390102 
17300 0.06428571428571428 0.9937769905950936 
17400 0.06428571428571428 0.9937626737379626 
17500 0.09642857142857143 0.9937466838629629 
17600 0.06428571428571428 0.9937292523963736 
17700 0.06428571428571428 0.9937198866892104 
17800 0.06428571428571428 0.9937084192701855 
17900 0.03214285714285714 0.993707853511775 
18000 0.03214285714285714 0.9937261421984493 
18100 0.03214285714285714 0.9937418611442146 
18200 0.03214285714285714 0.9937585846931487 
18300 0.03214285714285714 0.9937702467468601 
18400 0.03214285714285714 0.9937850815561267 
18500 0.03214285714285714 0.9937974395206437 
18600 0.03214285714285714 0.9938138886542198 
18700 0.06428571428571428 0.9938221409091951 
18800 0.03214285714285714 0.9938270760673824 
18900 0.03214285714285714 0.993841406728291 
19000 0.06428571428571428 0.9938557745081086 
19100 0.06428571428571428 0.9938440021838797 
19200 0.06428571428571428 0.9938477906656648 
19300 0.06428571428571428 0.9938517249291302 
19400 0.06428571428571428 0.9938316876155132 
19500 0.06428571428571428 0.9938356641051375 
19600 0.06428571428571428 0.9938184640725327 
19700 0.06428571428571428 0.9938079647878643 
19800 0.06428571428571428 0.9937930623994459 
19900 0.06428571428571428 0.993775976799443 
20000 0.03214285714285714 0.9937828108594571 
20100 0.03214285714285714 0.9937908206414748 
20200 0.03214285714285714 0.9937909721583797 
20300 0.03214285714285714 0.9938023813042285 
20400 0.06428571428571428 0.9938089519421317 
20500 0.06428571428571428 0.9938114517061886 
20600 0.06428571428571428 0.9938102866018986 
20700 0.06428571428571428 0.9938103404252383 
20800 0.09642857142857143 0.9937935676169415 
20900 0.06428571428571428 0.9937813980192335 
21000 0.06428571428571428 0.9937742760548818 
21100 0.09642857142857143 0.993767390848098 
21200 0.06428571428571428 0.993755685378722 
21300 0.06428571428571428 0.993744760474022 
21400 0.06428571428571428 0.9937274292923561 
21500 0.06428571428571428 0.9937160730065712 
21600 0.06428571428571428 0.9936947363547984 
21700 0.06428571428571428 0.9936895600597734 
21800 0.09642857142857143 0.9936705065953725 
21900 0.06428571428571428 0.9936638574885687 
22000 0.06428571428571428 0.9936548338711877 
22100 0.03214285714285714 0.9936541332971359 
22200 0.03214285714285714 0.9936669519391018 
22300 0.06428571428571428 0.9936745309307078 
22400 0.06428571428571428 0.9936853903205852 
22500 0.06428571428571428 0.9936850425695366 
22600 0.06428571428571428 0.9936804313336325 
22700 0.06428571428571428 0.9936772766460886 
22800 0.03214285714285714 0.9936860538698178 
22900 0.06428571428571428 0.9936921032768375 
23000 0.06428571428571428 0.9936850571714273 
23100 0.06428571428571428 0.9936766806631747 
23200 0.06428571428571428 0.9936668370205718 
23300 0.06428571428571428 0.9936627489929923 
23400 0.06428571428571428 0.9936687687339368 
23500 0.12857142857142856 0.993650118232051 
23600 0.12857142857142856 0.9936143746935663 
23700 0.12857142857142856 0.9935701929394178 
23800 0.12857142857142856 0.993515878684569 
23900 0.09642857142857143 0.9934811454392225 
24000 0.09642857142857143 0.9934615819578946 
24100 0.09642857142857143 0.9934426253800969 
24200 0.09642857142857143 0.9934226448729981 
24300 0.09642857142857143 0.9934135573491979 
24400 0.09642857142857143 0.9934014706657222 
24500 0.09642857142857143 0.9933861300121861 
24600 0.09642857142857143 0.9933720754673155 
24700 0.09642857142857143 0.9933581347198205 
24800 0.16071428571428573 0.9933336501408353 
24900 0.12857142857142856 0.9933013304112859 
