0 0.0 1.0 
100 0.0 1.0 
200 0.0 1.0 
300 0.0 1.0 
400 0.0 1.0 
500 0.0 1.0 
600 0.0 1.0 
700 0.0 0.9999920748137581 
800 0.0 0.999993064225274 
900 0.025 0.9996670366259711 
1000 0.025 0.9994172494172494 
1100 0.025 0.9992532041578364 
1200 0.05 0.9990609677120917 
1300 0.05 0.998620719104962 
1400 0.025 0.9983860734396066 
1500 0.025 0.99825486712562 
1600 0.025 0.9982320077729196 
1700 0.025 0.9981824417009603 
1800 0.025 0.9981414646184219 
1900 0.025 0.9980931088900579 
2000 0.025 0.9980495863179522 
2100 0.05 0.9979718652493521 
2200 0.05 0.9978216972083397 
2300 0.025 0.9977799507460524 
2400 0.025 0.9977694479152205 
2500 0.025 0.9977731129770314 
2600 0.025 0.9977604767397155 
2700 0.025 0.9977395203422601 
2800 0.025 0.9977210520052362 
2900 0.025 0.9977048144318051 
3000 0.05 0.9976794772112999 
3100 0.05 0.9976065068615859 
3200 0.025 0.9975988406400778 
3300 0.05 0.9975344171799791 
3400 0.05 0.9974133424809697 
3500 0.05 0.9973110857215399 
3600 0.05 0.9971728532197847 
3700 0.025 0.9970818697649284 
3800 0.025 0.997064369025695 
3900 0.025 0.9970456293258139 
4000 0.025 0.9970188008553417 
4100 0.025 0.9970027635536048 
4200 0.025 0.9969901346240313 
4300 0.025 0.9969658219018833 
4400 0.05 0.9969041127016587 
4500 0.025 0.9968698313954923 
4600 0.025 0.996885942669468 
4700 0.025 0.9968995958306743 
4800 0.075 0.9968739151565646 
4900 0.075 0.9967393275748714 
5000 0.025 0.9966801084227599 
5100 0.025 0.9966754884663138 
5200 0.025 0.9966833301288214 
5300 0.025 0.996681443752751 
5400 0.025 0.9966893990824744 
5500 0.025 0.9966905007170413 
5600 0.025 0.9966905711281716 
5700 0.025 0.9966964859966088 
5800 0.025 0.9967002815606505 
5900 0.025 0.9967025362932836 
6000 0.025 0.9967019385657946 
6100 0.025 0.9967004498351818 
6200 0.025 0.9966967693382788 
6300 0.025 0.9967037859951683 
6400 0.025 0.9967053758961273 
6500 0.05 0.9966663248389137 
6600 0.025 0.9966503391741992 
6700 0.025 0.9966443648543335 
6800 0.025 0.9966524530706269 
6900 0.025 0.9966595018435331 
7000 0.0 0.9966711104762812 
7100 0.025 0.9967023423930902 
7200 0.025 0.9966979894767702 
7300 0.025 0.9966933753367119 
7400 0.025 0.9966776261466168 
7500 0.025 0.996673776829756 
7600 0.025 0.9966787995731555 
7700 0.025 0.9966793634304347 
7800 0.025 0.9966767081143443 
7900 0.05 0.9966407205838923 
8000 0.05 0.996596605979808 
8100 0.05 0.9965542662771399 
8200 0.05 0.9965173623812814 
8300 0.05 0.9964960714237909 
8400 0.025 0.9964733034427119 
8500 0.0 0.9964951835731743 
8600 0.0 0.9965359325143072 
8700 0.0 0.9965757448058333 
8800 0.0 0.9966146523753614 
8900 0.0 0.9966526857157123 
9000 0.0 0.9966898739646212 
9100 0.0 0.9967262449791842 
9200 0.0 0.9967322392493569 
9300 0.0 0.9967673726839408 
9400 0.0 0.9968017586781548 
9500 0.025 0.9968322047971558 
9600 0.025 0.9968573875406497 
9700 0.025 0.9968534171734873 
9800 0.025 0.9968486775725833 
9900 0.05 0.9968465587089969 
10000 0.05 0.9968175404681754 
10100 0.05 0.9967830467830467 
10200 0.05 0.9967465063338017 
10300 0.05 0.9967220011002168 
10400 0.05 0.9966894208890171 
10500 0.025 0.9966773005745485 
10600 0.025 0.9966727457577378 
10700 0.025 0.9966706122999928 
10800 0.025 0.9966710901253999 
10900 0.025 0.996672323640033 
11000 0.025 0.9966730297245705 
11100 0.025 0.9966727221771813 
11200 0.025 0.9966699401839122 
11300 0.025 0.9966652410307839 
11400 0.05 0.9966603806683624 
11500 0.025 0.9966447362065134 
11600 0.025 0.9966530663065445 
11700 0.025 0.99665982964419 
11800 0.05 0.9966481183327214 
11900 0.025 0.9966324025058585 
12000 0.05 0.9966160227388459 
12100 0.025 0.996617588996318 
12200 0.05 0.996625048948629 
12300 0.05 0.9966019022843671 
12400 0.05 0.9965824888673852 
12500 0.025 0.9965822734181266 
12600 0.05 0.9965831635937183 
12700 0.05 0.9965687303711869 
12800 0.05 0.9965599475735403 
12900 0.025 0.9965644351428399 
13000 0.025 0.9965880829679769 
13100 0.0 0.9966134900643717 
13200 0.0 0.9966387226556911 
13300 0.0 0.996659816722218 
13400 0.0 0.9966847416030313 
13500 0.025 0.9966924260754347 
13600 0.025 0.9966934620820365 
13700 0.025 0.9966956994217778 
13800 0.025 0.9966981056123148 
13900 0.025 0.996699278229384 
14000 0.025 0.9967034100738836 
14100 0.025 0.9967029525092783 
14200 0.025 0.9967023057844127 
14300 0.025 0.9967107972247473 
14400 0.025 0.996717820521723 
14500 0.025 0.9967145943957888 
14600 0.0 0.9967365248955551 
14700 0.0 0.9967583459930919 
14800 0.0 0.9967802475808691 
14900 0.0 0.9968018552073313 
15000 0.0 0.9968202119858676 
15100 0.025 0.9968390614308104 
15200 0.025 0.9968419475326915 
15300 0.025 0.9968469744170678 
15400 0.025 0.9968524771118759 
15500 0.0 0.9968661520045302 
15600 0.0 0.9968855272810148 
15700 0.0 0.9969053634234196 
15800 0.0 0.9969249484913051 
15900 0.0 0.9969439378375923 
16000 0.025 0.9969534890180475 
16100 0.025 0.9969525702337328 
16200 0.0 0.9969669224807797 
16300 0.0 0.9969855291768058 
16400 0.0 0.9970035702430069 
16500 0.0 0.997021729322802 
16600 0.0 0.9970396696316821 
16700 0.0 0.9970553992109588 
16800 0.025 0.9970595334933767 
16900 0.025 0.9970611535149136 
17000 0.025 0.9970643883693117 
17100 0.025 0.9970662859222008 
17200 0.025 0.9970675154545279 
17300 0.025 0.997069372997065 
17400 0.025 0.9970726458888058 
17500 0.025 0.9970742941673174 
17600 0.025 0.9970768706323504 
17700 0.0 0.9970899321444489 
17800 0.0 0.9971062799218521 
17900 0.025 0.9971010309790266 
18000 0.05 0.9970976921035251 
18100 0.025 0.9970983800772211 
18200 0.0 0.9971094384313438 
18300 0.0 0.9971252329866613 
18400 0.0 0.9971408558713597 
18500 0.0 0.9971563098691362 
18600 0.0 0.9971715977038271 
18700 0.0 0.9971864249683617 
18800 0.0 0.9972013899969859 
18900 0.025 0.9972044395064341 
19000 0.025 0.9972099421667865 
19100 0.025 0.997212333269346 
19200 0.025 0.9972094914038042 
19300 0.025 0.9972131553344962 
19400 0.025 0.9972154929012823 
19500 0.05 0.9972149576375001 
19600 0.025 0.9972164118610728 
19700 0.025 0.9972171463377494 
19800 0.025 0.9972178733958442 
19900 0.025 0.9972184535673807 
20000 0.025 0.9972187501736024 
20100 0.025 0.9972215312671011 
20200 0.025 0.9972241473194396 
20300 0.05 0.9972215380742054 
20400 0.05 0.9972116018277971 
20500 0.025 0.9972031174631047 
20600 0.0 0.9972134578148849 
20700 0.0 0.9972263819783264 
20800 0.0 0.997239716039293 
20900 0.0 0.997252922507695 
21000 0.0 0.9972660032061965 
21100 0.025 0.9972726411070565 
21200 0.025 0.9972750237148142 
21300 0.05 0.9972713852766433 
21400 0.0 0.9972740110794407 
21500 0.0 0.9972866895079815 
21600 0.0 0.9972992505491001 
21700 0.0 0.9973116958255892 
21800 0.0 0.997324026930467 
21900 0.0 0.9973362454276568 
22000 0.0 0.9973483528526481 
22100 0.0 0.9973583397432997 
22200 0.0 0.9973702385778418 
22300 0.0 0.9973820307011644 
22400 0.025 0.997383301340714 
22500 0.025 0.9973771536079878 
22600 0.025 0.9973732725690604 
22700 0.025 0.9973700375411754 
22800 0.025 0.9973676836785911 
22900 0.025 0.9973661994381614 
23000 0.025 0.9973641242651285 
23100 0.025 0.9973611050988653 
23200 0.025 0.9973587105919764 
23300 0.05 0.9973500183587733 
23400 0.05 0.9973324976615434 
23500 0.05 0.9973205631911645 
23600 0.025 0.9973149678215142 
23700 0.025 0.9973091852664444 
23800 0.025 0.9973071859725782 
23900 0.025 0.9973041574271648 
24000 0.025 0.9973005754389863 
24100 0.025 0.9972952943400227 
24200 0.025 0.9972937298275094 
24300 0.0 0.9972968647837995 
24400 0.0 0.9973079427528015 
24500 0.0 0.9973171163081779 
24600 0.0 0.9973280218961289 
24700 0.0 0.9973388391832989 
24800 0.0 0.9973493452324951 
24900 0.025 0.9973598784520032 
