0 0.0 1.0 
100 0.0546875 0.9970348597359736 
200 0.036458333333333336 0.9959058872305141 
300 0.018229166666666668 0.9963576273532669 
400 0.018229166666666668 0.9965321072319202 
500 0.0 0.9970579673985362 
600 0.0 0.9975301580698835 
700 0.0 0.9977264621968617 
800 0.018229166666666668 0.9979777881814399 
900 0.0 0.9981270810210877 
1000 0.018229166666666668 0.9981606934731935 
1100 0.018229166666666668 0.9981479904632152 
1200 0.018229166666666668 0.9980723529003608 
1300 0.0546875 0.997954297975916 
1400 0.018229166666666668 0.9977564388532001 
1500 0.0 0.9977827281812125 
1600 0.018229166666666668 0.997909834998959 
1700 0.018229166666666668 0.9978933960415441 
1800 0.018229166666666668 0.997845525633907 
1900 0.0546875 0.9977177581974399 
2000 0.036458333333333336 0.997538990921206 
2100 0.0546875 0.997378480485483 
2200 0.036458333333333336 0.9972786990761775 
2300 0.036458333333333336 0.9971162900188324 
2400 0.036458333333333336 0.9969869325281133 
2500 0.0546875 0.9968575069972011 
2600 0.07291666666666667 0.9966309031782647 
2700 0.09114583333333333 0.9963362334937678 
2800 0.0546875 0.9961063013209568 
2900 0.09114583333333333 0.9958311789038262 
3000 0.07291666666666667 0.9955553010107742 
3100 0.036458333333333336 0.9954341005589594 
3200 0.0546875 0.9954002004581901 
3300 0.07291666666666667 0.9952776305160053 
3400 0.036458333333333336 0.9951829425169068 
3500 0.036458333333333336 0.9951925937827287 
3600 0.07291666666666667 0.9951221593538832 
3700 0.0546875 0.9950843803476538 
3800 0.0546875 0.9949965195562571 
3900 0.0546875 0.9949532171238145 
4000 0.018229166666666668 0.9949771671665417 
4100 0.018229166666666668 0.9950297945623019 
4200 0.018229166666666668 0.9950954137903674 
4300 0.0 0.9951488994807409 
4400 0.018229166666666668 0.9952555763841551 
4500 0.036458333333333336 0.9953013913574761 
4600 0.0 0.9953225748025791 
4700 0.018229166666666668 0.9953921594696163 
4800 0.018229166666666668 0.9954366060890092 
4900 0.036458333333333336 0.9954643610147589 
5000 0.036458333333333336 0.9954446610677864 
5100 0.036458333333333336 0.9954242019538653 
5200 0.0546875 0.9953985211177337 
5300 0.036458333333333336 0.9953497374709175 
5400 0.036458333333333336 0.9953287971363328 
5500 0.09114583333333333 0.9952787940071502 
5600 0.036458333333333336 0.9952412701600905 
5700 0.036458333333333336 0.9952279022686078 
5800 0.036458333333333336 0.9951898559156467 
5900 0.018229166666666668 0.9952188541490143 
6000 0.018229166666666668 0.9952477538465812 
6100 0.0546875 0.9952641814183467 
6200 0.036458333333333336 0.9952435427081654 
6300 0.018229166666666668 0.9952715012167381 
6400 0.018229166666666668 0.9952981793209394 
6500 0.018229166666666668 0.9953272413218479 
6600 0.018229166666666668 0.9953451655052264 
6700 0.018229166666666668 0.9953617774710243 
6800 0.036458333333333336 0.9953587554526295 
6900 0.036458333333333336 0.9953331793701395 
7000 0.018229166666666668 0.9953194930486121 
7100 0.018229166666666668 0.9953399315824062 
7200 0.0546875 0.9953004935657085 
7300 0.036458333333333336 0.9952574989727435 
7400 0.0546875 0.9952452230554429 
7500 0.0546875 0.995172171488246 
7600 0.0546875 0.9951274229268079 
7700 0.036458333333333336 0.9950753825260789 
7800 0.036458333333333336 0.9950670720634107 
7900 0.0546875 0.995051391174113 
8000 0.036458333333333336 0.9950133186476691 
8100 0.036458333333333336 0.9950173332510389 
8200 0.0 0.9950545919196846 
8300 0.036458333333333336 0.9950925214833555 
8400 0.0546875 0.9950629017378884 
8500 0.036458333333333336 0.9950367358742109 
8600 0.0546875 0.9950284366158973 
8700 0.036458333333333336 0.9950092542044976 
8800 0.036458333333333336 0.994978376036814 
8900 0.036458333333333336 0.9949660384600981 
9000 0.018229166666666668 0.9949658371292078 
9100 0.0 0.9950171455517709 
9200 0.0546875 0.995041865920371 
9300 0.018229166666666668 0.9950489754685876 
9400 0.018229166666666668 0.9950672911569691 
9500 0.036458333333333336 0.9950876881380907 
9600 0.0546875 0.9950658894038815 
9700 0.036458333333333336 0.995065747087929 
9800 0.036458333333333336 0.9950674676053464 
9900 0.0546875 0.9950491638050029 
10000 0.036458333333333336 0.9950333091690831 
10100 0.036458333333333336 0.9950301434676435 
10200 0.036458333333333336 0.9950278056889847 
10300 0.036458333333333336 0.9950245020709964 
10400 0.036458333333333336 0.9950190085889178 
10500 0.018229166666666668 0.9950267633241279 
10600 0.0 0.9950500935446341 
10700 0.0 0.9950953766003178 
10800 0.0 0.9951407855754096 
10900 0.0 0.9951853614347308 
11000 0.018229166666666668 0.9952104259461261 
11100 0.018229166666666668 0.995231050881302 
11200 0.036458333333333336 0.9952427052644109 
11300 0.036458333333333336 0.9952359488835796 
11400 0.018229166666666668 0.9952336509224337 
11500 0.018229166666666668 0.9952542623105237 
11600 0.036458333333333336 0.9952716001494124 
11700 0.0546875 0.9952503614363445 
11800 0.0546875 0.9952316894048527 
11900 0.036458333333333336 0.9952117994286195 
12000 0.036458333333333336 0.9951865990334139 
12100 0.0 0.9951803225628736 
12200 0.036458333333333336 0.9951929315903068 
12300 0.036458333333333336 0.9951867056878845 
12400 0.036458333333333336 0.995184570128753 
12500 0.036458333333333336 0.9951826770525025 
12600 0.09114583333333333 0.9951539477686956 
12700 0.036458333333333336 0.9951256708789334 
12800 0.018229166666666668 0.9951368952295394 
12900 0.0546875 0.995143706560215 
13000 0.036458333333333336 0.9951403978540112 
13100 0.018229166666666668 0.9951442956008447 
13200 0.0546875 0.9951256454687776 
13300 0.036458333333333336 0.9951057094704658 
13400 0.036458333333333336 0.9951091958311569 
13500 0.036458333333333336 0.9951062652766461 
13600 0.018229166666666668 0.9951162062225817 
13700 0.018229166666666668 0.9951347453348904 
13800 0.0 0.9951524497017125 
13900 0.018229166666666668 0.9951861976356617 
14000 0.018229166666666668 0.9951971436564055 
14100 0.036458333333333336 0.9952044255135569 
14200 0.018229166666666668 0.9952029859986385 
14300 0.018229166666666668 0.995220322588164 
14400 0.07291666666666667 0.995194741973937 
14500 0.036458333333333336 0.9951723875364917 
14600 0.0546875 0.9951558683195215 
14700 0.036458333333333336 0.9951487852300297 
14800 0.018229166666666668 0.9951546418597842 
14900 0.036458333333333336 0.9951536040646042 
15000 0.018229166666666668 0.995155878496989 
15100 0.018229166666666668 0.9951631238549323 
15200 0.0 0.9951757559809662 
15300 0.036458333333333336 0.9952059233601289 
15400 0.0546875 0.9952027262840075 
15500 0.018229166666666668 0.9951921784616047 
15600 0.0546875 0.9951862727816593 
15700 0.036458333333333336 0.9951621977368745 
15800 0.0546875 0.9951476567938738 
15900 0.0546875 0.9951372293147182 
16000 0.018229166666666668 0.9951217241630731 
16100 0.036458333333333336 0.9951280846945324 
16200 0.0546875 0.9951086481287164 
16300 0.0546875 0.9950897695437908 
16400 0.07291666666666667 0.9950817594963721 
16500 0.0546875 0.9950530144637699 
16600 0.018229166666666668 0.9950418712226171 
16700 0.036458333333333336 0.9950570574616291 
16800 0.018229166666666668 0.9950604378707617 
16900 0.018229166666666668 0.9950700957043962 
17000 0.018229166666666668 0.9950908218634198 
17100 0.018229166666666668 0.9951009504804788 
17200 0.018229166666666668 0.995114292046974 
17300 0.0 0.9951300382444175 
17400 0.018229166666666668 0.9951418620577361 
17500 0.036458333333333336 0.9951409026627049 
17600 0.036458333333333336 0.9951300411434957 
17700 0.018229166666666668 0.9951279824115399 
17800 0.018229166666666668 0.9951269708630601 
17900 0.036458333333333336 0.9951320806100218 
18000 0.0546875 0.9951180374238469 
18100 0.036458333333333336 0.9951086093309762 
18200 0.036458333333333336 0.9951123049557716 
18300 0.0546875 0.9951030112197876 
18400 0.036458333333333336 0.9950938184971831 
18500 0.0546875 0.9950890886528656 
18600 0.036458333333333336 0.9950884697059298 
18700 0.018229166666666668 0.9950868826087732 
18800 0.018229166666666668 0.9950977784869599 
18900 0.0546875 0.9950852743681993 
19000 0.036458333333333336 0.9950746835692859 
19100 0.0546875 0.9950597045529902 
19200 0.07291666666666667 0.9950340314306546 
19300 0.018229166666666668 0.995012806978913 
19400 0.018229166666666668 0.995022673874199 
19500 0.0 0.995047529613866 
19600 0.036458333333333336 0.9950592444263048 
19700 0.036458333333333336 0.9950570931255605 
19800 0.036458333333333336 0.9950670631112907 
19900 0.018229166666666668 0.9950722220826425 
20000 0.018229166666666668 0.9950848811726081 
20100 0.036458333333333336 0.9950888637381224 
20200 0.036458333333333336 0.9950890684042044 
20300 0.036458333333333336 0.9950864489434018 
20400 0.036458333333333336 0.9950784939055275 
20500 0.036458333333333336 0.9950764596848934 
20600 0.036458333333333336 0.9950714113797064 
20700 0.036458333333333336 0.9950670408434376 
20800 0.018229166666666668 0.995067344518693 
20900 0.036458333333333336 0.9950654025724447 
21000 0.036458333333333336 0.9950608750773773 
21100 0.018229166666666668 0.9950634251141336 
21200 0.018229166666666668 0.9950711100498404 
21300 0.018229166666666668 0.9950789673411264 
21400 0.0 0.995093930579568 
21500 0.036458333333333336 0.9951023353564951 
21600 0.036458333333333336 0.9951116267765381 
21700 0.036458333333333336 0.995117952513709 
21800 0.036458333333333336 0.9951139473724447 
21900 0.036458333333333336 0.9951108111501757 
22000 0.036458333333333336 0.9951052177552535 
22100 0.018229166666666668 0.9951006176191123 
22200 0.036458333333333336 0.9951041525907242 
22300 0.036458333333333336 0.9951021675036994 
22400 0.018229166666666668 0.9951056639956549 
22500 0.018229166666666668 0.9951110969142112 
22600 0.018229166666666668 0.9951182101086973 
22700 0.018229166666666668 0.9951204425649384 
22800 0.0546875 0.9951250539084543 
22900 0.0546875 0.9951131364350901 
23000 0.07291666666666667 0.995095095503094 
23100 0.07291666666666667 0.9950743925226903 
23200 0.0546875 0.9950573475640417 
23300 0.0546875 0.9950486075347267 
23400 0.036458333333333336 0.9950429468826119 
23500 0.0546875 0.9950351181864602 
23600 0.036458333333333336 0.9950249283222462 
23700 0.0546875 0.9950153738238893 
23800 0.07291666666666667 0.9949917851840959 
23900 0.0546875 0.9949741686191652 
24000 0.036458333333333336 0.9949699361484938 
24100 0.018229166666666668 0.9949726541429816 
24200 0.018229166666666668 0.9949816984146661 
24300 0.018229166666666668 0.9949880963403427 
24400 0.018229166666666668 0.9949957225113725 
24500 0.018229166666666668 0.9950041367359156 
24600 0.018229166666666668 0.9950115298497351 
24700 0.036458333333333336 0.9950200228060943 
24800 0.018229166666666668 0.9950289722860637 
24900 0.018229166666666668 0.9950379544663535 
25000 0.036458333333333336 0.9950459273295735 
25100 0.0546875 0.9950387932751683 
25200 0.036458333333333336 0.9950361592793937 
25300 0.018229166666666668 0.9950429125001646 
25400 0.036458333333333336 0.9950394628492316 
25500 0.018229166666666668 0.9950401250604551 
25600 0.018229166666666668 0.9950489198013098 
25700 0.018229166666666668 0.9950585580327613 
25800 0.0 0.9950700392749635 
25900 0.018229166666666668 0.9950876655341493 
26000 0.0 0.9950993471404946 
26100 0.018229166666666668 0.9951137328710267 
26200 0.036458333333333336 0.9951198586567943 
26300 0.018229166666666668 0.995126531944286 
26400 0.018229166666666668 0.9951353247351742 
26500 0.0 0.9951505367721972 
26600 0.0 0.9951687671516108 
26700 0.0 0.995184325181329 
26800 0.018229166666666668 0.9951963662736465 
26900 0.0546875 0.9952047360383133 
27000 0.0546875 0.9951953939977531 
27100 0.036458333333333336 0.9951866974465887 
27200 0.036458333333333336 0.9951830432091957 
27300 0.07291666666666667 0.9951761725760961 
27400 0.036458333333333336 0.9951661207620159 
27500 0.0546875 0.9951612554998001 
27600 0.036458333333333336 0.9951511418668406 
27700 0.07291666666666667 0.9951419473424545 
27800 0.0546875 0.9951307581861564 
27900 0.07291666666666667 0.9951119956871319 
28000 0.0546875 0.9950953202564194 
28100 0.036458333333333336 0.9950869186149959 
28200 0.0546875 0.9950857793163363 
28300 0.0546875 0.9950771026936622 
28400 0.0546875 0.9950674785512247 
28500 0.036458333333333336 0.9950585615417002 
28600 0.036458333333333336 0.9950567178595154 
28700 0.036458333333333336 0.9950567017119032 
28800 0.036458333333333336 0.9950558719025959 
28900 0.036458333333333336 0.9950539665582506 
29000 0.036458333333333336 0.9950544090433663 
29100 0.036458333333333336 0.9950528797693092 
29200 0.036458333333333336 0.9950516285115807 
29300 0.018229166666666668 0.9950522521984461 
29400 0.036458333333333336 0.9950606661621487 
29500 0.0546875 0.9950557820073895 
29600 0.036458333333333336 0.9950478517054604 
29700 0.018229166666666668 0.9950573353310214 
29800 0.018229166666666668 0.9950654445320627 
29900 0.0546875 0.9950716705405617 
30000 0.0546875 0.9950669179082919 
30100 0.07291666666666667 0.995054497082046 
30200 0.0546875 0.9950369848404578 
30300 0.0546875 0.9950291278890686 
30400 0.036458333333333336 0.9950250060305034 
30500 0.036458333333333336 0.9950228749330623 
30600 0.036458333333333336 0.9950181196420597 
30700 0.036458333333333336 0.9950103416826813 
30800 0.018229166666666668 0.9950106462993625 
30900 0.036458333333333336 0.9950132243562776 
31000 0.0546875 0.9950048654344483 
31100 0.0546875 0.9949962253357341 
31200 0.036458333333333336 0.9949898106898283 
31300 0.0546875 0.994983187438101 
31400 0.018229166666666668 0.9949853972272645 
31500 0.018229166666666668 0.9949928838237939 
31600 0.018229166666666668 0.995001311931057 
31700 0.018229166666666668 0.99500820820584 
31800 0.036458333333333336 0.9950157981143151 
31900 0.0 0.9950284016697492 
32000 0.0 0.9950439374290386 
32100 0.0 0.9950592141470151 
32200 0.018229166666666668 0.995067683586431 
32300 0.018229166666666668 0.995073601307493 
32400 0.018229166666666668 0.9950822151836878 
32500 0.018229166666666668 0.9950878915264145 
32600 0.0546875 0.9950838675705245 
32700 0.036458333333333336 0.9950837703739946 
32800 0.036458333333333336 0.9950846264849649 
32900 0.036458333333333336 0.995085002482194 
33000 0.018229166666666668 0.9950923993464844 
33100 0.018229166666666668 0.9951003809049072 
33200 0.018229166666666668 0.9951085496922784 
33300 0.036458333333333336 0.9951061123039349 
33400 0.036458333333333336 0.9951045471442971 
33500 0.036458333333333336 0.9951032245306111 
33600 0.018229166666666668 0.9951092725414918 
33700 0.018229166666666668 0.9951160573870211 
33800 0.036458333333333336 0.9951199514560713 
33900 0.0 0.9951232080174626 
34000 0.018229166666666668 0.9951324961030558 
34100 0.018229166666666668 0.9951380641330166 
34200 0.036458333333333336 0.9951409345974289 
34300 0.018229166666666668 0.9951463696393691 
34400 0.018229166666666668 0.9951532113892038 
34500 0.07291666666666667 0.9951498990367429 
34600 0.0546875 0.9951361443070046 
34700 0.0546875 0.9951295982104262 
34800 0.036458333333333336 0.9951259332825685 
34900 0.018229166666666668 0.9951306463281855 
35000 0.018229166666666668 0.9951363740797882 
35100 0.036458333333333336 0.9951422175768971 
35200 0.07291666666666667 0.9951305686154749 
35300 0.036458333333333336 0.9951227479391519 
35400 0.0546875 0.9951160748754744 
35500 0.0 0.9951101729528745 
35600 0.018229166666666668 0.9951190070737713 
35700 0.018229166666666668 0.9951226856390577 
35800 0.018229166666666668 0.9951293259964805 
35900 0.018229166666666668 0.9951347687622443 
36000 0.018229166666666668 0.9951401089553068 
36100 0.018229166666666668 0.9951463573262052 
36200 0.036458333333333336 0.9951473198254192 
36300 0.07291666666666667 0.9951397401816295 
36400 0.07291666666666667 0.9951296982454695 
36500 0.0546875 0.9951196399870323 
36600 0.036458333333333336 0.9951168940056283 
36700 0.036458333333333336 0.9951155111577341 
36800 0.0546875 0.9951115883399908 
36900 0.0546875 0.9951046522000307 
37000 0.0546875 0.9950971905038603 
37100 0.018229166666666668 0.9950947526122387 
37200 0.036458333333333336 0.9950985580584751 
37300 0.036458333333333336 0.9950969673511881 
37400 0.0546875 0.995086403104195 
37500 0.0546875 0.9950822144742807 
37600 0.036458333333333336 0.9950812339875712 
37700 0.036458333333333336 0.9950817783347922 
37800 0.0546875 0.9950786685537419 
37900 0.0546875 0.9950733764720368 
38000 0.07291666666666667 0.9950673584247783 
38100 0.0546875 0.995053170083025 
38200 0.036458333333333336 0.9950466229069047 
38300 0.036458333333333336 0.9950463651949906 
38400 0.036458333333333336 0.9950415652153156 
38500 0.018229166666666668 0.9950360461416586 
38600 0.018229166666666668 0.9950427665949932 
38700 0.018229166666666668 0.9950494523182002 
38800 0.0 0.9950594593781947 
38900 0.0 0.9950721596702741 
39000 0.036458333333333336 0.995077383165389 
39100 0.036458333333333336 0.995082579942542 
39200 0.036458333333333336 0.9950780512614474 
39300 0.0546875 0.9950762623724587 
39400 0.0546875 0.9950697238014263 
39500 0.0546875 0.9950623612904315 
39600 0.036458333333333336 0.9950595076513219 
39700 0.036458333333333336 0.9950596857341965 
39800 0.0546875 0.9950550865556141 
39900 0.036458333333333336 0.9950512283526729 
40000 0.036458333333333336 0.9950508398748364 
40100 0.036458333333333336 0.9950533756431676 
40200 0.0546875 0.9950533076498926 
40300 0.0546875 0.9950466489665268 
40400 0.036458333333333336 0.9950432461448974 
40500 0.018229166666666668 0.9950471901928347 
40600 0.018229166666666668 0.9950533597284139 
40700 0.018229166666666668 0.9950588591189405 
40800 0.018229166666666668 0.9950654804212316 
40900 0.018229166666666668 0.9950720056763078 
41000 0.036458333333333336 0.9950746247042755 
41100 0.018229166666666668 0.9950778012294916 
41200 0.036458333333333336 0.9950802670647153 
41300 0.036458333333333336 0.9950778658507058 
41400 0.018229166666666668 0.9950806970242264 
41500 0.018229166666666668 0.9950858362850694 
41600 0.036458333333333336 0.995089198076168 
41700 0.0546875 0.9950853621615788 
41800 0.036458333333333336 0.9950803609164055 
41900 0.036458333333333336 0.9950802312792854 
42000 0.036458333333333336 0.9950788622096299 
42100 0.018229166666666668 0.9950825717718502 
42200 0.018229166666666668 0.9950883001390173 
42300 0.036458333333333336 0.9950889532753363 
42400 0.036458333333333336 0.9950931655503408 
42500 0.036458333333333336 0.9950887797738093 
42600 0.036458333333333336 0.9950842311995806 
42700 0.0546875 0.9950795209714058 
42800 0.0546875 0.9950759279378207 
42900 0.0546875 0.9950690737589645 
43000 0.0546875 0.9950642499593033 
43100 0.0546875 0.9950576359403881 
43200 0.036458333333333336 0.9950534034705987 
43300 0.018229166666666668 0.9950514759089475 
43400 0.036458333333333336 0.995055797485465 
43500 0.018229166666666668 0.9950621944514686 
43600 0.0546875 0.9950662327125525 
43700 0.036458333333333336 0.9950614926813269 
43800 0.0546875 0.9950583795651545 
43900 0.0546875 0.9950485775760612 
44000 0.0546875 0.995042667117414 
44100 0.018229166666666668 0.9950425703687747 
44200 0.018229166666666668 0.995045419881149 
44300 0.036458333333333336 0.9950453761389886 
44400 0.036458333333333336 0.9950453325938605 
44500 0.0546875 0.9950355750432575 
44600 0.036458333333333336 0.9950317584433832 
44700 0.018229166666666668 0.9950326195163419 
44800 0.036458333333333336 0.9950296403354092 
44900 0.018229166666666668 0.9950260944448156 
45000 0.036458333333333336 0.9950309553306222 
45100 0.036458333333333336 0.9950293854349127 
45200 0.018229166666666668 0.9950335261756745 
45300 0.018229166666666668 0.9950387983525014 
45400 0.018229166666666668 0.9950429001196743 
45500 0.018229166666666668 0.9950490442517747 
45600 0.018229166666666668 0.9950568175588255 
45700 0.018229166666666668 0.9950624484876334 
45800 0.018229166666666668 0.995068168544355 
45900 0.0 0.9950756791791029 
46000 0.018229166666666668 0.9950849687144482 
46100 0.018229166666666668 0.9950912240696153 
46200 0.0546875 0.9950932248941221 
46300 0.0546875 0.9950880178073908 
46400 0.018229166666666668 0.9950830576568034 
46500 0.036458333333333336 0.9950846711181839 
46600 0.018229166666666668 0.9950844894244043 
46700 0.0546875 0.9950840854585555 
46800 0.036458333333333336 0.9950817357000918 
46900 0.0546875 0.9950787851893705 
47000 0.036458333333333336 0.9950737971887123 
47100 0.0546875 0.9950687750790854 
47200 0.018229166666666668 0.9950665328418183 
47300 0.0 0.9950700258275019 
47400 0.0 0.9950804263974741 
47500 0.018229166666666668 0.9950859587166586 
47600 0.0546875 0.9950829333067233 
47700 0.018229166666666668 0.9950852161554964 
47800 0.0 0.9950929373862472 
47900 0.018229166666666668 0.9951002458195027 
48000 0.018229166666666668 0.9951030208572044 
48100 0.018229166666666668 0.9951069212871527 
48200 0.036458333333333336 0.995105132673596 
48300 0.018229166666666668 0.9951044836890885 
48400 0.036458333333333336 0.9951076036652136 
48500 0.018229166666666668 0.9951110866270798 
48600 0.036458333333333336 0.9951083932600838 
48700 0.018229166666666668 0.9951110047363846 
48800 0.036458333333333336 0.9951154198513692 
48900 0.036458333333333336 0.9951146512852498 
49000 0.036458333333333336 0.9951135138398536 
49100 0.036458333333333336 0.9951132296185414 
49200 0.018229166666666668 0.9951118879697567 
49300 0.036458333333333336 0.9951137738923483 
49400 0.0546875 0.9951119621397677 
49500 0.07291666666666667 0.9951065803384443 
49600 0.036458333333333336 0.9951025852973394 
49700 0.036458333333333336 0.9951007021991509 
49800 0.036458333333333336 0.9950999770754269 
49900 0.0546875 0.9950979501913789 
50000 0.07291666666666667 0.9950886398938688 
50100 0.036458333333333336 0.9950864877946548 
50200 0.036458333333333336 0.9950863155116432 
50300 0.036458333333333336 0.9950830893852343 
50400 0.018229166666666668 0.9950838029007361 
50500 0.036458333333333336 0.9950858543230167 
50600 0.036458333333333336 0.9950826482348833 
50700 0.018229166666666668 0.9950865942815066 
50800 0.018229166666666668 0.9950908836276189 
50900 0.036458333333333336 0.995092905018238 
51000 0.018229166666666668 0.995095326970713 
51100 0.07291666666666667 0.9950954971526976 
51200 0.036458333333333336 0.9950867658834789 
51300 0.036458333333333336 0.9950817743156404 
51400 0.036458333333333336 0.9950818685434135 
51500 0.018229166666666668 0.9950843389772367 
51600 0.018229166666666668 0.9950902820843265 
51700 0.018229166666666668 0.9950923237300374 
51800 0.036458333333333336 0.9950928995900981 
51900 0.018229166666666668 0.995097437107827 
52000 0.018229166666666668 0.9951020573322308 
52100 0.018229166666666668 0.9951063099396684 
52200 0.036458333333333336 0.9951092990715376 
52300 0.036458333333333336 0.9951074469576745 
52400 0.036458333333333336 0.9951095776639123 
52500 0.018229166666666668 0.9951122458778563 
52600 0.036458333333333336 0.9951146068991084 
52700 0.036458333333333336 0.9951098927597832 
52800 0.018229166666666668 0.995108106380561 
52900 0.036458333333333336 0.9951112494722847 
53000 0.036458333333333336 0.9951109904372873 
53100 0.036458333333333336 0.9951113208790795 
53200 0.018229166666666668 0.9951109158349154 
53300 0.018229166666666668 0.995115104938619 
53400 0.018229166666666668 0.9951200586131346 
53500 0.018229166666666668 0.9951240689426366 
53600 0.07291666666666667 0.995124663408021 
53700 0.07291666666666667 0.9951142960559394 
53800 0.036458333333333336 0.9951088560156874 
53900 0.018229166666666668 0.9951092821407148 
54000 0.0546875 0.9951117803374011 
54100 0.018229166666666668 0.9951147025162813 
54200 0.018229166666666668 0.9951180943771025 
54300 0.036458333333333336 0.9951190758457487 
54400 0.018229166666666668 0.9951229737658008 
54500 0.0546875 0.9951179699302154 
54600 0.0546875 0.9951126028674688 
54700 0.036458333333333336 0.9951102070803093 
54800 0.0546875 0.9951083427613852 
54900 0.036458333333333336 0.9951038289375421 
55000 0.036458333333333336 0.9951030246419762 
55100 0.036458333333333336 0.9951018451721989 
55200 0.018229166666666668 0.9951037364208378 
55300 0.018229166666666668 0.995107834095827 
55400 0.018229166666666668 0.9951123870357335 
55500 0.036458333333333336 0.9951166889635622 
55600 0.018229166666666668 0.9951185399093542 
55700 0.036458333333333336 0.9951221608080046 
55800 0.036458333333333336 0.9951226419180063 
55900 0.036458333333333336 0.9951226554533908 
56000 0.036458333333333336 0.995123691987643 
56100 0.0546875 0.9951228216371663 
56200 0.036458333333333336 0.9951225104238952 
56300 0.036458333333333336 0.9951200263612843 
56400 0.036458333333333336 0.995119767380011 
56500 0.018229166666666668 0.9951222747532492 
56600 0.036458333333333336 0.9951250493218612 
56700 0.018229166666666668 0.9951275844635309 
56800 0.018229166666666668 0.9951316236363209 
56900 0.0546875 0.9951291955179464 
57000 0.07291666666666667 0.9951220702268381 
57100 0.0546875 0.995110591685493 
57200 0.0546875 0.9951039335705086 
57300 0.0546875 0.9950986166617221 
57400 0.018229166666666668 0.9950962671962742 
57500 0.018229166666666668 0.9951000852159093 
57600 0.036458333333333336 0.9951011321418031 
57700 0.036458333333333336 0.9951054700813966 
57800 0.018229166666666668 0.9951082611748355 
57900 0.07291666666666667 0.9951094234843382 
58000 0.0546875 0.9951049245558985 
58100 0.0546875 0.9950999929002943 
58200 0.036458333333333336 0.9950984340188885 
58300 0.0546875 0.9950973271613408 
58400 0.036458333333333336 0.9950978739661992 
58500 0.036458333333333336 0.9951008227067344 
58600 0.018229166666666668 0.9951046501623977 
58700 0.018229166666666668 0.9951090856629359 
58800 0.018229166666666668 0.9951129303356518 
58900 0.036458333333333336 0.9951161429771991 
59000 0.036458333333333336 0.9951157695773518 
59100 0.036458333333333336 0.9951156177560447 
59200 0.0546875 0.9951129151112312 
59300 0.0546875 0.9951062692871958 
59400 0.0546875 0.9951011802551023 
59500 0.036458333333333336 0.9950998285042828 
59600 0.036458333333333336 0.9951023263032499 
59700 0.0546875 0.9951013697425504 
59800 0.07291666666666667 0.9950935794691281 
59900 0.0546875 0.9950859021552227 
60000 0.036458333333333336 0.9950848475442076 
60100 0.018229166666666668 0.9950881294265764 
60200 0.036458333333333336 0.9950880262924757 
60300 0.036458333333333336 0.9950888304091142 
60400 0.036458333333333336 0.9950885971120788 
60500 0.018229166666666668 0.9950905597979097 
60600 0.018229166666666668 0.9950931176190712 
60700 0.018229166666666668 0.9950969111574219 
60800 0.018229166666666668 0.9951006922172333 
60900 0.036458333333333336 0.9951023228272113 
61000 0.036458333333333336 0.9951021977781785 
61100 0.036458333333333336 0.995101305966078 
61200 0.036458333333333336 0.9950999064557768 
61300 0.036458333333333336 0.9950997434788992 
61400 0.036458333333333336 0.9950971635233954 
61500 0.036458333333333336 0.995097174910435 
61600 0.036458333333333336 0.9950968480625314 
61700 0.0546875 0.995093736662831 
61800 0.036458333333333336 0.9950926158152781 
61900 0.018229166666666668 0.99509679939204 
62000 0.036458333333333336 0.9950976513147637 
62100 0.018229166666666668 0.9950990037063279 
62200 0.018229166666666668 0.9951032824365096 
62300 0.018229166666666668 0.9951042034504529 
62400 0.018229166666666668 0.9951051632452471 
62500 0.036458333333333336 0.9951071616187475 
62600 0.0546875 0.9951059088512964 
62700 0.036458333333333336 0.9951020019616912 
62800 0.036458333333333336 0.995101590739001 
62900 0.0546875 0.9951005598082702 
63000 0.0546875 0.9950969693602747 
63100 0.018229166666666668 0.9950983839400327 
63200 0.018229166666666668 0.9951023075188684 
63300 0.018229166666666668 0.995106095282855 
63400 0.036458333333333336 0.995105435048343 
63500 0.018229166666666668 0.9951072374844491 
63600 0.018229166666666668 0.9951102626137954 
63700 0.036458333333333336 0.9951102939252654 
63800 0.036458333333333336 0.9951121619044634 
63900 0.018229166666666668 0.9951157764223826 
64000 0.018229166666666668 0.9951185658557419 
64100 0.036458333333333336 0.9951141964113924 
64200 0.018229166666666668 0.9951166956771182 
64300 0.018229166666666668 0.9951206856554848 
64400 0.018229166666666668 0.9951239353814382 
64500 0.018229166666666668 0.9951251159542747 
64600 0.036458333333333336 0.9951261719374829 
64700 0.018229166666666668 0.9951265001700128 
64800 0.018229166666666668 0.9951297610504982 
64900 0.018229166666666668 0.9951311661222477 
65000 0.018229166666666668 0.995134129346728 
65100 0.018229166666666668 0.9951360434171518 
65200 0.018229166666666668 0.9951392297152907 
65300 0.018229166666666668 0.9951413295100127 
65400 0.018229166666666668 0.9951447767108555 
65500 0.018229166666666668 0.9951480543554042 
65600 0.036458333333333336 0.9951519174631485 
65700 0.0 0.9951554517181372 
65800 0.018229166666666668 0.9951622204956359 
65900 0.036458333333333336 0.9951628436973642 
66000 0.018229166666666668 0.9951664637025701 
66100 0.0 0.995171688022874 
66200 0.036458333333333336 0.9951769752345131 
66300 0.036458333333333336 0.9951771403649015 
66400 0.0546875 0.9951730301501484 
66500 0.0546875 0.9951667785070901 
66600 0.036458333333333336 0.9951643775368738 
66700 0.018229166666666668 0.9951661613019295 
66800 0.036458333333333336 0.9951687973732928 
66900 0.036458333333333336 0.995168428287071 
67000 0.036458333333333336 0.995168254640478 
67100 0.0546875 0.9951648603100798 
67200 0.036458333333333336 0.9951604685322143 
67300 0.036458333333333336 0.9951591466570581 
67400 0.0546875 0.9951539263759687 
67500 0.0546875 0.9951494159963062 
67600 0.0546875 0.9951439944182285 
67700 0.0546875 0.9951370886939139 
67800 0.036458333333333336 0.9951328919681617 
67900 0.036458333333333336 0.9951325811966442 
68000 0.0546875 0.9951312756430053 
68100 0.036458333333333336 0.9951280236951978 
68200 0.07291666666666667 0.9951251631207754 
68300 0.0546875 0.9951185362708208 
68400 0.036458333333333336 0.9951171446689376 
68500 0.036458333333333336 0.9951180001021883 
68600 0.036458333333333336 0.9951186252751417 
68700 0.0546875 0.9951170121856547 
68800 0.018229166666666668 0.9951199458704573 
68900 0.0546875 0.9951181843635555 
69000 0.036458333333333336 0.9951145031714517 
69100 0.0546875 0.9951128300121079 
69200 0.036458333333333336 0.995111650903407 
69300 0.018229166666666668 0.995113969916259 
69400 0.036458333333333336 0.995114631213287 
69500 0.036458333333333336 0.9951171640815719 
69600 0.036458333333333336 0.9951151997935853 
69700 0.018229166666666668 0.9951168278910394 
69800 0.018229166666666668 0.9951200182781527 
69900 0.018229166666666668 0.9951234230673858 
70000 0.018229166666666668 0.9951271529454341 
70100 0.018229166666666668 0.9951296462722833 
70200 0.036458333333333336 0.9951297212646544 
70300 0.0546875 0.9951260917341147 
70400 0.018229166666666668 0.9951223245526816 
70500 0.018229166666666668 0.995125143023976 
70600 0.018229166666666668 0.9951282117108823 
70700 0.018229166666666668 0.9951316032187192 
70800 0.0546875 0.9951332931973654 
70900 0.0546875 0.995127081540928 
71000 0.036458333333333336 0.9951227212762261 
71100 0.036458333333333336 0.9951221457855727 
71200 0.036458333333333336 0.9951228154567118 
71300 0.036458333333333336 0.9951224605896131 
71400 0.036458333333333336 0.9951231279440531 
71500 0.07291666666666667 0.995118694435509 
71600 0.0546875 0.9951128912305695 
71700 0.036458333333333336 0.9951103729957276 
71800 0.036458333333333336 0.9951088047752352 
71900 0.0546875 0.9951068425103036 
72000 0.036458333333333336 0.9951045240112406 
72100 0.036458333333333336 0.9951051375269876 
72200 0.0 0.9951078413041371 
72300 0.018229166666666668 0.995112158430266 
72400 0.036458333333333336 0.9951149169785869 
72500 0.036458333333333336 0.9951152254221781 
72600 0.018229166666666668 0.9951153536682231 
72700 0.018229166666666668 0.9951179173372214 
72800 0.036458333333333336 0.9951198658557804 
72900 0.036458333333333336 0.9951143074169079 
73000 0.07291666666666667 0.9951116537216386 
73100 0.036458333333333336 0.9951094347774541 
73200 0.0546875 0.9951090006739435 
73300 0.07291666666666667 0.9951041624034234 
73400 0.036458333333333336 0.995100720982457 
73500 0.07291666666666667 0.9950986707096956 
73600 0.0546875 0.9950897972400737 
73700 0.07291666666666667 0.995084092594854 
73800 0.036458333333333336 0.9950807323071503 
73900 0.036458333333333336 0.9950794601899839 
74000 0.036458333333333336 0.9950798454863222 
74100 0.036458333333333336 0.9950790700080521 
74200 0.0546875 0.9950760504687718 
74300 0.036458333333333336 0.9950734245950033 
74400 0.018229166666666668 0.9950752860064604 
74500 0.018229166666666668 0.9950776667427282 
74600 0.018229166666666668 0.9950796920170865 
74700 0.018229166666666668 0.9950823045095336 
74800 0.036458333333333336 0.9950825078096104 
74900 0.036458333333333336 0.9950828148711856 
75000 0.036458333333333336 0.9950833641662555 
75100 0.036458333333333336 0.9950825943285265 
75200 0.07291666666666667 0.9950808915439954 
75300 0.0546875 0.9950740057679623 
75400 0.0546875 0.9950720080525015 
75500 0.0546875 0.9950680151035527 
75600 0.0546875 0.9950643082873684 
75700 0.036458333333333336 0.9950628817100611 
75800 0.0546875 0.9950600503291513 
75900 0.0546875 0.9950584272605104 
76000 0.07291666666666667 0.9950533819730442 
76100 0.0546875 0.9950469127103017 
76200 0.0546875 0.9950439120987039 
76300 0.07291666666666667 0.9950378476363351 
76400 0.0546875 0.9950341168636536 
76500 0.07291666666666667 0.9950308724177898 
76600 0.036458333333333336 0.9950265485546316 
76700 0.07291666666666667 0.9950221680616941 
76800 0.0546875 0.9950184093197572 
76900 0.036458333333333336 0.9950177758308301 
77000 0.0546875 0.9950159941104662 
77100 0.0546875 0.9950111096159583 
77200 0.018229166666666668 0.9950117361389965 
77300 0.018229166666666668 0.9950144497376058 
77400 0.036458333333333336 0.995017223614682 
77500 0.036458333333333336 0.9950170669840819 
77600 0.036458333333333336 0.9950149308105996 
77700 0.018229166666666668 0.99501638626487 
77800 0.018229166666666668 0.9950196789458576 
77900 0.018229166666666668 0.9950230300317069 
78000 0.018229166666666668 0.9950265394567591 
78100 0.036458333333333336 0.9950266721936979 
78200 0.036458333333333336 0.9950295352680912 
78300 0.036458333333333336 0.9950292647390625 
78400 0.018229166666666668 0.9950317850431329 
78500 0.0 0.9950368864727838 
78600 0.0 0.99504300199743 
78700 0.0 0.9950492343384032 
78800 0.018229166666666668 0.9950549551507384 
78900 0.0 0.9950597373079344 
79000 0.018229166666666668 0.9950632217735641 
79100 0.018229166666666668 0.9950664011306221 
79200 0.036458333333333336 0.9950656925628043 
79300 0.018229166666666668 0.9950658395963902 
79400 0.018229166666666668 0.995068675667393 
79500 0.0546875 0.9950695392196325 
79600 0.0546875 0.995066801924599 
79700 0.018229166666666668 0.9950648883535548 
79800 0.036458333333333336 0.9950678745671525 
79900 0.018229166666666668 0.9950697125713904 
80000 0.0546875 0.995069885845177 
80100 0.0546875 0.99506716520393 
80200 0.0546875 0.9950618537071442 
80300 0.0546875 0.9950587282536955 
80400 0.0546875 0.995055092339233 
80500 0.036458333333333336 0.9950548945044161 
80600 0.0546875 0.9950526293615051 
80700 0.018229166666666668 0.9950541130737743 
80800 0.036458333333333336 0.9950566566832919 
80900 0.036458333333333336 0.9950564578929804 
81000 0.018229166666666668 0.9950561952938852 
81100 0.036458333333333336 0.9950575709609006 
81200 0.036458333333333336 0.9950575642028218 
81300 0.018229166666666668 0.9950592871448896 
81400 0.018229166666666668 0.9950618056493983 
81500 0.018229166666666668 0.9950646374993354 
81600 0.018229166666666668 0.9950665688328982 
81700 0.0 0.9950709497639768 
81800 0.0 0.9950764023870938 
81900 0.0 0.9950822868463145 
82000 0.0 0.9950879028914281 
82100 0.0 0.9950938858844594 
82200 0.018229166666666668 0.9950993157524443 
82300 0.018229166666666668 0.9951026440545477 
82400 0.018229166666666668 0.9951058062604419 
82500 0.018229166666666668 0.9951081085380783 
82600 0.018229166666666668 0.9951116032695326 
82700 0.0546875 0.9951140189256075 
82800 0.0546875 0.9951061757506955 
82900 0.0546875 0.9950992938866842 
83000 0.0546875 0.9950961308699092 
83100 0.036458333333333336 0.9950951377440304 
83200 0.018229166666666668 0.9950982785663633 
83300 0.036458333333333336 0.995099160974458 
83400 0.036458333333333336 0.9951004159622386 
83500 0.018229166666666668 0.995101106573574 
83600 0.036458333333333336 0.9951030415306037 
83700 0.07291666666666667 0.995098998219854 
83800 0.036458333333333336 0.9950949956344992 
83900 0.036458333333333336 0.995094013331188 
84000 0.07291666666666667 0.9950921343198296 
84100 0.09114583333333333 0.9950852434869978 
84200 0.0546875 0.9950817092433581 
84300 0.07291666666666667 0.9950778744716353 
84400 0.07291666666666667 0.9950692046006564 
84500 0.09114583333333333 0.9950624043403825 
84600 0.0546875 0.9950595294381863 
84700 0.036458333333333336 0.995056046416217 
84800 0.036458333333333336 0.995053861393144 
84900 0.036458333333333336 0.9950526323796736 
85000 0.036458333333333336 0.9950524785492719 
85100 0.036458333333333336 0.9950487141749216 
85200 0.036458333333333336 0.995048229089643 
85300 0.018229166666666668 0.995048996836692 
85400 0.0 0.9950526901519499 
85500 0.0 0.995058476411582 
85600 0.0 0.9950642491520738 
85700 0.018229166666666668 0.9950693399143534 
85800 0.0 0.9950749651324965 
85900 0.036458333333333336 0.9950767271335608 
86000 0.036458333333333336 0.9950788484048635 
86100 0.036458333333333336 0.9950780006910489 
86200 0.036458333333333336 0.995077034102466 
86300 0.018229166666666668 0.9950789062409474 
86400 0.036458333333333336 0.9950791163200272 
86500 0.0546875 0.9950769174633819 
86600 0.036458333333333336 0.995073160000077 
86700 0.018229166666666668 0.9950741569205276 
86800 0.018229166666666668 0.9950767716289751 
86900 0.036458333333333336 0.9950795301550039 
87000 0.018229166666666668 0.9950814442266948 
87100 0.0 0.995084729222397 
87200 0.018229166666666668 0.9950881261396085 
87300 0.036458333333333336 0.9950909186798166 
87400 0.0546875 0.9950879542758855 
87500 0.018229166666666668 0.9950887466048007 
87600 0.036458333333333336 0.9950910829594791 
87700 0.018229166666666668 0.9950935327609339 
87800 0.0 0.9950964515400356 
87900 0.018229166666666668 0.9950999858268582 
88000 0.036458333333333336 0.9950996354681576 
88100 0.0546875 0.9950935810414562 
88200 0.0546875 0.9950886623073056 
88300 0.018229166666666668 0.9950877951080207 
88400 0.036458333333333336 0.9950873717491884 
88500 0.0546875 0.9950868316459701 
88600 0.0546875 0.9950835299074878 
88700 0.0546875 0.9950795603582072 
88800 0.018229166666666668 0.9950816408786688 
88900 0.018229166666666668 0.9950848298481831 
89000 0.036458333333333336 0.9950859634535941 
89100 0.036458333333333336 0.9950869776059378 
89200 0.036458333333333336 0.9950842526055388 
89300 0.036458333333333336 0.9950834000552439 
89400 0.018229166666666668 0.9950826950574752 
89500 0.036458333333333336 0.9950832427849968 
89600 0.0546875 0.9950813769749594 
89700 0.036458333333333336 0.9950814604445138 
89800 0.0546875 0.9950799777656522 
89900 0.0546875 0.9950733712175986 
90000 0.018229166666666668 0.9950711195801528 
90100 0.018229166666666668 0.995073786408216 
90200 0.036458333333333336 0.9950777465050277 
90300 0.036458333333333336 0.9950792465384288 
90400 0.018229166666666668 0.9950790148431249 
90500 0.036458333333333336 0.9950795030349573 
90600 0.07291666666666667 0.9950775469733594 
90700 0.0546875 0.9950727814926701 
90800 0.07291666666666667 0.9950658755134856 
90900 0.0546875 0.995062164699325 
91000 0.07291666666666667 0.9950565733252016 
91100 0.036458333333333336 0.9950518517908695 
91200 0.036458333333333336 0.9950515379491452 
91300 0.07291666666666667 0.9950500838800598 
91400 0.036458333333333336 0.995048946401024 
91500 0.036458333333333336 0.9950499459477674 
91600 0.018229166666666668 0.9950523079260416 
91700 0.018229166666666668 0.9950549203389276 
91800 0.018229166666666668 0.9950573568552267 
91900 0.0 0.9950597880690453 
92000 0.018229166666666668 0.9950630348673747 
92100 0.036458333333333336 0.995064860859274 
92200 0.036458333333333336 0.9950641691341019 
92300 0.036458333333333336 0.9950639021155423 
92400 0.0546875 0.9950630156419663 
92500 0.036458333333333336 0.995062046626523 
92600 0.0546875 0.9950602360305685 
92700 0.0546875 0.995055367300964 
92800 0.07291666666666667 0.9950496672090459 
92900 0.0546875 0.995044455926201 
93000 0.036458333333333336 0.9950438480948234 
93100 0.036458333333333336 0.99504304576929 
93200 0.0546875 0.9950414348647905 
93300 0.018229166666666668 0.9950412788090874 
93400 0.018229166666666668 0.995044022770991 
93500 0.0 0.9950487383379144 
93600 0.0 0.995054028090868 
93700 0.0 0.995059306553114 
93800 0.0 0.9950644627100635 
93900 0.018229166666666668 0.9950666959084568 
94000 0.07291666666666667 0.9950653505902419 
94100 0.0546875 0.9950619879172379 
94200 0.07291666666666667 0.9950568907619523 
94300 0.0546875 0.9950517768015892 
94400 0.036458333333333336 0.9950495426425567 
94500 0.018229166666666668 0.995050620055167 
94600 0.018229166666666668 0.9950527687779903 
94700 0.0 0.9950570303727874 
94800 0.036458333333333336 0.9950603490029992 
94900 0.036458333333333336 0.9950596268304163 
95000 0.0546875 0.9950560279190044 
95100 0.07291666666666667 0.9950486303158397 
95200 0.07291666666666667 0.9950436280868898 
95300 0.0546875 0.9950413962515259 
95400 0.036458333333333336 0.9950415712361506 
95500 0.036458333333333336 0.9950451544137409 
95600 0.036458333333333336 0.9950425738660335 
95700 0.036458333333333336 0.9950422572648143 
95800 0.0546875 0.9950385706220881 
95900 0.036458333333333336 0.9950391549618878 
96000 0.0546875 0.9950381376235664 
96100 0.0546875 0.9950354965088812 
96200 0.036458333333333336 0.9950340519675818 
96300 0.018229166666666668 0.9950359906698788 
96400 0.0546875 0.9950378172944264 
96500 0.036458333333333336 0.995035295402811 
96600 0.036458333333333336 0.9950343422945932 
96700 0.0546875 0.9950332295770813 
96800 0.0546875 0.9950306395336825 
96900 0.036458333333333336 0.9950288610712652 
97000 0.036458333333333336 0.995028509156263 
97100 0.036458333333333336 0.9950278093171028 
97200 0.036458333333333336 0.9950271377094886 
97300 0.018229166666666668 0.9950275915715152 
97400 0.036458333333333336 0.9950266274644682 
97500 0.036458333333333336 0.9950258790080786 
97600 0.036458333333333336 0.9950255323118274 
97700 0.036458333333333336 0.995024333382804 
97800 0.036458333333333336 0.9950236960767272 
97900 0.018229166666666668 0.9950234058725992 
98000 0.036458333333333336 0.9950241791750424 
98100 0.036458333333333336 0.9950238625243372 
98200 0.0546875 0.9950215841318656 
98300 0.0546875 0.9950198137184091 
98400 0.07291666666666667 0.9950148975874229 
98500 0.0546875 0.995011392650836 
98600 0.036458333333333336 0.9950099548939666 
98700 0.036458333333333336 0.9950096545796564 
98800 0.0546875 0.995008274207751 
98900 0.0546875 0.9950048428057687 
99000 0.036458333333333336 0.9950020233381481 
99100 0.0546875 0.9949996825629072 
99200 0.0546875 0.9949955614106712 
99300 0.0546875 0.9949930745074739 
99400 0.0546875 0.9949909855869995 
99500 0.0546875 0.9949883250754599 
99600 0.0546875 0.9949854084463676 
99700 0.036458333333333336 0.9949835946981475 
99800 0.0546875 0.9949832458258602 
99900 0.0546875 0.9949807601191847 
