0 0.005208333333333333 0.9973958333333334 
100 0.0625 0.9679507013201321 
200 0.0625 0.9670916252072969 
300 0.07291666666666667 0.9682222452934662 
400 0.06770833333333333 0.9677498960931006 
500 0.06770833333333333 0.9674713073852296 
600 0.052083333333333336 0.9674847476428176 
700 0.06770833333333333 0.9673271814075131 
800 0.07291666666666667 0.9671666926758219 
900 0.07291666666666667 0.9669146550129486 
1000 0.06770833333333333 0.9670381701631702 
1100 0.0625 0.9670422721768089 
1200 0.057291666666666664 0.9668852345267832 
1300 0.06770833333333333 0.9668824461952344 
1400 0.07291666666666667 0.9668558916250297 
1500 0.0625 0.9669699367088608 
1600 0.078125 0.966924968769519 
1700 0.0625 0.9667291299235744 
1800 0.07291666666666667 0.9668688113085323 
1900 0.06770833333333333 0.9668458486761353 
2000 0.07291666666666667 0.9668355926203565 
2100 0.0625 0.9668833293669681 
2200 0.078125 0.9668036782523095 
2300 0.057291666666666664 0.9668452574967406 
2400 0.06770833333333333 0.9667792499652922 
2500 0.07291666666666667 0.966735180927629 
2600 0.0625 0.9667535723439703 
2700 0.052083333333333336 0.9667069680982352 
2800 0.06770833333333333 0.9667297021896941 
2900 0.06770833333333333 0.966645840514765 
3000 0.06770833333333333 0.96668992280351 
3100 0.052083333333333336 0.9667051287219176 
3200 0.0625 0.9668129425700303 
3300 0.0625 0.9668684678885187 
3400 0.078125 0.96689469396256 
3500 0.0625 0.9669581012567838 
3600 0.0625 0.9669145723410164 
3700 0.0625 0.9669240576871115 
3800 0.0625 0.9669357844426906 
3900 0.07291666666666667 0.9669415694693668 
4000 0.06770833333333333 0.9669060599433476 
4100 0.06770833333333333 0.9668640270665692 
4200 0.0625 0.966868007617234 
4300 0.06770833333333333 0.9668609044408277 
4400 0.07291666666666667 0.9668795680905855 
4500 0.06770833333333333 0.9668198733614752 
4600 0.057291666666666664 0.9668239015069188 
4700 0.052083333333333336 0.9668360676806353 
4800 0.0625 0.966821148371867 
4900 0.07291666666666667 0.9668413759096783 
5000 0.06770833333333333 0.9668191361727655 
5100 0.057291666666666664 0.9667885790367902 
5200 0.078125 0.9667832307889509 
5300 0.052083333333333336 0.9668517732503301 
5400 0.07291666666666667 0.9668647395544036 
5500 0.0625 0.9668407827364721 
5600 0.06770833333333333 0.9668102422186514 
5700 0.06770833333333333 0.9668415263404081 
5800 0.07291666666666667 0.9668290847842326 
5900 0.06770833333333333 0.9668108865728973 
6000 0.0625 0.9668080493528857 
6100 0.078125 0.9668010367152926 
6200 0.07291666666666667 0.9668135683760684 
6300 0.06770833333333333 0.9668203294450616 
6400 0.0625 0.9668333886632297 
6500 0.057291666666666664 0.966840438009537 
6600 0.057291666666666664 0.9668812017118619 
6700 0.06770833333333333 0.966879943292046 
6800 0.06770833333333333 0.966871063691614 
6900 0.046875 0.9668726301743709 
7000 0.06770833333333333 0.9668347230157597 
7100 0.06770833333333333 0.9668349234849551 
7200 0.0625 0.9668163131278064 
7300 0.078125 0.9667900087887504 
7400 0.057291666666666664 0.9668076949060938 
7500 0.06770833333333333 0.9668294227436341 
7600 0.06770833333333333 0.9668488658290576 
7700 0.0625 0.9668495433493486 
7800 0.057291666666666664 0.9668451961287015 
7900 0.057291666666666664 0.9668637013247269 
8000 0.07291666666666667 0.9668723050243719 
8100 0.07291666666666667 0.9668643017322964 
8200 0.078125 0.9668739584603504 
8300 0.052083333333333336 0.9668912254547645 
8400 0.0625 0.9668916522834583 
8500 0.057291666666666664 0.9669067732227581 
8600 0.0625 0.9669366812967485 
8700 0.07291666666666667 0.96693806746351 
8800 0.0625 0.9669222602545166 
8900 0.052083333333333336 0.9669398686477175 
9000 0.078125 0.9669293110950635 
9100 0.0625 0.9669106874702413 
9200 0.057291666666666664 0.9669445463355433 
9300 0.0625 0.9669331590689173 
9400 0.052083333333333336 0.9669062245151225 
9500 0.057291666666666664 0.9668963025821843 
9600 0.0625 0.9668996068117904 
9700 0.0625 0.9668939842971515 
9800 0.0625 0.9668911335578002 
9900 0.0625 0.9669070148638185 
10000 0.052083333333333336 0.9669069551378195 
10100 0.06770833333333333 0.966902255964756 
10200 0.078125 0.96689662778159 
10300 0.07291666666666667 0.9668916144872666 
10400 0.07291666666666667 0.9668699223632343 
10500 0.057291666666666664 0.9668850982446117 
10600 0.08333333333333333 0.966888687781027 
10700 0.0625 0.9668822325795097 
10800 0.07291666666666667 0.9668942208283183 
10900 0.0625 0.9668775609271321 
11000 0.057291666666666664 0.9668531553949641 
11100 0.0625 0.9668481912290184 
11200 0.08333333333333333 0.9668449431598369 
11300 0.046875 0.9668435960681946 
11400 0.0625 0.9668564343771014 
11500 0.0625 0.9668511614932035 
11600 0.06770833333333333 0.9668540607131569 
11700 0.078125 0.966838437954021 
11800 0.0625 0.9668319069005451 
11900 0.06770833333333333 0.9668302996246814 
12000 0.057291666666666664 0.9668272001638752 
12100 0.07291666666666667 0.9668405073272182 
12200 0.0625 0.9668382287654017 
12300 0.0625 0.9668448788038913 
12400 0.0625 0.9668381918124882 
12500 0.057291666666666664 0.9668697337546329 
12600 0.078125 0.966876802105653 
12700 0.06770833333333333 0.9668612051544497 
12800 0.06770833333333333 0.966852565229279 
12900 0.06770833333333333 0.9668345719324083 
13000 0.0625 0.966845098453965 
13100 0.06770833333333333 0.9668572532631097 
13200 0.078125 0.9668479187182789 
13300 0.07291666666666667 0.9668588906222589 
13400 0.07291666666666667 0.966838995224237 
13500 0.052083333333333336 0.9668276886897267 
13600 0.06770833333333333 0.966819420447026 
13700 0.0625 0.9668243878184074 
13800 0.07291666666666667 0.9668200371953724 
13900 0.0625 0.9668174351965086 
14000 0.0625 0.9668323542366022 
14100 0.052083333333333336 0.9668335800652436 
14200 0.078125 0.9668294706358707 
14300 0.078125 0.9668306994848845 
14400 0.06770833333333333 0.9668165405180196 
14500 0.057291666666666664 0.9668205353653772 
14600 0.06770833333333333 0.9668207300299066 
14700 0.057291666666666664 0.9668297791533456 
14800 0.078125 0.9668406413981038 
14900 0.057291666666666664 0.9668354542759994 
15000 0.07291666666666667 0.966812802757594 
15100 0.06770833333333333 0.9668230442796283 
15200 0.07291666666666667 0.9668317805297897 
15300 0.06770833333333333 0.9668307014247435 
15400 0.06770833333333333 0.9668299745146419 
15500 0.07291666666666667 0.9668205209878933 
15600 0.057291666666666664 0.9668031763455334 
15700 0.052083333333333336 0.9668102681888627 
15800 0.057291666666666664 0.9668335864818682 
15900 0.052083333333333336 0.9668454748653125 
16000 0.057291666666666664 0.9668559126512927 
16100 0.057291666666666664 0.9668571633749456 
16200 0.0625 0.9668502008620867 
16300 0.07291666666666667 0.9668375725926834 
16400 0.08333333333333333 0.9668308144320469 
16500 0.06770833333333333 0.9668413404238126 
16600 0.07291666666666667 0.9668352684577234 
16700 0.052083333333333336 0.9668431468674531 
16800 0.07291666666666667 0.9668490714838402 
16900 0.0625 0.9668469136441631 
17000 0.0625 0.9668504487481129 
17100 0.07291666666666667 0.9668498309065746 
17200 0.078125 0.9668505828149526 
17300 0.06770833333333333 0.9668490682137834 
17400 0.078125 0.966855053828324 
17500 0.07291666666666667 0.9668533821876845 
17600 0.06770833333333333 0.966870223992955 
17700 0.057291666666666664 0.9668799608779165 
17800 0.06770833333333333 0.966892075351572 
17900 0.07291666666666667 0.9668972171014655 
18000 0.06770833333333333 0.9668910176286503 
18100 0.078125 0.9668968277535311 
18200 0.057291666666666664 0.9668888385253558 
18300 0.0625 0.9668951662477461 
18400 0.078125 0.9668874144068257 
18500 0.06770833333333333 0.9668808724303191 
18600 0.0625 0.966880980861244 
18700 0.06770833333333333 0.9668894433007148 
18800 0.08333333333333333 0.966879532117086 
18900 0.07291666666666667 0.9668727569528949 
19000 0.057291666666666664 0.9668737281371156 
19100 0.0625 0.9668746891524004 
19200 0.06770833333333333 0.9668740126382307 
19300 0.07291666666666667 0.9668755019169991 
19400 0.07291666666666667 0.9668690563630741 
19500 0.0625 0.9668658818778524 
19600 0.07291666666666667 0.9668707113157492 
19700 0.06770833333333333 0.9668753595418168 
19800 0.06770833333333333 0.9668723328367255 
19900 0.07291666666666667 0.9668871329748924 
20000 0.046875 0.9668885045331067 
20100 0.078125 0.9668989312306188 
20200 0.08333333333333333 0.9668879840931968 
20300 0.078125 0.9668663694727682 
20400 0.0625 0.9668628376059997 
20500 0.078125 0.9668639131424484 
20600 0.0625 0.9668672536122842 
20700 0.0625 0.9668729519910472 
20800 0.052083333333333336 0.9668717098937551 
20900 0.078125 0.966875588089884 
21000 0.07291666666666667 0.9668681451676904 
21100 0.07291666666666667 0.9668533679288501 
21200 0.0625 0.9668480653428297 
21300 0.046875 0.9668687307325164 
21400 0.06770833333333333 0.9668794682491473 
21500 0.0625 0.9668793263491621 
21600 0.0625 0.9668932910127618 
21700 0.078125 0.9669008868638926 
21800 0.07291666666666667 0.9668897785652034 
21900 0.06770833333333333 0.966881149833341 
22000 0.08333333333333333 0.9668828973683015 
22100 0.0625 0.9668703716272266 
22200 0.0625 0.9668615950107352 
22300 0.06770833333333333 0.9668677273440653 
22400 0.0625 0.9668649697558145 
22500 0.052083333333333336 0.9668709168481401 
22600 0.0625 0.9668694370086869 
22700 0.06770833333333333 0.9668690026503972 
22800 0.06770833333333333 0.96685932086312 
22900 0.0625 0.9668574561882305 
23000 0.078125 0.9668471162485689 
23100 0.078125 0.966840585905372 
23200 0.046875 0.9668403975044179 
23300 0.06770833333333333 0.9668354049540077 
23400 0.07291666666666667 0.9668265601185134 
23500 0.0625 0.9668186770421117 
23600 0.07291666666666667 0.966822336271062 
23700 0.07291666666666667 0.9668204708310479 
23800 0.06770833333333333 0.9668198246222147 
23900 0.06770833333333333 0.966817876344086 
24000 0.052083333333333336 0.96681062768218 
24100 0.078125 0.9668152168651369 
24200 0.07291666666666667 0.9668137422007355 
24300 0.06770833333333333 0.966813029813588 
24400 0.057291666666666664 0.9668094417236999 
24500 0.078125 0.9668018439723549 
24600 0.07291666666666667 0.9667917674417029 
24700 0.057291666666666664 0.966797481208588 
24800 0.06770833333333333 0.9667978987742429 
24900 0.0625 0.9668019733143247 
25000 0.06770833333333333 0.9668037236843859 
25100 0.0625 0.9668017251968714 
25200 0.07291666666666667 0.9668065627356057 
25300 0.06770833333333333 0.9668143469296339 
25400 0.07291666666666667 0.9668165336338465 
25500 0.06770833333333333 0.9668171713854359 
25600 0.041666666666666664 0.9668242125958622 
25700 0.0625 0.9668315029895076 
25800 0.078125 0.9668408564590519 
25900 0.06770833333333333 0.9668418931701479 
26000 0.06770833333333333 0.9668402176839352 
26100 0.0625 0.9668393532176289 
26200 0.06770833333333333 0.966839290485096 
26300 0.078125 0.966842198648974 
26400 0.078125 0.9668370950279661 
26500 0.06770833333333333 0.9668368449932707 
26600 0.0625 0.966831799869679 
26700 0.06770833333333333 0.9668325468459359 
26800 0.0625 0.9668362032511225 
26900 0.07291666666666667 0.9668323784431806 
27000 0.07291666666666667 0.9668264601311063 
27100 0.057291666666666664 0.9668331734376345 
27200 0.06770833333333333 0.9668379226253937 
27300 0.07291666666666667 0.9668377722732989 
27400 0.06770833333333333 0.9668424700132598 
27500 0.06770833333333333 0.9668405050422408 
27600 0.07291666666666667 0.966836761651148 
27700 0.06770833333333333 0.9668321991985849 
27800 0.07291666666666667 0.9668399405596921 
27900 0.07291666666666667 0.966836519449721 
28000 0.057291666666666664 0.9668299606859279 
28100 0.078125 0.966826692110601 
28200 0.057291666666666664 0.9668286179272603 
28300 0.06770833333333333 0.966838811643876 
28400 0.0625 0.9668305033273477 
28500 0.06770833333333333 0.9668218878284972 
28600 0.0625 0.9668184314651003 
28700 0.08333333333333333 0.9668258873093852 
28800 0.06770833333333333 0.9668193668043934 
28900 0.07291666666666667 0.9668275787746675 
29000 0.057291666666666664 0.9668298075928417 
29100 0.0625 0.9668320210932041 
29200 0.057291666666666664 0.966837429939614 
29300 0.078125 0.9668481344493361 
29400 0.0625 0.9668522116594673 
29500 0.078125 0.9668492875947708 
29600 0.0625 0.9668515738488564 
29700 0.052083333333333336 0.9668535816695285 
29800 0.07291666666666667 0.9668537409259197 
29900 0.06770833333333333 0.9668516347000657 
30000 0.078125 0.9668442475528594 
30100 0.06770833333333333 0.9668470316600778 
30200 0.057291666666666664 0.9668463482169465 
30300 0.07291666666666667 0.9668450676820347 
30400 0.07291666666666667 0.9668393412223282 
30500 0.07291666666666667 0.9668311763002306 
30600 0.057291666666666664 0.9668214478285023 
30700 0.06770833333333333 0.9668106800267092 
30800 0.06770833333333333 0.9668134252946333 
30900 0.06770833333333333 0.966818512480718 
31000 0.08333333333333333 0.9668232308366397 
31100 0.06770833333333333 0.9668213039773641 
31200 0.06770833333333333 0.9668210587534588 
31300 0.06770833333333333 0.9668203159110997 
31400 0.078125 0.966819826597879 
31500 0.06770833333333333 0.9668077666846555 
31600 0.078125 0.9668087211111462 
31700 0.07291666666666667 0.9668101624028684 
31800 0.0625 0.9668132324193159 
31900 0.06770833333333333 0.9668146505334211 
32000 0.06770833333333333 0.9668152460079372 
32100 0.07291666666666667 0.9668090233429903 
32200 0.08333333333333333 0.9667992000766021 
32300 0.06770833333333333 0.9667936299701764 
32400 0.07291666666666667 0.9667926755089864 
32500 0.052083333333333336 0.9667896436519902 
32600 0.07291666666666667 0.9667927012719446 
32700 0.057291666666666664 0.9667958198271205 
32800 0.07291666666666667 0.9668012217615317 
32900 0.0625 0.9668045329169326 
33000 0.06770833333333333 0.9668064035938305 
33100 0.06770833333333333 0.9667988221654935 
33200 0.06770833333333333 0.9667934826260253 
33300 0.057291666666666664 0.9667949786292704 
33400 0.06770833333333333 0.9668003640110575 
33500 0.057291666666666664 0.9667943680785648 
33600 0.0625 0.9667957705871849 
33700 0.06770833333333333 0.9667965465911001 
33800 0.07291666666666667 0.9668003997662791 
33900 0.06770833333333333 0.9668003893690451 
34000 0.07291666666666667 0.9667991535788163 
34100 0.07291666666666667 0.9667953285827395 
34200 0.052083333333333336 0.9667923635273823 
34300 0.06770833333333333 0.9667900231285774 
34400 0.057291666666666664 0.9667855010271019 
34500 0.0625 0.9667885532303412 
34600 0.0625 0.9667842120410778 
34700 0.07291666666666667 0.9667855243124598 
34800 0.07291666666666667 0.9667878766654215 
34900 0.07291666666666667 0.9667861116682426 
35000 0.0625 0.9667865888355571 
35100 0.07291666666666667 0.9667915147241769 
35200 0.06770833333333333 0.9667958207863413 
35300 0.07291666666666667 0.9667914713228143 
35400 0.078125 0.9667896475382052 
35500 0.052083333333333336 0.9667912083462438 
35600 0.057291666666666664 0.966797441902381 
35700 0.06770833333333333 0.9667986803590936 
35800 0.06770833333333333 0.9667940199528877 
35900 0.07291666666666667 0.9667933025310345 
36000 0.0625 0.9667912147116284 
36100 0.07291666666666667 0.9667860366287175 
36200 0.07291666666666667 0.9667904546835723 
36300 0.06770833333333333 0.9667934853723038 
36400 0.0625 0.9667931369788376 
36500 0.0625 0.9667920770435513 
36600 0.057291666666666664 0.9667967860623116 
36700 0.0625 0.9667996245560975 
36800 0.06770833333333333 0.9667966450187042 
36900 0.078125 0.9667974219307517 
37000 0.0625 0.9667967166427934 
37100 0.06770833333333333 0.9667939094184343 
37200 0.0625 0.9667902072524932 
37300 0.06770833333333333 0.9667884099398586 
37400 0.0625 0.9667908695623112 
37500 0.0625 0.9668010241949103 
37600 0.06770833333333333 0.9668023290603973 
37700 0.07291666666666667 0.9668040414489447 
37800 0.06770833333333333 0.9668088448938741 
37900 0.06770833333333333 0.9668062710526547 
38000 0.078125 0.9667995990237099 
38100 0.06770833333333333 0.9667993184780802 
38200 0.0625 0.9668019707162989 
38300 0.07291666666666667 0.9668003935928566 
38400 0.06770833333333333 0.9668002487999444 
38500 0.06770833333333333 0.9668086949040284 
38600 0.0625 0.9668040767510341 
38700 0.052083333333333336 0.9668012319879762 
38800 0.06770833333333333 0.9668017576866575 
38900 0.06770833333333333 0.9667965235469526 
39000 0.07291666666666667 0.9667937200328197 
39100 0.06770833333333333 0.9667971247538426 
39200 0.06770833333333333 0.9667995820684846 
39300 0.057291666666666664 0.9668035509062535 
39400 0.06770833333333333 0.9667987091063679 
39500 0.06770833333333333 0.9667970562981528 
39600 0.07291666666666667 0.9667952803169954 
39700 0.06770833333333333 0.9667911518811448 
39800 0.07291666666666667 0.9667901848152894 
39900 0.0625 0.9667868077658872 
40000 0.0625 0.9667921713415498 
40100 0.057291666666666664 0.9667977029874567 
40200 0.0625 0.9667992556155319 
40300 0.0625 0.9668001543592798 
40400 0.0625 0.9668063986658746 
40500 0.07291666666666667 0.9668077897253565 
40600 0.057291666666666664 0.9668119319721189 
40700 0.0625 0.9668108712521396 
40800 0.07291666666666667 0.9668070712114899 
40900 0.0625 0.9668049451724897 
41000 0.052083333333333336 0.9668068944456639 
41100 0.0625 0.9668105449583546 
41200 0.06770833333333333 0.9668029270122893 
41300 0.07291666666666667 0.9667983094638548 
41400 0.06770833333333333 0.9667922045965073 
41500 0.06770833333333333 0.96679378458752 
41600 0.057291666666666664 0.9667929782336963 
41700 0.07291666666666667 0.9667929251296932 
41800 0.06770833333333333 0.9667847733905888 
41900 0.06770833333333333 0.9667820055010621 
42000 0.052083333333333336 0.9667800568240439 
42100 0.08333333333333333 0.9667755194848895 
42200 0.057291666666666664 0.9667714356097407 
42300 0.06770833333333333 0.9667694641773639 
42400 0.07291666666666667 0.9667703272525019 
42500 0.057291666666666664 0.9667680613397331 
42600 0.06770833333333333 0.9667681901050836 
42700 0.06770833333333333 0.9667672815039461 
42800 0.0625 0.9667633349688092 
42900 0.07291666666666667 0.9667637773595021 
43000 0.052083333333333336 0.9667584644349356 
43100 0.0625 0.9667610911966467 
43200 0.078125 0.966758160015586 
43300 0.07291666666666667 0.9667500101036928 
43400 0.08333333333333333 0.9667426177776242 
43500 0.0625 0.966738372393738 
43600 0.078125 0.966745196019969 
43700 0.06770833333333333 0.9667429902443118 
43800 0.06770833333333333 0.9667402594499365 
43900 0.06770833333333333 0.9667392613493998 
44000 0.078125 0.966744067843155 
44100 0.06770833333333333 0.9667451323855091 
44200 0.07291666666666667 0.9667432462877914 
44300 0.0625 0.9667386058817333 
44400 0.057291666666666664 0.9667365670255175 
44500 0.07291666666666667 0.9667391603559471 
44600 0.0625 0.966741508505041 
44700 0.0625 0.9667440791779454 
44800 0.07291666666666667 0.9667398374664256 
44900 0.057291666666666664 0.9667387465386814 
45000 0.07291666666666667 0.9667390493174226 
45100 0.07291666666666667 0.9667334611945042 
45200 0.0625 0.9667341776177518 
45300 0.07291666666666667 0.9667335687034134 
45400 0.07291666666666667 0.9667315858497977 
45500 0.0625 0.9667274940843791 
45600 0.0625 0.9667261614328633 
45700 0.046875 0.9667279686622466 
45800 0.06770833333333333 0.9667289719838723 
45900 0.07291666666666667 0.966728609307713 
46000 0.06770833333333333 0.9667270027644327 
46100 0.07291666666666667 0.966728397070201 
46200 0.0625 0.9667289962158107 
46300 0.06770833333333333 0.9667284116433771 
46400 0.0625 0.9667287836828229 
46500 0.07291666666666667 0.9667321222482671 
46600 0.07291666666666667 0.9667311994377803 
46700 0.06770833333333333 0.9667328456564099 
46800 0.0625 0.9667327598947316 
46900 0.0625 0.9667317305778839 
47000 0.078125 0.9667339746317454 
47100 0.057291666666666664 0.966736927913774 
47200 0.0625 0.966732530825618 
47300 0.06770833333333333 0.9667345937894195 
47400 0.078125 0.9667321979845713 
47500 0.078125 0.9667278934478573 
47600 0.0625 0.9667219110417848 
47700 0.078125 0.9667213584795566 
47800 0.07291666666666667 0.9667174305105193 
47900 0.0625 0.9667168896091244 
48000 0.0625 0.9667101119421123 
48100 0.0625 0.96671543557653 
48200 0.078125 0.9667145239898204 
48300 0.07291666666666667 0.9667172824234143 
48400 0.07291666666666667 0.9667132501566772 
48500 0.07291666666666667 0.9667086438939403 
48600 0.07291666666666667 0.9667071107933307 
48700 0.06770833333333333 0.9667098617927079 
48800 0.052083333333333336 0.9667113741692451 
48900 0.06770833333333333 0.9667175134455328 
49000 0.0625 0.9667206515343224 
49100 0.07291666666666667 0.966723405582371 
49200 0.07291666666666667 0.9667212260252163 
49300 0.06770833333333333 0.9667183686267351 
49400 0.07291666666666667 0.966722586587316 
49500 0.0625 0.9667287340154744 
49600 0.07291666666666667 0.9667341741261937 
49700 0.057291666666666664 0.966727331525858 
49800 0.0625 0.9667298242839836 
49900 0.0625 0.9667306892647441 
50000 0.0625 0.966730040399192 
50100 0.06770833333333333 0.9667305896256229 
50200 0.06770833333333333 0.9667298916688246 
50300 0.0625 0.966727953967118 
50400 0.0625 0.966728400726176 
50500 0.0625 0.9667275049833997 
50600 0.06770833333333333 0.9667284655112218 
50700 0.06770833333333333 0.9667310658731254 
50800 0.07291666666666667 0.9667287860967304 
50900 0.07291666666666667 0.966728868702645 
51000 0.07291666666666667 0.9667278276406345 
51100 0.06770833333333333 0.9667245993229096 
51200 0.07291666666666667 0.9667240792823056 
51300 0.0625 0.9667262516812538 
51400 0.06770833333333333 0.9667300875307225 
51500 0.06770833333333333 0.9667271327255782 
51600 0.0625 0.9667265108718823 
51700 0.052083333333333336 0.9667295684158269 
51800 0.0625 0.966731005434258 
51900 0.07291666666666667 0.9667318348072934 
52000 0.07291666666666667 0.9667310584572092 
52100 0.0625 0.9667306349686187 
52200 0.06770833333333333 0.9667286167091307 
52300 0.07291666666666667 0.9667293945144453 
52400 0.07291666666666667 0.9667248020871103 
52500 0.06770833333333333 0.9667260306152898 
52600 0.0625 0.9667230958061633 
52700 0.057291666666666664 0.9667281772009386 
52800 0.0625 0.966728060705921 
52900 0.06770833333333333 0.9667331135044707 
53000 0.06770833333333333 0.9667374593561128 
53100 0.07291666666666667 0.9667343835332668 
53200 0.07291666666666667 0.9667304381809866 
53300 0.06770833333333333 0.966730269679118 
53400 0.0625 0.9667268832356448 
53500 0.0625 0.9667295938393675 
53600 0.0625 0.9667291363500681 
53700 0.052083333333333336 0.9667346937983774 
53800 0.057291666666666664 0.9667322923830413 
53900 0.07291666666666667 0.9667294650532149 
54000 0.078125 0.966733303164139 
54100 0.06770833333333333 0.9667308695002557 
54200 0.07291666666666667 0.9667290213741444 
54300 0.06770833333333333 0.9667254535674604 
54400 0.057291666666666664 0.9667282176951404 
54500 0.078125 0.9667271969015859 
54600 0.0625 0.9667243197621533 
54700 0.06770833333333333 0.9667272136249795 
54800 0.057291666666666664 0.9667261052109755 
54900 0.06770833333333333 0.966722534273814 
55000 0.06770833333333333 0.9667249421222645 
55100 0.0625 0.9667225677997374 
55200 0.052083333333333336 0.9667280804846531 
55300 0.06770833333333333 0.9667355510448876 
55400 0.0625 0.9667309611589442 
55500 0.07291666666666667 0.966730141498952 
55600 0.06770833333333333 0.966729090603886 
55700 0.06770833333333333 0.966732064205909 
55800 0.0625 0.9667331137285473 
55900 0.06770833333333333 0.9667344855935791 
56000 0.07291666666666667 0.9667328299197038 
56100 0.046875 0.9667344294962062 
56200 0.0625 0.9667358843703848 
56300 0.0625 0.9667381666548256 
56400 0.06770833333333333 0.966736192990077 
56500 0.07291666666666667 0.9667380518338908 
56600 0.06770833333333333 0.9667368214931421 
56700 0.057291666666666664 0.96673908602435 
56800 0.06770833333333333 0.9667402422492561 
56900 0.057291666666666664 0.9667414401767983 
57000 0.07291666666666667 0.9667407150751741 
57100 0.07291666666666667 0.9667440514760395 
57200 0.078125 0.9667418219669819 
57300 0.057291666666666664 0.9667397365810951 
57400 0.06770833333333333 0.9667406527470486 
57500 0.07291666666666667 0.9667420186170675 
57600 0.0625 0.9667408931702575 
57700 0.078125 0.966745413135532 
57800 0.0625 0.9667427989279309 
57900 0.0625 0.9667457258222368 
58000 0.0625 0.9667428057993253 
58100 0.06770833333333333 0.966741912789797 
58200 0.07291666666666667 0.9667430363453091 
58300 0.0625 0.9667405379696175 
58400 0.052083333333333336 0.9667427302186606 
58500 0.052083333333333336 0.9667432679213461 
58600 0.057291666666666664 0.9667491364624039 
58700 0.07291666666666667 0.9667505043213347 
58800 0.07291666666666667 0.9667480144895495 
58900 0.0625 0.9667469037028233 
59000 0.057291666666666664 0.9667467235724818 
59100 0.046875 0.9667498928388126 
59200 0.06770833333333333 0.9667505880390534 
59300 0.0625 0.9667491290900098 
59400 0.06770833333333333 0.9667494286712345 
59500 0.07291666666666667 0.9667523970185375 
59600 0.07291666666666667 0.9667536076715715 
59700 0.07291666666666667 0.9667570388966126 
59800 0.06770833333333333 0.9667568877750093 
59900 0.07291666666666667 0.9667584761384062 
60000 0.046875 0.9667571078676467 
60100 0.078125 0.9667550508726976 
60200 0.0625 0.9667514866862676 
60300 0.0625 0.9667535485177139 
60400 0.06770833333333333 0.9667539651661397 
60500 0.057291666666666664 0.966754509567335 
60600 0.06770833333333333 0.9667580172631914 
60700 0.07291666666666667 0.9667560649055754 
60800 0.052083333333333336 0.9667559607024008 
60900 0.057291666666666664 0.9667540181332546 
61000 0.046875 0.9667562656076676 
61100 0.07291666666666667 0.9667546272428711 
61200 0.07291666666666667 0.9667573344389797 
61300 0.06770833333333333 0.9667582060923422 
61400 0.078125 0.9667560212102951 
61500 0.0625 0.966759390429966 
61600 0.078125 0.9667559002018365 
61700 0.06770833333333333 0.9667579925095757 
61800 0.057291666666666664 0.9667575497699605 
61900 0.06770833333333333 0.9667558042950303 
62000 0.06770833333333333 0.9667558285350236 
62100 0.07291666666666667 0.9667552656156906 
62200 0.0625 0.9667545789054839 
62300 0.057291666666666664 0.9667534346024408 
62400 0.0625 0.9667520018375774 
62500 0.0625 0.9667543652634891 
62600 0.07291666666666667 0.9667519788022556 
62700 0.0625 0.9667516350749323 
62800 0.052083333333333336 0.9667505875039145 
62900 0.07291666666666667 0.9667479700243239 
63000 0.0625 0.9667463529018058 
63100 0.07291666666666667 0.9667457313803796 
63200 0.057291666666666664 0.9667447821896278 
63300 0.06770833333333333 0.9667511176758661 
63400 0.0625 0.9667495468657171 
63500 0.078125 0.9667485551408639 
63600 0.057291666666666664 0.9667487948957826 
63700 0.07291666666666667 0.9667518546935422 
63800 0.046875 0.966752415061415 
63900 0.0625 0.9667522401188297 
64000 0.06770833333333333 0.9667533270964516 
64100 0.06770833333333333 0.9667525418870221 
64200 0.057291666666666664 0.9667507856186041 
64300 0.0625 0.9667515862894823 
64400 0.0625 0.9667525057840717 
64500 0.06770833333333333 0.9667546740231417 
64600 0.052083333333333336 0.9667574805343571 
64700 0.0625 0.9667592318897699 
64800 0.0625 0.9667584460502153 
64900 0.06770833333333333 0.9667580638844805 
65000 0.06770833333333333 0.9667556396568258 
65100 0.057291666666666664 0.9667570630635474 
65200 0.0625 0.9667580427575242 
65300 0.06770833333333333 0.9667610931813193 
65400 0.078125 0.9667576836873034 
65500 0.052083333333333336 0.9667566303058986 
65600 0.057291666666666664 0.9667566916535825 
65700 0.06770833333333333 0.9667546124361375 
65800 0.07291666666666667 0.966754399629185 
65900 0.06770833333333333 0.966752646330607 
66000 0.06770833333333333 0.9667549623616813 
66100 0.0625 0.9667529377392172 
66200 0.078125 0.9667524533869075 
66300 0.046875 0.9667524418309427 
66400 0.0625 0.9667550187497176 
66500 0.07291666666666667 0.9667581753156594 
66600 0.06770833333333333 0.9667561610686526 
66700 0.07291666666666667 0.9667524740383703 
66800 0.06770833333333333 0.9667548015748267 
66900 0.057291666666666664 0.9667575892612467 
67000 0.0625 0.9667575312930653 
67100 0.057291666666666664 0.9667609663666215 
67200 0.0625 0.9667589659504074 
67300 0.057291666666666664 0.9667579388369663 
67400 0.078125 0.9667622466654797 
67500 0.0625 0.9667638797326459 
67600 0.07291666666666667 0.9667650842196615 
67700 0.08333333333333333 0.9667616307981665 
67800 0.0625 0.9667614907351416 
67900 0.0625 0.9667598936932691 
68000 0.0625 0.9667589140845968 
68100 0.057291666666666664 0.9667635585992375 
68200 0.0625 0.9667612018763165 
68300 0.06770833333333333 0.9667649906297126 
68400 0.0625 0.9667651514597739 
68500 0.06770833333333333 0.966762574633947 
68600 0.078125 0.9667655855964199 
68700 0.057291666666666664 0.9667648351188484 
68800 0.06770833333333333 0.9667624213916465 
68900 0.06770833333333333 0.9667567642341911 
69000 0.07291666666666667 0.9667531237469988 
69100 0.07291666666666667 0.9667492676782294 
69200 0.06770833333333333 0.9667451593305492 
69300 0.06770833333333333 0.9667457976195629 
69400 0.0625 0.9667492108062804 
69500 0.057291666666666664 0.966751902250807 
69600 0.052083333333333336 0.9667536879858049 
69700 0.06770833333333333 0.9667557301306055 
69800 0.0625 0.9667544086641547 
69900 0.0625 0.9667558851089398 
70000 0.06770833333333333 0.9667548648114551 
70100 0.0625 0.9667555562688122 
70200 0.078125 0.9667542054837776 
70300 0.06770833333333333 0.9667506729989616 
70400 0.07291666666666667 0.9667544746641856 
70500 0.0625 0.966755642945963 
70600 0.06770833333333333 0.9667527504922027 
70700 0.057291666666666664 0.9667562015860219 
70800 0.06770833333333333 0.966755707311102 
70900 0.06770833333333333 0.9667557286451061 
71000 0.06770833333333333 0.9667560433421125 
71100 0.0625 0.9667528044026572 
71200 0.07291666666666667 0.9667546950417363 
71300 0.0625 0.9667562151419101 
71400 0.06770833333333333 0.9667537190188746 
71500 0.08333333333333333 0.9667558918173639 
71600 0.07291666666666667 0.966754967051205 
71700 0.052083333333333336 0.9667527373514084 
71800 0.06770833333333333 0.9667509128238697 
71900 0.06770833333333333 0.9667526428121074 
72000 0.06770833333333333 0.9667516553589534 
72100 0.07291666666666667 0.9667499121602566 
72200 0.07291666666666667 0.9667491115658601 
72300 0.06770833333333333 0.966749213646192 
72400 0.07291666666666667 0.9667505743474998 
72500 0.057291666666666664 0.9667534039760372 
72600 0.07291666666666667 0.9667493388520819 
72700 0.078125 0.9667485087321128 
72800 0.057291666666666664 0.9667453200047619 
72900 0.078125 0.9667450692263023 
73000 0.057291666666666664 0.966747958361301 
73100 0.07291666666666667 0.966747277169031 
73200 0.046875 0.9667462065067417 
73300 0.046875 0.9667471638063146 
73400 0.06770833333333333 0.9667497859929247 
73500 0.07291666666666667 0.9667477596676689 
73600 0.07291666666666667 0.9667509754170007 
73700 0.057291666666666664 0.9667534404214325 
73800 0.0625 0.966753746279409 
73900 0.0625 0.9667539808324651 
74000 0.0625 0.9667537572690459 
74100 0.06770833333333333 0.9667539560307328 
74200 0.08333333333333333 0.9667546105061477 
74300 0.07291666666666667 0.9667545972911984 
74400 0.0625 0.9667530440339064 
74500 0.07291666666666667 0.9667531028666282 
74600 0.0625 0.9667516605005295 
74700 0.078125 0.9667495944944958 
74800 0.06770833333333333 0.966745793282621 
74900 0.0625 0.966746591612039 
75000 0.078125 0.9667446795153842 
75100 0.046875 0.9667468988983724 
75200 0.052083333333333336 0.966746999984486 
75300 0.0625 0.966746651217558 
75400 0.0625 0.9667482720167283 
75500 0.057291666666666664 0.9667499230142648 
75600 0.078125 0.9667523619065885 
75700 0.057291666666666664 0.966752455108475 
75800 0.06770833333333333 0.966754437606364 
75900 0.06770833333333333 0.9667505821728304 
76000 0.07291666666666667 0.9667460173221405 
76100 0.07291666666666667 0.9667478635847974 
76200 0.057291666666666664 0.96674963665175 
76300 0.057291666666666664 0.966749357260499 
76400 0.0625 0.9667491467716391 
76500 0.06770833333333333 0.9667471326627539 
76600 0.06770833333333333 0.9667471975996832 
76700 0.078125 0.9667479753632069 
76800 0.057291666666666664 0.966746208002934 
76900 0.07291666666666667 0.9667465448000243 
77000 0.07291666666666667 0.9667482335186123 
77100 0.07291666666666667 0.9667479588461888 
77200 0.052083333333333336 0.9667470439717966 
77300 0.06770833333333333 0.9667479843404354 
77400 0.057291666666666664 0.9667483503120115 
77500 0.057291666666666664 0.966748648135723 
77600 0.052083333333333336 0.9667513278394179 
77700 0.07291666666666667 0.9667537325238199 
77800 0.052083333333333336 0.9667559971379974 
77900 0.07291666666666667 0.9667561833288405 
78000 0.06770833333333333 0.966756001792712 
78100 0.06770833333333333 0.9667581547718126 
78200 0.057291666666666664 0.9667541748720179 
78300 0.06770833333333333 0.9667549610903224 
78400 0.07291666666666667 0.9667561771108362 
78500 0.078125 0.9667524803293376 
78600 0.052083333333333336 0.9667504495277838 
78700 0.06770833333333333 0.9667490856744726 
78800 0.0625 0.9667496089833886 
78900 0.057291666666666664 0.9667503950097802 
79000 0.052083333333333336 0.9667507175542082 
79100 0.078125 0.9667492944147356 
79200 0.07291666666666667 0.9667492887295194 
79300 0.06770833333333333 0.9667500383559686 
79400 0.0625 0.9667506221059349 
79500 0.07291666666666667 0.9667498941313107 
79600 0.07291666666666667 0.966749037124743 
79700 0.078125 0.9667506001597638 
79800 0.057291666666666664 0.9667493201839576 
79900 0.0625 0.9667529322745231 
80000 0.07291666666666667 0.9667508387915984 
80100 0.0625 0.966749855911079 
80200 0.0625 0.9667481286600749 
80300 0.07291666666666667 0.966743616725404 
80400 0.078125 0.9667450109451375 
80500 0.0625 0.9667411610828851 
80600 0.07291666666666667 0.9667460443005257 
80700 0.052083333333333336 0.9667471076360061 
80800 0.06770833333333333 0.9667517780307999 
80900 0.057291666666666664 0.9667546342649246 
81000 0.07291666666666667 0.9667531110727028 
81100 0.0625 0.9667526512722819 
81200 0.057291666666666664 0.966754245124239 
81300 0.0625 0.9667539452159261 
81400 0.06770833333333333 0.9667549577093647 
81500 0.07291666666666667 0.9667550410935654 
81600 0.07291666666666667 0.9667537200830872 
81700 0.07291666666666667 0.9667521473115385 
81800 0.057291666666666664 0.9667525840148653 
81900 0.07291666666666667 0.9667487907148061 
82000 0.057291666666666664 0.9667466898269533 
82100 0.052083333333333336 0.966748114872738 
82200 0.06770833333333333 0.9667498532560431 
82300 0.06770833333333333 0.9667497205380251 
82400 0.078125 0.9667508522853687 
82500 0.06770833333333333 0.966750308329596 
82600 0.0625 0.9667509952462238 
82700 0.06770833333333333 0.9667490039419112 
82800 0.0625 0.9667503197928367 
82900 0.06770833333333333 0.9667497476910211 
83000 0.057291666666666664 0.966750933974691 
83100 0.0625 0.9667511146075258 
83200 0.0625 0.9667539239812822 
83300 0.078125 0.9667542881638076 
83400 0.0625 0.9667545265744216 
83500 0.078125 0.966756136653054 
83600 0.057291666666666664 0.9667535376371096 
83700 0.078125 0.9667530293843563 
83800 0.06770833333333333 0.966751123942435 
83900 0.078125 0.9667496575825477 
84000 0.0625 0.9667494967817843 
84100 0.078125 0.9667500485527323 
84200 0.078125 0.9667502278773411 
84300 0.07291666666666667 0.9667461437784447 
84400 0.06770833333333333 0.9667459261936076 
84500 0.06770833333333333 0.9667475890324769 
84600 0.0625 0.9667478319799214 
84700 0.07291666666666667 0.966749488642401 
84800 0.0625 0.9667489917571727 
84900 0.06770833333333333 0.96674831200457 
85000 0.06770833333333333 0.966749043148512 
85100 0.06770833333333333 0.9667490687535987 
85200 0.0625 0.9667494610783128 
85300 0.057291666666666664 0.9667511347072915 
85400 0.078125 0.9667503954383828 
85500 0.07291666666666667 0.9667492619482033 
85600 0.06770833333333333 0.9667490133487537 
85700 0.052083333333333336 0.9667530194610721 
85800 0.078125 0.9667501265039646 
85900 0.057291666666666664 0.9667482103914196 
86000 0.0625 0.9667475099611245 
86100 0.06770833333333333 0.9667478092588936 
86200 0.0625 0.966749135015835 
86300 0.0625 0.9667513327867966 
86400 0.06770833333333333 0.9667481001859546 
86500 0.06770833333333333 0.9667504747054947 
86600 0.07291666666666667 0.9667492051669919 
86700 0.057291666666666664 0.9667474579781856 
86800 0.07291666666666667 0.9667486849709873 
86900 0.06770833333333333 0.9667453841152576 
87000 0.0625 0.9667450841082287 
87100 0.0625 0.9667443363164602 
87200 0.0625 0.9667455313968112 
87300 0.07291666666666667 0.9667459183361778 
87400 0.06770833333333333 0.9667435036021709 
87500 0.078125 0.966742522942595 
87600 0.0625 0.96674237689448 
87700 0.078125 0.9667417560803183 
87800 0.07291666666666667 0.9667408697414228 
87900 0.06770833333333333 0.9667406964463809 
88000 0.06770833333333333 0.9667414113191896 
88100 0.07291666666666667 0.9667430704532298 
88200 0.0625 0.9667415075603829 
88300 0.078125 0.9667417472150184 
88400 0.07291666666666667 0.9667402188135127 
88500 0.07291666666666667 0.9667384584637462 
88600 0.057291666666666664 0.9667387007482986 
88700 0.06770833333333333 0.9667377681292583 
88800 0.07291666666666667 0.9667356352499784 
88900 0.057291666666666664 0.9667370516079684 
89000 0.0625 0.9667355680460519 
89100 0.0625 0.966738091931254 
89200 0.07291666666666667 0.9667366689181361 
89300 0.07291666666666667 0.9667385443612053 
89400 0.07291666666666667 0.9667385513491646 
89500 0.0625 0.9667383546459444 
89600 0.06770833333333333 0.9667351066580359 
89700 0.06770833333333333 0.9667350303601223 
89800 0.07291666666666667 0.9667354182210295 
89900 0.057291666666666664 0.9667357183179275 
90000 0.06770833333333333 0.9667376091654537 
90100 0.06770833333333333 0.9667359985830716 
90200 0.0625 0.9667373363839278 
90300 0.0625 0.9667375465111129 
90400 0.06770833333333333 0.9667366039000306 
90500 0.057291666666666664 0.9667379078223813 
90600 0.0625 0.9667369381500572 
90700 0.0625 0.966737923001584 
90800 0.07291666666666667 0.9667387336042554 
90900 0.057291666666666664 0.9667426937455766 
91000 0.06770833333333333 0.9667427819016641 
91100 0.06770833333333333 0.9667432700610677 
91200 0.06770833333333333 0.9667415584807184 
91300 0.057291666666666664 0.9667464679558092 
91400 0.0625 0.9667488024383395 
91500 0.06770833333333333 0.9667489403576646 
91600 0.06770833333333333 0.9667475427851953 
91700 0.0625 0.9667468582221932 
91800 0.07291666666666667 0.9667462318856367 
91900 0.07291666666666667 0.9667471087547107 
92000 0.07291666666666667 0.9667472760712746 
92100 0.06770833333333333 0.9667492809071925 
92200 0.078125 0.9667508577275011 
92300 0.07291666666666667 0.9667487915443314 
92400 0.06770833333333333 0.9667478007994141 
92500 0.052083333333333336 0.9667470374194153 
92600 0.0625 0.9667466694024183 
92700 0.078125 0.9667462740872986 
92800 0.057291666666666664 0.9667477878291542 
92900 0.06770833333333333 0.9667446730928623 
93000 0.07291666666666667 0.9667417610652932 
93100 0.0625 0.9667399182071084 
93200 0.0625 0.9667395881392545 
93300 0.0625 0.9667393704247543 
93400 0.078125 0.966740603018169 
93500 0.07291666666666667 0.9667382400990364 
93600 0.07291666666666667 0.9667400277062567 
93700 0.06770833333333333 0.9667388099291008 
93800 0.0625 0.9667383443406786 
93900 0.078125 0.9667371864161901 
94000 0.057291666666666664 0.9667384688726716 
94100 0.06770833333333333 0.9667414367275586 
94200 0.0625 0.9667424355013924 
94300 0.06770833333333333 0.9667428798475096 
94400 0.052083333333333336 0.9667426887691868 
94500 0.0625 0.9667434074771696 
94600 0.0625 0.9667447578073523 
94700 0.06770833333333333 0.9667427504285417 
94800 0.06770833333333333 0.9667423954740281 
94900 0.07291666666666667 0.9667453616136816 
95000 0.057291666666666664 0.9667454432497202 
95100 0.07291666666666667 0.9667466200407987 
95200 0.06770833333333333 0.9667484508653621 
95300 0.07291666666666667 0.9667498133108082 
95400 0.07291666666666667 0.9667494531853265 
95500 0.08333333333333333 0.9667474031685532 
95600 0.0625 0.9667481631555458 
95700 0.06770833333333333 0.9667488399198197 
95800 0.0625 0.9667479930185141 
95900 0.057291666666666664 0.966746306086485 
96000 0.06770833333333333 0.9667458433592706 
96100 0.046875 0.9667447854340746 
96200 0.078125 0.9667447042303787 
96300 0.052083333333333336 0.9667434603915501 
96400 0.06770833333333333 0.966743110591868 
96500 0.06770833333333333 0.9667429504184758 
96600 0.06770833333333333 0.9667422514173422 
96700 0.07291666666666667 0.9667417154424464 
96800 0.0625 0.966743359658819 
96900 0.06770833333333333 0.9667447586110223 
97000 0.06770833333333333 0.9667459667512018 
97100 0.052083333333333336 0.9667464751049595 
97200 0.078125 0.9667456696261698 
97300 0.057291666666666664 0.9667463378245513 
97400 0.0625 0.9667455074040993 
97500 0.06770833333333333 0.9667451060331005 
97600 0.06770833333333333 0.9667451323927692 
97700 0.06770833333333333 0.9667444123738071 
97800 0.06770833333333333 0.96674329441928 
97900 0.046875 0.9667430299486216 
98000 0.057291666666666664 0.9667438555048758 
98100 0.057291666666666664 0.9667447059238268 
98200 0.06770833333333333 0.9667438574114996 
98300 0.078125 0.9667451564582252 
98400 0.07291666666666667 0.9667447855797536 
98500 0.0625 0.9667452879073986 
98600 0.07291666666666667 0.9667439140238605 
98700 0.052083333333333336 0.9667434927626536 
98800 0.078125 0.9667443111658789 
98900 0.0625 0.9667435743824633 
99000 0.07291666666666667 0.9667434966986865 
99100 0.057291666666666664 0.9667456790715196 
99200 0.08333333333333333 0.9667441030920387 
99300 0.0625 0.9667452052345897 
99400 0.06770833333333333 0.9667455977974735 
99500 0.0625 0.9667453614369035 
99600 0.0625 0.9667467727482656 
99700 0.057291666666666664 0.9667469274798314 
99800 0.078125 0.9667471601820957 
99900 0.06770833333333333 0.9667485393873267 
