Coverage:4
-27 -69 11 -37 -75 84 0 8 45 58 -28 24 68 -50 6 51 
 34 15 -32 34 98 -36 41 31 19 -59 -2 -2 7 92 53 24 
-25 -61 7 -42 -75 91 3 11 55 58 -37 26 61 -43 5 51 
 27 17 -27 36 98 -38 36 35 18 -59 7 -1 -2 107 57 24 
-25 -48 11 -55 -75 94 3 8 60 58 -37 31 60 -44 5 55 
 27 13 -41 45 98 -40 36 40 21 -59 7 4 -1 105 59 24 
-25 -48 10 -50 -72 94 -1 3 65 58 -35 31 60 -38 11 57 
 27 24 -48 41 95 -40 37 47 18 -59 -1 4 1 107 55 25 
-25 -46 10 -57 -74 80 2 4 65 60 -29 33 58 -38 10 57 
 27 20 -42 36 109 -39 40 51 18 -61 -7 3 -2 107 60 29 
-22 -46 11 -59 -67 80 2 3 63 63 -39 35 60 -35 16 62 
 21 20 -45 30 109 -39 38 52 16 -65 -20 7 -1 105 55 34 
-22 -40 15 -58 -63 77 0 3 63 57 -40 35 71 -35 17 61 
 21 21 -47 27 105 -33 32 55 16 -71 -21 0 8 105 53 27 
-29 -40 11 -58 -65 75 7 -1 65 59 -40 44 65 -37 25 67 
 22 21 -45 27 105 -33 28 53 15 -63 -17 -9 5 108 58 25 
-19 -42 4 -57 -52 74 5 0 63 58 -29 50 66 -38 25 65 
 18 21 -41 27 110 -31 28 59 16 -64 -11 -8 13 107 58 25 
-19 -35 9 -58 -40 80 -16 0 45 56 -30 51 57 -40 25 67 
 18 28 -34 27 121 -22 23 59 16 -63 -5 -5 8 110 58 27 
-17 -37 5 -56 -42 73 -20 11 45 59 -26 56 57 -41 25 77 
 16 27 -35 29 121 -31 21 59 6 -61 0 -3 9 117 58 25 
-20 -39 5 -56 -47 77 -24 14 45 61 -32 48 55 -41 24 79 
 19 28 -35 40 121 -31 23 58 9 -62 -7 -1 11 117 58 31 
-23 -37 5 -60 -63 74 -22 11 43 61 -36 53 51 -41 17 77 
 22 36 -35 41 125 -40 21 61 7 -62 -22 1 15 112 49 36 
-21 -43 7 -60 -65 76 -22 14 42 58 -35 58 51 -43 17 63 
 17 34 -38 41 127 -42 21 60 10 -61 -22 -5 15 125 49 41 
-20 -39 0 -63 -57 79 -20 9 44 58 -35 51 51 -38 17 66 
 19 38 -42 45 127 -43 21 60 16 -59 -22 4 15 127 49 51 
-29 -42 -3 -63 -61 81 -20 14 44 53 -41 51 54 -37 17 65 
 15 41 -51 45 125 -42 19 60 11 -58 -23 4 21 127 43 45 
-19 -39 -3 -64 -63 75 -20 14 51 51 -41 46 61 -40 15 65 
 18 33 -51 45 125 -53 19 60 15 -56 -23 9 24 127 34 45 
-19 -46 -3 -63 -57 75 -15 13 51 52 -41 51 51 -41 15 57 
 18 40 -51 45 127 -53 18 67 15 -56 -23 3 28 129 39 36 
-28 -48 -4 -73 -58 71 -18 17 54 53 -45 51 45 -39 19 54 
 8 45 -47 49 127 -50 19 70 3 -51 -33 4 25 118 37 40 
-25 -39 -9 -82 -58 68 -20 20 57 49 -45 51 45 -39 19 63 
 14 43 -45 54 127 -48 21 79 5 -54 -33 4 25 118 37 36 
-23 -17 -11 -89 -57 65 -24 20 50 54 -42 51 49 -39 19 58 
 9 36 -40 52 127 -49 14 81 2 -54 -33 4 25 118 37 41 
-20 -17 -14 -91 -58 67 -17 20 49 57 -39 51 53 -39 18 65 
 14 36 -30 57 127 -50 7 81 4 -55 -33 4 29 118 37 45 
-33 -17 -19 -95 -57 72 -13 18 51 55 -35 71 58 -41 21 65 
 12 36 -24 58 127 -47 6 81 -4 -56 -25 -3 29 117 38 42 
-28 -7 -20 -86 -55 64 -17 18 51 55 -35 66 57 -40 21 65 
 9 29 -21 60 125 -35 7 81 -5 -53 -22 0 29 110 38 42 
-30 -4 -22 -86 -54 59 -17 18 54 51 -35 67 55 -43 21 63 
 10 35 -18 64 136 -43 7 81 0 -51 -22 -7 29 105 38 39 
-37 3 -27 -92 -49 58 -18 21 54 55 -35 71 51 -47 20 60 
 14 36 -13 73 135 -39 7 78 0 -53 -22 -13 31 110 39 41 
-32 1 -23 -92 -53 64 -17 22 50 60 -35 75 51 -45 20 58 
 14 38 -11 72 124 -46 7 87 -4 -59 -22 -13 35 103 39 41 
-26 1 -23 -99 -56 60 -23 18 61 58 -35 77 51 -46 23 58 
 13 38 -11 68 125 -59 5 84 -6 -54 -22 -9 35 100 27 41 
-21 2 -24 -98 -56 58 -25 25 76 60 -35 72 51 -46 26 60 
 12 44 -14 67 120 -59 4 85 -15 -59 -22 -8 35 100 27 39 
-8 5 -35 -97 -53 57 -23 29 77 59 -35 74 44 -48 20 61 
 14 45 0 67 129 -54 5 86 -11 -63 -22 0 29 97 33 38 
-7 5 -29 -97 -57 58 -29 31 72 59 -37 71 43 -52 23 57 
 14 45 7 67 134 -59 5 93 -13 -63 -17 -2 21 99 36 49 
6 0 -29 -98 -51 64 -37 22 63 61 -37 79 45 -40 23 57 
 20 39 4 67 138 -59 1 93 -8 -62 -13 -3 18 111 36 49 
12 5 -26 -97 -51 67 -39 20 71 55 -35 79 43 -46 20 55 
 25 25 0 67 137 -73 0 105 -5 -68 -5 -3 16 108 41 47 
11 3 -26 -96 -55 52 -40 9 68 66 -33 79 43 -43 20 61 
 24 27 0 68 138 -66 -1 86 1 -70 -2 -3 16 109 41 52 
11 2 -37 -109 -60 56 -39 23 65 57 -30 80 49 -45 23 57 
 24 27 7 75 139 -72 -2 95 5 -66 -11 -2 21 107 41 59 
11 2 -37 -108 -60 57 -41 16 66 60 -27 74 48 -45 32 61 
 24 27 7 74 139 -75 -3 92 2 -59 -19 0 27 107 46 58 
15 7 -43 -106 -60 54 -43 21 62 62 -27 74 43 -38 22 63 
 27 18 9 74 139 -71 -9 98 3 -60 -14 0 27 102 46 56 
15 11 -43 -105 -61 48 -45 21 51 63 -23 69 32 -40 33 63 
 27 15 9 65 137 -61 -9 98 13 -53 -9 2 37 99 48 56 
15 10 -49 -105 -60 45 -43 20 57 63 -18 67 39 -39 31 63 
 27 16 15 71 139 -55 -11 93 0 -53 -13 15 38 98 44 56 
9 20 -50 -105 -55 45 -43 15 58 63 -18 74 39 -37 29 60 
 22 14 15 70 138 -55 -11 80 1 -53 -13 24 37 96 44 48 
16 28 -49 -105 -57 45 -40 12 58 62 -16 75 40 -35 36 70 
 11 15 15 67 136 -55 -8 71 1 -53 -10 13 31 98 30 51 
14 31 -43 -111 -63 45 -35 2 56 63 -9 78 22 -35 34 63 
 20 15 13 64 129 -55 -6 67 2 -47 -12 15 32 98 39 47 
14 31 -36 -120 -59 45 -41 3 45 68 -5 78 30 -35 28 62 
 20 15 13 61 138 -55 -3 67 4 -61 -13 21 27 98 40 43 
19 33 -49 -120 -59 46 -41 2 52 71 -5 72 20 -35 16 58 
 14 16 15 61 138 -59 -3 67 2 -56 -13 19 19 103 38 41 
23 38 -55 -120 -59 46 -40 2 46 71 -3 69 24 -35 11 58 
 16 13 16 61 138 -65 -1 67 3 -61 -13 16 12 98 35 41 
29 35 -57 -128 -60 44 -40 2 45 71 -3 61 23 -35 9 58 
 21 23 27 53 134 -67 -1 67 5 -76 -15 12 16 98 32 41 
44 40 -57 -123 -62 54 -36 2 45 71 -3 59 23 -35 7 57 
 24 21 27 49 121 -60 -1 67 5 -76 -15 17 16 98 32 44 
38 40 -57 -125 -65 56 -32 2 45 80 -3 59 24 -39 14 51 
 26 21 27 47 118 -60 12 67 5 -81 -15 16 20 98 35 44 
37 44 -58 -119 -69 54 -31 5 41 83 -3 50 40 -39 20 51 
 29 24 27 47 115 -50 13 78 4 -84 -15 13 20 98 39 44 
35 37 -57 -124 -69 57 -46 1 45 85 2 57 38 -41 20 48 
 27 19 27 52 115 -51 20 78 5 -82 -18 -2 21 97 41 46 
45 42 -57 -121 -69 50 -46 -3 48 85 7 46 38 -40 20 52 
 20 19 27 47 115 -53 14 69 4 -75 -21 -12 21 99 41 51 
45 51 -63 -110 -66 62 -40 -3 56 83 -1 55 38 -41 20 51 
 18 15 25 41 114 -49 19 69 10 -64 -13 -13 21 97 41 52 
44 51 -63 -116 -74 61 -37 -5 67 85 -8 51 39 -41 14 57 
 8 15 25 38 114 -62 16 67 16 -62 -1 -18 15 97 40 57 
43 51 -63 -105 -93 60 -40 -19 63 85 -9 56 37 -46 5 61 
 16 17 25 36 109 -61 26 72 19 -62 4 -10 9 100 40 58 
45 56 -68 -109 -91 52 -37 -19 70 92 -9 53 37 -46 -4 56 
 18 16 27 35 108 -64 27 84 24 -58 4 -20 9 100 39 60 
45 57 -65 -109 -95 52 -34 -32 62 99 -11 58 39 -43 -2 58 
 18 9 27 35 105 -55 24 90 27 -63 1 -2 6 101 37 61 
47 60 -77 -119 -95 51 -35 -30 62 99 -17 51 43 -35 -23 58 
 16 10 26 23 105 -56 18 80 27 -63 -4 3 7 102 29 67 
43 60 -78 -106 -95 50 -39 -43 62 99 -11 45 43 -34 -22 55 
 22 1 24 20 105 -57 18 85 27 -63 8 -2 7 108 29 66 
49 62 -80 -105 -100 41 -37 -43 62 103 -22 52 50 -35 -24 59 
 19 5 19 14 101 -58 11 85 27 -64 1 4 6 105 28 67 
51 77 -80 -97 -100 38 -34 -34 61 109 -21 45 57 -31 -38 57 
 15 13 19 16 101 -60 8 82 27 -69 -3 5 9 95 27 65 
55 75 -82 -97 -100 41 -38 -23 63 111 -21 37 57 -36 -49 55 
 20 7 21 16 114 -62 7 85 27 -76 -3 7 14 94 36 63 
54 72 -82 -91 -101 42 -37 -14 65 110 -20 37 58 -43 -54 51 
 20 7 21 12 117 -73 7 92 25 -76 -1 9 15 85 51 64 
54 71 -82 -94 -97 42 -37 -20 65 97 -20 37 64 -43 -55 51 
 20 -5 21 18 116 -73 7 79 25 -75 -2 9 19 87 58 64 
54 69 -82 -97 -91 42 -37 -20 65 88 -16 37 60 -48 -55 51 
 20 -7 21 16 122 -73 7 81 25 -74 -3 9 19 87 58 64 
44 71 -84 -99 -94 42 -40 -11 65 95 -7 37 60 -45 -53 51 
 9 -6 19 18 124 -73 6 86 25 -73 5 9 19 86 67 64 
51 86 -83 -97 -100 44 -40 -7 65 95 -17 35 67 -49 -55 45 
 -3 -11 29 16 119 -77 1 87 21 -73 7 4 20 75 66 65 
52 69 -83 -97 -100 41 -35 -11 70 95 -21 38 61 -60 -63 45 
 -8 -17 29 16 119 -82 7 89 10 -73 17 1 23 81 65 65 
47 62 -83 -95 -100 44 -32 0 62 98 -21 37 59 -65 -61 47 
 1 -18 29 18 119 -75 9 89 7 -79 17 5 28 85 64 64 
45 60 -83 -95 -89 35 -38 -5 65 101 -21 26 57 -65 -69 32 
 -8 -19 29 18 119 -66 7 92 5 -82 17 10 25 87 64 65 
40 61 -84 -93 -89 40 -37 -14 65 101 -21 23 57 -54 -68 31 
 -10 -14 29 28 115 -76 7 91 5 -82 17 13 25 81 62 64 
42 63 -86 -95 -89 49 -36 -3 70 103 -20 29 71 -49 -66 35 
 -20 -13 27 18 115 -69 6 98 9 -84 19 14 21 67 61 67 
40 62 -78 -95 -89 51 -37 -6 71 107 -17 18 74 -50 -74 31 
 -14 -13 36 18 115 -84 8 100 12 -90 21 22 18 80 55 64 
35 63 -67 -97 -89 47 -29 -6 76 103 -23 4 79 -44 -79 31 
 -16 -14 39 16 115 -83 14 100 3 -93 25 22 17 76 53 58 
25 63 -75 -89 -90 51 -26 -6 77 102 -23 0 79 -42 -77 29 
 -15 -13 38 19 122 -76 22 100 5 -93 21 19 17 81 56 58 
25 68 -75 -90 -100 51 -31 -6 79 103 -23 0 79 -43 -77 31 
 -15 -15 38 10 114 -76 30 100 1 -93 9 19 17 84 56 62 
30 63 -68 -97 -103 58 -26 -8 80 102 -21 12 79 -43 -86 35 
 -12 -12 30 -4 108 -79 36 102 -1 -93 12 24 18 85 72 51 
25 60 -69 -97 -100 68 -31 -15 79 102 -16 11 78 -49 -88 32 
 -15 -13 22 -4 99 -72 32 98 -3 -93 11 24 11 79 71 60 
25 66 -77 -97 -94 77 -35 -16 81 103 -20 12 75 -49 -100 20 
 -15 -4 24 -7 108 -71 31 97 -2 -93 19 21 9 75 81 46 
20 70 -83 -99 -89 77 -29 -17 81 96 -20 13 68 -55 -100 22 
 -16 8 25 -8 115 -71 24 96 -2 -93 19 38 26 72 81 46 
26 64 -80 -105 -89 80 -29 -17 80 93 -19 2 58 -55 -95 25 
 -17 21 21 -20 115 -71 24 96 -1 -90 18 32 31 78 79 45 
28 74 -83 -104 -89 77 -29 -17 80 95 -19 5 58 -55 -98 4 
 -22 20 25 -18 115 -71 24 96 -1 -93 18 25 32 78 87 51 
20 74 -83 -102 -87 77 -29 -19 79 95 -19 1 55 -55 -98 4 
 -19 20 25 -19 116 -71 24 99 0 -93 18 17 43 78 87 56 
24 71 -83 -102 -89 78 -37 -14 81 101 -20 -3 42 -45 -105 5 
 -18 15 25 -19 104 -75 29 106 -2 -89 19 24 27 73 87 58 
23 71 -86 -102 -83 72 -27 -15 81 97 -14 5 43 -51 -105 5 
 -13 15 22 -19 105 -80 35 105 -2 -91 23 19 30 79 87 58 
30 71 -89 -100 -86 73 -25 -15 81 97 -20 5 42 -57 -107 4 
 -9 15 32 -19 112 -80 43 105 -2 -91 19 21 27 76 86 57 
32 71 -90 -100 -89 78 -40 -15 79 82 -20 5 43 -63 -104 7 
 -13 15 40 -19 116 -79 44 105 -3 -83 19 18 29 73 86 67 
28 71 -90 -109 -83 77 -43 -9 79 80 -20 5 43 -73 -105 12 
 -2 15 34 -22 115 -90 45 96 -3 -81 21 18 36 62 87 64 
22 71 -89 -117 -80 75 -37 -3 79 86 -14 5 43 -82 -105 11 
 -13 14 35 -13 110 -91 46 101 -3 -75 20 18 36 61 87 64 
23 87 -88 -118 -89 85 -39 -3 80 93 -21 5 43 -77 -106 14 
 -11 16 39 -13 104 -89 58 109 -2 -84 17 18 36 67 86 60 
15 85 -80 -117 -79 79 -45 -3 80 99 -21 5 43 -72 -102 14 
 -4 5 41 -14 98 -106 53 109 -1 -78 15 18 36 77 81 60 
15 85 -80 -119 -85 76 -41 -3 78 98 -9 5 57 -79 -100 14 
 -3 5 41 -8 107 -111 55 109 1 -73 15 18 35 78 79 60 
21 85 -78 -112 -78 70 -48 -1 78 94 -15 26 65 -80 -106 12 
 -2 7 47 -1 106 -103 51 98 1 -80 23 20 38 79 81 60 
21 82 -72 -117 -70 71 -53 4 73 93 -13 23 66 -80 -109 6 
 -2 7 52 7 121 -105 54 94 11 -75 33 16 33 79 84 71 
18 83 -61 -117 -65 59 -44 5 77 96 -9 23 61 -80 -102 7 
 -13 7 52 9 123 -103 58 98 9 -70 19 16 38 81 81 73 
15 82 -69 -111 -60 64 -41 5 77 99 -5 23 77 -80 -102 3 
 -13 7 55 17 119 -100 46 98 9 -67 9 17 38 81 81 65 
12 83 -69 -93 -55 69 -38 11 80 113 -5 19 65 -83 -102 5 
 -13 7 55 17 120 -98 47 104 9 -74 14 17 25 82 81 64 
9 89 -66 -106 -56 77 -37 8 77 118 10 19 65 -89 -98 11 
 -15 11 58 20 119 -91 47 100 5 -86 15 17 25 78 86 64 
15 91 -63 -106 -57 77 -37 5 76 115 5 8 66 -92 -96 11 
 -13 13 49 20 116 -95 47 105 7 -90 9 12 33 79 88 64 
11 95 -63 -106 -57 75 -37 1 83 122 9 18 59 -93 -91 10 
 -16 7 49 20 116 -94 47 97 5 -93 15 17 33 75 92 67 
11 95 -58 -106 -59 78 -35 0 80 127 11 10 57 -98 -86 17 
 -16 7 54 12 118 -99 46 99 10 -87 15 15 29 73 97 65 
15 95 -57 -107 -55 78 -33 -4 82 129 11 8 57 -98 -77 18 
 -15 7 56 9 118 -99 42 94 7 -67 15 22 29 74 87 64 
14 100 -51 -101 -56 78 -35 -3 75 131 3 14 50 -97 -78 21 
 -31 1 49 17 115 -99 45 95 7 -65 25 31 30 76 86 58 
18 100 -55 -100 -59 78 -34 -1 75 133 8 14 40 -99 -86 20 
 -31 1 38 16 118 -105 36 97 7 -61 25 29 25 68 79 59 
18 94 -46 -103 -60 81 -26 -1 75 132 5 16 42 -98 -83 20 
 -39 4 42 21 121 -102 39 97 7 -70 34 29 21 67 85 59 
17 95 -46 -102 -55 81 -20 9 75 124 -4 17 45 -95 -79 23 
 -40 17 40 22 125 -102 39 90 12 -76 30 29 18 82 88 56 
9 91 -46 -121 -58 78 -20 -3 75 125 -11 17 45 -89 -72 23 
 -44 24 40 12 127 -104 39 85 7 -75 10 29 18 75 83 56 
11 91 -42 -110 -58 81 -18 -4 75 125 -17 17 45 -89 -76 33 
 -45 26 41 19 127 -102 42 84 7 -75 16 29 18 80 72 53 
6 94 -42 -108 -54 79 -20 -3 75 125 -15 17 45 -82 -79 39 
 -44 25 44 10 123 -101 39 85 7 -75 21 29 18 86 62 57 
11 104 -45 -115 -53 79 -20 -3 61 125 -16 27 48 -87 -78 38 
 -36 24 47 18 124 -103 41 85 18 -75 35 34 21 83 67 61 
11 103 -45 -119 -57 76 -17 11 74 119 -17 22 57 -97 -78 38 
 -36 32 47 18 136 -100 38 88 20 -68 27 36 29 94 67 61 
11 103 -50 -120 -61 68 -26 15 71 107 -15 23 57 -101 -78 40 
 -28 27 48 19 142 -93 40 87 24 -79 25 30 29 97 71 61 
24 97 -51 -122 -59 83 -18 15 71 109 -14 23 57 -101 -75 40 
 -24 25 45 21 138 -93 31 87 24 -80 24 36 29 97 78 61 
23 94 -52 -119 -61 82 -9 15 71 103 -12 21 57 -102 -75 32 
 -13 20 57 19 137 -93 35 87 24 -81 28 38 29 97 78 60 
23 107 -56 -115 -57 82 -9 15 70 105 -20 21 59 -100 -76 32 
 -13 11 50 5 136 -93 35 89 25 -82 23 38 33 99 80 58 
23 102 -49 -116 -59 81 2 17 71 105 -8 11 57 -102 -71 35 
 -13 14 55 0 132 -93 51 89 24 -82 24 31 44 100 72 54 
22 104 -45 -121 -67 85 -2 17 76 109 -6 1 57 -100 -77 31 
 -13 9 47 -3 128 -95 41 92 18 -84 20 42 45 99 74 54 
23 113 -44 -119 -61 94 -2 17 71 113 -11 0 62 -101 -80 27 
 -13 -3 59 -2 126 -80 41 89 35 -86 28 41 47 97 79 58 
23 111 -43 -119 -60 89 -4 15 70 114 -18 3 62 -101 -80 25 
 -13 -9 65 -6 121 -85 41 87 36 -79 38 36 47 97 79 58 
22 97 -43 -109 -52 85 -5 15 71 121 -19 -6 63 -99 -78 23 
 -13 -5 65 4 117 -82 36 87 35 -82 34 39 52 100 74 56 
25 88 -46 -109 -48 88 1 15 71 122 -21 -6 61 -91 -80 19 
 -15 -6 65 4 107 -97 33 87 35 -80 33 40 58 93 79 51 
25 88 -45 -109 -38 85 1 17 71 122 -21 -6 61 -94 -77 15 
 -15 -2 58 4 107 -102 28 89 35 -75 37 40 58 94 76 47 
33 87 -46 -115 -38 85 3 17 70 118 -18 -14 61 -90 -77 18 
 -33 -7 55 5 107 -102 27 89 38 -79 33 31 58 89 70 55 
35 85 -42 -120 -43 90 -3 22 82 118 -22 -9 61 -91 -67 19 
 -33 -10 60 -1 105 -102 29 93 37 -77 41 35 58 90 71 57 
32 82 -46 -120 -43 85 -3 31 87 120 -22 -9 61 -89 -68 19 
 -26 -13 60 1 105 -102 29 100 31 -75 41 35 40 84 71 56 
43 82 -46 -137 -43 75 1 42 85 125 -20 -9 65 -89 -72 25 
 -24 -13 60 2 105 -104 30 96 34 -75 41 35 38 84 74 51 
44 77 -46 -130 -49 80 9 39 80 131 -23 -9 65 -85 -68 33 
 -23 -11 60 -1 113 -99 32 97 39 -76 45 34 38 87 76 46 
47 84 -49 -119 -45 78 13 34 80 136 -23 -14 65 -84 -69 27 
 -22 -19 55 6 107 -99 35 90 39 -78 49 38 38 89 72 34 
43 89 -45 -118 -51 82 15 39 80 138 -28 -29 65 -83 -65 36 
 -24 -24 66 7 117 -100 27 95 39 -79 45 40 38 85 82 36 
43 83 -41 -118 -60 85 15 38 80 138 -29 -23 76 -75 -66 36 
 -24 -31 57 7 122 -102 27 95 41 -79 35 45 34 92 80 32 
44 91 -41 -117 -60 85 15 38 80 135 -39 -22 79 -70 -66 43 
 -20 -41 57 7 124 -102 27 89 41 -82 38 41 32 97 80 36 
41 91 -41 -118 -63 91 15 37 80 141 -37 -22 83 -68 -66 43 
 -19 -36 49 7 127 -105 27 88 41 -82 40 41 27 90 80 36 
25 87 -48 -117 -58 91 15 39 79 141 -37 -22 85 -75 -71 52 
 -14 -44 54 7 127 -105 27 84 37 -82 36 41 25 99 72 39 
14 82 -57 -101 -58 91 18 40 79 137 -33 -22 85 -75 -77 54 
 -19 -48 54 6 127 -105 30 79 37 -91 34 41 25 98 76 40 
20 90 -60 -87 -58 91 17 40 75 138 -28 -22 85 -75 -85 54 
 -12 -46 61 -2 127 -105 34 79 47 -91 38 41 25 98 74 40 
19 98 -60 -88 -58 90 17 41 75 145 -40 -26 85 -68 -84 52 
 -17 -59 61 4 127 -103 25 81 47 -82 32 37 25 91 78 37 
24 98 -65 -91 -57 85 17 51 77 151 -45 -28 94 -61 -80 48 
 -24 -59 67 6 127 -102 25 84 49 -85 31 37 20 90 79 34 
37 99 -64 -97 -57 85 17 51 77 155 -48 -27 88 -63 -80 45 
 -31 -67 64 16 127 -99 25 84 54 -88 31 35 8 99 79 38 
37 99 -65 -97 -53 79 13 51 79 154 -57 -26 94 -66 -80 48 
 -31 -66 67 16 129 -101 26 84 57 -94 35 44 18 100 81 38 
37 99 -76 -97 -53 75 12 51 79 165 -49 -23 87 -67 -87 38 
 -31 -71 59 16 128 -100 25 84 57 -95 35 45 18 105 81 41 
42 97 -78 -98 -46 74 6 51 80 163 -50 -21 85 -61 -83 36 
 -33 -71 55 22 130 -100 23 84 55 -84 35 43 18 109 87 40 
42 91 -73 -100 -45 74 5 53 87 167 -57 -23 85 -62 -84 38 
 -33 -65 50 21 127 -100 25 79 61 -80 36 45 18 116 88 41 
33 91 -77 -100 -45 65 4 50 100 162 -61 -23 91 -60 -87 38 
 -31 -65 47 21 127 -95 17 81 50 -93 37 45 24 119 92 41 
34 84 -81 -100 -35 64 3 44 103 163 -61 -23 91 -62 -84 36 
 -20 -67 53 21 126 -102 16 76 53 -93 37 45 24 121 90 37 
34 87 -79 -100 -32 65 3 51 100 165 -61 -23 95 -64 -89 30 
 -20 -65 58 21 127 -102 16 74 47 -97 37 45 27 112 95 30 
36 84 -81 -100 -40 65 5 56 104 174 -66 -22 95 -63 -82 31 
 -17 -61 64 21 119 -102 14 74 36 -88 40 41 27 111 98 24 
42 78 -80 -96 -39 63 10 55 103 175 -66 -20 98 -63 -80 31 
 -13 -63 54 17 118 -93 7 67 36 -101 40 53 24 105 99 25 
49 95 -77 -92 -39 62 13 57 98 174 -61 -13 93 -63 -80 25 
 -7 -73 56 27 118 -93 13 69 41 -100 37 45 24 105 99 18 
54 95 -82 -89 -38 63 15 57 98 175 -60 -15 91 -60 -79 24 
 -7 -70 56 24 107 -93 5 69 41 -97 39 45 15 108 98 19 
51 95 -86 -88 -37 57 17 57 99 171 -62 -9 87 -67 -79 25 
 -5 -73 58 34 107 -96 5 69 37 -96 41 37 14 102 98 18 
43 99 -86 -95 -38 51 14 57 103 177 -62 -10 91 -61 -77 25 
 -13 -76 60 33 107 -108 1 69 40 -95 41 30 15 95 103 18 
43 105 -86 -89 -38 58 16 57 98 177 -60 -9 93 -63 -67 25 
 -13 -75 60 32 108 -106 -3 69 41 -95 41 35 14 88 106 18 
43 109 -86 -85 -31 62 13 59 102 177 -59 0 94 -69 -65 30 
 -13 -76 60 24 113 -113 -6 67 37 -95 47 33 19 93 110 11 
42 94 -86 -87 -36 63 11 55 103 173 -60 9 89 -74 -63 31 
 -13 -98 60 26 109 -112 -5 67 36 -97 48 40 14 92 109 17 
42 97 -90 -95 -37 49 11 55 99 177 -50 11 88 -64 -63 40 
 -13 -95 65 25 107 -108 -5 67 29 -92 51 41 6 98 109 21 
43 97 -99 -89 -31 61 9 55 93 185 -46 11 80 -76 -58 40 
 -13 -95 65 24 107 -102 -6 61 32 -95 55 49 13 97 107 21 
43 97 -102 -89 -34 61 5 46 94 185 -53 22 75 -68 -61 40 
 -13 -95 68 24 114 -102 -22 60 40 -95 58 46 7 100 111 19 
43 106 -98 -89 -40 61 5 44 94 185 -51 16 75 -67 -67 40 
 -13 -104 65 24 121 -102 -22 58 40 -95 60 48 7 100 107 19 
42 114 -91 -89 -43 61 3 44 98 185 -45 15 72 -62 -72 39 
 -13 -103 73 24 124 -102 -24 51 39 -95 57 47 8 101 107 17 
42 118 -86 -89 -43 58 11 44 103 188 -40 15 77 -60 -75 39 
 -13 -99 80 24 125 -103 -25 50 47 -92 59 47 7 101 105 17 
42 120 -86 -89 -43 58 5 46 103 183 -40 15 74 -60 -75 39 
 -13 -96 80 24 125 -99 -29 42 47 -84 59 46 7 101 105 17 
42 117 -87 -98 -49 56 4 48 103 183 -40 15 77 -60 -75 32 
 -13 -95 82 32 124 -93 -30 37 47 -84 59 47 9 101 105 18 
42 117 -94 -102 -49 56 9 50 103 181 -40 15 84 -57 -81 43 
 -13 -95 72 32 124 -89 -28 43 47 -82 59 47 7 96 117 23 
42 128 -82 -98 -57 54 17 55 101 181 -40 15 83 -56 -77 45 
 -13 -96 81 30 131 -80 -34 34 46 -82 61 47 16 99 118 25 
42 126 -82 -100 -49 54 9 51 109 178 -40 18 83 -49 -81 45 
 -13 -101 81 29 133 -80 -38 35 38 -85 57 48 16 97 117 18 
45 125 -83 -94 -47 53 4 47 108 175 -37 14 81 -53 -81 43 
 -13 -102 85 19 127 -71 -42 38 34 -93 58 60 18 97 117 16 
42 123 -83 -90 -49 51 3 54 109 174 -41 10 80 -51 -83 43 
 -13 -113 85 19 115 -76 -47 40 41 -90 57 45 19 102 116 16 
44 125 -83 -86 -49 51 5 54 106 177 -41 17 78 -42 -66 45 
 -14 -119 85 17 115 -76 -55 40 25 -91 57 46 21 89 113 18 
42 121 -83 -86 -49 51 8 62 108 174 -37 13 73 -43 -61 51 
 -16 -122 85 20 115 -76 -56 47 27 -91 47 34 9 92 125 13 
39 119 -83 -95 -55 49 8 62 98 175 -37 7 83 -46 -62 56 
 -16 -123 85 25 110 -73 -51 47 31 -93 47 28 16 100 121 21 
42 119 -85 -101 -59 42 6 63 93 177 -35 12 83 -48 -62 53 
 -13 -123 87 12 109 -71 -50 47 48 -95 49 28 16 105 121 14 
42 119 -85 -103 -55 36 8 63 91 177 -31 16 87 -50 -62 51 
 -13 -123 87 9 109 -67 -48 47 51 -95 52 29 19 106 121 15 
43 119 -70 -111 -49 43 5 69 97 182 -25 17 80 -54 -62 51 
 -13 -123 81 19 109 -64 -55 45 46 -90 57 29 21 98 121 15 
43 119 -75 -119 -47 45 6 73 102 188 -18 17 83 -69 -62 45 
 -13 -123 78 24 110 -55 -56 48 47 -90 53 29 16 99 121 20 
42 114 -76 -117 -49 44 5 68 100 183 -19 8 83 -69 -62 51 
 -13 -124 78 17 101 -52 -57 53 55 -86 58 18 16 92 121 35 
40 120 -75 -116 -43 45 14 60 99 172 -19 14 82 -61 -62 51 
 -19 -122 78 13 89 -55 -50 65 54 -83 58 20 11 97 121 35 
40 120 -73 -112 -43 43 10 74 85 178 -17 13 83 -61 -62 51 
 -19 -121 93 20 89 -44 -63 75 65 -84 57 22 7 97 121 35 
41 120 -64 -116 -43 35 5 69 85 174 -18 13 78 -68 -62 51 
 -22 -121 96 24 85 -49 -62 69 65 -87 62 25 8 86 121 35 
41 125 -65 -106 -43 34 6 66 94 175 -15 23 77 -69 -60 51 
 -22 -122 87 21 76 -40 -64 60 55 -82 65 36 9 84 119 35 
44 120 -65 -103 -41 37 17 70 106 178 -15 25 77 -77 -63 51 
 -27 -121 87 25 77 -45 -47 75 49 -79 65 40 9 87 120 35 
56 120 -65 -103 -41 38 5 74 111 176 -14 31 85 -75 -59 50 
 -45 -121 87 25 77 -40 -40 69 55 -93 64 44 18 89 110 45 
55 120 -66 -104 -45 35 -1 69 108 177 -14 33 85 -75 -61 52 
 -49 -121 87 25 74 -51 -45 72 54 -82 57 44 18 85 113 55 
41 121 -72 -104 -54 29 -1 70 107 178 -17 31 85 -75 -63 51 
 -48 -122 78 27 68 -49 -43 68 49 -79 56 41 18 85 109 55 
43 121 -75 -111 -50 31 -6 76 107 187 -14 34 97 -71 -63 60 
 -44 -122 78 18 78 -56 -37 73 56 -82 56 40 16 84 109 59 
36 121 -75 -102 -57 32 -9 75 105 182 -11 34 103 -73 -65 60 
 -51 -122 79 21 74 -68 -45 73 65 -73 62 40 16 94 107 61 
51 121 -80 -102 -63 25 -9 71 104 182 -10 30 100 -74 -63 60 
 -56 -122 92 21 69 -74 -45 79 60 -73 70 44 15 90 105 61 
51 114 -88 -100 -68 25 -10 75 99 185 -13 37 94 -75 -62 67 
 -56 -120 95 21 58 -75 -51 87 57 -72 79 45 5 98 116 66 
55 114 -92 -100 -68 40 -13 77 97 182 -15 37 86 -72 -61 63 
 -53 -116 112 21 48 -75 -46 81 57 -73 78 45 1 96 117 67 
56 117 -86 -100 -83 37 -9 71 96 183 -17 38 75 -77 -61 62 
 -52 -111 108 21 43 -75 -43 75 59 -73 76 41 4 93 117 67 
50 117 -85 -105 -75 30 -3 71 100 180 -15 42 66 -83 -61 62 
 -50 -111 107 34 34 -73 -36 75 60 -72 73 35 3 85 117 78 
44 111 -85 -102 -71 28 -5 71 100 190 -23 43 65 -80 -61 61 
 -55 -105 107 32 32 -68 -40 64 59 -67 69 32 5 81 117 78 
50 111 -83 -107 -76 23 -10 71 105 190 -18 40 62 -80 -71 63 
 -60 -105 109 38 37 -73 -44 64 58 -62 71 34 7 81 113 76 
45 105 -79 -106 -72 27 -11 71 101 192 -22 39 63 -80 -75 63 
 -62 -107 103 40 48 -77 -51 64 62 -60 61 37 7 79 97 76 
45 108 -81 -106 -66 31 -16 72 103 197 -18 39 63 -84 -83 63 
 -62 -100 98 40 58 -75 -56 57 57 -71 54 37 7 65 105 76 
45 111 -77 -106 -64 28 -6 66 103 197 -21 41 72 -80 -75 56 
 -62 -105 95 40 56 -63 -53 59 65 -70 57 38 9 61 108 73 
44 111 -81 -112 -67 31 -9 69 103 196 -26 41 71 -83 -78 57 
 -65 -105 97 35 60 -70 -60 57 67 -59 60 38 -1 65 110 69 
37 111 -81 -99 -66 25 -3 71 98 191 -26 41 67 -79 -84 57 
 -66 -103 97 29 44 -71 -55 59 61 -56 60 38 6 74 117 69 
40 114 -80 -97 -73 25 -3 77 95 191 -21 43 76 -74 -75 50 
 -59 -100 97 27 43 -55 -55 69 67 -56 67 36 13 67 118 65 
40 111 -92 -97 -75 25 1 80 98 185 -30 37 75 -76 -77 43 
 -61 -94 89 27 55 -55 -52 68 61 -56 60 42 7 74 116 52 
40 98 -89 -90 -77 17 -3 82 102 185 -26 39 78 -76 -77 51 
 -60 -99 95 33 47 -55 -51 74 67 -55 60 37 7 70 116 66 
40 98 -97 -89 -74 17 -6 80 102 185 -31 37 85 -73 -77 51 
 -61 -99 87 35 45 -55 -47 81 67 -55 60 35 2 77 116 64 
34 98 -97 -89 -74 18 5 80 87 182 -35 32 87 -75 -77 51 
 -63 -99 87 35 35 -55 -34 81 70 -53 65 30 -1 78 116 64 
34 100 -98 -89 -72 17 1 80 91 182 -34 42 92 -77 -73 51 
 -60 -101 84 27 29 -55 -22 81 75 -53 64 30 3 76 119 64 
34 100 -89 -95 -83 12 1 80 98 186 -35 44 87 -83 -77 51 
 -60 -101 95 37 25 -69 -22 81 81 -45 65 36 -4 72 107 64 
34 99 -89 -97 -83 11 -3 80 95 188 -42 39 94 -83 -78 51 
 -60 -107 95 36 25 -80 -23 81 87 -49 61 38 -4 69 107 64 
34 85 -86 -99 -83 10 -9 77 95 195 -40 39 93 -77 -77 45 
 -60 -102 99 45 25 -80 -31 84 87 -40 59 37 -4 70 107 65 
28 89 -89 -94 -84 19 -4 77 87 198 -40 39 95 -78 -75 37 
 -61 -112 95 50 24 -72 -30 89 91 -39 61 37 -13 67 105 74 
31 100 -92 -91 -89 26 -5 77 94 198 -40 39 97 -78 -79 38 
 -72 -112 93 49 24 -71 -33 91 100 -39 61 37 -15 67 98 73 
31 85 -98 -97 -85 25 -3 70 98 198 -40 39 97 -74 -80 30 
 -65 -122 87 47 31 -80 -31 97 100 -39 61 37 -15 75 99 69 
30 85 -105 -98 -83 34 -8 76 92 198 -40 45 101 -73 -80 31 
 -72 -122 94 47 29 -79 -32 113 103 -39 61 41 -12 74 99 64 
21 88 -115 -97 -83 34 -18 81 97 198 -40 56 99 -66 -79 34 
 -74 -130 98 47 29 -80 -33 110 105 -39 61 42 -19 76 98 57 
25 99 -115 -97 -83 29 -18 82 97 200 -35 41 91 -59 -79 39 
 -75 -136 98 47 29 -79 -33 94 105 -41 70 37 -16 63 98 57 
25 94 -115 -107 -79 34 -18 91 97 200 -23 39 91 -55 -84 43 
 -75 -140 98 51 28 -78 -33 95 102 -41 69 37 -16 66 99 56 
20 102 -115 -103 -77 39 -17 91 98 200 -25 36 91 -56 -85 45 
 -83 -146 92 49 40 -77 -44 95 101 -41 71 38 -16 76 107 58 
22 91 -117 -113 -77 38 -17 94 100 198 -27 32 85 -58 -83 45 
 -78 -150 103 46 47 -79 -44 100 99 -50 73 37 -26 87 109 58 
20 80 -109 -115 -77 37 -22 94 99 200 -25 30 91 -57 -83 47 
 -81 -149 91 45 50 -75 -38 100 97 -59 70 39 -23 88 109 63 
20 79 -117 -131 -75 33 -23 98 99 200 -24 26 91 -56 -89 47 
 -81 -158 92 44 45 -68 -35 105 97 -59 79 40 -25 80 104 74 
23 80 -109 -137 -78 35 -23 103 99 200 -33 31 85 -57 -89 46 
 -84 -161 95 63 47 -62 -35 104 97 -59 78 45 -22 68 104 79 
23 81 -109 -139 -77 29 -31 100 99 209 -33 34 87 -45 -90 45 
 -84 -160 95 58 47 -73 -48 99 97 -61 82 40 -19 67 104 85 
21 81 -109 -139 -77 40 -22 100 89 211 -30 32 84 -45 -88 45 
 -83 -161 95 58 47 -79 -59 99 88 -56 95 41 -19 67 103 85 
23 96 -109 -145 -77 40 -22 101 70 217 -33 24 85 -45 -89 54 
 -84 -161 95 57 47 -79 -59 97 87 -51 100 39 -22 67 104 80 
23 103 -121 -139 -77 40 -22 97 66 217 -25 21 87 -45 -87 54 
 -83 -170 97 59 47 -79 -59 85 84 -51 88 38 -29 67 104 80 
23 102 -121 -149 -77 35 -22 94 65 215 -34 20 82 -46 -89 62 
 -84 -173 97 70 47 -87 -59 82 85 -53 93 39 -18 60 104 75 
23 102 -121 -157 -80 37 -31 102 65 215 -44 20 86 -41 -89 63 
 -78 -173 97 59 41 -91 -61 81 85 -53 94 39 -16 64 104 76 
18 102 -125 -155 -82 37 -35 96 63 215 -49 14 83 -41 -89 60 
 -82 -173 93 57 41 -91 -55 82 96 -53 95 40 -13 69 104 79 
20 103 -119 -160 -82 37 -33 104 64 217 -49 14 82 -30 -94 61 
 -79 -173 88 49 41 -91 -60 84 95 -55 95 40 -13 60 99 78 
21 103 -119 -157 -79 37 -38 103 59 225 -49 9 81 -37 -90 60 
 -77 -176 79 49 38 -91 -57 87 97 -55 95 42 -6 56 96 81 
18 102 -115 -141 -78 37 -43 111 71 227 -36 8 78 -38 -88 57 
 -79 -173 71 53 42 -91 -52 95 84 -54 81 37 -9 54 91 79 
18 96 -105 -140 -77 35 -46 117 68 229 -26 3 77 -33 -82 55 
 -79 -176 75 46 41 -89 -60 96 92 -52 76 36 -15 56 94 79 
18 92 -116 -138 -62 30 -43 99 64 233 -15 3 83 -32 -72 65 
 -79 -179 72 47 49 -85 -55 97 97 -56 76 36 -28 58 97 78 
18 94 -115 -137 -58 31 -55 103 63 240 -20 13 77 -43 -69 61 
 -79 -180 78 47 47 -85 -55 89 96 -59 79 39 -31 45 104 78 
14 98 -115 -138 -62 31 -55 99 60 240 -20 21 83 -41 -69 59 
 -76 -179 78 47 46 -85 -55 97 97 -59 79 35 -33 46 104 83 
14 97 -111 -140 -63 31 -48 100 55 238 -20 21 83 -35 -68 55 
 -80 -188 82 53 45 -85 -52 97 87 -59 79 38 -33 45 105 84 
15 97 -119 -146 -67 25 -53 104 55 238 -20 21 77 -34 -78 63 
 -84 -191 80 49 40 -75 -49 98 87 -59 79 38 -35 49 107 92 
19 97 -125 -150 -79 25 -69 105 57 240 -12 22 75 -44 -77 56 
 -83 -195 69 46 38 -75 -46 98 89 -59 84 27 -39 51 107 96 
19 97 -125 -140 -79 25 -69 98 55 240 -6 23 65 -44 -78 57 
 -83 -195 67 51 38 -75 -45 91 95 -61 80 27 -37 47 107 94 
19 97 -125 -137 -79 30 -69 103 49 236 0 20 60 -44 -81 54 
 -83 -195 67 50 38 -68 -45 96 94 -65 82 19 -39 50 106 92 
23 105 -125 -142 -77 25 -69 89 52 234 6 20 54 -43 -79 59 
 -82 -199 67 56 40 -64 -45 90 88 -63 84 19 -40 45 103 97 
18 111 -125 -142 -79 25 -69 90 57 234 11 26 46 -38 -77 60 
 -79 -207 67 59 38 -62 -45 87 85 -60 77 22 -44 38 96 101 
15 103 -129 -138 -79 25 -68 89 57 238 -1 23 39 -40 -76 63 
 -77 -213 68 47 38 -62 -43 80 85 -59 70 36 -43 39 101 103 
20 116 -123 -135 -81 21 -66 85 52 238 -5 21 31 -39 -69 60 
 -79 -227 69 45 37 -65 -40 78 88 -59 67 40 -45 38 104 99 
21 107 -118 -137 -78 15 -72 85 70 240 -8 22 31 -41 -64 60 
 -80 -230 67 47 38 -53 -44 78 100 -64 68 54 -45 33 107 99 
23 102 -117 -135 -79 17 -74 85 71 254 -9 38 35 -29 -65 61 
 -77 -233 67 47 44 -55 -44 78 101 -61 64 55 -43 27 107 98 
24 106 -118 -131 -71 17 -58 86 71 254 -13 33 35 -37 -69 61 
 -85 -234 67 60 43 -55 -50 81 95 -60 66 52 -37 30 104 98 
12 103 -120 -133 -66 20 -63 84 71 254 -18 35 42 -34 -79 58 
 -81 -233 63 65 41 -63 -55 83 97 -60 67 53 -36 16 98 101 
1 102 -120 -140 -67 23 -63 85 79 258 -18 33 49 -29 -75 64 
 -82 -233 61 65 47 -64 -55 85 97 -59 65 49 -32 4 98 103 
-1 102 -115 -144 -68 17 -63 83 80 258 -20 35 54 -29 -75 60 
 -83 -233 65 68 58 -71 -55 87 99 -59 61 47 -20 4 98 84 
-1 97 -110 -135 -75 17 -63 75 80 263 -20 32 52 -35 -75 56 
 -83 -228 59 65 50 -71 -55 87 99 -53 61 45 -22 -6 98 84 
-1 101 -101 -135 -77 15 -63 76 80 270 -18 31 54 -29 -75 47 
 -83 -237 50 65 46 -73 -55 91 101 -55 67 44 -20 -5 100 92 
-1 96 -85 -128 -78 13 -65 72 80 277 -28 31 57 -29 -71 48 
 -83 -238 51 64 47 -76 -53 85 101 -58 54 44 -15 -5 102 101 
2 96 -83 -131 -71 14 -65 56 70 277 -27 31 57 -29 -80 45 
 -86 -248 49 58 41 -80 -53 79 107 -59 45 44 -15 -5 101 98 
7 100 -82 -133 -66 14 -63 63 77 282 -22 29 44 -29 -80 45 
 -88 -261 50 65 40 -79 -55 77 116 -53 52 39 -20 -5 101 98 
-3 100 -73 -135 -66 8 -62 61 79 283 -19 35 48 -29 -80 45 
 -91 -261 57 65 40 -74 -59 78 117 -53 54 29 -27 -5 101 98 
-3 100 -75 -135 -65 10 -63 61 79 284 -14 43 44 -29 -74 53 
 -95 -261 58 65 40 -77 -51 78 117 -56 51 28 -12 -5 97 94 
0 106 -75 -135 -65 11 -63 61 79 280 -9 38 42 -28 -72 51 
 -103 -260 58 65 36 -76 -51 78 117 -61 56 29 -13 -9 89 95 
-2 99 -75 -140 -70 11 -62 62 83 279 -11 45 43 -25 -74 43 
 -110 -262 58 61 41 -76 -52 76 116 -63 53 27 -13 -9 90 92 
-11 99 -75 -140 -77 7 -61 51 81 279 -9 53 45 -25 -79 37 
 -108 -261 58 61 36 -86 -51 74 118 -63 59 27 -15 -13 80 89 
-4 101 -75 -140 -77 2 -65 51 74 274 -16 54 45 -31 -81 32 
 -102 -262 58 61 36 -91 -41 75 121 -63 56 40 -15 -18 88 102 
2 100 -75 -141 -77 6 -68 51 71 274 -19 58 49 -28 -67 38 
 -96 -261 58 65 36 -96 -43 75 127 -60 58 41 -21 -16 95 99 
-12 97 -83 -145 -79 11 -77 51 75 279 -20 54 41 -29 -62 29 
 -105 -264 65 65 38 -92 -44 75 127 -63 61 40 -26 -16 101 110 
-6 101 -82 -145 -80 18 -71 51 77 279 -20 58 49 -23 -65 31 
 -120 -262 61 66 39 -83 -44 75 129 -63 61 33 -18 -15 104 114 
-4 99 -82 -145 -77 19 -73 51 78 282 -20 57 44 -26 -69 30 
 -122 -265 61 67 36 -83 -41 75 129 -73 61 45 -12 -11 104 112 
-15 101 -82 -145 -77 19 -86 45 91 283 -20 60 42 -43 -69 35 
 -122 -262 61 67 36 -83 -40 84 135 -73 61 39 -13 -15 104 109 
-15 107 -82 -142 -77 19 -81 45 91 282 -11 60 51 -48 -69 29 
 -122 -264 61 64 36 -83 -35 85 135 -73 58 39 -16 -22 97 104 
-15 118 -82 -146 -74 19 -81 45 97 280 -4 54 57 -46 -77 22 
 -122 -261 60 64 34 -83 -36 85 130 -79 62 35 -12 -21 87 107 
-17 118 -76 -145 -78 6 -86 39 103 280 -1 51 57 -41 -85 22 
 -123 -259 73 67 35 -80 -38 86 127 -81 60 35 -11 -21 90 107 
-17 118 -69 -142 -70 8 -93 36 102 280 2 45 57 -41 -87 19 
 -124 -259 75 71 29 -83 -42 82 127 -79 62 38 -11 -26 96 105 
-15 125 -59 -145 -69 5 -87 36 110 280 4 45 57 -41 -89 22 
 -128 -255 78 67 14 -78 -41 94 121 -79 54 38 -10 -28 95 107 
-17 115 -61 -143 -69 6 -89 29 111 274 3 45 58 -41 -87 22 
 -124 -253 76 65 15 -75 -42 90 124 -80 47 38 -13 -23 95 107 
-22 110 -66 -145 -66 5 -94 42 111 271 2 45 56 -41 -82 23 
 -130 -259 80 67 18 -75 -39 85 124 -85 47 38 -10 -23 101 107 
-23 110 -63 -147 -66 5 -89 45 113 271 5 45 55 -41 -82 19 
 -135 -253 89 73 20 -75 -48 81 121 -85 43 38 -13 -23 101 111 
-24 101 -63 -149 -60 5 -83 44 117 268 1 45 54 -40 -82 22 
 -136 -250 86 75 19 -72 -51 84 125 -100 38 38 -13 -19 101 107 
-27 94 -63 -149 -64 15 -86 40 117 266 1 43 55 -40 -82 22 
 -137 -247 85 75 18 -86 -39 79 129 -92 38 36 -13 -19 101 107 
-18 102 -56 -151 -60 11 -86 40 117 268 1 47 55 -45 -81 25 
 -133 -241 82 82 25 -81 -40 79 125 -96 38 37 -13 -20 105 98 
-18 107 -52 -149 -57 17 -86 40 109 265 -2 57 55 -42 -76 25 
 -133 -243 85 84 36 -75 -40 79 119 -95 32 41 -13 -19 97 98 
-18 111 -41 -152 -57 17 -86 40 112 265 -3 58 52 -39 -77 25 
 -133 -245 97 81 36 -75 -38 79 130 -95 29 41 -8 -22 107 98 
-13 109 -41 -163 -56 8 -85 40 103 265 -3 63 51 -35 -73 25 
 -133 -245 97 85 36 -75 -33 81 141 -95 29 39 -16 -21 118 98 
-17 119 -36 -163 -60 8 -85 40 99 276 -2 67 57 -26 -75 23 
 -124 -250 93 85 41 -72 -33 79 146 -90 44 43 -11 -20 125 98 
-17 108 -37 -168 -62 12 -88 40 102 274 -9 75 60 -28 -75 25 
 -124 -248 94 87 41 -66 -30 79 147 -80 55 47 -13 -24 125 98 
-23 105 -40 -166 -62 8 -91 31 105 274 -9 75 58 -34 -77 25 
 -122 -248 99 77 41 -64 -36 78 145 -80 55 47 -6 -13 121 98 
-35 101 -40 -167 -58 18 -97 44 111 274 -9 78 57 -25 -80 31 
 -131 -242 99 71 41 -59 -44 71 138 -80 55 46 -11 -5 121 109 
-27 101 -52 -170 -57 14 -91 37 115 274 -4 81 58 -29 -80 35 
 -139 -242 83 78 36 -61 -49 74 146 -80 52 53 -10 4 121 107 
-26 101 -56 -178 -57 15 -89 35 114 278 -9 79 63 -30 -82 39 
 -130 -242 84 67 36 -53 -51 72 146 -79 55 57 -13 0 125 108 
-35 101 -64 -178 -67 17 -89 35 120 278 -2 79 63 -23 -80 31 
 -127 -242 87 67 28 -55 -46 67 139 -79 62 57 -13 9 121 115 
-39 96 -56 -177 -70 17 -85 31 119 278 -9 73 65 -20 -70 31 
 -122 -236 82 67 28 -55 -43 70 137 -79 64 50 -15 13 130 115 
-40 97 -58 -177 -75 17 -84 23 119 278 -9 74 65 -23 -73 31 
 -119 -241 72 67 38 -55 -45 76 137 -79 64 60 -15 4 139 115 
-40 98 -56 -178 -75 20 -87 21 119 265 -8 60 71 -15 -65 31 
 -119 -239 71 67 38 -55 -46 78 137 -74 48 59 -16 5 127 115 
-40 94 -55 -177 -77 21 -88 19 124 271 -10 60 71 -15 -66 34 
 -119 -238 78 67 36 -69 -52 77 129 -65 42 59 -16 5 127 123 
-41 94 -55 -177 -77 26 -83 19 121 268 -9 60 68 -14 -79 42 
 -122 -240 78 67 38 -66 -51 77 138 -64 44 59 -25 10 120 127 
-40 94 -55 -174 -74 23 -83 17 121 272 -1 56 61 -22 -81 42 
 -121 -242 78 53 31 -64 -51 78 138 -59 37 54 -28 21 121 127 
-40 86 -53 -190 -68 22 -84 21 121 275 -1 63 48 -22 -80 43 
 -121 -237 82 49 30 -63 -54 81 138 -60 37 56 -18 21 121 127 
-40 85 -49 -175 -70 21 -85 25 118 277 -1 63 38 -26 -80 36 
 -121 -235 95 42 28 -62 -53 78 135 -55 37 56 -19 20 121 125 
-40 81 -55 -186 -65 21 -92 25 121 277 -1 63 40 -16 -80 38 
 -121 -232 84 40 27 -62 -48 78 137 -55 37 56 -19 24 117 121 
-39 82 -49 -186 -65 20 -90 29 121 277 -5 63 35 -23 -69 37 
 -114 -233 75 40 27 -61 -47 77 138 -55 31 56 -28 29 116 117 
-43 80 -49 -186 -65 23 -94 29 121 277 -11 63 31 -23 -75 46 
 -120 -236 75 40 27 -59 -41 83 138 -55 31 56 -22 29 118 113 
-41 85 -47 -186 -76 21 -93 20 131 275 -1 63 22 -26 -75 30 
 -123 -235 72 40 22 -62 -41 83 135 -53 30 56 -20 28 118 118 
-41 78 -46 -190 -77 21 -89 20 131 277 -2 63 29 -18 -75 30 
 -123 -239 80 37 15 -60 -36 81 135 -51 30 56 -23 29 118 120 
-40 77 -46 -182 -79 26 -92 16 131 270 -3 63 32 -30 -80 31 
 -121 -241 80 41 18 -57 -37 81 135 -46 29 56 -16 33 121 128 
-26 82 -43 -182 -82 17 -95 5 131 267 3 59 31 -40 -80 33 
 -120 -243 85 42 21 -61 -35 87 135 -37 27 57 -16 39 121 135 
-23 81 -45 -189 -82 5 -96 2 131 275 -3 60 45 -44 -80 34 
 -107 -250 86 44 20 -62 -30 87 135 -33 26 59 -15 31 121 140 
-23 84 -37 -189 -71 -3 -99 2 131 275 -9 63 45 -43 -81 30 
 -111 -248 87 44 30 -54 -30 87 135 -33 23 56 -15 32 117 139 
-36 86 -43 -189 -71 -6 -97 9 122 278 -17 60 45 -34 -85 25 
 -112 -240 85 44 22 -60 -24 86 128 -39 27 59 -15 26 111 138 
-38 83 -43 -192 -74 -9 -100 2 125 279 -12 60 38 -29 -86 25 
 -113 -242 85 31 31 -65 -19 89 125 -43 22 59 -17 24 108 138 
-37 79 -42 -188 -68 -6 -95 -4 125 269 -8 60 37 -42 -85 23 
 -113 -250 81 26 32 -60 -15 84 118 -49 25 59 -15 22 107 136 
-38 83 -42 -189 -68 -6 -95 -5 125 275 -9 60 37 -41 -85 23 
 -113 -251 81 15 33 -60 -15 87 118 -50 24 61 -15 17 105 136 
-37 86 -47 -189 -59 -7 -90 -5 117 278 -22 60 37 -40 -82 23 
 -113 -248 84 15 34 -60 -10 87 118 -56 21 61 -15 19 102 136 
-32 80 -38 -195 -59 -12 -89 -5 119 271 -22 60 37 -40 -86 24 
 -113 -243 88 25 35 -60 -5 87 117 -56 21 61 -15 19 100 133 
-22 81 -37 -192 -62 -16 -95 -5 119 267 -25 65 40 -40 -87 21 
 -106 -242 87 30 41 -55 5 87 117 -55 15 67 -20 19 101 122 
-11 83 -38 -188 -62 -20 -95 -5 113 271 -23 65 34 -41 -85 23 
 -112 -244 87 25 41 -59 5 87 118 -56 9 58 -17 17 99 127 
-7 84 -36 -189 -62 -20 -95 -5 112 267 -20 65 37 -46 -80 28 
 -107 -244 81 24 41 -59 5 87 121 -53 3 58 -15 16 99 126 
-4 93 -25 -189 -53 -19 -97 -5 120 262 -22 65 25 -51 -79 34 
 -105 -243 78 24 40 -60 7 87 119 -50 1 58 -13 19 98 127 
-4 91 -24 -189 -39 -20 -89 -3 120 262 -23 65 18 -54 -79 35 
 -107 -245 76 24 39 -61 2 89 117 -53 5 58 -19 15 98 127 
-19 99 -23 -196 -26 -20 -86 1 120 261 -21 63 18 -57 -86 34 
 -106 -241 80 25 38 -59 3 98 118 -52 2 60 -19 27 87 120 
-17 95 -23 -192 -29 -20 -88 1 119 260 -29 64 18 -57 -85 34 
 -104 -239 69 26 44 -59 9 98 117 -58 2 64 -19 27 87 122 
-17 89 -23 -195 -27 -14 -93 0 119 259 -27 54 21 -63 -95 30 
 -104 -235 69 25 43 -63 14 99 117 -58 -1 60 -22 25 80 112 
-17 82 -25 -195 -35 -12 -89 0 109 253 -30 54 25 -63 -89 29 
 -104 -233 70 25 39 -74 15 97 124 -54 8 60 -22 25 84 113 
-15 82 -31 -200 -28 -22 -89 1 103 240 -43 47 25 -59 -89 16 
 -109 -233 67 21 36 -79 15 98 120 -61 5 69 -22 19 84 108 
-8 82 -29 -195 -23 -22 -85 3 102 240 -46 42 25 -50 -96 5 
 -101 -233 64 25 33 -79 7 96 123 -61 0 54 -22 21 79 112 
-9 83 -32 -195 -19 -18 -85 3 111 236 -47 47 25 -43 -105 -12 
 -99 -233 61 20 32 -73 7 96 124 -58 -7 54 -22 16 77 105 
-2 82 -24 -190 -24 -20 -83 3 114 231 -49 40 30 -42 -103 -5 
 -89 -233 67 16 35 -71 5 96 120 -67 -5 57 -22 21 76 107 
-5 82 -29 -198 -23 -14 -83 1 118 231 -39 38 31 -43 -101 -5 
 -90 -233 64 25 29 -70 5 98 113 -70 -8 50 -25 26 77 107 
-5 82 -28 -186 -23 -18 -75 -1 116 233 -37 47 31 -40 -102 -5 
 -94 -233 65 28 29 -76 -2 98 112 -67 -13 53 -25 39 70 107 
-5 82 -32 -189 -23 -9 -75 -6 127 239 -33 51 31 -40 -110 3 
 -93 -234 68 35 29 -76 -2 100 122 -63 -12 47 -28 39 69 109 
-9 80 -37 -185 -26 -9 -79 -7 137 239 -31 59 31 -40 -117 7 
 -93 -239 72 39 40 -76 -2 100 125 -63 -9 40 -24 39 67 111 
-19 85 -40 -187 -26 -9 -79 -10 137 239 -29 55 29 -40 -117 7 
 -85 -239 89 47 40 -76 -2 112 125 -63 -5 47 -22 39 67 101 
-23 85 -35 -185 -28 -6 -80 -3 135 241 -31 53 25 -42 -115 18 
 -91 -249 78 64 35 -80 -1 117 127 -62 -5 48 -32 41 65 95 
-26 94 -36 -183 -21 -6 -80 -12 135 241 -29 56 31 -42 -112 19 
 -81 -247 78 65 36 -80 -1 117 127 -62 -16 50 -25 41 62 97 
-18 95 -40 -180 -33 -4 -76 -6 125 247 -29 57 30 -42 -108 19 
 -87 -253 79 61 29 -81 -1 120 120 -60 -16 47 -27 41 58 101 
-17 89 -40 -176 -35 -2 -70 -6 120 241 -32 57 31 -35 -120 8 
 -84 -247 79 56 38 -79 1 121 121 -62 -17 49 -25 45 54 88 
-17 88 -44 -174 -42 0 -66 -1 122 241 -36 57 31 -35 -116 3 
 -84 -250 90 55 41 -84 3 117 124 -62 -6 49 -25 53 52 87 
-24 91 -46 -172 -40 1 -70 -1 123 238 -35 55 35 -23 -111 3 
 -82 -245 80 47 41 -82 -7 117 127 -59 -2 47 -31 49 41 89 
-20 95 -46 -175 -40 1 -64 3 122 238 -35 55 31 -23 -106 3 
 -81 -256 80 45 41 -82 -1 116 127 -60 -2 47 -25 49 41 87 
-20 95 -47 -175 -42 -6 -76 3 125 239 -33 57 26 -23 -109 5 
 -81 -253 74 43 41 -80 -6 116 122 -63 -3 45 -16 49 44 92 
-22 102 -37 -169 -44 -3 -83 3 125 239 -35 53 34 -25 -109 3 
 -90 -256 75 35 40 -71 -7 116 125 -63 -2 43 -20 47 44 87 
-28 106 -42 -169 -43 -3 -89 3 121 239 -39 54 34 -21 -109 2 
 -82 -268 81 44 45 -71 -5 116 127 -64 -2 38 -20 63 46 87 
-27 100 -40 -171 -48 -7 -78 5 117 239 -46 41 34 -29 -115 3 
 -70 -269 81 40 52 -72 -5 118 129 -63 0 38 -23 52 45 87 
-26 102 -40 -162 -49 -18 -78 5 117 227 -46 40 39 -21 -115 3 
 -71 -273 81 41 55 -68 -7 118 129 -63 0 39 -32 57 45 87 
-15 101 -43 -172 -49 -13 -83 10 118 223 -45 40 35 -26 -109 5 
 -71 -270 85 41 55 -64 -11 111 139 -64 1 39 -33 60 57 85 
-27 98 -47 -172 -49 -17 -83 5 109 225 -44 40 35 -32 -101 3 
 -68 -268 81 40 55 -64 -11 107 141 -66 -12 39 -33 54 57 87 
-28 87 -46 -167 -49 -17 -83 3 111 226 -38 40 35 -27 -95 -3 
 -69 -271 80 26 55 -64 -11 107 144 -61 -13 43 -33 51 58 85 
-40 83 -47 -168 -45 -17 -83 6 112 221 -43 42 37 -29 -95 -6 
 -84 -273 80 22 47 -64 -11 98 136 -62 -9 47 -35 44 58 92 
-42 83 -62 -177 -45 -21 -83 14 117 229 -49 42 38 -35 -95 -3 
 -84 -273 86 16 47 -71 -11 100 140 -63 -5 47 -39 45 58 85 
-41 83 -63 -174 -44 -24 -83 14 118 228 -49 42 36 -35 -95 -9 
 -79 -273 85 15 46 -71 -11 100 144 -62 -5 49 -35 45 58 84 
-40 82 -70 -177 -50 -33 -83 14 121 228 -49 45 41 -35 -93 -9 
 -74 -273 78 16 44 -68 -11 103 138 -63 -6 38 -35 45 60 84 
-38 83 -83 -175 -54 -27 -79 18 122 228 -49 49 37 -51 -92 -9 
 -71 -268 85 18 39 -66 -18 101 141 -60 -5 45 -31 53 69 84 
-38 74 -85 -175 -52 -26 -80 13 120 221 -52 43 37 -51 -93 -2 
 -73 -279 87 18 43 -60 -21 100 141 -65 0 47 -31 59 66 89 
-37 68 -85 -175 -56 -34 -80 8 121 230 -50 42 37 -50 -92 -6 
 -64 -281 87 18 48 -60 -21 98 138 -69 10 48 -32 69 70 100 
-30 65 -85 -178 -51 -36 -80 5 125 239 -55 37 32 -49 -89 -6 
 -60 -275 87 11 41 -61 -21 101 136 -63 18 49 -26 64 75 98 
-26 70 -85 -178 -62 -35 -80 8 131 239 -54 33 34 -49 -103 -4 
 -60 -280 87 7 48 -62 -21 108 135 -63 20 52 -25 64 65 95 
-28 71 -85 -179 -63 -31 -80 0 131 235 -48 23 22 -43 -103 -6 
 -62 -276 87 5 49 -63 -21 101 135 -65 19 56 -13 68 65 100 
-32 71 -92 -182 -61 -29 -82 0 131 226 -48 35 22 -45 -97 -6 
 -75 -276 96 13 53 -70 -24 101 135 -58 18 55 -13 67 76 100 
-31 71 -89 -181 -63 -27 -82 1 126 225 -53 38 20 -45 -90 -6 
 -64 -276 95 17 45 -60 -19 96 138 -55 19 55 -9 73 76 100 
-33 71 -94 -185 -63 -25 -82 5 123 226 -47 39 21 -48 -89 -8 
 -68 -276 87 20 45 -53 -19 98 136 -52 26 58 -10 69 75 101 
-32 66 -93 -188 -62 -25 -85 5 123 228 -39 37 17 -54 -89 -18 
 -55 -280 91 18 41 -53 -19 98 136 -54 18 69 -18 58 75 108 
-29 60 -95 -186 -62 -25 -86 6 131 223 -39 37 31 -60 -88 -18 
 -56 -279 85 10 41 -53 -20 96 132 -53 18 65 -12 59 73 107 
-29 67 -95 -191 -62 -31 -84 5 135 223 -39 34 26 -60 -99 -18 
 -56 -290 85 17 41 -55 -19 98 127 -56 23 66 -29 59 78 105 
-29 69 -95 -197 -62 -20 -83 5 138 220 -46 17 22 -60 -101 -12 
 -56 -289 85 16 41 -58 -15 98 129 -59 20 73 -33 59 77 101 
-29 71 -94 -197 -66 -28 -80 5 143 219 -46 18 23 -60 -98 -25 
 -50 -296 91 16 39 -54 -17 98 127 -57 20 81 -36 59 80 91 
-28 71 -95 -197 -75 -26 -82 14 138 216 -46 20 25 -60 -99 -31 
 -65 -297 85 16 38 -47 -16 96 129 -51 15 81 -30 59 78 96 
-21 75 -95 -196 -75 -23 -90 22 137 216 -33 18 23 -60 -94 -29 
 -63 -293 85 8 38 -55 -16 87 129 -47 14 81 -33 59 78 95 
-13 71 -95 -188 -75 -23 -88 22 137 223 -29 20 23 -59 -97 -30 
 -59 -293 85 14 38 -55 -20 87 129 -46 15 79 -33 58 86 103 
-3 57 -95 -179 -75 -13 -84 18 154 231 -29 20 23 -65 -100 -33 
 -60 -295 85 13 38 -61 -23 86 120 -36 16 79 -33 62 81 102 
-1 57 -85 -175 -75 -22 -82 7 150 233 -31 20 22 -55 -96 -39 
 -63 -295 87 1 45 -61 -19 91 120 -39 14 79 -36 58 90 98 
-1 51 -85 -179 -75 -13 -82 11 142 232 -32 20 20 -46 -98 -41 
 -63 -296 87 -2 45 -65 -19 86 122 -40 -1 79 -38 60 87 95 
-1 51 -83 -179 -75 -16 -85 15 144 231 -34 10 20 -46 -98 -30 
 -63 -296 89 -2 45 -65 -16 87 129 -42 0 80 -39 60 87 84 
-1 47 -88 -177 -71 -15 -82 8 137 229 -35 11 19 -53 -94 -29 
 -61 -293 86 -4 49 -75 -7 86 129 -67 3 75 -43 68 87 84 
-8 45 -83 -179 -72 -14 -71 11 134 223 -32 8 20 -52 -87 -29 
 -69 -295 88 -5 47 -70 -11 85 123 -75 -3 70 -41 74 99 84 
-9 45 -80 -177 -65 -9 -75 17 138 221 -35 7 20 -48 -85 -32 
 -61 -295 81 -4 53 -76 -20 85 112 -82 -2 68 -41 71 107 89 
-6 45 -80 -177 -66 -6 -76 6 137 221 -45 17 18 -38 -80 -38 
 -60 -295 79 -4 44 -66 -31 83 109 -82 7 65 -46 65 101 87 
-9 52 -81 -177 -69 -7 -79 5 140 219 -45 15 25 -29 -80 -37 
 -58 -297 77 -4 55 -59 -29 86 119 -85 7 62 -44 64 101 87 
-8 53 -81 -166 -69 -12 -80 5 140 217 -45 11 22 -29 -80 -37 
 -54 -294 77 2 55 -53 -32 84 119 -88 7 66 -33 64 101 87 
-3 66 -81 -174 -72 -9 -75 5 140 217 -45 1 22 -31 -80 -37 
 -55 -296 78 2 54 -56 -35 80 113 -91 7 78 -42 67 101 87 
-3 65 -83 -167 -69 -2 -75 1 139 217 -39 1 14 -32 -80 -37 
 -55 -302 77 -1 44 -59 -35 88 117 -96 1 78 -40 75 101 87 
-3 63 -76 -172 -70 2 -78 12 139 225 -40 1 14 -35 -80 -37 
 -55 -304 70 0 40 -58 -33 90 117 -102 -1 78 -40 57 100 87 
0 61 -66 -173 -79 5 -89 5 139 225 -43 7 10 -35 -80 -34 
 -61 -307 57 -3 38 -62 -36 85 117 -108 -6 74 -42 54 101 79 
-2 55 -77 -179 -78 5 -89 7 139 228 -45 12 20 -29 -75 -44 
 -59 -307 56 -1 38 -62 -36 85 117 -114 -13 72 -41 55 96 84 
-2 61 -77 -179 -85 5 -91 4 145 229 -41 16 20 -28 -69 -50 
 -60 -304 56 -2 33 -62 -23 83 125 -121 -11 53 -41 55 92 84 
3 58 -77 -179 -89 3 -95 3 147 220 -38 15 20 -22 -72 -50 
 -73 -308 56 -2 35 -60 -22 90 132 -128 -13 47 -41 61 88 83 
2 62 -87 -175 -91 14 -95 0 147 229 -30 7 23 -28 -63 -45 
 -73 -306 58 7 35 -60 -22 99 128 -128 -17 64 -44 57 89 87 
-9 80 -80 -177 -92 14 -99 1 149 231 -35 5 21 -25 -61 -43 
 -76 -316 59 7 44 -58 -22 102 128 -125 -15 71 -49 67 90 87 
-12 81 -80 -183 -95 17 -99 3 141 231 -35 5 24 -35 -59 -32 
 -82 -316 59 9 40 -55 -22 96 125 -125 -15 78 -49 75 79 94 
-2 84 -80 -175 -97 17 -93 -2 145 231 -31 1 15 -37 -58 -33 
 -79 -313 59 15 36 -55 -30 91 120 -125 -14 78 -58 73 67 102 
-1 97 -79 -175 -101 20 -73 -4 155 231 -31 1 15 -37 -58 -30 
 -78 -311 58 5 37 -59 -26 94 115 -125 -9 87 -53 67 67 100 
-2 105 -80 -181 -101 20 -82 -13 162 234 -29 -3 16 -38 -57 -32 
 -77 -315 59 10 37 -59 -19 88 116 -120 -5 85 -55 67 67 112 
3 100 -86 -189 -97 20 -87 -21 163 234 -35 -3 21 -45 -58 -41 
 -73 -307 58 10 43 -61 -18 93 116 -120 -2 85 -59 67 67 114 
3 88 -95 -183 -101 20 -94 -14 160 234 -35 -3 27 -54 -58 -37 
 -73 -309 65 3 37 -61 -19 91 123 -120 -2 85 -48 68 67 116 
5 87 -95 -189 -107 21 -98 -23 158 234 -35 -3 31 -51 -58 -40 
 -75 -315 54 9 30 -53 -15 89 121 -120 -2 85 -48 67 67 121 
6 86 -92 -201 -117 18 -96 -17 165 233 -35 -3 27 -40 -59 -40 
 -77 -314 47 17 36 -59 -21 83 124 -121 -2 85 -36 59 69 121 
11 91 -86 -205 -117 23 -96 -10 168 224 -44 -5 17 -42 -64 -39 
 -80 -316 40 17 36 -62 -39 82 117 -123 0 87 -35 61 67 118 
11 91 -90 -206 -118 25 -102 -1 172 227 -45 -9 17 -43 -65 -40 
 -85 -316 40 20 42 -62 -40 73 112 -120 9 89 -35 69 67 122 
3 93 -85 -200 -117 25 -98 3 177 219 -53 -2 17 -41 -69 -40 
 -93 -309 47 22 44 -55 -33 76 117 -123 8 81 -35 65 64 121 
3 95 -85 -189 -110 25 -98 3 174 214 -60 0 17 -43 -69 -40 
 -93 -313 46 35 40 -55 -33 76 112 -119 12 79 -35 69 64 121 
3 95 -89 -186 -117 25 -98 1 175 211 -54 0 17 -38 -73 -42 
 -92 -313 46 37 47 -55 -33 78 130 -116 9 81 -35 69 69 121 
-6 95 -95 -186 -117 24 -98 -4 177 201 -63 0 20 -44 -81 -40 
 -87 -313 45 40 50 -55 -33 85 129 -122 8 81 -35 74 77 119 
-5 97 -95 -186 -121 23 -96 -3 165 202 -64 0 20 -43 -88 -40 
 -93 -311 45 40 54 -53 -33 78 126 -123 -4 81 -40 65 74 119 
-5 94 -99 -184 -121 19 -99 3 165 198 -69 0 30 -43 -82 -40 
 -93 -306 51 38 57 -52 -22 87 125 -119 -5 81 -43 65 72 119 
-5 86 -95 -182 -121 17 -99 -3 167 201 -69 0 25 -43 -85 -40 
 -93 -300 58 34 57 -58 -22 89 131 -105 -8 81 -49 65 82 119 
-5 85 -95 -194 -121 15 -96 -3 171 203 -58 0 38 -43 -82 -40 
 -93 -295 58 42 44 -54 -16 89 124 -104 -8 81 -57 65 81 119 
-5 85 -86 -189 -126 17 -94 -6 160 203 -55 0 45 -43 -82 -40 
 -93 -295 40 35 55 -45 -22 78 130 -104 -2 81 -44 65 81 119 
-9 82 -89 -189 -119 15 -94 -10 155 203 -61 0 34 -43 -82 -35 
 -96 -293 40 35 58 -49 -24 78 133 -104 -3 81 -40 65 81 118 
