Coverage:2514 6 11 19 9 17 3 6 2 15 2 13 9 1 20 6 1 11 2 3 12 14 12 16 4 19 11 12 12 10 7 2 14 16 9 15 8 14 6 3 0 13 17 8 12 13 18 5 6 15 12 3 8 17 0 4 12 18 8 16 14 5 15 8 9 12 4 3 13 16 10 3 3 5 15 5 7 2 15 19 11 0 19 9 11 10 6 2 5 12 19 11 4 5 1 8 6 10 8 7 
 17 8 10 18 13 7 17 13 19 9 12 8 18 10 3 12 13 5 4 19 -1 18 9 8 1 17 0 16 1 3 2 6 8 11 14 3 7 0 6 8 15 9 10 15 6 15 2 9 9 12 7 14 5 6 16 10 2 7 18 6 14 10 17 1 7 18 7 10 7 19 13 3 1 13 19 14 7 7 7 2 11 8 12 6 16 14 0 3 6 13 13 17 19 11 17 0 19 19 19 12 
9 4 8 20 12 15 4 5 3 13 3 12 9 1 22 4 1 11 2 7 8 16 16 16 2 18 6 12 11 7 8 0 18 10 12 12 9 15 7 5 -2 12 19 9 5 19 18 9 7 14 14 6 7 17 -1 4 10 19 6 14 10 2 13 3 12 15 5 -1 13 16 11 6 7 7 12 1 6 3 16 18 12 0 15 14 12 11 3 1 5 9 17 13 6 4 2 3 4 8 10 9 
 23 7 11 19 13 4 20 12 19 5 14 10 17 11 3 17 15 4 4 21 0 17 11 8 7 19 1 14 2 3 3 3 12 11 16 2 4 -2 0 10 13 9 12 14 5 18 0 5 12 14 0 9 5 5 16 10 3 8 12 1 15 10 14 5 7 17 4 9 4 21 13 2 2 13 21 13 4 7 6 2 11 7 7 6 18 17 -2 4 3 18 12 21 20 11 12 2 19 19 19 13 
10 -1 5 20 10 18 0 5 6 10 4 12 11 -1 23 5 2 8 5 3 6 16 16 16 2 17 6 11 9 5 7 2 21 12 15 12 7 15 4 4 -1 14 22 12 4 19 17 7 3 15 16 6 8 17 4 9 14 18 9 12 9 1 13 0 14 10 9 1 13 17 12 4 9 12 8 2 4 4 13 16 12 -3 19 14 15 10 6 0 7 5 18 18 6 6 2 3 5 7 12 8 
 22 8 10 20 11 3 22 14 22 6 11 9 17 11 7 17 15 7 5 19 -1 17 11 6 8 18 3 14 -2 6 2 -1 17 11 16 1 5 -2 1 7 12 12 9 17 8 19 2 7 14 12 1 14 4 5 16 7 1 7 4 2 13 11 15 3 5 14 9 13 4 16 16 -1 -3 7 23 13 6 10 5 3 10 4 6 6 19 18 -3 6 4 19 10 20 20 8 12 5 21 18 19 11 
4 0 5 18 10 21 2 9 8 8 4 12 12 1 22 5 1 11 4 0 7 19 18 16 9 17 2 8 12 -1 7 2 18 11 15 11 9 11 2 3 -3 12 22 12 2 11 20 7 5 14 16 8 9 17 5 7 18 15 7 11 11 0 18 1 17 11 4 2 13 17 14 2 6 8 8 -2 7 0 14 13 9 3 19 14 19 9 4 1 6 3 16 21 5 4 3 5 7 10 15 10 
 24 6 9 22 11 4 23 13 23 7 10 9 19 14 6 17 13 5 9 19 2 18 10 8 4 18 7 16 -2 10 -2 -1 15 11 20 4 8 -2 4 7 12 11 12 17 16 17 3 7 14 12 1 15 3 9 13 13 -1 3 5 2 15 11 20 0 1 14 6 13 0 16 14 2 0 6 24 14 4 13 4 -2 9 5 12 6 21 17 -4 10 4 13 11 17 24 11 11 -1 17 23 19 14 
1 -1 4 15 11 19 0 7 9 8 5 12 12 1 24 10 4 8 7 -1 6 17 22 16 7 20 6 8 9 -5 9 5 17 16 14 8 10 11 -1 4 -4 12 26 13 1 11 16 8 5 14 15 5 10 20 4 7 16 15 7 11 10 1 16 3 18 10 2 7 18 16 14 7 4 5 12 -3 5 1 13 13 12 3 20 17 19 8 4 -8 10 8 11 20 3 4 -1 5 6 14 12 1 
 19 8 6 26 11 3 23 16 23 7 9 9 17 14 -1 22 12 10 11 19 4 18 15 6 2 16 9 15 -2 11 -3 -3 12 7 20 5 10 -3 6 7 15 15 12 15 13 15 8 3 13 11 0 12 3 8 11 13 -1 3 7 1 16 11 21 -1 2 14 7 14 0 17 14 -2 2 3 18 16 4 16 4 -6 7 2 13 5 21 20 -3 11 -2 11 14 19 25 10 10 -6 13 26 16 15 
0 -1 0 14 11 16 8 5 2 8 1 12 14 -3 23 12 0 6 8 -3 4 19 22 20 9 19 7 8 9 -4 9 7 17 16 16 10 7 14 0 4 -5 11 26 10 1 9 17 10 2 21 15 9 9 19 -4 4 15 13 7 10 7 -5 15 7 18 11 9 5 18 19 15 7 6 3 13 -3 4 -1 9 13 16 0 23 14 18 10 4 -8 11 10 14 19 8 3 2 6 4 12 7 -4 
 19 7 10 25 11 4 24 22 31 7 11 10 19 19 -1 21 13 9 11 18 0 17 15 5 3 15 11 15 -1 13 -3 -2 12 8 21 3 12 -6 7 10 11 14 13 15 14 14 5 7 13 13 -2 13 5 8 11 15 2 1 7 -1 13 6 20 1 2 17 12 12 -1 18 13 6 0 2 15 16 7 12 4 -6 7 3 14 1 21 18 -4 12 -2 14 11 19 23 7 10 -8 14 26 22 15 
-3 0 0 12 14 16 7 2 1 9 -5 12 12 -10 23 11 0 2 14 -4 3 19 21 17 6 18 9 8 7 -4 8 7 17 14 16 8 8 15 -1 4 -5 13 23 12 -1 11 17 9 1 18 18 11 15 22 -7 4 12 21 9 8 8 -1 16 7 16 15 9 7 19 18 14 5 3 7 18 -3 2 -1 13 14 16 -1 22 11 20 11 4 -10 13 14 12 18 7 3 6 5 6 12 4 -3 
 18 5 11 26 4 6 27 23 33 5 9 9 18 19 2 18 13 9 9 17 -1 11 15 5 4 18 17 15 0 11 -1 2 10 6 21 0 10 -7 6 10 12 15 9 17 12 16 4 7 11 12 2 14 3 10 12 20 1 -6 9 1 11 8 27 -2 4 20 12 14 -4 19 10 5 7 11 20 16 7 10 5 -5 8 1 12 1 23 17 -4 9 1 14 11 13 25 5 0 -8 10 27 21 12 
-2 2 0 15 11 14 8 2 -4 9 -8 10 11 -11 24 16 -2 1 17 -4 3 20 23 18 8 21 4 7 7 -2 4 9 16 14 13 8 4 14 -3 6 -4 10 23 13 -6 12 13 7 -1 19 15 10 21 24 -7 8 11 21 12 10 10 0 16 3 14 16 7 5 17 20 12 5 0 12 17 -2 4 1 13 13 16 0 19 12 19 7 5 -13 10 11 12 20 6 7 9 4 3 13 6 -1 
 20 7 10 27 5 1 27 23 33 7 9 7 14 17 1 18 19 11 14 17 -2 6 11 2 0 17 22 14 -2 10 0 3 11 7 21 3 11 -6 5 12 15 18 7 20 12 12 5 4 9 18 0 15 2 10 14 19 1 -6 5 -1 11 5 26 2 6 21 12 14 -8 21 10 12 8 13 22 18 7 10 4 -5 8 3 13 1 28 13 -3 7 2 15 11 13 24 5 -2 -4 5 26 21 10 
-2 2 -3 12 7 13 7 2 -4 12 -8 17 10 -15 26 17 3 0 15 -2 3 20 21 16 13 17 9 7 6 -4 4 10 20 16 14 3 4 11 -3 6 -6 10 26 16 -6 17 14 8 1 23 20 9 23 25 -10 10 7 23 12 7 10 0 17 5 18 17 12 4 18 20 13 0 -3 19 16 -4 3 0 14 14 16 -2 16 14 19 7 4 -13 11 18 11 21 7 9 11 8 -1 10 2 -1 
 20 7 12 29 3 -4 25 26 27 7 11 6 14 17 1 18 18 11 9 19 -1 6 17 1 1 17 23 15 -3 11 -1 7 7 8 21 3 11 -5 5 12 17 18 9 17 12 13 6 3 13 22 -1 13 5 6 15 19 6 -6 1 0 10 5 24 1 10 22 10 17 -7 23 14 13 7 16 25 24 7 10 4 -6 6 2 10 -1 30 16 0 7 2 17 14 14 21 6 -3 -5 1 23 25 7 
-4 4 1 16 9 13 5 5 -7 13 -8 16 9 -16 27 20 5 1 15 -1 3 20 20 18 14 17 6 7 9 -8 6 13 24 16 12 3 5 10 -1 -4 -4 7 26 16 -6 15 14 7 -1 20 18 4 18 24 -10 10 10 23 13 6 9 -2 17 7 21 16 16 4 18 19 10 2 0 21 16 -6 2 -7 15 14 14 -3 13 14 19 4 4 -13 11 19 18 17 7 11 11 8 -1 10 0 -4 
 20 4 14 28 6 1 27 26 30 5 11 11 13 20 -2 19 17 13 7 18 -1 7 17 0 0 16 29 13 -6 9 -3 4 10 7 21 2 14 -5 8 10 19 19 12 17 11 16 4 6 9 20 -1 9 3 6 18 19 3 -13 -2 4 12 7 25 2 11 21 14 17 -3 27 14 15 6 17 23 23 7 11 3 -6 6 1 9 1 35 16 -1 7 1 19 14 12 24 5 -3 -5 1 22 23 13 
-5 3 1 14 8 9 5 4 -10 12 -16 15 7 -14 26 21 5 1 17 -3 3 17 20 19 12 17 4 10 11 -6 8 14 25 16 8 2 4 12 -1 -1 -9 4 25 16 0 20 16 7 0 20 19 9 17 23 -9 3 9 22 14 7 13 -6 16 6 18 16 18 4 14 19 11 -6 -3 20 16 -5 0 -8 13 12 12 -2 15 9 20 4 6 -11 12 21 21 17 7 11 9 9 -1 13 0 -6 
 16 5 14 29 7 4 23 21 29 6 8 12 15 24 -3 15 17 11 5 18 -1 14 25 -1 -1 16 27 11 -10 10 -5 6 11 7 25 4 10 -2 6 12 21 20 12 17 10 17 3 7 9 19 -2 11 4 7 17 23 3 -17 -2 2 15 -1 21 1 14 24 11 16 1 28 14 11 7 13 28 18 6 13 1 -11 7 2 11 -3 36 11 0 7 1 17 13 12 25 6 -7 0 1 18 22 14 
1 2 -2 17 9 5 5 4 -8 10 -16 13 4 -13 28 22 8 3 16 -2 3 20 17 17 9 17 2 12 10 -4 5 12 21 13 7 3 5 15 -4 -1 -9 9 27 13 6 21 16 8 -4 20 19 5 16 22 -10 4 8 23 12 4 15 -3 10 7 14 16 15 5 15 20 6 -6 -1 18 19 -6 -6 -14 11 7 12 -3 9 3 12 4 10 -9 12 22 19 20 7 10 11 6 0 11 0 -7 
 17 4 18 32 3 13 22 20 31 6 10 14 12 22 -1 15 15 8 4 20 5 11 25 -1 -3 16 23 10 -4 11 -6 2 13 10 20 7 6 -1 8 12 22 20 13 18 11 16 1 7 13 19 -1 12 5 7 15 26 5 -18 -4 -1 22 -3 18 -1 14 27 7 17 4 26 13 7 11 15 26 21 6 12 1 -17 6 1 14 -6 38 11 -1 10 1 16 16 10 27 3 -5 0 3 17 20 15 
0 11 -2 20 9 7 3 7 -8 9 -16 14 7 -17 30 25 8 -1 14 -2 -1 21 15 16 12 20 2 9 14 -5 4 12 21 19 9 3 6 12 -8 0 -11 6 26 14 6 22 13 7 -8 20 18 9 14 22 -7 4 5 24 17 4 4 -4 14 3 11 20 16 3 13 23 9 -5 1 17 21 -9 -1 -14 7 7 9 -3 10 5 13 5 6 -8 7 20 19 19 8 11 12 7 -2 13 -1 -9 
 23 -3 18 26 -1 14 25 22 30 8 10 12 13 18 -1 17 15 6 6 20 2 12 26 -3 -6 16 23 5 -6 11 -1 1 16 16 18 7 4 -2 9 13 23 22 13 15 7 16 2 5 11 19 -1 12 4 7 15 27 4 -16 -2 0 22 -1 21 -1 14 25 6 22 4 24 17 7 11 12 33 20 12 12 -1 -17 4 5 13 -6 34 12 0 13 7 17 18 8 25 2 -5 -2 2 18 21 18 
0 6 -3 19 7 4 -1 3 -6 13 -15 16 7 -16 34 17 9 0 10 -5 -2 21 19 17 12 18 2 7 14 -2 10 14 19 15 10 4 10 12 -8 -10 -12 3 27 19 9 18 7 7 -3 20 15 9 16 22 -11 4 5 23 16 5 8 -4 17 4 12 20 18 6 12 22 9 -4 -1 17 19 -12 6 -11 9 4 7 3 13 5 16 8 3 -8 11 22 18 21 13 9 12 5 -1 7 -3 -9 
 23 1 16 26 -2 16 21 24 29 5 12 10 13 18 1 10 12 5 3 19 2 13 28 -2 -12 20 23 9 -2 15 -4 6 16 12 18 7 6 1 9 11 25 18 12 18 9 17 -1 2 7 19 -3 13 6 5 14 26 3 -15 -3 2 27 1 25 -1 13 26 7 22 7 24 17 8 7 12 32 20 9 11 -2 -20 4 3 15 0 33 11 2 11 4 15 18 15 21 3 -2 -3 3 16 24 17 
0 5 -3 17 9 1 2 1 -8 9 -15 22 7 -10 32 21 8 -1 7 -3 -7 25 19 18 13 18 3 6 17 -2 9 14 16 13 11 5 8 14 -8 -10 -10 1 25 19 10 16 10 5 -5 28 12 10 15 23 -12 4 7 22 16 7 7 -4 17 6 11 20 20 4 11 21 7 -3 -1 21 17 -6 5 -11 4 3 9 2 14 7 16 7 5 -11 10 18 24 19 12 11 14 7 -3 5 -2 -9 
 23 0 16 26 -3 16 23 24 30 4 13 15 13 18 7 11 11 6 4 22 4 9 28 0 -6 18 23 12 -2 15 -6 6 13 10 18 7 7 -5 11 7 23 20 14 19 11 17 -1 4 5 19 1 15 3 5 15 27 5 -16 6 1 27 1 25 4 14 26 5 20 7 23 16 4 12 13 30 18 12 13 1 -18 3 7 14 -2 31 11 2 5 10 19 19 18 18 5 1 -5 1 16 22 17 
-2 6 -3 22 7 0 0 9 -5 11 -16 22 6 -10 32 25 7 0 6 -1 -10 24 19 18 17 21 3 8 12 -1 9 19 16 14 13 1 7 19 -4 -13 -8 -2 25 24 12 20 9 7 -2 27 15 14 15 25 -12 6 7 23 17 6 4 -4 17 5 9 20 25 3 10 26 7 -5 1 23 16 -5 4 -10 8 8 9 2 13 9 18 4 4 -12 12 24 25 18 11 9 16 5 -2 7 -7 -6 
 22 0 12 30 -7 12 19 27 33 1 12 9 13 19 7 10 11 8 -3 21 7 11 28 0 -6 14 22 11 -2 6 -7 7 13 6 18 2 7 -1 11 3 19 23 17 19 10 16 -2 -1 1 14 -4 15 0 -1 15 32 5 -15 5 4 27 1 23 1 11 25 6 19 11 22 12 3 11 7 30 18 10 15 0 -21 3 7 15 -1 33 9 0 7 9 14 16 19 17 4 6 -6 -2 18 24 14 
2 6 -3 20 5 -1 -1 8 -4 12 -19 18 7 -8 32 23 7 0 12 -2 -13 24 20 18 21 22 -1 6 9 -1 9 19 14 13 15 3 9 23 -5 -20 -8 -9 24 24 12 26 6 9 -2 27 11 9 10 28 -13 6 5 23 16 2 5 -7 14 4 10 20 24 -1 12 23 4 -5 -3 26 20 -2 8 -10 10 7 7 2 11 7 22 7 5 -11 12 25 24 17 12 4 16 4 2 8 -3 -7 
 25 1 12 31 -6 15 21 27 31 1 13 13 14 13 7 7 6 13 -4 22 7 11 26 -1 -5 10 18 11 -1 6 -7 12 12 10 20 0 7 2 9 3 18 24 16 19 9 9 0 3 -2 13 -3 17 -1 1 16 32 9 -15 4 3 25 0 21 0 9 25 7 16 11 19 6 -2 10 7 30 20 11 11 -2 -21 5 7 13 -2 35 12 -2 5 10 13 17 22 22 4 5 -8 -4 15 25 15 
7 4 -3 21 4 -4 0 19 -5 13 -21 18 0 -7 32 22 9 -1 13 -5 -14 24 20 21 20 20 -3 4 10 0 11 17 16 15 10 -1 10 29 -6 -21 -6 -7 22 23 12 25 4 11 -3 25 11 4 12 29 -13 12 8 23 15 2 5 -3 12 4 8 21 25 -1 13 25 7 -2 -4 29 16 -2 9 -12 6 10 6 0 9 7 21 11 2 -9 12 26 28 17 11 2 14 7 0 8 -4 -7 
 25 0 12 33 -1 13 22 31 29 4 16 12 12 14 7 7 6 10 -2 19 4 11 25 -5 -1 13 16 10 -7 6 -6 10 10 11 18 1 7 -3 11 3 21 25 15 19 9 13 -4 4 2 14 -4 17 -2 3 16 32 9 -18 -2 3 25 5 21 1 10 22 7 8 9 17 3 0 8 9 31 22 7 11 0 -25 2 11 13 -2 34 11 2 1 11 14 20 21 22 4 6 -7 0 15 26 15 
17 5 0 18 7 -4 3 22 -4 12 -23 19 4 -8 28 27 7 0 15 -4 -14 24 20 17 19 21 -2 5 9 -1 7 19 14 14 15 1 5 27 -8 -20 -9 -11 18 24 14 25 4 10 -4 26 10 12 10 27 -15 15 5 29 18 2 1 -4 11 7 12 29 26 3 12 24 9 -6 -5 32 19 -2 7 -12 14 7 6 2 8 1 21 10 4 -7 12 27 23 19 17 0 11 6 0 8 -4 -10 
 27 -3 10 30 -2 13 27 29 30 1 18 11 10 16 7 2 3 5 -6 23 4 7 26 -4 -1 14 18 9 -7 8 -6 12 10 14 18 2 2 -5 9 3 18 29 12 20 6 14 -3 -2 0 10 -3 18 -1 5 12 32 10 -16 0 3 24 1 21 1 11 19 9 5 10 16 3 -3 9 6 29 22 10 11 1 -21 1 11 12 -4 32 10 2 4 13 13 22 21 19 2 4 -8 -1 15 28 16 
19 4 -2 16 9 1 3 16 -7 18 -21 21 2 -11 30 30 5 0 15 -6 -15 22 22 17 18 26 -4 4 13 -1 5 22 14 13 12 0 11 30 -8 -23 -9 -11 22 24 13 27 7 8 -5 27 10 12 14 25 -16 16 7 32 18 4 4 -2 9 7 10 31 28 7 14 24 12 -9 -4 33 20 6 8 -11 15 5 4 -3 9 2 21 8 8 -4 14 25 20 14 17 5 11 6 3 7 -3 -18 
 26 -3 10 34 -6 13 27 28 30 -1 18 11 10 17 10 3 6 6 -11 26 5 7 24 -4 -2 12 17 11 -5 8 -6 9 11 16 22 5 1 -1 11 5 17 32 13 16 5 14 2 -1 -1 6 -6 18 -3 7 9 30 9 -10 0 0 24 2 23 5 11 15 7 -2 10 15 6 -9 3 4 27 20 12 11 0 -16 -1 12 13 -5 35 11 0 -1 14 9 22 21 17 3 4 -11 -1 13 30 12 
16 8 -8 18 10 -1 7 20 -6 15 -23 21 0 -10 30 25 4 -1 13 -7 -13 22 22 17 12 24 -8 6 11 -1 5 21 12 16 11 3 13 29 -11 -21 -11 -10 13 25 13 30 2 6 -1 23 13 9 14 24 -16 16 1 32 19 4 4 3 11 4 10 31 27 8 20 25 12 -5 -4 34 22 5 9 -11 18 -1 3 -3 7 2 21 8 11 -11 12 27 19 15 20 7 9 4 4 5 -3 -20 
 26 0 9 32 -2 10 29 25 30 -7 17 18 6 19 7 -1 10 7 -10 26 5 7 22 -2 -1 14 16 12 -6 11 -10 13 11 15 21 5 -1 4 7 12 17 31 12 16 4 15 3 1 -2 2 -6 20 -1 6 12 31 11 -10 -5 -1 20 0 22 7 8 15 7 -5 11 12 7 -8 1 6 30 21 9 13 -2 -12 -1 12 14 -5 37 11 -3 -4 15 12 21 18 19 2 8 -9 -4 14 25 10 
19 16 -3 18 11 -1 6 23 -11 17 -20 22 -3 -8 31 26 4 -5 14 -10 -13 24 18 20 12 25 -3 5 9 -7 9 20 12 13 13 2 19 23 -9 -21 -9 -14 14 25 13 32 7 11 -4 25 15 10 13 24 -16 12 1 37 20 4 4 -2 11 4 9 30 28 10 20 28 12 -5 -4 36 21 3 5 -9 14 0 -3 -1 9 -1 23 8 12 -9 13 26 16 18 18 7 11 8 5 10 -4 -19 
 27 -1 10 33 2 6 33 27 29 -9 19 15 7 18 7 0 9 7 -14 27 5 7 23 3 1 14 18 12 -7 9 -15 13 11 18 19 3 -2 4 4 12 17 34 14 16 4 15 7 0 -9 1 -1 18 1 4 10 30 14 -8 -3 -3 20 0 21 11 3 14 7 -5 9 15 7 -9 1 6 33 22 6 5 1 -14 -4 14 14 -10 39 11 -4 -6 15 12 23 18 19 -1 6 -10 -3 19 28 11 
19 15 -5 21 12 0 4 22 -5 18 -18 22 -3 -8 30 23 3 0 15 -12 -11 26 20 19 6 28 -2 1 10 -8 14 21 12 13 14 -1 18 22 -13 -18 -8 -9 13 23 11 29 8 4 -2 28 16 11 15 25 -15 14 -1 36 21 5 5 -3 12 4 8 31 33 8 17 27 10 -4 -2 34 26 0 5 -8 16 0 -3 1 9 0 22 4 13 -8 14 27 12 18 18 6 12 8 6 9 -4 -25 
 26 -3 12 33 2 6 31 27 29 -13 20 16 7 19 2 2 7 5 -10 25 7 7 23 1 12 15 18 11 -11 9 -10 14 11 15 21 3 -1 5 2 15 18 31 14 19 2 13 7 -1 -10 -1 -3 18 1 6 9 31 15 -5 -4 -3 19 -4 21 10 3 14 4 -4 13 18 5 -10 3 6 30 19 7 7 1 -13 -1 17 14 -9 39 7 -2 -7 15 13 25 15 21 0 3 -10 -3 19 26 11 
19 15 -4 21 10 0 4 22 -8 19 -16 14 -4 -8 25 23 2 0 12 -13 -15 25 23 19 6 24 -1 1 9 -6 14 22 10 17 12 -4 20 22 -14 -18 -11 -13 13 27 12 29 8 3 -2 26 18 8 20 23 -12 10 -1 35 21 3 5 -4 14 5 14 31 34 10 15 27 5 -1 -2 32 32 1 10 -8 16 0 -2 -3 9 -3 28 3 13 -9 21 27 13 22 15 3 13 7 10 8 -4 -28 
 26 -1 11 34 6 6 29 27 29 -12 20 14 8 18 1 4 6 5 -10 27 2 8 20 1 12 11 18 11 -14 10 -8 11 15 16 16 3 -1 3 4 16 14 29 14 21 1 12 10 -1 -13 0 -1 15 3 5 11 31 16 -11 -4 -2 17 -3 20 14 1 14 6 -1 12 18 6 -11 2 6 34 23 7 7 1 -13 -2 18 13 -10 40 7 -5 -5 17 13 24 10 16 2 5 -8 -2 19 26 11 
19 13 -4 20 9 0 8 23 -8 21 -16 14 -2 -9 23 18 4 3 15 -16 -13 25 24 19 7 25 -1 4 10 -7 12 22 14 19 11 -7 18 24 -14 -15 -10 -16 13 26 10 27 4 4 -4 26 18 7 21 24 -11 10 -3 36 16 4 7 -3 16 5 13 30 34 9 15 28 9 -3 -4 32 35 2 11 -7 14 2 3 -8 12 1 28 2 15 -7 12 29 17 21 13 7 16 5 10 7 -2 -28 
 26 2 11 33 4 5 31 25 29 -7 21 14 2 18 2 -2 6 3 -11 27 -2 7 17 1 14 12 18 8 -17 9 -13 12 18 16 21 4 0 2 4 16 11 31 15 23 2 12 10 -1 -17 -3 -5 16 4 4 5 26 16 -5 -7 -4 22 -2 19 14 -4 14 6 -3 14 17 3 -10 1 5 39 23 5 5 4 -11 -1 21 13 -9 35 7 -9 -6 16 13 27 14 20 5 6 -10 -2 21 27 10 
20 13 -5 19 4 -1 10 24 -13 20 -15 18 -2 -3 26 20 3 4 16 -18 -15 26 24 18 3 29 -3 2 10 -8 12 20 18 20 15 -6 17 23 -13 -20 -13 -14 12 26 10 28 4 3 -1 27 25 10 19 29 -7 10 -1 37 12 7 5 2 18 8 16 34 34 5 13 31 11 1 0 33 34 6 9 -10 12 -5 4 -10 16 -5 26 4 13 -5 12 34 22 21 16 7 16 1 9 4 -6 -28 
 30 1 16 28 11 6 31 20 22 -7 17 10 3 19 4 -3 2 2 -7 27 -1 7 16 -1 12 14 16 10 -18 10 -13 11 20 16 20 4 -3 7 7 19 13 32 13 17 3 11 10 -1 -13 0 -8 19 12 4 8 27 16 -2 -11 -8 21 -5 18 15 -3 15 7 -6 15 13 1 -10 3 4 40 20 6 6 -1 -9 -1 15 8 -10 34 7 -11 -11 16 14 23 14 21 5 6 -9 -3 21 26 11 
19 12 -9 20 5 1 10 24 -15 20 -15 19 0 -5 23 17 2 -1 15 -18 -10 29 24 13 2 31 -3 -1 14 -5 12 20 18 21 9 -4 18 23 -11 -20 -16 -11 7 21 7 28 4 3 4 25 24 11 25 28 -7 10 1 39 12 6 7 2 17 8 10 32 38 5 18 32 11 5 2 31 36 8 10 -11 11 -3 8 -9 16 -7 26 4 17 -1 12 32 23 15 17 3 12 -1 7 12 -6 -31 
 35 3 15 27 14 4 29 19 23 2 17 11 3 19 -1 -3 -4 1 -7 27 -1 8 16 0 10 14 16 10 -19 7 -14 13 18 13 17 6 0 5 3 19 12 32 17 15 7 11 10 3 -12 -4 -9 18 10 5 4 35 11 -2 -9 -6 18 -5 18 15 -2 18 2 -8 15 13 1 -7 3 5 37 19 11 5 -1 -8 4 17 8 -10 32 4 -10 -8 15 17 18 12 25 2 10 -11 0 21 26 11 
13 12 -6 19 5 -3 6 23 -13 16 -10 13 3 -4 23 16 8 2 12 -18 -9 28 24 15 5 29 -6 -3 14 -6 8 23 18 21 10 -10 19 18 -16 -15 -21 -7 9 19 7 26 5 3 4 20 28 12 24 29 -7 8 1 38 11 3 4 1 18 10 12 37 34 4 17 32 11 5 0 36 37 9 7 -11 8 -5 10 -11 14 -8 26 1 14 0 12 33 24 20 20 -1 12 0 6 12 -4 -33 
 36 1 17 26 15 7 30 19 22 4 25 9 4 21 2 -3 3 2 -9 23 -3 7 19 -1 12 14 18 14 -19 6 -15 16 17 16 18 10 -2 7 6 26 11 34 12 16 5 14 10 5 -13 0 -9 19 12 3 4 35 11 0 -9 -6 20 -6 18 19 -4 18 -1 -10 10 15 1 -6 6 6 36 20 13 6 -1 -7 3 13 15 -10 32 4 -6 -4 17 15 16 8 23 3 9 -13 0 22 27 16 
12 8 -3 20 0 -4 4 23 -14 17 -11 8 4 -4 23 17 4 2 12 -18 -9 29 27 16 5 31 -5 4 15 -10 7 24 13 22 10 -8 19 18 -15 -19 -24 -7 9 22 12 27 4 3 7 20 30 12 24 25 -8 10 3 37 12 1 4 0 15 6 12 32 31 2 19 30 8 4 0 36 39 7 6 -13 9 -7 14 -14 13 -7 29 1 14 1 11 32 23 20 19 1 16 0 7 14 -4 -35 
 39 0 18 25 17 6 29 22 24 1 28 10 7 21 4 -4 2 3 -11 25 -4 5 18 4 14 14 18 16 -19 11 -13 14 14 15 18 10 -1 7 1 17 10 35 12 11 2 13 12 5 -9 -1 -18 16 10 6 1 29 14 -1 -7 -7 20 -7 19 20 -6 17 1 -8 12 15 -1 -9 6 3 30 21 12 3 -2 -10 -1 17 18 -15 33 4 -6 -6 17 15 17 10 21 2 11 -13 2 21 28 17 
4 10 -3 19 -3 0 3 24 -13 16 -12 4 2 -2 23 21 5 1 14 -14 -7 35 24 17 8 28 -8 0 18 -14 7 25 12 21 9 -4 21 20 -13 -20 -21 -2 12 20 10 26 4 9 5 18 28 10 27 28 -9 7 -1 34 14 0 3 -1 16 5 11 30 31 7 20 33 7 4 -1 36 36 4 5 -13 11 -3 14 -18 8 -8 28 0 11 2 12 30 17 21 19 2 14 -2 7 14 -4 -36 
 44 6 17 27 12 5 27 19 25 1 27 7 7 18 5 -6 4 4 -9 20 -5 0 14 5 15 16 16 21 -18 11 -13 17 11 13 17 11 -5 8 4 19 12 39 9 12 7 12 11 9 -6 -3 -20 15 12 3 4 30 9 0 -5 -5 20 -4 17 19 -2 18 1 -7 17 9 -2 -10 8 8 33 20 12 0 -6 -12 1 19 19 -19 31 3 -3 -9 18 19 16 11 18 3 14 -8 -1 18 26 16 
-1 4 -2 16 -5 -1 4 29 -12 16 -13 3 1 -2 25 19 5 5 13 -17 -8 39 23 19 7 31 -8 0 21 -12 7 25 12 21 7 -5 21 14 -12 -23 -22 -5 12 19 13 26 4 8 -5 18 27 15 30 30 -8 8 -5 37 16 -6 10 2 16 4 13 33 29 9 21 42 7 3 -2 36 31 7 4 -12 9 -1 19 -13 4 -6 27 -9 12 4 15 32 20 21 17 2 14 -4 11 13 -3 -36 
 41 1 17 26 13 8 30 19 23 1 25 7 11 20 3 -5 5 4 -10 19 -4 -3 18 2 13 17 18 19 -17 10 -13 17 10 13 24 11 -5 6 -5 18 15 38 11 10 4 13 7 7 -13 -1 -22 16 6 7 1 36 9 -1 -5 -9 14 -8 17 19 -2 15 4 -7 16 16 -5 -15 7 8 41 21 11 -1 -6 -8 -2 19 20 -19 31 5 -7 -8 19 19 11 14 16 3 20 -10 -7 21 25 16 
-2 5 -2 16 -5 2 11 28 -13 17 -7 2 2 -3 29 19 6 -1 12 -17 -7 46 25 18 7 33 -4 3 20 -4 4 30 12 21 12 -5 19 14 -15 -25 -22 -9 14 19 19 24 1 10 -5 12 24 12 36 31 -6 11 -8 33 11 -7 4 0 13 4 7 32 38 10 18 33 7 -1 -3 36 31 6 5 -10 6 2 19 -11 4 -10 30 -8 14 8 11 32 18 20 17 3 16 -4 12 17 -4 -33 
 39 -6 18 30 9 11 31 15 23 5 25 3 9 19 4 -2 0 3 -8 19 -2 -7 17 3 7 19 20 25 -21 13 -13 19 6 15 25 11 -4 6 -7 22 13 35 10 12 8 14 4 7 -13 -2 -18 17 4 4 1 38 9 0 -6 -14 10 -10 15 19 -2 16 7 -9 14 12 -4 -11 4 8 41 24 10 -2 -8 -5 -1 20 20 -18 29 1 -6 -9 17 19 10 13 16 2 21 -5 -10 18 26 13 
-2 4 -2 15 -8 4 12 26 -8 20 -7 3 -2 -8 28 19 9 -1 13 -17 -8 47 25 19 7 35 -4 3 20 1 4 27 4 27 7 -5 17 12 -18 -28 -19 -10 19 14 19 22 1 9 -3 10 25 16 34 31 -5 6 -8 36 11 -4 4 2 12 3 10 35 37 8 22 35 4 0 -6 36 33 5 7 -16 5 -1 18 -12 5 -9 30 -5 12 1 11 27 22 22 18 2 17 -1 15 20 -3 -30 
 40 -6 17 31 9 7 31 12 22 5 25 5 12 19 7 -1 0 3 -13 18 -4 -8 17 1 7 19 17 32 -17 15 -16 22 10 14 25 13 -4 7 -7 21 14 36 7 14 9 7 2 5 -15 3 -21 19 11 4 0 39 5 1 -5 -16 11 -10 18 22 -2 16 9 -9 16 12 0 -7 1 8 41 30 9 2 -8 -4 -1 20 26 -19 27 3 -7 -9 17 18 8 9 18 3 18 -3 -11 16 24 15 
-2 4 -4 20 0 5 14 24 -9 20 -6 7 -3 -8 28 20 5 2 18 -16 -9 44 25 18 7 28 -4 3 11 2 3 27 -1 26 10 -4 17 12 -19 -19 -18 -13 18 16 16 24 4 9 -4 13 21 16 35 30 -10 3 -11 33 10 -3 4 2 13 7 9 33 37 8 21 34 7 -1 -6 40 29 -1 5 -20 3 -4 15 -16 7 -5 28 -8 14 1 12 29 19 22 19 4 13 -5 12 18 -6 -31 
 38 -4 19 37 13 7 30 10 21 5 26 0 12 17 7 0 4 -1 -15 21 -3 -9 16 -1 3 21 17 27 -15 15 -15 18 16 12 29 13 -4 7 -5 22 10 35 7 21 7 7 2 3 -12 4 -20 24 9 14 2 39 6 1 -2 -11 9 -11 15 17 -3 14 10 -9 14 14 5 -12 0 8 39 26 14 -1 -6 -6 -2 19 27 -17 32 1 -8 -9 18 16 10 3 18 0 20 -7 -10 13 24 13 
-7 2 -5 18 -2 6 12 24 -6 18 -8 9 0 -10 34 17 3 4 20 -17 -13 44 27 19 4 26 -7 2 9 1 2 25 2 26 10 -3 17 10 -22 -18 -17 -13 19 19 16 25 3 7 -4 17 25 15 34 32 -11 11 -8 40 12 1 8 -3 12 1 12 30 41 10 21 35 6 0 -5 40 26 3 7 -18 3 -5 10 -18 8 -3 26 -9 19 -1 11 25 22 21 16 4 11 -1 12 15 1 -31 
 40 -5 22 35 13 8 31 6 21 2 29 -3 16 19 6 -2 7 -1 -14 24 -6 -11 21 -2 4 20 15 27 -17 14 -15 17 10 12 30 12 -4 6 0 24 8 32 6 21 8 6 2 5 -14 5 -19 27 12 16 9 37 6 -1 -2 -9 11 -10 15 18 -3 14 13 -11 17 14 4 -10 3 5 41 25 13 -1 -1 -7 -2 21 27 -19 34 0 -6 -11 21 12 9 4 17 2 18 -8 -10 19 22 13 
-8 2 -5 22 -2 5 11 23 -10 19 -5 9 -4 -13 37 18 3 7 19 -13 -12 45 24 18 7 25 -14 2 10 1 -1 32 0 28 9 -3 17 17 -21 -18 -16 -17 19 20 15 32 9 11 -6 17 24 18 33 29 -15 14 -7 37 12 1 6 -4 11 3 7 29 41 7 25 37 1 0 -6 36 24 3 7 -20 4 -7 6 -20 10 -4 25 -7 17 0 15 23 29 22 11 10 7 1 12 20 -4 -35 
 38 -4 18 35 13 10 31 9 18 1 31 -3 13 16 7 -2 4 0 -12 24 -5 -11 19 -1 7 19 17 31 -11 15 -13 22 13 11 32 8 -4 3 -2 23 9 27 6 23 10 7 4 4 -13 5 -14 22 15 14 7 34 4 1 -1 -7 12 -9 14 19 -1 13 17 -9 17 12 -6 -9 6 8 40 25 13 -4 4 -6 0 20 31 -19 34 0 -2 -12 19 14 7 5 21 -1 18 -9 -9 19 24 12 
-5 2 -3 22 -1 5 12 24 -15 19 -5 11 0 -14 37 16 3 9 21 -17 -10 44 21 17 10 25 -17 -3 10 1 0 35 -2 30 7 -3 18 16 -23 -17 -13 -15 19 21 10 32 8 8 -4 13 25 13 32 31 -8 16 -9 36 13 3 5 -6 14 2 8 31 40 8 24 37 1 -1 -6 33 25 0 8 -21 4 -7 7 -18 10 -1 27 -6 18 -2 14 23 32 22 9 7 6 -1 15 19 0 -34 
 37 -4 22 33 8 12 29 11 27 1 34 -3 16 12 7 -3 5 -1 -9 18 -1 -10 17 -2 7 20 19 32 -9 15 -14 21 15 14 33 3 -3 1 -3 22 7 30 7 24 2 7 4 7 -9 4 -17 21 18 13 11 35 5 0 0 -6 14 -6 11 23 -1 14 15 -5 16 16 -7 -14 6 10 42 25 10 -4 7 -5 2 19 30 -22 40 0 -2 -10 21 9 10 7 23 -2 14 -8 -8 19 23 13 
-8 -1 -3 23 -5 1 12 25 -13 19 0 8 -3 -10 39 19 6 5 19 -16 -11 47 20 14 4 27 -21 -4 9 2 0 38 -4 30 5 -2 17 18 -27 -17 -18 -16 9 23 12 32 4 11 -5 13 20 13 27 31 -13 17 -3 34 12 2 3 -6 14 4 6 32 41 9 30 36 -4 0 -6 33 28 -2 10 -21 7 -5 8 -20 6 0 24 -5 17 -4 18 21 32 22 13 7 8 -7 12 16 1 -36 
 38 -5 25 27 7 14 29 14 22 1 33 -1 10 15 8 -2 4 -4 -8 19 -3 -10 17 2 7 18 16 30 -16 15 -14 22 13 18 32 3 -3 1 -5 19 3 29 7 22 1 7 6 4 -7 5 -15 24 14 14 13 32 4 4 -4 -8 14 -6 10 21 0 17 13 -7 14 17 -9 -9 6 10 47 27 9 -6 5 -8 3 20 32 -21 40 -3 -4 -12 20 11 11 7 26 0 15 -8 -5 24 22 14 
-13 -2 -5 23 -4 2 10 27 -15 19 2 6 0 -8 44 18 2 0 16 -16 -13 49 21 18 6 27 -18 1 13 1 0 39 -1 22 7 2 19 16 -28 -20 -20 -16 12 23 10 32 0 11 -1 16 18 14 24 32 -13 21 -2 36 12 0 4 -6 9 2 9 31 43 11 29 37 2 -1 -5 30 27 1 8 -21 12 -8 12 -20 8 4 26 -4 18 -4 19 25 34 22 12 7 4 -5 13 16 3 -34 
 40 -8 24 27 10 15 31 11 26 1 36 0 7 15 9 -1 -1 0 -5 19 5 -9 16 0 4 19 12 31 -15 14 -14 23 12 25 42 4 -10 -3 -4 25 1 31 1 25 1 7 2 4 -9 6 -13 21 20 9 15 33 2 4 -6 -9 14 -2 12 23 3 17 13 -9 13 19 -9 -12 5 6 47 30 10 -11 2 -10 11 19 31 -18 41 1 -2 -12 18 9 10 8 26 -2 16 -9 -5 22 22 12 
-10 -5 -3 25 -3 2 9 28 -19 19 -2 3 0 -7 47 11 4 4 18 -14 -12 50 23 21 7 29 -17 -2 13 0 -1 41 1 23 11 2 16 13 -30 -20 -20 -15 14 22 7 37 -2 7 -3 16 20 16 23 32 -15 21 3 37 14 0 5 -9 6 0 11 32 46 9 33 40 4 -1 -3 30 26 1 8 -23 19 -8 9 -22 9 2 25 -5 17 0 20 25 35 25 16 10 4 -10 17 19 2 -32 
 38 -7 18 29 10 15 26 15 23 3 37 3 8 15 15 -3 1 2 -1 21 1 -9 19 -4 5 20 14 27 -16 13 -14 22 13 25 38 5 -9 -4 -5 25 2 32 1 23 0 7 2 -2 -4 8 -13 21 27 10 13 34 2 -1 -5 -10 14 -5 12 24 1 17 14 -8 14 17 -9 -12 1 3 40 30 7 -8 -2 -9 11 20 33 -13 37 6 -3 -14 19 6 9 3 24 -1 16 -11 -6 21 24 11 
-9 -5 -2 26 -5 2 8 27 -20 18 -4 3 0 -10 44 7 3 4 16 -13 -8 51 24 18 7 30 -18 -6 15 0 -4 42 1 23 5 2 19 16 -28 -19 -23 -15 12 20 8 37 -4 9 -3 16 20 12 24 32 -15 18 3 38 17 -4 2 -11 4 2 10 31 44 9 31 41 8 0 -11 26 26 5 4 -19 14 -5 12 -28 14 3 27 0 13 -1 19 27 33 28 18 11 5 -12 16 19 5 -34 
 34 -8 18 32 13 15 27 13 19 2 37 2 10 13 16 -5 -2 4 -1 21 1 -9 20 -6 5 22 16 27 -16 13 -13 23 14 25 33 7 -11 -5 -4 24 5 29 -2 20 1 4 1 -3 -2 6 -15 19 31 10 14 35 -1 -1 -8 -12 14 -6 9 25 -1 22 10 -7 15 16 -9 -14 -2 4 40 32 12 -7 1 -11 11 22 34 -13 38 8 -6 -14 18 7 10 0 23 1 17 -15 -7 21 26 11 
-8 -4 1 26 1 2 11 27 -21 14 -3 2 -1 -10 44 5 0 2 13 -16 -4 47 24 15 6 32 -23 -11 13 -7 -7 39 1 25 5 2 23 13 -28 -15 -21 -8 11 19 8 36 -6 10 -2 19 13 12 24 37 -13 16 4 38 14 -3 5 -6 3 0 11 27 48 11 34 40 8 2 -5 27 25 7 4 -20 17 -8 12 -29 16 10 29 1 13 -2 19 23 32 27 20 11 5 -6 14 20 4 -26 
 37 -9 15 32 11 15 24 14 10 4 35 3 9 14 14 -6 -6 4 0 20 -2 -13 19 -9 0 21 18 25 -19 10 -16 21 13 23 32 7 -6 -11 -4 25 6 31 -2 19 1 6 1 -2 -1 8 -15 18 31 10 12 37 -4 0 -7 -12 9 -6 2 25 -3 22 11 -6 10 17 -13 -10 -1 5 36 36 10 -8 4 -7 10 21 35 -11 44 10 -6 -13 18 7 9 -2 23 5 17 -14 -8 19 27 11 
-11 -7 -1 30 -1 -1 8 27 -19 16 0 0 -1 -12 48 5 -3 3 16 -18 -3 47 24 16 9 34 -20 -8 12 -7 -4 39 1 21 5 4 25 12 -34 -14 -20 -11 12 18 8 40 -6 4 -3 14 15 6 21 38 -15 17 4 39 16 0 6 -8 4 -1 9 22 50 11 39 39 9 4 -8 29 20 -2 6 -20 17 -10 12 -29 18 12 31 0 18 0 20 22 28 27 17 13 5 -6 16 16 2 -22 
 32 -10 21 38 8 18 27 13 11 4 36 3 12 12 15 -6 -8 5 1 20 1 -13 19 -14 -3 18 17 27 -19 9 -18 23 13 24 32 4 -3 -11 -6 20 7 26 -2 19 3 8 2 0 -2 14 -15 21 30 14 9 36 -4 -4 -7 -9 7 -4 7 26 0 23 9 -6 7 15 -7 -9 -1 3 39 42 13 -6 5 -6 13 21 32 -9 42 5 0 -14 22 13 11 -2 22 6 16 -14 -12 19 27 13 
-9 -8 -1 27 1 -2 9 24 -17 17 -2 2 -3 -13 48 7 -1 2 17 -16 -2 48 20 16 10 32 -22 -8 17 -6 -3 40 1 21 9 8 27 12 -38 -17 -10 -11 13 17 5 36 -9 5 -5 12 13 5 22 38 -17 17 5 41 13 0 12 -4 3 0 3 26 50 11 36 43 9 5 -7 27 19 -2 6 -19 20 -8 14 -28 19 13 34 0 14 -3 19 24 29 27 13 14 -1 -8 15 18 4 -24 
 30 -9 21 35 11 18 25 12 5 5 32 3 12 11 15 0 -11 4 1 19 0 -13 19 -12 -1 18 17 26 -21 6 -16 23 13 22 38 1 -8 -11 -11 23 14 23 -2 18 5 4 1 3 -2 13 -16 19 30 10 7 36 -3 -5 -10 -11 10 -3 4 28 -2 20 11 -5 10 19 -7 -8 -5 5 39 42 12 -6 5 -5 14 22 27 -8 41 6 -2 -11 16 9 11 2 21 4 18 -17 -17 19 27 6 
-11 -7 -1 24 6 -3 12 22 -17 19 -3 7 0 -12 48 11 0 7 12 -16 -3 50 19 9 10 31 -18 -8 18 -4 -3 40 -1 23 12 8 24 12 -38 -20 -8 -10 18 23 1 35 -7 7 -9 10 14 8 27 42 -15 16 4 44 12 4 14 -7 2 -4 -1 25 45 11 34 40 10 9 -8 28 16 -2 3 -19 18 -8 14 -29 23 16 32 0 18 0 20 26 24 25 7 10 -1 -1 11 12 3 -24 
 31 -11 21 28 12 16 25 16 2 6 32 4 16 15 11 2 -7 1 -2 20 -1 -12 22 -17 -2 14 10 26 -23 3 -15 22 12 25 30 3 -10 -11 -13 23 15 29 -1 18 11 3 4 5 1 10 -16 20 34 9 7 41 -1 -3 -9 -9 12 -2 3 28 -4 17 12 -2 10 17 -6 -11 -8 7 37 42 17 -7 10 -4 14 24 34 -10 39 5 -2 -13 19 4 7 8 27 6 18 -17 -23 21 27 6 
-15 -5 0 27 4 -1 11 21 -18 19 0 4 -1 -10 45 14 5 6 16 -7 0 46 20 9 10 29 -21 -8 17 -3 -3 43 2 19 11 9 24 13 -38 -22 -2 -12 18 29 1 37 -3 7 -8 12 12 10 28 42 -15 17 1 44 12 7 14 -2 4 -1 -1 23 42 13 41 37 15 1 -8 30 18 -4 4 -21 17 -6 16 -32 26 17 36 0 20 -4 23 27 25 24 7 13 1 -1 11 10 5 -28 
 30 -11 22 32 9 16 21 13 4 8 30 4 7 19 13 1 -8 0 -3 17 -1 -16 25 -13 3 13 12 27 -24 5 -17 25 13 23 31 4 -9 -11 -17 22 13 31 0 17 14 1 -1 5 2 9 -14 18 35 12 9 38 4 -4 -10 -7 10 -1 -1 26 -7 18 10 -2 11 12 -9 -11 -4 9 38 41 20 -2 4 -6 18 27 32 -10 48 6 -7 -5 19 2 7 10 27 4 20 -19 -22 22 25 1 
-15 -5 -2 29 6 -1 13 21 -18 16 1 3 -4 -10 42 11 4 6 13 -10 -1 49 20 13 0 32 -20 -8 18 -3 -3 39 3 21 9 13 20 12 -38 -20 -4 -13 18 29 0 34 -5 7 -5 19 9 7 28 43 -16 13 3 46 12 7 9 -6 7 0 -1 25 41 12 46 33 17 0 -5 29 17 -4 3 -22 11 -6 17 -32 31 19 39 4 18 -8 24 24 27 25 6 14 -2 -1 7 14 5 -28 
 34 -13 23 29 9 12 20 14 5 7 30 3 8 18 9 -5 -6 2 -5 15 -1 -17 25 -16 -1 13 8 27 -23 5 -16 23 7 22 31 1 -7 -11 -17 23 13 36 2 17 12 1 -1 5 3 10 -12 22 35 17 11 38 4 -3 -10 -7 13 -1 4 26 -9 17 11 -2 12 14 -8 -6 -4 4 36 41 19 -2 1 -6 17 27 34 -12 46 10 -8 -5 20 2 7 12 26 6 20 -19 -22 16 26 -4 
-19 -8 -1 29 7 -1 14 22 -19 15 1 4 -4 -8 46 7 5 6 11 -16 -1 49 20 13 0 34 -16 -7 16 -5 -9 39 0 18 12 12 22 12 -38 -18 -1 -15 18 27 -1 35 -5 4 -8 15 12 9 28 41 -16 12 3 46 12 5 8 -4 4 0 2 27 42 11 47 30 16 -5 -8 31 17 -4 0 -21 8 -7 18 -37 30 15 35 6 24 -10 24 24 29 27 11 12 -3 0 7 16 8 -30 
 33 -13 21 34 7 12 26 15 2 13 31 3 7 17 4 -1 -11 1 -6 16 -1 -17 28 -16 -1 10 7 25 -21 3 -19 28 5 20 35 2 -7 -11 -17 24 9 34 2 22 6 -2 0 4 1 11 -9 17 35 17 11 38 5 -8 -10 -3 20 -3 -1 27 -9 20 10 -3 17 15 -9 -10 -4 11 36 41 17 -2 1 -5 18 23 34 -11 47 9 -14 -1 22 1 6 15 24 13 19 -18 -22 15 27 -2 
-20 -9 3 29 8 -1 13 21 -14 12 6 2 -4 -6 53 7 -1 9 10 -16 -2 48 22 13 -2 27 -18 -3 12 -4 -8 40 0 19 11 12 27 12 -40 -16 -1 -12 20 20 -1 39 -6 4 -1 18 15 10 22 42 -16 10 3 50 14 3 6 -2 6 -3 4 34 36 8 45 32 21 -3 -3 30 17 -4 2 -24 9 -7 22 -34 31 16 40 4 19 -15 26 27 27 26 9 12 0 -2 7 16 9 -33 
 33 -10 19 34 7 10 30 13 2 10 28 7 6 18 5 3 -5 5 -5 19 0 -20 32 -16 -1 13 3 22 -22 -1 -24 27 5 19 34 1 -4 -11 -18 26 12 35 0 19 9 -4 -6 7 -2 13 -7 18 36 19 9 39 5 -10 -8 2 20 -5 1 24 0 21 8 -1 14 19 -9 -10 -2 9 36 41 13 -7 -2 -5 15 24 37 -9 51 10 -12 1 23 2 5 12 23 11 17 -18 -22 17 27 0 
-22 -11 5 30 12 2 12 21 -13 17 10 2 -2 -5 49 7 -3 10 11 -14 -2 49 21 11 -6 27 -17 -8 12 -8 -8 38 0 17 10 12 27 14 -40 -16 -2 -12 21 22 -4 40 -8 3 -1 22 11 8 25 41 -15 4 3 48 11 0 8 -3 7 -3 6 34 38 8 47 37 19 -1 -4 29 16 -1 4 -28 10 -7 14 -38 31 20 47 10 16 -15 24 23 24 23 10 12 2 -2 4 14 7 -31 
 35 -8 17 35 10 11 26 16 2 13 28 7 0 18 13 11 -10 2 -7 17 -1 -21 31 -22 -2 13 5 27 -22 0 -24 30 6 17 34 1 -2 -10 -15 22 14 35 4 16 11 -3 -3 7 -2 10 -15 18 33 17 12 40 2 -9 -6 3 20 -4 1 25 -1 21 7 -1 16 21 -8 -12 -3 3 40 41 16 -9 -1 -5 11 23 37 -10 54 12 -12 1 26 -1 7 14 23 9 15 -17 -23 20 27 -3 
-23 -12 7 28 12 4 11 20 -14 17 9 2 -4 -4 49 6 -8 4 10 -14 -3 47 20 12 -6 24 -17 -8 10 -8 -13 40 -4 20 12 13 26 16 -35 -14 0 -12 25 17 -1 44 -10 3 3 20 9 12 25 41 -20 1 3 45 10 0 4 -3 10 -3 9 33 34 8 49 39 17 -4 -7 28 12 -2 5 -31 11 -13 19 -34 31 21 46 14 13 -16 25 26 29 16 14 10 3 -2 2 10 7 -33 
 38 -10 18 36 9 10 21 10 0 12 31 7 -3 21 14 12 -9 6 -14 14 -1 -19 31 -19 1 11 5 27 -21 -1 -18 25 6 23 33 1 -3 -12 -14 22 17 35 4 16 10 -8 -2 7 -1 7 -17 18 33 14 9 39 2 -8 -5 2 19 -3 5 24 -2 20 6 0 17 18 -13 -13 -5 7 36 40 17 -15 -5 -6 12 24 37 -7 58 18 -16 7 29 1 4 15 24 11 14 -18 -25 23 27 -1 
-19 -11 5 26 13 4 7 26 -13 23 9 2 -5 0 51 6 -9 8 8 -13 -7 49 21 11 -4 25 -22 -8 13 -8 -14 40 -4 26 14 12 29 12 -34 -13 -1 -12 23 16 -3 42 -8 4 4 19 9 13 32 40 -19 4 1 47 9 2 3 -2 10 -3 10 38 33 9 49 40 19 2 -8 27 16 1 5 -35 13 -13 19 -33 34 20 43 17 16 -15 29 26 32 16 17 6 4 -1 -1 7 5 -30 
 36 -9 16 38 10 10 23 9 0 14 23 7 0 19 14 12 -9 11 -13 16 0 -20 31 -19 1 12 3 27 -22 -1 -16 26 8 21 34 2 -1 -10 -10 18 10 35 5 19 12 -5 -2 7 -4 8 -16 14 33 16 10 40 4 -7 -7 3 19 -2 2 24 -1 20 4 -2 17 20 -14 -12 -4 7 37 43 17 -21 -5 -8 12 25 37 -10 58 18 -16 6 32 3 1 11 25 14 14 -19 -27 22 29 -2 
-19 -10 4 24 12 5 10 19 -17 20 10 7 -3 -4 52 5 -11 6 9 -5 -9 47 21 14 -2 25 -25 -13 10 -10 -19 36 -7 27 12 12 24 15 -32 -9 -4 -14 29 13 0 44 -4 -1 6 14 9 11 37 39 -19 3 2 46 9 3 0 -1 6 -3 12 40 34 9 49 43 19 -1 -10 28 17 0 1 -38 11 -18 15 -33 35 22 45 18 22 -12 24 21 33 13 13 5 2 -1 -2 9 4 -33 
 35 -10 16 42 10 10 29 11 4 13 22 7 4 17 18 4 -9 13 -17 20 2 -22 30 -19 2 9 4 25 -22 -1 -18 26 12 19 33 1 0 -11 -9 21 8 38 -1 25 15 -1 -1 6 0 10 -13 14 32 18 14 42 5 -8 -7 5 28 -1 1 25 -4 19 6 -2 17 19 -12 -11 -6 7 38 43 11 -18 -5 -5 12 22 38 -13 57 18 -17 3 37 4 -1 15 24 12 11 -19 -21 24 27 0 
-19 -10 2 26 12 2 4 17 -18 17 10 4 2 -3 55 4 -10 5 16 -2 -7 50 20 15 0 21 -23 -9 5 -9 -21 36 -9 25 8 12 23 15 -30 -6 0 -17 30 12 1 45 -8 -1 7 10 8 11 39 37 -19 0 0 46 7 -6 -4 -2 6 -1 12 38 34 7 49 44 22 -2 -8 27 21 7 -1 -38 12 -18 10 -28 37 25 48 11 22 -16 23 27 40 14 15 4 4 -1 -2 4 3 -34 
 34 -16 13 40 9 9 24 10 6 12 23 7 3 16 21 0 -6 14 -19 22 -2 -21 30 -21 2 15 5 25 -28 -3 -18 31 14 21 31 1 3 -9 -13 21 7 42 -2 26 10 -3 -1 8 0 9 -16 15 32 18 12 43 5 -7 -6 9 26 -3 2 26 -2 18 6 2 18 19 -10 -6 -3 7 33 44 11 -15 -9 -4 11 22 37 -13 59 18 -13 6 39 5 -1 14 23 16 12 -19 -20 22 27 1 
-23 -13 8 23 13 2 2 22 -13 17 14 3 -2 -6 52 4 -9 5 16 -4 -5 52 18 11 2 21 -22 -12 8 -9 -24 34 -7 27 4 13 22 20 -30 -8 -1 -17 28 12 2 45 -6 -1 10 9 10 14 39 32 -19 -5 -3 46 11 -5 -3 -2 6 -1 12 34 34 9 48 46 21 2 -7 29 21 4 -4 -37 12 -15 12 -27 38 25 47 9 24 -13 18 27 44 15 20 5 4 -1 -3 5 6 -34 
 36 -16 11 45 10 13 24 9 3 19 24 7 3 14 18 1 -2 19 -19 26 -2 -25 32 -19 -4 14 7 24 -25 -6 -16 31 15 20 31 1 5 -7 -13 21 8 39 -2 26 12 -3 1 12 -2 13 -18 18 29 22 13 39 5 -6 -5 11 24 0 2 26 -4 16 6 -1 19 21 -9 -5 -6 7 35 50 11 -16 -10 -8 11 24 37 -13 58 23 -11 12 42 7 0 16 26 14 12 -17 -22 25 20 4 
-23 -14 9 22 15 1 0 20 -17 18 17 3 -1 -9 53 3 -8 4 20 0 -8 46 19 12 0 22 -22 -13 7 -10 -23 33 -5 27 2 15 27 21 -32 -6 -4 -15 28 10 -6 44 -7 -5 11 5 11 12 39 34 -18 -4 -4 45 14 -8 -4 -3 6 -1 15 30 32 3 50 44 24 0 -6 30 16 4 -4 -38 8 -10 14 -26 36 32 43 9 25 -12 18 27 47 11 20 4 3 0 -2 0 7 -31 
 38 -16 13 45 7 14 25 8 4 18 22 5 1 14 18 -1 -4 19 -18 26 1 -22 31 -18 -4 15 5 23 -27 -5 -16 25 18 22 32 -1 5 -7 -13 21 8 37 -1 27 12 -4 -5 12 -1 10 -19 18 32 18 7 41 5 -6 -5 12 26 -8 0 28 0 18 7 -2 19 20 -10 -3 -6 4 35 51 11 -17 -9 -6 10 26 37 -9 63 25 -14 15 42 7 1 18 23 9 7 -21 -21 30 20 0 
-20 -16 15 22 15 1 0 20 -15 24 17 7 0 -7 55 5 -7 4 20 0 -8 55 16 8 0 21 -24 -12 4 -11 -22 33 -9 29 2 13 31 19 -33 -6 -4 -13 25 16 -8 45 -4 -6 8 4 13 9 41 34 -17 1 -4 44 21 -8 -4 -3 8 1 12 27 34 3 55 43 25 -2 -6 30 19 8 -1 -33 5 -11 12 -24 39 33 46 9 27 -15 19 29 46 11 17 2 5 -3 -2 -2 12 -30 
 39 -14 12 43 7 15 25 7 -1 19 16 7 3 15 18 -3 -6 20 -20 26 1 -21 27 -13 -4 16 8 21 -33 -6 -17 24 18 17 29 0 1 -6 -17 15 11 33 4 23 13 -4 -7 10 3 4 -18 18 34 18 7 43 -1 -8 -7 19 26 -8 -1 31 -3 21 4 -1 16 22 -6 -2 -6 7 32 51 7 -16 -10 -7 10 24 38 -10 61 23 -15 12 41 4 0 17 22 7 5 -21 -21 31 16 -1 
-20 -11 14 26 12 -1 0 20 -9 24 16 6 -4 -13 56 3 -9 3 25 5 -9 52 17 7 1 22 -24 -14 2 -7 -21 34 -13 29 1 13 31 21 -34 -6 -8 -16 28 13 -5 46 -1 -3 8 2 17 9 41 38 -18 2 -2 42 21 -6 -5 -4 7 -3 10 26 35 4 54 40 28 0 -5 29 20 6 -2 -36 4 -9 9 -22 38 32 44 9 25 -17 21 36 44 7 18 3 5 -2 -3 0 14 -33 
 40 -16 7 42 9 10 28 6 0 19 17 9 1 15 19 -2 -2 19 -16 25 2 -22 25 -13 -6 15 6 21 -33 -2 -17 26 22 17 31 4 1 -7 -16 14 10 32 11 21 9 -6 -13 12 1 2 -21 19 37 17 9 43 0 -9 -5 18 27 -9 5 27 -2 20 3 -3 20 23 -5 -1 -8 13 33 51 10 -19 -9 -6 5 23 38 -9 60 23 -19 14 42 8 4 13 22 7 9 -21 -22 30 15 -2 
-20 -12 12 27 12 2 -1 22 -10 24 19 4 0 -17 57 5 -7 7 24 4 -9 50 16 6 -1 21 -23 -11 2 -8 -21 36 -13 25 5 10 32 26 -36 -6 -8 -19 26 11 -7 44 -2 -1 9 4 13 6 40 41 -13 1 -4 37 21 -10 -11 -4 8 -1 7 24 33 3 54 43 26 0 -2 32 20 5 -4 -28 4 -10 7 -22 39 29 44 3 27 -17 25 34 42 8 12 3 2 -2 -2 -4 13 -33 
 41 -17 11 42 9 9 28 10 -1 20 15 11 6 19 18 -1 -3 18 -16 26 4 -22 28 -20 -1 13 11 23 -33 -2 -19 26 24 17 28 6 -4 -8 -18 14 10 31 10 21 9 -3 -13 12 -1 7 -19 23 33 14 12 40 1 -8 -5 15 26 -5 7 26 -1 16 0 -6 21 25 -1 -1 -7 13 35 52 11 -23 -12 -8 7 22 38 -7 59 22 -24 8 43 6 3 11 21 7 5 -23 -21 33 15 -7 
-16 -10 7 27 12 5 1 22 -16 23 22 4 0 -20 55 5 -9 5 21 6 -10 51 19 8 -2 21 -21 -7 5 -5 -21 37 -15 27 2 9 31 26 -37 -8 -12 -20 27 11 -6 44 0 1 6 4 10 3 34 40 -9 2 -2 38 22 -11 -8 -2 6 0 7 20 36 5 55 44 27 -2 2 29 17 4 -5 -31 4 -16 5 -18 39 32 48 0 32 -16 24 36 43 8 14 3 2 -4 -3 -4 18 -36 
 41 -18 11 38 9 3 34 8 0 18 11 12 6 19 20 -3 -3 21 -16 21 7 -22 31 -21 -2 13 12 18 -30 -2 -19 21 24 15 25 3 -9 -8 -18 18 11 30 13 21 6 -4 -8 17 2 4 -29 19 32 17 10 39 3 -7 -4 13 27 -8 4 27 -1 16 1 -6 19 27 2 -3 -7 5 38 51 9 -21 -12 -1 7 23 38 -10 60 23 -25 10 42 3 5 7 21 7 7 -23 -24 31 22 -6 
-12 -13 10 30 16 0 -1 18 -10 25 20 9 0 -25 51 8 -9 10 25 5 -13 49 21 3 -1 21 -26 -8 3 -6 -23 35 -17 27 4 9 33 25 -40 -5 -12 -13 27 7 -5 45 1 -1 8 5 12 4 33 44 -6 -2 0 37 22 -6 -6 -1 5 1 10 21 33 7 52 44 26 -6 -1 30 17 1 -4 -28 7 -16 6 -17 39 32 51 -1 35 -18 23 36 43 8 12 9 2 -9 -3 -5 18 -35 
 41 -17 15 37 11 0 31 13 4 17 5 12 7 18 22 -5 -6 18 -14 23 5 -22 34 -22 -1 13 14 21 -33 1 -15 20 25 15 31 4 -8 -5 -18 19 10 34 16 18 3 -4 -8 16 -2 5 -24 16 35 19 11 39 4 -8 -5 18 26 -8 2 31 -1 17 1 -7 23 27 0 -3 -11 11 38 50 8 -13 -16 0 4 23 38 -9 58 21 -29 11 41 6 2 7 18 9 7 -23 -24 32 20 -8 
-16 -15 12 30 20 6 -3 19 -9 25 18 11 1 -29 51 8 -9 4 27 7 -13 46 19 4 -7 22 -30 -8 5 -3 -21 37 -18 25 4 9 32 29 -40 -10 -14 -11 27 3 -3 38 -6 -2 9 0 12 9 32 48 -4 -2 4 41 22 -6 -7 -11 3 1 11 22 36 5 46 45 27 -2 -1 32 17 1 -4 -28 -2 -18 3 -20 38 32 52 -1 36 -24 16 36 43 8 14 8 2 -8 1 -7 15 -37 
 34 -14 16 39 13 -2 32 16 1 17 7 14 14 18 24 -5 -5 20 -13 21 6 -20 38 -24 0 9 16 21 -33 2 -14 18 23 14 30 3 -9 -7 -17 18 12 29 12 22 5 -10 -9 13 -3 6 -25 18 32 23 11 39 4 -10 -4 14 24 -15 -1 33 -3 15 1 -8 23 21 -2 0 -13 9 37 51 6 -13 -18 -1 3 25 38 -10 58 21 -27 7 38 8 7 7 21 11 7 -23 -25 30 19 -12 
-15 -20 12 26 29 5 2 25 -10 23 14 13 10 -26 44 7 -11 5 31 12 -14 43 20 10 -11 21 -29 -11 5 -3 -24 39 -16 27 11 7 35 29 -43 -10 -15 -10 26 1 -6 39 -8 2 15 0 11 12 33 47 -5 -2 5 35 24 -8 0 -12 7 -4 16 20 36 4 44 46 29 -2 -4 35 17 2 -3 -31 -2 -18 2 -21 39 32 49 3 41 -28 14 36 43 7 13 8 -4 -1 0 -7 12 -38 
 34 -16 16 42 9 -3 36 25 2 18 6 14 19 21 25 -6 -7 19 -16 18 4 -18 40 -31 3 11 14 18 -39 -4 -13 19 24 13 25 4 -11 -8 -16 18 12 31 9 24 4 -12 -11 15 -4 6 -23 19 35 25 13 38 3 -6 -9 13 22 -13 -1 31 -1 17 1 -6 21 20 0 -1 -12 8 38 49 5 -9 -20 -1 3 26 38 -8 57 20 -24 7 38 10 5 7 21 11 6 -17 -27 23 21 -7 
-12 -19 10 24 30 5 -2 24 -8 23 14 12 7 -26 43 3 -11 4 26 16 -13 39 20 9 -10 12 -31 -10 7 -2 -24 37 -15 29 9 7 36 29 -47 -12 -15 -10 28 0 0 40 -8 1 15 -3 11 11 34 47 -7 -4 6 38 25 -8 2 -9 8 -2 17 22 33 10 47 44 29 -7 -1 32 18 2 -3 -33 -2 -18 3 -20 42 33 49 -1 41 -28 18 39 43 5 13 7 -8 3 -5 -11 11 -39 
 35 -9 14 40 4 -3 38 27 1 19 6 19 22 21 27 -6 -8 16 -16 18 3 -19 37 -35 2 10 13 19 -39 -5 -12 18 22 14 23 -1 -9 -9 -16 19 13 30 11 25 4 -7 -9 17 -1 5 -22 17 34 25 10 37 0 -6 -8 16 23 -15 -2 27 -1 16 -6 -11 20 19 -1 -5 -12 8 40 53 2 -8 -21 -1 4 26 35 -11 57 19 -26 7 42 6 2 4 25 11 9 -15 -29 26 21 -7 
-13 -20 11 27 27 1 2 23 -10 24 12 17 7 -22 47 7 -11 0 24 16 -16 39 20 12 -11 17 -31 -7 5 0 -23 32 -16 31 9 10 39 39 -45 -11 -14 -11 30 0 4 44 -6 1 13 -4 8 11 34 47 -2 0 12 42 26 -7 3 -10 7 -5 19 21 34 12 43 50 29 -10 -2 30 16 -1 -7 -33 -2 -19 1 -20 41 32 49 0 41 -26 19 39 44 1 14 8 -7 2 -4 -15 11 -41 
 36 -10 13 37 3 0 39 27 5 15 9 19 19 22 29 -8 -8 11 -14 17 4 -19 33 -33 4 9 13 21 -37 -1 -18 21 20 15 27 -1 -14 -4 -22 23 12 26 10 25 2 -10 -10 13 5 7 -20 17 38 27 10 36 -2 -9 -6 14 22 -13 -2 27 -2 17 -6 -9 18 18 -3 -6 -6 11 35 51 4 -9 -20 -6 4 26 36 -10 60 21 -25 12 43 8 7 11 21 11 9 -15 -29 26 21 -8 
-12 -24 11 27 28 0 7 26 -11 21 12 18 7 -21 49 9 -9 -1 24 17 -15 41 18 12 -14 24 -28 -2 9 -2 -28 31 -10 34 7 8 38 39 -47 -11 -15 -11 30 0 9 44 -8 2 10 -4 4 10 31 47 5 1 12 42 26 -6 3 -13 7 -3 16 22 32 16 43 47 26 -10 -8 27 17 -1 -10 -33 -4 -20 5 -24 41 31 49 -5 43 -30 13 42 46 -4 15 8 -6 2 -4 -12 9 -39 
 35 -5 14 36 -1 3 39 22 8 14 9 18 23 22 31 -7 -5 8 -16 19 -1 -18 33 -33 1 10 16 22 -43 -1 -23 20 19 14 25 1 -13 -8 -22 23 13 27 10 25 0 -9 -10 15 6 6 -24 14 37 27 8 33 -1 -8 -7 15 22 -14 -2 25 1 19 -7 -12 19 21 0 -5 -9 11 32 51 2 -7 -23 -3 3 27 37 -9 66 23 -22 11 44 11 12 10 16 10 6 -17 -29 23 19 -9 
-12 -25 10 26 30 -1 4 27 -14 25 13 20 11 -22 52 10 -15 0 23 22 -17 40 25 10 -15 24 -27 -5 6 -3 -26 32 -5 34 5 7 39 37 -48 -10 -16 -11 32 -1 6 44 1 -2 8 -4 7 9 32 47 0 3 9 36 26 -8 1 -18 7 -4 14 25 32 16 44 51 27 -13 -8 27 16 -4 -8 -35 -4 -22 8 -23 41 27 54 -3 48 -31 14 41 48 1 16 10 -8 1 -6 -10 16 -41 
 35 -7 18 32 -1 1 42 25 8 12 10 19 25 22 30 -7 -1 6 -16 23 -1 -20 37 -32 1 10 15 23 -43 -3 -25 17 16 14 25 2 -14 -8 -24 27 15 24 11 28 0 -9 -7 13 7 7 -24 16 35 27 11 33 -1 -10 -7 19 19 -13 -2 26 1 24 -2 -12 20 21 0 1 -7 13 33 51 1 -6 -23 -2 10 25 35 -9 64 18 -20 11 46 11 11 14 15 9 9 -16 -28 23 19 -9 
-15 -23 10 22 30 -1 0 27 -26 24 12 20 11 -21 59 10 -18 0 23 32 -19 40 24 8 -13 16 -27 -5 3 -3 -28 29 -6 34 1 9 32 38 -47 -11 -15 -15 31 -1 3 44 1 -2 11 -3 9 8 29 48 0 9 7 41 25 -9 4 -16 6 -4 16 30 31 20 43 52 24 -13 -7 28 16 -5 -3 -33 -6 -24 8 -22 41 31 54 2 44 -30 20 45 47 0 18 9 -8 4 -7 -6 17 -43 
 34 -7 18 27 -1 1 42 25 12 6 9 19 17 23 35 -10 2 5 -13 21 0 -17 36 -30 4 8 16 28 -38 -3 -27 18 20 15 25 -1 -9 -10 -25 23 17 23 11 26 5 -10 -6 15 4 8 -23 15 33 27 11 34 2 -7 -7 21 17 -11 4 26 1 27 -2 -13 19 23 0 7 -8 12 35 51 5 -2 -22 -3 11 22 35 -6 64 15 -21 11 46 12 14 16 17 9 10 -16 -31 21 16 -11 
-13 -27 8 23 27 -2 2 31 -24 24 14 18 7 -24 58 15 -21 0 24 36 -19 40 21 6 -11 16 -29 -7 4 -6 -28 30 -6 41 2 8 32 42 -49 -14 -15 -15 32 -1 5 48 -1 -3 9 -7 7 7 30 44 1 9 7 42 26 -9 2 -19 6 -5 16 33 32 20 44 50 20 -13 -4 32 23 -11 -2 -38 -4 -22 10 -23 40 29 50 -1 44 -28 19 48 45 -3 19 9 -8 3 -6 -6 17 -43 
 33 -10 21 27 0 -3 45 24 11 6 10 20 22 24 35 -9 -1 5 -13 13 2 -17 30 -28 3 8 14 24 -39 0 -27 18 19 14 24 3 -10 -13 -23 22 17 20 7 26 7 -9 -11 12 9 6 -19 15 34 29 12 34 5 -4 -7 21 15 -9 4 27 1 21 1 -14 19 23 0 7 -5 11 39 48 10 3 -23 -2 10 26 36 -7 66 15 -24 9 52 10 21 19 17 7 16 -15 -31 21 16 -12 
-15 -28 6 22 24 -4 2 33 -26 26 17 18 6 -26 57 17 -22 0 24 39 -17 40 20 6 -12 18 -31 -7 0 -7 -26 32 -13 35 5 10 32 42 -50 -10 -13 -16 32 -1 5 47 -1 0 8 -3 12 8 33 44 0 11 10 42 26 -6 -2 -16 12 -7 15 31 32 19 43 44 19 -13 -7 33 22 -11 1 -40 -4 -22 12 -24 45 24 47 2 49 -24 19 49 46 -3 17 11 -6 9 1 -8 17 -37 
 34 -10 22 26 2 1 43 25 8 12 5 20 21 20 33 -8 -2 6 -13 10 5 -15 28 -27 7 7 13 24 -41 -2 -29 16 20 12 27 -1 -8 -13 -25 18 18 19 11 26 10 -5 -9 11 11 4 -22 15 35 30 17 37 10 -5 -11 21 15 -11 7 26 7 24 1 -12 19 26 -2 7 1 9 39 51 14 3 -23 -1 9 28 32 -9 65 12 -23 11 52 12 20 18 17 5 14 -15 -29 19 16 -7 
-15 -28 7 24 22 -4 2 34 -25 27 19 18 7 -28 52 20 -21 4 23 39 -22 39 15 6 -17 20 -29 -4 3 -7 -28 33 -12 35 6 13 35 42 -52 -9 -15 -15 28 -1 4 49 0 5 4 -3 17 7 30 50 0 11 11 41 24 -4 0 -21 13 -8 13 31 37 17 41 44 18 -12 -11 38 24 -11 2 -43 -5 -25 14 -24 47 23 49 1 46 -24 12 45 52 -2 18 16 -7 7 -1 -13 17 -34 
 34 -9 22 21 2 1 43 26 12 11 8 17 19 21 38 -12 -2 4 -13 11 3 -19 27 -31 5 5 14 25 -41 -2 -26 15 19 11 24 0 -10 -13 -25 17 21 18 10 26 11 -7 -14 9 9 5 -22 17 35 26 13 38 6 -3 -18 24 17 -11 5 27 4 21 -3 -8 15 27 -1 5 -3 12 40 54 15 1 -21 -4 10 28 33 -6 63 14 -23 7 50 13 16 22 18 11 16 -13 -28 18 16 -8 
-13 -28 5 26 16 0 0 38 -22 32 20 18 9 -27 55 20 -23 3 24 41 -20 39 20 4 -15 22 -28 -6 4 -8 -25 32 -13 38 8 23 36 43 -53 -10 -7 -15 24 -4 4 50 -1 5 4 -4 20 9 33 49 1 10 9 42 29 -2 1 -24 12 -8 12 37 36 22 41 47 16 -12 -13 41 25 -9 2 -46 -1 -25 12 -22 48 23 46 0 44 -23 13 51 52 -2 17 15 -3 7 -5 -13 18 -32 
 33 -9 20 20 3 -1 44 34 13 9 9 18 23 20 38 -14 -2 5 -13 11 3 -19 27 -30 6 7 18 24 -40 -1 -28 15 16 15 23 -2 -14 -12 -25 18 21 16 12 28 11 -6 -13 12 9 4 -23 18 35 26 13 39 7 -7 -23 23 9 -9 7 26 3 19 -3 -10 10 27 1 7 1 14 39 54 15 1 -22 -9 10 32 35 -8 58 13 -24 1 49 11 16 20 16 9 17 -15 -24 20 17 -9 
-14 -30 6 24 13 0 -1 37 -21 32 24 18 9 -29 51 20 -22 7 24 42 -17 41 21 5 -18 27 -31 -4 6 -8 -15 34 -12 38 11 25 36 43 -55 -8 -8 -14 24 -5 4 49 -4 6 4 -6 20 4 30 50 1 8 8 38 30 2 -1 -27 12 -13 13 33 36 28 36 47 18 -11 -8 41 31 -12 -2 -51 -7 -25 12 -25 51 25 52 0 43 -20 14 49 52 -2 17 12 -3 8 -3 -17 19 -33 
 32 -9 23 20 5 -1 48 32 15 9 9 20 25 26 41 -14 -1 2 -13 10 5 -18 31 -30 3 7 14 27 -36 -3 -24 14 15 15 24 -3 -14 -13 -28 16 21 18 16 31 12 -7 -12 14 10 6 -22 19 33 23 14 39 9 -10 -25 25 12 -11 7 19 4 18 -3 -10 11 24 2 4 -7 13 38 51 14 6 -26 -7 12 36 37 -6 58 12 -23 3 50 11 11 18 16 10 18 -13 -21 22 18 -7 
-12 -30 11 27 17 4 1 38 -22 33 31 18 9 -28 53 20 -23 5 23 39 -18 46 21 8 -13 24 -28 -2 1 -11 -16 33 -13 42 13 27 37 46 -55 -14 -4 -9 25 1 7 52 -3 2 5 -10 25 4 33 48 4 9 7 42 34 -1 -2 -24 17 -10 12 31 38 28 34 47 18 -6 -10 40 33 -10 -4 -50 -6 -27 9 -26 48 27 54 -5 47 -20 10 51 55 -1 19 12 0 8 -2 -17 15 -32 
 30 -6 25 22 3 -1 54 32 20 10 10 18 24 21 44 -15 -4 7 -18 11 -1 -18 31 -29 4 7 16 27 -38 -2 -24 15 11 16 21 -2 -18 -11 -26 12 21 17 17 33 12 -2 -16 13 12 4 -19 22 37 24 17 37 7 -12 -22 26 15 -9 5 19 7 19 -3 -11 11 25 2 4 -2 17 40 49 13 7 -26 -6 8 37 36 -7 61 12 -19 3 46 14 10 19 18 11 13 -13 -21 25 19 -5 
-20 -29 9 28 19 6 1 36 -22 32 30 19 7 -33 56 19 -23 4 20 39 -18 44 23 8 -16 28 -27 0 3 -16 -16 30 -17 37 18 28 37 45 -58 -16 -7 -6 24 3 7 54 -3 5 6 -9 24 6 32 40 3 10 9 42 38 0 -1 -24 12 -8 9 29 42 29 40 51 20 -7 -11 38 38 -14 -5 -57 -6 -27 12 -24 47 25 54 -3 47 -20 15 55 53 5 21 12 0 10 -4 -18 12 -31 
 31 -6 27 21 1 0 53 31 19 9 11 18 27 25 46 -12 -2 10 -15 12 -1 -14 28 -29 7 3 14 28 -35 -1 -26 22 14 12 22 -5 -15 -16 -28 11 23 15 16 33 14 -2 -16 9 13 1 -20 24 37 22 19 38 4 -13 -20 26 9 -12 5 16 5 18 -5 -9 7 18 3 4 0 12 38 49 9 7 -26 -5 10 37 38 -4 61 10 -21 0 43 13 10 19 14 11 15 -14 -19 23 18 -7 
-19 -26 12 25 16 6 -1 38 -20 34 32 14 5 -36 59 19 -21 3 20 38 -17 44 22 9 -13 26 -25 -1 6 -14 -13 35 -15 38 29 27 37 42 -60 -16 -7 -7 23 6 7 53 -2 5 7 -9 19 8 29 40 5 11 13 42 36 4 0 -24 12 -7 7 32 38 34 34 49 22 -6 -14 42 37 -15 -5 -57 -4 -31 12 -22 44 27 56 -6 48 -19 12 57 53 -2 20 11 1 10 -8 -20 11 -32 
 33 -5 26 19 1 1 49 30 22 10 9 18 29 22 47 -14 -2 9 -16 11 2 -13 30 -28 1 0 11 28 -36 -3 -27 21 15 13 23 -6 -15 -14 -29 9 24 14 19 32 16 2 -18 5 12 1 -19 24 40 23 21 39 -3 -13 -21 24 5 -9 7 15 0 15 -5 -6 7 17 4 6 -1 12 38 54 7 7 -23 -7 13 39 31 -2 63 11 -19 2 45 10 9 18 13 11 14 -14 -18 19 22 -13 
-19 -26 4 24 19 7 -2 39 -19 31 36 7 5 -34 59 20 -24 4 18 41 -14 45 22 12 -13 23 -31 -6 5 -17 -14 36 -15 39 25 27 43 42 -59 -19 -3 -7 24 8 0 52 -1 6 5 -8 20 7 30 42 3 8 14 42 35 3 0 -26 12 -7 8 31 38 32 33 49 22 0 -11 42 34 -13 -8 -53 -9 -30 14 -22 44 30 56 -6 51 -19 13 52 55 4 23 15 2 11 -11 -21 12 -32 
 33 -5 30 21 3 2 53 30 22 11 12 16 34 20 46 -14 -5 9 -18 17 2 -15 29 -30 4 -1 13 26 -34 -7 -28 17 17 8 24 -6 -13 -15 -26 11 24 14 16 31 13 2 -19 9 12 -2 -17 26 42 24 22 39 1 -13 -21 25 5 -6 7 6 3 14 -8 -4 3 18 3 8 -8 11 40 53 6 7 -24 -10 12 39 31 -1 62 10 -23 -1 44 9 12 20 12 9 15 -19 -15 18 21 -13 
-20 -31 4 24 14 9 -4 36 -16 39 32 8 5 -29 54 20 -23 5 21 38 -12 44 16 9 -11 26 -29 -5 4 -19 -14 37 -22 35 22 27 43 43 -58 -15 -7 -6 24 11 1 54 0 8 7 -13 20 7 26 40 5 7 18 42 31 4 0 -24 12 -10 4 25 39 38 33 50 23 -2 -8 38 38 -14 -11 -52 -8 -27 12 -24 49 29 56 -1 52 -21 15 53 54 3 27 16 -2 11 -11 -23 11 -30 
 33 -3 28 19 4 0 51 33 26 12 10 20 39 17 46 -14 -3 5 -18 19 3 -13 26 -29 3 1 14 22 -30 -7 -28 24 13 13 23 -9 -13 -15 -25 17 24 14 17 31 14 1 -20 10 13 -2 -21 25 44 23 24 42 5 -16 -22 21 5 0 6 5 5 13 -10 0 0 18 2 15 -11 10 38 49 5 7 -23 -10 15 37 36 -1 61 7 -22 -2 39 5 10 19 16 8 12 -19 -13 18 26 -10 
-18 -30 4 25 12 11 -4 38 -14 39 32 5 5 -24 55 19 -23 3 25 37 -13 42 16 10 -12 24 -28 -7 5 -21 -13 37 -17 35 23 26 42 43 -59 -15 -7 -6 29 12 1 55 1 8 6 -12 19 4 26 38 6 7 20 43 29 10 2 -28 18 -12 0 24 38 40 30 53 25 1 -8 40 37 -16 -13 -55 -8 -26 9 -21 44 27 58 -3 51 -22 14 52 57 3 27 14 -1 12 -12 -20 11 -26 
 33 -5 27 17 7 1 51 34 26 12 9 24 41 17 47 -14 -4 2 -14 18 6 -13 26 -29 0 -3 15 18 -30 -10 -26 25 7 13 21 -7 -17 -15 -27 13 20 14 18 30 14 2 -18 11 12 -5 -19 21 44 22 21 42 3 -16 -21 18 11 -4 10 7 5 16 -13 -1 3 15 5 11 -9 13 37 50 7 14 -22 -12 13 36 31 0 60 7 -21 -2 35 6 12 19 15 4 15 -19 -17 17 24 -11 
-17 -26 5 27 11 10 -4 41 -14 41 33 4 3 -24 54 22 -29 3 24 33 -10 43 16 7 -11 22 -28 -4 5 -20 -13 33 -8 37 22 25 42 47 -60 -18 -5 -2 32 12 -1 56 1 16 10 -16 20 5 25 38 6 4 20 44 26 13 9 -33 19 -13 2 24 39 33 31 52 22 2 -8 39 39 -16 -8 -54 -10 -30 12 -18 44 29 60 -3 50 -20 17 53 56 6 25 12 -1 14 -11 -20 7 -27 
 33 -6 29 15 4 2 48 34 29 11 9 27 39 17 51 -13 -2 5 -14 15 7 -13 26 -30 0 -9 19 19 -34 -13 -27 25 9 7 19 -8 -15 -18 -27 12 19 15 18 30 8 1 -18 13 6 -8 -17 21 45 22 20 39 6 -16 -16 19 6 -2 6 5 4 16 -10 1 1 17 3 13 -4 11 38 50 7 12 -25 -6 11 35 31 5 56 5 -22 -3 36 4 15 17 14 1 15 -19 -17 11 27 -10 
-19 -28 -2 30 8 12 -4 42 -13 37 27 3 7 -22 57 25 -31 3 23 30 -7 42 16 9 -13 26 -29 -2 6 -25 -15 27 -8 37 21 28 40 50 -59 -17 -7 -1 37 18 -1 54 6 13 9 -11 17 4 24 38 0 4 20 41 24 16 9 -33 15 -15 8 24 41 32 36 55 23 2 -6 41 37 -15 -6 -55 -9 -30 12 -21 47 25 59 -3 50 -21 19 50 56 5 24 11 -5 19 -11 -18 15 -28 
 33 -4 32 11 5 1 51 36 27 10 11 24 40 18 55 -14 -2 7 -15 10 6 -17 26 -28 -5 -11 15 19 -28 -11 -28 25 9 4 19 -5 -15 -21 -30 13 20 12 16 34 8 1 -18 15 7 -7 -19 26 47 22 23 41 6 -15 -18 21 5 -2 7 3 3 16 -6 -2 -1 16 3 12 -5 11 38 47 7 11 -26 -6 11 38 33 1 57 2 -22 -6 36 3 15 17 17 1 13 -21 -17 9 32 -10 
-20 -28 -2 31 9 14 -4 43 -12 41 25 0 7 -25 52 31 -30 2 23 31 -13 39 16 6 -13 23 -29 -1 9 -25 -16 27 -8 34 20 28 39 52 -60 -20 -11 -2 36 21 2 56 8 11 7 -11 17 9 26 39 3 6 20 43 26 18 12 -27 16 -16 6 24 47 32 38 57 25 7 -6 40 40 -15 -6 -56 -5 -30 12 -18 46 27 57 0 49 -18 19 48 55 7 23 14 2 15 -7 -13 12 -33 
 37 -4 33 15 3 0 51 34 27 17 9 23 41 20 57 -16 -1 7 -18 5 4 -14 26 -31 -2 -15 14 21 -18 -13 -28 22 9 11 20 -9 -11 -29 -32 13 17 10 17 33 12 1 -20 17 7 -13 -17 26 47 22 24 41 5 -13 -20 22 2 -5 8 11 2 20 -5 -6 0 18 5 11 -6 10 39 47 6 10 -17 -9 10 35 32 0 56 2 -21 -9 38 3 13 19 19 1 17 -21 -16 12 33 -15 
-21 -26 -2 31 13 13 0 43 -9 45 27 5 4 -30 50 36 -33 2 25 34 -12 42 19 4 -16 26 -32 -2 8 -21 -10 27 -8 34 20 30 40 53 -61 -20 -11 -3 35 20 -1 52 7 14 7 -8 17 10 21 38 5 3 21 45 25 15 15 -26 20 -11 5 20 52 31 38 54 23 9 -7 38 42 -11 -8 -53 0 -34 12 -18 44 29 57 -1 46 -18 17 49 56 7 25 15 1 14 -7 -16 11 -33 
 39 -3 32 17 0 1 48 38 25 14 11 27 39 18 59 -10 -1 7 -18 5 3 -9 26 -34 -10 -16 19 18 -25 -13 -25 24 9 6 22 -10 -15 -30 -32 17 17 12 19 33 12 1 -22 9 7 -13 -15 22 51 22 24 39 5 -17 -14 23 -2 -6 7 11 5 20 -4 -2 -5 18 2 7 -5 14 43 38 10 15 -21 -6 11 36 34 -1 56 1 -20 -7 38 3 11 22 17 0 13 -19 -16 11 34 -15 
-23 -27 2 32 18 17 -1 50 -12 45 29 4 3 -31 50 45 -35 3 23 27 -15 45 17 7 -16 19 -34 -2 6 -25 -16 27 -8 32 21 27 39 47 -65 -20 -9 -3 38 19 -1 52 8 18 7 -8 17 13 26 39 4 4 27 43 23 20 12 -27 25 -12 1 14 53 31 38 51 23 5 -6 42 49 -16 -14 -52 2 -35 12 -21 41 34 57 -4 49 -15 24 51 55 4 24 18 2 13 -7 -16 9 -30 
 36 -5 33 17 0 -1 51 38 27 14 13 27 38 17 59 -5 -3 2 -16 3 10 -12 21 -35 -11 -11 24 19 -26 -13 -24 20 11 10 24 -10 -18 -28 -28 13 17 12 18 32 7 -2 -21 13 7 -14 -15 18 52 23 26 39 2 -21 -13 25 -5 -4 7 10 3 24 -6 -6 -8 18 3 9 -6 10 43 44 9 11 -21 -8 7 36 34 1 58 1 -22 -7 40 1 13 21 17 2 16 -19 -16 10 34 -10 
-19 -28 1 30 18 17 -3 47 -10 44 29 3 6 -33 46 44 -34 4 22 27 -16 37 18 6 -13 19 -37 -4 11 -23 -15 28 -5 32 22 28 41 47 -70 -17 -8 -2 36 24 -4 51 10 19 11 -7 15 18 27 32 6 9 27 40 19 20 14 -23 22 -14 -4 14 54 34 40 54 20 4 -6 41 49 -19 -12 -53 3 -35 12 -24 38 38 57 -6 48 -15 24 51 62 4 25 18 1 15 -6 -18 7 -36 
 37 -8 33 15 -2 -3 50 39 23 15 13 25 37 21 60 -4 -8 0 -13 6 10 -17 22 -39 -4 -14 22 18 -23 -16 -23 15 10 10 23 -9 -18 -27 -30 14 16 12 23 31 8 -6 -22 13 5 -16 -17 19 49 26 24 37 4 -17 -10 28 -2 -1 5 9 1 26 -9 -10 -7 21 -1 7 -6 11 43 44 7 11 -21 -8 7 34 31 -3 56 0 -21 -6 38 1 15 26 23 0 14 -21 -16 13 37 -11 
-20 -28 3 32 13 12 -7 49 -10 44 32 3 5 -32 49 45 -28 5 21 29 -13 40 18 7 -13 20 -37 -2 11 -21 -18 27 -9 30 26 26 40 44 -71 -14 -6 3 36 26 -4 47 8 16 9 -9 12 24 30 28 2 10 27 43 19 20 10 -24 25 -11 -8 14 56 34 40 51 16 5 -9 39 54 -18 -12 -54 5 -39 10 -19 37 38 57 -2 44 -12 24 55 61 4 27 14 -1 14 -3 -16 6 -36 
 33 -9 34 16 -2 1 55 33 22 17 9 27 32 23 59 -6 -10 3 -15 3 7 -20 22 -38 -10 -15 24 17 -22 -14 -25 20 14 -1 23 -8 -17 -33 -36 14 14 9 21 30 8 -8 -19 11 8 -13 -22 20 50 29 23 35 5 -18 -12 26 -2 -3 6 12 2 26 -7 -10 -3 21 -5 7 -3 15 44 47 7 13 -20 -10 5 34 32 -2 56 -1 -19 -9 39 -4 11 26 24 1 10 -25 -16 4 40 -10 
-18 -28 4 31 14 12 -8 52 -3 45 33 2 6 -32 47 44 -26 6 25 29 -13 38 17 8 -8 19 -38 -2 12 -20 -23 32 -6 34 20 27 38 43 -71 -10 -5 5 37 28 -9 47 8 17 9 -6 7 24 29 26 3 9 28 43 18 19 12 -25 21 -12 -9 15 55 36 40 53 18 4 -5 41 60 -16 -10 -50 5 -40 10 -14 37 40 57 -2 44 -13 24 56 61 6 27 13 2 19 -4 -18 7 -31 
 36 -11 36 18 1 1 55 34 24 17 9 27 32 23 64 -8 -9 2 -17 3 7 -20 22 -40 -10 -5 24 18 -22 -14 -21 16 14 -2 25 -4 -18 -33 -32 18 12 5 25 25 4 -6 -19 10 4 -16 -22 17 51 37 25 33 7 -17 -5 26 -1 -2 2 15 2 27 0 -19 -7 24 -6 6 -4 15 47 47 10 15 -26 -10 7 29 32 -6 56 -1 -20 -7 39 -3 13 24 25 -5 10 -24 -12 5 42 -11 
-22 -28 2 36 14 14 -7 55 -3 45 36 3 8 -37 48 48 -19 4 24 33 -13 39 18 7 -8 17 -36 -3 10 -20 -25 38 -6 31 19 26 38 46 -70 -10 -5 4 35 30 -7 46 3 23 9 -4 11 29 30 26 3 9 32 40 22 20 10 -15 22 -12 -7 15 57 39 41 60 14 6 -6 40 62 -13 -11 -50 8 -41 15 -16 37 40 54 4 44 -15 25 56 60 9 28 11 0 21 -3 -16 7 -31 
 34 -10 39 19 4 1 55 32 22 17 11 29 30 25 63 -11 -9 -4 -18 4 7 -19 19 -40 -9 -4 21 18 -22 -14 -24 18 14 -3 26 -6 -18 -36 -32 19 -1 7 21 27 10 -8 -18 14 6 -13 -19 18 51 40 24 31 7 -17 -5 30 2 3 2 15 1 30 1 -22 -6 19 -9 13 0 15 51 53 13 15 -29 -10 11 30 32 -4 50 0 -21 -6 36 -3 14 28 21 -6 13 -25 -15 4 45 -17 
-25 -30 6 39 15 13 -8 54 -6 47 39 9 11 -36 48 44 -22 5 25 36 -12 39 18 7 -8 17 -40 -7 10 -20 -26 38 -9 31 19 24 36 49 -63 -17 -9 2 34 31 -8 44 3 23 11 -4 12 28 24 24 6 8 35 42 20 16 9 -15 27 -12 -9 22 56 36 36 60 12 6 -8 37 62 -15 -10 -49 8 -42 14 -13 39 38 55 3 44 -17 24 56 61 7 23 14 -2 22 -3 -18 7 -30 
 36 -9 41 18 3 1 54 31 24 18 9 29 34 24 63 -10 -5 -3 -16 1 7 -19 20 -39 -11 -4 31 15 -21 -15 -26 18 13 0 26 -13 -14 -40 -33 19 -3 7 22 25 11 -8 -15 13 4 -12 -22 21 48 37 20 31 6 -17 0 31 6 6 4 13 1 32 4 -21 -7 19 -4 12 1 18 53 52 15 18 -30 -3 10 33 32 -8 51 -2 -21 -6 36 -3 14 25 22 -8 19 -25 -15 8 47 -18 
-27 -32 5 40 15 12 -4 55 -2 51 40 5 11 -38 50 44 -19 7 23 36 -13 39 18 7 -8 17 -38 -2 7 -21 -28 41 -9 29 23 24 39 47 -61 -16 -8 2 37 30 -9 44 5 29 8 -4 7 30 23 25 9 9 36 40 23 14 9 -16 24 -15 -8 13 53 42 34 62 12 4 -9 39 60 -14 -10 -51 7 -42 12 -20 39 39 54 3 43 -16 25 55 58 12 23 15 -1 21 1 -19 7 -23 
 35 -10 41 19 5 -4 53 32 22 14 6 29 37 23 62 -9 -6 -2 -18 1 5 -19 19 -41 -10 -3 36 13 -19 -14 -27 11 15 3 25 -10 -13 -38 -32 17 -2 7 27 27 11 -6 -17 11 7 -9 -24 19 48 37 20 33 4 -17 -1 26 7 7 0 11 2 30 4 -25 -3 19 -5 9 2 18 47 53 18 17 -27 -2 9 33 30 -8 50 -6 -22 -4 34 -4 14 27 24 -9 23 -23 -10 13 47 -21 
-25 -31 5 38 13 11 -8 52 -3 59 38 5 11 -34 52 42 -18 5 22 35 -12 40 15 5 -7 17 -42 3 6 -20 -30 40 -12 31 24 24 40 47 -61 -17 -7 5 36 30 -16 40 7 29 9 -4 7 30 18 24 4 11 33 38 22 14 10 -14 24 -12 -8 11 52 41 32 59 10 2 -8 37 62 -17 -11 -51 6 -47 13 -21 42 38 56 6 39 -15 27 52 55 12 27 16 -4 20 1 -19 4 -21 
 33 -7 41 20 4 -2 49 31 25 12 2 34 37 21 58 -11 -7 -1 -17 3 7 -21 21 -34 -8 -2 37 15 -18 -14 -25 11 15 5 24 -11 -15 -42 -33 19 -2 7 28 26 11 -3 -20 9 6 -9 -25 19 47 36 19 34 6 -22 -5 26 3 4 0 11 2 30 6 -26 -5 21 -7 7 1 16 45 54 17 19 -27 -5 10 30 28 -10 47 -9 -17 -3 33 -4 19 27 21 -3 26 -27 -9 13 50 -25 
-30 -31 2 39 13 6 -4 52 -4 58 38 10 7 -34 54 36 -20 3 23 37 -9 38 11 7 -9 15 -43 12 8 -20 -27 45 -8 25 24 24 37 48 -59 -17 -9 -1 36 29 -15 37 9 22 10 -4 5 25 15 24 3 12 41 36 21 14 4 -13 24 -14 -11 15 48 41 32 59 7 2 -8 35 60 -16 -10 -56 1 -48 17 -21 45 39 60 6 40 -15 28 55 59 12 31 20 -1 20 -1 -26 4 -19 
 39 -9 43 18 4 0 51 30 28 13 2 35 42 21 58 -7 -10 2 -17 5 1 -21 25 -33 -6 -1 37 15 -14 -15 -25 16 13 7 20 -10 -7 -45 -27 19 -3 12 26 27 14 -2 -21 9 11 -10 -28 19 47 36 20 36 10 -23 -5 30 -1 5 -3 12 4 29 7 -23 -3 21 -7 7 1 13 46 54 18 21 -28 -9 8 29 24 -14 47 -7 -17 -3 31 3 16 27 24 -3 28 -29 -9 14 47 -24 
-31 -33 5 32 14 9 -6 52 -4 60 36 12 3 -32 54 39 -19 0 25 36 -8 36 15 7 -9 17 -42 9 9 -20 -26 44 -11 25 27 24 36 49 -62 -16 -13 -5 37 31 -15 39 8 30 7 5 9 20 16 27 0 11 45 36 22 14 3 -16 26 -10 -10 21 49 41 32 59 7 6 -10 32 59 -10 -15 -58 1 -50 17 -20 46 39 62 5 42 -17 27 53 58 11 32 22 -2 15 -1 -25 8 -27 
 34 -8 41 22 6 0 52 29 28 13 3 33 42 20 56 -10 -10 5 -15 4 1 -19 27 -33 -9 -2 39 17 -17 -14 -26 16 11 6 21 -10 -10 -47 -27 19 0 13 30 30 10 -2 -21 6 5 -13 -31 22 46 38 19 34 12 -23 -5 29 -1 0 -3 10 3 31 7 -25 -2 21 -7 12 -1 11 46 58 17 27 -26 -9 7 27 24 -12 50 -7 -15 3 22 4 15 24 27 -4 27 -28 -8 11 51 -22 
-32 -31 0 33 13 3 -5 52 -1 60 36 15 -1 -28 50 39 -22 3 28 39 -8 38 12 7 -8 16 -41 7 10 -21 -25 46 -13 24 28 21 32 52 -64 -16 -19 -5 40 31 -15 39 4 28 7 9 9 23 17 27 9 9 44 34 20 15 4 -17 26 -13 -9 21 44 37 33 60 4 5 -8 32 59 -8 -16 -58 1 -49 17 -20 44 39 62 6 43 -15 29 56 62 8 31 17 -4 13 2 -23 7 -25 
 35 -7 40 19 4 4 54 30 27 13 5 36 46 18 58 -11 -13 5 -17 1 -4 -21 22 -33 -13 -1 38 18 -17 -12 -25 17 12 7 18 -10 -11 -45 -29 16 4 11 30 31 6 -4 -20 6 5 -17 -32 23 44 42 19 37 11 -19 -3 27 -1 -1 0 4 2 31 10 -22 1 25 -8 12 -6 11 50 59 17 27 -26 -6 5 26 22 -8 49 -8 -18 1 25 7 15 27 25 -4 26 -30 -10 13 53 -23 
-34 -33 -3 27 15 9 -9 53 -4 57 34 12 0 -22 45 40 -27 2 27 39 -5 37 9 10 -6 12 -49 8 10 -22 -26 45 -11 26 27 17 32 47 -68 -16 -14 -4 45 24 -17 39 2 32 8 11 8 20 19 27 9 7 38 34 19 16 3 -14 29 -13 -12 19 46 37 36 62 0 0 -7 33 56 -4 -15 -53 0 -50 18 -20 49 43 64 5 43 -16 30 55 62 8 36 18 -3 12 -1 -22 4 -24 
 33 -7 42 22 3 9 51 29 28 14 5 39 48 20 61 -15 -16 3 -17 1 -2 -21 23 -37 -14 -4 34 15 -22 -13 -26 19 13 9 18 -10 -11 -46 -30 14 5 11 29 30 7 -5 -13 6 3 -19 -29 23 43 46 19 40 10 -19 -2 26 2 0 -3 5 6 28 12 -16 1 26 -10 11 -5 10 50 53 17 27 -27 -5 2 26 18 -12 51 -8 -15 -1 27 7 15 27 23 -1 25 -27 -4 13 57 -23 
-33 -33 -6 25 18 7 -12 53 -7 57 32 10 -1 -23 45 44 -27 4 31 39 -3 33 10 11 -6 12 -46 8 10 -24 -18 48 -6 29 27 18 30 50 -68 -14 -11 7 43 28 -18 40 4 30 9 12 10 21 20 26 12 7 39 32 18 17 3 -16 29 -11 -9 20 47 38 39 67 -1 5 -7 39 54 -4 -17 -53 -4 -47 20 -20 47 48 64 1 43 -14 36 54 61 9 34 17 1 11 4 -26 5 -22 
 34 -8 41 25 -2 5 47 29 25 12 -4 39 46 18 64 -13 -14 1 -16 1 4 -25 22 -39 -14 -1 31 15 -22 -14 -25 19 15 9 18 -13 -10 -51 -31 12 5 13 27 30 7 -3 -9 7 6 -18 -29 22 43 44 18 43 12 -19 -1 25 4 0 -3 3 2 25 16 -17 -2 21 -13 14 -7 9 52 51 19 27 -26 -6 -1 26 22 -9 50 -7 -15 -3 28 9 14 27 24 -1 31 -22 -6 14 57 -24 
-33 -28 -3 23 18 5 -10 54 -7 60 33 6 2 -23 44 45 -28 9 26 38 -3 31 8 11 -7 17 -42 7 12 -22 -20 52 -4 26 26 15 36 42 -68 -14 -11 6 42 27 -16 41 8 24 7 12 10 20 19 23 9 1 40 32 19 16 3 -17 29 -8 -9 19 43 40 37 66 -5 3 -4 39 62 -3 -13 -54 2 -47 14 -18 50 51 64 2 45 -16 39 54 61 14 40 12 1 13 5 -25 5 -22 
 34 -10 40 27 0 3 45 30 24 13 -6 40 52 18 60 -11 -13 -1 -15 -1 5 -23 27 -36 -10 -1 35 13 -24 -18 -29 23 17 12 17 -16 -9 -52 -31 14 3 13 27 27 7 -7 -5 11 1 -14 -26 22 41 44 18 41 14 -18 -2 23 5 -1 -3 1 1 26 20 -17 -4 18 -9 14 -1 12 55 55 18 24 -30 -5 -5 23 19 -6 50 -4 -19 -1 29 11 14 21 26 -3 29 -22 -8 13 57 -22 
-31 -28 -4 23 17 5 -5 51 -7 62 30 7 4 -21 47 45 -32 14 32 38 -7 31 11 12 -9 18 -39 6 10 -24 -26 52 -3 25 29 16 36 45 -71 -11 -11 6 42 27 -13 41 8 22 6 7 9 26 19 27 6 0 35 31 18 17 3 -17 29 -5 -9 19 42 40 36 65 -5 -1 -8 40 58 -4 -13 -50 0 -48 13 -22 45 54 64 2 42 -16 41 59 62 14 36 11 0 18 6 -20 5 -19 
 33 -9 39 24 1 4 47 24 20 11 -6 42 57 18 61 -8 -13 0 -13 2 4 -20 28 -38 -6 0 37 12 -21 -19 -29 21 18 14 16 -14 -7 -55 -26 17 3 14 27 27 5 -6 -5 10 4 -16 -22 20 41 39 21 42 16 -15 -1 22 5 -2 0 3 1 35 23 -17 -3 17 -11 8 -4 5 57 51 18 24 -27 -5 -6 21 19 -6 50 -5 -16 0 33 12 9 21 28 -3 28 -22 -7 11 56 -29 
-31 -29 -6 22 17 6 -5 49 -4 60 29 6 5 -22 48 47 -34 18 32 40 -9 36 12 13 -9 15 -40 7 7 -28 -21 51 -1 28 32 17 36 40 -70 -8 -13 8 40 27 -14 39 8 14 4 5 6 29 18 25 5 4 35 32 17 15 3 -18 29 2 -14 21 48 44 37 64 -14 5 -5 35 57 -8 -10 -49 2 -47 14 -21 43 58 66 -2 39 -14 47 58 61 13 36 11 0 18 5 -21 4 -17 
 29 -6 39 23 2 -1 45 31 20 13 -7 37 57 20 61 -11 -8 7 -15 3 5 -19 30 -45 -3 -2 36 14 -24 -23 -28 21 18 11 16 -16 -9 -54 -26 18 2 10 25 27 4 -12 -5 12 6 -14 -20 17 42 47 19 39 16 -13 -2 23 5 -1 0 7 2 36 27 -20 -3 14 -7 9 -7 7 56 49 19 22 -28 -6 -6 21 19 -3 49 -7 -17 3 33 12 11 23 28 -2 29 -17 -10 6 56 -33 
-34 -27 -7 20 14 4 -4 50 -8 62 31 7 4 -18 45 44 -34 19 35 45 -9 39 8 16 -7 16 -44 5 8 -31 -20 50 -3 29 32 17 36 40 -73 -7 -15 5 40 27 -15 38 9 12 2 3 6 27 16 26 6 7 32 32 17 17 4 -15 29 3 -11 23 48 43 35 67 -15 5 -4 35 56 -13 -10 -49 1 -46 12 -28 42 61 67 -8 38 -16 45 57 59 14 37 11 2 17 7 -21 5 -16 
 22 -5 40 22 1 -1 46 30 21 12 -6 41 56 16 57 -10 -7 14 -17 5 4 -22 31 -49 -6 -2 37 13 -25 -27 -27 18 16 14 18 -18 -16 -54 -26 18 1 10 25 27 7 -10 -3 10 10 -6 -16 23 41 52 20 38 17 -14 -2 21 4 3 4 5 -1 37 27 -18 -1 10 -5 9 -6 7 60 46 19 21 -29 -6 -7 19 19 -6 52 -9 -18 11 32 12 9 20 28 -3 27 -13 -7 6 54 -33 
-35 -26 -4 23 17 4 -2 52 -6 57 32 4 4 -20 47 41 -34 21 36 43 -3 45 10 15 -9 18 -42 7 8 -31 -20 55 -1 29 31 18 41 40 -73 -5 -14 10 40 30 -16 40 15 12 -1 4 7 26 16 28 8 7 35 32 21 19 3 -16 31 3 -10 22 53 42 39 66 -16 5 -4 37 59 -13 -12 -50 0 -49 14 -27 32 62 61 -8 38 -16 48 55 53 12 34 12 3 14 9 -27 6 -18 
 23 1 39 19 -2 1 43 31 20 9 -7 40 57 16 59 -9 -7 14 -19 7 4 -26 34 -50 -6 -2 39 14 -24 -28 -27 18 16 13 21 -19 -15 -50 -24 13 1 11 25 23 10 -9 -4 9 12 -6 -18 24 37 55 27 41 19 -13 -4 21 3 7 2 2 -2 36 24 -13 -2 9 -1 12 -7 5 63 47 19 15 -28 -3 -6 15 16 -5 53 -10 -18 11 31 15 9 21 26 -2 25 -13 -9 5 52 -29 
-30 -23 -4 24 17 5 -4 49 -6 65 30 6 5 -18 44 41 -35 19 37 44 -9 47 9 13 -13 18 -41 5 7 -35 -20 50 -4 28 31 16 49 40 -72 -3 -11 7 34 28 -17 49 14 12 -1 2 10 30 19 29 6 4 34 31 18 20 2 -17 32 6 -9 20 54 45 40 64 -17 4 -7 36 60 -12 -12 -49 2 -51 14 -19 30 62 61 -10 33 -16 49 52 55 11 35 12 -5 15 12 -28 6 -26 
 23 -1 37 19 -4 3 44 29 21 13 -11 44 61 16 56 -9 -8 14 -22 7 5 -27 33 -48 -9 0 39 14 -18 -36 -26 16 15 11 22 -19 -21 -55 -25 12 -3 7 25 23 7 -8 0 9 12 -8 -13 19 38 58 29 42 15 -16 -1 19 3 5 1 2 -3 33 26 -12 -4 10 -1 11 -5 6 63 48 20 14 -30 -4 -6 14 15 -5 50 -10 -20 9 31 10 9 21 23 -5 27 -7 -9 7 57 -29 
-32 -24 -2 24 18 6 -4 45 -7 62 30 4 12 -25 44 41 -35 15 39 42 -6 48 9 14 -13 17 -41 10 9 -38 -19 51 -7 26 27 20 50 39 -72 -2 -11 6 36 27 -15 50 14 12 -2 -1 12 31 17 25 4 4 32 32 16 20 3 -15 33 10 -9 24 54 41 37 64 -18 6 -12 36 58 -14 -20 -46 0 -53 11 -17 29 58 60 -8 34 -19 47 52 54 7 37 12 -4 13 11 -29 5 -28 
 30 -3 38 19 -1 3 43 32 20 12 -11 41 58 19 56 -6 -6 11 -19 5 6 -28 33 -45 -7 -1 38 11 -15 -37 -24 14 15 12 27 -17 -21 -54 -25 14 -3 8 28 22 6 -10 -2 11 12 -9 -19 21 36 59 30 40 13 -14 1 19 3 9 4 2 -2 31 20 -9 -8 7 -5 13 -1 6 60 49 20 14 -27 -5 -3 19 14 -3 48 -13 -19 12 34 10 11 25 25 -5 27 -10 -9 4 57 -31 
-31 -29 0 20 17 7 -4 44 -6 62 31 13 9 -25 44 41 -39 19 37 43 -4 47 12 16 -15 14 -36 9 8 -38 -24 51 -9 27 28 19 49 43 -75 -3 -15 -2 39 29 -16 47 9 9 -1 -3 13 31 20 27 0 3 32 35 17 18 4 -17 33 8 -8 24 50 41 42 65 -19 9 -12 40 58 -11 -23 -46 4 -51 8 -20 41 59 60 -8 37 -22 47 56 55 11 39 9 -3 14 7 -33 2 -25 
 26 -5 33 19 -4 2 43 36 20 13 -16 42 60 27 57 -3 -6 7 -19 4 6 -26 33 -39 -8 1 39 13 -15 -33 -23 14 17 13 31 -17 -22 -58 -23 12 -6 10 28 23 7 -9 -4 9 12 -10 -19 21 35 65 31 39 15 -7 5 19 0 7 4 3 -3 30 18 -9 -9 7 -5 12 1 6 58 51 19 14 -26 -3 -5 22 13 -2 45 -13 -22 7 40 10 16 27 26 -1 27 -8 -13 4 55 -28 
-33 -34 0 17 17 9 -8 44 -9 65 33 14 5 -21 44 42 -41 17 36 46 -4 49 12 14 -13 15 -36 11 9 -37 -23 54 -9 28 28 20 49 41 -75 -1 -15 4 39 29 -15 45 4 11 -1 -4 15 32 21 27 -2 3 29 38 20 18 5 -14 36 5 -11 24 50 40 42 62 -22 13 -17 39 58 -9 -25 -47 4 -53 11 -22 41 58 56 -8 32 -23 46 60 56 15 40 12 -4 14 2 -32 1 -26 
 27 0 33 20 -2 5 39 36 21 14 -15 46 63 28 57 -4 -6 10 -19 4 6 -24 29 -39 -7 -1 40 14 -9 -33 -24 14 17 15 31 -17 -22 -58 -23 11 -8 12 26 23 7 -9 -9 5 12 -12 -19 22 33 65 30 38 17 -7 2 18 4 12 3 6 -7 27 19 -9 -13 3 2 10 2 9 59 51 18 14 -30 -2 -5 23 11 0 50 -13 -19 4 41 7 18 31 25 -2 24 -10 -10 3 54 -28 
-31 -31 0 19 19 16 -8 42 -8 67 30 18 8 -19 40 44 -39 22 36 46 -6 48 8 11 -13 17 -35 7 7 -33 -23 54 -11 27 24 16 43 43 -76 -1 -16 0 40 29 -15 45 5 7 -2 -5 14 33 23 27 -4 5 33 41 20 20 10 -11 31 9 -10 24 50 39 42 66 -23 12 -18 45 57 -8 -22 -44 6 -49 9 -27 39 58 54 -8 34 -25 44 60 58 13 39 12 -6 11 -4 -32 2 -21 
 26 -4 35 21 -2 -1 36 39 22 18 -17 47 60 31 66 -3 -5 7 -23 2 6 -25 31 -42 -6 -2 41 11 -7 -30 -24 15 17 16 29 -16 -21 -55 -24 12 -9 13 27 27 5 -14 -10 7 10 -21 -20 20 32 62 33 39 18 -4 2 19 6 13 5 3 -9 26 18 -12 -10 4 2 9 5 14 57 51 19 15 -28 -3 -6 24 13 0 51 -13 -26 3 41 8 18 30 26 -2 21 -6 -9 7 55 -25 
-31 -32 -5 19 19 15 -7 36 -7 65 32 16 9 -19 39 44 -40 20 38 47 -4 49 12 4 -14 17 -34 4 5 -33 -23 56 -12 25 19 17 43 45 -72 0 -16 -2 38 30 -17 48 6 8 4 -6 18 32 20 30 -4 4 36 42 22 20 14 -9 30 7 -13 22 52 38 41 63 -23 13 -14 42 59 -8 -22 -46 8 -53 9 -21 39 58 55 -7 43 -18 43 60 57 12 37 7 -6 11 -4 -27 1 -21 
 26 -5 37 21 -2 -1 35 44 20 17 -25 47 58 31 66 2 -7 3 -20 2 6 -23 32 -36 -7 -8 44 17 -16 -28 -24 17 20 12 29 -16 -21 -54 -21 6 -9 13 27 22 4 -19 -10 7 10 -25 -22 21 31 58 31 40 21 -5 5 19 6 14 4 5 -7 27 16 -10 -6 5 1 9 0 10 57 51 19 14 -28 -5 -6 23 8 2 51 -16 -33 -1 42 5 17 29 25 -2 21 -2 -10 5 55 -29 
-32 -32 -8 16 24 8 -8 34 -9 65 37 10 7 -20 36 46 -39 21 38 46 0 49 11 4 -16 17 -34 4 5 -38 -23 54 -10 25 18 17 47 44 -68 -8 -19 -4 37 27 -18 46 2 2 8 -5 18 29 20 39 -5 5 33 41 24 20 12 -8 29 7 -14 19 51 35 41 63 -22 10 -13 36 60 -8 -24 -47 6 -55 9 -25 40 59 54 -4 44 -11 43 60 61 9 39 3 -9 11 -4 -27 0 -21 
 24 -5 41 21 -1 -1 36 38 21 19 -22 46 58 33 63 -3 -7 2 -20 0 6 -23 34 -34 -5 -8 44 16 -16 -28 -24 20 19 9 33 -15 -21 -50 -22 9 -9 7 30 25 3 -19 -11 7 11 -20 -21 23 30 55 29 35 18 -6 7 19 7 15 7 7 -8 30 17 -8 -4 5 2 11 2 11 56 50 17 15 -31 -3 -7 23 5 1 54 -12 -29 0 38 3 17 28 23 3 22 -4 -14 4 57 -29 
-33 -30 -9 18 24 7 -11 36 -8 64 33 15 7 -20 31 47 -39 24 35 50 -2 48 5 6 -12 14 -30 5 -1 -35 -24 55 -8 22 22 17 45 47 -70 -8 -16 -6 36 27 -18 46 -1 4 10 -9 18 27 19 35 -8 6 32 42 17 18 12 -8 28 7 -14 19 51 34 35 61 -19 7 -11 36 63 -10 -23 -44 5 -55 9 -22 47 59 49 0 45 -12 42 60 61 11 36 0 -7 6 0 -27 -2 -16 
 24 -4 41 20 -3 2 33 39 18 20 -20 45 61 33 64 -4 -9 -4 -24 -2 3 -21 36 -31 -5 -8 47 14 -19 -27 -23 21 22 4 36 -15 -23 -46 -21 10 -9 6 31 25 3 -20 -9 7 11 -25 -22 26 32 51 29 32 17 -9 12 19 7 16 7 7 -6 26 17 -13 0 3 -1 12 3 6 54 50 18 15 -31 -5 -8 22 0 -2 57 -14 -28 1 40 0 13 22 21 5 24 -7 -10 1 53 -30 
-32 -33 -9 18 26 7 -11 37 -6 64 38 19 7 -21 28 47 -46 23 35 50 -2 47 4 4 -11 19 -34 5 -1 -32 -23 57 -8 23 21 17 45 47 -73 -10 -16 -4 41 29 -18 46 -2 3 14 -8 18 33 19 36 -7 2 35 40 18 20 12 -8 28 13 -14 20 52 32 33 64 -22 6 -14 38 63 -20 -28 -41 8 -55 9 -20 49 57 49 -4 41 -18 42 63 60 9 36 -2 -7 7 -3 -26 -3 -16 
 21 -9 41 19 -3 5 24 44 20 19 -20 46 59 32 63 -2 -6 -2 -24 -1 2 -18 34 -33 -7 -7 51 16 -19 -31 -23 18 22 7 37 -14 -19 -45 -20 11 -11 6 31 23 -1 -20 -5 2 11 -26 -23 22 31 48 29 27 19 -7 12 19 7 15 7 5 -8 26 16 -9 -2 0 -2 14 4 10 54 51 18 15 -29 -6 -11 23 -1 -4 58 -10 -27 3 35 -1 17 27 21 3 24 -4 -10 1 49 -29 
-31 -34 -11 12 24 9 -11 39 -7 67 40 21 4 -16 26 49 -44 27 37 49 -4 47 5 5 -8 20 -36 -2 3 -32 -22 59 -9 23 22 14 44 47 -74 1 -18 -1 41 35 -18 46 -3 8 15 -7 16 33 19 38 -7 0 37 40 21 27 12 -9 27 9 -13 18 50 32 34 59 -22 9 -10 45 64 -19 -25 -42 10 -53 12 -18 47 58 52 -8 41 -18 38 64 64 8 38 -2 -9 8 -6 -27 -6 -15 
 17 -12 47 16 -4 6 29 41 21 11 -21 44 59 32 64 -2 -6 -3 -22 -1 8 -18 37 -36 -7 -15 49 15 -15 -33 -21 18 21 7 35 -16 -19 -41 -18 11 -10 8 33 29 0 -20 -8 0 13 -25 -23 24 30 53 29 28 24 -11 12 20 7 14 7 3 -7 32 15 -10 1 -8 0 14 9 12 54 50 18 17 -26 -8 -9 23 1 -2 58 -11 -26 4 34 0 17 31 22 3 24 -5 -10 0 46 -26 
-33 -28 -11 10 26 10 -16 42 -8 62 44 20 4 -13 28 51 -42 28 39 47 -6 51 5 0 -7 16 -36 -3 3 -36 -26 60 -7 19 21 13 51 45 -72 -1 -20 -1 38 37 -20 48 -2 16 22 -11 16 35 22 42 -8 -5 39 39 21 29 13 -10 28 9 -12 16 53 33 34 62 -22 8 -10 46 65 -18 -21 -43 9 -53 8 -18 46 60 57 -6 42 -16 32 64 64 5 36 -2 -9 7 -8 -22 -10 -16 
 18 -13 47 18 -3 4 31 43 21 13 -20 45 59 35 63 -7 -5 -5 -21 1 10 -22 34 -34 -6 -14 52 12 -18 -33 -19 17 20 15 37 -16 -18 -43 -19 6 -7 8 33 34 3 -21 -8 -2 10 -31 -23 18 31 55 29 23 27 -8 13 19 5 14 7 3 -2 35 18 -11 0 -4 -1 11 5 12 56 52 18 16 -29 -6 -11 25 3 -1 59 -14 -33 10 37 1 16 32 28 2 21 -4 -9 -2 47 -26 
-32 -23 -11 12 24 11 -16 43 -8 62 43 19 4 -14 25 51 -42 28 38 41 -8 51 0 -4 -7 18 -35 0 6 -31 -23 59 -9 22 21 16 49 47 -70 1 -18 -1 33 38 -21 45 -1 14 22 -8 13 31 26 42 -5 -6 40 41 21 24 9 -8 27 12 -11 14 50 32 31 59 -22 9 -10 50 68 -14 -23 -42 8 -53 10 -18 47 60 56 -7 44 -15 32 63 64 4 36 -2 -2 7 -11 -21 -3 -23 
 18 -15 49 18 0 7 31 42 21 10 -13 49 59 32 61 -6 -5 -5 -22 2 10 -19 33 -27 -5 -13 53 7 -16 -33 -22 19 22 19 34 -20 -17 -42 -21 4 -4 10 30 34 1 -26 -4 1 7 -34 -22 15 29 55 33 26 26 -9 13 24 0 15 7 7 -3 35 15 -11 -3 -5 0 12 7 11 50 54 19 17 -29 -8 -12 23 4 0 61 -16 -31 9 39 -1 16 30 28 3 19 -7 -7 -2 46 -28 
-33 -22 -16 12 24 11 -16 43 -6 62 43 21 -1 -14 24 56 -48 27 37 40 -12 56 -2 -5 -6 19 -37 0 4 -30 -15 59 -7 25 22 14 54 46 -76 0 -18 -6 36 37 -18 44 -2 15 23 -8 13 33 25 41 -9 -3 39 43 20 27 10 -6 31 12 -13 20 55 34 31 56 -22 9 -11 50 68 -13 -22 -44 7 -53 5 -18 47 55 57 -11 42 -14 32 65 64 4 36 2 -12 5 -9 -23 -8 -23 
 22 -13 46 19 -3 7 31 42 21 12 -16 53 55 32 60 -9 -2 -7 -24 3 11 -19 33 -27 -6 -14 54 7 -16 -34 -21 18 25 17 31 -24 -14 -40 -19 5 -5 12 33 32 3 -26 -6 0 5 -34 -22 15 27 56 31 24 28 -13 13 23 -2 15 5 7 -4 31 19 -9 -3 -5 0 3 5 10 50 52 19 17 -29 -2 -6 25 1 3 62 -21 -33 13 41 1 15 30 26 2 20 -8 -6 -1 50 -26 
-33 -25 -17 15 21 8 -16 44 -6 64 43 22 0 -14 24 53 -45 30 37 42 -10 59 -4 -1 -3 22 -36 0 2 -33 -17 71 -4 27 17 27 56 56 -77 5 -16 -7 36 37 -18 45 2 18 20 -7 14 29 22 38 -8 -3 41 42 22 27 6 -8 26 12 -16 17 58 41 28 57 -20 11 -11 49 72 -15 -21 -44 8 -57 4 -20 49 55 56 -13 39 -14 32 72 68 5 39 4 -12 6 -4 -19 -8 -20 
 23 -16 47 18 -6 7 24 47 22 10 -21 52 53 37 59 -5 -1 -1 -24 5 6 -22 28 -28 2 -10 56 5 -17 -33 -22 11 26 18 30 -27 -15 -49 -15 7 -9 10 33 32 4 -23 -5 -2 6 -36 -26 17 26 53 29 25 33 -13 9 25 -1 17 4 6 2 37 19 -10 -4 -2 -1 1 4 12 51 54 19 17 -29 0 -3 23 -6 3 61 -18 -32 14 41 -4 15 30 27 0 20 -8 -5 -5 50 -29 
-34 -21 -17 17 20 10 -20 44 -8 64 43 23 -3 -14 29 51 -47 25 37 40 -7 58 -1 0 -8 18 -30 -1 6 -31 -7 70 -5 28 18 27 56 54 -77 8 -17 -4 37 35 -20 44 9 19 21 -3 14 30 24 35 -8 -7 41 42 22 27 2 -9 25 14 -8 18 59 38 28 50 -22 9 -11 47 72 -13 -24 -40 4 -59 5 -22 51 55 56 -12 40 -13 32 75 69 5 40 4 -11 5 -4 -15 -8 -21 
 24 -14 47 18 -7 9 23 48 18 10 -21 54 52 40 60 -6 -6 4 -24 2 -2 -21 27 -29 2 -7 54 8 -11 -34 -25 11 33 19 27 -26 -16 -49 -15 11 -7 14 30 30 6 -24 -4 -4 11 -35 -25 18 26 56 31 24 33 -13 9 25 2 17 6 6 7 40 21 -3 -5 2 3 4 3 12 53 58 23 17 -29 -6 -5 22 -10 8 61 -13 -33 13 41 -2 19 25 25 -1 17 -6 -9 0 50 -29 
-33 -20 -14 17 25 7 -17 39 -9 69 45 27 -2 -16 26 54 -45 25 36 38 1 53 -3 -2 -9 18 -31 -4 8 -29 -7 70 -5 24 15 26 53 54 -78 2 -15 -1 36 32 -21 43 5 21 27 -5 14 33 25 32 -10 -6 42 42 23 29 6 -6 24 14 -13 24 60 42 27 50 -20 7 -12 44 70 -12 -17 -39 4 -59 5 -23 52 56 56 -11 41 -10 31 76 70 6 44 -1 -14 7 -5 -16 -8 -20 
 25 -12 49 19 -13 11 22 48 18 9 -21 53 52 41 60 -6 -3 4 -23 -1 0 -22 32 -25 1 -10 53 6 -9 -33 -19 9 29 16 28 -26 -16 -50 -15 12 -8 12 33 29 7 -26 -4 -3 16 -37 -25 15 29 58 31 24 30 -13 7 25 4 21 6 6 7 39 22 -5 -2 3 6 0 4 10 54 55 24 14 -29 -7 -3 18 -10 8 59 -17 -29 7 37 1 18 30 24 -5 22 -8 -9 0 51 -27 
-33 -21 -18 22 23 5 -22 37 -10 70 48 26 1 -16 29 53 -50 25 42 38 1 53 -3 4 -7 19 -27 -4 13 -31 -3 69 -11 25 20 25 52 55 -77 2 -15 1 34 32 -20 43 5 23 28 -7 12 31 26 32 -7 -4 40 42 24 27 7 -9 24 20 -17 19 61 38 26 52 -20 9 -13 39 69 -12 -18 -38 4 -62 4 -25 52 59 58 -12 43 -12 31 77 66 9 43 -6 -16 7 -10 -14 -4 -23 
 24 -14 51 15 -16 5 22 45 14 7 -19 52 53 44 57 -5 -1 -1 -28 -2 -4 -20 36 -24 1 -4 54 6 -11 -36 -22 7 26 16 26 -26 -14 -49 -15 10 -8 11 26 30 8 -26 -3 -1 10 -36 -24 22 29 59 32 24 27 -13 7 23 1 17 6 10 7 41 24 -3 0 1 5 -1 7 10 53 55 24 16 -29 -5 -1 21 -9 8 59 -9 -28 7 34 2 24 32 23 1 20 -4 -7 2 53 -31 
-34 -21 -19 25 23 5 -22 39 -13 66 50 25 0 -16 28 51 -49 24 43 31 1 58 -3 4 -2 18 -27 -4 12 -34 0 69 -6 27 22 26 55 51 -79 0 -13 -1 33 33 -23 40 4 25 29 -8 12 33 28 35 -8 -6 36 43 23 30 5 -13 25 16 -16 19 60 36 30 53 -18 7 -9 39 72 -12 -17 -42 4 -64 4 -22 52 60 59 -10 44 -13 29 76 66 11 40 -9 -18 7 -11 -17 -5 -24 
 20 -14 51 14 -21 6 22 52 20 9 -21 52 53 40 58 -5 -2 -1 -25 -3 -3 -23 36 -24 3 -5 55 8 -7 -36 -19 3 24 13 25 -28 -17 -46 -18 11 -8 11 24 30 12 -24 -6 -4 12 -39 -24 14 31 56 30 26 29 -15 7 23 -1 22 -3 11 7 41 22 -3 -2 0 4 -2 7 8 51 55 21 12 -29 -7 -3 19 -11 5 58 -11 -28 7 33 1 28 28 23 1 19 -6 -3 -2 50 -34 
-36 -20 -19 26 19 7 -25 40 -14 69 49 25 2 -13 32 54 -42 23 42 32 -1 58 -3 5 -2 22 -27 -4 9 -31 2 67 -7 26 23 27 57 50 -71 -2 -12 3 31 40 -24 40 6 27 27 -10 12 34 30 36 -10 -5 32 43 26 29 5 -15 24 21 -15 17 58 39 32 54 -24 8 -8 39 68 -14 -20 -40 3 -64 3 -24 57 55 57 -15 41 -18 32 76 64 8 40 -4 -12 9 -13 -17 -3 -24 
 20 -14 51 14 -21 5 23 57 17 4 -21 47 50 42 56 -5 -2 -1 -25 -2 -3 -20 36 -23 2 -4 55 6 -8 -34 -21 7 24 11 23 -29 -16 -45 -17 13 -9 2 25 27 15 -20 -7 -2 13 -37 -27 11 30 57 31 27 30 -15 9 18 -1 29 1 13 5 41 19 -2 -3 1 4 7 9 8 52 62 23 13 -33 -9 -2 18 -10 9 58 -8 -26 3 35 1 27 30 25 -1 21 -3 -1 -6 52 -32 
-30 -21 -13 26 24 7 -22 44 -14 72 58 24 -3 -14 29 57 -42 24 39 34 -2 58 -3 3 -4 21 -29 -1 12 -29 4 64 -7 27 26 19 54 54 -71 2 -13 2 32 40 -24 46 9 24 28 -10 12 36 27 38 -10 -5 32 41 25 25 2 -18 19 21 -16 17 61 42 31 51 -24 7 -8 39 68 -17 -20 -39 3 -68 8 -27 65 57 59 -16 42 -11 32 76 60 6 40 -5 -10 9 -10 -15 2 -24 
 22 -14 53 16 -18 2 22 59 12 6 -20 46 50 39 53 -2 -2 -4 -24 -6 -6 -21 36 -21 3 -10 58 7 -4 -29 -20 10 24 15 24 -30 -16 -42 -16 9 -9 3 27 31 17 -18 -9 -3 15 -29 -25 13 26 57 26 29 29 -16 7 20 4 27 1 13 7 45 15 -5 -3 1 11 7 11 8 51 62 23 11 -33 -10 -2 20 -11 12 58 -8 -28 -1 38 1 22 29 25 -1 18 3 -1 -6 50 -32 
-34 -24 -9 23 23 11 -23 42 -16 72 58 25 -3 -11 26 58 -42 25 41 38 -1 49 -4 4 -4 21 -29 -2 9 -37 7 64 -7 28 26 20 55 55 -71 -1 -14 3 30 41 -21 50 7 25 25 -12 13 32 23 37 -8 -4 35 42 27 30 7 -16 18 17 -19 17 60 41 33 49 -25 8 -8 39 68 -20 -24 -39 4 -67 5 -26 59 57 60 -16 42 -14 32 78 60 7 38 -8 -13 7 -6 -13 -2 -24 
 22 -13 57 14 -18 11 22 59 9 1 -22 46 50 40 52 -1 -3 -3 -23 -13 -9 -17 37 -24 6 -10 58 11 -7 -33 -20 10 24 15 24 -27 -13 -44 -11 12 -7 4 23 34 15 -13 -7 -7 14 -29 -26 11 25 59 30 31 33 -15 5 18 12 27 0 12 13 44 16 -5 -5 7 11 7 9 6 50 65 21 11 -34 -10 0 16 -4 18 59 -9 -28 -2 38 2 20 27 23 -4 19 4 1 -4 53 -32 
-35 -21 -10 24 19 18 -21 47 -17 75 58 26 -6 -10 23 59 -48 25 41 37 2 48 -8 4 -4 19 -27 2 13 -38 8 72 -4 27 24 22 58 49 -71 5 -16 0 31 38 -25 49 7 26 26 -16 7 30 22 37 -8 -5 33 43 23 26 8 -17 16 19 -19 18 55 41 34 55 -23 13 -11 40 76 -21 -23 -41 10 -68 4 -26 58 53 64 -15 41 -16 31 80 60 9 42 -8 -14 7 -8 -15 -2 -26 
 23 -14 57 11 -18 10 21 58 7 0 -21 44 51 34 54 -2 2 -6 -26 -15 -8 -13 41 -25 6 -11 64 9 -3 -33 -19 11 30 12 20 -25 -13 -46 -8 12 -8 5 18 34 12 -20 -7 -8 14 -31 -25 11 25 57 30 36 29 -15 2 20 11 23 1 12 11 42 17 -7 -5 7 12 5 11 6 51 67 18 10 -41 -11 2 14 -7 21 56 -10 -30 -1 41 3 19 29 23 -1 22 -1 -4 -4 58 -33 
-35 -18 -10 25 17 21 -20 44 -17 78 54 30 -1 -9 22 58 -49 26 42 32 1 48 -6 5 -5 20 -27 -2 17 -36 7 70 -1 32 23 19 56 50 -65 11 -15 0 27 40 -29 46 8 27 26 -18 0 32 20 30 -1 -8 34 42 23 25 4 -16 14 19 -21 13 55 39 36 55 -24 9 -13 36 75 -21 -23 -44 12 -63 8 -29 56 56 65 -16 40 -12 31 80 59 7 45 -7 -15 6 -6 -16 -2 -26 
 30 -13 55 12 -15 15 23 57 7 -3 -22 39 55 37 53 0 1 -7 -31 -13 -7 -15 41 -24 7 -12 64 12 -2 -30 -18 13 28 11 19 -24 -14 -46 -9 11 -6 6 20 34 14 -26 -5 -8 12 -29 -23 9 24 58 26 35 30 -17 2 17 12 22 0 10 12 45 20 -11 -6 3 11 3 7 4 50 67 16 7 -44 -8 3 15 -7 19 59 -9 -29 1 44 -1 18 24 25 1 27 4 -3 -4 58 -31 
-35 -16 -10 25 15 20 -23 43 -12 76 52 30 1 -14 26 59 -45 24 36 32 1 53 -7 6 -6 13 -30 2 14 -35 7 71 -1 32 23 15 57 50 -66 7 -18 0 29 39 -29 47 7 29 28 -19 0 31 20 24 -1 -11 35 40 24 24 1 -15 17 16 -22 8 58 38 34 51 -28 7 -11 36 73 -21 -23 -43 4 -63 8 -25 49 59 62 -15 43 -13 32 80 58 10 43 -6 -17 9 -1 -17 -3 -24 
 30 -9 58 11 -15 17 24 54 3 -3 -22 39 50 37 52 3 -4 -6 -30 -14 -9 -15 38 -20 6 -16 62 15 4 -28 -18 14 27 9 19 -27 -15 -46 -9 7 -7 6 25 35 17 -27 -5 -7 10 -26 -24 15 25 59 28 34 31 -17 0 12 13 23 -2 11 10 46 22 -8 -6 1 13 -2 12 6 50 66 16 7 -44 -8 0 18 -9 21 66 -6 -28 1 41 2 20 27 25 1 27 3 -2 -2 59 -32 
-35 -20 -10 25 12 21 -28 45 -13 78 52 29 3 -9 30 60 -46 24 35 31 2 54 -6 7 -4 6 -30 -4 11 -35 6 72 -4 32 29 14 59 54 -66 6 -18 2 31 42 -27 48 8 32 24 -21 0 30 20 23 0 -10 32 38 22 27 1 -18 19 14 -24 12 55 39 31 52 -31 4 -12 36 64 -19 -23 -42 5 -63 12 -31 44 57 62 -13 45 -16 30 83 58 13 40 -4 -13 4 -4 -15 1 -21 
 23 -14 58 13 -11 17 22 45 5 -2 -23 37 53 37 49 -1 1 -6 -28 -15 -11 -16 38 -18 4 -16 63 10 2 -26 -23 16 26 10 23 -26 -14 -45 -14 0 -9 7 21 35 15 -30 -5 -7 1 -24 -23 15 25 62 28 34 31 -18 -1 16 13 24 -1 11 11 47 19 -12 -6 1 13 -4 11 8 51 71 16 7 -43 -8 -2 22 -11 25 68 -8 -28 -3 46 -1 15 24 23 -1 27 -1 -3 -1 54 -30 
-33 -18 -10 27 12 19 -23 44 -14 75 59 30 1 -6 30 64 -42 27 32 28 4 56 -8 7 -3 11 -30 -4 12 -33 7 70 -5 35 27 14 60 51 -67 12 -19 4 31 41 -25 44 4 33 24 -25 -3 32 23 26 -1 -10 35 36 22 24 1 -20 18 12 -18 8 56 43 29 53 -30 4 -4 39 68 -21 -21 -40 5 -62 13 -33 46 56 63 -13 47 -17 31 84 56 14 44 -2 -6 5 -3 -11 1 -26 
 26 -13 59 18 -11 16 24 47 7 2 -22 38 51 40 47 -1 -1 -9 -30 -13 -4 -15 36 -18 5 -14 62 6 7 -26 -20 14 23 12 27 -26 -13 -43 -16 -2 -10 10 22 37 16 -29 -11 -6 0 -33 -24 17 24 62 26 37 33 -17 -5 22 13 26 0 12 11 43 10 -12 -7 1 11 -3 8 8 51 72 19 8 -43 -8 -5 25 -8 24 67 -5 -27 -1 38 4 11 21 26 -2 25 5 -2 3 56 -32 
-28 -19 -14 28 11 13 -19 45 -17 72 59 24 1 -9 27 64 -43 27 30 29 4 60 -9 9 -8 12 -28 -2 4 -34 6 72 -6 39 20 12 60 51 -63 11 -21 4 33 35 -26 44 5 28 27 -26 -3 29 22 26 0 -11 33 31 18 28 1 -12 16 19 -21 5 56 44 30 56 -32 3 -6 40 70 -22 -22 -40 5 -62 14 -34 47 57 62 -16 47 -17 32 83 52 14 48 -2 -4 3 -4 -14 0 -28 
 26 -14 60 21 -13 15 22 45 7 -3 -22 40 51 34 47 -1 -2 -7 -35 -17 -4 -15 35 -20 -1 -13 61 10 7 -28 -18 16 14 6 19 -31 -13 -39 -15 -3 -8 10 21 33 15 -29 -10 -8 -1 -34 -24 13 23 57 26 37 24 -18 -5 19 14 20 -3 15 10 41 11 -8 -10 4 11 -3 4 8 54 67 19 9 -43 -6 -10 21 -9 22 67 -6 -24 -2 38 3 10 18 30 0 27 2 1 4 51 -29 
-28 -18 -14 26 9 12 -20 44 -15 74 58 20 2 -10 27 65 -41 21 30 32 4 63 -7 3 -9 8 -27 -6 2 -33 12 75 -10 39 19 12 57 54 -64 8 -19 3 41 34 -27 46 6 28 27 -26 -3 32 23 28 0 -14 33 30 21 27 1 -13 11 18 -20 9 53 44 30 58 -29 1 -4 36 69 -21 -22 -40 4 -58 11 -35 48 58 63 -16 49 -19 30 82 51 10 49 -4 -8 5 -4 -16 1 -28 
 26 -17 60 24 -17 16 23 46 7 -3 -22 40 55 35 47 -3 -2 -7 -33 -13 -1 -15 34 -18 -3 -17 60 11 4 -28 -19 16 14 11 21 -29 -8 -39 -17 -1 -11 8 19 34 17 -28 -11 -8 5 -34 -22 13 24 55 25 42 24 -17 -6 18 17 24 1 19 13 38 9 -9 -11 2 10 -5 8 11 53 68 20 11 -44 -6 -6 23 -10 23 67 -3 -23 2 39 7 11 18 27 4 30 6 1 7 50 -31 
-27 -9 -10 29 5 15 -18 47 -17 71 57 15 4 -8 30 65 -46 22 28 34 7 60 -7 0 -8 16 -22 -6 0 -33 14 78 -11 36 24 7 62 53 -63 8 -16 8 44 35 -25 44 4 30 27 -21 -3 34 20 28 -2 -13 31 31 17 24 -2 -13 15 18 -19 10 56 45 32 56 -29 2 3 39 66 -22 -22 -39 4 -55 13 -35 49 59 67 -15 51 -15 30 82 49 7 49 -3 -6 8 -4 -17 0 -22 
 24 -14 58 27 -14 20 23 45 5 -3 -21 39 57 35 45 -6 4 -8 -33 -14 -1 -15 35 -18 -2 -9 59 14 6 -27 -20 17 14 8 21 -30 -7 -38 -18 1 -10 11 20 32 16 -29 -4 -11 4 -32 -15 15 23 55 31 38 27 -19 -8 27 15 21 1 18 14 39 15 -11 -13 3 11 -4 8 12 49 73 20 10 -51 -8 -6 23 -14 21 63 -3 -26 8 43 7 12 22 25 7 30 3 1 7 53 -28 
-28 -4 -13 29 3 15 -20 47 -18 71 57 12 4 -8 34 65 -45 21 27 32 3 61 -9 -4 -13 19 -19 -3 0 -32 11 80 -11 36 19 8 61 57 -58 4 -16 12 45 36 -23 45 3 30 29 -17 -3 30 25 25 0 -13 27 34 18 22 -1 -11 17 18 -18 8 59 43 32 59 -27 0 3 39 67 -21 -26 -34 0 -56 13 -34 56 58 68 -18 51 -16 38 85 47 4 49 -8 -8 9 -2 -18 -2 -19 
 22 -16 58 34 -13 19 25 45 2 -3 -22 41 56 38 46 -3 4 -6 -33 -14 2 -16 34 -17 -4 -11 56 12 6 -29 -19 19 13 7 21 -25 -9 -33 -17 0 -9 10 21 31 16 -26 -1 -14 6 -35 -15 19 24 52 31 42 24 -20 -7 27 14 17 2 19 15 39 7 -12 -13 3 9 -4 13 8 53 73 16 12 -52 -8 -5 24 -7 22 61 -1 -27 10 43 6 15 24 27 9 31 3 0 5 54 -27 
-30 -3 -12 32 5 19 -20 50 -19 73 56 15 4 -2 34 67 -43 24 19 37 10 61 -9 -4 -10 22 -19 -1 -1 -29 11 80 -9 33 20 9 60 59 -58 7 -10 15 46 36 -23 46 4 26 31 -17 -3 34 23 25 2 -13 26 38 14 25 -1 -11 19 18 -18 5 56 43 32 60 -23 3 0 40 67 -20 -25 -37 2 -62 12 -34 52 57 71 -16 53 -20 38 87 49 2 49 -8 -8 4 -1 -16 -3 -19 
 23 -14 59 36 -14 19 26 39 2 -4 -23 42 56 32 46 -2 5 0 -30 -22 -2 -16 35 -14 -10 -8 54 12 6 -26 -19 19 4 4 23 -23 -7 -29 -16 2 -5 13 20 31 17 -28 -3 -12 11 -35 -13 18 22 54 30 33 22 -22 -9 27 13 20 1 19 15 45 8 -13 -13 2 10 0 11 8 51 69 16 13 -54 -10 -7 24 -11 19 57 -1 -25 7 42 7 13 22 23 11 26 2 -2 6 52 -23 
-29 -4 -15 35 5 18 -20 52 -21 75 57 13 5 0 34 68 -43 25 13 42 17 65 -9 -1 -12 22 -16 -4 -3 -31 12 78 -13 31 19 12 59 61 -53 6 -8 13 47 37 -27 47 2 21 30 -19 -4 33 23 23 5 -12 23 38 17 28 -1 -11 22 20 -19 5 56 43 32 56 -28 -1 1 39 64 -21 -24 -36 2 -61 12 -31 52 50 71 -21 56 -16 29 87 45 3 44 -11 -11 3 -2 -13 0 -19 
 22 -12 65 36 -13 20 25 38 3 -2 -22 44 56 30 46 -9 5 -1 -26 -25 -1 -16 34 -9 -13 -8 56 10 7 -27 -18 19 5 6 26 -21 -5 -26 -24 0 -5 15 22 32 21 -26 -1 -15 11 -38 -14 17 25 59 28 35 18 -22 -6 29 16 17 3 19 15 43 7 -13 -13 3 9 -1 11 7 52 68 21 11 -53 -8 -4 23 -9 27 57 1 -23 4 47 7 12 24 19 12 24 2 -3 10 46 -16 
-26 -1 -14 34 4 18 -20 49 -23 73 57 17 1 4 34 70 -44 30 13 41 16 65 -12 2 -9 17 -14 1 -4 -29 5 76 -13 32 20 10 63 60 -56 7 -8 14 50 37 -28 44 4 19 35 -21 -9 32 22 28 7 -13 25 37 12 27 -8 -6 25 20 -21 3 55 40 31 56 -28 -7 1 39 67 -20 -22 -40 3 -61 12 -31 57 47 69 -23 58 -13 30 88 43 0 44 -9 -11 -1 -2 -14 4 -19 
 24 -13 64 35 -10 19 25 40 7 -5 -21 48 55 27 46 -9 8 -1 -23 -23 -3 -19 31 -13 -19 -10 57 11 6 -29 -17 13 4 7 26 -22 -3 -27 -24 -2 -3 14 27 32 21 -26 -1 -12 12 -39 -15 18 25 60 33 32 17 -24 -10 31 19 20 4 19 16 42 3 -17 -16 1 9 -1 14 6 54 67 22 11 -53 -8 -4 23 -15 27 53 -2 -23 2 42 5 13 22 20 10 24 3 0 12 52 -16 
-24 -6 -11 31 3 17 -23 48 -21 73 52 25 1 -1 37 72 -43 27 14 35 17 67 -9 3 -10 16 -13 -1 -8 -31 5 78 -15 32 20 12 65 58 -56 9 -8 10 48 36 -28 45 -1 26 37 -21 -7 34 25 27 9 -17 24 44 11 28 -12 -5 23 23 -25 3 55 40 32 57 -28 -4 0 38 64 -23 -23 -39 2 -62 14 -33 56 49 69 -20 56 -12 27 84 42 2 43 -8 -8 -2 -2 -13 6 -20 
 26 -10 65 34 -13 18 27 39 10 -5 -22 50 54 23 42 -11 5 5 -25 -27 -4 -19 31 -15 -22 -9 54 17 0 -29 -17 14 1 7 28 -25 -6 -22 -24 -2 -4 14 27 35 21 -23 -2 -11 13 -39 -10 24 26 62 37 34 20 -21 -16 31 15 19 3 19 9 42 3 -18 -18 3 11 1 16 7 51 70 21 11 -53 -5 -6 24 -12 23 53 0 -23 1 38 7 12 23 18 10 26 2 -1 13 52 -17 
-27 -8 -9 30 2 21 -26 42 -19 74 52 27 1 -1 44 75 -44 25 13 32 17 65 -12 4 -11 19 -11 -2 -9 -31 4 79 -17 27 17 9 64 58 -55 6 -9 8 48 36 -29 46 -2 22 42 -20 -4 37 25 27 10 -16 24 44 13 25 -13 -2 23 27 -28 3 58 41 32 57 -28 -6 0 42 64 -30 -25 -41 3 -58 12 -36 56 57 70 -21 56 -9 29 85 41 3 43 -6 -15 -5 -5 -10 10 -23 
 21 -15 64 27 -13 19 26 43 11 -6 -25 52 54 23 40 -11 7 6 -25 -22 -4 -17 31 -14 -23 -11 49 12 -3 -33 -13 12 2 2 27 -27 -4 -23 -23 1 -6 15 27 28 21 -20 -2 -8 9 -37 -9 24 27 67 38 35 18 -21 -16 34 17 20 4 18 9 43 10 -18 -19 5 11 1 13 11 50 69 21 6 -53 -5 -4 29 -14 18 59 -2 -23 -5 38 10 13 25 19 10 29 7 -1 10 53 -18 
-25 -9 -11 24 3 19 -21 42 -19 81 54 27 2 -3 45 72 -41 28 10 32 14 66 -12 5 -11 22 -11 -3 -9 -32 1 79 -17 24 17 8 65 58 -54 9 -10 7 44 34 -30 47 -5 22 42 -22 -4 38 26 27 10 -14 27 43 13 28 -13 -2 31 28 -28 0 52 40 31 58 -28 -7 0 39 64 -26 -28 -40 2 -59 11 -35 58 57 72 -22 58 -11 24 88 42 4 43 -10 -13 -4 -1 -9 14 -24 
 20 -15 63 32 -13 21 30 44 11 -5 -26 53 53 22 38 -10 7 3 -25 -19 1 -16 29 -16 -23 -10 52 12 -2 -33 -10 12 2 1 25 -30 -3 -26 -20 -2 -9 14 31 26 29 -15 -4 -8 7 -38 -9 18 32 67 38 39 18 -22 -16 35 15 20 4 20 7 42 11 -15 -19 3 9 2 13 8 54 71 16 8 -52 -7 -6 34 -19 18 58 -1 -23 -7 40 11 15 27 19 10 30 6 -2 11 56 -19 
-28 -13 -12 24 0 19 -19 46 -20 85 51 29 -1 -3 45 76 -44 26 12 32 13 66 -15 3 -10 22 -6 -3 -9 -31 1 82 -20 20 19 9 70 52 -52 8 -7 2 48 34 -30 51 -6 26 42 -24 -5 35 25 29 12 -13 24 44 10 28 -14 -2 31 27 -28 4 50 40 35 63 -27 -8 -2 34 56 -26 -29 -41 2 -60 13 -33 57 58 72 -22 57 -13 27 86 41 9 44 -9 -9 -7 0 -12 14 -20 
 17 -13 67 27 -11 21 31 44 11 -6 -25 57 50 25 37 -13 8 8 -24 -19 -2 -19 25 -13 -21 -10 54 12 1 -37 -7 15 2 3 27 -32 -2 -31 -18 -1 -11 12 31 26 30 -18 -5 -11 11 -39 -9 16 32 66 38 38 19 -22 -17 35 20 20 4 22 7 44 11 -14 -22 -1 10 2 14 10 46 71 17 6 -53 -7 -6 33 -18 18 55 -1 -24 -8 45 12 17 25 20 5 34 4 0 10 61 -21 
-30 -14 -10 26 0 19 -19 49 -17 88 51 29 -1 -3 44 74 -44 25 12 31 17 69 -18 5 -11 24 -7 -3 -8 -33 2 80 -15 22 19 6 71 52 -54 8 -4 -2 53 36 -29 46 -2 27 45 -22 -5 34 28 26 10 -13 24 45 9 26 -8 2 32 26 -32 7 49 40 34 65 -25 -3 0 35 56 -31 -31 -40 3 -59 13 -36 56 62 72 -23 58 -10 23 84 38 7 45 -6 -8 -3 -2 -16 13 -20 
 19 -8 67 24 -13 21 29 49 14 -9 -26 57 52 28 36 -14 11 7 -24 -19 -2 -13 27 -14 -20 -14 54 14 6 -35 -12 13 -3 5 28 -39 4 -31 -23 1 -14 14 30 24 31 -20 -3 -9 14 -38 -10 12 35 59 38 38 21 -25 -17 33 22 16 7 18 7 41 13 -15 -19 1 9 5 19 14 48 74 18 6 -55 -7 -5 31 -21 15 58 -4 -20 -8 42 14 15 27 24 5 30 10 -10 10 61 -17 
-33 -13 -12 31 -4 17 -14 48 -15 88 50 32 1 1 44 77 -44 26 11 31 17 67 -16 2 -13 24 -7 -2 -8 -31 -1 80 -16 22 18 12 69 54 -55 9 -4 1 55 37 -28 49 0 29 49 -24 -4 35 26 24 10 -10 25 47 9 26 -1 2 33 22 -31 10 49 45 38 67 -24 -1 0 39 54 -28 -31 -40 1 -61 12 -36 57 64 73 -21 55 -11 23 88 37 7 44 -10 -8 -6 -1 -9 14 -14 
 15 -9 67 24 -13 25 29 50 10 -5 -26 56 54 31 34 -16 15 4 -23 -19 -3 -15 26 -11 -22 -9 55 14 1 -32 -8 13 -3 3 30 -34 10 -30 -23 -1 -12 17 33 29 30 -17 -10 -9 12 -39 -9 14 34 60 38 35 21 -24 -16 33 21 15 3 19 7 39 14 -16 -20 1 13 6 19 8 48 75 18 3 -56 -7 -1 27 -24 16 56 -5 -20 -7 45 11 18 27 21 11 29 12 -6 10 61 -18 
-33 -15 -11 27 -7 17 -15 46 -16 88 50 30 -1 7 47 77 -44 27 5 31 15 67 -17 -3 -16 26 -6 -2 -8 -30 6 85 -21 25 15 12 64 53 -53 8 -4 -4 54 36 -28 46 -1 29 51 -25 -5 35 25 23 11 -8 24 43 4 25 1 0 35 24 -30 9 49 54 38 69 -24 0 -3 36 57 -27 -28 -41 2 -59 14 -34 61 66 70 -20 50 -7 23 84 38 8 40 -8 -8 -1 2 -11 17 -11 
 15 -11 63 22 -15 24 30 52 7 -5 -25 58 58 34 33 -18 15 1 -21 -19 -4 -15 27 -8 -24 -11 54 15 -1 -34 -7 17 -5 4 31 -33 8 -36 -24 -2 -12 17 31 26 33 -20 -14 -7 17 -42 -8 13 34 59 38 36 24 -17 -21 32 20 17 -1 20 7 39 14 -14 -20 0 11 6 18 7 50 74 18 1 -54 -6 -2 24 -23 17 59 -7 -18 -5 45 10 18 26 20 11 30 12 -5 12 56 -23 
-34 -18 -8 27 -4 14 -16 44 -15 93 52 26 -3 8 52 81 -46 27 4 31 12 69 -21 -4 -15 22 -6 -1 -10 -29 7 84 -20 24 13 10 62 53 -50 7 1 -2 53 38 -29 50 0 29 53 -23 -8 34 24 26 8 -9 23 43 3 22 0 -1 36 20 -31 6 52 57 38 68 -24 -3 -3 39 61 -24 -31 -40 3 -62 14 -35 62 66 64 -22 49 -9 23 85 34 6 39 -12 -8 -1 -4 -12 17 -11 
 13 -16 61 22 -14 26 30 54 5 -5 -27 64 58 35 31 -16 12 4 -21 -19 -4 -17 29 -5 -23 -13 54 7 3 -34 -6 16 -9 2 36 -33 9 -36 -22 -2 -7 19 29 22 35 -21 -7 -8 18 -48 -10 10 31 60 41 38 23 -18 -21 31 19 16 1 23 11 42 18 -15 -20 0 11 10 17 6 51 73 14 2 -53 -2 1 23 -25 17 61 -5 -12 -3 45 16 18 27 18 10 29 10 -3 11 56 -23 
-33 -15 -12 27 0 13 -16 45 -17 91 52 27 -7 7 49 83 -48 26 3 30 13 74 -20 -4 -17 19 -6 0 -4 -25 12 88 -28 28 18 5 66 57 -50 7 5 -1 59 40 -30 49 -1 25 52 -23 -12 35 24 27 15 -6 16 41 5 21 0 1 38 19 -28 4 54 58 34 69 -24 2 1 40 57 -22 -26 -36 2 -63 15 -37 59 63 67 -18 51 -2 24 87 34 6 43 -13 -8 -2 -9 -6 16 -12 
 16 -14 59 23 -12 23 30 55 7 1 -30 65 64 34 29 -16 11 4 -22 -15 -5 -14 31 -7 -28 -10 54 5 4 -31 -5 15 -8 3 42 -28 12 -33 -22 0 -6 19 26 23 35 -28 -8 -7 16 -50 -10 12 31 66 36 40 26 -16 -21 33 19 11 -1 28 7 41 24 -20 -22 -4 15 10 14 6 52 75 15 2 -56 -2 -1 28 -25 19 58 -5 -16 -2 40 19 21 22 14 9 29 14 -6 7 57 -20 
-33 -13 -17 27 0 14 -16 45 -18 92 59 28 -7 7 48 83 -48 27 8 35 9 71 -19 -4 -19 24 -3 0 1 -28 13 88 -30 29 20 6 65 57 -49 9 5 -1 60 38 -24 47 -4 25 56 -20 -9 35 24 26 19 -3 15 43 9 18 0 5 38 16 -30 10 54 52 31 70 -24 4 1 39 61 -19 -26 -38 4 -67 13 -43 60 65 66 -16 51 -2 27 94 24 7 41 -14 -8 -2 -6 -6 16 -15 
 13 -9 59 23 -7 20 30 54 7 1 -24 63 64 35 31 -18 10 5 -20 -18 -6 -15 32 -7 -29 -6 62 6 2 -29 -5 15 -9 4 43 -28 12 -35 -26 -2 -3 19 25 22 31 -33 -13 -7 15 -49 -9 12 31 64 38 44 25 -16 -21 37 19 3 0 28 7 38 21 -23 -23 -1 10 6 14 6 56 77 15 10 -56 -3 -1 30 -24 16 60 -4 -19 -2 42 19 20 20 13 9 29 19 -6 8 57 -19 
-35 -14 -16 28 -1 16 -16 47 -21 87 59 29 -9 8 47 83 -43 27 12 34 9 67 -25 0 -23 22 -1 -1 -3 -32 11 86 -28 31 20 6 65 57 -51 11 8 0 60 38 -25 48 -6 24 54 -17 -11 34 24 24 17 -3 13 42 5 17 0 3 35 16 -31 14 51 52 28 70 -25 2 -1 39 61 -24 -25 -38 1 -69 12 -40 58 63 64 -18 50 -4 26 94 20 4 41 -8 -8 -3 -6 -6 18 -15 
 13 -7 56 23 -6 21 30 55 12 1 -22 63 62 35 25 -17 13 2 -24 -19 -6 -13 31 -7 -30 -12 61 6 1 -29 -5 12 -10 4 43 -31 12 -35 -27 -3 -4 19 25 22 32 -35 -16 -6 6 -43 -9 23 29 67 38 42 24 -17 -23 36 22 9 -2 26 6 34 21 -22 -21 -1 17 7 15 8 54 83 16 16 -56 -6 -1 31 -22 19 61 -5 -18 -3 41 16 20 19 13 7 31 19 -5 12 60 -19 
-28 -13 -17 26 1 10 -17 43 -26 81 58 36 -6 9 49 87 -42 27 10 37 9 69 -24 2 -24 24 -1 -4 -2 -32 10 87 -30 28 20 3 67 56 -51 8 3 0 59 46 -28 42 -7 24 54 -8 -5 31 24 20 12 -3 13 48 5 15 3 10 33 19 -33 14 54 50 23 73 -27 3 4 37 59 -25 -27 -37 1 -69 12 -40 58 64 64 -21 56 -3 24 94 23 6 41 -8 -8 -4 -11 -5 18 -18 
 11 -6 58 17 -6 18 27 54 12 4 -22 70 62 37 23 -18 13 5 -21 -22 -8 -11 31 -7 -34 -10 61 8 2 -29 -6 15 -10 7 42 -36 11 -33 -26 0 -7 19 28 29 29 -33 -14 -11 6 -42 -9 25 26 68 45 42 24 -17 -23 38 25 11 1 26 7 34 21 -25 -21 -4 18 2 17 5 55 87 15 17 -58 -2 -4 25 -23 24 71 -7 -17 -4 39 18 20 18 13 7 30 17 -7 12 59 -21 
-28 -10 -17 26 -6 11 -13 45 -19 84 52 39 -4 9 49 84 -41 24 10 38 11 70 -25 -1 -22 21 3 -4 -3 -28 11 87 -31 27 16 3 62 59 -52 4 12 0 61 45 -24 43 -7 24 54 -9 0 34 24 24 7 -2 15 47 5 12 6 9 31 20 -32 14 55 53 23 70 -24 4 4 32 59 -20 -27 -38 -2 -68 14 -37 55 62 58 -23 52 -3 21 94 22 4 39 -9 -7 -3 -11 -8 18 -19 
 6 -1 58 20 -8 16 24 54 11 4 -22 69 61 37 23 -19 12 7 -22 -21 -9 -18 29 -12 -33 -7 63 6 4 -29 -3 13 -11 7 44 -38 9 -34 -25 2 -4 20 34 33 27 -33 -15 -9 6 -46 -12 21 26 74 45 42 23 -18 -23 37 18 12 1 26 7 35 16 -25 -21 -5 17 -3 16 7 58 91 16 10 -57 -1 -6 25 -21 23 75 -8 -15 -4 44 20 19 20 17 5 29 17 -7 10 60 -20 
-23 -7 -16 27 -4 8 -8 50 -16 85 56 39 -5 9 47 86 -40 23 13 39 22 74 -21 0 -20 20 6 -3 -1 -31 10 85 -28 29 16 6 59 60 -49 3 9 1 62 42 -20 42 -9 20 48 -16 -1 34 26 26 7 -2 18 47 2 11 1 11 36 19 -33 12 55 53 25 69 -23 4 5 32 59 -19 -25 -39 0 -69 12 -35 57 59 58 -24 53 -2 23 96 27 3 36 -10 -8 -2 -8 2 18 -20 
 12 -1 59 22 -9 20 26 51 7 3 -22 69 59 37 25 -20 8 7 -22 -21 -5 -22 26 -8 -34 -7 64 5 3 -34 -2 14 -9 7 46 -39 12 -33 -26 -1 -7 20 36 28 30 -33 -16 -9 3 -50 -9 21 22 73 38 42 20 -20 -28 37 16 11 1 28 7 30 18 -25 -23 -1 16 -4 12 7 58 93 13 14 -57 -5 -4 25 -21 21 75 -10 -16 -2 45 19 21 22 17 3 29 17 -5 9 59 -21 
-24 -4 -11 29 -4 9 -11 49 -13 88 56 35 -3 13 44 90 -41 27 11 38 21 75 -17 0 -17 23 6 -6 0 -32 11 88 -30 30 10 2 60 64 -51 5 10 2 58 42 -21 39 -11 14 48 -13 -1 31 27 26 10 -2 17 47 4 12 2 8 36 22 -33 12 53 53 25 69 -24 5 6 32 62 -20 -22 -40 0 -75 12 -37 57 61 62 -24 53 1 22 99 32 4 34 -6 -8 -2 -8 2 17 -20 
 13 -3 60 25 -9 17 24 49 5 3 -20 72 62 29 27 -22 8 2 -22 -20 -5 -22 24 -10 -38 -6 60 6 0 -33 -3 15 -9 7 46 -37 6 -36 -28 -3 -10 22 32 27 32 -31 -17 -8 4 -49 -5 21 18 72 39 42 16 -19 -29 38 12 11 6 30 7 31 20 -25 -21 -2 18 -4 14 7 55 93 14 17 -57 -6 -3 27 -21 24 69 -12 -16 -4 46 17 21 20 14 1 30 18 -4 11 61 -21 
-26 -10 -12 29 -2 9 -11 44 -14 87 58 33 -3 14 45 87 -41 24 11 38 22 76 -18 2 -19 30 6 -4 0 -30 12 88 -29 32 13 5 57 62 -55 3 12 4 59 42 -20 40 -10 14 47 -16 -3 31 27 26 13 -2 17 44 6 12 7 11 40 21 -34 12 52 52 20 76 -23 3 8 31 61 -21 -18 -43 4 -71 14 -34 58 63 60 -24 57 -5 23 101 31 2 34 -7 -4 -1 -10 5 14 -20 
 11 -2 60 28 -9 17 24 50 2 2 -23 74 65 32 33 -19 6 7 -22 -22 -6 -23 24 -11 -40 -10 60 1 3 -34 -3 15 -9 9 44 -37 7 -37 -25 -1 -7 22 32 27 33 -24 -17 -14 5 -52 -8 21 18 72 39 42 18 -20 -27 36 13 14 5 31 1 30 18 -25 -20 -1 16 -6 11 4 52 95 15 22 -56 -8 -2 24 -20 23 70 -12 -14 -6 47 13 22 19 15 -5 31 18 -1 7 61 -21 
