0 0.0 1.0 
100 0.05714285714285714 0.9948373408769449 
200 0.08571428571428572 0.9939943141435679 
300 0.08571428571428572 0.9925367821547224 
400 0.05714285714285714 0.9925899536872106 
500 0.11428571428571428 0.9924009124607927 
600 0.11428571428571428 0.9904623246969336 
700 0.14285714285714285 0.989657631954351 
800 0.2 0.9882646691635456 
900 0.17142857142857143 0.9873553194862851 
1000 0.14285714285714285 0.9866312259169402 
1100 0.11428571428571428 0.9863695341896976 
1200 0.11428571428571428 0.9863744498632092 
1300 0.11428571428571428 0.9863868452838476 
1400 0.14285714285714285 0.9863413888039155 
1500 0.11428571428571428 0.9864994765394499 
1600 0.08571428571428572 0.9866400463995717 
1700 0.05714285714285714 0.9867976820357772 
1800 0.05714285714285714 0.9872689775521536 
1900 0.05714285714285714 0.9874840309611482 
2000 0.05714285714285714 0.9875580067109303 
2100 0.17142857142857143 0.9874396545862515 
2200 0.05714285714285714 0.987374245472837 
2300 0.08571428571428572 0.9874728378965667 
2400 0.08571428571428572 0.9874040578330457 
2500 0.11428571428571428 0.987336493973839 
2600 0.08571428571428572 0.9873784808040863 
2700 0.14285714285714285 0.9873009996297668 
2800 0.14285714285714285 0.9871423471209262 
2900 0.14285714285714285 0.9871251292657705 
3000 0.17142857142857143 0.9870221830818299 
3100 0.17142857142857143 0.9868648362279449 
3200 0.11428571428571428 0.9866916588566073 
3300 0.08571428571428572 0.9866966720041546 
3400 0.08571428571428572 0.9868064014785567 
3500 0.08571428571428572 0.9869435263394132 
3600 0.11428571428571428 0.9869083984607451 
3700 0.08571428571428572 0.9868413942177789 
3800 0.08571428571428572 0.9869451648062539 
3900 0.11428571428571428 0.9869767825099791 
4000 0.14285714285714285 0.9869470132466883 
4100 0.08571428571428572 0.986984881736162 
4200 0.08571428571428572 0.9870430509742578 
4300 0.05714285714285714 0.9871857043212542 
4400 0.05714285714285714 0.9873056448209823 
4500 0.08571428571428572 0.9874226362395658 
4600 0.05714285714285714 0.9874204365510604 
4700 0.05714285714285714 0.9874988604248336 
4800 0.05714285714285714 0.9876201386615884 
4900 0.05714285714285714 0.9877080479202495 
5000 0.08571428571428572 0.9877560202245266 
5100 0.08571428571428572 0.9878469207718374 
5200 0.08571428571428572 0.9879219655560744 
5300 0.08571428571428572 0.9879584714474358 
5400 0.08571428571428572 0.9879638691247653 
5500 0.05714285714285714 0.9879294673695692 
5600 0.05714285714285714 0.9880136200168337 
5700 0.08571428571428572 0.988025910241311 
5800 0.11428571428571428 0.9880199226734306 
5900 0.14285714285714285 0.9879106446849202 
6000 0.08571428571428572 0.9878508343847454 
6100 0.14285714285714285 0.9878076193598239 
6200 0.08571428571428572 0.9877554311516575 
6300 0.08571428571428572 0.9878023896433673 
6400 0.08571428571428572 0.9878383957863727 
6500 0.08571428571428572 0.987863405629903 
6600 0.05714285714285714 0.9879044300647088 
6700 0.11428571428571428 0.9879420981942993 
6800 0.08571428571428572 0.9879576532862814 
6900 0.14285714285714285 0.9879473989276917 
7000 0.05714285714285714 0.9879772277429755 
7100 0.11428571428571428 0.9880016899028305 
7200 0.11428571428571428 0.9879590136290595 
7300 0.11428571428571428 0.9879096796916274 
7400 0.11428571428571428 0.9878447893141853 
7500 0.11428571428571428 0.9877859142590512 
7600 0.08571428571428572 0.9877873212171331 
7700 0.17142857142857143 0.9877733875006957 
7800 0.11428571428571428 0.9876604647755782 
7900 0.08571428571428572 0.9876308604697416 
8000 0.11428571428571428 0.9876019961790491 
8100 0.05714285714285714 0.9876320383726876 
8200 0.08571428571428572 0.9876478478234362 
8300 0.05714285714285714 0.9876951141858984 
8400 0.14285714285714285 0.9877038447803833 
8500 0.05714285714285714 0.9877253936511671 
8600 0.05714285714285714 0.9878024980483997 
8700 0.05714285714285714 0.9878716732066922 
8800 0.05714285714285714 0.987934812602464 
8900 0.11428571428571428 0.9879756688654565 
9000 0.08571428571428572 0.9879862554954212 
9100 0.05714285714285714 0.9880079897028584 
9200 0.05714285714285714 0.9880432251152825 
9300 0.05714285714285714 0.988105349655183 
9400 0.05714285714285714 0.9881714711200936 
9500 0.02857142857142857 0.9882226682905558 
9600 0.05714285714285714 0.988316693201601 
9700 0.05714285714285714 0.9883620245335533 
9800 0.05714285714285714 0.9884046088591543 
9900 0.05714285714285714 0.9884513829771885 
10000 0.08571428571428572 0.9885047209564758 
10100 0.08571428571428572 0.9885029063600492 
10200 0.08571428571428572 0.9885515425658549 
10300 0.08571428571428572 0.9885825925360922 
10400 0.05714285714285714 0.9885955333965141 
10500 0.08571428571428572 0.9886415579468621 
10600 0.11428571428571428 0.9886456129475656 
10700 0.08571428571428572 0.9886185536732215 
10800 0.08571428571428572 0.9886121655402278 
10900 0.05714285714285714 0.9886193271914765 
11000 0.11428571428571428 0.9886364226628748 
11100 0.08571428571428572 0.9886396978393195 
11200 0.08571428571428572 0.9886441899320214 
11300 0.14285714285714285 0.9886018304321994 
11400 0.14285714285714285 0.9885411054168181 
11500 0.14285714285714285 0.9884513147925025 
11600 0.11428571428571428 0.9883963205142414 
11700 0.11428571428571428 0.9883657684935353 
11800 0.17142857142857143 0.9883311946929437 
11900 0.17142857142857143 0.9882800965104973 
12000 0.11428571428571428 0.9882405632863928 
12100 0.08571428571428572 0.988270449903786 
12200 0.08571428571428572 0.988298675752573 
12300 0.05714285714285714 0.9883273136911053 
12400 0.11428571428571428 0.9883264022486666 
12500 0.08571428571428572 0.9883172203366588 
12600 0.05714285714285714 0.9883373768521773 
12700 0.02857142857142857 0.988389271935843 
12800 0.05714285714285714 0.9884425881906548 
12900 0.08571428571428572 0.9884806825605988 
13000 0.08571428571428572 0.9885115980089444 
13100 0.05714285714285714 0.9885346811039506 
13200 0.02857142857142857 0.9885901500968541 
13300 0.05714285714285714 0.9886501551977832 
13400 0.05714285714285714 0.9886991375910114 
13500 0.05714285714285714 0.9887415746981705 
13600 0.08571428571428572 0.9887710462465995 
13700 0.11428571428571428 0.9887763666885628 
13800 0.08571428571428572 0.9888149927023921 
13900 0.08571428571428572 0.9888430431520857 
14000 0.05714285714285714 0.9888666115685615 
14100 0.05714285714285714 0.9888951644766835 
14200 0.05714285714285714 0.9889245727162072 
14300 0.05714285714285714 0.9889508226197968 
14400 0.05714285714285714 0.9889799319491702 
14500 0.11428571428571428 0.9889830258011763 
14600 0.05714285714285714 0.989009803633802 
14700 0.05714285714285714 0.9890524939994364 
14800 0.05714285714285714 0.9890823013889023 
14900 0.08571428571428572 0.98908462519294 
15000 0.05714285714285714 0.9891200110468826 
15100 0.08571428571428572 0.9891435761113266 
15200 0.05714285714285714 0.9891532042064902 
15300 0.05714285714285714 0.9891468344739373 
15400 0.05714285714285714 0.9891607224020703 
15500 0.05714285714285714 0.9891815735390344 
15600 0.11428571428571428 0.9891774336809911 
15700 0.08571428571428572 0.9891587887941623 
15800 0.05714285714285714 0.9891684070628441 
15900 0.08571428571428572 0.9891680217776061 
16000 0.05714285714285714 0.989162954101083 
16100 0.08571428571428572 0.9891772471984881 
16200 0.08571428571428572 0.9891860731700866 
16300 0.08571428571428572 0.9891954481320164 
16400 0.11428571428571428 0.9891929499072356 
16500 0.08571428571428572 0.9891902655250331 
16600 0.08571428571428572 0.9891775022158734 
16700 0.05714285714285714 0.989187345496848 
16800 0.08571428571428572 0.9891960087409764 
16900 0.08571428571428572 0.9891967508262403 
17000 0.05714285714285714 0.9892107186972194 
17100 0.05714285714285714 0.989233294627716 
17200 0.05714285714285714 0.9892385824744409 
17300 0.08571428571428572 0.9892481442030601 
17400 0.14285714285714285 0.9892245519551421 
17500 0.11428571428571428 0.9892046985070241 
17600 0.11428571428571428 0.989206579171638 
17700 0.11428571428571428 0.9892027891886657 
17800 0.11428571428571428 0.9891944272793664 
17900 0.11428571428571428 0.989190348504074 
18000 0.11428571428571428 0.9891900846778353 
18100 0.11428571428571428 0.9891892318498583 
18200 0.08571428571428572 0.9891929014889291 
18300 0.11428571428571428 0.9891863832577454 
18400 0.11428571428571428 0.9891803240507115 
18500 0.05714285714285714 0.9891965299173018 
18600 0.02857142857142857 0.9892098735091047 
18700 0.05714285714285714 0.9892436997257595 
18800 0.02857142857142857 0.9892779259461882 
18900 0.05714285714285714 0.9893121679125065 
19000 0.14285714285714285 0.9893030066086748 
19100 0.08571428571428572 0.9893087123336849 
19200 0.02857142857142857 0.9893415149508582 
19300 0.05714285714285714 0.9893741627006742 
19400 0.05714285714285714 0.9893939561289182 
19500 0.05714285714285714 0.9894005435618686 
19600 0.05714285714285714 0.9894127121794077 
19700 0.05714285714285714 0.9894396223541952 
19800 0.05714285714285714 0.9894585049817108 
19900 0.08571428571428572 0.9894614053852283 
20000 0.14285714285714285 0.9894557057861393 
20100 0.08571428571428572 0.989441001513784 
20200 0.05714285714285714 0.9894377576781913 
20300 0.05714285714285714 0.9894549529579824 
20400 0.05714285714285714 0.9894616510395149 
20500 0.14285714285714285 0.989445462590675 
20600 0.17142857142857143 0.989416429160859 
20700 0.11428571428571428 0.9893771522424728 
20800 0.05714285714285714 0.9893818635093093 
20900 0.14285714285714285 0.989398832591742 
21000 0.08571428571428572 0.989409687974042 
21100 0.0 0.9894334730242981 
21200 0.02857142857142857 0.9894737108087893 
21300 0.02857142857142857 0.9895204450495282 
21400 0.02857142857142857 0.9895583984727016 
21500 0.0 0.9895994870670467 
21600 0.0 0.9896463126707097 
21700 0.02857142857142857 0.9896734515196798 
21800 0.08571428571428572 0.9896898569528265 
21900 0.11428571428571428 0.9896933929957537 
22000 0.14285714285714285 0.9896772549299707 
22100 0.11428571428571428 0.9896472040696284 
22200 0.08571428571428572 0.9896384976223722 
22300 0.08571428571428572 0.9896393179037455 
22400 0.02857142857142857 0.9896567117539395 
22500 0.02857142857142857 0.9896915692635883 
22600 0.05714285714285714 0.9897172691473829 
22700 0.08571428571428572 0.9897309432561183 
22800 0.14285714285714285 0.9897225685590231 
22900 0.08571428571428572 0.9897147348525017 
23000 0.11428571428571428 0.9897038638071637 
23100 0.05714285714285714 0.989702208315039 
23200 0.08571428571428572 0.9897030300418086 
23300 0.08571428571428572 0.9897036914418142 
23400 0.08571428571428572 0.9897069417057879 
23500 0.05714285714285714 0.9897136596011112 
23600 0.0 0.9897468024962622 
23700 0.0 0.9897894603603223 
23800 0.02857142857142857 0.9898301091790861 
23900 0.0 0.9898722109654706 
24000 0.0 0.9898929806496158 
24100 0.05714285714285714 0.989908836029329 
24200 0.11428571428571428 0.9899134923586392 
24300 0.02857142857142857 0.9899254586818884 
24400 0.02857142857142857 0.9899431814855363 
24500 0.02857142857142857 0.9899715463508778 
24600 0.05714285714285714 0.9899915508661088 
24700 0.08571428571428572 0.9900009831874939 
24800 0.08571428571428572 0.989999683192498 
24900 0.08571428571428572 0.9899998278898725 
