0 0.0 1.0 
100 0.025 0.9973700495049505 
200 0.05 0.9958177860696518 
300 0.1 0.9947882059800665 
400 0.1 0.9930252493765586 
500 0.025 0.9924900199600798 
600 0.075 0.9927048668885191 
700 0.075 0.9925953994293866 
800 0.075 0.9921426342072409 
900 0.05 0.9917591564927858 
1000 0.025 0.9922296453546453 
1100 0.05 0.9924897820163487 
1200 0.05 0.9924724188176519 
1300 0.025 0.9926210607225211 
1400 0.05 0.9928733940042827 
1500 0.05 0.9928776648900732 
1600 0.05 0.9929321517801374 
1700 0.1 0.9929140946502057 
1800 0.075 0.9927297334813993 
1900 0.075 0.9925269594950026 
2000 0.05 0.9923631934032984 
2100 0.025 0.9924381247025226 
2200 0.075 0.9925573602907769 
2300 0.075 0.9926119078661452 
2400 0.05 0.9926345793419409 
2500 0.05 0.9926229508196721 
2600 0.025 0.9928068531334102 
2700 0.025 0.9929921788226582 
2800 0.075 0.99310402534809 
2900 0.075 0.9929216218545329 
3000 0.125 0.9927888620459847 
3100 0.075 0.9927110206385037 
3200 0.075 0.9926341377694471 
3300 0.1 0.9925505528627688 
3400 0.1 0.9924167524257571 
3500 0.075 0.992395029991431 
3600 0.05 0.9923337267425715 
3700 0.05 0.9922639151580653 
3800 0.1 0.9922117534859247 
3900 0.1 0.9919644001538067 
4000 0.05 0.9918817170707324 
4100 0.05 0.9919158436966593 
4200 0.075 0.9919580159485837 
4300 0.025 0.9920360090676587 
4400 0.025 0.9921417007498295 
4500 0.05 0.992192707176183 
4600 0.0 0.9923426972397305 
4700 0.025 0.992469022548394 
4800 0.05 0.9925614455321808 
4900 0.025 0.9926564731687411 
5000 0.05 0.9927389522095581 
5100 0.05 0.992712825916487 
5200 0.075 0.9927117381272832 
5300 0.05 0.9926900584795322 
5400 0.05 0.9927183623403073 
5500 0.05 0.9927320032721323 
5600 0.075 0.9927406936261381 
5700 0.1 0.9926931678652868 
5800 0.075 0.9926386614376832 
5900 0.025 0.9926463734960176 
6000 0.025 0.992710589901683 
6100 0.05 0.9927650180298312 
6200 0.1 0.9926896871472343 
6300 0.1 0.992629146167275 
6400 0.075 0.9925900249960944 
6500 0.05 0.9925775842178126 
6600 0.05 0.9925901378579003 
6700 0.075 0.9925892590658111 
6800 0.075 0.9925479708866343 
6900 0.05 0.9925314266048398 
7000 0.05 0.9925532959577203 
7100 0.05 0.9925934727503168 
7200 0.05 0.9926351374809055 
7300 0.025 0.9926752328448157 
7400 0.05 0.9927201560599919 
7500 0.1 0.9927105552592987 
7600 0.075 0.9926687277989739 
7700 0.025 0.9926949422152967 
7800 0.025 0.992741315215998 
7900 0.025 0.9927892830021516 
8000 0.025 0.9928387857767779 
8100 0.1 0.9928091439328478 
8200 0.125 0.9927215431044994 
8300 0.075 0.9926571346825683 
8400 0.05 0.9926202981787883 
8500 0.05 0.9926141042230325 
8600 0.075 0.9925927944425067 
8700 0.05 0.992578080105735 
8800 0.05 0.9925729320531758 
8900 0.075 0.9925594736546456 
9000 0.05 0.9925428424619487 
9100 0.075 0.9925688111196572 
9200 0.125 0.9925568552331269 
9300 0.075 0.9925081980432212 
9400 0.075 0.9924894957983194 
9500 0.1 0.9924636222502894 
9600 0.075 0.9924171310280179 
9700 0.1 0.9924128311514276 
9800 0.075 0.9923866187123763 
9900 0.05 0.9923899732350268 
10000 0.025 0.9924295070492951 
10100 0.125 0.9924314424314424 
10200 0.075 0.9923990295069111 
10300 0.075 0.9924033467624502 
10400 0.05 0.9924295139890396 
10500 0.025 0.9924459575278545 
10600 0.025 0.9924880317894538 
10700 0.05 0.9925231870853192 
10800 0.05 0.9925628992685862 
10900 0.025 0.9925918493716173 
11000 0.025 0.9926336242159803 
11100 0.05 0.9926487478605531 
11200 0.025 0.9926906637800197 
11300 0.025 0.9927348796566675 
11400 0.075 0.9927684523287431 
11500 0.075 0.9927394900443439 
11600 0.075 0.992718569519869 
11700 0.15 0.9926857213058713 
11800 0.1 0.992646015168206 
11900 0.075 0.9926064511385598 
12000 0.05 0.9925784830430797 
12100 0.025 0.9925822246095364 
12200 0.05 0.9925989672977624 
12300 0.05 0.9926103568815543 
12400 0.075 0.9926039230707201 
12500 0.1 0.992573594112471 
12600 0.15 0.9925573863185462 
12700 0.125 0.9924841055822377 
12800 0.125 0.9924153874697289 
12900 0.125 0.9923525792574219 
13000 0.075 0.9923041977540189 
13100 0.1 0.9922827932982216 
13200 0.125 0.9922219434133778 
13300 0.125 0.9921697616720547 
13400 0.1 0.9921202242369972 
13500 0.125 0.9920570698466781 
13600 0.1 0.9920251727814131 
13700 0.1 0.9919859864243485 
13800 0.05 0.9919878994275777 
13900 0.05 0.9920052963815553 
14000 0.05 0.9920260159988572 
14100 0.05 0.9920404581235374 
14200 0.025 0.9920472149848603 
14300 0.025 0.9920838140689462 
14400 0.025 0.9921190368724394 
14500 0.025 0.9921565754085925 
14600 0.025 0.992195740017807 
14700 0.05 0.992229270117679 
14800 0.05 0.9922308881156678 
14900 0.075 0.9922257734380243 
15000 0.1 0.9921971868542098 
15100 0.075 0.9921656678365671 
15200 0.05 0.992151215380567 
15300 0.075 0.9921330713678844 
15400 0.1 0.992113336796312 
15500 0.05 0.9921255080317399 
15600 0.05 0.9921331164668932 
15700 0.05 0.9921473950703776 
15800 0.1 0.992140331308145 
15900 0.075 0.9921168479969813 
16000 0.05 0.9921116258358853 
16100 0.075 0.9921175315197813 
16200 0.1 0.9921121767174865 
16300 0.1 0.9920804321820748 
16400 0.05 0.9920614596670935 
16500 0.05 0.9920737758317678 
16600 0.05 0.9920797316426722 
16700 0.05 0.9920863645889467 
16800 0.05 0.992088826557943 
16900 0.075 0.9920868217856932 
17000 0.075 0.9920855758484795 
17100 0.075 0.9920649742705105 
17200 0.075 0.9920653232370211 
17300 0.075 0.992062778163112 
17400 0.075 0.9920335038216195 
17500 0.05 0.9920275984229473 
17600 0.075 0.9920135929776718 
17700 0.1 0.9919992161459804 
17800 0.05 0.9919874585697432 
17900 0.025 0.9920049857549857 
18000 0.1 0.992006520471085 
18100 0.1 0.9919704021877245 
18200 0.1 0.9919286715015658 
18300 0.075 0.9919073752800394 
18400 0.1 0.9918839329384272 
18500 0.05 0.9918752702556618 
18600 0.05 0.9918829968818881 
18700 0.075 0.9918764370889257 
18800 0.05 0.9918686173607787 
18900 0.05 0.9918803899264589 
19000 0.05 0.9918948344823957 
19100 0.025 0.9919112546463535 
19200 0.025 0.9919310843185251 
19300 0.05 0.9919476322470339 
19400 0.075 0.9919364659038193 
19500 0.125 0.9919388749294908 
19600 0.1 0.9919144750267843 
19700 0.1 0.9918950814679458 
19800 0.125 0.991855209332862 
19900 0.125 0.9918144816843375 
20000 0.05 0.9918143155342233 
20100 0.1 0.9918051340729317 
20200 0.1 0.9917847507549131 
20300 0.1 0.99176010418206 
20400 0.025 0.9917504043919416 
20500 0.05 0.9917683893468612 
20600 0.05 0.9917913572156691 
20700 0.05 0.9917955352398435 
20800 0.125 0.9917775888178453 
20900 0.1 0.9917544316061433 
21000 0.1 0.991738488643398 
21100 0.1 0.9917210677219089 
21200 0.125 0.9917057273241828 
21300 0.075 0.9916958124031735 
21400 0.075 0.9916957735619831 
21500 0.05 0.9916989326077856 
21600 0.075 0.9916896208508865 
21700 0.05 0.9916878830468642 
21800 0.075 0.9917010687583139 
21900 0.05 0.9916941578010137 
22000 0.075 0.9917012294895686 
22100 0.025 0.9917092269580562 
22200 0.075 0.9917196860501779 
22300 0.025 0.9917384590377113 
22400 0.075 0.9917567854113656 
22500 0.025 0.9917735600639972 
22600 0.05 0.9917946108579266 
22700 0.075 0.9918017102770803 
22800 0.075 0.9917940824963818 
22900 0.075 0.9917872036155626 
23000 0.075 0.9917859549584801 
23100 0.075 0.9917839054586381 
23200 0.05 0.9917919755613982 
23300 0.05 0.9918100349770396 
23400 0.075 0.9918204617324046 
23500 0.1 0.9918137792008851 
23600 0.125 0.9917964281174526 
23700 0.1 0.9917732901565335 
23800 0.125 0.9917584870383598 
23900 0.075 0.9917389701267729 
24000 0.1 0.9917291206616391 
24100 0.05 0.9917148147379776 
24200 0.05 0.9917188339324822 
24300 0.025 0.9917283496563928 
24400 0.05 0.9917350979468055 
24500 0.025 0.9917468929839598 
24600 0.075 0.9917474137230194 
24700 0.1 0.9917355319622687 
24800 0.075 0.991725132051127 
24900 0.05 0.9917272398698848 
