0 0.0 1.0 
100 0.022222222222222223 0.9973047304730474 
200 0.08888888888888889 0.9942233278054173 
300 0.08888888888888889 0.9926910299003322 
400 0.1111111111111111 0.9911402050429482 
500 0.08888888888888889 0.9901585717453981 
600 0.044444444444444446 0.9900674801257164 
700 0.044444444444444446 0.9905928039308923 
800 0.06666666666666667 0.990782355389097 
900 0.044444444444444446 0.9911086447157479 
1000 0.06666666666666667 0.9913641913641914 
1100 0.06666666666666667 0.9913487738419619 
1200 0.044444444444444446 0.9915024516606532 
1300 0.044444444444444446 0.9917008284225809 
1400 0.022222222222222223 0.992005710206995 
1500 0.022222222222222223 0.992288474350433 
1600 0.022222222222222223 0.99257061558748 
1700 0.0 0.9929877849630936 
1800 0.044444444444444446 0.9931781726201493 
1900 0.022222222222222223 0.9933587585481326 
2000 0.06666666666666667 0.9933824754289522 
2100 0.044444444444444446 0.9933510497646624 
2200 0.06666666666666667 0.993271997576859 
2300 0.044444444444444446 0.993191366072722 
2400 0.022222222222222223 0.9933175991485029 
2500 0.022222222222222223 0.9934381802834422 
2600 0.022222222222222223 0.993561237131018 
2700 0.044444444444444446 0.9936031922333293 
2800 0.022222222222222223 0.9936471101590701 
2900 0.044444444444444446 0.9937263012754223 
3000 0.044444444444444446 0.9936521159613462 
3100 0.022222222222222223 0.9936713963237666 
3200 0.044444444444444446 0.9937727793397897 
3300 0.044444444444444446 0.9937931266619543 
3400 0.06666666666666667 0.9938212617204091 
3500 0.06666666666666667 0.9937732076549557 
3600 0.06666666666666667 0.9937324508624148 
3700 0.08888888888888889 0.9936668768200787 
3800 0.044444444444444446 0.9936617556783303 
3900 0.06666666666666667 0.9936447919336923 
4000 0.06666666666666667 0.9935842428281818 
4100 0.06666666666666667 0.9935070037118318 
4200 0.044444444444444446 0.9934942738501416 
4300 0.022222222222222223 0.993525407527965 
4400 0.044444444444444446 0.9935942588805574 
4500 0.044444444444444446 0.9936224048976771 
4600 0.044444444444444446 0.993652346108334 
4700 0.06666666666666667 0.9936083339242242 
4800 0.022222222222222223 0.9936396352611725 
4900 0.044444444444444446 0.9937093336960711 
5000 0.044444444444444446 0.9937207003043835 
5100 0.044444444444444446 0.9937169182513232 
5200 0.08888888888888889 0.9936326347497276 
5300 0.044444444444444446 0.993584019786623 
5400 0.06666666666666667 0.9935726922997798 
5500 0.044444444444444446 0.9935521824314771 
5600 0.044444444444444446 0.9935576980301136 
5700 0.022222222222222223 0.9935761757196593 
5800 0.044444444444444446 0.9936275354823881 
5900 0.06666666666666667 0.9935797134195711 
6000 0.044444444444444446 0.9935964376307652 
6100 0.022222222222222223 0.9936098818044401 
6200 0.06666666666666667 0.9936125893673063 
6300 0.06666666666666667 0.9936068348939322 
6400 0.044444444444444446 0.9936025620996719 
6500 0.044444444444444446 0.9936018390333111 
6600 0.044444444444444446 0.9935872510899022 
6700 0.022222222222222223 0.993626987680114 
6800 0.044444444444444446 0.9936479929422144 
6900 0.06666666666666667 0.9936176721570142 
7000 0.06666666666666667 0.9936032947674142 
7100 0.044444444444444446 0.9936112284654743 
7200 0.06666666666666667 0.9935977256245274 
7300 0.06666666666666667 0.9935708959198892 
7400 0.022222222222222223 0.9935763185155159 
7500 0.022222222222222223 0.9936201099112711 
7600 0.044444444444444446 0.9936393603180868 
7700 0.044444444444444446 0.9936292544979728 
7800 0.08888888888888889 0.9936065888988591 
7900 0.06666666666666667 0.9935641058093913 
8000 0.06666666666666667 0.9935105334055465 
8100 0.08888888888888889 0.9934572549342331 
8200 0.08888888888888889 0.993391388584048 
8300 0.022222222222222223 0.9933950394196148 
8400 0.044444444444444446 0.9934300149453107 
8500 0.06666666666666667 0.9933984890666457 
8600 0.044444444444444446 0.9933838442558359 
8700 0.022222222222222223 0.9934183810290005 
8800 0.022222222222222223 0.9934669671375728 
8900 0.044444444444444446 0.9935001061054314 
9000 0.022222222222222223 0.9935152267032058 
9100 0.022222222222222223 0.9935507697566812 
9200 0.022222222222222223 0.9935873516163702 
9300 0.044444444444444446 0.9936106033998734 
9400 0.044444444444444446 0.9936171092909738 
9500 0.022222222222222223 0.99363429580512 
9600 0.022222222222222223 0.9936667476767467 
9700 0.044444444444444446 0.99370082122118 
9800 0.08888888888888889 0.9936945209672482 
9900 0.08888888888888889 0.9936529980136687 
10000 0.044444444444444446 0.9936236931862369 
10100 0.06666666666666667 0.9936004686004686 
10200 0.06666666666666667 0.9935687133069743 
10300 0.06666666666666667 0.9935397318491193 
10400 0.044444444444444446 0.9935420205322137 
10500 0.044444444444444446 0.993525748870478 
10600 0.022222222222222223 0.9935430619752853 
10700 0.0 0.993588865007424 
10800 0.022222222222222223 0.9936327912024607 
10900 0.022222222222222223 0.9936677572903607 
11000 0.022222222222222223 0.9937028451958912 
11100 0.06666666666666667 0.9937275420632776 
11200 0.13333333333333333 0.9936548324058367 
11300 0.08888888888888889 0.9936143802416698 
11400 0.06666666666666667 0.9935931545965754 
11500 0.044444444444444446 0.993580509907351 
11600 0.044444444444444446 0.9935927458360869 
11700 0.044444444444444446 0.9936026360519994 
11800 0.044444444444444446 0.9936121232663898 
11900 0.022222222222222223 0.9936433913116545 
12000 0.022222222222222223 0.9936769158125712 
12100 0.022222222222222223 0.9937048361476095 
12200 0.022222222222222223 0.9937402671912139 
12300 0.044444444444444446 0.9937527662610989 
12400 0.022222222222222223 0.9937767115555197 
12500 0.022222222222222223 0.9938004959603232 
12600 0.022222222222222223 0.9938199349257996 
12700 0.06666666666666667 0.9938274764016831 
12800 0.044444444444444446 0.993813200357611 
12900 0.044444444444444446 0.9937944087021678 
13000 0.044444444444444446 0.9937951354169338 
13100 0.022222222222222223 0.9938191741088467 
13200 0.0 0.993850634211213 
13300 0.0 0.9938968665680943 
13400 0.022222222222222223 0.9939355686557388 
13500 0.022222222222222223 0.9939623813873869 
13600 0.08888888888888889 0.9939614325744022 
13700 0.06666666666666667 0.9939454946516475 
13800 0.06666666666666667 0.9939261647706688 
13900 0.06666666666666667 0.9939101103837453 
14000 0.022222222222222223 0.993901626074328 
14100 0.022222222222222223 0.9939257657061359 
14200 0.044444444444444446 0.9939300049292303 
14300 0.022222222222222223 0.9939411773846428 
14400 0.06666666666666667 0.9939305912398059 
14500 0.06666666666666667 0.9939333685799446 
14600 0.022222222222222223 0.9939345859111629 
14700 0.06666666666666667 0.993940321520078 
14800 0.06666666666666667 0.9939287135253624 
14900 0.044444444444444446 0.9939230402135576 
15000 0.044444444444444446 0.9939215163433549 
15100 0.044444444444444446 0.9939328889183203 
15200 0.06666666666666667 0.9939382642954776 
15300 0.06666666666666667 0.9939304983697507 
15400 0.06666666666666667 0.9939161598453203 
15500 0.044444444444444446 0.9939188511135483 
15600 0.06666666666666667 0.993926315264691 
15700 0.044444444444444446 0.9939273153160804 
15800 0.022222222222222223 0.9939469372543228 
15900 0.022222222222222223 0.993967185851344 
16000 0.022222222222222223 0.9939866605559374 
16100 0.022222222222222223 0.9940091712730058 
16200 0.022222222222222223 0.9940308897255999 
16300 0.044444444444444446 0.9940426286049254 
16400 0.044444444444444446 0.9940384732638253 
16500 0.022222222222222223 0.9940471621248543 
16600 0.022222222222222223 0.9940647819073818 
16700 0.044444444444444446 0.9940798621506364 
16800 0.044444444444444446 0.9940712854393587 
16900 0.044444444444444446 0.9940667547613882 
17000 0.044444444444444446 0.9940621139932945 
17100 0.06666666666666667 0.9940455074102229 
17200 0.022222222222222223 0.9940491185912964 
17300 0.022222222222222223 0.9940682619501763 
17400 0.044444444444444446 0.9940859082172799 
17500 0.022222222222222223 0.9940844650146976 
17600 0.022222222222222223 0.9940893509838457 
17700 0.022222222222222223 0.9941095606651225 
17800 0.044444444444444446 0.9941237695759914 
17900 0.022222222222222223 0.9941378197369483 
18000 0.0 0.9941527939805813 
18100 0.044444444444444446 0.9941803399443861 
18200 0.044444444444444446 0.9941795017367788 
18300 0.06666666666666667 0.9941780655580448 
18400 0.044444444444444446 0.9941701537959894 
18500 0.06666666666666667 0.99415842386898 
18600 0.08888888888888889 0.9941347239395731 
18700 0.06666666666666667 0.9941129113713467 
18800 0.044444444444444446 0.9941117198257776 
18900 0.044444444444444446 0.9941162725076275 
19000 0.044444444444444446 0.9941141986679064 
19100 0.06666666666666667 0.994104875253768 
19200 0.022222222222222223 0.9940982529845089 
19300 0.044444444444444446 0.994108681760876 
19400 0.044444444444444446 0.9941096965219434 
19500 0.06666666666666667 0.9941052880479063 
19600 0.08888888888888889 0.9940968147883611 
19700 0.08888888888888889 0.9940664320480066 
19800 0.06666666666666667 0.994048560959323 
19900 0.044444444444444446 0.9940374297215662 
20000 0.06666666666666667 0.9940251598531185 
20100 0.06666666666666667 0.9939928361773046 
20200 0.044444444444444446 0.9939883339108625 
20300 0.022222222222222223 0.9939972853006693 
20400 0.06666666666666667 0.9939962093361436 
20500 0.06666666666666667 0.9939824073622425 
20600 0.044444444444444446 0.9939722451445183 
20700 0.044444444444444446 0.9939804303603154 
20800 0.06666666666666667 0.9939791890347152 
20900 0.022222222222222223 0.9939834085556778 
21000 0.044444444444444446 0.9939885137744764 
21100 0.06666666666666667 0.993989358060966 
21200 0.044444444444444446 0.9939874429403225 
21300 0.044444444444444446 0.9939865890490275 
21400 0.06666666666666667 0.9939763977799584 
21500 0.06666666666666667 0.9939595832751965 
21600 0.08888888888888889 0.993934051407085 
21700 0.06666666666666667 0.9939146429504017 
21800 0.06666666666666667 0.993889551447691 
21900 0.06666666666666667 0.9938706502493544 
22000 0.1111111111111111 0.9938458605416925 
22100 0.06666666666666667 0.9938241859342715 
22200 0.06666666666666667 0.9938140924582977 
22300 0.08888888888888889 0.9938006018663836 
22400 0.044444444444444446 0.9937769395215491 
22500 0.06666666666666667 0.9937674374966051 
22600 0.06666666666666667 0.9937421648009676 
22700 0.06666666666666667 0.9937281274931599 
22800 0.044444444444444446 0.9937235939944155 
22900 0.044444444444444446 0.9937278333309074 
23000 0.044444444444444446 0.993725876652706 
23100 0.044444444444444446 0.9937298289155352 
23200 0.044444444444444446 0.993738536174207 
23300 0.022222222222222223 0.9937477647597385 
23400 0.022222222222222223 0.9937630870475621 
23500 0.044444444444444446 0.993766459110487 
23600 0.044444444444444446 0.9937698025978183 
23700 0.06666666666666667 0.9937724146660478 
23800 0.06666666666666667 0.9937681189865972 
23900 0.044444444444444446 0.9937673458572166 
24000 0.022222222222222223 0.993773523325417 
24100 0.044444444444444446 0.9937939412380307 
24200 0.044444444444444446 0.9937930709933933 
24300 0.044444444444444446 0.9937912934538587 
24400 0.044444444444444446 0.9937866845165726 
24500 0.06666666666666667 0.9937857411715622 
24600 0.044444444444444446 0.9937811922731234 
24700 0.044444444444444446 0.9937757805576922 
24800 0.022222222222222223 0.993781164737981 
24900 0.022222222222222223 0.9937925295280422 
