Created:December-14-2022 
Coverage:10 
N:20 
NUM-IONS:40 
NSTEPS:15000 
WRITE-PERIODICITY:100 
epsilon:3 
12  -1 
8  13 
13  7 
17  15 
3  8 
15  22 
0  10 
2  17 
4  14 
7  3 
1  -3 
20  13 
12  1 
6  -1 
27  1 
18  1 
-2  27 
25  4 
18  -7 
9  -13 
11  1 
-11  16 
-2  22 
12  8 
0  14 
18  -3 
14  19 
7  9 
8  16 
12  2 
6  12 
13  11 
13  22 
4  6 
15  9 
16  10 
5  15 
24  3 
-4  11 
12  13 
12  -1 
6  12 
13  7 
20  14 
3  9 
15  22 
0  10 
2  17 
4  14 
7  3 
1  -3 
20  13 
13  2 
5  -1 
27  1 
18  1 
-2  27 
27  8 
16  -7 
9  -13 
12  2 
-10  16 
-2  22 
12  9 
0  12 
19  -3 
16  19 
7  9 
6  17 
12  1 
7  12 
13  11 
13  23 
4  6 
15  10 
16  10 
4  16 
23  3 
-4  11 
12  13 
10  -1 
7  12 
12  9 
20  14 
3  8 
14  22 
0  10 
1  17 
4  14 
7  3 
0  -4 
23  12 
12  1 
6  -1 
26  1 
18  1 
-2  27 
25  6 
16  -7 
9  -13 
13  2 
-12  16 
-3  23 
13  9 
0  13 
18  -3 
16  19 
7  8 
6  16 
12  2 
8  13 
13  11 
10  31 
4  6 
15  9 
16  10 
7  16 
23  3 
-4  11 
12  13 
9  -1 
7  12 
12  9 
20  13 
3  8 
15  22 
0  10 
1  17 
4  14 
7  3 
0  -6 
23  12 
13  2 
8  0 
27  1 
18  1 
-2  27 
25  4 
16  -7 
9  -13 
12  2 
-14  17 
-3  23 
13  9 
0  12 
18  -3 
16  19 
7  9 
5  15 
12  -1 
10  11 
13  11 
7  30 
3  5 
15  9 
18  9 
7  16 
23  3 
-4  11 
12  13 
10  -1 
7  12 
12  8 
20  13 
4  10 
15  22 
1  10 
1  17 
4  14 
7  3 
0  -6 
23  12 
13  2 
7  1 
26  1 
18  1 
-5  26 
25  4 
16  -7 
9  -13 
12  2 
-14  17 
-2  23 
12  9 
-3  15 
18  -3 
16  19 
8  7 
7  16 
12  1 
10  9 
13  11 
7  29 
2  5 
13  9 
18  9 
10  16 
23  3 
-5  9 
18  13 
9  -2 
6  12 
12  8 
20  13 
3  8 
12  19 
0  10 
2  17 
4  14 
7  3 
-1  -8 
23  12 
12  2 
7  0 
27  1 
18  2 
-3  24 
25  4 
18  -7 
9  -13 
12  1 
-14  17 
-3  23 
12  9 
-3  14 
19  -3 
16  19 
7  5 
8  16 
12  0 
10  11 
13  11 
4  26 
0  7 
14  9 
18  9 
10  16 
23  3 
-7  10 
19  15 
11  -2 
7  12 
12  8 
22  12 
3  9 
10  19 
2  11 
1  17 
4  14 
7  3 
0  -8 
23  12 
13  2 
7  0 
26  1 
18  1 
-5  22 
25  4 
20  -6 
9  -13 
12  2 
-13  16 
-3  23 
14  9 
-3  15 
19  -3 
16  19 
7  9 
8  16 
12  -1 
10  11 
13  12 
4  26 
0  7 
15  9 
18  9 
10  16 
23  3 
-7  9 
16  13 
10  0 
7  13 
12  9 
20  12 
3  8 
10  19 
2  11 
1  17 
4  14 
7  3 
0  -7 
21  10 
12  1 
8  0 
27  1 
18  1 
-5  22 
25  7 
20  -6 
9  -13 
12  2 
-14  17 
-3  23 
14  9 
-4  13 
19  -3 
17  20 
7  9 
10  17 
12  -1 
10  11 
13  11 
5  25 
-1  8 
15  9 
18  9 
10  16 
24  3 
-7  9 
17  15 
11  -1 
8  13 
12  8 
21  13 
3  8 
10  19 
2  11 
1  17 
4  14 
7  3 
0  -7 
20  10 
12  1 
8  0 
27  0 
18  2 
-5  20 
24  6 
22  -7 
9  -16 
13  2 
-14  17 
-3  23 
13  9 
-3  13 
19  -3 
16  19 
7  8 
10  17 
12  -1 
10  11 
13  11 
5  24 
0  7 
15  9 
18  9 
10  16 
24  3 
-8  9 
17  15 
12  -1 
6  12 
12  8 
20  13 
3  9 
10  19 
2  11 
2  17 
4  14 
7  5 
2  -6 
20  10 
13  3 
8  0 
27  1 
19  1 
-6  19 
24  6 
23  -8 
9  -16 
12  1 
-15  15 
-3  23 
13  9 
-3  14 
19  -3 
16  19 
7  9 
11  19 
12  2 
11  10 
10  11 
3  28 
0  7 
16  11 
18  9 
7  16 
23  3 
-8  9 
17  15 
12  2 
6  12 
12  8 
21  13 
3  9 
11  18 
2  11 
2  17 
4  14 
9  7 
3  -8 
21  9 
15  2 
7  1 
26  1 
18  1 
-10  19 
24  6 
20  -7 
9  -16 
12  1 
-15  16 
-3  23 
13  9 
-4  13 
19  -3 
16  19 
7  9 
12  19 
13  2 
9  9 
10  11 
3  28 
0  7 
16  11 
18  9 
7  16 
23  3 
-8  9 
17  15 
12  1 
8  13 
12  8 
20  12 
3  10 
11  19 
2  11 
1  17 
4  14 
9  7 
3  -8 
20  10 
15  2 
7  1 
26  1 
18  2 
-10  19 
24  6 
20  -7 
9  -16 
11  1 
-15  15 
-3  23 
13  9 
-4  13 
19  -3 
18  21 
7  9 
12  19 
12  2 
6  12 
10  11 
3  29 
0  7 
16  11 
16  10 
7  16 
23  3 
-8  9 
17  15 
12  1 
8  13 
12  8 
20  13 
3  8 
11  18 
2  11 
1  17 
4  14 
9  7 
3  -8 
21  9 
14  2 
7  1 
26  1 
18  2 
-10  19 
24  6 
20  -6 
9  -16 
10  0 
-15  15 
-3  23 
12  9 
-4  13 
17  -3 
18  21 
8  7 
13  22 
12  2 
6  12 
9  11 
5  24 
-2  9 
16  11 
15  9 
7  16 
23  3 
-11  8 
17  14 
12  1 
5  11 
12  8 
20  12 
3  9 
12  19 
2  13 
2  17 
4  14 
11  11 
3  -8 
20  10 
17  3 
8  0 
27  0 
18  2 
-10  19 
23  6 
20  -6 
13  -13 
11  -1 
-15  16 
-3  26 
12  9 
0  16 
18  -3 
18  21 
7  9 
13  23 
13  2 
6  12 
10  11 
7  26 
-2  9 
16  11 
16  10 
8  16 
23  3 
-9  7 
20  15 
12  2 
3  9 
13  9 
16  13 
3  8 
12  19 
0  12 
3  19 
4  14 
12  13 
3  -8 
20  10 
15  2 
7  0 
27  1 
18  3 
-10  19 
24  6 
19  -8 
13  -13 
10  -3 
-14  16 
-2  27 
15  9 
0  14 
19  -3 
18  21 
8  7 
12  21 
13  2 
6  12 
10  16 
7  29 
-1  9 
16  11 
18  9 
7  16 
24  3 
-8  8 
20  13 
13  2 
5  9 
13  9 
17  15 
3  10 
12  19 
0  13 
3  19 
4  14 
12  15 
3  -8 
20  10 
15  2 
7  1 
26  1 
17  3 
-9  18 
25  4 
20  -8 
13  -13 
10  -4 
-15  15 
-2  27 
15  9 
0  14 
19  -3 
18  21 
9  7 
12  21 
12  2 
7  12 
7  16 
7  29 
0  7 
16  11 
16  10 
5  16 
23  3 
-8  8 
21  12 
13  2 
4  9 
13  9 
17  14 
3  9 
12  19 
3  17 
1  17 
4  14 
12  13 
3  -8 
20  10 
15  2 
7  1 
26  1 
18  2 
-10  19 
26  4 
20  -6 
13  -13 
10  -4 
-15  15 
-2  27 
15  9 
-1  17 
17  -5 
20  19 
9  7 
11  21 
12  0 
7  12 
8  16 
7  29 
0  7 
16  11 
16  10 
5  16 
24  3 
-8  8 
21  9 
13  2 
5  4 
13  9 
17  15 
3  8 
12  20 
6  19 
2  17 
4  14 
12  13 
3  -8 
20  10 
17  3 
7  1 
26  1 
18  2 
-10  19 
26  4 
20  -8 
15  -12 
10  -4 
-15  16 
-2  27 
15  10 
0  15 
16  -7 
21  20 
9  7 
11  18 
15  2 
6  12 
6  17 
7  29 
0  7 
18  9 
16  10 
4  16 
24  3 
-8  8 
24  6 
12  2 
4  10 
12  9 
17  15 
3  8 
12  21 
6  19 
1  17 
4  14 
12  13 
0  -6 
20  10 
17  3 
7  1 
23  -1 
18  3 
-10  19 
27  3 
22  -9 
15  -11 
10  -4 
-15  16 
-2  27 
16  10 
0  12 
16  -7 
18  21 
9  7 
12  19 
14  2 
6  12 
6  17 
7  29 
0  7 
20  8 
18  9 
7  16 
23  3 
-8  8 
24  6 
12  2 
3  9 
14  9 
13  17 
3  8 
12  21 
6  19 
1  17 
4  14 
12  13 
3  -7 
20  10 
17  3 
7  1 
23  -1 
18  2 
-10  19 
27  3 
22  -9 
15  -11 
8  -4 
-16  16 
-2  27 
16  10 
0  13 
16  -7 
18  21 
9  7 
10  20 
15  2 
8  13 
6  17 
7  28 
0  7 
19  8 
18  9 
7  16 
23  3 
-7  9 
24  6 
9  4 
3  9 
12  9 
13  17 
3  8 
12  19 
5  19 
2  17 
4  14 
12  13 
7  -8 
21  10 
17  3 
7  1 
23  -1 
18  2 
-10  19 
27  3 
22  -9 
14  -11 
5  -4 
-16  16 
-3  26 
16  10 
0  14 
20  -7 
16  19 
9  7 
12  21 
15  0 
8  13 
6  17 
7  29 
0  7 
19  8 
18  9 
5  15 
23  3 
-8  8 
24  6 
7  9 
3  9 
13  9 
13  22 
3  8 
12  19 
2  17 
1  17 
4  14 
14  13 
6  -8 
21  9 
17  3 
7  1 
23  -1 
18  2 
-10  19 
27  3 
22  -9 
15  -11 
7  -4 
-16  16 
-2  27 
17  10 
0  14 
20  -8 
18  21 
4  6 
12  22 
15  2 
8  13 
6  17 
9  27 
0  7 
18  9 
16  10 
5  15 
25  4 
-8  9 
23  6 
7  9 
5  5 
15  9 
12  21 
3  8 
10  19 
2  17 
1  17 
4  14 
12  13 
7  -10 
20  10 
12  2 
7  1 
25  -1 
17  3 
-8  19 
27  3 
22  -9 
16  -10 
8  -4 
-15  16 
-2  27 
17  9 
-2  17 
20  -6 
18  21 
2  7 
13  21 
13  2 
8  13 
4  16 
9  27 
0  7 
18  9 
16  11 
6  17 
26  4 
-8  8 
24  6 
7  9 
5  4 
15  9 
12  21 
3  9 
10  19 
2  17 
1  17 
4  14 
17  15 
6  -8 
20  10 
12  2 
7  1 
23  -1 
17  3 
-9  19 
27  3 
22  -9 
16  -10 
7  -4 
-15  15 
-2  27 
17  10 
-1  17 
20  -8 
18  22 
4  9 
15  22 
13  2 
8  13 
4  16 
7  28 
0  7 
18  9 
16  11 
6  17 
29  4 
-8  9 
24  6 
7  9 
5  4 
12  9 
12  21 
3  8 
10  19 
2  17 
1  17 
4  14 
18  17 
6  -8 
20  10 
12  2 
7  1 
23  -1 
17  3 
-10  16 
27  3 
22  -9 
16  -10 
8  -4 
-14  17 
-2  27 
17  9 
-1  17 
20  -6 
18  21 
3  10 
16  19 
13  2 
7  12 
5  16 
8  27 
0  7 
18  9 
16  11 
7  16 
29  4 
-8  8 
24  6 
7  10 
7  9 
13  9 
15  22 
3  8 
12  19 
2  17 
1  17 
4  14 
18  17 
7  -8 
20  10 
11  -2 
7  1 
23  -1 
17  3 
-10  17 
27  3 
22  -9 
16  -9 
10  -4 
-14  17 
-2  27 
16  13 
-1  17 
20  -8 
18  21 
3  9 
16  19 
13  2 
8  13 
4  16 
7  27 
0  7 
18  9 
15  9 
7  16 
29  4 
-8  9 
24  6 
8  13 
7  9 
7  8 
12  21 
3  8 
12  19 
2  17 
1  17 
4  14 
18  17 
7  -8 
20  14 
11  1 
7  1 
23  -1 
15  2 
-10  16 
27  3 
22  -9 
13  -11 
8  -4 
-14  17 
-2  27 
17  15 
-1  17 
23  -8 
18  22 
3  9 
16  19 
17  3 
6  12 
5  15 
9  27 
0  7 
18  9 
12  9 
7  16 
29  4 
-8  8 
24  6 
8  13 
7  9 
10  9 
12  22 
3  8 
12  19 
2  17 
1  17 
4  14 
18  17 
7  -8 
19  12 
10  -1 
7  1 
23  -1 
15  2 
-10  17 
27  3 
22  -9 
13  -11 
8  -4 
-13  16 
-3  26 
17  13 
-1  17 
23  -8 
18  21 
3  9 
16  19 
17  3 
6  12 
5  15 
9  27 
0  7 
18  9 
12  9 
6  14 
29  4 
-8  8 
25  4 
8  13 
7  9 
10  10 
13  21 
3  8 
12  19 
2  17 
1  17 
4  14 
18  17 
6  -8 
13  15 
10  -1 
7  0 
23  -1 
15  2 
-12  16 
27  3 
22  -9 
15  -11 
7  -4 
-15  15 
2  25 
16  13 
0  19 
23  -8 
18  21 
3  9 
16  19 
18  2 
7  13 
5  16 
9  27 
0  7 
16  11 
13  9 
7  12 
29  4 
-8  8 
24  6 
8  13 
7  9 
10  16 
13  22 
3  8 
12  21 
1  17 
0  13 
4  14 
18  17 
6  -8 
12  13 
12  -1 
7  1 
23  -1 
15  2 
-12  16 
27  3 
22  -9 
15  -11 
7  -4 
-14  17 
5  28 
17  15 
0  19 
22  -7 
21  22 
3  9 
16  19 
18  1 
7  13 
5  16 
9  27 
-2  9 
16  11 
12  9 
7  12 
29  4 
-8  8 
25  5 
7  13 
7  9 
10  16 
12  22 
3  9 
12  21 
2  17 
-4  13 
4  14 
18  17 
7  -8 
13  14 
12  -1 
7  1 
23  -1 
17  3 
-13  16 
27  3 
22  -9 
15  -11 
6  -3 
-16  16 
4  26 
17  15 
1  22 
20  -8 
20  19 
3  8 
17  19 
18  1 
6  12 
6  14 
9  27 
0  7 
16  10 
12  8 
6  13 
30  5 
-10  9 
27  6 
8  13 
7  9 
10  16 
12  22 
3  9 
12  21 
1  17 
-4  13 
4  14 
18  17 
7  -8 
12  13 
10  -1 
7  1 
23  -1 
15  2 
-10  18 
27  3 
22  -9 
13  -11 
8  -4 
-15  15 
5  24 
20  15 
1  22 
23  -8 
18  21 
3  8 
16  19 
18  2 
6  11 
6  12 
9  27 
3  5 
15  9 
12  9 
6  13 
29  4 
-10  11 
27  5 
8  13 
7  9 
12  19 
12  22 
3  9 
12  21 
1  17 
-4  13 
4  14 
19  17 
6  -8 
12  13 
10  -1 
7  1 
23  -1 
16  1 
-10  16 
27  3 
22  -9 
13  -11 
7  -4 
-15  15 
4  26 
20  12 
-3  23 
23  -8 
18  21 
3  8 
15  20 
18  2 
6  14 
7  12 
9  27 
2  5 
15  9 
12  9 
3  10 
29  4 
-15  4 
28  7 
8  13 
7  9 
12  19 
12  22 
3  9 
13  22 
1  17 
-4  14 
4  14 
19  17 
6  -8 
12  15 
10  -1 
7  1 
22  -3 
15  2 
-13  16 
27  3 
22  -9 
12  -12 
5  -5 
-16  16 
4  26 
20  12 
-3  23 
23  -8 
18  21 
3  8 
15  21 
18  2 
6  13 
7  12 
9  27 
2  4 
15  9 
11  7 
4  10 
29  4 
-12  2 
25  4 
8  13 
3  9 
12  19 
13  22 
4  9 
12  21 
2  17 
-4  13 
4  14 
17  15 
6  -9 
12  13 
10  -1 
7  1 
23  -1 
16  1 
-11  16 
25  4 
22  -9 
12  -14 
5  -5 
-14  17 
4  26 
20  12 
-5  20 
23  -8 
18  21 
3  8 
15  22 
17  3 
6  12 
7  12 
9  27 
3  6 
16  10 
13  7 
7  5 
29  4 
-12  0 
25  6 
8  13 
3  9 
12  19 
12  22 
5  7 
12  21 
2  17 
-3  14 
4  14 
17  15 
5  -11 
15  15 
10  -1 
7  1 
23  -1 
17  3 
-10  16 
25  5 
22  -9 
12  -14 
4  1 
-14  17 
3  30 
20  13 
-7  22 
24  -4 
18  22 
3  8 
15  22 
15  6 
6  12 
7  12 
9  27 
2  4 
17  9 
13  7 
7  9 
29  4 
-10  5 
24  6 
8  13 
4  10 
12  19 
13  22 
5  8 
12  22 
3  19 
-4  13 
4  14 
17  15 
5  -15 
16  14 
12  1 
7  1 
22  -3 
17  3 
-10  16 
25  4 
22  -9 
12  -14 
4  1 
-14  17 
7  29 
20  12 
-6  22 
25  -4 
18  22 
3  9 
15  22 
16  6 
6  12 
7  12 
9  27 
3  6 
12  9 
13  7 
8  4 
27  0 
-10  5 
24  6 
8  13 
3  10 
12  19 
13  22 
4  9 
12  22 
3  19 
-3  13 
4  14 
17  15 
5  -14 
13  18 
14  -1 
7  1 
21  -3 
18  2 
-12  16 
25  4 
22  -9 
12  -14 
5  -1 
-15  15 
7  29 
20  13 
-5  23 
25  -4 
21  22 
3  9 
15  22 
15  6 
6  12 
7  12 
9  27 
1  5 
16  10 
13  7 
7  3 
27  0 
-10  5 
24  6 
8  13 
3  8 
10  19 
12  22 
5  8 
13  22 
3  19 
-4  13 
4  14 
17  15 
3  -14 
13  18 
14  -1 
6  1 
22  -3 
18  2 
-10  16 
25  4 
22  -9 
12  -14 
6  -1 
-15  15 
7  29 
20  13 
-3  23 
24  -4 
20  16 
3  9 
15  22 
18  7 
7  12 
6  12 
9  27 
0  7 
16  10 
13  7 
7  3 
27  1 
-11  4 
23  5 
8  13 
3  8 
12  19 
15  22 
5  8 
10  20 
3  19 
-3  15 
4  14 
20  14 
4  -14 
13  18 
12  2 
7  1 
23  -3 
18  2 
-10  16 
27  8 
22  -9 
13  -14 
5  -4 
-15  15 
7  29 
20  12 
-3  23 
24  -4 
20  16 
3  9 
16  23 
18  7 
6  12 
6  11 
7  26 
0  7 
16  11 
13  7 
7  3 
28  0 
-11  4 
21  5 
8  13 
3  8 
12  19 
15  22 
3  9 
10  19 
3  17 
-3  15 
4  14 
20  14 
4  -14 
13  18 
12  2 
6  -1 
22  -3 
18  2 
-12  16 
29  7 
22  -9 
13  -14 
6  -3 
-15  15 
7  30 
23  12 
-3  23 
24  -4 
20  12 
3  10 
13  22 
18  7 
6  12 
7  12 
7  29 
0  7 
16  10 
13  7 
7  3 
27  1 
-11  4 
23  5 
7  13 
3  8 
12  19 
12  21 
4  9 
11  18 
3  19 
-3  15 
4  14 
20  14 
4  -14 
13  18 
12  2 
5  -1 
22  -3 
18  2 
-12  16 
29  7 
22  -9 
12  -14 
6  -3 
-15  15 
7  29 
23  12 
-3  23 
24  -4 
16  13 
3  10 
12  20 
18  7 
7  12 
6  12 
8  27 
2  5 
16  11 
13  7 
7  3 
27  1 
-10  4 
19  5 
8  13 
3  9 
12  19 
12  20 
5  4 
10  19 
3  17 
-3  15 
4  14 
20  14 
4  -14 
13  18 
17  3 
6  -1 
21  -3 
18  1 
-10  16 
29  7 
22  -9 
15  -18 
8  -4 
-15  15 
5  26 
20  13 
-2  22 
24  -4 
13  11 
4  10 
12  21 
18  7 
6  14 
7  13 
7  28 
3  5 
18  9 
12  6 
7  3 
27  1 
-11  4 
19  8 
8  13 
3  8 
10  19 
13  22 
5  4 
10  20 
7  20 
-4  13 
4  14 
23  12 
4  -14 
13  18 
15  2 
9  3 
22  -3 
18  1 
-14  16 
29  7 
22  -9 
17  -17 
7  -4 
-15  16 
3  29 
20  14 
-2  22 
24  -4 
14  12 
5  8 
12  22 
18  7 
7  12 
6  12 
10  29 
2  4 
18  9 
13  7 
7  3 
27  1 
-11  4 
20  7 
8  13 
3  9 
10  19 
12  19 
8  7 
10  20 
7  21 
-4  13 
4  14 
23  12 
6  -16 
13  18 
15  2 
6  1 
21  -3 
21  0 
-13  16 
30  11 
27  -11 
17  -16 
6  -8 
-15  16 
3  30 
20  12 
-2  21 
22  -3 
12  13 
9  7 
13  22 
18  7 
7  10 
7  12 
9  29 
4  6 
18  9 
17  3 
7  3 
28  0 
-11  4 
20  7 
8  13 
3  8 
11  19 
12  19 
7  6 
10  19 
7  21 
-4  13 
4  14 
23  12 
5  -16 
13  18 
12  1 
6  1 
23  -1 
18  1 
-10  16 
33  11 
23  -10 
16  -21 
7  -8 
-15  16 
3  29 
20  14 
-2  22 
26  -3 
12  13 
7  9 
11  21 
18  7 
10  11 
6  12 
10  25 
4  6 
18  9 
15  2 
7  5 
28  0 
-11  4 
20  7 
8  13 
3  8 
10  19 
12  19 
9  7 
11  19 
7  21 
-4  13 
4  14 
23  12 
5  -16 
13  18 
12  2 
6  1 
23  -3 
18  1 
-12  17 
33  11 
23  -11 
16  -21 
6  -8 
-15  16 
6  25 
20  14 
-2  22 
26  -3 
12  13 
7  10 
12  21 
18  7 
10  11 
7  12 
7  25 
4  6 
16  11 
15  2 
8  7 
28  0 
-11  4 
18  9 
8  13 
3  8 
10  19 
12  19 
8  7 
11  18 
7  20 
-4  13 
4  14 
23  12 
5  -16 
13  18 
15  2 
7  1 
20  -8 
19  1 
-15  16 
33  11 
24  -10 
17  -21 
6  -7 
-16  16 
7  28 
20  16 
-2  21 
26  -3 
12  13 
7  9 
12  22 
18  7 
9  9 
6  14 
4  26 
1  5 
17  13 
17  3 
5  9 
28  0 
-11  4 
18  9 
8  13 
3  8 
10  20 
12  19 
4  10 
10  19 
3  19 
0  12 
4  14 
20  14 
6  -16 
14  15 
14  2 
7  1 
20  -7 
18  1 
-15  16 
36  13 
23  -11 
18  -23 
7  -8 
-16  16 
7  25 
23  12 
-2  22 
26  -3 
12  13 
7  9 
13  22 
18  7 
10  11 
6  12 
4  26 
3  6 
17  15 
17  3 
5  4 
28  0 
-11  4 
16  11 
8  13 
3  9 
7  20 
12  19 
5  9 
10  19 
3  19 
0  12 
4  14 
20  14 
7  -17 
13  14 
13  2 
6  1 
20  -7 
18  1 
-15  15 
36  13 
23  -12 
18  -23 
7  -8 
-16  16 
9  27 
21  13 
-2  23 
26  -3 
12  13 
7  9 
12  21 
18  7 
9  11 
6  12 
4  26 
0  7 
17  15 
17  3 
5  4 
27  1 
-11  4 
16  11 
8  13 
5  8 
5  19 
12  19 
3  9 
10  19 
3  17 
0  13 
4  14 
20  14 
7  -17 
14  14 
12  2 
7  1 
21  -8 
18  1 
-15  16 
36  13 
23  -12 
18  -23 
7  -8 
-19  17 
9  27 
23  13 
-2  22 
25  -5 
12  13 
7  9 
12  21 
18  7 
10  11 
7  16 
4  26 
-1  5 
17  15 
15  2 
5  4 
28  0 
-13  8 
18  9 
8  13 
5  4 
6  19 
11  19 
5  9 
10  19 
3  19 
0  12 
4  14 
20  14 
7  -17 
12  17 
13  3 
8  0 
22  -9 
18  1 
-16  16 
36  13 
23  -11 
19  -23 
7  -8 
-19  17 
9  27 
23  12 
-5  22 
25  -5 
15  12 
7  10 
12  22 
18  7 
10  11 
8  16 
0  27 
-4  7 
17  15 
13  -2 
4  3 
27  1 
-13  5 
18  9 
8  13 
5  4 
4  21 
10  20 
3  9 
10  19 
3  17 
0  14 
4  14 
20  12 
7  -17 
12  13 
12  1 
7  0 
22  -9 
15  2 
-16  16 
36  13 
23  -12 
19  -23 
7  -8 
-19  17 
9  27 
23  12 
-5  20 
25  -4 
15  12 
7  9 
12  22 
18  7 
8  11 
8  16 
-1  28 
-4  6 
17  15 
13  -2 
3  3 
27  1 
-13  8 
18  9 
7  12 
5  4 
2  17 
12  21 
3  9 
10  19 
3  17 
0  13 
4  14 
18  13 
7  -17 
13  12 
12  2 
7  1 
22  -9 
13  2 
-16  16 
36  13 
23  -12 
18  -23 
6  -8 
-19  17 
9  27 
23  12 
-3  23 
25  -4 
12  13 
7  9 
12  19 
18  7 
10  11 
7  16 
0  27 
-5  6 
17  15 
13  -2 
3  5 
26  1 
-12  7 
19  8 
6  11 
5  5 
2  17 
12  21 
3  9 
10  19 
3  19 
0  12 
4  14 
19  17 
7  -17 
13  11 
12  2 
7  1 
22  -9 
15  2 
-14  17 
36  13 
23  -10 
18  -23 
7  -8 
-19  17 
9  27 
23  12 
-3  23 
25  -4 
12  13 
7  9 
12  19 
18  7 
10  11 
9  16 
0  28 
-1  5 
17  15 
13  -2 
4  6 
26  1 
-13  5 
16  11 
8  7 
5  4 
0  14 
13  22 
3  9 
10  19 
3  19 
0  13 
4  14 
19  17 
7  -17 
14  12 
12  2 
7  0 
20  -8 
15  2 
-12  16 
37  15 
24  -14 
18  -23 
6  -8 
-19  17 
9  27 
23  12 
-3  23 
24  -4 
16  13 
10  11 
12  19 
18  7 
13  11 
10  16 
0  27 
1  5 
17  14 
13  -2 
3  3 
27  1 
-13  7 
15  9 
11  11 
5  4 
0  14 
12  21 
3  8 
11  21 
3  19 
0  13 
4  14 
19  17 
7  -17 
14  12 
12  2 
7  0 
20  -8 
17  4 
-16  16 
37  15 
24  -14 
16  -23 
6  -8 
-19  17 
9  27 
23  12 
-5  22 
25  -5 
18  13 
10  11 
12  19 
18  7 
13  11 
10  16 
0  30 
1  4 
16  13 
13  -5 
4  3 
27  1 
-13  9 
12  9 
10  11 
5  4 
0  13 
12  23 
3  9 
12  21 
3  19 
1  12 
4  14 
18  17 
7  -14 
20  14 
12  2 
6  1 
20  -8 
18  2 
-14  19 
36  13 
22  -15 
17  -20 
6  -8 
-18  17 
9  27 
23  12 
-5  22 
25  -4 
17  15 
11  11 
12  19 
18  7 
13  11 
10  16 
0  30 
1  6 
17  13 
12  -7 
3  3 
28  0 
-17  10 
12  8 
10  11 
5  4 
2  13 
13  22 
3  9 
11  21 
3  19 
0  13 
4  14 
18  17 
7  -11 
20  14 
12  2 
7  1 
20  -8 
18  2 
-15  18 
38  13 
24  -14 
16  -21 
7  -8 
-19  17 
9  27 
23  12 
-5  22 
24  -4 
17  15 
9  9 
12  19 
18  7 
13  11 
10  16 
0  30 
0  7 
16  13 
12  -7 
4  3 
28  0 
-17  8 
12  9 
10  11 
5  4 
2  14 
12  21 
5  8 
12  20 
2  17 
0  12 
4  14 
19  17 
7  -12 
20  13 
12  2 
7  1 
17  -5 
18  1 
-15  15 
37  13 
24  -14 
16  -21 
7  -8 
-20  16 
6  24 
23  12 
-5  22 
25  -4 
20  14 
12  8 
12  19 
18  7 
13  11 
10  16 
0  30 
-2  9 
16  13 
12  -7 
3  3 
27  0 
-17  8 
12  9 
10  11 
5  4 
2  13 
12  22 
3  9 
13  18 
2  17 
0  13 
4  14 
19  17 
7  -11 
19  11 
13  2 
7  1 
17  -5 
18  1 
-15  15 
37  14 
24  -14 
16  -21 
7  -8 
-22  13 
4  27 
23  12 
-5  22 
24  -4 
20  14 
12  8 
12  19 
18  7 
13  11 
10  16 
0  30 
0  7 
16  13 
12  -7 
4  3 
23  -1 
-17  8 
13  9 
10  11 
4  6 
0  13 
12  20 
4  10 
13  15 
2  17 
0  12 
4  14 
18  17 
5  -16 
18  13 
12  1 
7  1 
17  -5 
18  2 
-15  15 
36  11 
23  -14 
16  -21 
6  -8 
-25  15 
5  29 
23  12 
-4  21 
26  -3 
20  14 
12  8 
12  19 
18  7 
15  10 
10  16 
1  29 
0  7 
16  13 
12  -5 
4  3 
23  -1 
-17  9 
13  9 
10  11 
4  6 
2  13 
12  21 
4  9 
12  16 
1  17 
-3  17 
4  14 
19  17 
6  -16 
13  11 
9  4 
6  1 
18  -3 
18  1 
-16  16 
36  11 
22  -16 
16  -21 
6  -8 
-23  15 
3  29 
23  12 
-3  23 
25  -5 
20  13 
12  8 
12  19 
16  7 
15  9 
10  16 
0  30 
-2  9 
16  13 
12  -7 
4  3 
23  -1 
-17  8 
12  9 
10  11 
4  6 
0  13 
12  22 
4  10 
13  15 
3  18 
0  15 
4  14 
19  17 
5  -16 
13  11 
10  5 
7  1 
18  -3 
21  1 
-14  17 
36  11 
20  -13 
16  -21 
6  -8 
-23  15 
3  29 
23  12 
-2  22 
25  -5 
20  14 
12  8 
12  19 
15  0 
15  9 
10  16 
0  30 
-4  10 
16  13 
12  -7 
4  3 
23  -1 
-17  8 
14  9 
9  9 
4  6 
0  12 
12  21 
5  8 
12  13 
3  18 
1  17 
4  14 
19  17 
5  -16 
12  8 
10  5 
7  1 
18  -3 
18  1 
-16  16 
36  11 
20  -13 
16  -21 
0  -7 
-22  14 
3  29 
23  13 
-2  22 
25  -4 
20  14 
13  9 
11  18 
13  2 
15  9 
8  16 
0  30 
-4  10 
17  15 
13  -5 
3  3 
23  -1 
-17  8 
14  9 
10  11 
4  6 
-1  11 
12  21 
5  6 
12  16 
2  17 
0  16 
4  14 
19  17 
5  -16 
12  8 
9  7 
7  0 
18  -3 
21  2 
-13  16 
36  11 
18  -11 
16  -21 
0  -8 
-24  13 
3  29 
20  15 
-2  21 
25  -5 
20  14 
12  9 
12  19 
13  2 
15  9 
6  17 
0  30 
-4  10 
17  15 
11  -5 
4  3 
23  -1 
-17  8 
13  9 
9  11 
4  6 
3  13 
15  22 
5  9 
12  13 
1  17 
0  12 
4  14 
18  17 
5  -16 
12  8 
9  4 
7  1 
16  -3 
19  1 
-15  16 
36  11 
18  -11 
16  -21 
0  -7 
-23  13 
3  29 
18  16 
-2  21 
28  -4 
20  14 
12  9 
12  19 
12  1 
15  9 
6  17 
0  30 
-4  10 
16  14 
13  -3 
4  3 
22  -3 
-17  8 
13  9 
10  11 
4  6 
3  12 
13  22 
3  10 
12  13 
1  17 
0  13 
4  14 
19  17 
5  -16 
12  8 
10  5 
7  1 
18  -3 
20  -1 
-15  15 
36  10 
17  -11 
16  -21 
0  -8 
-27  11 
3  29 
20  14 
-1  22 
25  -4 
21  12 
12  9 
12  19 
12  1 
15  9 
4  16 
0  30 
1  4 
12  16 
14  -1 
3  3 
23  -1 
-17  8 
13  9 
10  11 
7  3 
3  12 
15  22 
4  9 
12  13 
2  17 
0  13 
4  14 
17  16 
6  -8 
12  8 
9  4 
7  0 
17  -5 
19  1 
-15  15 
36  11 
18  -11 
16  -23 
-1  -9 
-27  11 
3  29 
20  14 
-3  23 
25  -4 
20  12 
12  9 
12  21 
13  3 
15  9 
4  16 
0  30 
5  4 
14  14 
18  -3 
4  3 
23  -1 
-17  8 
13  9 
9  11 
7  3 
1  12 
15  21 
5  5 
12  15 
2  17 
0  14 
4  14 
18  17 
7  -8 
12  8 
9  4 
7  1 
17  -7 
21  1 
-15  16 
36  10 
20  -13 
16  -23 
0  -7 
-27  11 
3  29 
17  16 
-2  21 
28  -3 
20  12 
14  9 
12  21 
12  2 
20  8 
4  16 
0  30 
4  6 
12  13 
19  -3 
3  3 
23  -1 
-17  8 
15  9 
8  11 
7  3 
1  12 
15  22 
4  6 
15  15 
2  17 
0  14 
4  14 
18  17 
10  -9 
12  8 
9  4 
6  1 
16  -7 
18  1 
-15  16 
36  11 
20  -13 
16  -21 
3  -8 
-28  9 
3  29 
17  15 
-3  23 
26  -3 
20  12 
13  9 
12  21 
13  2 
18  9 
4  16 
0  30 
5  4 
12  13 
19  -3 
3  3 
23  -1 
-17  8 
15  9 
11  7 
7  3 
-1  12 
18  22 
5  9 
15  15 
1  17 
0  13 
4  14 
18  17 
10  -9 
12  8 
10  5 
6  1 
16  -7 
18  1 
-15  16 
36  10 
20  -13 
16  -21 
3  -8 
-28  9 
4  29 
17  15 
-5  22 
26  -3 
20  12 
13  9 
12  19 
13  2 
18  9 
4  16 
1  29 
3  9 
12  13 
19  -3 
4  3 
22  -3 
-17  8 
15  9 
11  7 
7  3 
0  12 
18  22 
4  6 
10  9 
1  17 
0  14 
4  14 
18  17 
8  -9 
12  8 
10  5 
7  1 
16  -7 
22  1 
-15  15 
36  11 
20  -13 
17  -21 
3  -8 
-28  9 
4  29 
17  15 
-8  22 
26  -3 
20  13 
13  9 
10  19 
12  1 
19  8 
4  16 
0  30 
3  9 
12  15 
19  -3 
4  3 
22  -3 
-17  8 
15  9 
10  10 
7  3 
0  14 
18  22 
5  4 
10  11 
2  17 
1  17 
4  14 
18  17 
8  -9 
12  8 
12  -1 
7  1 
16  -7 
18  1 
-15  16 
36  11 
18  -11 
16  -21 
3  -8 
-28  9 
3  29 
17  15 
-3  23 
28  -4 
23  13 
13  9 
10  19 
13  2 
16  10 
6  17 
0  30 
4  6 
12  13 
19  -3 
3  3 
23  -1 
-17  8 
15  9 
11  11 
7  3 
0  14 
18  22 
5  4 
10  11 
2  17 
1  17 
4  14 
19  17 
9  -9 
12  8 
12  2 
7  1 
16  -6 
20  -1 
-15  15 
36  11 
18  -11 
16  -21 
0  -7 
-28  9 
5  28 
17  15 
-3  23 
28  -4 
19  11 
13  9 
10  19 
15  0 
16  10 
6  17 
0  30 
4  6 
12  13 
20  -4 
3  3 
23  -1 
-17  9 
15  9 
7  6 
7  3 
0  14 
18  22 
5  4 
7  12 
2  17 
1  17 
4  14 
18  17 
10  -9 
12  8 
13  2 
7  1 
16  -7 
18  1 
-16  16 
36  11 
18  -11 
16  -21 
0  -7 
-28  9 
5  26 
17  15 
-5  22 
30  -4 
20  12 
13  9 
10  19 
15  0 
16  10 
6  17 
0  30 
3  5 
12  13 
19  -3 
4  4 
23  -1 
-17  8 
15  9 
4  6 
7  3 
0  13 
18  22 
5  4 
7  12 
2  17 
1  17 
4  14 
18  17 
9  -8 
12  8 
16  1 
7  1 
17  -5 
21  1 
-16  16 
36  11 
18  -11 
16  -21 
-1  -8 
-28  9 
3  30 
20  16 
-5  22 
30  -4 
16  13 
13  9 
13  22 
15  1 
17  10 
8  16 
0  30 
2  7 
12  16 
19  -3 
3  3 
23  -1 
-17  9 
15  9 
5  7 
7  3 
0  12 
17  23 
5  4 
6  12 
2  17 
1  17 
4  14 
18  17 
10  -9 
12  8 
15  2 
7  1 
16  -7 
20  -1 
-15  15 
36  11 
18  -11 
16  -21 
0  -7 
-28  9 
5  29 
20  14 
-8  21 
28  -4 
17  15 
13  9 
12  22 
16  4 
16  10 
7  16 
0  30 
2  4 
12  13 
19  -3 
3  3 
23  -1 
-17  8 
15  9 
3  9 
7  3 
0  12 
18  21 
5  4 
7  12 
4  16 
1  17 
4  14 
18  17 
10  -9 
12  8 
13  2 
8  0 
16  -7 
22  1 
-15  16 
36  11 
18  -11 
16  -21 
0  -7 
-28  9 
6  32 
20  14 
-8  19 
28  -4 
18  14 
13  9 
12  21 
15  2 
17  10 
10  16 
0  30 
4  6 
12  13 
19  -3 
4  3 
22  -3 
-17  8 
15  9 
3  9 
7  3 
-1  11 
17  23 
5  4 
6  11 
4  16 
2  17 
4  14 
17  16 
10  -9 
12  9 
12  1 
7  0 
17  -5 
18  2 
-15  15 
36  11 
18  -11 
16  -21 
0  -8 
-33  10 
6  32 
16  14 
-8  19 
28  -4 
16  13 
13  9 
12  22 
13  2 
16  10 
10  16 
0  30 
3  5 
14  14 
17  -3 
3  3 
23  -1 
-17  8 
15  9 
3  9 
7  3 
0  15 
16  24 
5  4 
8  13 
5  16 
2  17 
4  14 
19  17 
10  -9 
12  8 
12  2 
7  0 
16  -6 
18  2 
-14  14 
36  11 
18  -11 
16  -21 
2  -9 
-33  9 
6  32 
13  14 
-8  20 
27  -4 
16  13 
13  9 
13  22 
17  3 
16  10 
10  16 
1  29 
4  6 
12  13 
18  -3 
3  3 
23  -1 
-17  8 
15  9 
3  9 
7  3 
-1  12 
16  21 
5  4 
7  12 
5  15 
1  17 
6  14 
19  17 
10  -9 
13  9 
13  2 
9  4 
17  -6 
21  1 
-14  12 
37  15 
18  -11 
16  -21 
2  -9 
-32  7 
8  33 
13  14 
-8  22 
28  -4 
16  13 
13  7 
15  26 
17  3 
16  11 
10  16 
0  30 
4  6 
12  13 
18  -3 
4  3 
23  -1 
-17  8 
15  9 
3  8 
7  3 
0  14 
15  22 
5  4 
8  13 
4  16 
1  17 
6  13 
19  17 
10  -9 
13  9 
12  2 
9  4 
20  -8 
18  1 
-14  12 
40  13 
18  -11 
16  -21 
2  -9 
-33  9 
7  32 
12  16 
-8  21 
26  -3 
16  13 
13  7 
18  27 
17  4 
16  11 
7  16 
0  30 
4  6 
12  13 
18  -3 
4  3 
23  -1 
-15  7 
12  9 
3  9 
7  3 
0  13 
13  22 
6  4 
8  13 
5  16 
2  17 
6  12 
21  17 
10  -8 
13  9 
12  1 
9  4 
20  -6 
18  2 
-13  12 
40  12 
16  -10 
16  -21 
10  -10 
-32  4 
6  33 
13  18 
-10  19 
26  -3 
16  13 
13  7 
18  27 
15  4 
16  11 
8  16 
1  30 
3  8 
12  13 
19  -3 
3  3 
23  -1 
-16  6 
12  9 
5  8 
7  3 
3  12 
17  23 
6  4 
8  13 
5  15 
2  17 
7  12 
21  17 
11  -9 
13  9 
14  3 
9  4 
20  -7 
18  1 
-14  11 
40  12 
18  -11 
16  -21 
10  -9 
-33  1 
6  32 
13  18 
-10  19 
25  -4 
17  15 
13  7 
18  27 
18  2 
16  11 
4  16 
0  30 
3  9 
12  13 
18  -3 
3  3 
23  -1 
-16  6 
12  8 
3  9 
7  3 
3  12 
17  23 
5  4 
8  13 
7  16 
2  14 
6  13 
21  17 
11  -10 
15  9 
15  2 
7  9 
20  -6 
22  1 
-14  12 
43  13 
18  -11 
16  -23 
10  -10 
-32  0 
7  32 
13  17 
-8  19 
26  -3 
17  15 
12  9 
18  27 
18  2 
16  10 
5  16 
0  30 
3  10 
12  13 
18  -3 
3  3 
22  -3 
-16  6 
13  9 
3  9 
7  3 
3  12 
17  23 
5  4 
8  13 
7  16 
2  11 
6  12 
21  17 
10  -9 
16  11 
17  4 
9  7 
21  -7 
22  1 
-13  13 
40  13 
18  -11 
18  -23 
9  -9 
-33  1 
7  32 
13  18 
-8  19 
26  -3 
17  15 
12  8 
18  27 
18  2 
16  10 
5  15 
0  30 
3  8 
13  15 
19  -3 
4  3 
22  -3 
-16  6 
15  10 
3  9 
7  3 
3  12 
16  24 
5  4 
7  16 
4  16 
2  11 
7  12 
21  17 
11  -9 
16  11 
13  2 
9  7 
21  -7 
18  1 
-12  17 
40  13 
20  -13 
18  -23 
10  -9 
-33  1 
6  32 
12  13 
-8  19 
26  -3 
17  15 
12  9 
18  27 
18  2 
16  10 
5  16 
0  30 
3  8 
13  18 
16  -1 
3  3 
22  -3 
-19  4 
14  9 
3  8 
7  3 
3  12 
17  23 
5  4 
8  16 
4  16 
2  11 
6  12 
21  17 
10  -8 
17  14 
13  7 
9  7 
20  -8 
18  1 
-13  16 
40  14 
20  -12 
18  -23 
9  -8 
-33  1 
7  32 
12  13 
-8  21 
26  -3 
17  15 
13  9 
18  27 
18  2 
16  10 
5  16 
0  30 
3  9 
13  18 
16  -1 
3  3 
22  -3 
-16  6 
7  9 
3  8 
8  7 
3  12 
15  22 
5  6 
8  16 
4  16 
2  11 
6  12 
21  17 
13  -9 
16  14 
13  7 
9  7 
20  -7 
18  1 
-15  16 
40  19 
18  -11 
18  -23 
9  -8 
-37  -1 
8  33 
12  16 
-8  22 
27  -4 
17  15 
13  9 
18  27 
18  2 
16  11 
5  15 
0  30 
5  4 
13  18 
16  -1 
4  3 
22  -3 
-19  5 
7  9 
4  9 
8  7 
3  12 
15  20 
3  8 
8  16 
5  16 
2  11 
6  12 
22  17 
13  -9 
16  13 
13  7 
9  7 
20  -7 
18  1 
-14  17 
41  20 
18  -11 
19  -23 
7  -8 
-37  -1 
8  33 
13  15 
-8  19 
27  -4 
20  14 
12  9 
18  27 
18  2 
16  10 
5  15 
0  30 
5  4 
13  18 
16  -1 
3  3 
23  -3 
-18  5 
7  9 
4  6 
7  8 
3  12 
17  23 
3  8 
10  16 
5  15 
2  11 
10  11 
21  17 
12  -6 
17  15 
13  7 
9  7 
22  -6 
18  2 
-12  16 
38  21 
20  -13 
19  -23 
7  -8 
-37  -1 
3  29 
13  14 
-8  19 
26  -3 
23  13 
12  8 
18  27 
22  1 
16  11 
4  16 
0  30 
5  4 
13  18 
16  -1 
4  3 
22  -3 
-18  6 
7  5 
4  6 
7  9 
3  12 
15  23 
3  8 
10  16 
5  15 
2  11 
10  11 
21  17 
8  -4 
17  15 
12  8 
9  7 
20  -7 
18  1 
-13  16 
38  22 
18  -11 
19  -23 
6  -8 
-37  -1 
5  27 
12  13 
-8  22 
24  -3 
16  13 
13  9 
18  27 
21  2 
16  10 
4  16 
0  30 
5  4 
13  18 
16  -1 
3  3 
22  -3 
-19  4 
8  7 
5  9 
11  11 
3  12 
17  23 
3  8 
9  16 
5  15 
0  12 
13  11 
21  17 
8  -4 
17  15 
12  9 
9  7 
20  -6 
18  1 
-13  16 
38  22 
15  -11 
19  -23 
8  -7 
-37  -1 
3  29 
14  12 
-10  19 
24  -4 
16  13 
13  9 
18  27 
22  1 
21  13 
6  17 
1  29 
5  4 
13  18 
16  -1 
3  3 
22  -3 
-19  5 
7  9 
5  9 
10  11 
3  12 
15  22 
3  9 
10  16 
5  15 
0  13 
15  12 
21  17 
8  -4 
17  15 
12  8 
9  7 
20  -6 
18  1 
-13  16 
38  22 
15  -11 
19  -23 
6  -8 
-37  -1 
5  30 
12  13 
-10  19 
25  -4 
16  13 
12  9 
18  27 
21  2 
19  12 
6  17 
2  31 
5  4 
13  18 
16  -1 
4  3 
22  -3 
-16  6 
7  9 
7  10 
10  11 
3  12 
17  23 
3  8 
8  16 
5  15 
0  12 
13  11 
21  17 
8  -3 
17  15 
12  8 
9  7 
20  -6 
20  1 
-13  16 
38  22 
15  -11 
19  -23 
6  -8 
-37  -1 
3  29 
12  13 
-10  19 
24  -4 
16  13 
12  9 
18  27 
21  2 
20  13 
6  17 
2  31 
5  4 
13  18 
16  -1 
4  3 
23  -2 
-16  6 
7  9 
6  12 
10  11 
3  12 
17  23 
3  8 
10  16 
5  15 
0  12 
19  11 
21  17 
8  -4 
16  13 
12  8 
9  7 
20  -6 
18  1 
-13  16 
38  22 
15  -11 
17  -23 
7  -8 
-37  -1 
3  29 
12  13 
-10  19 
24  -4 
17  15 
12  9 
18  27 
21  0 
20  13 
6  17 
2  31 
5  4 
13  18 
16  -1 
4  3 
22  -3 
-16  6 
7  7 
6  12 
9  12 
3  12 
12  22 
3  8 
10  16 
5  16 
-3  14 
16  13 
21  17 
8  -4 
12  14 
12  8 
7  7 
19  -3 
18  1 
-13  16 
38  22 
15  -11 
18  -23 
7  -8 
-37  -1 
3  29 
12  13 
-8  21 
26  -3 
17  15 
13  9 
18  27 
20  1 
20  14 
4  16 
2  31 
5  4 
13  18 
16  -1 
3  3 
22  -3 
-16  10 
7  9 
6  12 
10  11 
3  12 
15  22 
2  7 
10  16 
5  15 
-3  13 
16  13 
21  17 
9  -4 
13  17 
12  8 
9  7 
19  -3 
18  1 
-14  17 
38  22 
16  -9 
18  -23 
8  -7 
-37  -1 
3  28 
12  13 
-8  22 
28  -4 
17  12 
13  9 
18  27 
21  0 
20  13 
4  16 
2  31 
4  6 
13  18 
12  1 
4  3 
22  -3 
-17  9 
7  9 
