0 0.0 1.0 
100 0.16866666666666666 0.9583828382838284 
200 0.19933333333333333 0.9603316749585407 
300 0.24533333333333332 0.9588815060908085 
400 0.27599999999999997 0.9549625935162095 
500 0.19933333333333333 0.9546107784431138 
600 0.19933333333333333 0.9549195784803106 
700 0.19933333333333333 0.9544460294816928 
800 0.2606666666666666 0.9533874323761964 
900 0.23 0.9524713281539031 
1000 0.23 0.9522244422244422 
1100 0.24533333333333332 0.9518770814411142 
1200 0.16866666666666666 0.9516458506799889 
1300 0.29133333333333333 0.9520727645400974 
1400 0.23 0.9517796811801095 
1500 0.30666666666666664 0.9509393737508328 
1600 0.19933333333333333 0.9504059962523422 
1700 0.16866666666666666 0.9507642563198119 
1800 0.2913333333333333 0.9508347214510458 
1900 0.23 0.9503366649132036 
2000 0.27599999999999997 0.9501465933699816 
2100 0.13799999999999998 0.9506076471521497 
2200 0.21466666666666667 0.9509253369680448 
2300 0.3373333333333333 0.9505316529045342 
2400 0.21466666666666667 0.9504164931278634 
2500 0.24533333333333332 0.9502665600426496 
2600 0.21466666666666664 0.9500679225938742 
2700 0.24533333333333332 0.9501283475256078 
2800 0.24533333333333332 0.9501701773176247 
2900 0.19933333333333333 0.9502884062966793 
3000 0.23 0.9503110074419638 
3100 0.23 0.950343975061808 
3200 0.15333333333333332 0.9503561387066541 
3300 0.24533333333333332 0.9502888013733212 
3400 0.2606666666666666 0.9502509065960992 
3500 0.24533333333333332 0.9503322860135199 
3600 0.27599999999999997 0.9504350643339813 
3700 0.23 0.9505728181572548 
3800 0.21466666666666667 0.9506051039200211 
3900 0.30666666666666664 0.9506981115953175 
4000 0.2606666666666666 0.9504423894026494 
4100 0.21466666666666667 0.9504681784930504 
4200 0.21466666666666664 0.9502896135840673 
4300 0.2606666666666666 0.9503944819034333 
4400 0.23 0.9503355298038325 
4500 0.26066666666666666 0.950494704880397 
4600 0.24533333333333332 0.9504614938781424 
4700 0.23 0.950350280082252 
4800 0.2606666666666666 0.9504110254808026 
4900 0.21466666666666667 0.9502638917227777 
5000 0.184 0.9503226021462374 
5100 0.27599999999999997 0.9502162974580147 
5200 0.35266666666666663 0.9501717618406716 
5300 0.29133333333333333 0.9501716657234484 
5400 0.184 0.9501172622353885 
5500 0.19933333333333333 0.9500878628128219 
5600 0.2606666666666666 0.9500113075046123 
5700 0.16866666666666666 0.9498719522890721 
5800 0.19933333333333333 0.9499115095098546 
5900 0.184 0.949888719426086 
6000 0.21466666666666664 0.9499255679608954 
6100 0.21466666666666664 0.9499349833360651 
6200 0.21466666666666664 0.9499075417943342 
6300 0.24533333333333332 0.9498529333968153 
6400 0.23 0.9498588762172577 
6500 0.24533333333333332 0.9498041326975337 
6600 0.21466666666666664 0.9497631671968894 
6700 0.24533333333333332 0.9498741481370939 
6800 0.35266666666666663 0.9497539577513111 
6900 0.30666666666666664 0.9496411148142782 
7000 0.27599999999999997 0.9496643336666191 
7100 0.27599999999999997 0.9496085058442473 
7200 0.24533333333333332 0.9496042216358839 
7300 0.21466666666666664 0.949650732776332 
7400 0.184 0.9496892311849751 
7500 0.21466666666666667 0.9496853752832956 
7600 0.19933333333333333 0.9497728369074244 
7700 0.3373333333333333 0.949766696965762 
7800 0.2606666666666666 0.9497782335598001 
7900 0.23 0.949794962662954 
8000 0.184 0.9497846102570512 
8100 0.23 0.9498086655968399 
8200 0.19933333333333333 0.9497601918465228 
8300 0.23 0.9497361763642934 
8400 0.30666666666666664 0.9497698686664287 
8500 0.26066666666666666 0.9496757244245775 
8600 0.16866666666666666 0.9497411153741813 
8700 0.19933333333333333 0.9497295330038693 
8800 0.21466666666666664 0.9497439684884293 
8900 0.35266666666666663 0.9497221285997828 
9000 0.24533333333333332 0.9497452134947969 
9100 0.19933333333333333 0.9498025857964326 
9200 0.21466666666666667 0.9498083541644025 
9300 0.24533333333333332 0.9498347847901659 
9400 0.24533333333333332 0.9498166861681382 
9500 0.27599999999999997 0.9498172122232748 
9600 0.21466666666666664 0.9497965489705933 
9700 0.24533333333333332 0.9498096416177026 
9800 0.21466666666666667 0.9498299493248988 
9900 0.24533333333333332 0.9499205467461199 
10000 0.29133333333333333 0.9499473385994733 
10100 0.23 0.94993762993763 
10200 0.29133333333333333 0.9499336666339901 
10300 0.2606666666666666 0.9499090703167977 
10400 0.21466666666666667 0.9498490529756755 
10500 0.184 0.9498689013744722 
10600 0.24533333333333332 0.9499283086501273 
10700 0.21466666666666667 0.9499769491947793 
10800 0.184 0.9500357991543993 
10900 0.23 0.9501165030731126 
11000 0.16866666666666666 0.9501763476047632 
11100 0.23 0.9501339218689007 
11200 0.2606666666666666 0.950151176978246 
11300 0.16866666666666666 0.9502097159543403 
11400 0.21466666666666664 0.9502508551881413 
11500 0.27599999999999997 0.9502527316465235 
11600 0.2606666666666666 0.9502017067494182 
11700 0.16866666666666666 0.9501481354869954 
11800 0.27599999999999997 0.9501251306386465 
11900 0.21466666666666667 0.9501181973503627 
12000 0.2606666666666666 0.9500752715051524 
12100 0.24533333333333332 0.9500831887171859 
12200 0.24533333333333332 0.9501163839029588 
12300 0.27599999999999997 0.9500934883342818 
12400 0.2606666666666666 0.9501357417412575 
12500 0.19933333333333333 0.9500663946884249 
12600 0.184 0.9501140121154406 
12700 0.19933333333333333 0.9501320106028397 
12800 0.19933333333333333 0.9501588417571544 
12900 0.21466666666666667 0.9501433997364546 
13000 0.24533333333333332 0.9501407584031998 
13100 0.26066666666666666 0.9501302699539476 
13200 0.23 0.950107062596268 
13300 0.2606666666666666 0.9501115204370598 
13400 0.2606666666666666 0.9500880531303634 
13500 0.24533333333333332 0.9500508604300916 
13600 0.16866666666666666 0.9500708281253829 
13700 0.16866666666666666 0.9500851519353819 
13800 0.24533333333333332 0.9501357389561143 
13900 0.24533333333333332 0.9501597007409539 
14000 0.24533333333333332 0.9501685593886151 
14100 0.24533333333333332 0.9502165331063991 
14200 0.184 0.9502833133816867 
14300 0.23 0.9503659417756334 
14400 0.2913333333333333 0.9503858528342939 
14500 0.24533333333333332 0.950346412891065 
14600 0.24533333333333332 0.9503568248750086 
14700 0.15333333333333332 0.950389315919552 
14800 0.2606666666666666 0.9503934418845573 
14900 0.30666666666666664 0.9503565756213229 
15000 0.18399999999999997 0.9503490878385885 
15100 0.27599999999999997 0.9503542811734322 
15200 0.21466666666666664 0.9503716860732847 
15300 0.1993333333333333 0.9503892991743459 
15400 0.23 0.9504060342402009 
15500 0.26066666666666666 0.9504234135432122 
15600 0.21466666666666667 0.95042219515843 
15700 0.23 0.9504152601745112 
15800 0.15333333333333332 0.9504634727759846 
15900 0.24533333333333332 0.9504664276879861 
16000 0.12266666666666666 0.9504745536737287 
16100 0.2606666666666666 0.9505136326936215 
16200 0.184 0.9505119025574553 
16300 0.30666666666666664 0.9504930167883361 
16400 0.30666666666666664 0.9504200963355893 
16500 0.2913333333333333 0.9503512918408985 
16600 0.2606666666666666 0.9502967692709274 
16700 0.23 0.9502359140171247 
16800 0.27599999999999997 0.9501853064301728 
16900 0.21466666666666667 0.9501966353075755 
17000 0.27599999999999997 0.950206066309825 
17100 0.21466666666666667 0.9501726994522738 
17200 0.184 0.9501798345057458 
17300 0.29133333333333333 0.9501618403560488 
17400 0.26066666666666666 0.950126046395801 
17500 0.15333333333333332 0.9501186598861018 
17600 0.184 0.9501537791413367 
17700 0.21466666666666664 0.9501632676119993 
17800 0.23 0.9502159054734752 
17900 0.184 0.9502744725620542 
18000 0.2606666666666666 0.950279799270411 
18100 0.16866666666666666 0.9502977736036683 
18200 0.184 0.9503593209164332 
18300 0.24533333333333332 0.9503928747063002 
18400 0.16866666666666666 0.9504119341340145 
18500 0.22999999999999995 0.9503823216763058 
18600 0.23 0.9503797286884218 
18700 0.23 0.9503974832005418 
18800 0.16866666666666666 0.9503733843944471 
18900 0.23 0.9504093257852319 
19000 0.21466666666666664 0.9503843657351367 
19100 0.29133333333333333 0.9503647278501998 
19200 0.23 0.950328975921393 
19300 0.19933333333333333 0.95029463067544 
19400 0.21466666666666667 0.9502671683590193 
19500 0.2913333333333333 0.9502538331367623 
19600 0.21466666666666667 0.9502154651973539 
19700 0.24533333333333332 0.9502372130010321 
19800 0.184 0.950290389374274 
19900 0.24533333333333332 0.9502778754836441 
20000 0.23 0.9502858190423812 
20100 0.19933333333333333 0.9503021408553471 
20200 0.2606666666666666 0.950275068890979 
20300 0.23 0.9502466216770931 
20400 0.2606666666666666 0.9502447592438279 
20500 0.24533333333333332 0.950210721428223 
20600 0.23 0.9502213484782293 
20700 0.26066666666666666 0.950202244658068 
20800 0.24533333333333332 0.950194381680368 
20900 0.3373333333333333 0.9501601199304659 
21000 0.23 0.9501868165008015 
21100 0.19933333333333333 0.9501484921725669 
21200 0.3373333333333333 0.9501202773454083 
21300 0.24533333333333332 0.9500780871007621 
21400 0.24533333333333332 0.9500887808980889 
21500 0.27599999999999997 0.9501210796397067 
21600 0.19933333333333333 0.9501254571547614 
21700 0.24533333333333332 0.9501144340506582 
21800 0.27599999999999997 0.9501097808969008 
21900 0.24533333333333332 0.9500802094272712 
22000 0.19933333333333333 0.9501037831613715 
22100 0.3526666666666667 0.9501257861635221 
22200 0.2606666666666666 0.9501090040989144 
22300 0.27599999999999997 0.9500801159888196 
22400 0.24533333333333332 0.9500401767778224 
22500 0.21466666666666664 0.950018813978638 
22600 0.19933333333333333 0.9500401162190464 
22700 0.2606666666666666 0.950011893749174 
22800 0.2606666666666666 0.9500217826703508 
22900 0.24533333333333332 0.9500164476078191 
23000 0.27599999999999997 0.9499978261814703 
23100 0.24533333333333332 0.9499826847322627 
23200 0.30666666666666664 0.949994684137178 
23300 0.21466666666666667 0.949997854169349 
23400 0.3373333333333333 0.9499884620315371 
23500 0.16866666666666666 0.9499893621548019 
23600 0.19933333333333333 0.9500415236642515 
23700 0.21466666666666664 0.950047255390068 
23800 0.21466666666666667 0.9500491575984202 
23900 0.23 0.9500251035521526 
24000 0.27599999999999997 0.9500088885185339 
24100 0.19933333333333333 0.950015213753233 
24200 0.322 0.950016252771924 
24300 0.23 0.9500226328134644 
24400 0.24533333333333332 0.9499978142972283 
24500 0.30666666666666664 0.9500144211800879 
24600 0.27599999999999997 0.9500407842499627 
24700 0.16866666666666666 0.950063830074356 
24800 0.184 0.9500932758087711 
24900 0.23 0.9501215479967338 
