0 3.8161764705882355 0.8878676470588235 
100 2.073529411764706 0.9344605416423996 
200 1.9375 0.9386660447761194 
300 1.8823529411764706 0.9404619405901896 
400 1.8051470588235294 0.9406607561977409 
500 1.8014705882352942 0.9411122607725725 
600 1.7352941176470589 0.9411351791132426 
700 1.7279411764705883 0.9417009314424771 
800 1.6875 0.9423801589924359 
900 1.6948529411764706 0.9428045635568323 
1000 1.650735294117647 0.9430679614503144 
1100 1.6654411764705883 0.9433052171822407 
1200 1.6580882352941178 0.9435152079149728 
1300 1.6470588235294117 0.9436893848623231 
1400 1.650735294117647 0.9437901498929336 
1500 1.6323529411764706 0.9438774885370538 
1600 1.6213235294117647 0.9440159183598487 
1700 1.6213235294117647 0.9441623871770931 
1800 1.6066176470588236 0.9441823578404155 
1900 1.6176470588235294 0.9443148149580716 
2000 1.6360294117647058 0.9444441382250052 
2100 1.6139705882352942 0.9445314031133634 
2200 1.5919117647058822 0.944652079936927 
2300 1.6102941176470589 0.944843753994427 
2400 1.5845588235294117 0.9449229947080873 
2500 1.599264705882353 0.9450014112002257 
2600 1.6029411764705883 0.9451101951738019 
2700 1.5735294117647058 0.9452214729838622 
2800 1.5845588235294117 0.9452348951004893 
2900 1.5919117647058822 0.9452461245615102 
3000 1.5919117647058822 0.9453781950134269 
3100 1.5845588235294117 0.9454635127188573 
3200 1.6029411764705883 0.945476597386846 
3300 1.5955882352941178 0.9454657790865513 
3400 1.5772058823529411 0.9455612644204991 
3500 1.5919117647058822 0.9456161159836686 
3600 1.5625 0.9456431628469216 
3700 1.599264705882353 0.9457169266652892 
3800 1.5661764705882353 0.9458182444248417 
3900 1.5808823529411764 0.9458493391588884 
4000 1.5772058823529411 0.9458536101268801 
4100 1.588235294117647 0.9458850154912002 
4200 1.5772058823529411 0.9459440241819175 
4300 1.5955882352941178 0.9459780642668599 
4400 1.5919117647058822 0.9460203730435596 
4500 1.5772058823529411 0.9461145072336866 
4600 1.5845588235294117 0.9461917645780329 
4700 1.5955882352941178 0.9462168562383473 
4800 1.599264705882353 0.9462167808177218 
4900 1.5808823529411764 0.9462440888414129 
5000 1.5845588235294117 0.9462357528494301 
5100 1.599264705882353 0.9462724292814557 
5200 1.588235294117647 0.9463128202155694 
5300 1.5735294117647058 0.9463726669218905 
5400 1.5735294117647058 0.9463773729265822 
5500 1.5698529411764706 0.9464004539281627 
5600 1.5772058823529411 0.9463734811010639 
5700 1.5808823529411764 0.9463498728293281 
5800 1.5808823529411764 0.9463574992141315 
5900 1.5919117647058822 0.946363776827457 
6000 1.5955882352941178 0.94635943029103 
6100 1.599264705882353 0.9463469404726322 
6200 1.5808823529411764 0.9463882130016981 
6300 1.6029411764705883 0.9463892286005022 
6400 1.6213235294117647 0.9463705406783867 
6500 1.5845588235294117 0.9463794314449361 
6600 1.5625 0.9464278752328079 
6700 1.599264705882353 0.9464318045155683 
6800 1.5698529411764706 0.9464372399820096 
6900 1.6102941176470589 0.9464660918707434 
7000 1.5919117647058822 0.9464763962291102 
7100 1.5698529411764706 0.9465107441371141 
7200 1.6102941176470589 0.9465146538062524 
7300 1.588235294117647 0.9465208482721947 
7400 1.588235294117647 0.946543268199051 
7500 1.599264705882353 0.9465604340989828 
7600 1.588235294117647 0.9465776320066245 
7700 1.588235294117647 0.9465702744868887 
7800 1.5955882352941178 0.9465806608504189 
7900 1.5551470588235294 0.946600323302337 
8000 1.5808823529411764 0.946634428049435 
8100 1.5772058823529411 0.9466125505565761 
8200 1.5808823529411764 0.9466510540321481 
8300 1.588235294117647 0.9466866367978344 
8400 1.5772058823529411 0.9466923799337614 
8500 1.5808823529411764 0.9467054481479688 
8600 1.5808823529411764 0.9467145791870987 
8700 1.5772058823529411 0.9467352256670971 
8800 1.5698529411764706 0.9467320098986077 
8900 1.5808823529411764 0.9466993340140235 
9000 1.5808823529411764 0.9466776975760863 
9100 1.5845588235294117 0.9466923883606844 
9200 1.6176470588235294 0.9466804878945383 
9300 1.5661764705882353 0.9466723019978877 
9400 1.6066176470588236 0.9466679076693969 
9500 1.5955882352941178 0.9466645732337773 
9600 1.5772058823529411 0.9466724131064779 
9700 1.5772058823529411 0.9466791439026905 
9800 1.5845588235294117 0.9466669817605646 
9900 1.5772058823529411 0.9466612849563621 
10000 1.5919117647058822 0.9466665465806361 
10100 1.6066176470588236 0.9466670633950046 
10200 1.6029411764705883 0.9466691918900685 
10300 1.5735294117647058 0.946674848101555 
10400 1.588235294117647 0.9466840186463972 
10500 1.588235294117647 0.9466907388371976 
10600 1.5955882352941178 0.9466971588418407 
10700 1.5698529411764706 0.9466890292001298 
10800 1.5955882352941178 0.9466878577419302 
10900 1.5625 0.9466855273666205 
11000 1.5772058823529411 0.9467027061710968 
11100 1.6066176470588236 0.9466949850834848 
11200 1.6029411764705883 0.9466730419290295 
11300 1.6176470588235294 0.9466540083646944 
11400 1.5808823529411764 0.9466442572116996 
11500 1.5955882352941178 0.9466397103576671 
11600 1.5845588235294117 0.9466405501300598 
11700 1.5735294117647058 0.9466440462605006 
11800 1.5955882352941178 0.9466371244710069 
11900 1.5808823529411764 0.9466297783923249 
12000 1.5955882352941178 0.9466395569977012 
12100 1.5845588235294117 0.9466396038003665 
12200 1.5772058823529411 0.9466348286302473 
12300 1.5772058823529411 0.9466240041460043 
12400 1.5808823529411764 0.9466295857307523 
12500 1.599264705882353 0.9466368425820052 
12600 1.5919117647058822 0.9466331891259797 
12700 1.588235294117647 0.9466435597938097 
12800 1.6102941176470589 0.9466404853481116 
12900 1.5735294117647058 0.946653417199761 
13000 1.5845588235294117 0.9466594340028143 
13100 1.5625 0.9466640961399444 
13200 1.6102941176470589 0.9466591490395113 
13300 1.5845588235294117 0.946662706696091 
13400 1.5845588235294117 0.9466637421702507 
13500 1.5735294117647058 0.9466724550904726 
13600 1.5698529411764706 0.9466634022368597 
13700 1.5955882352941178 0.9466633366177651 
13800 1.6176470588235294 0.9466687995754783 
13900 1.5845588235294117 0.946674250053953 
14000 1.5808823529411764 0.9466861873311571 
14100 1.599264705882353 0.9466872656090306 
14200 1.599264705882353 0.9466788792835633 
14300 1.5845588235294117 0.9466668183426087 
14400 1.5919117647058822 0.9466614986908589 
14500 1.5955882352941178 0.9466629710121411 
14600 1.6066176470588236 0.9466786496291552 
14700 1.588235294117647 0.946681548274027 
14800 1.5698529411764706 0.9466697525405676 
14900 1.5808823529411764 0.9466785317408623 
15000 1.5845588235294117 0.9466897672508108 
15100 1.6102941176470589 0.946699210609348 
15200 1.5845588235294117 0.9466965577922505 
15300 1.6066176470588236 0.9467032503642592 
15400 1.5698529411764706 0.946695831439517 
15500 1.5772058823529411 0.9466968687029679 
15600 1.5698529411764706 0.9467051390936478 
15700 1.5625 0.946706689251715 
15800 1.588235294117647 0.9467130477594493 
15900 1.5845588235294117 0.9467090374449257 
16000 1.5955882352941178 0.9467027221644235 
16100 1.5808823529411764 0.946705219259308 
16200 1.5919117647058822 0.9467157982259629 
16300 1.5698529411764706 0.9467258527084228 
16400 1.588235294117647 0.9467217744972509 
16500 1.588235294117647 0.946739858903382 
16600 1.5919117647058822 0.9467434965824171 
16700 1.5735294117647058 0.9467398262520385 
16800 1.5808823529411764 0.9467407402220456 
16900 1.599264705882353 0.946743873056589 
17000 1.5845588235294117 0.9467489152887201 
17100 1.5845588235294117 0.9467490613724 
17200 1.5808823529411764 0.9467511293803028 
17300 1.5772058823529411 0.9467472234688916 
17400 1.5661764705882353 0.946750440306 
17500 1.6213235294117647 0.9467484210986263 
17600 1.6029411764705883 0.9467307589475197 
17700 1.5808823529411764 0.9467234216577993 
17800 1.5698529411764706 0.9467155472098395 
17900 1.5845588235294117 0.9467091983852365 
18000 1.5698529411764706 0.9466953633294882 
18100 1.5808823529411764 0.9466988438240331 
18200 1.6176470588235294 0.9466955193153576 
18300 1.5772058823529411 0.9466965000305352 
18400 1.5661764705882353 0.9467095078752114 
18500 1.5845588235294117 0.9467279888686462 
18600 1.5772058823529411 0.9467452334947204 
18700 1.5735294117647058 0.9467530538631153 
18800 1.588235294117647 0.9467537024782787 
18900 1.5588235294117647 0.9467654314119701 
19000 1.5661764705882353 0.9467677978248823 
19100 1.5661764705882353 0.9467897238210503 
19200 1.588235294117647 0.9467897849989431 
19300 1.599264705882353 0.94677546423989 
19400 1.5955882352941178 0.9467717135563055 
19500 1.6139705882352942 0.9467671529665146 
19600 1.6213235294117647 0.9467594971895191 
19700 1.6066176470588236 0.9467512193319539 
19800 1.6066176470588236 0.9467540260889973 
19900 1.5919117647058822 0.9467407786188693 
20000 1.588235294117647 0.9467398413167577 
20100 1.588235294117647 0.9467415653889036 
20200 1.6102941176470589 0.9467350826400557 
20300 1.5698529411764706 0.9467144022896583 
20400 1.6176470588235294 0.9467023945625502 
20500 1.6029411764705883 0.9466977220623384 
20600 1.5808823529411764 0.9466910872401968 
20700 1.5845588235294117 0.9466975700236135 
20800 1.6139705882352942 0.946686006682371 
20900 1.5919117647058822 0.9466802267411917 
21000 1.5772058823529411 0.946677127769826 
21100 1.6470588235294117 0.9466735790330539 
21200 1.599264705882353 0.9466608730304065 
21300 1.5698529411764706 0.9466628707020107 
21400 1.5845588235294117 0.9466633035976878 
21500 1.599264705882353 0.9466646301676803 
21600 1.5772058823529411 0.9466603704349199 
21700 1.588235294117647 0.9466517451757441 
21800 1.5919117647058822 0.9466595147416336 
21900 1.5698529411764706 0.9466622192916252 
22000 1.5698529411764706 0.9466593848006909 
22100 1.5919117647058822 0.9466604019780845 
22200 1.5845588235294117 0.9466678269659289 
22300 1.5735294117647058 0.9466675195256345 
22400 1.5808823529411764 0.9466671327698081 
22500 1.6139705882352942 0.9466581305536748 
22600 1.5808823529411764 0.9466646615063883 
22700 1.5735294117647058 0.946666559778398 
22800 1.6102941176470589 0.9466703359888756 
22900 1.6029411764705883 0.946656741164655 
23000 1.5625 0.9466597280297276 
23100 1.5845588235294117 0.9466742272425182 
23200 1.588235294117647 0.9466828176143524 
23300 1.588235294117647 0.9466879025010287 
23400 1.6176470588235294 0.9466835174841699 
23500 1.6066176470588236 0.9466749850444411 
23600 1.5808823529411764 0.9466840107722255 
23700 1.625 0.9466814815458271 
23800 1.5808823529411764 0.9466819856802853 
23900 1.5845588235294117 0.9466811396643507 
24000 1.588235294117647 0.9466858917643137 
24100 1.5735294117647058 0.946686867093628 
24200 1.5955882352941178 0.9466830490718663 
24300 1.5588235294117647 0.9466777874064732 
24400 1.599264705882353 0.9466805543167228 
24500 1.6176470588235294 0.9466848742068151 
24600 1.5955882352941178 0.9466835921901788 
24700 1.5955882352941178 0.9466853345423024 
24800 1.5845588235294117 0.9466844686646886 
24900 1.599264705882353 0.946683425187271 
25000 1.5808823529411764 0.9466763976499764 
25100 1.5919117647058822 0.9466753214073965 
25200 1.5919117647058822 0.9466762596372226 
25300 1.588235294117647 0.9466733397540669 
25400 1.5698529411764706 0.9466733376059766 
25500 1.5772058823529411 0.9466721821174257 
25600 1.5625 0.9466755233596114 
25700 1.5698529411764706 0.9466757988359346 
25800 1.5845588235294117 0.9466772121235612 
25900 1.588235294117647 0.9466850729133783 
26000 1.5845588235294117 0.9466874647920781 
26100 1.588235294117647 0.9466813517963026 
26200 1.5772058823529411 0.9466823364397856 
26300 1.5919117647058822 0.9466812517752624 
26400 1.5698529411764706 0.9466870684488332 
26500 1.5808823529411764 0.9466903787759396 
26600 1.5735294117647058 0.9466990888776848 
26700 1.588235294117647 0.9467064601017366 
26800 1.599264705882353 0.9467073290175739 
26900 1.5955882352941178 0.9467048773061137 
27000 1.5772058823529411 0.9467076518952457 
27100 1.6029411764705883 0.9467049457693117 
27200 1.5698529411764706 0.9467104028939247 
27300 1.6139705882352942 0.9467202639636126 
27400 1.6029411764705883 0.9467171724625765 
27500 1.599264705882353 0.9467238958690273 
27600 1.5955882352941178 0.946730537256749 
27700 1.588235294117647 0.9467362348354381 
27800 1.6066176470588236 0.9467368662151383 
27900 1.588235294117647 0.9467392060583956 
28000 1.5955882352941178 0.9467444505658411 
28100 1.5919117647058822 0.9467479569494073 
28200 1.5845588235294117 0.946753622107685 
28300 1.5735294117647058 0.9467610334388517 
28400 1.588235294117647 0.9467659330553813 
28500 1.599264705882353 0.9467661867385458 
28600 1.6066176470588236 0.9467612647747816 
28700 1.5625 0.9467708519071891 
28800 1.6029411764705883 0.9467740537501762 
28900 1.5919117647058822 0.9467803500591268 
29000 1.6139705882352942 0.9467806764269792 
29100 1.599264705882353 0.9467778105967655 
29200 1.5919117647058822 0.9467740830793466 
29300 1.5955882352941178 0.9467695968015547 
29400 1.5772058823529411 0.9467721436045593 
29500 1.6029411764705883 0.9467666661847953 
29600 1.5845588235294117 0.9467607600200311 
29700 1.5772058823529411 0.9467656936684643 
29800 1.5845588235294117 0.9467619584913258 
29900 1.6066176470588236 0.9467534838004631 
30000 1.5919117647058822 0.9467406233517707 
30100 1.588235294117647 0.9467361231891847 
30200 1.5808823529411764 0.9467334179623971 
30300 1.5625 0.946737343166698 
30400 1.588235294117647 0.946732898201878 
30500 1.6029411764705883 0.9467344790527601 
30600 1.5919117647058822 0.9467391732680785 
30700 1.5845588235294117 0.9467404539419103 
30800 1.599264705882353 0.9467421440671331 
30900 1.5735294117647058 0.9467398673086918 
31000 1.6029411764705883 0.9467341067745443 
31100 1.588235294117647 0.9467303042081113 
31200 1.5735294117647058 0.9467264376424587 
31300 1.599264705882353 0.9467276463634877 
31400 1.588235294117647 0.9467309255793652 
31500 1.6029411764705883 0.9467312078794884 
31600 1.5919117647058822 0.9467354730490658 
31700 1.5955882352941178 0.9467357682166271 
31800 1.6029411764705883 0.9467380846791721 
31900 1.5772058823529411 0.9467400120685872 
32000 1.5919117647058822 0.9467445123497978 
32100 1.5735294117647058 0.9467418552106678 
32200 1.588235294117647 0.9467408700771076 
32300 1.5588235294117647 0.946738468304569 
32400 1.588235294117647 0.9467352870826427 
32500 1.599264705882353 0.9467352927602227 
32600 1.588235294117647 0.9467355239463965 
32700 1.5919117647058822 0.9467339548889493 
32800 1.588235294117647 0.9467396808651817 
32900 1.5955882352941178 0.9467422990897827 
33000 1.5955882352941178 0.9467464611143691 
33100 1.5551470588235294 0.946751264401111 
33200 1.5845588235294117 0.946755512768042 
33300 1.6029411764705883 0.9467510139246834 
33400 1.5919117647058822 0.9467438728058511 
33500 1.599264705882353 0.94674632188328 
33600 1.5955882352941178 0.9467453097947015 
33700 1.6066176470588236 0.9467398309877347 
33800 1.5845588235294117 0.946738599362706 
33900 1.5772058823529411 0.9467445054110846 
34000 1.5955882352941178 0.9467484304094862 
34100 1.588235294117647 0.9467518202847252 
34200 1.6102941176470589 0.9467547872267237 
34300 1.5735294117647058 0.946758433556216 
34400 1.5661764705882353 0.9467622724288111 
34500 1.588235294117647 0.9467697121311062 
34600 1.5919117647058822 0.9467755150310174 
34700 1.5955882352941178 0.9467728087171585 
34800 1.599264705882353 0.9467718082391141 
34900 1.5919117647058822 0.9467729729638625 
35000 1.599264705882353 0.946772424149226 
35100 1.5735294117647058 0.9467756490932888 
35200 1.5808823529411764 0.9467792995937615 
35300 1.5845588235294117 0.9467792842895635 
35400 1.5955882352941178 0.9467835010476606 
35500 1.5808823529411764 0.946783473994933 
35600 1.6139705882352942 0.9467823111379885 
35700 1.5845588235294117 0.9467797388275497 
35800 1.5551470588235294 0.9467833423975998 
35900 1.5845588235294117 0.9467932494506953 
36000 1.5808823529411764 0.9467986591875716 
36100 1.588235294117647 0.9467994816829255 
36200 1.5955882352941178 0.9467989793912095 
36300 1.5661764705882353 0.9467965049577308 
36400 1.5919117647058822 0.9467989930787293 
36500 1.5735294117647058 0.9467987984213164 
36600 1.6102941176470589 0.9467980523675824 
36700 1.5735294117647058 0.9467966592511504 
36800 1.599264705882353 0.9467973466593779 
36900 1.5955882352941178 0.9468055275482731 
37000 1.588235294117647 0.9468119253931134 
37100 1.5919117647058822 0.9468158361832645 
37200 1.5625 0.9468226413505646 
37300 1.6139705882352942 0.9468265517246818 
37400 1.588235294117647 0.9468252067811965 
37500 1.5845588235294117 0.9468220798425767 
37600 1.5661764705882353 0.946824102769482 
37700 1.6066176470588236 0.9468206052811831 
37800 1.588235294117647 0.9468241045988512 
37900 1.588235294117647 0.9468242146334801 
38000 1.588235294117647 0.9468226310220939 
38100 1.5808823529411764 0.9468175096145385 
38200 1.5808823529411764 0.9468155428253341 
38300 1.6029411764705883 0.9468128423923811 
38400 1.5735294117647058 0.9468132436042567 
38500 1.5845588235294117 0.9468152183212964 
38600 1.5625 0.9468144207632536 
38700 1.5845588235294117 0.9468191133912028 
38800 1.588235294117647 0.94681425925954 
38900 1.5919117647058822 0.9468163291961343 
39000 1.599264705882353 0.9468120726919521 
39100 1.5845588235294117 0.9468118810335827 
39200 1.5919117647058822 0.9468022883945038 
39300 1.6029411764705883 0.9467984041343058 
39400 1.599264705882353 0.9467973388627043 
39500 1.5845588235294117 0.9467989548291406 
39600 1.5698529411764706 0.9467952708784835 
39700 1.588235294117647 0.9467905636915354 
39800 1.6029411764705883 0.94679059109511 
39900 1.6176470588235294 0.9467881766563421 
40000 1.6066176470588236 0.9467850619910972 
40100 1.599264705882353 0.9467812064977109 
40200 1.5772058823529411 0.9467818056179463 
40300 1.5919117647058822 0.9467789580100917 
40400 1.588235294117647 0.9467774212417572 
40500 1.5919117647058822 0.9467773217654757 
40600 1.588235294117647 0.9467810938443997 
40700 1.5698529411764706 0.9467809632513726 
40800 1.6066176470588236 0.9467798195906386 
40900 1.5772058823529411 0.946780344432827 
41000 1.5845588235294117 0.9467869865440871 
41100 1.5845588235294117 0.946794401381389 
41200 1.588235294117647 0.9467985901612896 
41300 1.5955882352941178 0.9468002884490762 
41400 1.5845588235294117 0.9468055971935887 
41500 1.588235294117647 0.9468058973065142 
41600 1.5735294117647058 0.9468041633614577 
41700 1.6213235294117647 0.946803407521614 
41800 1.5845588235294117 0.9468036007793228 
41900 1.5772058823529411 0.946809956978424 
42000 1.5808823529411764 0.9468165455094206 
42100 1.5808823529411764 0.9468133005084411 
42200 1.588235294117647 0.9468142743341739 
42300 1.588235294117647 0.9468202627319338 
42400 1.5919117647058822 0.9468155795784505 
42500 1.5625 0.9468200445456647 
42600 1.5735294117647058 0.9468261066779708 
42700 1.5588235294117647 0.9468320758433816 
42800 1.5735294117647058 0.94684394399801 
42900 1.5845588235294117 0.9468498009096181 
43000 1.5698529411764706 0.9468524671792858 
43100 1.5845588235294117 0.9468580852157108 
43200 1.5845588235294117 0.9468626985758772 
43300 1.5735294117647058 0.9468612199215614 
43400 1.6139705882352942 0.9468594727757697 
43500 1.5919117647058822 0.946860417001908 
43600 1.5698529411764706 0.9468612304156543 
43700 1.5808823529411764 0.9468628603531754 
43800 1.588235294117647 0.9468627831489208 
43900 1.5735294117647058 0.9468652186336369 
44000 1.5845588235294117 0.9468627342359867 
44100 1.6029411764705883 0.946861657465417 
44200 1.6102941176470589 0.9468628313240185 
44300 1.5808823529411764 0.9468601824152157 
44400 1.5772058823529411 0.9468625549305328 
44500 1.5661764705882353 0.9468614882415068 
44600 1.5808823529411764 0.9468624046611985 
44700 1.5735294117647058 0.9468578065104478 
44800 1.6029411764705883 0.9468613735644031 
44900 1.5661764705882353 0.9468577602752198 
45000 1.5698529411764706 0.946859820598758 
45100 1.5845588235294117 0.9468659068469852 
45200 1.5919117647058822 0.9468640562350911 
45300 1.6066176470588236 0.9468599414114998 
45400 1.588235294117647 0.9468595494463066 
45500 1.5845588235294117 0.9468575836083758 
45600 1.5919117647058822 0.9468557473262326 
45700 1.588235294117647 0.9468488911942975 
45800 1.5919117647058822 0.9468431085180519 
45900 1.6029411764705883 0.9468424170881834 
46000 1.5955882352941178 0.9468423880171403 
46100 1.5845588235294117 0.9468463464809364 
46200 1.5845588235294117 0.946844080914979 
46300 1.5772058823529411 0.9468437506749314 
46400 1.5845588235294117 0.946838291549244 
46500 1.5625 0.9468360776871338 
46600 1.5588235294117647 0.946840815868632 
46700 1.5772058823529411 0.9468471082304574 
46800 1.5808823529411764 0.9468506439027824 
46900 1.5698529411764706 0.9468602983505933 
47000 1.5919117647058822 0.9468648664546562 
47100 1.5772058823529411 0.9468647904003537 
47200 1.5735294117647058 0.9468694075212764 
47300 1.5919117647058822 0.9468713430383887 
47400 1.5808823529411764 0.9468729019740214 
47500 1.5735294117647058 0.9468717647739924 
47600 1.6066176470588236 0.9468717715705429 
47700 1.5955882352941178 0.9468707185815565 
47800 1.5735294117647058 0.9468719389023366 
47900 1.5772058823529411 0.9468753031681765 
48000 1.5845588235294117 0.9468798980290852 
48100 1.5661764705882353 0.9468814547086584 
48200 1.5808823529411764 0.9468827761078913 
48300 1.5955882352941178 0.9468857285258983 
48400 1.5735294117647058 0.9468890295472748 
48500 1.5698529411764706 0.9468929802235733 
48600 1.6102941176470589 0.9468906738483958 
48700 1.5808823529411764 0.9468875654202051 
48800 1.6102941176470589 0.946885449098801 
48900 1.5955882352941178 0.9468856720721458 
49000 1.5955882352941178 0.9468845811369996 
49100 1.5845588235294117 0.9468827458887263 
49200 1.599264705882353 0.9468886893439517 
49300 1.588235294117647 0.9468908614489385 
49400 1.5735294117647058 0.9468923921818682 
49500 1.599264705882353 0.9468900360895859 
49600 1.6176470588235294 0.946886837107174 
49700 1.5845588235294117 0.946887035205825 
49800 1.5735294117647058 0.9468833752452408 
49900 1.6139705882352942 0.9468788090124328 
50000 1.588235294117647 0.9468754007272796 
50100 1.5919117647058822 0.9468742258285322 
50200 1.5588235294117647 0.946872304951741 
50300 1.5845588235294117 0.9468714515089748 
50400 1.5845588235294117 0.9468701637864329 
50500 1.6176470588235294 0.9468680439641848 
50600 1.5698529411764706 0.946868802435897 
50700 1.5808823529411764 0.9468670018400843 
50800 1.6066176470588236 0.9468687544652317 
50900 1.6029411764705883 0.9468704821470051 
51000 1.5698529411764706 0.9468720408596372 
51100 1.588235294117647 0.9468693846787849 
51200 1.5919117647058822 0.9468697546693137 
51300 1.6102941176470589 0.9468683316000032 
51400 1.5845588235294117 0.9468629980590901 
51500 1.6066176470588236 0.9468649844891647 
51600 1.5698529411764706 0.9468650217107055 
51700 1.599264705882353 0.9468606321757345 
51800 1.5772058823529411 0.9468567741424478 
51900 1.599264705882353 0.9468556404614215 
52000 1.5808823529411764 0.9468537864656449 
52100 1.588235294117647 0.9468517455349733 
52200 1.588235294117647 0.946850416715028 
52300 1.5955882352941178 0.9468505340129589 
52400 1.5845588235294117 0.9468525978118962 
52500 1.588235294117647 0.9468498394148235 
52600 1.5919117647058822 0.9468503765025715 
52700 1.6029411764705883 0.9468520102866672 
52800 1.5955882352941178 0.946848816087485 
52900 1.6029411764705883 0.946843722791852 
53000 1.5845588235294117 0.9468389955461439 
53100 1.6102941176470589 0.9468404826761876 
53200 1.6139705882352942 0.9468425170579501 
53300 1.588235294117647 0.9468398534626323 
53400 1.5919117647058822 0.946837062150191 
53500 1.588235294117647 0.9468330787110082 
53600 1.5698529411764706 0.9468340314381756 
53700 1.5919117647058822 0.9468340906128377 
53800 1.5845588235294117 0.9468320311944781 
53900 1.5772058823529411 0.9468344811348038 
54000 1.5625 0.9468378411020711 
54100 1.5772058823529411 0.9468443146098202 
54200 1.5955882352941178 0.9468484240848606 
54300 1.5698529411764706 0.9468510796843737 
54400 1.588235294117647 0.9468521880545016 
54500 1.5845588235294117 0.9468559231778801 
54600 1.6102941176470589 0.9468577929514327 
54700 1.5735294117647058 0.9468579924337334 
54800 1.5661764705882353 0.9468568829787348 
54900 1.6139705882352942 0.9468590923555448 
55000 1.6066176470588236 0.9468584528409644 
55100 1.5772058823529411 0.9468544628473701 
55200 1.5735294117647058 0.9468517693893014 
55300 1.588235294117647 0.9468543875389978 
55400 1.5919117647058822 0.9468541427103142 
55500 1.5955882352941178 0.9468572274002482 
55600 1.6029411764705883 0.9468587305877909 
55700 1.5625 0.9468641555965306 
55800 1.5955882352941178 0.9468659539360985 
55900 1.588235294117647 0.9468687159126902 
56000 1.5772058823529411 0.9468717798631747 
56100 1.5845588235294117 0.9468766350500201 
56200 1.6286764705882353 0.9468731160058906 
56300 1.5808823529411764 0.946870311440503 
56400 1.5661764705882353 0.9468700101270628 
56500 1.599264705882353 0.9468698400184484 
56600 1.588235294117647 0.9468709695941768 
56700 1.6029411764705883 0.9468683669081467 
56800 1.588235294117647 0.9468630387358549 
56900 1.6102941176470589 0.9468611537117615 
57000 1.5955882352941178 0.946858888311557 
57100 1.5772058823529411 0.9468594155145115 
57200 1.5808823529411764 0.946860888898487 
57300 1.6066176470588236 0.9468571601255291 
57400 1.5735294117647058 0.9468518110977776 
57500 1.5845588235294117 0.9468512759880391 
57600 1.5588235294117647 0.9468503119073709 
57700 1.5698529411764706 0.9468522502413558 
57800 1.5919117647058822 0.9468517012477904 
57900 1.5772058823529411 0.9468523923187347 
58000 1.6029411764705883 0.946852256984413 
58100 1.588235294117647 0.9468523594055788 
58200 1.5625 0.9468558409901993 
58300 1.6029411764705883 0.9468567409296783 
58400 1.588235294117647 0.9468546003442729 
58500 1.599264705882353 0.946855153682642 
58600 1.5845588235294117 0.9468549209158246 
58700 1.6139705882352942 0.9468509624297412 
58800 1.5845588235294117 0.9468492682697474 
58900 1.5845588235294117 0.9468496396495815 
59000 1.5845588235294117 0.9468503057525446 
59100 1.5808823529411764 0.9468484346835975 
59200 1.5845588235294117 0.9468459489207753 
59300 1.5698529411764706 0.9468450369599957 
59400 1.5919117647058822 0.9468445613165554 
59500 1.5772058823529411 0.946842758821651 
59600 1.5772058823529411 0.9468428437590368 
59700 1.5845588235294117 0.9468406499004353 
59800 1.5845588235294117 0.9468341291508995 
59900 1.6066176470588236 0.9468343968528464 
60000 1.6066176470588236 0.9468334994661853 
60100 1.588235294117647 0.9468344402119178 
60200 1.625 0.946832034253877 
60300 1.5919117647058822 0.9468266945382819 
60400 1.5955882352941178 0.9468254810740375 
60500 1.5955882352941178 0.946824408347164 
60600 1.6176470588235294 0.9468223836580061 
60700 1.5808823529411764 0.9468205624822539 
60800 1.5735294117647058 0.9468242800524759 
60900 1.5845588235294117 0.9468275024702579 
61000 1.6176470588235294 0.9468248682278111 
61100 1.6139705882352942 0.9468217161170944 
61200 1.5808823529411764 0.9468181237667205 
61300 1.6139705882352942 0.9468165522681234 
61400 1.5772058823529411 0.9468149260119351 
61500 1.599264705882353 0.9468121244083071 
61600 1.5625 0.9468096452311221 
61700 1.6066176470588236 0.9468085892401401 
61800 1.588235294117647 0.9468058412342462 
61900 1.6066176470588236 0.9468056411471069 
62000 1.599264705882353 0.9468025806272574 
62100 1.6139705882352942 0.9468024900375763 
62200 1.6213235294117647 0.946804128598273 
62300 1.5698529411764706 0.9468050242560548 
62400 1.625 0.9468054604375684 
62500 1.6102941176470589 0.9468061158080294 
62600 1.6213235294117647 0.9468086484006552 
62700 1.5808823529411764 0.9468066873405715 
62800 1.5919117647058822 0.9468058887222665 
62900 1.588235294117647 0.9468036168180249 
63000 1.5919117647058822 0.9468029569091807 
63100 1.5919117647058822 0.9468014105770673 
63200 1.5808823529411764 0.9468044501110835 
63300 1.5661764705882353 0.9468079737147541 
63400 1.5845588235294117 0.9468086448116888 
63500 1.5735294117647058 0.9468127730966719 
63600 1.5919117647058822 0.9468151831454741 
63700 1.588235294117647 0.9468175711989008 
63800 1.6029411764705883 0.9468217669232549 
63900 1.5919117647058822 0.9468171180695875 
64000 1.5919117647058822 0.9468092381598817 
64100 1.5808823529411764 0.9468063870023135 
64200 1.6066176470588236 0.9468080686621154 
64300 1.588235294117647 0.9468116318975919 
64400 1.5698529411764706 0.9468159262004517 
64500 1.5808823529411764 0.9468170295125383 
64600 1.588235294117647 0.9468175603045664 
64700 1.599264705882353 0.9468192401108447 
64800 1.5845588235294117 0.9468241060640858 
64900 1.5845588235294117 0.9468259971975416 
65000 1.599264705882353 0.9468257473640677 
65100 1.5772058823529411 0.9468227311046997 
65200 1.5808823529411764 0.9468235020078184 
65300 1.5845588235294117 0.9468258751104613 
65400 1.5808823529411764 0.9468270042417053 
65500 1.5735294117647058 0.9468310626375709 
65600 1.5808823529411764 0.9468329369979116 
65700 1.588235294117647 0.9468364004442587 
65800 1.5845588235294117 0.9468390432113941 
65900 1.588235294117647 0.9468391814548918 
66000 1.599264705882353 0.9468374392945917 
66100 1.5772058823529411 0.9468374822130483 
66200 1.588235294117647 0.9468358867202112 
66300 1.588235294117647 0.9468362091069517 
66400 1.5808823529411764 0.9468378316635911 
66500 1.599264705882353 0.946838730642706 
66600 1.588235294117647 0.9468365770430933 
66700 1.5955882352941178 0.9468367862242122 
66800 1.599264705882353 0.9468359766100719 
66900 1.5845588235294117 0.9468344550156201 
67000 1.5661764705882353 0.9468344743757117 
67100 1.5808823529411764 0.9468364524242209 
67200 1.6139705882352942 0.9468330084373744 
67300 1.5808823529411764 0.9468345321107894 
67400 1.625 0.9468318784762314 
67500 1.588235294117647 0.9468288514462095 
67600 1.5735294117647058 0.9468279951697547 
67700 1.5845588235294117 0.9468278473816966 
67800 1.588235294117647 0.9468277000295848 
67900 1.5808823529411764 0.9468295429245173 
68000 1.5808823529411764 0.9468288663791277 
68100 1.5808823529411764 0.9468274090300134 
68200 1.588235294117647 0.946828112210706 
68300 1.5735294117647058 0.946829028642247 
68400 1.5772058823529411 0.9468272146434048 
68500 1.5772058823529411 0.9468260902374117 
68600 1.588235294117647 0.946826335707677 
68700 1.588235294117647 0.946825349639572 
68800 1.5845588235294117 0.9468242462062367 
68900 1.5845588235294117 0.9468214384961543 
69000 1.5808823529411764 0.9468211697912307 
69100 1.5955882352941178 0.9468213541006046 
69200 1.588235294117647 0.9468235168736936 
69300 1.5735294117647058 0.9468266681068179 
69400 1.5808823529411764 0.9468278104782352 
69500 1.588235294117647 0.9468305232806637 
69600 1.588235294117647 0.9468306135941251 
69700 1.5772058823529411 0.9468302025584915 
69800 1.6029411764705883 0.9468350202719159 
69900 1.6066176470588236 0.9468301597974278 
70000 1.588235294117647 0.9468283462547173 
70100 1.5845588235294117 0.9468267870014442 
70200 1.6066176470588236 0.9468255595068614 
70300 1.5735294117647058 0.9468254990933942 
70400 1.5808823529411764 0.9468264571776638 
70500 1.5588235294117647 0.9468310889624427 
70600 1.599264705882353 0.946830500234541 
70700 1.5919117647058822 0.9468295751703321 
70800 1.5735294117647058 0.9468332742059974 
70900 1.5735294117647058 0.9468361201866397 
71000 1.5698529411764706 0.9468372493925107 
71100 1.5808823529411764 0.9468350661279687 
71200 1.5955882352941178 0.9468327599083621 
71300 1.5845588235294117 0.9468342500146438 
71400 1.5772058823529411 0.946833045570296 
71500 1.5845588235294117 0.9468291064625176 
71600 1.5919117647058822 0.9468269113066938 
71700 1.5955882352941178 0.9468310419208199 
71800 1.5955882352941178 0.94682984865441 
71900 1.5845588235294117 0.9468294129100716 
72000 1.6139705882352942 0.9468279060870887 
72100 1.5735294117647058 0.9468267476301626 
72200 1.6176470588235294 0.9468263434513291 
72300 1.5845588235294117 0.9468241987947446 
72400 1.5955882352941178 0.946824967176274 
72500 1.6102941176470589 0.9468282308682152 
72600 1.5845588235294117 0.9468315995080282 
72700 1.5919117647058822 0.9468376137920265 
72800 1.5698529411764706 0.9468416041675252 
72900 1.5808823529411764 0.946843200730725 
73000 1.5625 0.9468446040626357 
73100 1.5735294117647058 0.9468466070714411 
73200 1.5845588235294117 0.9468467714198697 
73300 1.588235294117647 0.9468519509002766 
73400 1.6102941176470589 0.9468564526088361 
73500 1.5772058823529411 0.9468595665365097 
73600 1.6066176470588236 0.9468586758931504 
73700 1.599264705882353 0.9468558546775245 
73800 1.6066176470588236 0.9468542366913568 
73900 1.5955882352941178 0.9468520882866347 
74000 1.6029411764705883 0.9468509765766281 
74100 1.6029411764705883 0.9468489624058419 
74200 1.5955882352941178 0.9468448850578357 
74300 1.588235294117647 0.9468422907379126 
74400 1.5808823529411764 0.9468426682476595 
74500 1.5845588235294117 0.9468442167574537 
74600 1.599264705882353 0.9468452559774865 
74700 1.5772058823529411 0.9468457510412098 
74800 1.5919117647058822 0.9468447088431501 
74900 1.5661764705882353 0.9468434976325613 
75000 1.5808823529411764 0.9468425715108112 
75100 1.6139705882352942 0.9468419293390783 
75200 1.599264705882353 0.9468425844227666 
75300 1.6139705882352942 0.9468438236504945 
75400 1.5735294117647058 0.9468405615817235 
75500 1.5735294117647058 0.9468385255123228 
75600 1.588235294117647 0.9468351210340354 
75700 1.588235294117647 0.9468341781171591 
75800 1.588235294117647 0.946830994488665 
75900 1.5845588235294117 0.9468293813651995 
76000 1.5845588235294117 0.9468287883402463 
76100 1.6029411764705883 0.9468279553217589 
76200 1.6029411764705883 0.9468253634736923 
76300 1.5772058823529411 0.9468291868620949 
76400 1.5919117647058822 0.9468311957150237 
76500 1.588235294117647 0.9468282013037892 
76600 1.5845588235294117 0.9468245067834317 
76700 1.5845588235294117 0.9468238656103111 
76800 1.588235294117647 0.9468246263069491 
76900 1.5955882352941178 0.9468270224436767 
77000 1.588235294117647 0.9468244467986283 
77100 1.5919117647058822 0.946823248744771 
77200 1.5735294117647058 0.9468245182362008 
77300 1.588235294117647 0.9468236561128118 
77400 1.5955882352941178 0.946824185563038 
77500 1.5772058823529411 0.9468256031041725 
77600 1.5955882352941178 0.9468263537196686 
77700 1.6029411764705883 0.9468258367104064 
77800 1.599264705882353 0.9468287942578993 
77900 1.5625 0.9468316734210918 
78000 1.5919117647058822 0.9468337910637646 
78100 1.5845588235294117 0.9468350912694498 
78200 1.5808823529411764 0.9468353538618808 
78300 1.5808823529411764 0.9468317538954126 
78400 1.5808823529411764 0.9468304726005146 
78500 1.5955882352941178 0.9468294521538504 
78600 1.5845588235294117 0.9468277443895714 
78700 1.5845588235294117 0.9468284467571606 
78800 1.6029411764705883 0.9468260797675754 
78900 1.6066176470588236 0.946827854172429 
79000 1.5955882352941178 0.9468259476611242 
79100 1.599264705882353 0.9468247663820715 
79200 1.6066176470588236 0.9468260135047315 
79300 1.6029411764705883 0.9468248235316371 
79400 1.6066176470588236 0.9468213330029182 
79500 1.5845588235294117 0.9468201981551101 
79600 1.6066176470588236 0.9468188121343436 
79700 1.599264705882353 0.9468195399607504 
79800 1.6029411764705883 0.946818895366194 
79900 1.5845588235294117 0.9468193451896723 
80000 1.5625 0.9468205521511863 
80100 1.5808823529411764 0.9468225019405647 
80200 1.5919117647058822 0.9468212953190404 
80300 1.5955882352941178 0.946818649518686 
80400 1.5772058823529411 0.9468186624471309 
80500 1.5955882352941178 0.9468197600029813 
80600 1.6102941176470589 0.946817969799674 
80700 1.5955882352941178 0.9468170609993171 
80800 1.6139705882352942 0.9468185432147389 
80900 1.5955882352941178 0.9468127166318747 
81000 1.5845588235294117 0.9468103993087957 
81100 1.5808823529411764 0.946807793042372 
81200 1.588235294117647 0.9468077173419336 
81300 1.5845588235294117 0.9468070765716651 
81400 1.5772058823529411 0.9468091021067092 
81500 1.5808823529411764 0.9468090701882402 
81600 1.6029411764705883 0.9468095114174638 
81700 1.5955882352941178 0.9468106265529186 
81800 1.5661764705882353 0.9468109074964566 
81900 1.5919117647058822 0.9468132751018625 
82000 1.5845588235294117 0.9468142806902642 
82100 1.588235294117647 0.9468125074782352 
82200 1.5845588235294117 0.9468121250671775 
82300 1.5808823529411764 0.9468116542433549 
82400 1.5808823529411764 0.9468101695296388 
82500 1.5955882352941178 0.9468120751834024 
82600 1.5919117647058822 0.9468155785394993 
82700 1.5955882352941178 0.9468144056512582 
82800 1.5661764705882353 0.9468102496098015 
82900 1.5808823529411764 0.946811447495489 
83000 1.5919117647058822 0.9468107156930072 
83100 1.5735294117647058 0.9468118437733813 
83200 1.5919117647058822 0.9468119749161669 
83300 1.5919117647058822 0.9468114216551317 
83400 1.5845588235294117 0.9468070786815224 
83500 1.588235294117647 0.9468071600234446 
83600 1.5808823529411764 0.9468097148429832 
83700 1.5661764705882353 0.9468081786393725 
83800 1.5919117647058822 0.9468064486805927 
83900 1.5845588235294117 0.9468071109893523 
84000 1.5845588235294117 0.9468100147792359 
84100 1.5919117647058822 0.9468096002565543 
84200 1.5808823529411764 0.9468079641537023 
84300 1.588235294117647 0.946807280476751 
84400 1.599264705882353 0.9468060539253438 
84500 1.5772058823529411 0.9468088982761778 
84600 1.6029411764705883 0.9468095848018762 
84700 1.5955882352941178 0.9468127546587755 
84800 1.5772058823529411 0.9468150391192668 
84900 1.5661764705882353 0.9468159541528299 
85000 1.599264705882353 0.9468173428063477 
85100 1.6102941176470589 0.9468173673565735 
85200 1.588235294117647 0.946816701440262 
85300 1.599264705882353 0.9468165327349448 
85400 1.6029411764705883 0.9468148576921196 
85500 1.5955882352941178 0.9468138530543503 
85600 1.5845588235294117 0.9468123139023252 
85700 1.6029411764705883 0.9468131699506561 
85800 1.6066176470588236 0.9468130599053761 
85900 1.5808823529411764 0.9468116661485143 
86000 1.5698529411764706 0.9468143368031973 
86100 1.5955882352941178 0.9468150050522062 
86200 1.5698529411764706 0.9468133153395928 
86300 1.5845588235294117 0.9468124922040982 
86400 1.5919117647058822 0.9468124581721208 
86500 1.625 0.9468082802680962 
86600 1.6029411764705883 0.9468071580140699 
86700 1.5772058823529411 0.9468052432735358 
86800 1.5772058823529411 0.9468042435808207 
86900 1.588235294117647 0.9468059009170002 
87000 1.5845588235294117 0.9468079770212242 
87100 1.599264705882353 0.9468120216422179 
87200 1.599264705882353 0.9468117881979227 
87300 1.588235294117647 0.9468129028910793 
87400 1.5955882352941178 0.9468140360656797 
87500 1.5625 0.9468142948114207 
87600 1.5661764705882353 0.9468164940032245 
87700 1.6066176470588236 0.946818593858679 
87800 1.5955882352941178 0.9468185220153597 
87900 1.5698529411764706 0.9468193809446055 
88000 1.5919117647058822 0.9468185145957566 
88100 1.5955882352941178 0.9468187977935751 
88200 1.5955882352941178 0.9468159853963241 
88300 1.6029411764705883 0.9468162395902517 
88400 1.5919117647058822 0.9468157342178056 
88500 1.599264705882353 0.946816310068281 
88600 1.5955882352941178 0.9468150069843854 
88700 1.5808823529411764 0.9468156238042279 
88800 1.5919117647058822 0.9468158045219417 
88900 1.599264705882353 0.9468163777023616 
89000 1.6029411764705883 0.9468155038079545 
89100 1.5955882352941178 0.9468151682789591 
89200 1.5808823529411764 0.9468161833123738 
89300 1.6029411764705883 0.9468196868225571 
89400 1.5845588235294117 0.9468237273796779 
89500 1.5698529411764706 0.9468262698510762 
89600 1.5845588235294117 0.9468262421736364 
89700 1.5919117647058822 0.9468288786373291 
89800 1.5772058823529411 0.9468302605532364 
89900 1.5808823529411764 0.9468336534567109 
90000 1.6066176470588236 0.9468354763378446 
90100 1.5735294117647058 0.9468346021164484 
90200 1.5808823529411764 0.9468349729721269 
90300 1.5919117647058822 0.9468368188711349 
90400 1.5698529411764706 0.9468390775381844 
90500 1.6029411764705883 0.9468394015958225 
90600 1.588235294117647 0.9468412973626443 
90700 1.6066176470588236 0.9468427228086855 
90800 1.5735294117647058 0.9468438212004662 
90900 1.5772058823529411 0.9468435521643779 
91000 1.5698529411764706 0.9468417788072141 
91100 1.5919117647058822 0.9468429452411254 
91200 1.5735294117647058 0.94684643711982 
91300 1.599264705882353 0.9468482804453531 
91400 1.5845588235294117 0.9468487119139513 
91500 1.5772058823529411 0.9468495141004566 
91600 1.5808823529411764 0.9468480870039307 
91700 1.5919117647058822 0.9468465527670813 
91800 1.5698529411764706 0.9468474347806028 
91900 1.599264705882353 0.9468464746591121 
92000 1.5772058823529411 0.9468474047916359 
92100 1.5845588235294117 0.9468499894936313 
92200 1.5919117647058822 0.9468501661491485 
92300 1.5955882352941178 0.9468515771927778 
92400 1.5808823529411764 0.9468517219064984 
92500 1.5845588235294117 0.9468511906389565 
92600 1.5919117647058822 0.9468514247876881 
92700 1.5955882352941178 0.9468484856753243 
92800 1.6066176470588236 0.9468490688804697 
92900 1.5772058823529411 0.9468511744317322 
93000 1.599264705882353 0.9468548468327666 
93100 1.5919117647058822 0.9468581460709653 
93200 1.5919117647058822 0.9468609944541115 
93300 1.5845588235294117 0.9468608715498289 
93400 1.6029411764705883 0.9468611720525728 
93500 1.5735294117647058 0.9468597221671741 
93600 1.5772058823529411 0.9468595420989092 
93700 1.5919117647058822 0.9468565864542848 
93800 1.5845588235294117 0.9468568608480908 
93900 1.5661764705882353 0.9468605605121038 
94000 1.599264705882353 0.9468605269843813 
94100 1.588235294117647 0.9468618121205188 
94200 1.588235294117647 0.9468638067879884 
94300 1.588235294117647 0.9468618595835488 
94400 1.588235294117647 0.9468603156933159 
94500 1.5919117647058822 0.9468595823293497 
94600 1.5955882352941178 0.9468584035923013 
94700 1.6176470588235294 0.9468558782844084 
94800 1.599264705882353 0.9468555009502878 
94900 1.5808823529411764 0.9468546014205516 
95000 1.5845588235294117 0.9468542939486085 
95100 1.5919117647058822 0.9468524407796788 
95200 1.5919117647058822 0.9468515762624836 
95300 1.5808823529411764 0.9468508775137845 
95400 1.5845588235294117 0.9468532342890721 
95500 1.5845588235294117 0.946852900985946 
95600 1.5955882352941178 0.946851972305852 
95700 1.588235294117647 0.9468492784204726 
95800 1.5919117647058822 0.9468493340515296 
95900 1.5772058823529411 0.9468508846745756 
96000 1.5808823529411764 0.9468518193284752 
96100 1.5919117647058822 0.9468519582185899 
96200 1.5955882352941178 0.9468502242088715 
96300 1.599264705882353 0.9468470621678231 
96400 1.5919117647058822 0.9468458802904778 
96500 1.599264705882353 0.9468465771765852 
96600 1.5919117647058822 0.9468480052423035 
96700 1.5955882352941178 0.9468459991441174 
96800 1.5808823529411764 0.9468459626389373 
96900 1.5735294117647058 0.946845129458993 
97000 1.5919117647058822 0.9468451602530478 
97100 1.6029411764705883 0.9468419442884516 
97200 1.599264705882353 0.9468428293221384 
97300 1.6029411764705883 0.9468420500182273 
97400 1.5735294117647058 0.9468423480674495 
97500 1.6139705882352942 0.946844747670763 
97600 1.6066176470588236 0.946844175972763 
97700 1.5919117647058822 0.9468452423420315 
97800 1.5551470588235294 0.9468465320786447 
97900 1.599264705882353 0.9468458100980762 
98000 1.5625 0.9468482314406156 
98100 1.5625 0.9468503667738591 
98200 1.599264705882353 0.946851571162268 
98300 1.5919117647058822 0.9468503607916142 
98400 1.5808823529411764 0.9468496759508064 
98500 1.5955882352941178 0.9468481527061237 
98600 1.5772058823529411 0.9468486273704418 
98700 1.599264705882353 0.9468480394888424 
98800 1.5698529411764706 0.9468474248891265 
98900 1.5955882352941178 0.9468454918822566 
99000 1.588235294117647 0.9468427643630456 
99100 1.5919117647058822 0.9468417210427627 
99200 1.5808823529411764 0.9468408651300361 
99300 1.5919117647058822 0.9468400479646849 
99400 1.5845588235294117 0.946841174221824 
99500 1.588235294117647 0.9468429910104362 
99600 1.6102941176470589 0.946843327671527 
99700 1.5735294117647058 0.9468435622511309 
99800 1.5772058823529411 0.9468439345031907 
99900 1.599264705882353 0.9468428707655874 
