0 0.8961397058823529 0.8336397058823529 
100 0.578125 0.8312736604542807 
200 0.5413602941176471 0.8377277216856892 
300 0.5560661764705882 0.8391544117647058 
400 0.5284926470588235 0.8396219928120874 
500 0.5376838235294118 0.8402569860279441 
600 0.5569852941176471 0.8411165214838016 
700 0.5376838235294118 0.8415590647814047 
800 0.5652573529411765 0.8414596643901006 
900 0.5459558823529411 0.8415384050401514 
1000 0.5450367647058824 0.8420035846506435 
1100 0.5441176470588235 0.8421647098894054 
1200 0.5275735294117647 0.8421995151099574 
1300 0.5386029411764706 0.8424578661210833 
1400 0.5431985294117647 0.8426006109081748 
1500 0.5533088235294118 0.8424836873456911 
1600 0.5551470588235294 0.8423032938971966 
1700 0.5505514705882353 0.8422732518933499 
1800 0.5689338235294118 0.8422342979390535 
1900 0.546875 0.8421578619611969 
2000 0.5128676470588235 0.8422208932298556 
2100 0.5422794117647058 0.8422350526359996 
2200 0.5643382352941176 0.8421101203998183 
2300 0.5321691176470589 0.8420931116905693 
2400 0.5128676470588235 0.8422363843496582 
2500 0.515625 0.8422575822612132 
2600 0.5413602941176471 0.8422082428703892 
2700 0.5652573529411765 0.8421516676829932 
2800 0.53125 0.8421581971774786 
2900 0.5496323529411765 0.842089821968084 
3000 0.5330882352941176 0.8419978267048239 
3100 0.5533088235294118 0.841972821860121 
3200 0.5542279411764706 0.8420091033133028 
3300 0.5542279411764706 0.8420323275478019 
3400 0.5542279411764706 0.8419814890084232 
3500 0.546875 0.8419815976947763 
3600 0.5496323529411765 0.8419993118741526 
3700 0.5588235294117647 0.8419753405279972 
3800 0.5569852941176471 0.841902817756937 
3900 0.5523897058823529 0.8418874967956934 
4000 0.5349264705882353 0.8418580097622653 
4100 0.5523897058823529 0.8418685094740164 
4200 0.5597426470588235 0.8418734772533151 
4300 0.546875 0.8418544934830477 
4400 0.5533088235294118 0.8419050817327612 
4500 0.5625 0.84187664179202 
4600 0.5625 0.8418706131659358 
4700 0.5808823529411765 0.8418505684022173 
4800 0.5367647058823529 0.8418365276229217 
4900 0.5459558823529411 0.8419003249636929 
5000 0.5523897058823529 0.8419718629803451 
5100 0.5560661764705882 0.841938972462147 
5200 0.5597426470588235 0.8419426906024859 
5300 0.5606617647058824 0.8419897882752422 
5400 0.5459558823529411 0.8419856208545259 
5500 0.5606617647058824 0.8420043280900799 
5600 0.5431985294117647 0.8420814429146056 
5700 0.5431985294117647 0.842072017809053 
5800 0.5376838235294118 0.8421177383209791 
5900 0.5459558823529411 0.8420852771713667 
6000 0.5395220588235294 0.8420946386386583 
6100 0.53125 0.8421317141837886 
6200 0.5441176470588235 0.842215024616523 
6300 0.5459558823529411 0.842263162009765 
6400 0.5523897058823529 0.8422914158633302 
6500 0.5376838235294118 0.8423117314530796 
6600 0.5367647058823529 0.8423081785736564 
6700 0.5606617647058824 0.8423327126328818 
6800 0.5248161764705882 0.8424031500557877 
6900 0.5367647058823529 0.8423611347886496 
7000 0.5560661764705882 0.8423539284303923 
7100 0.5340073529411765 0.8423369585476776 
7200 0.5413602941176471 0.8423697280606451 
7300 0.5542279411764706 0.8423436908320375 
7400 0.5395220588235294 0.8423768499089949 
7500 0.5395220588235294 0.8423619497792452 
7600 0.5422794117647058 0.8423657007204934 
7700 0.5284926470588235 0.8423368909308951 
7800 0.5652573529411765 0.842321073090177 
7900 0.5358455882352942 0.8423251989696018 
8000 0.5340073529411765 0.8423350803576024 
8100 0.5395220588235294 0.8423410871569958 
8200 0.5505514705882353 0.8423488527224083 
8300 0.546875 0.8423624102694927 
8400 0.5211397058823529 0.8423933687866291 
8500 0.5257352941176471 0.8424267343980293 
8600 0.5441176470588235 0.8424259832987956 
8700 0.5652573529411765 0.842405812888309 
8800 0.5211397058823529 0.842422025906147 
8900 0.5431985294117647 0.8424433474097425 
9000 0.5634191176470589 0.8424735895358032 
9100 0.5597426470588235 0.842469436131776 
9200 0.5606617647058824 0.8424527864618296 
9300 0.5661764705882353 0.8424218695649425 
9400 0.5836397058823529 0.8424183010881195 
9500 0.5376838235294118 0.8423943957911552 
9600 0.5643382352941176 0.8423637128791731 
9700 0.5275735294117647 0.8423545063577436 
9800 0.5542279411764706 0.8423572099485647 
9900 0.5450367647058824 0.8423455629853194 
10000 0.5477941176470589 0.842341041631131 
10100 0.5367647058823529 0.8423231428746135 
10200 0.5395220588235294 0.8423392026156605 
10300 0.5459558823529411 0.8423421019946664 
10400 0.5560661764705882 0.8423466246175424 
10500 0.5422794117647058 0.8423225274063535 
10600 0.5349264705882353 0.8423043469816943 
10700 0.5523897058823529 0.842326187904374 
10800 0.5477941176470589 0.8423477094985758 
10900 0.5597426470588235 0.8423440476318956 
11000 0.5395220588235294 0.842341371372656 
11100 0.5505514705882353 0.8423562132717243 
11200 0.5799632352941176 0.8423493733490182 
11300 0.5431985294117647 0.8423665656865348 
11400 0.5597426470588235 0.842352499393758 
11500 0.5707720588235294 0.8423285283376893 
11600 0.5496323529411765 0.8423398306180502 
11700 0.5542279411764706 0.8423422991750328 
11800 0.5523897058823529 0.8423375605008548 
11900 0.5514705882352942 0.8423166058709847 
12000 0.5496323529411765 0.8422994468598205 
12100 0.5551470588235294 0.8422952557396812 
12200 0.546875 0.8422706431970378 
12300 0.5477941176470589 0.8422242393014437 
12400 0.5744485294117647 0.8422060809849301 
12500 0.5358455882352942 0.8421857133782239 
12600 0.5772058823529411 0.842184122875402 
12700 0.5459558823529411 0.8421766234247419 
12800 0.5220588235294118 0.8421871912580359 
12900 0.5431985294117647 0.842196241627416 
13000 0.5321691176470589 0.8421768744033264 
13100 0.5330882352941176 0.8421690278469987 
13200 0.5395220588235294 0.8421686804029997 
13300 0.5551470588235294 0.8421430470729755 
13400 0.5560661764705882 0.8421298673935659 
13500 0.5560661764705882 0.8421429567308739 
13600 0.5625 0.8421249708066448 
13700 0.5588235294117647 0.842138642735395 
13800 0.5404411764705882 0.8421461227234173 
13900 0.5422794117647058 0.8421557431331643 
14000 0.5625 0.8421672611620178 
14100 0.5441176470588235 0.8421623205696718 
14200 0.5459558823529411 0.8421608151041559 
14300 0.5358455882352942 0.8421907584619751 
14400 0.53125 0.8421992881417548 
14500 0.5413602941176471 0.8421952771005651 
14600 0.5487132352941176 0.8422000079567475 
14700 0.5477941176470589 0.842178228171753 
14800 0.5431985294117647 0.8421559975081175 
14900 0.5413602941176471 0.8421512743913753 
15000 0.5441176470588235 0.8421473494904261 
15100 0.5634191176470589 0.8421487717992965 
15200 0.5340073529411765 0.8421700076813832 
15300 0.5450367647058824 0.8421602706666615 
15400 0.5533088235294118 0.8421553747464833 
15500 0.5303308823529411 0.8421549297578524 
15600 0.5413602941176471 0.842163386491062 
15700 0.5459558823529411 0.8421573934968548 
15800 0.5441176470588235 0.8421579912105339 
15900 0.5422794117647058 0.8421614715315722 
16000 0.5358455882352942 0.8421566368094641 
16100 0.59375 0.8421377051845519 
16200 0.5818014705882353 0.8421073771771532 
16300 0.5579044117647058 0.8420959152632281 
16400 0.5551470588235294 0.8421021897875668 
16500 0.5569852941176471 0.8420855509648256 
16600 0.5349264705882353 0.842088047495367 
16700 0.5698529411764706 0.8420905141291293 
16800 0.5505514705882353 0.842073804255349 
16900 0.5459558823529411 0.8420845377231421 
17000 0.5597426470588235 0.8420798452167173 
17100 0.5431985294117647 0.8420792385722197 
17200 0.5569852941176471 0.842076341320785 
17300 0.5413602941176471 0.8420748588146894 
17400 0.5413602941176471 0.8420840101312635 
17500 0.5487132352941176 0.842091848953169 
17600 0.5634191176470589 0.8420764654080484 
17700 0.5284926470588235 0.8420709136572543 
17800 0.5358455882352942 0.8420828245769405 
17900 0.5744485294117647 0.8420726783255619 
18000 0.5441176470588235 0.8420619299744786 
18100 0.5386029411764706 0.8420588661822389 
18200 0.5542279411764706 0.8420544221067362 
18300 0.5588235294117647 0.8420682572794158 
18400 0.5386029411764706 0.8420600143214723 
18500 0.5514705882352942 0.8420653732548639 
18600 0.5413602941176471 0.8420666721744877 
18700 0.5496323529411765 0.8421035403894728 
18800 0.5477941176470589 0.84210041823495 
18900 0.5625 0.8420874090073043 
19000 0.5386029411764706 0.8420912734469084 
19100 0.5404411764705882 0.8420950011856478 
19200 0.5395220588235294 0.8420981635454036 
19300 0.5551470588235294 0.8421024360212973 
19400 0.5477941176470589 0.8421095543134526 
19500 0.5569852941176471 0.8421007633092722 
19600 0.5523897058823529 0.8421093180269914 
19700 0.5753676470588235 0.842117692592493 
19800 0.5716911764705882 0.8421049089172561 
19900 0.5395220588235294 0.842095348075917 
20000 0.5670955882352942 0.8420846420914249 
20100 0.5551470588235294 0.8421079705575081 
20200 0.5625 0.8421253807324622 
20300 0.5294117647058824 0.8421420760930352 
20400 0.5386029411764706 0.842142524011222 
20500 0.5560661764705882 0.8421367357976799 
20600 0.5634191176470589 0.8421270330252386 
20700 0.5542279411764706 0.8421093432542333 
20800 0.5450367647058824 0.8421006166275943 
20900 0.5321691176470589 0.8421153241330981 
21000 0.5551470588235294 0.8421263465745329 
21100 0.546875 0.8421109990605408 
21200 0.5404411764705882 0.8421178627811674 
21300 0.5496323529411765 0.8421150398213837 
21400 0.5477941176470589 0.84211056829395 
21500 0.5560661764705882 0.8420930575732456 
21600 0.5496323529411765 0.8420762621283873 
21700 0.5441176470588235 0.8420759700013825 
21800 0.5404411764705882 0.8420650563789572 
21900 0.5376838235294118 0.8420646502174223 
22000 0.5441176470588235 0.8420677569468767 
22100 0.5266544117647058 0.8420768656994493 
22200 0.5670955882352942 0.8420815868124647 
22300 0.5441176470588235 0.8420806192415534 
22400 0.5376838235294118 0.8420867175047333 
22500 0.5569852941176471 0.8420795677054876 
22600 0.5625 0.8420950514292704 
22700 0.5606617647058824 0.842082300080069 
22800 0.5643382352941176 0.8420691768549883 
22900 0.5413602941176471 0.842064756997511 
23000 0.5579044117647058 0.8420752806143978 
23100 0.5689338235294118 0.8420826495287955 
23200 0.5404411764705882 0.8420802095244373 
23300 0.5441176470588235 0.8420763309830176 
23400 0.5358455882352942 0.8420717000530394 
23500 0.5560661764705882 0.8420770815134274 
23600 0.5652573529411765 0.8420759526640197 
23700 0.5753676470588235 0.8420693266231011 
23800 0.5459558823529411 0.8420513643148954 
23900 0.5376838235294118 0.8420570099823537 
24000 0.5431985294117647 0.8420564431138898 
24100 0.5514705882352942 0.8420691523051277 
24200 0.5248161764705882 0.8420759837342647 
24300 0.5615808823529411 0.8420744002304432 
24400 0.5358455882352942 0.8420811541595451 
24500 0.546875 0.8420697714619091 
24600 0.5376838235294118 0.8420863525992487 
24700 0.5533088235294118 0.8420851248580077 
24800 0.5505514705882353 0.8420713437788324 
24900 0.5367647058823529 0.8420794877125181 
25000 0.5643382352941176 0.8420669790855425 
25100 0.5441176470588235 0.842054094106867 
25200 0.5523897058823529 0.8420500280684473 
25300 0.5514705882352942 0.842042797366763 
25400 0.5487132352941176 0.8420429690123362 
25500 0.5349264705882353 0.8420530870185021 
25600 0.5606617647058824 0.8420560174579578 
25700 0.5579044117647058 0.8420685808174092 
25800 0.5634191176470589 0.8420672605598962 
25900 0.5459558823529411 0.8420699958779697 
26000 0.5533088235294118 0.8420636607302434 
26100 0.5533088235294118 0.8420640647642529 
26200 0.5625 0.8420587477577192 
26300 0.5459558823529411 0.8420544496742464 
26400 0.5422794117647058 0.8420579824293644 
26500 0.5735294117647058 0.8420475808903992 
26600 0.53125 0.8420546372095697 
26700 0.5579044117647058 0.8420579918795726 
26800 0.5560661764705882 0.8420614929864337 
26900 0.5487132352941176 0.8420728947316631 
27000 0.5514705882352942 0.8420712427317507 
27100 0.5680147058823529 0.8420794720511724 
27200 0.5422794117647058 0.842085241783931 
27300 0.5514705882352942 0.842090733586574 
27400 0.5836397058823529 0.8420904494146844 
27500 0.5625 0.8420835499029982 
27600 0.5533088235294118 0.8420727043670626 
27700 0.5542279411764706 0.8420720238385958 
27800 0.5652573529411765 0.8420583223307668 
27900 0.5615808823529411 0.8420519663010181 
28000 0.5193014705882353 0.8420475923128796 
28100 0.5358455882352942 0.8420580333126098 
28200 0.5698529411764706 0.842042457297092 
28300 0.5716911764705882 0.8420424501732426 
28400 0.5579044117647058 0.8420438993966658 
28500 0.5496323529411765 0.8420522719017083 
28600 0.5680147058823529 0.8420540944166904 
28700 0.5560661764705882 0.842050684337705 
28800 0.515625 0.8420549250740885 
28900 0.5330882352941176 0.8420556064109322 
29000 0.5523897058823529 0.842040468432123 
29100 0.5431985294117647 0.8420284349436142 
29200 0.5431985294117647 0.8420304275437788 
29300 0.5487132352941176 0.8420215531692353 
29400 0.5450367647058824 0.8420203982157469 
29500 0.5459558823529411 0.842025544497993 
29600 0.5487132352941176 0.8420330779266201 
29700 0.5523897058823529 0.8420359187747689 
29800 0.5349264705882353 0.8420369825726338 
29900 0.5560661764705882 0.8420420660237607 
30000 0.5625 0.8420360865422133 
30100 0.5643382352941176 0.8420355513887559 
30200 0.5496323529411765 0.8420217812713642 
30300 0.5606617647058824 0.8420183545679913 
30400 0.5404411764705882 0.8420145271440375 
30500 0.5367647058823529 0.8420090071781638 
30600 0.5450367647058824 0.8420158979329779 
30700 0.5330882352941176 0.8420220851687146 
30800 0.5441176470588235 0.8420260837119498 
30900 0.5505514705882353 0.8420218767905855 
31000 0.5422794117647058 0.8420205728657709 
31100 0.5533088235294118 0.8420230305153796 
31200 0.5257352941176471 0.8420307748431894 
31300 0.5431985294117647 0.8420334778347619 
31400 0.5560661764705882 0.8420391784544141 
31500 0.5533088235294118 0.8420334345128165 
31600 0.5505514705882353 0.8420320315161285 
31700 0.5615808823529411 0.8420301444842155 
31800 0.5193014705882353 0.8420436741722883 
31900 0.5514705882352942 0.8420468044981072 
32000 0.5321691176470589 0.8420479334745054 
32100 0.5753676470588235 0.8420415251861313 
32200 0.5450367647058824 0.8420354421309532 
32300 0.5643382352941176 0.842046270421422 
32400 0.5652573529411765 0.8420465644669646 
32500 0.5220588235294118 0.8420500523060829 
32600 0.5128676470588235 0.8420465832877736 
32700 0.5643382352941176 0.842044709462024 
32800 0.5680147058823529 0.8420406894427537 
32900 0.5579044117647058 0.8420378951024196 
33000 0.5744485294117647 0.8420402980212721 
33100 0.5735294117647058 0.8420314962938742 
33200 0.5652573529411765 0.8420254605637322 
33300 0.5459558823529411 0.8420149070333518 
33400 0.5441176470588235 0.8420054073319397 
33500 0.5275735294117647 0.8420081731537425 
33600 0.5542279411764706 0.8420106489740327 
33700 0.5459558823529411 0.8420151555548185 
33800 0.5533088235294118 0.8420137076087203 
33900 0.5569852941176471 0.8420212422156557 
34000 0.5303308823529411 0.8420235153118334 
34100 0.5340073529411765 0.8420218399667424 
34200 0.5303308823529411 0.8420153639728456 
34300 0.578125 0.841998850573727 
34400 0.5477941176470589 0.8419999867479913 
34500 0.5284926470588235 0.841997466612221 
34600 0.5496323529411765 0.8419974314326175 
34700 0.5735294117647058 0.841994880211962 
34800 0.546875 0.8419916569757123 
34900 0.5358455882352942 0.8419944829239682 
35000 0.5284926470588235 0.8420023083374089 
35100 0.5487132352941176 0.8420013957621452 
35200 0.5477941176470589 0.8419990522912952 
35300 0.53125 0.8420008098420808 
35400 0.5395220588235294 0.8420058028437216 
35500 0.5643382352941176 0.8419975379732468 
35600 0.5533088235294118 0.842002615384234 
35700 0.5404411764705882 0.8420053215678586 
35800 0.5477941176470589 0.8420080383065212 
35900 0.5487132352941176 0.8420075653308035 
36000 0.5670955882352942 0.8420057163444806 
36100 0.5284926470588235 0.8420129412253531 
36200 0.5579044117647058 0.8420207355337925 
36300 0.5422794117647058 0.8420161310578059 
36400 0.5726102941176471 0.8420197075629791 
36500 0.5284926470588235 0.8420226349560125 
36600 0.5560661764705882 0.8420228342764663 
36700 0.5303308823529411 0.8420232579012914 
36800 0.546875 0.8420307722216628 
36900 0.5487132352941176 0.8420396904595284 
37000 0.5542279411764706 0.8420532056367316 
37100 0.5652573529411765 0.842059909594953 
37200 0.5183823529411765 0.8420558300535881 
37300 0.5386029411764706 0.8420604951452176 
37400 0.5413602941176471 0.842059802584706 
37500 0.5303308823529411 0.8420592852818043 
37600 0.5303308823529411 0.8420648572785142 
37700 0.5533088235294118 0.8420695464467318 
37800 0.5459558823529411 0.8420694694506993 
37900 0.5413602941176471 0.8420694171114529 
38000 0.5615808823529411 0.8420662449672377 
38100 0.5487132352941176 0.8420667320758912 
38200 0.5229779411764706 0.8420684677564646 
38300 0.5459558823529411 0.8420740819238325 
38400 0.5220588235294118 0.8420698775460811 
38500 0.5735294117647058 0.8420653369202022 
38600 0.5358455882352942 0.8420636056746472 
38700 0.5367647058823529 0.8420581310028469 
38800 0.5873161764705882 0.8420627519454471 
38900 0.5569852941176471 0.8420608516793006 
39000 0.5597426470588235 0.8420602808826922 
39100 0.5726102941176471 0.8420584906809966 
39200 0.5422794117647058 0.8420585618689199 
39300 0.5450367647058824 0.8420588431741746 
39400 0.5505514705882353 0.842062458850701 
39500 0.5441176470588235 0.8420600762899525 
39600 0.5404411764705882 0.8420594696806527 
39700 0.5588235294117647 0.8420648159329222 
39800 0.5303308823529411 0.84206618644669 
39900 0.5588235294117647 0.8420589580535355 
40000 0.5386029411764706 0.8420485489700993 
40100 0.5395220588235294 0.8420489642329588 
40200 0.5422794117647058 0.8420474797963762 
40300 0.5477941176470589 0.8420523428845 
40400 0.5376838235294118 0.8420529276721456 
40500 0.5533088235294118 0.8420507636340134 
40600 0.5422794117647058 0.84204962895727 
40700 0.5459558823529411 0.842050532253146 
40800 0.5275735294117647 0.8420457768840729 
40900 0.5238970588235294 0.8420482132610018 
41000 0.5551470588235294 0.8420646931853886 
41100 0.5349264705882353 0.8420702024210088 
41200 0.5321691176470589 0.8420745025820333 
41300 0.5220588235294118 0.8420851688536242 
41400 0.5523897058823529 0.8420922759396263 
41500 0.5386029411764706 0.8420924610959055 
41600 0.546875 0.842095075662774 
41700 0.5514705882352942 0.8421031878555599 
41800 0.5450367647058824 0.8421036314217082 
41900 0.5707720588235294 0.8420970096530056 
42000 0.5661764705882353 0.8420920606582196 
42100 0.5661764705882353 0.8420864584046488 
42200 0.5367647058823529 0.8420871552040167 
42300 0.546875 0.8420922812282285 
42400 0.5496323529411765 0.8420866097081506 
42500 0.5579044117647058 0.842096513819052 
42600 0.5441176470588235 0.8420878816363051 
42700 0.5450367647058824 0.8420994368157793 
42800 0.5211397058823529 0.8421060848289691 
42900 0.546875 0.8421089526227964 
43000 0.5569852941176471 0.8421055443991042 
43100 0.546875 0.8421061610417119 
43200 0.5275735294117647 0.8421086683382873 
43300 0.546875 0.8421118857464235 
43400 0.5450367647058824 0.842114050638573 
43500 0.5321691176470589 0.8421152336592668 
43600 0.5560661764705882 0.8421096234301156 
43700 0.5533088235294118 0.8421080349487224 
43800 0.5505514705882353 0.8421093914723945 
43900 0.5652573529411765 0.8421098415619637 
44000 0.5459558823529411 0.8421151148636996 
44100 0.5321691176470589 0.8421175715303241 
44200 0.5330882352941176 0.8421180000585561 
44300 0.5395220588235294 0.8421183021695168 
44400 0.5560661764705882 0.8421142144387315 
44500 0.5579044117647058 0.8421051468440234 
44600 0.53125 0.8421041774650265 
44700 0.53125 0.842106687309272 
44800 0.5367647058823529 0.8421077908909597 
44900 0.5459558823529411 0.8421063103533657 
45000 0.5431985294117647 0.8421096157013505 
45100 0.5367647058823529 0.8421018813004015 
45200 0.5680147058823529 0.8421025384003737 
45300 0.5376838235294118 0.8421038824295529 
45400 0.5551470588235294 0.8421049371159226 
45500 0.5386029411764706 0.8421031187743773 
45600 0.5560661764705882 0.8421031627273395 
45700 0.5615808823529411 0.8421022411338663 
45800 0.5376838235294118 0.8420986746372093 
45900 0.5459558823529411 0.8420994087979629 
46000 0.5588235294117647 0.842105454548942 
46100 0.5294117647058824 0.8421028612687999 
46200 0.5744485294117647 0.8420927991118093 
46300 0.5294117647058824 0.8420896686896612 
46400 0.5560661764705882 0.8420863536789902 
46500 0.5275735294117647 0.8420808787160807 
46600 0.5707720588235294 0.8420759400517788 
46700 0.5477941176470589 0.8420774975532707 
46800 0.5404411764705882 0.8420754937677299 
46900 0.5790441176470589 0.8420751446726961 
47000 0.5376838235294118 0.842075070837041 
47100 0.5753676470588235 0.8420795635349319 
47200 0.5321691176470589 0.842079597484849 
47300 0.5450367647058824 0.8420721696904804 
47400 0.5643382352941176 0.8420774738557265 
47500 0.5707720588235294 0.8420730616197554 
47600 0.5367647058823529 0.8420734371929902 
47700 0.5367647058823529 0.8420754104612432 
47800 0.5431985294117647 0.8420820094214125 
47900 0.5487132352941176 0.842088542453369 
48000 0.5422794117647058 0.8420909506174503 
48100 0.5367647058823529 0.8420911322315666 
48200 0.5818014705882353 0.8420925334719684 
48300 0.5551470588235294 0.8420950135607959 
48400 0.5376838235294118 0.8420980530907844 
48500 0.5395220588235294 0.8421062346197835 
48600 0.5523897058823529 0.8421055697232083 
48700 0.5670955882352942 0.8421055303550959 
48800 0.5579044117647058 0.8421076947253974 
48900 0.5459558823529411 0.84210885408334 
49000 0.5634191176470589 0.842108057968805 
49100 0.5349264705882353 0.8421056927078279 
49200 0.5698529411764706 0.8421039161686097 
49300 0.5422794117647058 0.8420984368829173 
49400 0.5542279411764706 0.8421031382432125 
49500 0.5560661764705882 0.842100672060101 
49600 0.5542279411764706 0.8420926938142851 
49700 0.5505514705882353 0.842094031129685 
49800 0.5459558823529411 0.8420926131591971 
49900 0.53125 0.8420935216434422 
50000 0.5579044117647058 0.8420920735997045 
50100 0.53125 0.8420957863644849 
50200 0.5542279411764706 0.8421019743279077 
50300 0.53125 0.8420976493567547 
50400 0.5606617647058824 0.8420936150893364 
50500 0.5441176470588235 0.8420926361970701 
50600 0.5395220588235294 0.8420913887135455 
50700 0.5523897058823529 0.8420910344325497 
50800 0.5404411764705882 0.8420981537533421 
50900 0.5450367647058824 0.8420956568517665 
51000 0.5441176470588235 0.8420930796339633 
51100 0.5395220588235294 0.8420929406527097 
51200 0.5496323529411765 0.84209863634327 
51300 0.5579044117647058 0.8420939901125651 
51400 0.5349264705882353 0.8420979986370144 
51500 0.5579044117647058 0.842096780388045 
51600 0.5615808823529411 0.8420939994037964 
51700 0.5413602941176471 0.8420965980007213 
51800 0.5404411764705882 0.8420985478079573 
51900 0.5386029411764706 0.8420978868705918 
52000 0.5349264705882353 0.8420963624002706 
52100 0.515625 0.8420960257339534 
52200 0.5588235294117647 0.8420962890050563 
52300 0.5514705882352942 0.8420913143320845 
52400 0.546875 0.842092357352857 
52500 0.5514705882352942 0.8420972828808863 
52600 0.5523897058823529 0.8420978388075825 
52700 0.5477941176470589 0.842101305143222 
52800 0.5367647058823529 0.84210279133528 
52900 0.5321691176470589 0.8421056966008649 
53000 0.5386029411764706 0.842103769962165 
53100 0.5459558823529411 0.8421016601825378 
53200 0.5542279411764706 0.8421065034160128 
53300 0.5643382352941176 0.8421049137418236 
53400 0.5404411764705882 0.8421046036811384 
53500 0.5634191176470589 0.8421121286078215 
53600 0.5441176470588235 0.8421197454887255 
53700 0.5542279411764706 0.8421229353270889 
53800 0.5487132352941176 0.8421228503297008 
53900 0.5707720588235294 0.8421251017660919 
54000 0.5413602941176471 0.842120451609284 
54100 0.5349264705882353 0.8421235655913721 
54200 0.5505514705882353 0.8421234970160091 
54300 0.5450367647058824 0.842126001498185 
54400 0.5340073529411765 0.8421240026405223 
54500 0.5367647058823529 0.8421245744816339 
54600 0.5367647058823529 0.8421319954008599 
54700 0.5514705882352942 0.8421375072990385 
54800 0.6112132352941176 0.8421401813996524 
54900 0.5422794117647058 0.8421430466551022 
55000 0.5450367647058824 0.8421422417988123 
55100 0.5248161764705882 0.8421421904908313 
55200 0.5450367647058824 0.8421425056771137 
55300 0.5459558823529411 0.8421427366221439 
55400 0.5248161764705882 0.8421346715975608 
55500 0.5294117647058824 0.8421380788581446 
55600 0.5193014705882353 0.8421358534601049 
55700 0.5551470588235294 0.8421338835663527 
55800 0.5533088235294118 0.8421306689106351 
55900 0.5395220588235294 0.8421287482229614 
56000 0.5404411764705882 0.8421297065861219 
56100 0.5661764705882353 0.8421301700347168 
56200 0.5533088235294118 0.8421311715198704 
56300 0.5542279411764706 0.8421254435194443 
56400 0.546875 0.8421255861389608 
56500 0.5441176470588235 0.8421240852582516 
56600 0.5294117647058824 0.8421260322515607 
56700 0.5487132352941176 0.8421270970425877 
56800 0.5689338235294118 0.8421244687334627 
56900 0.5496323529411765 0.8421220758034853 
57000 0.5597426470588235 0.8421184174271452 
57100 0.5606617647058824 0.8421117457508213 
57200 0.5441176470588235 0.8421167629216684 
57300 0.5523897058823529 0.842119356555732 
57400 0.5625 0.8421205961261179 
57500 0.5514705882352942 0.842125715588578 
57600 0.5386029411764706 0.8421249931067373 
57700 0.5560661764705882 0.8421242253422053 
57800 0.5165441176470589 0.8421242712063806 
57900 0.546875 0.8421206024075577 
58000 0.5441176470588235 0.8421154883739327 
58100 0.5533088235294118 0.8421212281706197 
58200 0.5386029411764706 0.8421260480919572 
58300 0.5579044117647058 0.8421231266086647 
58400 0.53125 0.8421215843403165 
58500 0.5680147058823529 0.8421223411716441 
58600 0.5680147058823529 0.8421193782328549 
58700 0.5744485294117647 0.8421144525296193 
58800 0.5661764705882353 0.8421076053378443 
58900 0.5487132352941176 0.8421081310913527 
59000 0.5395220588235294 0.8421106334688245 
59100 0.5340073529411765 0.8421083374721439 
59200 0.5459558823529411 0.8421078035993033 
59300 0.5634191176470589 0.8421075505124901 
59400 0.5349264705882353 0.8421120330465817 
59500 0.5514705882352942 0.8421182769296017 
59600 0.5680147058823529 0.8421208296199136 
59700 0.5560661764705882 0.8421227271540431 
59800 0.5735294117647058 0.8421250640605066 
59900 0.5386029411764706 0.8421249381332139 
60000 0.5496323529411765 0.8421247360338112 
60100 0.5615808823529411 0.8421274861336359 
60200 0.5487132352941176 0.8421308377963235 
60300 0.5303308823529411 0.8421328370322607 
60400 0.5220588235294118 0.8421372643567452 
60500 0.5303308823529411 0.8421399299914343 
60600 0.5588235294117647 0.8421432238305134 
60700 0.5441176470588235 0.8421393750660179 
60800 0.5395220588235294 0.842145198608382 
60900 0.5404411764705882 0.8421489656066693 
61000 0.5395220588235294 0.8421501136191596 
61100 0.5606617647058824 0.842151453427642 
61200 0.5404411764705882 0.8421535998306449 
61300 0.5431985294117647 0.8421514960652211 
61400 0.5615808823529411 0.8421509260004387 
61500 0.5386029411764706 0.8421478022356403 
61600 0.5625 0.8421541034475185 
61700 0.5367647058823529 0.8421554833461561 
61800 0.5257352941176471 0.8421571116067986 
61900 0.5569852941176471 0.8421581703754667 
62000 0.5496323529411765 0.8421564980688168 
62100 0.5349264705882353 0.8421572732086345 
62200 0.5716911764705882 0.8421576616651709 
62300 0.5367647058823529 0.8421553491021294 
62400 0.5459558823529411 0.8421543548510252 
62500 0.5395220588235294 0.8421546431727681 
62600 0.5560661764705882 0.842162712116044 
62700 0.5569852941176471 0.842163763102568 
62800 0.5579044117647058 0.8421624105367375 
62900 0.5404411764705882 0.8421632540911629 
63000 0.5487132352941176 0.8421677422020378 
63100 0.5569852941176471 0.8421664188924013 
63200 0.5643382352941176 0.8421670775871938 
63300 0.5441176470588235 0.8421604743025154 
63400 0.5588235294117647 0.8421564577984946 
63500 0.546875 0.8421536118699381 
63600 0.5422794117647058 0.8421546911951995 
63700 0.53125 0.8421529246932129 
63800 0.53125 0.8421530076976481 
63900 0.5441176470588235 0.8421530185249794 
64000 0.5634191176470589 0.8421537904508845 
64100 0.5422794117647058 0.8421529970625401 
64200 0.5533088235294118 0.8421529649070887 
64300 0.5569852941176471 0.8421532473193629 
64400 0.5505514705882353 0.8421545278800019 
64500 0.5284926470588235 0.8421515723194442 
64600 0.5441176470588235 0.842150247856298 
64700 0.5689338235294118 0.8421475495423746 
64800 0.5450367647058824 0.8421478664998815 
64900 0.5137867647058824 0.8421487914398128 
65000 0.5505514705882353 0.8421520890628832 
65100 0.5523897058823529 0.8421465949515549 
65200 0.5661764705882353 0.8421464321415135 
65300 0.5395220588235294 0.8421517872665674 
65400 0.5487132352941176 0.8421573368189189 
65500 0.5422794117647058 0.842160638319846 
65600 0.5459558823529411 0.8421575688856967 
65700 0.5477941176470589 0.8421589854035707 
65800 0.5560661764705882 0.8421609423734844 
65900 0.5404411764705882 0.842163172343185 
66000 0.5413602941176471 0.8421619698052704 
66100 0.5340073529411765 0.8421663188996874 
66200 0.5450367647058824 0.8421679336414858 
66300 0.5514705882352942 0.842170513908494 
66400 0.5413602941176471 0.8421713976889079 
66500 0.5376838235294118 0.8421666259773184 
66600 0.5303308823529411 0.8421644354615767 
66700 0.5505514705882353 0.8421648420916169 
66800 0.5193014705882353 0.8421652337451799 
66900 0.515625 0.8421652532891005 
67000 0.5340073529411765 0.8421634894387002 
67100 0.5358455882352942 0.8421672098557311 
67200 0.5505514705882353 0.8421695241317312 
67300 0.5551470588235294 0.8421720636962828 
67400 0.5514705882352942 0.8421736548026431 
67500 0.5441176470588235 0.8421719051874613 
67600 0.5404411764705882 0.8421768364895402 
67700 0.5431985294117647 0.8421725078785004 
67800 0.5735294117647058 0.8421697238761878 
67900 0.5579044117647058 0.8421659328633295 
68000 0.5716911764705882 0.8421654104135147 
68100 0.5321691176470589 0.8421622711984017 
68200 0.5459558823529411 0.8421626046754532 
68300 0.5294117647058824 0.8421607302494064 
68400 0.5477941176470589 0.8421601378376821 
68500 0.5533088235294118 0.8421607413202211 
68600 0.5413602941176471 0.8421666218636841 
68700 0.5431985294117647 0.842165889677948 
68800 0.5431985294117647 0.8421692608563316 
68900 0.5275735294117647 0.842171995283941 
69000 0.5441176470588235 0.842170299428738 
69100 0.5431985294117647 0.8421695528582629 
69200 0.5606617647058824 0.842168569372085 
69300 0.5395220588235294 0.8421665674971162 
69400 0.546875 0.8421648495063218 
69500 0.5137867647058824 0.8421673683070154 
69600 0.5367647058823529 0.842167146326498 
69700 0.5294117647058824 0.8421679799091413 
69800 0.5422794117647058 0.8421691007924208 
69900 0.5873161764705882 0.8421634862582964 
70000 0.5404411764705882 0.8421611571515365 
70100 0.5698529411764706 0.8421597787058505 
70200 0.5808823529411765 0.8421584565579341 
70300 0.5615808823529411 0.8421565236918226 
70400 0.5303308823529411 0.8421562282495987 
70500 0.5496323529411765 0.842156663714407 
70600 0.5266544117647058 0.8421569156869133 
70700 0.5358455882352942 0.8421597409596503 
70800 0.5496323529411765 0.842159961910641 
70900 0.5340073529411765 0.8421618674796755 
71000 0.5643382352941176 0.842163379326886 
71100 0.5404411764705882 0.8421676015767131 
71200 0.53125 0.8421739935493305 
71300 0.5349264705882353 0.8421769386742369 
71400 0.5588235294117647 0.8421786011606363 
71500 0.53125 0.8421825342631983 
71600 0.5193014705882353 0.8421822331186634 
71700 0.5441176470588235 0.8421849964968903 
71800 0.5579044117647058 0.8421803788575778 
71900 0.5358455882352942 0.842180618857465 
72000 0.5698529411764706 0.8421807050065481 
72100 0.546875 0.8421762017659867 
72200 0.5137867647058824 0.8421785724615188 
72300 0.5496323529411765 0.8421755338385198 
72400 0.5514705882352942 0.8421753218593828 
72500 0.5303308823529411 0.842177709313543 
72600 0.5119485294117647 0.8421755706249388 
72700 0.546875 0.8421799486737378 
72800 0.5395220588235294 0.8421856655774768 
72900 0.5321691176470589 0.8421863867355971 
73000 0.5367647058823529 0.8421869800131666 
73100 0.5367647058823529 0.8421890678851259 
73200 0.5487132352941176 0.8421902836830419 
73300 0.5395220588235294 0.8421913331573199 
73400 0.546875 0.842194032658635 
73500 0.5670955882352942 0.8421954118071223 
73600 0.5523897058823529 0.8421917920712394 
73700 0.5579044117647058 0.8421838921692338 
73800 0.578125 0.842181406257846 
73900 0.5707720588235294 0.8421764769560549 
74000 0.5413602941176471 0.8421789386590165 
74100 0.5404411764705882 0.8421829069544985 
74200 0.5183823529411765 0.8421883509775118 
74300 0.5652573529411765 0.8421883745725851 
74400 0.5413602941176471 0.8421872492226148 
74500 0.5579044117647058 0.8421878664084256 
74600 0.5606617647058824 0.8421853279052401 
74700 0.5735294117647058 0.84218074143822 
74800 0.5615808823529411 0.842180344985951 
74900 0.5496323529411765 0.8421792746817957 
75000 0.5284926470588235 0.8421753396229227 
75100 0.5523897058823529 0.8421809732501407 
75200 0.5707720588235294 0.8421822163660214 
75300 0.5349264705882353 0.8421817839697465 
75400 0.5477941176470589 0.8421806944751083 
75500 0.5395220588235294 0.8421808860926657 
75600 0.5533088235294118 0.8421858915653933 
75700 0.5533088235294118 0.8421852501948455 
75800 0.53125 0.8421891211663357 
75900 0.5560661764705882 0.8421865033941272 
76000 0.5487132352941176 0.8421861419006097 
76100 0.5625 0.8421811314800687 
76200 0.5560661764705882 0.8421810674670782 
76300 0.5431985294117647 0.8421787751220592 
76400 0.5431985294117647 0.842174215074179 
76500 0.5477941176470589 0.8421729829367859 
76600 0.5422794117647058 0.8421715740348958 
76700 0.546875 0.8421704324355002 
76800 0.5101102941176471 0.8421716155082233 
76900 0.5404411764705882 0.8421750424724838 
77000 0.5514705882352942 0.8421769804173667 
77100 0.53125 0.8421758496494667 
77200 0.5716911764705882 0.8421765790712861 
77300 0.5625 0.8421762008253451 
77400 0.5404411764705882 0.8421751466959311 
77500 0.5349264705882353 0.8421759453578208 
77600 0.5174632352941176 0.8421805794649402 
77700 0.5523897058823529 0.8421840069247348 
77800 0.5588235294117647 0.8421859724886342 
77900 0.5321691176470589 0.8421847709989375 
78000 0.5386029411764706 0.8421869426447776 
78100 0.5211397058823529 0.8421842837178405 
78200 0.5477941176470589 0.8421865679655067 
78300 0.5551470588235294 0.8421873321428545 
78400 0.5606617647058824 0.8421885984722584 
78500 0.5533088235294118 0.8421869813198333 
78600 0.5569852941176471 0.8421858126337264 
78700 0.5551470588235294 0.8421830703063045 
78800 0.53125 0.8421814546620414 
78900 0.5477941176470589 0.8421854229835304 
79000 0.546875 0.8421820982161804 
79100 0.5597426470588235 0.8421817332197035 
79200 0.5716911764705882 0.8421790713798177 
79300 0.5505514705882353 0.8421754426730024 
79400 0.5358455882352942 0.8421747633197685 
79500 0.5431985294117647 0.8421791147466143 
79600 0.5358455882352942 0.8421818387220971 
79700 0.5551470588235294 0.8421819496138878 
79800 0.5257352941176471 0.8421836611770308 
79900 0.5625 0.8421808016832595 
80000 0.5790441176470589 0.8421774897850541 
80100 0.5551470588235294 0.8421746680844845 
80200 0.5459558823529411 0.8421743975797573 
80300 0.5523897058823529 0.8421736241289208 
80400 0.53125 0.8421711721466736 
80500 0.5376838235294118 0.8421712951866875 
80600 0.5257352941176471 0.8421749073321962 
80700 0.5303308823529411 0.8421743876451709 
80800 0.5560661764705882 0.8421767812643554 
80900 0.5441176470588235 0.8421793848254621 
81000 0.5523897058823529 0.8421778289592649 
81100 0.5496323529411765 0.8421800961509868 
81200 0.5358455882352942 0.8421796072310034 
81300 0.5514705882352942 0.8421831554419777 
81400 0.5533088235294118 0.8421832059441385 
81500 0.5294117647058824 0.8421815421607963 
81600 0.5422794117647058 0.842187507884491 
81700 0.5275735294117647 0.8421890940927356 
81800 0.5431985294117647 0.842190002261586 
81900 0.5358455882352942 0.8421898757610515 
82000 0.5459558823529411 0.8421884493696993 
82100 0.5523897058823529 0.8421880004148405 
82200 0.5579044117647058 0.842185987164175 
82300 0.5560661764705882 0.8421853189368723 
82400 0.5477941176470589 0.8421849534949961 
82500 0.5551470588235294 0.8421816923609482 
82600 0.5487132352941176 0.8421786839213597 
82700 0.5496323529411765 0.8421826510739966 
82800 0.5689338235294118 0.842185942625018 
82900 0.5386029411764706 0.8421874190654054 
83000 0.5477941176470589 0.8421881832394649 
83100 0.5523897058823529 0.8421908811177327 
83200 0.5431985294117647 0.8421857291732212 
83300 0.5367647058823529 0.8421868346683219 
83400 0.5496323529411765 0.8421863836270831 
83500 0.5487132352941176 0.842183501060572 
83600 0.5496323529411765 0.8421838576550942 
83700 0.5505514705882353 0.842181720718777 
83800 0.5606617647058824 0.8421770224032143 
83900 0.5588235294117647 0.8421767172024172 
84000 0.5560661764705882 0.8421767190971816 
84100 0.5689338235294118 0.842176666343759 
84200 0.5422794117647058 0.8421760351805239 
84300 0.5367647058823529 0.842178120313973 
84400 0.5340073529411765 0.8421789372791094 
84500 0.5615808823529411 0.8421805898398697 
84600 0.5496323529411765 0.8421830424407444 
84700 0.5487132352941176 0.8421805084945868 
84800 0.5634191176470589 0.8421784682582129 
84900 0.5661764705882353 0.8421730876688904 
85000 0.5551470588235294 0.8421718719399149 
85100 0.5303308823529411 0.8421750979977425 
85200 0.5376838235294118 0.8421782301816397 
85300 0.5615808823529411 0.8421802451974565 
85400 0.5422794117647058 0.842177498524263 
85500 0.5588235294117647 0.8421771232293809 
85600 0.5266544117647058 0.842174912744972 
85700 0.5358455882352942 0.8421752706228289 
85800 0.5487132352941176 0.8421773309066054 
85900 0.5202205882352942 0.8421777707340256 
86000 0.5606617647058824 0.8421794065151089 
86100 0.5367647058823529 0.8421818177625866 
86200 0.5413602941176471 0.8421820162793253 
86300 0.5386029411764706 0.8421845360663124 
86400 0.5376838235294118 0.8421879542345984 
86500 0.5220588235294118 0.8421876030674926 
86600 0.5514705882352942 0.8421897998902336 
86700 0.546875 0.8421900622626647 
86800 0.5716911764705882 0.842186967383813 
86900 0.5606617647058824 0.8421860161021636 
87000 0.5579044117647058 0.8421829963752953 
87100 0.5569852941176471 0.8421876445667876 
87200 0.546875 0.8421888143653237 
87300 0.5496323529411765 0.8421902973283104 
87400 0.5284926470588235 0.8421904939336405 
87500 0.5450367647058824 0.8421895346406125 
87600 0.5450367647058824 0.8421903611931639 
87700 0.5395220588235294 0.8421928102805186 
87800 0.5625 0.84219117119462 
87900 0.5487132352941176 0.8421936765257974 
88000 0.546875 0.8421948810575014 
88100 0.5431985294117647 0.8421953108464416 
88200 0.5588235294117647 0.8421968650982349 
88300 0.5625 0.8421967087675378 
88400 0.546875 0.8422002125841004 
88500 0.5284926470588235 0.8422004059276167 
88600 0.5386029411764706 0.8421978809328271 
88700 0.5303308823529411 0.8421997447472241 
88800 0.5560661764705882 0.8422017596184993 
88900 0.5680147058823529 0.8421991899283869 
89000 0.5652573529411765 0.8421967189562312 
89100 0.5670955882352942 0.8421940987986535 
89200 0.5542279411764706 0.8421903510874648 
89300 0.5496323529411765 0.8421878468523836 
89400 0.5358455882352942 0.8421884530341482 
89500 0.5395220588235294 0.8421864802529317 
89600 0.5505514705882353 0.8421882560068592 
89700 0.53125 0.8421915955097884 
89800 0.5514705882352942 0.8421916728295309 
89900 0.5634191176470589 0.8421909729787734 
90000 0.5579044117647058 0.8421904993539288 
90100 0.5551470588235294 0.8421877723659136 
90200 0.5386029411764706 0.842185836028295 
90300 0.5505514705882353 0.8421857869791032 
90400 0.53125 0.8421854838604727 
90500 0.5652573529411765 0.8421845720586772 
90600 0.5487132352941176 0.8421836622696672 
90700 0.5395220588235294 0.8421848926531065 
90800 0.5137867647058824 0.8421886306642127 
90900 0.5661764705882353 0.8421897719852949 
91000 0.5174632352941176 0.8421910925994995 
91100 0.5404411764705882 0.8421933889471092 
91200 0.5376838235294118 0.8421929592167785 
91300 0.5496323529411765 0.8421912720658301 
91400 0.5560661764705882 0.8421911774359528 
91500 0.5762867647058824 0.8421916354819652 
91600 0.5560661764705882 0.8421905272354463 
91700 0.5376838235294118 0.8421923481173148 
91800 0.5431985294117647 0.8421957169023534 
91900 0.5505514705882353 0.8421982382576647 
92000 0.5569852941176471 0.8421992855576378 
92100 0.5487132352941176 0.8422002307888334 
92200 0.5211397058823529 0.8422030779779727 
92300 0.5533088235294118 0.8422036784860529 
92400 0.5588235294117647 0.8422067147223388 
92500 0.5579044117647058 0.8422061275808147 
92600 0.5266544117647058 0.8422067327757228 
92700 0.5496323529411765 0.8422081695133691 
92800 0.5395220588235294 0.8422044430777559 
92900 0.5349264705882353 0.8422006554099019 
93000 0.5413602941176471 0.8422030230383355 
93100 0.5459558823529411 0.8422051486462836 
93200 0.5542279411764706 0.8422023487188032 
93300 0.546875 0.8421994661333306 
93400 0.5404411764705882 0.8422036355574981 
93500 0.5275735294117647 0.8422028417280217 
93600 0.5477941176470589 0.8422034046896181 
93700 0.5349264705882353 0.8422037408414876 
93800 0.5395220588235294 0.842204429025904 
93900 0.5533088235294118 0.8422054289655501 
94000 0.5533088235294118 0.8422056445582243 
94100 0.5735294117647058 0.8422066606155963 
94200 0.5367647058823529 0.8422040254037518 
94300 0.5450367647058824 0.8422082769068009 
94400 0.5514705882352942 0.8422075538830908 
94500 0.5395220588235294 0.8422100127947604 
94600 0.5569852941176471 0.8422107662554245 
94700 0.5496323529411765 0.842213459218705 
94800 0.5707720588235294 0.8422142850162291 
94900 0.5542279411764706 0.8422115934128259 
95000 0.5321691176470589 0.8422146736690698 
95100 0.5450367647058824 0.8422143938147493 
95200 0.5395220588235294 0.8422132649527285 
95300 0.5413602941176471 0.8422124181463437 
95400 0.5615808823529411 0.8422119970224754 
95500 0.5597426470588235 0.8422116633980427 
95600 0.5579044117647058 0.8422146184940227 
95700 0.5303308823529411 0.8422130919247878 
95800 0.5542279411764706 0.8422147825424885 
95900 0.546875 0.8422149361903237 
96000 0.5450367647058824 0.8422133183202136 
96100 0.5579044117647058 0.8422130427883164 
96200 0.5386029411764706 0.8422132741985683 
96300 0.5542279411764706 0.8422106132304533 
96400 0.5514705882352942 0.8422109610926662 
96500 0.5459558823529411 0.8422143370047369 
96600 0.5569852941176471 0.842213843009176 
96700 0.5514705882352942 0.8422135876537562 
96800 0.5431985294117647 0.8422146905993314 
96900 0.5450367647058824 0.8422124525061054 
97000 0.5514705882352942 0.8422116877054633 
97100 0.5707720588235294 0.8422119751598851 
97200 0.5680147058823529 0.8422117135837988 
97300 0.53125 0.8422115847911604 
97400 0.5450367647058824 0.8422126169437806 
97500 0.5275735294117647 0.8422165598452384 
97600 0.5431985294117647 0.8422157484524326 
97700 0.5413602941176471 0.8422158888734356 
97800 0.5670955882352942 0.8422160947921259 
97900 0.5367647058823529 0.842214525913633 
98000 0.5220588235294118 0.8422153986874084 
98100 0.5505514705882353 0.8422159979780742 
98200 0.5551470588235294 0.8422170078686152 
98300 0.5707720588235294 0.8422153322448398 
98400 0.5431985294117647 0.8422149957227838 
98500 0.5579044117647058 0.8422160222171527 
98600 0.53125 0.8422118824710643 
98700 0.5330882352941176 0.8422118577676965 
98800 0.5634191176470589 0.8422100749010042 
98900 0.5744485294117647 0.842207449948463 
99000 0.5533088235294118 0.8422046539042684 
99100 0.5542279411764706 0.8422054527555667 
99200 0.5560661764705882 0.8422064167699922 
99300 0.5376838235294118 0.8422043244040549 
99400 0.5404411764705882 0.8422057591887169 
99500 0.5340073529411765 0.8422046046536925 
99600 0.5799632352941176 0.842201911361627 
99700 0.5441176470588235 0.8422034179992295 
99800 0.5514705882352942 0.8422030612978652 
99900 0.5487132352941176 0.8421976543542813 
