0 0.58515625 0.884375 
100 0.43359375 0.884065594059406 
200 0.43203125 0.8897776741293533 
300 0.40546875 0.8926572882059801 
400 0.41484375 0.8942682356608479 
500 0.415625 0.895036489520958 
600 0.41953125 0.8960209546589019 
700 0.41875 0.8967501783166905 
800 0.39765625 0.897101279650437 
900 0.42265625 0.8975244519977802 
1000 0.43125 0.8975672764735265 
1100 0.4265625 0.8974008004087194 
1200 0.43359375 0.8973310002081598 
1300 0.38515625 0.897466492121445 
1400 0.41484375 0.8978614605638829 
1500 0.41953125 0.8979414765156563 
1600 0.421875 0.8982164467520299 
1700 0.42421875 0.8981403402410347 
1800 0.41484375 0.8981060868961688 
1900 0.39296875 0.8983602380326144 
2000 0.41484375 0.8985729791354323 
2100 0.41015625 0.8985375267729653 
2200 0.43125 0.8984637664697864 
2300 0.40390625 0.8984612668405041 
2400 0.403125 0.8984547454185756 
2500 0.40859375 0.8985084091363454 
2600 0.42265625 0.8986501585928489 
2700 0.44609375 0.898526008885598 
2800 0.4234375 0.8984815690824706 
2900 0.44296875 0.8986114701826956 
3000 0.4125 0.89857990044985 
3100 0.42265625 0.8986209085778781 
3200 0.4125 0.8986815643548891 
3300 0.4125 0.8987148780672524 
3400 0.4109375 0.8986724952219936 
3500 0.4171875 0.8987630766209654 
3600 0.425 0.8987967752013329 
3700 0.409375 0.8987912895163469 
3800 0.4234375 0.898764099907919 
3900 0.42578125 0.8987140717123815 
4000 0.41640625 0.8986128467883029 
4100 0.4203125 0.8986447665203608 
4200 0.42890625 0.8986294185908117 
4300 0.4125 0.8986113331202046 
4400 0.42109375 0.8986311704726199 
4500 0.41015625 0.8985895495445456 
4600 0.40390625 0.8986699562595089 
4700 0.4234375 0.8987097160178685 
4800 0.415625 0.8987561185169757 
4900 0.41484375 0.8988106700163232 
5000 0.4078125 0.898846949360128 
5100 0.40625 0.8988678690452853 
5200 0.4109375 0.8989545279753893 
5300 0.40625 0.8990152211846821 
5400 0.403125 0.8990955089335309 
5500 0.40703125 0.8991664867751318 
5600 0.3890625 0.8992707775397251 
5700 0.40234375 0.8993626392299596 
5800 0.40859375 0.8993608321841062 
5900 0.4234375 0.8993650440603288 
6000 0.4390625 0.8993439895434094 
6100 0.4078125 0.8993113321586625 
6200 0.440625 0.8993428479277535 
6300 0.425 0.8992847117521029 
6400 0.44140625 0.8992569520387439 
6500 0.4265625 0.8992156254806952 
6600 0.4140625 0.8992047843129829 
6700 0.4171875 0.8992006790031338 
6800 0.44609375 0.8991945118364947 
6900 0.41484375 0.8991407495290538 
7000 0.409375 0.8991751178403086 
7100 0.43046875 0.8991747421137868 
7200 0.4171875 0.8991584285168727 
7300 0.40625 0.899176589679496 
7400 0.409375 0.8991790594176463 
7500 0.41015625 0.8992129174443407 
7600 0.4265625 0.8992516404091567 
7700 0.4 0.8992411699779249 
7800 0.40078125 0.8993005704396873 
7900 0.4171875 0.8992999303885584 
8000 0.41875 0.8993193233658293 
8100 0.4390625 0.8993106560918405 
8200 0.4328125 0.899264857182051 
8300 0.42578125 0.89924830216239 
8400 0.3984375 0.8992603187120581 
8500 0.41875 0.8992726958593107 
8600 0.4359375 0.8993140332519475 
8700 0.4078125 0.8993662725548788 
8800 0.42421875 0.8993588264117713 
8900 0.41171875 0.8993529519155151 
9000 0.4203125 0.899374722253083 
9100 0.41796875 0.8993742102516207 
9200 0.40703125 0.899393917780676 
9300 0.440625 0.8994232810988065 
9400 0.41015625 0.8994233492447612 
9500 0.42734375 0.8994202912851279 
9600 0.4203125 0.8994054981251953 
9700 0.403125 0.8994121901092671 
9800 0.403125 0.8994530213753699 
9900 0.396875 0.8994700661549339 
10000 0.41875 0.899510752049795 
10100 0.40390625 0.8995196948321948 
10200 0.42734375 0.8995240969022645 
10300 0.39453125 0.8995272758712747 
10400 0.43046875 0.8995378298961638 
10500 0.40859375 0.8995205813732026 
10600 0.41484375 0.8995121332893123 
10700 0.42734375 0.899485518292683 
10800 0.43359375 0.8994533926256828 
10900 0.4375 0.8994323915237135 
11000 0.42734375 0.8993901832787928 
11100 0.4171875 0.8994191823934781 
11200 0.4203125 0.8994384569458084 
11300 0.425 0.8994392089195646 
11400 0.4140625 0.8994296004736426 
11500 0.40234375 0.8994219252673681 
11600 0.421875 0.8994300733772951 
11700 0.4375 0.8994140458080506 
11800 0.42265625 0.8994346347767138 
11900 0.42421875 0.8994357748298463 
12000 0.41953125 0.8994512827056078 
12100 0.41328125 0.8994394187463846 
12200 0.41171875 0.8994372899762314 
12300 0.4140625 0.899437291683603 
12400 0.3921875 0.8994348364043222 
12500 0.4203125 0.8994551685865131 
12600 0.4171875 0.8994614762717245 
12700 0.40625 0.8994705141327455 
12800 0.4109375 0.8994828284899617 
12900 0.40390625 0.899489683454771 
13000 0.403125 0.8995083310899161 
13100 0.41796875 0.8994946712083047 
13200 0.4125 0.8994848283273994 
13300 0.43046875 0.8994870568942185 
13400 0.4078125 0.8994899517759869 
13500 0.42578125 0.8994816356195837 
13600 0.40703125 0.8994705697191383 
13700 0.4109375 0.8994610908875265 
13800 0.4359375 0.899461429425404 
13900 0.42890625 0.8994316393604777 
14000 0.42578125 0.8994023306370974 
14100 0.42265625 0.8994106136089639 
14200 0.415625 0.8994236211358355 
14300 0.42734375 0.8994212052478847 
14400 0.4140625 0.8994089494653149 
14500 0.4203125 0.8994307504654852 
14600 0.43125 0.8994342211149922 
14700 0.3953125 0.8994552879055846 
14800 0.4359375 0.89945226462739 
14900 0.3953125 0.8994431476914301 
15000 0.3890625 0.899458629841344 
15100 0.42109375 0.8994704924342759 
15200 0.42265625 0.8994552681567002 
15300 0.42890625 0.8994309501829946 
15400 0.41171875 0.8994260214434128 
15500 0.42265625 0.899436125088704 
15600 0.42890625 0.8994204598262932 
15700 0.41328125 0.899416139895548 
15800 0.41953125 0.8994149401145497 
15900 0.40546875 0.8994084491541412 
16000 0.41328125 0.8994072636085245 
16100 0.41875 0.8994155545463015 
16200 0.4234375 0.8994030075303994 
16300 0.4265625 0.8993893683669714 
16400 0.41484375 0.8993793728278764 
16500 0.41015625 0.8993758427519545 
16600 0.41796875 0.8993684021293898 
16700 0.4046875 0.8993772360188013 
16800 0.4203125 0.8993835932384977 
16900 0.43125 0.899365745739897 
17000 0.4140625 0.8993532090024117 
17100 0.42734375 0.8993421894187474 
17200 0.4125 0.8993479666879832 
17300 0.4140625 0.899347806846425 
17400 0.4046875 0.8993474692546405 
17500 0.40234375 0.8993429839723445 
17600 0.4265625 0.8993313146270099 
17700 0.43046875 0.899309714140444 
17800 0.41953125 0.8993080181590922 
17900 0.42734375 0.8993113164069046 
18000 0.440625 0.8993032071134937 
18100 0.43125 0.8992941515662118 
18200 0.4078125 0.8992873846217241 
18300 0.41953125 0.8992989624883886 
18400 0.41953125 0.8993098625754035 
18500 0.41015625 0.8993298504134911 
18600 0.41328125 0.8993266491048868 
18700 0.4109375 0.8993204741725042 
18800 0.4265625 0.8993289087016648 
18900 0.42421875 0.8993379979895244 
19000 0.4265625 0.8993381104941846 
19100 0.428125 0.8993395306528454 
19200 0.42734375 0.8993371520363522 
19300 0.415625 0.8993381576731776 
19400 0.42578125 0.8993529650533477 
19500 0.415625 0.8993550811496847 
19600 0.43203125 0.8993580126651701 
19700 0.41953125 0.8993495333358713 
19800 0.40859375 0.8993532918160699 
19900 0.43203125 0.8993507314330939 
20000 0.415625 0.8993654223538823 
20100 0.41875 0.8993575024252525 
20200 0.421875 0.8993427382926588 
20300 0.41015625 0.8993342384611596 
20400 0.4 0.8993365827655507 
20500 0.4328125 0.899334331252134 
20600 0.40703125 0.8993307742949371 
20700 0.43359375 0.899315627868219 
20800 0.4078125 0.8993099039709629 
20900 0.43125 0.8993033003803645 
21000 0.40703125 0.8992992893195562 
21100 0.40859375 0.8993064605942847 
21200 0.4234375 0.8993000403872459 
21300 0.40546875 0.8993069940965213 
21400 0.42734375 0.8993150509906079 
21500 0.42421875 0.8993065729500953 
21600 0.42109375 0.8992888060737929 
21700 0.40546875 0.8992896712709092 
21800 0.42734375 0.8992989140406403 
21900 0.41640625 0.8992947311195836 
22000 0.440625 0.8992926102790783 
22100 0.41875 0.8992795857653499 
22200 0.40546875 0.8992750889599568 
22300 0.41953125 0.8992776388951168 
22400 0.428125 0.8992708193830633 
22500 0.40859375 0.8992803097640105 
22600 0.40390625 0.8992925160944206 
22700 0.4296875 0.8992901950905247 
22800 0.41484375 0.8992799452326652 
22900 0.4265625 0.8992613927885246 
23000 0.39765625 0.8992533612669015 
23100 0.4234375 0.8992532790788278 
23200 0.4375 0.8992583495862247 
23300 0.4171875 0.8992441646817733 
23400 0.42421875 0.8992299674693389 
23500 0.41484375 0.8992289556827369 
23600 0.40390625 0.8992416237659421 
23700 0.40234375 0.8992409009640944 
23800 0.42421875 0.8992582375740515 
23900 0.42265625 0.8992530058888749 
24000 0.4171875 0.899248208407983 
24100 0.41875 0.8992440018049044 
24200 0.4015625 0.899250644343209 
24300 0.43984375 0.8992547567486935 
24400 0.42421875 0.8992609165607967 
24500 0.434375 0.8992637098995959 
24600 0.43046875 0.8992581284805495 
24700 0.409375 0.8992626816728068 
24800 0.4109375 0.8992706632293053 
24900 0.421875 0.8992790826673628 
25000 0.38515625 0.899296278148874 
25100 0.41953125 0.899300544550018 
25200 0.41171875 0.8992973679119877 
25300 0.40859375 0.8993159546559425 
25400 0.409375 0.8993127731191686 
25500 0.4171875 0.8993073494666876 
25600 0.42890625 0.8993081019784384 
25700 0.40390625 0.899308666248395 
25800 0.396875 0.8993206113619627 
25900 0.41484375 0.8993276683332689 
26000 0.39921875 0.8993331386292834 
26100 0.42421875 0.8993214460173939 
26200 0.4359375 0.8993182213942216 
26300 0.4328125 0.8993094369035398 
26400 0.403125 0.8993040924112723 
26500 0.421875 0.8993049200973549 
26600 0.3984375 0.8993001614131048 
26700 0.43359375 0.8992944435601663 
26800 0.41484375 0.899283550520503 
26900 0.4078125 0.8992864461358314 
27000 0.4328125 0.899282723325062 
27100 0.39609375 0.8992751362957087 
27200 0.41640625 0.8992780309087901 
27300 0.43203125 0.8992809615490275 
27400 0.43828125 0.8992672484580855 
27500 0.4140625 0.8992517317552089 
27600 0.39921875 0.8992547258251513 
27700 0.4140625 0.8992646644074221 
27800 0.41328125 0.8992739694615302 
27900 0.41015625 0.8992704674563635 
28000 0.40859375 0.8992737703564159 
28100 0.41171875 0.8992761879025657 
28200 0.403125 0.8992706929718804 
28300 0.44765625 0.8992740980884067 
28400 0.41796875 0.8992728579099327 
28500 0.41484375 0.8992620324725448 
28600 0.425 0.899259914426069 
28700 0.44140625 0.8992519587732135 
28800 0.4328125 0.8992391757230652 
28900 0.42890625 0.8992227507266185 
29000 0.42265625 0.8992304414071929 
29100 0.41328125 0.8992334080014432 
29200 0.42109375 0.8992293981798568 
29300 0.41875 0.89923266804034 
29400 0.41875 0.899231717246012 
29500 0.42734375 0.8992320970051862 
29600 0.43046875 0.8992288056146752 
29700 0.425 0.8992202756220329 
29800 0.42578125 0.8992160760125499 
29900 0.41171875 0.8992151966071369 
30000 0.43125 0.8992156511449618 
30100 0.40390625 0.8992072003421813 
30200 0.40703125 0.8992011336545147 
30300 0.42109375 0.8991995674647701 
30400 0.4125 0.8991962127068188 
30500 0.42734375 0.8991961072997606 
30600 0.4359375 0.8991896710891801 
30700 0.41640625 0.899184778183121 
30800 0.4203125 0.8991866893526185 
30900 0.4078125 0.8991731659169606 
31000 0.4578125 0.8991647194848553 
31100 0.421875 0.8991571814411112 
31200 0.41328125 0.8991604585990833 
31300 0.409375 0.8991572503674004 
31400 0.4109375 0.8991604566733543 
31500 0.42109375 0.8991604929208596 
31600 0.39609375 0.8991734834340686 
31700 0.42421875 0.8991762385255986 
31800 0.39921875 0.8991762739379264 
31900 0.43828125 0.8991767499451427 
32000 0.41796875 0.8991690445220462 
32100 0.43515625 0.8991673253948476 
32200 0.403125 0.8991672667386106 
32300 0.4203125 0.8991775844788087 
32400 0.42890625 0.8991768193882905 
32500 0.43671875 0.8991781983631273 
32600 0.421875 0.899181054645563 
32700 0.4265625 0.8991854463548515 
32800 0.4125 0.8991865244199871 
32900 0.43515625 0.8991747021367131 
33000 0.43046875 0.8991628094603193 
33100 0.4140625 0.8991531128213649 
33200 0.421875 0.8991625816993464 
33300 0.43203125 0.8991620465601634 
33400 0.43984375 0.8991593627436304 
33500 0.41640625 0.89915919021074 
33600 0.40703125 0.8991706906044463 
33700 0.40078125 0.8991855304738732 
33800 0.409375 0.8991873391319783 
33900 0.3984375 0.8991991156234329 
34000 0.425 0.8992028497323609 
34100 0.39140625 0.8992081427230872 
34200 0.40625 0.8992153007222011 
34300 0.409375 0.8992137619894464 
34400 0.40078125 0.8992238824816139 
34500 0.42265625 0.8992302306454886 
34600 0.42578125 0.8992234012384035 
34700 0.3984375 0.8992262921097375 
34800 0.4015625 0.8992282235065084 
34900 0.421875 0.8992369487980287 
35000 0.40703125 0.8992394190523127 
35100 0.421875 0.8992444793239509 
35200 0.40859375 0.8992437404122042 
35300 0.41015625 0.8992513933741254 
35400 0.425 0.8992501756659417 
35500 0.4234375 0.89924707226557 
35600 0.41953125 0.8992390268180669 
35700 0.4328125 0.8992258401375312 
35800 0.42421875 0.8992174625010475 
35900 0.41484375 0.8992128527060528 
36000 0.41484375 0.8992176215591233 
36100 0.4296875 0.8992057655951359 
36200 0.41953125 0.8991983992154913 
36300 0.42265625 0.8991958081388942 
36400 0.40390625 0.8991977383863081 
36500 0.37890625 0.8992125643817978 
36600 0.41875 0.8992123891765252 
36700 0.41640625 0.8992154292457971 
36800 0.4125 0.8992168818442433 
36900 0.41875 0.8992091169616 
37000 0.440625 0.8992107687967893 
37100 0.4109375 0.8992050627004663 
37200 0.42578125 0.8991999333015241 
37300 0.4140625 0.8992009890820621 
37400 0.42265625 0.899198195736745 
37500 0.42265625 0.8991972297405403 
37600 0.41484375 0.8992041435068217 
37700 0.425 0.8992024830243229 
37800 0.4234375 0.8991964084944842 
37900 0.39921875 0.8991898713094642 
38000 0.41015625 0.8991943057419541 
38100 0.41015625 0.8992004597976431 
38200 0.4234375 0.8991977058846627 
38300 0.41328125 0.899203594553667 
38400 0.43359375 0.8992047733131949 
38500 0.43203125 0.8991984989026259 
38600 0.40078125 0.8991935725434574 
38700 0.39765625 0.8991998349525852 
38800 0.39765625 0.8992080785611195 
38900 0.425 0.8992154162168068 
39000 0.43671875 0.8992168670354607 
39100 0.4296875 0.8992182105316999 
39200 0.41953125 0.8992140267467666 
39300 0.3984375 0.8992133231342714 
39400 0.4078125 0.8992202767696251 
39500 0.41796875 0.8992247031720716 
39600 0.409375 0.899224293578445 
39700 0.425 0.8992206391211808 
39800 0.4015625 0.8992242264641592 
39900 0.4375 0.8992278154056289 
40000 0.42421875 0.8992322848178795 
40100 0.41875 0.8992308093937808 
40200 0.42421875 0.8992314984390936 
40300 0.43046875 0.8992294894977793 
40400 0.42421875 0.8992229655515953 
40500 0.4125 0.8992203124614208 
40600 0.41640625 0.899212265399867 
40700 0.43359375 0.8992117438760718 
40800 0.4015625 0.8992207030771304 
40900 0.39765625 0.8992196859489988 
41000 0.425 0.8992317451098754 
41100 0.41171875 0.8992440687270383 
41200 0.4046875 0.8992501888607073 
41300 0.421875 0.899250718051621 
41400 0.43671875 0.8992509050204102 
41500 0.41875 0.8992579998072335 
41600 0.415625 0.8992518208696907 
41700 0.40703125 0.8992542707309177 
41800 0.434375 0.899256690180857 
41900 0.425 0.8992552944738789 
42000 0.40625 0.8992589276148187 
42100 0.428125 0.8992629331844849 
42200 0.4359375 0.8992567378438899 
42300 0.3984375 0.8992505902638236 
42400 0.4109375 0.8992530394330323 
42500 0.4140625 0.8992559733888614 
42600 0.4203125 0.8992588568930306 
42700 0.4265625 0.8992597326467764 
42800 0.4171875 0.8992525181946683 
42900 0.42578125 0.8992562819048507 
43000 0.42109375 0.8992567941733913 
43100 0.41640625 0.8992584278787035 
43200 0.4234375 0.8992545383787413 
43300 0.40546875 0.8992606442403178 
43400 0.43515625 0.899263607837377 
43500 0.4 0.8992637561492839 
43600 0.41875 0.8992702288938327 
43700 0.4109375 0.899264479788792 
43800 0.43203125 0.8992564382091733 
43900 0.4296875 0.8992504085897816 
44000 0.39921875 0.8992488096861435 
44100 0.39921875 0.899253382859799 
44200 0.41640625 0.899253251481867 
44300 0.3921875 0.8992534910329338 
44400 0.42421875 0.8992531488592599 
44500 0.40625 0.8992440654423496 
44600 0.4078125 0.8992498416515324 
44700 0.41328125 0.8992487234625623 
44800 0.40703125 0.8992465814100131 
44900 0.40234375 0.8992493381272132 
45000 0.42890625 0.8992513360814204 
45100 0.428125 0.8992439711702623 
45200 0.42890625 0.899239127729475 
45300 0.41484375 0.8992337710536191 
45400 0.4109375 0.8992318795290852 
45500 0.41328125 0.8992235919265511 
45600 0.42265625 0.8992204632299731 
45700 0.41875 0.8992190406118028 
45800 0.415625 0.8992187158850243 
45900 0.40703125 0.8992210647643842 
46000 0.421875 0.8992188518999586 
46100 0.41953125 0.8992186991605389 
46200 0.43984375 0.8992167377329495 
46300 0.390625 0.8992173326440034 
46400 0.425 0.8992187668369216 
46500 0.4171875 0.8992134241736737 
46600 0.42578125 0.8992086409089933 
46700 0.4171875 0.8992036439262543 
46800 0.434375 0.8992015061109805 
46900 0.43125 0.8992001769685082 
47000 0.403125 0.8992043054935002 
47100 0.40390625 0.8992011017547398 
47200 0.425 0.8992052935848817 
47300 0.421875 0.89921247370563 
47400 0.40546875 0.8992091246756397 
47500 0.390625 0.8992130264362855 
47600 0.41015625 0.8992173385275519 
47700 0.42109375 0.8992175052671851 
47800 0.4125 0.8992188644066024 
47900 0.4046875 0.8992242626719693 
48000 0.41328125 0.8992275063279932 
48100 0.42265625 0.8992257989698759 
48200 0.41484375 0.8992296256820398 
48300 0.40625 0.8992341967557608 
48400 0.44375 0.8992339550060949 
48500 0.4171875 0.8992368714047133 
48600 0.4125 0.8992359660809448 
48700 0.41875 0.8992439676546683 
48800 0.4046875 0.8992459170918629 
48900 0.4125 0.8992476987945032 
49000 0.409375 0.8992491862410972 
49100 0.4203125 0.8992515268273559 
49200 0.42265625 0.8992514919666267 
49300 0.4234375 0.8992488742621854 
49400 0.409375 0.8992445591941459 
49500 0.41484375 0.8992475057322075 
49600 0.42109375 0.8992492748382089 
49700 0.42734375 0.8992472642653065 
49800 0.4046875 0.8992469873847915 
49900 0.4453125 0.8992431263902527 
50000 0.42734375 0.8992384839803204 
50100 0.41953125 0.8992364486237799 
50200 0.43828125 0.8992335965668015 
50300 0.4140625 0.8992286125027336 
50400 0.4234375 0.899227042866213 
50500 0.4390625 0.8992240562068078 
50600 0.4265625 0.8992231347947669 
50700 0.4203125 0.8992210767539102 
50800 0.4296875 0.8992230406389639 
50900 0.42890625 0.8992166165694191 
51000 0.42734375 0.8992105240583518 
51100 0.4234375 0.8992104942907184 
51200 0.41796875 0.8992128297054744 
51300 0.43046875 0.8992124605270853 
51400 0.396875 0.8992189931859302 
51500 0.40859375 0.8992249240306014 
51600 0.396875 0.8992348894643515 
51700 0.40703125 0.8992415523877682 
51800 0.4 0.8992445247196 
51900 0.3890625 0.8992515799310226 
52000 0.415625 0.899258157295052 
52100 0.4171875 0.8992591013128347 
52200 0.41171875 0.8992605056656002 
52300 0.43671875 0.8992561984952486 
52400 0.409375 0.8992518779460316 
52500 0.41796875 0.8992519636530732 
52600 0.4359375 0.8992523609342028 
52700 0.403125 0.8992554398872886 
52800 0.3984375 0.8992535208850211 
52900 0.4171875 0.8992582400379955 
53000 0.42890625 0.8992585487773815 
53100 0.4 0.8992568113124046 
53200 0.41484375 0.8992581348329919 
53300 0.4015625 0.8992634841513293 
53400 0.42265625 0.8992665311745098 
53500 0.4109375 0.899266062199772 
53600 0.41328125 0.8992712501865637 
53700 0.42421875 0.8992746148814733 
53800 0.41796875 0.8992770086754893 
53900 0.43046875 0.8992774078866811 
54000 0.39375 0.8992781094331587 
54100 0.425 0.8992853355298424 
54200 0.4078125 0.8992910935683843 
54300 0.4078125 0.8992970318226183 
54400 0.421875 0.8992988840967997 
54500 0.43671875 0.8993006579007725 
54600 0.415625 0.8992982757870734 
54700 0.4109375 0.8992994300835451 
54800 0.43203125 0.899298427492199 
54900 0.40703125 0.8993022668075262 
55000 0.415625 0.8992992314912456 
55100 0.4171875 0.8992973556514401 
55200 0.41328125 0.8992967603621311 
55300 0.42109375 0.8993036546581437 
55400 0.44921875 0.8993012310247107 
55500 0.4359375 0.8993019410686294 
55600 0.4234375 0.899304166067157 
55700 0.41328125 0.899304349338432 
55800 0.42265625 0.8993012418012222 
55900 0.39296875 0.8993022681839323 
56000 0.41796875 0.8992986453366905 
56100 0.4234375 0.8992974306384913 
56200 0.4140625 0.8992994591955659 
56300 0.40546875 0.8992990521926786 
56400 0.3984375 0.8993021372626372 
56500 0.43671875 0.899298256336171 
56600 0.40625 0.89930162176905 
56700 0.3984375 0.8993125534602564 
56800 0.4046875 0.8993190178209891 
56900 0.42890625 0.8993241413815223 
57000 0.425 0.8993216264846231 
57100 0.41171875 0.8993186415299207 
57200 0.41953125 0.899318699083058 
57300 0.41171875 0.8993186882646027 
57400 0.434375 0.8993173708863957 
57500 0.41875 0.8993170770943114 
57600 0.41640625 0.8993215178555928 
57700 0.4234375 0.8993167904369075 
57800 0.42265625 0.8993149718430477 
57900 0.4109375 0.8993169915027375 
58000 0.41953125 0.899319596860399 
58100 0.42578125 0.8993259985843617 
58200 0.41953125 0.899319089233862 
58300 0.39375 0.8993188099260733 
58400 0.41484375 0.8993159631256314 
58500 0.4078125 0.8993167584742141 
58600 0.4203125 0.899323537034351 
58700 0.40859375 0.8993211758530519 
58800 0.41328125 0.8993233932033469 
58900 0.41953125 0.8993244358117859 
59000 0.409375 0.8993259648141557 
59100 0.4171875 0.8993253207433038 
59200 0.40234375 0.8993255630183612 
59300 0.41328125 0.8993226031179913 
59400 0.43515625 0.899322060024242 
59500 0.42734375 0.8993210854649502 
59600 0.42109375 0.8993234567163303 
59700 0.44140625 0.8993193293454046 
59800 0.428125 0.8993161302695607 
59900 0.4109375 0.8993154590490977 
60000 0.4375 0.8993175504366594 
60100 0.43046875 0.899314032316434 
60200 0.4203125 0.8993160023296956 
60300 0.44609375 0.899316877518615 
60400 0.409375 0.8993222509768051 
60500 0.40234375 0.8993244042453844 
60600 0.4171875 0.8993280587366546 
60700 0.4046875 0.8993323060987463 
60800 0.4375 0.899330898648871 
60900 0.43359375 0.8993278409837276 
61000 0.42890625 0.8993290069015262 
61100 0.409375 0.899332687885632 
61200 0.41015625 0.8993339697268018 
61300 0.4203125 0.8993399883362425 
61400 0.41875 0.8993398417778212 
61500 0.421875 0.8993374472569552 
61600 0.3984375 0.8993406027296634 
61700 0.3953125 0.899343152866242 
61800 0.4125 0.8993462256880956 
61900 0.415625 0.8993445178591623 
62000 0.42734375 0.8993392747697618 
62100 0.41640625 0.8993401374374004 
62200 0.42578125 0.8993403316465973 
62300 0.41484375 0.8993431711569638 
62400 0.40703125 0.8993468904745117 
62500 0.41328125 0.8993427230164317 
62600 0.42109375 0.8993401912509384 
62700 0.43359375 0.8993366084671696 
62800 0.43359375 0.8993310839994586 
62900 0.4125 0.8993292410891719 
63000 0.42421875 0.8993324510722052 
63100 0.4296875 0.899329225170758 
63200 0.4109375 0.8993283581351561 
63300 0.43359375 0.8993278640937742 
63400 0.42265625 0.8993292569320673 
63500 0.409375 0.8993266715287949 
63600 0.4125 0.8993292533725885 
63700 0.42734375 0.8993266270348974 
63800 0.42578125 0.8993279640993088 
63900 0.4265625 0.8993276342506377 
64000 0.40859375 0.899332261409978 
64100 0.421875 0.8993310361772827 
64200 0.41015625 0.8993323580434884 
64300 0.4109375 0.8993379282592806 
64400 0.4125 0.8993395385941212 
64500 0.42109375 0.8993355480922777 
64600 0.41328125 0.8993379794817418 
64700 0.4125 0.8993424439923648 
64800 0.4015625 0.8993438204078641 
64900 0.41796875 0.8993406423822438 
65000 0.440625 0.8993410077344964 
65100 0.4234375 0.899341263959079 
65200 0.40625 0.8993420106670144 
65300 0.43046875 0.8993399555519823 
65400 0.409375 0.8993395552055778 
65500 0.4109375 0.8993409213218119 
65600 0.4359375 0.8993437004580723 
65700 0.4109375 0.8993435578415854 
65800 0.42734375 0.8993401862243735 
65900 0.39921875 0.8993412585734663 
66000 0.4109375 0.8993418305215073 
66100 0.415625 0.8993398832846704 
66200 0.4234375 0.899337776714098 
66300 0.4203125 0.8993339443409601 
66400 0.415625 0.8993298176044036 
66500 0.42265625 0.8993317064780981 
66600 0.4359375 0.8993279474031921 
66700 0.425 0.899321177718475 
66800 0.41640625 0.8993186853490217 
66900 0.43359375 0.8993229968535598 
67000 0.4234375 0.899320928978672 
67100 0.4234375 0.8993190302678052 
67200 0.43671875 0.8993159630251037 
67300 0.409375 0.89931807058959 
67400 0.4375 0.8993174132245813 
67500 0.4265625 0.899315716156057 
67600 0.40859375 0.8993109846747829 
67700 0.42421875 0.8993073403642486 
67800 0.41640625 0.899303948780254 
67900 0.4203125 0.8993049048430803 
68000 0.42578125 0.8993040198857369 
68100 0.40625 0.899303424325634 
68200 0.42890625 0.8993079280362458 
68300 0.40703125 0.8993109544516186 
68400 0.40703125 0.8993108196517595 
68500 0.415625 0.8993095219412856 
68600 0.40546875 0.8993074877735019 
68700 0.40859375 0.8993087687042401 
68800 0.4109375 0.8993114653130042 
68900 0.415625 0.8993081899210461 
69000 0.42109375 0.8993027841082013 
69100 0.4515625 0.8992970773758701 
69200 0.4234375 0.8992951126970709 
69300 0.43515625 0.8992904255530223 
69400 0.42578125 0.8992841759304621 
69500 0.421875 0.8992800575711141 
69600 0.41484375 0.8992772306611974 
69700 0.41484375 0.8992777183971535 
69800 0.41953125 0.8992778129969484 
69900 0.41640625 0.899276443201814 
70000 0.4203125 0.8992743184025942 
70100 0.41953125 0.8992744954601218 
70200 0.4140625 0.8992742491203829 
70300 0.4046875 0.8992750703226128 
70400 0.41953125 0.8992737585403616 
70500 0.42734375 0.8992765284357669 
70600 0.42890625 0.899271743672186 
70700 0.42578125 0.8992703427108527 
70800 0.41484375 0.8992670036440163 
70900 0.42421875 0.8992680264559033 
71000 0.43359375 0.8992648981176321 
71100 0.43359375 0.8992636684962236 
71200 0.42109375 0.8992571865212567 
71300 0.41796875 0.8992586994747619 
71400 0.43515625 0.8992523192077142 
71500 0.421875 0.8992523050376918 
71600 0.40859375 0.8992531965335679 
71700 0.4265625 0.8992548918425126 
71800 0.40625 0.8992565933099818 
71900 0.40078125 0.899261354153628 
72000 0.4296875 0.8992617832564825 
72100 0.4265625 0.8992596756633057 
72200 0.41015625 0.8992559508351685 
72300 0.40859375 0.8992575850437753 
72400 0.3921875 0.8992645129210922 
72500 0.40625 0.8992686523289334 
72600 0.4078125 0.8992723068552775 
72700 0.4078125 0.8992791966410366 
72800 0.39296875 0.8992800150410022 
72900 0.41640625 0.8992790308089053 
73000 0.41484375 0.8992828330262599 
73100 0.40390625 0.8992856202377533 
73200 0.4140625 0.899286094537643 
73300 0.41328125 0.8992848089555395 
73400 0.4203125 0.8992854214349941 
73500 0.40859375 0.8992852882103645 
73600 0.42890625 0.8992873419688591 
73700 0.4375 0.8992840052204176 
73800 0.4140625 0.8992847107424019 
73900 0.42890625 0.8992851500656284 
74000 0.4015625 0.8992830755665464 
74100 0.403125 0.8992844015262952 
74200 0.421875 0.8992860081905905 
74300 0.44609375 0.899288188836624 
74400 0.41953125 0.8992830867528663 
74500 0.40078125 0.8992772223694984 
74600 0.43359375 0.8992744211706277 
74700 0.43828125 0.8992711882203719 
74800 0.43671875 0.8992673163627491 
74900 0.421875 0.8992667925828761 
75000 0.43984375 0.8992651347982027 
75100 0.41484375 0.8992659676635464 
75200 0.39375 0.8992689072452494 
75300 0.4171875 0.8992697121386171 
75400 0.4171875 0.8992686913137756 
75500 0.41640625 0.8992690183739288 
75600 0.41953125 0.8992692102287007 
75700 0.4625 0.8992659959082443 
75800 0.428125 0.8992619140083904 
75900 0.425 0.8992567003399164 
76000 0.42578125 0.8992549131754846 
76100 0.4 0.8992591773596931 
76200 0.43125 0.8992590730436608 
76300 0.428125 0.8992573205134926 
76400 0.40078125 0.8992522390086517 
76500 0.43125 0.8992533900700644 
76600 0.40859375 0.8992513866496521 
76700 0.43046875 0.8992454364186908 
76800 0.41484375 0.899247212357261 
76900 0.39765625 0.8992499691161363 
77000 0.415625 0.8992500401780497 
77100 0.43828125 0.8992464936414573 
77200 0.41953125 0.8992429461729771 
77300 0.4234375 0.8992408733392842 
77400 0.44921875 0.8992379882850351 
77500 0.41171875 0.8992355239771099 
77600 0.42578125 0.899234535879048 
77700 0.434375 0.8992338217976603 
77800 0.4234375 0.899235549671598 
77900 0.43125 0.8992354879911683 
78000 0.42265625 0.8992355266278638 
78100 0.42421875 0.8992320340808696 
78200 0.41171875 0.8992347544308896 
78300 0.44296875 0.8992334169582764 
78400 0.4046875 0.899231714200074 
78500 0.421875 0.8992348226455714 
78600 0.4296875 0.8992331124922075 
78700 0.42421875 0.899229887882619 
78800 0.4328125 0.8992317376207155 
78900 0.43203125 0.8992322954556976 
79000 0.42890625 0.8992293016860546 
79100 0.41875 0.8992278562375949 
79200 0.434375 0.8992301233570283 
79300 0.3953125 0.899227823419629 
79400 0.4375 0.899229602744298 
79500 0.4234375 0.8992276335360562 
79600 0.40390625 0.8992266899913318 
79700 0.42578125 0.8992234060739513 
79800 0.43046875 0.8992177807922207 
79900 0.4140625 0.8992158753488693 
80000 0.42578125 0.8992125391401358 
80100 0.4125 0.8992140293972609 
80200 0.42265625 0.8992131683208439 
80300 0.425 0.8992115116094445 
80400 0.43359375 0.8992084792166765 
80500 0.4359375 0.8992075991292033 
80600 0.4328125 0.8992064304413097 
80700 0.4328125 0.899206145602285 
80800 0.421875 0.8992065576230492 
80900 0.44296875 0.8992035211245843 
81000 0.4203125 0.89920054999321 
81100 0.4265625 0.8991963627914575 
81200 0.42421875 0.8991954955911873 
81300 0.41171875 0.899198397390561 
81400 0.403125 0.8991990846242676 
81500 0.42578125 0.8992019653133091 
81600 0.41796875 0.8992010284800431 
81700 0.39765625 0.899201184043035 
81800 0.4140625 0.899199935285021 
81900 0.4140625 0.8991975544407272 
82000 0.4359375 0.8991948173650322 
82100 0.4125 0.8991958456657044 
82200 0.4078125 0.8991964817946254 
82300 0.4171875 0.8991992522113947 
82400 0.43671875 0.8992004610077547 
82500 0.43515625 0.8992008524896667 
82600 0.39921875 0.8992013659792254 
82700 0.43359375 0.899198212914596 
82800 0.4171875 0.8991925765540272 
82900 0.42421875 0.8991935316672899 
83000 0.43515625 0.8991915948301827 
83100 0.4140625 0.8991926898442859 
83200 0.4203125 0.8991931624920374 
83300 0.4125 0.8991932963739931 
83400 0.43984375 0.8991953315158092 
83500 0.42734375 0.8991973804954432 
83600 0.4296875 0.8991967892878076 
83700 0.4109375 0.8991946220773945 
83800 0.39921875 0.8991974849643799 
83900 0.43125 0.8991966350222286 
84000 0.415625 0.8991997119081916 
84100 0.4078125 0.8991945324669148 
84200 0.41640625 0.8991911838933029 
84300 0.409375 0.899193329557182 
84400 0.4265625 0.8991921563429344 
84500 0.39296875 0.8991922525325144 
84600 0.40703125 0.8991971873854919 
84700 0.4125 0.8992016032868562 
84800 0.40625 0.8992076486421151 
84900 0.40625 0.8992104498916385 
85000 0.4125 0.8992120680933166 
85100 0.41953125 0.8992130765942821 
85200 0.4375 0.8992110659646013 
85300 0.409375 0.8992091974302763 
85400 0.43671875 0.89920675694664 
85500 0.4375 0.8992060308505163 
85600 0.40390625 0.8992097785072605 
85700 0.42265625 0.8992099257155692 
85800 0.43203125 0.8992084973514295 
85900 0.4234375 0.8992068085645103 
86000 0.40625 0.899201362847525 
86100 0.4296875 0.8991988151995912 
86200 0.409375 0.8992004696871266 
86300 0.41171875 0.8992029803391618 
86400 0.40078125 0.8992067691635514 
86500 0.40234375 0.8992126084525034 
86600 0.40390625 0.8992116773334026 
86700 0.4125 0.8992106582536533 
86800 0.40703125 0.8992125576750268 
86900 0.41796875 0.8992150910231183 
87000 0.4296875 0.8992161728026115 
87100 0.4203125 0.8992182387400833 
87200 0.41796875 0.8992183020406876 
87300 0.4125 0.8992195911988408 
87400 0.421875 0.8992192058729305 
87500 0.42421875 0.8992197410601022 
87600 0.41796875 0.8992173052390955 
87700 0.4078125 0.8992149462377852 
87800 0.40546875 0.8992166055910525 
87900 0.41953125 0.8992194965785372 
88000 0.41875 0.8992213866887876 
88100 0.41953125 0.8992252322618358 
88200 0.42265625 0.8992253754917745 
88300 0.415625 0.8992238373574478 
88400 0.41953125 0.8992184230099207 
88500 0.4046875 0.899219217861945 
88600 0.4234375 0.8992230794516992 
88700 0.4203125 0.899223532570095 
88800 0.4171875 0.8992227001948176 
88900 0.4296875 0.8992204987851655 
89000 0.43359375 0.8992189694497814 
89100 0.41484375 0.8992193462334879 
89200 0.434375 0.899217383703658 
89300 0.40390625 0.8992174114791548 
89400 0.41640625 0.8992176926152952 
89500 0.425 0.8992174843018513 
89600 0.4046875 0.8992178955173491 
89700 0.43984375 0.899218061950257 
89800 0.41640625 0.8992152874828788 
89900 0.409375 0.8992150306309162 
90000 0.41484375 0.8992179861195987 
90100 0.42421875 0.8992209003645909 
90200 0.42890625 0.8992195208478841 
90300 0.39765625 0.8992220462674831 
90400 0.41328125 0.8992231055934116 
90500 0.415625 0.8992240071932907 
90600 0.4171875 0.8992230873555479 
90700 0.40546875 0.8992252359400668 
90800 0.4109375 0.8992288940925761 
90900 0.415625 0.8992311604795327 
91000 0.4109375 0.8992331214080065 
91100 0.43125 0.8992362528951383 
91200 0.40390625 0.8992362508360654 
91300 0.4203125 0.8992333052211915 
91400 0.44375 0.899231331919235 
91500 0.40859375 0.899230054521262 
91600 0.41640625 0.8992297607285946 
91700 0.44296875 0.899227772188962 
91800 0.4140625 0.8992259666969858 
91900 0.42265625 0.8992275570314795 
92000 0.4109375 0.899225551896175 
92100 0.40859375 0.8992244926765182 
92200 0.4140625 0.8992260201217991 
92300 0.42265625 0.8992305744249791 
92400 0.4 0.8992336561563187 
92500 0.43046875 0.8992316468200344 
92600 0.42421875 0.8992303926928434 
92700 0.41015625 0.8992278181330299 
92800 0.42265625 0.8992272779926941 
92900 0.4328125 0.8992257887428553 
93000 0.43359375 0.8992244791050634 
93100 0.41953125 0.8992258239707415 
93200 0.4328125 0.8992261265302948 
93300 0.40859375 0.8992262107319321 
93400 0.425 0.8992292390472265 
93500 0.428125 0.8992286847199495 
93600 0.42890625 0.8992244924600165 
93700 0.434375 0.8992239610569791 
93800 0.40859375 0.8992252298083176 
93900 0.415625 0.8992263627384159 
94000 0.41015625 0.8992266870831161 
94100 0.41484375 0.8992262884427371 
94200 0.42734375 0.899225973583083 
94300 0.42578125 0.8992260570540079 
94400 0.41640625 0.8992262065550153 
94500 0.428125 0.8992278768875461 
94600 0.42265625 0.899223292103149 
94700 0.42421875 0.8992224210937583 
94800 0.425 0.8992208844052277 
94900 0.4140625 0.8992188899484727 
95000 0.41953125 0.8992181414537742 
95100 0.43359375 0.8992183556823797 
95200 0.43984375 0.8992188320632136 
95300 0.4078125 0.8992216028032235 
95400 0.40859375 0.8992239664678567 
95500 0.4296875 0.8992235110758002 
95600 0.4296875 0.899222958572609 
95700 0.41640625 0.8992226929446924 
95800 0.43203125 0.8992200384781996 
95900 0.4171875 0.8992172917904923 
96000 0.41640625 0.8992169677920022 
96100 0.4109375 0.8992196198530712 
96200 0.4234375 0.8992207802543632 
96300 0.42890625 0.8992202264903791 
96400 0.409375 0.8992196900836091 
96500 0.44453125 0.8992157302774064 
96600 0.43125 0.8992139299153218 
96700 0.40859375 0.8992126907296719 
96800 0.45234375 0.899211962557205 
96900 0.41796875 0.8992085914361049 
97000 0.403125 0.8992094153668518 
97100 0.403125 0.8992083709874255 
97200 0.43359375 0.8992040173197806 
97300 0.4390625 0.8992004434050009 
97400 0.428125 0.8992002616759581 
97500 0.40703125 0.8992030370201332 
97600 0.42421875 0.8992030451148042 
97700 0.42109375 0.8992016618304828 
97800 0.4296875 0.8992004251618082 
97900 0.421875 0.8991972758194503 
98000 0.40234375 0.8991986848348487 
98100 0.40625 0.8992033879624061 
98200 0.4015625 0.8992081212894981 
98300 0.403125 0.8992113429034293 
98400 0.415625 0.8992114298254082 
98500 0.42421875 0.8992105489411275 
98600 0.4046875 0.8992084734181195 
98700 0.4109375 0.8992074310923901 
98800 0.40390625 0.8992072053293995 
98900 0.4078125 0.8992078726453726 
99000 0.4125 0.8992099669447783 
99100 0.43671875 0.899209550105448 
99200 0.4 0.8992097247633593 
99300 0.42109375 0.8992101980342595 
99400 0.43203125 0.8992113462766974 
99500 0.43203125 0.8992132145656827 
99600 0.4203125 0.8992127416516903 
99700 0.4234375 0.8992133588805529 
99800 0.41328125 0.8992137478582379 
99900 0.40859375 0.8992150432052732 
