0 0.4836309523809524 0.9040178571428571 
100 0.4174107142857143 0.8993694012258369 
200 0.3869047619047619 0.9044657664060649 
300 0.37202380952380953 0.905859436797975 
400 0.38244047619047616 0.9073447334045838 
500 0.37648809523809523 0.9081776922345784 
600 0.36681547619047616 0.90904296410744 
700 0.36607142857142855 0.9096592452958359 
800 0.38244047619047616 0.9101374398073836 
900 0.3861607142857143 0.9104013067491148 
1000 0.36755952380952384 0.9104927810284953 
1100 0.37723214285714285 0.910671034989836 
1200 0.36755952380952384 0.9108301365925221 
1300 0.375 0.9107560347351854 
1400 0.3757440476190476 0.9107732359539105 
1500 0.375 0.9108154087751024 
1600 0.36904761904761907 0.9111316216055442 
1700 0.36532738095238093 0.911237437361776 
1800 0.38318452380952384 0.9113224134739959 
1900 0.38467261904761907 0.9113937526615065 
2000 0.37202380952380953 0.911560960591133 
2100 0.3787202380952381 0.9116984400852202 
2200 0.37723214285714285 0.9117335058739534 
2300 0.37723214285714285 0.9117257507088016 
2400 0.38095238095238093 0.9115094653021558 
2500 0.36532738095238093 0.9116088683574189 
2600 0.3705357142857143 0.9116136650738726 
2700 0.375 0.9116051594647485 
2800 0.375 0.9117290168477244 
2900 0.3705357142857143 0.9116919863429688 
3000 0.38839285714285715 0.9116891591691658 
3100 0.36755952380952384 0.9117640142964635 
3200 0.3898809523809524 0.9118332626708915 
3300 0.40922619047619047 0.9117930533316022 
3400 0.3630952380952381 0.9117436135730388 
3500 0.375 0.9118391769018376 
3600 0.38467261904761907 0.9118166167466709 
3700 0.3802083333333333 0.9117757748870962 
3800 0.38392857142857145 0.9117408012928928 
3900 0.37202380952380953 0.9117396638224631 
4000 0.3757440476190476 0.9117696394353793 
4100 0.37202380952380953 0.9118061361340439 
4200 0.38169642857142855 0.9117831567880663 
4300 0.38318452380952384 0.9117420436554068 
4400 0.38392857142857145 0.9117127736120578 
4500 0.38169642857142855 0.9116656285375737 
4600 0.37351190476190477 0.911623605375643 
4700 0.375 0.9116219889891715 
4800 0.37648809523809523 0.9116548449727735 
4900 0.40401785714285715 0.9116886374015021 
5000 0.3787202380952381 0.9117170613496348 
5100 0.38913690476190477 0.9116908390978427 
5200 0.38764880952380953 0.9116950952655625 
5300 0.4010416666666667 0.9117028402098436 
5400 0.4025297619047619 0.9116276417065623 
5500 0.38095238095238093 0.9115884503683312 
5600 0.3794642857142857 0.9116311606770899 
5700 0.3638392857142857 0.9116406582805021 
5800 0.3697916666666667 0.9116670155391927 
5900 0.39285714285714285 0.9116474659258721 
6000 0.38095238095238093 0.9116960169336856 
6100 0.39806547619047616 0.9116707789901733 
6200 0.39657738095238093 0.9116612335951959 
6300 0.38913690476190477 0.91166061131642 
6400 0.37648809523809523 0.9116254854152253 
6500 0.3943452380952381 0.9116392807699915 
6600 0.3757440476190476 0.9116412736886907 
6700 0.38467261904761907 0.9116624162349614 
6800 0.36755952380952384 0.9116585402356796 
6900 0.36532738095238093 0.9116865826898793 
7000 0.36532738095238093 0.9117205195176199 
7100 0.3861607142857143 0.9117391455596462 
7200 0.37648809523809523 0.9117391723041112 
7300 0.36086309523809523 0.9117595803901618 
7400 0.3943452380952381 0.9117867759183121 
7500 0.36904761904761907 0.9117565078624438 
7600 0.38169642857142855 0.9117723584302817 
7700 0.359375 0.9117573629893458 
7800 0.38839285714285715 0.9117593478552811 
7900 0.3898809523809524 0.9117441432971113 
8000 0.3787202380952381 0.9117295977883717 
8100 0.3913690476190476 0.9117231264805639 
8200 0.3898809523809524 0.9116942221041568 
8300 0.390625 0.911701329730784 
8400 0.375 0.9116855065440055 
8500 0.3869047619047619 0.9116773201752175 
8600 0.38839285714285715 0.9116394792133805 
8700 0.3913690476190476 0.9116626236174277 
8800 0.37797619047619047 0.911646184010475 
8900 0.38392857142857145 0.9116513460231863 
9000 0.3913690476190476 0.9116439939213103 
9100 0.3802083333333333 0.9116365581228646 
9200 0.3913690476190476 0.9116297691503511 
9300 0.3794642857142857 0.9116326457472571 
9400 0.37202380952380953 0.9116561972890422 
9500 0.3869047619047619 0.9116921746332466 
9600 0.37202380952380953 0.9117323623283289 
9700 0.3489583333333333 0.9117836863897193 
9800 0.38392857142857145 0.9117837829959042 
9900 0.37351190476190477 0.9117903404418024 
10000 0.3854166666666667 0.9117882854571686 
10100 0.38244047619047616 0.9117856818749676 
10200 0.3943452380952381 0.9117647487874672 
10300 0.39955357142857145 0.9117515174208699 
10400 0.3742559523809524 0.9117441918359498 
10500 0.3943452380952381 0.9117398399698895 
10600 0.39211309523809523 0.9117536081501745 
10700 0.3794642857142857 0.9117535605261635 
10800 0.3854166666666667 0.9117469006397115 
10900 0.39732142857142855 0.9117121053769641 
11000 0.3802083333333333 0.9117108807208003 
11100 0.3630952380952381 0.9117234183106627 
11200 0.39285714285714285 0.9117406476249995 
11300 0.3757440476190476 0.911743679973538 
11400 0.3757440476190476 0.9117467243892557 
11500 0.37648809523809523 0.9117490689215431 
11600 0.38095238095238093 0.9117602238723262 
11700 0.3586309523809524 0.9117793910573374 
11800 0.3861607142857143 0.91177875109454 
11900 0.38169642857142855 0.911783248506528 
12000 0.38467261904761907 0.9117652894004865 
12100 0.3742559523809524 0.9117574034613433 
12200 0.3861607142857143 0.911769649052966 
12300 0.3869047619047619 0.9117686908923394 
12400 0.3742559523809524 0.9117672081936556 
12500 0.3705357142857143 0.9117849143497092 
12600 0.3638392857142857 0.9117852159314642 
12700 0.37351190476190477 0.9117886761822279 
12800 0.3869047619047619 0.9117894086585497 
12900 0.3705357142857143 0.9118002226663862 
13000 0.37648809523809523 0.9117990237014735 
13100 0.38244047619047616 0.9118001715608769 
13200 0.38318452380952384 0.9117985402440653 
13300 0.38318452380952384 0.9118042055556153 
13400 0.3869047619047619 0.9117909644269617 
13500 0.3742559523809524 0.9117793523231084 
13600 0.38839285714285715 0.9117776485272442 
13700 0.39360119047619047 0.9117692356484233 
13800 0.375 0.9117484369662654 
13900 0.38764880952380953 0.911760748198999 
14000 0.3705357142857143 0.9117592259566494 
14100 0.41517857142857145 0.911751604496135 
14200 0.3712797619047619 0.9117421517934686 
14300 0.38839285714285715 0.9117313224849412 
14400 0.40029761904761907 0.9117304601862966 
14500 0.38839285714285715 0.9117137549627119 
14600 0.390625 0.9117103239830279 
14700 0.39285714285714285 0.9116942866698411 
14800 0.37351190476190477 0.9116914860160671 
14900 0.37202380952380953 0.9117149875687474 
15000 0.39360119047619047 0.9117161038470452 
15100 0.38764880952380953 0.9117329229221653 
15200 0.38467261904761907 0.9117431575616892 
15300 0.38392857142857145 0.9117532584238192 
15400 0.38839285714285715 0.9117505221522412 
15500 0.39211309523809523 0.911724205197207 
15600 0.37797619047619047 0.9117281286913842 
15700 0.39657738095238093 0.9117341346926644 
15800 0.37648809523809523 0.9117563573432664 
15900 0.38095238095238093 0.9117440951602325 
16000 0.38913690476190477 0.911743890262811 
16100 0.3794642857142857 0.9117507582344782 
16200 0.38839285714285715 0.9117657621810529 
16300 0.3869047619047619 0.9117727312230334 
16400 0.39360119047619047 0.9117652796287102 
16500 0.37351190476190477 0.9117538150645993 
16600 0.38244047619047616 0.9117449536889631 
16700 0.37723214285714285 0.9117530387401952 
16800 0.3854166666666667 0.9117676704334493 
16900 0.37723214285714285 0.911770198508964 
17000 0.37723214285714285 0.9117821063046712 
17100 0.37648809523809523 0.9117780810645993 
17200 0.3861607142857143 0.9117719398235429 
17300 0.38318452380952384 0.9117681919019269 
17400 0.38764880952380953 0.9117611091042934 
17500 0.390625 0.9117448390704205 
17600 0.37202380952380953 0.911743464927588 
17700 0.37202380952380953 0.9117433253031171 
17800 0.38095238095238093 0.911749916738225 
17900 0.38244047619047616 0.9117442145424172 
18000 0.3958333333333333 0.911745974429992 
18100 0.35639880952380953 0.91175338740822 
18200 0.35639880952380953 0.9117568762574532 
18300 0.3794642857142857 0.9117511793526766 
18400 0.3757440476190476 0.911752418346829 
18500 0.38392857142857145 0.9117494614190739 
18600 0.4010416666666667 0.9117388562058876 
18700 0.3861607142857143 0.9117449553881763 
18800 0.3742559523809524 0.9117436683332447 
18900 0.37797619047619047 0.9117360570491357 
19000 0.38467261904761907 0.9117396468481609 
19100 0.38839285714285715 0.911739849072973 
19200 0.3697916666666667 0.9117557043779961 
19300 0.3794642857142857 0.9117649961388627 
19400 0.4017857142857143 0.911764604365018 
19500 0.38318452380952384 0.9117585316137634 
19600 0.37648809523809523 0.9117520273504024 
19700 0.38764880952380953 0.911770326500226 
19800 0.38392857142857145 0.9117819025494143 
19900 0.3586309523809524 0.9117876793700245 
20000 0.40848214285714285 0.9117858095190479 
20100 0.3712797619047619 0.9117872526479375 
20200 0.3757440476190476 0.9117917753953717 
20300 0.3742559523809524 0.9118046099652609 
20400 0.38467261904761907 0.9118231176226189 
20500 0.39360119047619047 0.9118258386350492 
20600 0.36755952380952384 0.9118360094632484 
20700 0.38467261904761907 0.9118328910956682 
20800 0.38318452380952384 0.9118316985103738 
20900 0.3712797619047619 0.9118357503400384 
21000 0.36830357142857145 0.9118451488137753 
21100 0.36532738095238093 0.9118647544914369 
21200 0.38318452380952384 0.9118698564870031 
21300 0.3861607142857143 0.9118627548784877 
21400 0.36904761904761907 0.9118692439828134 
21500 0.375 0.911872904305669 
21600 0.40625 0.9118572415077785 
21700 0.38764880952380953 0.9118522146774013 
21800 0.37797619047619047 0.9118520461599621 
21900 0.36904761904761907 0.9118467831975492 
22000 0.375 0.9118538781245874 
22100 0.38839285714285715 0.9118419550074226 
22200 0.3787202380952381 0.9118444498424567 
22300 0.38764880952380953 0.91184321891395 
22400 0.3950892857142857 0.9118468151400554 
22500 0.3541666666666667 0.9118501809972467 
22600 0.37202380952380953 0.9118644468428494 
22700 0.38169642857142855 0.9118650505222132 
22800 0.3913690476190476 0.9118681289563323 
22900 0.3958333333333333 0.9118615960313649 
23000 0.38318452380952384 0.9118588076398335 
23100 0.38913690476190477 0.9118527903347825 
23200 0.39732142857142855 0.9118469211097223 
23300 0.4017857142857143 0.9118366317815912 
23400 0.36755952380952384 0.9118324397512519 
23500 0.36532738095238093 0.9118417706642675 
23600 0.39880952380952384 0.9118370249141986 
23700 0.38913690476190477 0.9118324447833224 
23800 0.3697916666666667 0.9118320296166027 
23900 0.36607142857142855 0.9118512612044525 
24000 0.38169642857142855 0.9118573122449263 
24100 0.375 0.9118459938433695 
24200 0.38467261904761907 0.9118359680139152 
24300 0.38318452380952384 0.9118212789107248 
24400 0.38467261904761907 0.9118188462221494 
24500 0.36904761904761907 0.9118165548636499 
24600 0.3794642857142857 0.9118173368388045 
24700 0.3794642857142857 0.911819166758238 
24800 0.38095238095238093 0.9118164818142893 
24900 0.3898809523809524 0.9118218562172872 
25000 0.38095238095238093 0.9118174261124793 
25100 0.38244047619047616 0.9118124977471965 
25200 0.3869047619047619 0.9118108561924035 
25300 0.375 0.9118135211576429 
25400 0.36904761904761907 0.9118095158420835 
25500 0.4017857142857143 0.9118067382044776 
25600 0.38913690476190477 0.9118010178173843 
25700 0.3802083333333333 0.9117993660150336 
25800 0.3638392857142857 0.9118069839947142 
25900 0.3898809523809524 0.911809142550113 
26000 0.3861607142857143 0.9117992943494847 
26100 0.38764880952380953 0.9117973608929415 
26200 0.37276785714285715 0.911796237330091 
26300 0.3854166666666667 0.911794811124328 
26400 0.38318452380952384 0.9117966930816113 
26500 0.36532738095238093 0.9118030249532363 
26600 0.38318452380952384 0.9118079386560834 
26700 0.38244047619047616 0.911799384185718 
26800 0.3586309523809524 0.9117931977929039 
26900 0.35714285714285715 0.9118005825150773 
27000 0.37351190476190477 0.9118019879334275 
27100 0.375 0.9118030260700273 
27200 0.37723214285714285 0.9118069834179766 
27300 0.3645833333333333 0.9118173435998332 
27400 0.38392857142857145 0.9118223331265283 
27500 0.38392857142857145 0.9118228222436933 
27600 0.39880952380952384 0.9118132527548174 
27700 0.375 0.9118106016458062 
27800 0.3705357142857143 0.9118153562907124 
27900 0.3549107142857143 0.9118223169164443 
28000 0.38839285714285715 0.9118307424394707 
28100 0.38839285714285715 0.9118259221413914 
28200 0.36904761904761907 0.9118185240391679 
28300 0.36755952380952384 0.9118195911805237 
28400 0.38392857142857145 0.9118218559121828 
28500 0.3757440476190476 0.9118223295423218 
28600 0.3705357142857143 0.9118170766173677 
28700 0.39732142857142855 0.9118063643875026 
28800 0.38095238095238093 0.9118076360609172 
28900 0.36755952380952384 0.9118120655324169 
29000 0.37276785714285715 0.9118144632943692 
29100 0.390625 0.9118167934418879 
29200 0.38169642857142855 0.911818368703942 
29300 0.38095238095238093 0.9118161242262169 
29400 0.3705357142857143 0.9118190323134457 
29500 0.38839285714285715 0.911818667163825 
29600 0.3742559523809524 0.9118197623632406 
29700 0.3854166666666667 0.9118174432157968 
29800 0.36830357142857145 0.9118292211351169 
29900 0.38318452380952384 0.9118296479573067 
30000 0.39360119047619047 0.9118233013264637 
30100 0.37797619047619047 0.9118182822197016 
30200 0.37276785714285715 0.9118212293112338 
30300 0.36532738095238093 0.9118234202941597 
30400 0.38169642857142855 0.9118303449056344 
30500 0.35714285714285715 0.9118226607714657 
30600 0.38244047619047616 0.9118265276111425 
30700 0.37723214285714285 0.9118295452606632 
30800 0.38764880952380953 0.9118356836744632 
30900 0.37797619047619047 0.911837737182184 
31000 0.38095238095238093 0.9118418175066549 
31100 0.38839285714285715 0.911843120378919 
31200 0.3861607142857143 0.9118541205944254 
31300 0.3898809523809524 0.9118486487195754 
31400 0.37797619047619047 0.9118513153963856 
31500 0.36681547619047616 0.9118474696948397 
31600 0.3854166666666667 0.9118439073281286 
31700 0.3802083333333333 0.9118448503577324 
31800 0.36755952380952384 0.9118384174052628 
31900 0.3697916666666667 0.9118525262680226 
32000 0.3601190476190476 0.911855223832291 
32100 0.39211309523809523 0.9118513219436867 
32200 0.37723214285714285 0.9118564557666798 
32300 0.38392857142857145 0.9118521365621881 
32400 0.3950892857142857 0.9118425853258497 
32500 0.3794642857142857 0.911832680789309 
32600 0.3802083333333333 0.9118334268157127 
32700 0.3869047619047619 0.911833872489701 
32800 0.3802083333333333 0.911834723752615 
32900 0.3943452380952381 0.9118279034433748 
33000 0.38392857142857145 0.9118245514926676 
33100 0.36235119047619047 0.9118281205718142 
33200 0.3794642857142857 0.9118266930428085 
33300 0.36607142857142855 0.9118222577686069 
33400 0.36904761904761907 0.9118311033958207 
33500 0.3712797619047619 0.9118364314995572 
33600 0.3638392857142857 0.9118392478044163 
33700 0.38764880952380953 0.9118420915516142 
33800 0.38318452380952384 0.9118523587284681 
33900 0.3854166666666667 0.9118496381620994 
34000 0.37276785714285715 0.9118513321036776 
34100 0.3601190476190476 0.9118608272903601 
34200 0.36681547619047616 0.9118665903322236 
34300 0.38318452380952384 0.9118657471807708 
34400 0.39211309523809523 0.9118516505610994 
34500 0.3802083333333333 0.9118466933670659 
34600 0.3913690476190476 0.911842753994173 
34700 0.3869047619047619 0.9118341844821269 
34800 0.3742559523809524 0.9118345369454354 
34900 0.36830357142857145 0.9118362091548748 
35000 0.36904761904761907 0.9118374891669762 
35100 0.3861607142857143 0.9118359850350214 
35200 0.40922619047619047 0.9118264784820778 
35300 0.37202380952380953 0.9118207353831875 
35400 0.38095238095238093 0.911828959465767 
35500 0.3705357142857143 0.9118283346478503 
35600 0.37723214285714285 0.9118198759799417 
35700 0.39880952380952384 0.9118158204852205 
35800 0.3697916666666667 0.9118220543852859 
35900 0.39880952380952384 0.9118165232166235 
36000 0.390625 0.911815218261133 
36100 0.38839285714285715 0.9118117564676351 
36200 0.3787202380952381 0.9118108624005388 
36300 0.4010416666666667 0.9118023075253076 
36400 0.3697916666666667 0.9117986235660716 
36500 0.38095238095238093 0.9117973243720655 
36600 0.38169642857142855 0.911798004152892 
36700 0.3958333333333333 0.9117976057483836 
36800 0.37648809523809523 0.9117941161342665 
36900 0.3742559523809524 0.91179907371203 
37000 0.38467261904761907 0.9117914565693849 
37100 0.37276785714285715 0.9117896361733286 
37200 0.39211309523809523 0.9117889656064033 
37300 0.390625 0.9117888172601015 
37400 0.37797619047619047 0.9117874959734971 
37500 0.3794642857142857 0.9117847730409728 
37600 0.3854166666666667 0.9117804815538088 
37700 0.39285714285714285 0.9117728972706294 
37800 0.38839285714285715 0.9117658845633966 
37900 0.3943452380952381 0.9117638755919243 
38000 0.3638392857142857 0.9117694741115835 
38100 0.39360119047619047 0.9117796323931006 
38200 0.40773809523809523 0.9117821998239887 
38300 0.38318452380952384 0.9117784791457639 
38400 0.38095238095238093 0.9117776067029505 
38500 0.39732142857142855 0.9117801593897994 
38600 0.40029761904761907 0.9117802316063858 
38700 0.37202380952380953 0.9117798228112722 
38800 0.37202380952380953 0.9117930502527549 
38900 0.39657738095238093 0.911795326598288 
39000 0.36532738095238093 0.9117965038442237 
39100 0.3705357142857143 0.911801766274398 
39200 0.36755952380952384 0.9118069449151565 
39300 0.3943452380952381 0.9118074588554029 
39400 0.3787202380952381 0.9118045144188992 
39500 0.36160714285714285 0.911810701597669 
39600 0.36681547619047616 0.9118118409708269 
39700 0.3802083333333333 0.9118185407648361 
39800 0.36681547619047616 0.9118186639244528 
39900 0.37797619047619047 0.9118196815391905 
40000 0.38839285714285715 0.9118216985051564 
40100 0.36607142857142855 0.911826210247696 
40200 0.38467261904761907 0.9118302923642032 
40300 0.38764880952380953 0.9118278001195764 
40400 0.3861607142857143 0.9118258174597281 
40500 0.37276785714285715 0.9118258654107306 
40600 0.36235119047619047 0.9118264262491775 
40700 0.3802083333333333 0.9118285564821738 
40800 0.40029761904761907 0.9118246036803487 
40900 0.36532738095238093 0.9118179778757302 
41000 0.3861607142857143 0.9118198046272972 
41100 0.38764880952380953 0.9118266913040003 
41200 0.3913690476190476 0.9118268807911505 
41300 0.38913690476190477 0.9118249976075755 
41400 0.3556547619047619 0.9118267897543307 
41500 0.3794642857142857 0.9118349019989191 
41600 0.38764880952380953 0.9118362861297977 
41700 0.38244047619047616 0.9118343449283505 
41800 0.375 0.9118306508388384 
41900 0.3869047619047619 0.9118326034382632 
42000 0.3787202380952381 0.9118344935948237 
42100 0.3898809523809524 0.911839096401963 
42200 0.39806547619047616 0.9118393754210293 
42300 0.37723214285714285 0.9118317730865306 
42400 0.37723214285714285 0.9118280671446428 
42500 0.37648809523809523 0.9118295780995629 
42600 0.37351190476190477 0.9118334921994901 
42700 0.3854166666666667 0.91183064464867 
42800 0.3869047619047619 0.911833095104587 
42900 0.4069940476190476 0.911826220750765 
43000 0.3757440476190476 0.9118215066427027 
43100 0.37797619047619047 0.911815864950653 
43200 0.3630952380952381 0.911815967388321 
43300 0.37351190476190477 0.9118151586458467 
43400 0.38095238095238093 0.9118191023961484 
43500 0.38764880952380953 0.9118148180227931 
43600 0.36607142857142855 0.9118159287521802 
43700 0.3742559523809524 0.9118157063802615 
43800 0.39657738095238093 0.9118110344295248 
43900 0.3556547619047619 0.9118147053814806 
44000 0.3757440476190476 0.9118166855785745 
44100 0.3869047619047619 0.9118116045311574 
44200 0.390625 0.9118127579531168 
44300 0.37723214285714285 0.9118062475210169 
44400 0.3705357142857143 0.9118072234805952 
44500 0.3787202380952381 0.9118120907662857 
44600 0.36235119047619047 0.9118118648044407 
44700 0.37202380952380953 0.9118142531167408 
44800 0.3861607142857143 0.9118075462813862 
44900 0.38839285714285715 0.9118003390527945 
45000 0.38467261904761907 0.9117985704815025 
45100 0.40401785714285715 0.9117992018707219 
45200 0.38095238095238093 0.9117996658575822 
45300 0.36904761904761907 0.9118028871169668 
45400 0.3757440476190476 0.9118093226916546 
45500 0.38467261904761907 0.9118084041324053 
45600 0.37648809523809523 0.9118166757777868 
45700 0.39360119047619047 0.9118167708375663 
45800 0.3712797619047619 0.911815582109353 
45900 0.38095238095238093 0.9118143013016626 
46000 0.3794642857142857 0.911818978314136 
46100 0.38244047619047616 0.9118293968419237 
46200 0.38244047619047616 0.9118281427633498 
46300 0.3705357142857143 0.9118331773920341 
46400 0.37202380952380953 0.91183860723445 
46500 0.375 0.9118395175321371 
46600 0.38392857142857145 0.9118395457741045 
46700 0.390625 0.9118368176321299 
46800 0.38169642857142855 0.9118317800240329 
46900 0.38913690476190477 0.9118327129790105 
47000 0.38839285714285715 0.9118350192143835 
47100 0.375 0.9118359729244451 
47200 0.36681547619047616 0.9118354093083177 
47300 0.3898809523809524 0.9118395670936182 
47400 0.38839285714285715 0.9118299097818913 
47500 0.38169642857142855 0.91182956611941 
47600 0.37648809523809523 0.9118271762497987 
47700 0.3645833333333333 0.9118300841751346 
47800 0.3697916666666667 0.9118340072582661 
47900 0.3861607142857143 0.9118346675583868 
48000 0.3705357142857143 0.9118331395129665 
48100 0.3913690476190476 0.9118330563863141 
48200 0.39806547619047616 0.9118264285911871 
48300 0.390625 0.9118194277255425 
48400 0.36830357142857145 0.9118169753232175 
48500 0.3742559523809524 0.9118144716701962 
48600 0.38392857142857145 0.9118133561576727 
48700 0.40625 0.9118132077321185 
48800 0.3958333333333333 0.9118100106018514 
48900 0.36904761904761907 0.9118122736559092 
49000 0.3854166666666667 0.9118123864819085 
49100 0.38318452380952384 0.9118101046094493 
49200 0.36681547619047616 0.9118069851464498 
49300 0.38392857142857145 0.9118093114357769 
49400 0.38318452380952384 0.9118100468613995 
49500 0.3802083333333333 0.9118084946095365 
49600 0.37202380952380953 0.9118100987547294 
49700 0.3898809523809524 0.9118101694562053 
49800 0.375 0.9118124659956149 
49900 0.3794642857142857 0.9118092960967478 
50000 0.38839285714285715 0.9118060942352582 
50100 0.38764880952380953 0.9118046427169498 
50200 0.38764880952380953 0.9117986912848445 
50300 0.3787202380952381 0.9117944941689127 
50400 0.36607142857142855 0.91179672065747 
50500 0.3958333333333333 0.9117960358635048 
50600 0.3787202380952381 0.9117963389581045 
50700 0.3757440476190476 0.9117960391736427 
50800 0.36904761904761907 0.9117991238689527 
50900 0.36755952380952384 0.9117999453420786 
51000 0.3854166666666667 0.9117968829509412 
51100 0.3898809523809524 0.9117919688227143 
51200 0.390625 0.9117894280571157 
51300 0.37202380952380953 0.911793133731729 
51400 0.37276785714285715 0.9117941759980582 
51500 0.36607142857142855 0.9118011520349582 
51600 0.3861607142857143 0.9118054478918367 
51700 0.3854166666666667 0.9117993797439674 
51800 0.3742559523809524 0.9117942112029461 
51900 0.36532738095238093 0.9117947682676084 
52000 0.375 0.9117965537063848 
52100 0.3950892857142857 0.9117935910424898 
52200 0.3794642857142857 0.9117995196680232 
52300 0.38764880952380953 0.9118017979261072 
52400 0.38467261904761907 0.9118056293909331 
52500 0.39657738095238093 0.9118029271097784 
52600 0.3757440476190476 0.9118006736020771 
52700 0.3958333333333333 0.9117983721732938 
52800 0.3913690476190476 0.9117910205975536 
52900 0.39360119047619047 0.9117872974315906 
53000 0.39285714285714285 0.9117881929002238 
53100 0.37351190476190477 0.911791481036587 
53200 0.3712797619047619 0.9117916380241688 
53300 0.36904761904761907 0.9118022778988333 
53400 0.3898809523809524 0.9118020378831857 
53500 0.3601190476190476 0.9118038848406038 
53600 0.38764880952380953 0.9118113745656842 
53700 0.36681547619047616 0.9118113406374448 
53800 0.37723214285714285 0.9118127312866374 
53900 0.3958333333333333 0.9118093129953415 
54000 0.40327380952380953 0.9118056180176558 
54100 0.38318452380952384 0.9118081530268343 
54200 0.38764880952380953 0.9118032657981183 
54300 0.39880952380952384 0.9118004656145068 
54400 0.3742559523809524 0.9117996452271098 
54500 0.38839285714285715 0.9118034149220504 
54600 0.3913690476190476 0.9117995396909703 
54700 0.39657738095238093 0.9117931622430512 
54800 0.3958333333333333 0.9117898901088874 
54900 0.39806547619047616 0.9117859387156623 
55000 0.4010416666666667 0.9117772128169098 
55100 0.38913690476190477 0.9117758914149859 
55200 0.37648809523809523 0.9117703963480648 
55300 0.3854166666666667 0.9117712178631059 
55400 0.39732142857142855 0.9117696592634996 
55500 0.40029761904761907 0.911770197619777 
55600 0.38169642857142855 0.9117711221149671 
55700 0.38318452380952384 0.9117725375324544 
55800 0.3913690476190476 0.9117746412421351 
55900 0.39211309523809523 0.9117691639812219 
56000 0.3898809523809524 0.9117681572012745 
56100 0.39211309523809523 0.9117688648916368 
56200 0.39880952380952384 0.9117578402688988 
56300 0.3861607142857143 0.9117519560043339 
56400 0.3705357142857143 0.9117565143644025 
56500 0.375 0.9117598582325976 
56600 0.36532738095238093 0.9117608898252682 
56700 0.375 0.9117578498657536 
56800 0.36830357142857145 0.9117592612386938 
56900 0.3697916666666667 0.9117621583351535 
57000 0.36532738095238093 0.9117653846507288 
57100 0.37797619047619047 0.9117639608513236 
57200 0.39955357142857145 0.9117695010951357 
57300 0.3712797619047619 0.9117732430706353 
57400 0.3869047619047619 0.9117769849703963 
57500 0.3913690476190476 0.9117777894752969 
57600 0.39880952380952384 0.9117767569346101 
57700 0.36830357142857145 0.9117784745828454 
57800 0.40029761904761907 0.9117742134136747 
57900 0.3697916666666667 0.9117755568618356 
58000 0.37276785714285715 0.9117800514112646 
58100 0.3787202380952381 0.911776449835713 
58200 0.36607142857142855 0.9117812470085197 
58300 0.38839285714285715 0.9117857724812365 
58400 0.3854166666666667 0.9117858233428815 
58500 0.3943452380952381 0.9117848565470187 
58600 0.38095238095238093 0.9117827630318351 
58700 0.3638392857142857 0.9117882057253831 
58800 0.3869047619047619 0.9117861136350937 
58900 0.40476190476190477 0.9117803400540536 
59000 0.3854166666666667 0.9117788989250384 
59100 0.38467261904761907 0.9117824229063887 
59200 0.35714285714285715 0.9117796006301374 
59300 0.37648809523809523 0.9117830989961624 
59400 0.37202380952380953 0.9117863350665092 
59500 0.38764880952380953 0.9117896853074098 
59600 0.38095238095238093 0.9117925748888841 
59700 0.3794642857142857 0.9117953550869771 
59800 0.38169642857142855 0.9117961601414533 
59900 0.38318452380952384 0.9117953353191496 
60000 0.38169642857142855 0.9117926159564007 
60100 0.3913690476190476 0.9117908093796078 
60200 0.3742559523809524 0.9117872784900741 
60300 0.36830357142857145 0.9117893488301939 
60400 0.39285714285714285 0.9117851422161884 
60500 0.3802083333333333 0.9117863114816678 
60600 0.3712797619047619 0.9117853037157174 
60700 0.38169642857142855 0.9117828283600882 
60800 0.39955357142857145 0.9117777423381977 
60900 0.3712797619047619 0.9117777798628688 
61000 0.3697916666666667 0.9117808299981031 
61100 0.37723214285714285 0.9117845764351141 
61200 0.3697916666666667 0.9117880188504545 
61300 0.37648809523809523 0.9117899085581607 
61400 0.3854166666666667 0.9117925191810898 
61500 0.39285714285714285 0.911796802955585 
61600 0.39211309523809523 0.9117970386032694 
61700 0.3697916666666667 0.9118040385430197 
61800 0.3861607142857143 0.9118050804001476 
61900 0.37648809523809523 0.9118028494616212 
62000 0.3958333333333333 0.9118016097666628 
62100 0.39211309523809523 0.9117991639579456 
62200 0.37351190476190477 0.9118044773816988 
62300 0.40029761904761907 0.9118063581108917 
62400 0.3854166666666667 0.9118024021478593 
62500 0.4025297619047619 0.9117984231299918 
62600 0.38392857142857145 0.9117947777344193 
62700 0.375 0.911793956350662 
62800 0.3794642857142857 0.9117899268551228 
62900 0.4025297619047619 0.9117905116013751 
63000 0.3645833333333333 0.91178756327375 
63100 0.38244047619047616 0.9117883739484922 
63200 0.3869047619047619 0.9117902886934429 
63300 0.36681547619047616 0.9117864496235296 
63400 0.390625 0.9117856152374042 
63500 0.36681547619047616 0.9117850646896449 
63600 0.38764880952380953 0.9117863174695516 
63700 0.35267857142857145 0.9117871224642508 
63800 0.39880952380952384 0.9117935576841981 
63900 0.38169642857142855 0.911794919373048 
64000 0.3802083333333333 0.911796311683374 
64100 0.39211309523809523 0.9117944727851359 
64200 0.38169642857142855 0.9117901363166722 
64300 0.3630952380952381 0.9117922932769319 
64400 0.37202380952380953 0.9117934499501265 
64500 0.40625 0.911787601022797 
64600 0.38839285714285715 0.9117820926957492 
64700 0.39880952380952384 0.9117794878418748 
64800 0.38913690476190477 0.9117745027634053 
64900 0.37797619047619047 0.9117766982642428 
65000 0.3697916666666667 0.9117779140394177 
65100 0.3854166666666667 0.9117820405070217 
65200 0.37648809523809523 0.9117866450156695 
65300 0.36532738095238093 0.9117886603501295 
65400 0.38913690476190477 0.9117885420785032 
65500 0.39211309523809523 0.9117863681288763 
65600 0.38839285714285715 0.9117852896406196 
65700 0.39955357142857145 0.911780420643014 
65800 0.36235119047619047 0.9117791509356132 
65900 0.37797619047619047 0.9117734140893881 
66000 0.3950892857142857 0.9117727788756448 
66100 0.36755952380952384 0.9117751284830357 
66200 0.3869047619047619 0.911772997782367 
66300 0.3794642857142857 0.9117707500641016 
66400 0.3950892857142857 0.9117687780447942 
66500 0.3802083333333333 0.9117669350299781 
66600 0.3697916666666667 0.9117690523379814 
66700 0.3630952380952381 0.9117715314113232 
66800 0.38467261904761907 0.9117716083342066 
66900 0.37202380952380953 0.9117732309325578 
67000 0.375 0.9117746710070426 
67100 0.3787202380952381 0.911780431293693 
67200 0.3757440476190476 0.911779808052743 
67300 0.3958333333333333 0.9117787776096159 
67400 0.3943452380952381 0.9117764144908123 
67500 0.3943452380952381 0.9117702665427885 
67600 0.38839285714285715 0.911767515766532 
67700 0.38318452380952384 0.9117632894393485 
67800 0.3898809523809524 0.9117636188116344 
67900 0.36830357142857145 0.9117621501296355 
68000 0.37723214285714285 0.9117618346473897 
68100 0.4025297619047619 0.911759291259271 
68200 0.38244047619047616 0.9117573880881512 
68300 0.3787202380952381 0.9117559589171461 
68400 0.37351190476190477 0.9117553388769727 
68500 0.37202380952380953 0.9117509733086969 
68600 0.39657738095238093 0.9117516530197741 
68700 0.3898809523809524 0.9117475329602882 
68800 0.40029761904761907 0.911743933158502 
68900 0.36755952380952384 0.9117422767898178 
69000 0.36532738095238093 0.9117442483580294 
69100 0.3854166666666667 0.9117448467426217 
69200 0.37202380952380953 0.9117453143740697 
69300 0.38318452380952384 0.9117494525262811 
69400 0.37276785714285715 0.9117509628309185 
69500 0.3630952380952381 0.9117535714628292 
69600 0.3854166666666667 0.9117582251144448 
69700 0.37276785714285715 0.9117578802586012 
69800 0.3802083333333333 0.9117594018130454 
69900 0.3913690476190476 0.9117646551653665 
70000 0.39657738095238093 0.9117664709381703 
70100 0.3757440476190476 0.9117695976587522 
70200 0.3802083333333333 0.9117740509224872 
70300 0.38392857142857145 0.9117751258872562 
70400 0.37797619047619047 0.911775627087954 
70500 0.390625 0.9117720847931235 
70600 0.4017857142857143 0.9117724307999144 
70700 0.39657738095238093 0.9117745543607183 
70800 0.3794642857142857 0.911770629248578 
70900 0.37276785714285715 0.9117699474149401 
71000 0.3757440476190476 0.9117742242563988 
71100 0.38244047619047616 0.9117735183551768 
71200 0.37351190476190477 0.9117737549332172 
71300 0.36755952380952384 0.9117739595417416 
71400 0.37797619047619047 0.9117764040252871 
71500 0.3869047619047619 0.911777374409016 
71600 0.3742559523809524 0.9117787577454691 
71700 0.38764880952380953 0.911777470311565 
71800 0.3712797619047619 0.9117766009692132 
71900 0.37351190476190477 0.9117792731374688 
72000 0.3913690476190476 0.9117762956003918 
72100 0.38244047619047616 0.9117674029189212 
72200 0.37202380952380953 0.9117690462010485 
72300 0.3854166666666667 0.9117710245396066 
72400 0.3802083333333333 0.9117702535185979 
72500 0.39211309523809523 0.91177598084033 
72600 0.390625 0.911776711638499 
72700 0.36904761904761907 0.9117770208178181 
72800 0.38764880952380953 0.9117780241277429 
72900 0.36904761904761907 0.911777085492981 
73000 0.34970238095238093 0.911775283084837 
73100 0.37648809523809523 0.91177702767404 
73200 0.37723214285714285 0.9117794891723441 
73300 0.38244047619047616 0.9117827763020189 
73400 0.3697916666666667 0.911785892287052 
73500 0.375 0.9117886252438419 
73600 0.38244047619047616 0.9117878327707762 
73700 0.3950892857142857 0.9117897682301913 
73800 0.39211309523809523 0.9117844092962993 
73900 0.37351190476190477 0.9117845419483337 
74000 0.36830357142857145 0.9117876604466735 
74100 0.36607142857142855 0.9117934313912607 
74200 0.38169642857142855 0.9117948448904231 
74300 0.36755952380952384 0.9117950028391594 
74400 0.37723214285714285 0.9117987505448275 
74500 0.39285714285714285 0.9117996818195473 
74600 0.3794642857142857 0.9117936389847959 
74700 0.38169642857142855 0.9117932399228416 
74800 0.38244047619047616 0.9117907033169279 
74900 0.37797619047619047 0.9117879251405506 
75000 0.41220238095238093 0.9117838051841849 
75100 0.36681547619047616 0.911781083220628 
75200 0.38764880952380953 0.9117788730962925 
75300 0.39955357142857145 0.9117770640812334 
75400 0.40625 0.9117733751004944 
75500 0.38392857142857145 0.9117715288854579 
75600 0.37202380952380953 0.9117736931547265 
75700 0.38095238095238093 0.9117732470823496 
75800 0.38095238095238093 0.911772399739041 
75900 0.38764880952380953 0.9117750444501327 
76000 0.3712797619047619 0.911776086436206 
76100 0.3861607142857143 0.9117818284723122 
76200 0.3697916666666667 0.9117839914768022 
76300 0.37276785714285715 0.9117882746341089 
76400 0.38095238095238093 0.9117902969357793 
76500 0.38764880952380953 0.911789989439914 
76600 0.3958333333333333 0.9117879926346852 
76700 0.3794642857142857 0.9117851958843276 
76800 0.37648809523809523 0.9117843149518763 
76900 0.3869047619047619 0.9117810561631188 
77000 0.390625 0.9117764143910314 
77100 0.3645833333333333 0.9117733480079624 
77200 0.38318452380952384 0.911777835964375 
77300 0.38169642857142855 0.9117736206363375 
77400 0.4099702380952381 0.9117676474279587 
77500 0.37723214285714285 0.9117656738376955 
77600 0.38095238095238093 0.9117686048627257 
77700 0.38318452380952384 0.9117659935430138 
77800 0.3943452380952381 0.9117648043298501 
77900 0.38169642857142855 0.9117668369224431 
78000 0.40625 0.9117672712987196 
78100 0.37797619047619047 0.911766370819592 
78200 0.3794642857142857 0.9117674611851876 
78300 0.3958333333333333 0.9117660211266535 
78400 0.37648809523809523 0.9117660272645939 
78500 0.3898809523809524 0.9117623937608317 
78600 0.3787202380952381 0.9117628967370462 
78700 0.3757440476190476 0.9117643343915882 
78800 0.3943452380952381 0.9117655417866948 
78900 0.36160714285714285 0.9117665103677243 
79000 0.36830357142857145 0.9117711590148648 
79100 0.3943452380952381 0.9117716006991664 
79200 0.38839285714285715 0.9117671091965529 
79300 0.3787202380952381 0.9117632107413526 
79400 0.38392857142857145 0.9117634452396846 
79500 0.3697916666666667 0.9117645214555552 
79600 0.36830357142857145 0.9117638750799374 
79700 0.3913690476190476 0.9117640798556031 
79800 0.3913690476190476 0.9117590907680474 
79900 0.3958333333333333 0.9117529501537915 
80000 0.39880952380952384 0.911752674892159 
80100 0.3742559523809524 0.911753264182541 
80200 0.3787202380952381 0.9117514862954446 
80300 0.3861607142857143 0.9117527241996037 
80400 0.36755952380952384 0.9117519416069807 
80500 0.3794642857142857 0.9117538321026476 
80600 0.3913690476190476 0.9117530500773652 
80700 0.38913690476190477 0.9117510068766481 
80800 0.3794642857142857 0.9117499264064978 
80900 0.3794642857142857 0.9117473402971651 
81000 0.38467261904761907 0.911743548066132 
81100 0.39360119047619047 0.911744636758046 
81200 0.38467261904761907 0.9117477111471182 
81300 0.3787202380952381 0.9117474192755786 
81400 0.39285714285714285 0.9117465157061952 
81500 0.38318452380952384 0.9117425377778011 
81600 0.38095238095238093 0.9117382687011889 
81700 0.37351190476190477 0.911736787697417 
81800 0.3742559523809524 0.9117371112880794 
81900 0.37202380952380953 0.9117352083322432 
82000 0.38839285714285715 0.9117393439888364 
82100 0.4069940476190476 0.9117393370302896 
82200 0.3794642857142857 0.9117378908899846 
82300 0.38913690476190477 0.9117342514064227 
82400 0.37202380952380953 0.9117365351408704 
82500 0.38913690476190477 0.911735882277906 
82600 0.38318452380952384 0.9117382575934455 
82700 0.3958333333333333 0.9117364166437787 
82800 0.37648809523809523 0.9117367008306203 
82900 0.3787202380952381 0.9117387075576663 
83000 0.3958333333333333 0.911738692477027 
83100 0.37202380952380953 0.9117389549922327 
83200 0.39360119047619047 0.9117377592044739 
83300 0.38764880952380953 0.9117342975503067 
83400 0.3898809523809524 0.9117288993480152 
83500 0.39360119047619047 0.911727310009404 
83600 0.3854166666666667 0.9117267568712154 
83700 0.37723214285714285 0.9117301163694352 
83800 0.38913690476190477 0.911727439182735 
83900 0.39657738095238093 0.9117265242737898 
84000 0.40476190476190477 0.9117229099738609 
84100 0.38467261904761907 0.9117186053503695 
84200 0.38467261904761907 0.9117178544141258 
84300 0.3757440476190476 0.9117155430427589 
84400 0.37797619047619047 0.9117160228862105 
84500 0.36607142857142855 0.9117157179317686 
84600 0.3787202380952381 0.9117145518093054 
84700 0.37648809523809523 0.911719115870336 
84800 0.3757440476190476 0.9117162112306627 
84900 0.3869047619047619 0.911716135347556 
85000 0.3958333333333333 0.9117124970098391 
85100 0.37276785714285715 0.9117109043679751 
85200 0.38839285714285715 0.9117117257314775 
85300 0.3869047619047619 0.9117129027963162 
85400 0.39211309523809523 0.911712264925525 
85500 0.38244047619047616 0.9117147178312033 
85600 0.3742559523809524 0.9117142184031005 
85700 0.37351190476190477 0.9117119577145568 
85800 0.3869047619047619 0.9117158766048348 
85900 0.3861607142857143 0.9117169020289692 
86000 0.38318452380952384 0.9117181067523578 
86100 0.36607142857142855 0.9117208641595336 
86200 0.36681547619047616 0.9117237273791432 
86300 0.3787202380952381 0.9117243337410977 
86400 0.38764880952380953 0.9117234316760002 
86500 0.36235119047619047 0.911724140197113 
86600 0.38839285714285715 0.9117270293673063 
86700 0.37648809523809523 0.9117279123215474 
86800 0.37351190476190477 0.9117290418258293 
86900 0.38318452380952384 0.9117280282269753 
87000 0.38913690476190477 0.9117252381061849 
87100 0.4025297619047619 0.9117213011741705 
87200 0.3742559523809524 0.9117194210857128 
87300 0.39211309523809523 0.9117199316840858 
87400 0.3794642857142857 0.9117182958296761 
87500 0.38392857142857145 0.9117205752342422 
87600 0.3869047619047619 0.9117265781239723 
87700 0.37797619047619047 0.9117263316484961 
87800 0.3794642857142857 0.9117277297389497 
87900 0.39211309523809523 0.9117247653745746 
88000 0.37797619047619047 0.9117242512395692 
88100 0.3869047619047619 0.9117215846963523 
88200 0.38392857142857145 0.9117215814824473 
88300 0.38095238095238093 0.9117192610529676 
88400 0.36681547619047616 0.911719546643784 
88500 0.3742559523809524 0.9117217904721012 
88600 0.36681547619047616 0.9117209892557377 
88700 0.38839285714285715 0.9117215151920228 
88800 0.3794642857142857 0.9117206490596148 
88900 0.3802083333333333 0.9117249069457144 
89000 0.37723214285714285 0.911726379746402 
89100 0.38913690476190477 0.9117253023054094 
89200 0.38095238095238093 0.9117237351465738 
89300 0.38244047619047616 0.9117242794700214 
89400 0.3712797619047619 0.9117230248969198 
89500 0.38318452380952384 0.911722870481362 
89600 0.35714285714285715 0.9117234554673869 
89700 0.37797619047619047 0.9117265109854379 
89800 0.38839285714285715 0.9117249198094624 
89900 0.36904761904761907 0.911722926634642 
90000 0.3794642857142857 0.9117209213548421 
90100 0.38244047619047616 0.9117207785601449 
90200 0.38095238095238093 0.911722261090443 
90300 0.3787202380952381 0.9117208399843697 
90400 0.36755952380952384 0.9117208870556109 
90500 0.39360119047619047 0.9117238361875507 
90600 0.4017857142857143 0.9117212929558751 
90700 0.38839285714285715 0.9117175658534767 
90800 0.3645833333333333 0.9117184603326689 
90900 0.37276785714285715 0.9117207361514699 
91000 0.37797619047619047 0.9117222711053411 
91100 0.38318452380952384 0.9117204949399437 
91200 0.37648809523809523 0.9117199790520258 
91300 0.37648809523809523 0.9117170765223976 
91400 0.38467261904761907 0.9117173795509167 
91500 0.37723214285714285 0.911714900917034 
91600 0.38467261904761907 0.9117157661254478 
91700 0.3705357142857143 0.9117162724376999 
91800 0.36532738095238093 0.9117177907725873 
91900 0.38244047619047616 0.9117185447616768 
92000 0.3943452380952381 0.9117198955782572 
92100 0.38095238095238093 0.9117169537221301 
92200 0.38318452380952384 0.9117177303753032 
92300 0.4010416666666667 0.9117175380135695 
92400 0.39285714285714285 0.9117191014862238 
92500 0.38318452380952384 0.9117153688428593 
92600 0.3705357142857143 0.9117103988386426 
92700 0.3802083333333333 0.9117129040319594 
92800 0.3898809523809524 0.911712701872055 
92900 0.36532738095238093 0.9117124200569885 
93000 0.38244047619047616 0.9117134509178345 
93100 0.4017857142857143 0.9117108193047898 
93200 0.38392857142857145 0.9117099097393703 
93300 0.3705357142857143 0.9117080052860149 
93400 0.37202380952380953 0.9117079769590516 
93500 0.38244047619047616 0.9117061104770461 
93600 0.38392857142857145 0.9117057265235771 
93700 0.375 0.9117037473173281 
93800 0.38913690476190477 0.9117019785681034 
93900 0.39732142857142855 0.9117032959231125 
94000 0.38839285714285715 0.9117027503760091 
94100 0.3586309523809524 0.9117061278130236 
94200 0.37723214285714285 0.9117073338873665 
94300 0.38913690476190477 0.9117066990023335 
94400 0.38839285714285715 0.9117076102906496 
94500 0.38913690476190477 0.911707960636345 
94600 0.37723214285714285 0.9117078147391978 
94700 0.3794642857142857 0.9117094212184615 
94800 0.38392857142857145 0.9117102394564855 
94900 0.38913690476190477 0.9117103268268034 
95000 0.3950892857142857 0.9117087301336677 
95100 0.40029761904761907 0.9117053295093287 
95200 0.38839285714285715 0.911704648022905 
95300 0.3712797619047619 0.9117065365825872 
95400 0.36681547619047616 0.9117039210680131 
95500 0.3794642857142857 0.9117034145989995 
95600 0.3943452380952381 0.9117029325380637 
95700 0.38392857142857145 0.9117051881828373 
95800 0.3697916666666667 0.9117066469258448 
95900 0.37351190476190477 0.9117080638341821 
96000 0.36904761904761907 0.9117083927325161 
96100 0.3742559523809524 0.9117087441734167 
96200 0.3802083333333333 0.9117060320999534 
96300 0.3854166666666667 0.9117036192572792 
96400 0.36755952380952384 0.9117038973736195 
96500 0.38913690476190477 0.911706588224351 
96600 0.3794642857142857 0.9117078254760254 
96700 0.38169642857142855 0.9117066826265154 
96800 0.37202380952380953 0.9117039894929263 
96900 0.38467261904761907 0.9117047956038589 
97000 0.375 0.9117039662330433 
97100 0.38839285714285715 0.9117056672335776 
97200 0.3898809523809524 0.9117053515395932 
97300 0.375 0.9117034000653838 
97400 0.38764880952380953 0.9117024303920807 
97500 0.36532738095238093 0.9117020045215654 
97600 0.3712797619047619 0.911702631547491 
97700 0.37723214285714285 0.9117042244657046 
97800 0.38913690476190477 0.9117030601133205 
97900 0.390625 0.9117023161395793 
98000 0.3913690476190476 0.9117015888686267 
98100 0.38318452380952384 0.9117002487353898 
98200 0.39285714285714285 0.9116973580911066 
98300 0.39657738095238093 0.9116959114522403 
98400 0.3586309523809524 0.9116951331553445 
98500 0.37797619047619047 0.9116962146504677 
98600 0.3757440476190476 0.9116997237785186 
98700 0.38764880952380953 0.911701499502345 
98800 0.3712797619047619 0.9117037611316832 
98900 0.3958333333333333 0.9117048295289036 
99000 0.3958333333333333 0.911702649047316 
99100 0.4010416666666667 0.9117005705698996 
99200 0.39285714285714285 0.9116976037347934 
99300 0.38318452380952384 0.9116946728465306 
99400 0.36681547619047616 0.9116945997597035 
99500 0.390625 0.9116948857537206 
99600 0.38764880952380953 0.9116943793235007 
99700 0.3787202380952381 0.911692866432538 
99800 0.3861607142857143 0.9116942939664218 
99900 0.38467261904761907 0.9116894847923254 
