0 0.3821022727272727 0.9303977272727273 
100 0.34375 0.920046692169217 
200 0.3302556818181818 0.9225216248303935 
300 0.3366477272727273 0.92392073769254 
400 0.32670454545454547 0.9250984754024031 
500 0.3430397727272727 0.9258570926329159 
600 0.33167613636363635 0.926061913855695 
700 0.3252840909090909 0.9261657453637661 
800 0.3181818181818182 0.9262791184315061 
900 0.3352272727272727 0.9260086646150741 
1000 0.33238636363636365 0.9260980496775951 
1100 0.3224431818181818 0.9261886146891256 
1200 0.33948863636363635 0.9262043704110211 
1300 0.3330965909090909 0.9261745772482706 
1400 0.3380681818181818 0.9260309194731037 
1500 0.3096590909090909 0.9261756366967476 
1600 0.3330965909090909 0.9263209073874283 
1700 0.3330965909090909 0.9261847977125754 
1800 0.34375 0.9260914075513603 
1900 0.33948863636363635 0.9259641307206733 
2000 0.3196022727272727 0.925978062105311 
2100 0.32386363636363635 0.9260079074899399 
2200 0.3288352272727273 0.9261150664986989 
2300 0.32386363636363635 0.9261456234443523 
2400 0.3465909090909091 0.9262038071258187 
2500 0.3231534090909091 0.9261968508051325 
2600 0.33167613636363635 0.9262750777672923 
2700 0.3252840909090909 0.9263648669684629 
2800 0.3224431818181818 0.9264454557625523 
2900 0.3288352272727273 0.9265523154241484 
3000 0.34019886363636365 0.9266037741207477 
3100 0.3359375 0.9264993788660549 
3200 0.3210227272727273 0.9264913663343841 
3300 0.3330965909090909 0.9264687784004847 
3400 0.33451704545454547 0.9265199824249553 
3500 0.3252840909090909 0.9265891563449404 
3600 0.31676136363636365 0.9266174089899271 
3700 0.3132102272727273 0.9267755873719633 
3800 0.3409090909090909 0.926802680514697 
3900 0.3309659090909091 0.9268418572743585 
4000 0.3075284090909091 0.9269081877257959 
4100 0.3259943181818182 0.9269267750659484 
4200 0.3288352272727273 0.9269372078617645 
4300 0.32670454545454547 0.9269342753270909 
4400 0.34730113636363635 0.926974080012807 
4500 0.3203125 0.9270250550382744 
4600 0.33238636363636365 0.9270512771433088 
4700 0.3359375 0.9270529662450929 
4800 0.3252840909090909 0.9270695262350647 
4900 0.33735795454545453 0.9270478775203577 
5000 0.3302556818181818 0.9270378878769701 
5100 0.33238636363636365 0.9270196574646683 
5200 0.33735795454545453 0.9269368543636713 
5300 0.3288352272727273 0.9268642762514792 
5400 0.3359375 0.926848694896568 
5500 0.33238636363636365 0.9268212855927022 
5600 0.3288352272727273 0.9268133683514308 
5700 0.3231534090909091 0.926838244087959 
5800 0.3274147727272727 0.9268502638651643 
5900 0.33238636363636365 0.9268264912726657 
6000 0.32670454545454547 0.9268039843738165 
6100 0.31889204545454547 0.9267690607724516 
6200 0.3338068181818182 0.9267707691941183 
6300 0.32670454545454547 0.9267519089682734 
6400 0.31392045454545453 0.9267467308020053 
6500 0.35795454545454547 0.9267011805876019 
6600 0.3153409090909091 0.9267190921485725 
6700 0.3153409090909091 0.9267216307606735 
6800 0.3352272727272727 0.9267068637967678 
6900 0.3359375 0.9266973618777252 
7000 0.328125 0.926687624170573 
7100 0.3288352272727273 0.9266949637375017 
7200 0.3181818181818182 0.9267191622691293 
7300 0.3203125 0.9267548576782757 
7400 0.3132102272727273 0.926779032471042 
7500 0.32954545454545453 0.9267603334706888 
7600 0.3274147727272727 0.9267560488452476 
7700 0.31889204545454547 0.9267669082232531 
7800 0.3252840909090909 0.9267928754763375 
7900 0.34730113636363635 0.9267758468433225 
8000 0.3181818181818182 0.9267830335128564 
8100 0.3132102272727273 0.9268089798116955 
8200 0.3274147727272727 0.9267964480495726 
8300 0.3210227272727273 0.9268250299799586 
8400 0.328125 0.9268413493794029 
8500 0.3465909090909091 0.9268084937868272 
8600 0.3359375 0.9267626947447971 
8700 0.3302556818181818 0.9267452931220027 
8800 0.3444602272727273 0.9267248976097757 
8900 0.3196022727272727 0.9267171685254977 
9000 0.328125 0.9267341507509267 
9100 0.32386363636363635 0.9267553640459091 
9200 0.32457386363636365 0.9267692463022794 
9300 0.33948863636363635 0.9267624418439855 
9400 0.34517045454545453 0.9267633369515815 
9500 0.32173295454545453 0.9267830509467903 
9600 0.32173295454545453 0.926802576199449 
9700 0.3153409090909091 0.9268337788512899 
9800 0.3146306818181818 0.926866881046461 
9900 0.31392045454545453 0.9268945802076926 
10000 0.3380681818181818 0.9269102919253529 
10100 0.32173295454545453 0.92691613004113 
10200 0.3515625 0.9268991564998084 
10300 0.3181818181818182 0.9269098846316774 
10400 0.3366477272727273 0.9269003991093514 
10500 0.34232954545454547 0.9268829781362814 
10600 0.328125 0.9268845107880046 
10700 0.32457386363636365 0.9269016781566719 
10800 0.3380681818181818 0.9268927514076979 
10900 0.32954545454545453 0.9268802095929481 
11000 0.3302556818181818 0.9268598903198882 
11100 0.3359375 0.926874549590127 
11200 0.3231534090909091 0.9268911663731323 
11300 0.3288352272727273 0.9269023985206458 
11400 0.33167613636363635 0.9269175451116728 
11500 0.31605113636363635 0.9269135317284662 
11600 0.33238636363636365 0.9269073835719491 
11700 0.3210227272727273 0.9269218564264127 
11800 0.3352272727272727 0.9269092420904238 
11900 0.3309659090909091 0.9268943929463529 
12000 0.32386363636363635 0.9269166016468324 
12100 0.3174715909090909 0.9269265875847976 
12200 0.3252840909090909 0.9269357695159115 
12300 0.3309659090909091 0.9269465342802876 
12400 0.3174715909090909 0.9269641125898938 
12500 0.35014204545454547 0.9269722626735316 
12600 0.34019886363636365 0.926955934684116 
12700 0.3181818181818182 0.9269607775157289 
12800 0.3366477272727273 0.9269607732172913 
12900 0.3181818181818182 0.9269675954471465 
13000 0.3288352272727273 0.9269526797763809 
13100 0.3231534090909091 0.9269432503417504 
13200 0.31107954545454547 0.9269478444298297 
13300 0.3380681818181818 0.9269514083014948 
13400 0.3465909090909091 0.926938648574394 
13500 0.3544034090909091 0.9269268669492495 
13600 0.33735795454545453 0.9269219947898216 
13700 0.3132102272727273 0.9269390173909005 
13800 0.32670454545454547 0.9269602705008201 
13900 0.32954545454545453 0.9269488767158675 
14000 0.3302556818181818 0.9269359717000734 
14100 0.3125 0.9269389642739715 
14200 0.33167613636363635 0.9269457156506264 
14300 0.33451704545454547 0.9269563952933997 
14400 0.3203125 0.9269763956574986 
14500 0.328125 0.926984561409558 
14600 0.3174715909090909 0.9269815248488584 
14700 0.3196022727272727 0.926974278187631 
14800 0.32954545454545453 0.9269734154940391 
14900 0.32386363636363635 0.9269928688434578 
15000 0.3274147727272727 0.9269948291326032 
15100 0.3302556818181818 0.9269846292539327 
15200 0.3416193181818182 0.9269603132419518 
15300 0.33948863636363635 0.9269513077725163 
15400 0.3259943181818182 0.9269392833847862 
15500 0.3096590909090909 0.9269451457677217 
15600 0.34019886363636365 0.9269377764245882 
15700 0.32386363636363635 0.9269160259045457 
15800 0.33238636363636365 0.926916350590584 
15900 0.32173295454545453 0.9269249343237418 
16000 0.3338068181818182 0.9269239120708365 
16100 0.3252840909090909 0.9269137715895681 
16200 0.3174715909090909 0.9269169078367777 
16300 0.328125 0.9269251468119636 
16400 0.3366477272727273 0.9269115034559977 
16500 0.3387784090909091 0.9269063755089223 
16600 0.328125 0.9269048602630728 
16700 0.3181818181818182 0.9269024275900736 
16800 0.32670454545454547 0.9269075907278247 
16900 0.3153409090909091 0.9269112219691142 
17000 0.3359375 0.9269195729128233 
17100 0.3224431818181818 0.9269184816411586 
17200 0.3224431818181818 0.9269053464122065 
17300 0.3274147727272727 0.9269142022794268 
17400 0.3338068181818182 0.926932792851508 
17500 0.3288352272727273 0.9269333554316377 
17600 0.3203125 0.9269238640883007 
17700 0.32954545454545453 0.9269284831108668 
17800 0.33451704545454547 0.9269211206852526 
17900 0.32173295454545453 0.9269126502582385 
18000 0.33948863636363635 0.926916031495725 
18100 0.328125 0.9269122342562691 
18200 0.32457386363636365 0.9269163220302581 
18300 0.3252840909090909 0.9269184247259216 
18400 0.3387784090909091 0.9269265257322972 
18500 0.3302556818181818 0.926920181832923 
18600 0.33238636363636365 0.9269264680906696 
18700 0.33238636363636365 0.9269298767445591 
18800 0.3224431818181818 0.9269365734293631 
18900 0.33238636363636365 0.9269422974253406 
19000 0.32173295454545453 0.9269481480639775 
19100 0.32670454545454547 0.92695527602077 
19200 0.33451704545454547 0.9269551168618112 
19300 0.32954545454545453 0.9269588966775155 
19400 0.3387784090909091 0.926954034702991 
19500 0.30610795454545453 0.9269513713748945 
19600 0.31676136363636365 0.9269628665745254 
19700 0.328125 0.9269759754927068 
19800 0.3274147727272727 0.9269798773363145 
19900 0.3352272727272727 0.9269731763136617 
20000 0.32173295454545453 0.9269724723991073 
20100 0.31605113636363635 0.9269696555123897 
20200 0.3203125 0.9269857463739419 
20300 0.33451704545454547 0.9269898538361299 
20400 0.3103693181818182 0.9269988993409414 
20500 0.31605113636363635 0.9270212636523274 
20600 0.3366477272727273 0.9270228979948016 
20700 0.32954545454545453 0.9270352895226844 
20800 0.3366477272727273 0.9270299095104694 
20900 0.33735795454545453 0.9270262800061763 
21000 0.30894886363636365 0.9270222454233781 
21100 0.31605113636363635 0.9270362227016384 
21200 0.3380681818181818 0.9270407552066583 
21300 0.33735795454545453 0.9270476791529207 
21400 0.328125 0.9270407659370208 
21500 0.3174715909090909 0.9270427366486126 
21600 0.3302556818181818 0.9270513636258423 
21700 0.3181818181818182 0.9270545764543737 
21800 0.31889204545454547 0.9270662951762012 
21900 0.32386363636363635 0.9270781987435194 
22000 0.33238636363636365 0.9270904460437749 
22100 0.31889204545454547 0.9270924919584058 
22200 0.32386363636363635 0.9270876734156119 
22300 0.3196022727272727 0.9271042357966011 
22400 0.3359375 0.9271073658440573 
22500 0.3430397727272727 0.9271099630420466 
22600 0.3252840909090909 0.9271085463334285 
22700 0.32173295454545453 0.9271126484716332 
22800 0.3224431818181818 0.9271175867984259 
22900 0.3274147727272727 0.9271303592836359 
23000 0.3203125 0.9271311017603978 
23100 0.3203125 0.9271459802507566 
23200 0.3132102272727273 0.9271499550861836 
23300 0.3224431818181818 0.9271557855983551 
23400 0.3515625 0.9271551927170945 
23500 0.3210227272727273 0.9271490744107601 
23600 0.3494318181818182 0.927128623450085 
23700 0.3302556818181818 0.9271197022277541 
23800 0.3231534090909091 0.9271182861873641 
23900 0.3352272727272727 0.9271102554666788 
24000 0.33238636363636365 0.9271001906644042 
24100 0.3380681818181818 0.9270951012028924 
24200 0.33451704545454547 0.9270786084628359 
24300 0.3125 0.9270818038258807 
24400 0.3252840909090909 0.927080985410434 
24500 0.31676136363636365 0.9270840290377759 
24600 0.3181818181818182 0.9270848826821526 
24700 0.328125 0.9270859306855446 
24800 0.32670454545454547 0.9270819587553287 
24900 0.3309659090909091 0.9270864042061108 
25000 0.3252840909090909 0.9270839393696979 
25100 0.32954545454545453 0.9270896430692729 
25200 0.3309659090909091 0.9270906795725999 
25300 0.33735795454545453 0.9270944869229027 
25400 0.3302556818181818 0.9270969221863133 
25500 0.3252840909090909 0.9270982800139745 
25600 0.3224431818181818 0.9270986285159315 
25700 0.3380681818181818 0.9271056341546667 
25800 0.3259943181818182 0.9271122276356448 
25900 0.328125 0.9271113939967218 
26000 0.32457386363636365 0.9271033555090539 
26100 0.3259943181818182 0.9271050928473656 
26200 0.3210227272727273 0.927099633601771 
26300 0.33735795454545453 0.9271041802765881 
26400 0.3338068181818182 0.927105787143049 
26500 0.3103693181818182 0.9271079714830658 
26600 0.3288352272727273 0.9271152122613299 
26700 0.3380681818181818 0.9271165469628309 
26800 0.3288352272727273 0.9271074836929423 
26900 0.3359375 0.9271120053833755 
27000 0.328125 0.9271097335199706 
27100 0.3231534090909091 0.9271037570737074 
27200 0.31889204545454547 0.9271090520151332 
27300 0.31392045454545453 0.9271157649902934 
27400 0.33451704545454547 0.927124191510927 
27500 0.3259943181818182 0.9271283213668263 
27600 0.32954545454545453 0.9271250619625112 
27700 0.3330965909090909 0.9271204928604481 
27800 0.3174715909090909 0.9271146537403822 
27900 0.34801136363636365 0.9271079400868656 
28000 0.3224431818181818 0.9271049522176156 
28100 0.3259943181818182 0.92710747009165 
28200 0.3458806818181818 0.9270965467858974 
28300 0.328125 0.9270791005618176 
28400 0.32670454545454547 0.9270734055058881 
28500 0.34232954545454547 0.9270615704074179 
28600 0.32386363636363635 0.927057044254651 
28700 0.32954545454545453 0.9270621509861867 
28800 0.31392045454545453 0.9270611066219292 
28900 0.3103693181818182 0.9270678841719853 
29000 0.3444602272727273 0.9270693496854341 
29100 0.31889204545454547 0.9270671442874503 
29200 0.3338068181818182 0.9270729802606387 
29300 0.3352272727272727 0.9270766191271784 
29400 0.3366477272727273 0.9270726239212643 
29500 0.3359375 0.9270666335270608 
29600 0.3288352272727273 0.9270640186833369 
29700 0.32457386363636365 0.9270645779067739 
29800 0.31889204545454547 0.9270690418793146 
29900 0.33451704545454547 0.9270672528054702 
30000 0.3380681818181818 0.9270687189214905 
30100 0.32954545454545453 0.927058991357883 
30200 0.3380681818181818 0.9270578412514938 
30300 0.33167613636363635 0.9270566752972449 
30400 0.3309659090909091 0.9270637871511404 
30500 0.31889204545454547 0.9270721563525488 
30600 0.31676136363636365 0.9270783123917519 
30700 0.33167613636363635 0.9270791538475205 
30800 0.33167613636363635 0.927078352680403 
30900 0.3366477272727273 0.9270725691798736 
31000 0.3302556818181818 0.9270673270070467 
31100 0.3338068181818182 0.9270667999567392 
31200 0.3210227272727273 0.9270573076766188 
31300 0.3252840909090909 0.9270596069033519 
31400 0.3274147727272727 0.9270564857879454 
31500 0.3259943181818182 0.927061140375053 
31600 0.33451704545454547 0.9270613604359471 
31700 0.32457386363636365 0.9270641555614821 
31800 0.32954545454545453 0.9270615284039095 
31900 0.3274147727272727 0.9270616783885373 
32000 0.32457386363636365 0.927066732289616 
32100 0.3274147727272727 0.9270639225342739 
32200 0.33735795454545453 0.927060622940846 
32300 0.3224431818181818 0.9270578494966382 
32400 0.3430397727272727 0.9270531203792812 
32500 0.3359375 0.9270506493156854 
32600 0.3359375 0.9270455355873077 
32700 0.3465909090909091 0.9270443408041456 
32800 0.33238636363636365 0.9270441060208807 
32900 0.3359375 0.9270443475744037 
33000 0.34801136363636365 0.9270406707716846 
33100 0.3338068181818182 0.9270373594865302 
33200 0.3231534090909091 0.9270337044886381 
33300 0.3359375 0.927037983946701 
33400 0.33735795454545453 0.9270352845655139 
33500 0.32670454545454547 0.9270366293339954 
33600 0.3259943181818182 0.9270368881066852 
33700 0.34375 0.9270334784036621 
33800 0.33735795454545453 0.927031748825344 
33900 0.33735795454545453 0.927028960998737 
34000 0.3330965909090909 0.9270258971327047 
34100 0.3252840909090909 0.9270249339528833 
34200 0.3380681818181818 0.9270203838404513 
34300 0.3224431818181818 0.927019752935907 
34400 0.328125 0.9270181966499388 
34500 0.33238636363636365 0.927017822770618 
34600 0.3430397727272727 0.9270184978889207 
34700 0.32457386363636365 0.9270177978234843 
34800 0.3125 0.9270206528156192 
34900 0.328125 0.9270207849280172 
35000 0.34232954545454547 0.927016594168738 
35100 0.328125 0.9270123868201113 
35200 0.33948863636363635 0.927006690150848 
35300 0.3352272727272727 0.927003359581624 
35400 0.3380681818181818 0.9270009907591208 
35500 0.33238636363636365 0.9270039968464396 
35600 0.3132102272727273 0.927009739096961 
35700 0.31392045454545453 0.9270195671880849 
35800 0.32457386363636365 0.927024241958706 
35900 0.3416193181818182 0.9270164670014256 
36000 0.32954545454545453 0.9270076304698607 
36100 0.328125 0.92701330279821 
36200 0.3409090909090909 0.9270170015079945 
36300 0.3203125 0.9270165907650929 
36400 0.3203125 0.9270177236639353 
36500 0.34232954545454547 0.9270196481229654 
36600 0.3359375 0.9270187289964755 
36700 0.33238636363636365 0.9270164022035565 
36800 0.31676136363636365 0.9270224059808158 
36900 0.32173295454545453 0.9270318993880432 
37000 0.33735795454545453 0.9270350263874932 
37100 0.3203125 0.9270385576779356 
37200 0.3444602272727273 0.9270397408060879 
37300 0.32457386363636365 0.9270365382904675 
37400 0.32457386363636365 0.9270422020193918 
37500 0.3210227272727273 0.9270457901425659 
37600 0.3210227272727273 0.927050152498362 
37700 0.32457386363636365 0.9270440740660364 
37800 0.3196022727272727 0.9270509167626638 
37900 0.3181818181818182 0.9270520829085824 
38000 0.33167613636363635 0.927050121737227 
38100 0.3309659090909091 0.9270474252346037 
38200 0.3288352272727273 0.9270514545073785 
38300 0.3252840909090909 0.9270556296298934 
38400 0.3259943181818182 0.9270626127456435 
38500 0.3330965909090909 0.9270621623464326 
38600 0.32670454545454547 0.927064621353427 
38700 0.32173295454545453 0.9270698020488077 
38800 0.31889204545454547 0.9270711670388064 
38900 0.33238636363636365 0.9270711739707556 
39000 0.3387784090909091 0.9270678301372226 
39100 0.3338068181818182 0.9270627415074248 
39200 0.3288352272727273 0.9270585303656447 
39300 0.3274147727272727 0.9270560032303133 
39400 0.3515625 0.9270485138529018 
39500 0.3203125 0.927048757827765 
39600 0.3387784090909091 0.9270550265890898 
39700 0.328125 0.9270550561469714 
39800 0.3231534090909091 0.9270533546438988 
39900 0.32386363636363635 0.9270625195085108 
40000 0.33238636363636365 0.9270614647986073 
40100 0.3387784090909091 0.9270621333122502 
40200 0.3380681818181818 0.9270626924986036 
40300 0.3359375 0.9270541201605644 
40400 0.3338068181818182 0.9270479810637 
40500 0.3231534090909091 0.9270514820341136 
40600 0.3352272727272727 0.9270517820597791 
40700 0.31107954545454547 0.9270489919836681 
40800 0.3210227272727273 0.9270533002756172 
40900 0.32670454545454547 0.9270546528924609 
41000 0.328125 0.9270540241812284 
41100 0.3416193181818182 0.9270576321412219 
41200 0.32670454545454547 0.9270541722012484 
41300 0.33167613636363635 0.927055853534253 
41400 0.3338068181818182 0.9270527577012853 
41500 0.3252840909090909 0.9270471782169543 
41600 0.3288352272727273 0.9270499739407488 
41700 0.33167613636363635 0.9270460969706417 
41800 0.33451704545454547 0.9270387044894532 
41900 0.3387784090909091 0.9270400766091501 
42000 0.32457386363636365 0.9270412730973938 
42100 0.31107954545454547 0.9270518265329478 
42200 0.33735795454545453 0.9270539319673596 
42300 0.3288352272727273 0.92705315638358 
42400 0.33735795454545453 0.9270514631944787 
42500 0.3352272727272727 0.9270538219956322 
42600 0.32173295454545453 0.9270549860385267 
42700 0.3366477272727273 0.9270590386961345 
42800 0.3302556818181818 0.9270633876969739 
42900 0.3153409090909091 0.9270652331689662 
43000 0.3210227272727273 0.9270691346237191 
43100 0.3203125 0.9270689972917735 
43200 0.3203125 0.92706859755456 
43300 0.3274147727272727 0.9270672155377474 
43400 0.3181818181818182 0.9270663144544219 
43500 0.3259943181818182 0.9270729441172721 
43600 0.3352272727272727 0.9270671146773114 
43700 0.31676136363636365 0.9270656349397038 
43800 0.32954545454545453 0.927066205031641 
43900 0.33948863636363635 0.9270674843552953 
44000 0.3309659090909091 0.9270592184371843 
44100 0.3103693181818182 0.9270592677500613 
44200 0.31676136363636365 0.9270629161002116 
44300 0.3259943181818182 0.9270670609990335 
44400 0.33167613636363635 0.92706718829019 
44500 0.33451704545454547 0.9270638198120165 
44600 0.33451704545454547 0.927063014282191 
44700 0.3302556818181818 0.9270563654260328 
44800 0.3252840909090909 0.9270549143079193 
44900 0.3252840909090909 0.9270526787720864 
45000 0.33238636363636365 0.9270515105977443 
45100 0.34019886363636365 0.9270517963721828 
45200 0.328125 0.927053872123706 
45300 0.32457386363636365 0.9270521760005298 
45400 0.32457386363636365 0.9270471083686583 
45500 0.34232954545454547 0.9270387070663781 
45600 0.3309659090909091 0.9270355446002978 
45700 0.3444602272727273 0.927035317632795 
45800 0.3203125 0.9270298658623968 
45900 0.3508522727272727 0.9270247008878792 
46000 0.3288352272727273 0.9270271082298606 
46100 0.35014204545454547 0.9270267628783442 
46200 0.3494318181818182 0.9270207465501534 
46300 0.3508522727272727 0.9270148789246649 
46400 0.3330965909090909 0.927009618229231 
46500 0.3309659090909091 0.9270109171650267 
46600 0.3231534090909091 0.9270111741652052 
46700 0.34019886363636365 0.9270081147279307 
46800 0.3259943181818182 0.927004871083757 
46900 0.3430397727272727 0.926999839240683 
47000 0.3252840909090909 0.927002218037914 
47100 0.32386363636363635 0.9270011487644539 
47200 0.328125 0.9269954495860064 
47300 0.3309659090909091 0.9269937384804473 
47400 0.33948863636363635 0.9269916000765231 
47500 0.3181818181818182 0.9269929245508707 
47600 0.3416193181818182 0.9269933482346627 
47700 0.34375 0.9269919238876257 
47800 0.3196022727272727 0.9269919764421056 
47900 0.3252840909090909 0.9269914505248514 
48000 0.3288352272727273 0.9269943003081376 
48100 0.3274147727272727 0.9269963999756194 
48200 0.328125 0.9269933632553833 
48300 0.3330965909090909 0.9269908537560864 
48400 0.3409090909090909 0.9269850089968088 
48500 0.31605113636363635 0.9269830981694848 
48600 0.3224431818181818 0.9269860176371231 
48700 0.3274147727272727 0.9269903397074168 
48800 0.3288352272727273 0.9269918352315806 
48900 0.33735795454545453 0.9269900858366904 
49000 0.3380681818181818 0.9269899234431208 
49100 0.3181818181818182 0.9269891108031497 
49200 0.3309659090909091 0.9269876807520542 
49300 0.34232954545454547 0.9269862709082058 
49400 0.3210227272727273 0.9269829402836895 
49500 0.32457386363636365 0.9269806131097443 
49600 0.33948863636363635 0.9269831350770054 
49700 0.3494318181818182 0.9269871902156716 
49800 0.3444602272727273 0.9269830002957224 
49900 0.33451704545454547 0.9269835097356403 
50000 0.33167613636363635 0.926982937613975 
50100 0.33948863636363635 0.9269785402804517 
50200 0.3430397727272727 0.9269791404463149 
50300 0.328125 0.9269780438803855 
50400 0.33451704545454547 0.9269703850122022 
50500 0.34019886363636365 0.9269600843862678 
50600 0.32954545454545453 0.9269549335173038 
50700 0.3536931818181818 0.9269504333337517 
50800 0.31889204545454547 0.9269491663997309 
50900 0.3203125 0.926948699771035 
51000 0.3210227272727273 0.9269504909440278 
51100 0.328125 0.926955735833314 
51200 0.33167613636363635 0.9269535113172506 
51300 0.3224431818181818 0.9269592836441253 
51400 0.3274147727272727 0.9269587189672646 
51500 0.32954545454545453 0.9269540882701307 
51600 0.33735795454545453 0.9269520080653828 
51700 0.328125 0.9269506365051845 
51800 0.33167613636363635 0.9269519301136693 
51900 0.33735795454545453 0.9269482924002165 
52000 0.3288352272727273 0.9269428248538927 
52100 0.3302556818181818 0.9269387551015423 
52200 0.32386363636363635 0.9269382111932721 
52300 0.3274147727272727 0.9269428160377604 
52400 0.3252840909090909 0.9269441910806698 
52500 0.3259943181818182 0.9269438022609093 
52600 0.3302556818181818 0.9269449406639348 
52700 0.3302556818181818 0.9269393229988736 
52800 0.3274147727272727 0.9269421738525958 
52900 0.3210227272727273 0.9269427987054721 
53000 0.3359375 0.9269455652423367 
53100 0.32386363636363635 0.9269492843611916 
53200 0.3288352272727273 0.9269519749073412 
53300 0.3210227272727273 0.9269512575237374 
53400 0.3181818181818182 0.9269503167288321 
53500 0.3387784090909091 0.9269508529789587 
53600 0.3494318181818182 0.9269451198544464 
53700 0.33735795454545453 0.9269450554078051 
53800 0.3330965909090909 0.9269475125927027 
53900 0.33238636363636365 0.9269516209009446 
54000 0.33167613636363635 0.9269499139115269 
54100 0.3210227272727273 0.9269562737035612 
54200 0.32386363636363635 0.9269549575360065 
54300 0.3288352272727273 0.9269575046541919 
54400 0.3430397727272727 0.9269582015955589 
54500 0.34019886363636365 0.9269560029966089 
54600 0.3210227272727273 0.926953461246131 
54700 0.3352272727272727 0.9269555380406873 
54800 0.3366477272727273 0.9269568296489281 
54900 0.34019886363636365 0.9269511955197041 
55000 0.3210227272727273 0.9269494299483811 
55100 0.34730113636363635 0.9269495268812148 
55200 0.3387784090909091 0.9269429716358893 
55300 0.33451704545454547 0.926942001089903 
55400 0.32386363636363635 0.9269394443979515 
55500 0.3203125 0.9269417596488843 
55600 0.32670454545454547 0.9269445519701248 
55700 0.3387784090909091 0.9269498334043292 
55800 0.3231534090909091 0.9269477392063681 
55900 0.3224431818181818 0.9269491336957706 
56000 0.3146306818181818 0.9269493691062335 
56100 0.3352272727272727 0.9269542371631684 
56200 0.3352272727272727 0.9269508231210704 
56300 0.32386363636363635 0.9269521643810622 
56400 0.3181818181818182 0.9269564475202728 
56500 0.3231534090909091 0.9269589179636403 
56600 0.3146306818181818 0.9269628854332802 
56700 0.3309659090909091 0.9269648222494071 
56800 0.3259943181818182 0.9269639138875596 
56900 0.3125 0.9269672026054823 
57000 0.32954545454545453 0.9269708785013341 
57100 0.3352272727272727 0.9269688946300892 
57200 0.31107954545454547 0.9269721449760097 
57300 0.3132102272727273 0.926975185662316 
57400 0.328125 0.9269738356830971 
57500 0.3359375 0.9269781597671819 
57600 0.32173295454545453 0.9269832456349401 
57700 0.3288352272727273 0.9269877230542719 
57800 0.32173295454545453 0.9269881546953419 
57900 0.33238636363636365 0.9269846719164844 
58000 0.3352272727272727 0.9269829644394846 
58100 0.32954545454545453 0.9269813361841683 
58200 0.3274147727272727 0.9269797867421834 
58300 0.3465909090909091 0.9269815317763145 
58400 0.3380681818181818 0.9269795251793633 
58500 0.3330965909090909 0.9269739075944312 
58600 0.3181818181818182 0.9269720541729819 
58700 0.34375 0.9269684648008165 
58800 0.3444602272727273 0.926965938465796 
58900 0.3302556818181818 0.9269678339308949 
59000 0.31605113636363635 0.9269669422975881 
59100 0.30823863636363635 0.9269705841579361 
59200 0.328125 0.926972402186081 
59300 0.3359375 0.9269764417394464 
59400 0.3174715909090909 0.9269791405218155 
59500 0.3231534090909091 0.9269793355268284 
59600 0.32386363636363635 0.9269796371247584 
59700 0.3387784090909091 0.9269814247629474 
59800 0.3444602272727273 0.926978040139949 
59900 0.3259943181818182 0.9269739198465347 
60000 0.3380681818181818 0.9269765721707669 
60100 0.3210227272727273 0.9269755995967395 
60200 0.3387784090909091 0.9269771549400417 
60300 0.3380681818181818 0.926977915996418 
60400 0.32954545454545453 0.9269780395718915 
60500 0.3224431818181818 0.9269792075187337 
60600 0.33451704545454547 0.9269775823156233 
60700 0.34232954545454547 0.9269742659062079 
60800 0.3380681818181818 0.926974312903795 
60900 0.359375 0.9269692634543991 
61000 0.3210227272727273 0.9269689924978876 
61100 0.3380681818181818 0.9269713494125227 
61200 0.3196022727272727 0.9269742440520135 
61300 0.3338068181818182 0.9269746035212238 
61400 0.3302556818181818 0.9269755517381268 
61500 0.33948863636363635 0.9269789566429815 
61600 0.33948863636363635 0.9269742106828254 
61700 0.3409090909090909 0.9269713793868082 
61800 0.3274147727272727 0.9269735678372372 
61900 0.3203125 0.9269733397609967 
62000 0.31889204545454547 0.9269721731027799 
62100 0.3338068181818182 0.9269688143654545 
62200 0.328125 0.9269674303687021 
62300 0.3458806818181818 0.9269642382254188 
62400 0.3380681818181818 0.9269665991840166 
62500 0.3352272727272727 0.9269655890051214 
62600 0.32954545454545453 0.926965308152934 
62700 0.3259943181818182 0.9269669764763793 
62800 0.31605113636363635 0.9269705394275713 
62900 0.3231534090909091 0.926970206879931 
63000 0.3330965909090909 0.9269677898330618 
63100 0.3203125 0.9269693198386137 
63200 0.3274147727272727 0.9269695077285889 
63300 0.3259943181818182 0.9269681915659813 
63400 0.3259943181818182 0.9269657369363259 
63500 0.3302556818181818 0.9269613103802231 
63600 0.3309659090909091 0.9269607056635759 
63700 0.32173295454545453 0.9269610059461033 
63800 0.33167613636363635 0.9269640660021002 
63900 0.33167613636363635 0.9269617370655745 
64000 0.3352272727272727 0.9269610355875121 
64100 0.33735795454545453 0.9269621755475379 
64200 0.32670454545454547 0.9269590307464766 
64300 0.31889204545454547 0.9269625118936367 
64400 0.3203125 0.9269657175530871 
64500 0.328125 0.9269697721388392 
64600 0.32457386363636365 0.9269673716527045 
64700 0.3359375 0.9269689303312721 
64800 0.33167613636363635 0.9269720295772652 
64900 0.3153409090909091 0.9269764434047101 
65000 0.32670454545454547 0.9269752493318285 
65100 0.3252840909090909 0.9269761753938984 
65200 0.32386363636363635 0.9269786345127167 
65300 0.3330965909090909 0.9269790957537891 
65400 0.3309659090909091 0.9269795230056255 
65500 0.32386363636363635 0.9269829958355945 
65600 0.33451704545454547 0.9269856136131517 
65700 0.33735795454545453 0.9269835859354569 
65800 0.3288352272727273 0.9269828920291346 
65900 0.3366477272727273 0.9269842263395093 
66000 0.3288352272727273 0.9269852983460306 
66100 0.3302556818181818 0.9269846264875652 
66200 0.3416193181818182 0.9269786783123298 
66300 0.3430397727272727 0.9269761438364429 
66400 0.3181818181818182 0.9269736169944045 
66500 0.3387784090909091 0.9269762882068759 
66600 0.32386363636363635 0.9269731822208511 
66700 0.3096590909090909 0.9269754733982454 
66800 0.3330965909090909 0.9269808090958083 
66900 0.3359375 0.9269759798569392 
67000 0.31889204545454547 0.9269743345078975 
67100 0.3302556818181818 0.9269739853660222 
67200 0.34232954545454547 0.9269719779771946 
67300 0.3487215909090909 0.9269698182588129 
67400 0.30894886363636365 0.9269663793934808 
67500 0.3416193181818182 0.9269637714121407 
67600 0.3416193181818182 0.9269635455399395 
67700 0.32173295454545453 0.9269605403136251 
67800 0.3125 0.926961262638926 
67900 0.3380681818181818 0.9269601942199271 
68000 0.3231534090909091 0.9269572385132037 
68100 0.3288352272727273 0.926954072477243 
68200 0.3366477272727273 0.9269534775049952 
68300 0.3302556818181818 0.9269484961121294 
68400 0.33167613636363635 0.9269459693571731 
68500 0.32386363636363635 0.926945222929725 
68600 0.32954545454545453 0.926944592561598 
68700 0.32954545454545453 0.9269459695902269 
68800 0.3039772727272727 0.9269483542621606 
68900 0.3259943181818182 0.9269518040376773 
69000 0.3330965909090909 0.9269499532121406 
69100 0.33451704545454547 0.9269487449859297 
69200 0.33167613636363635 0.9269467089282735 
69300 0.3259943181818182 0.926944545516856 
69400 0.30894886363636365 0.9269437289513774 
69500 0.3330965909090909 0.92694306801995 
69600 0.3210227272727273 0.9269409701859038 
69700 0.3309659090909091 0.9269417416568955 
69800 0.3288352272727273 0.9269444543481403 
69900 0.3181818181818182 0.9269474336106519 
70000 0.32457386363636365 0.9269536510679718 
70100 0.33735795454545453 0.9269535084767303 
70200 0.3288352272727273 0.9269551570101954 
70300 0.328125 0.9269525072221914 
70400 0.3330965909090909 0.9269486644527261 
70500 0.33735795454545453 0.9269433920021767 
70600 0.3338068181818182 0.9269417258125368 
70700 0.32457386363636365 0.9269404058834194 
70800 0.3259943181818182 0.9269400326266578 
70900 0.3522727272727273 0.9269382780535215 
71000 0.32173295454545453 0.9269328973119457 
71100 0.3380681818181818 0.9269324363006018 
71200 0.3338068181818182 0.9269300813414265 
71300 0.34517045454545453 0.9269295658068036 
71400 0.3359375 0.926928643888359 
71500 0.3352272727272727 0.9269276748831231 
71600 0.3352272727272727 0.926929089201395 
71700 0.32954545454545453 0.9269250615085881 
71800 0.3409090909090909 0.9269238938176348 
71900 0.3210227272727273 0.9269192029823836 
72000 0.3153409090909091 0.9269204732478463 
72100 0.35298295454545453 0.9269188735088784 
72200 0.32954545454545453 0.9269167863609292 
72300 0.3330965909090909 0.9269162079362664 
72400 0.31107954545454547 0.9269181423756075 
72500 0.3338068181818182 0.9269206592448255 
72600 0.3224431818181818 0.9269224061370304 
72700 0.3196022727272727 0.9269248613717955 
72800 0.32386363636363635 0.9269257001652075 
72900 0.32954545454545453 0.9269289625033202 
73000 0.3387784090909091 0.9269294625945348 
73100 0.32457386363636365 0.9269272506376607 
73200 0.34019886363636365 0.9269254134164834 
73300 0.3387784090909091 0.9269217790188897 
73400 0.3366477272727273 0.9269167515057387 
73500 0.3210227272727273 0.9269172358199208 
73600 0.33451704545454547 0.9269178249647053 
73700 0.3174715909090909 0.9269158395377638 
73800 0.3352272727272727 0.9269167754255608 
73900 0.3181818181818182 0.9269188812643696 
74000 0.3274147727272727 0.9269183612844298 
74100 0.3409090909090909 0.9269159737140095 
74200 0.32670454545454547 0.9269121951156012 
74300 0.31676136363636365 0.9269118965271482 
74400 0.31889204545454547 0.9269130688156684 
74500 0.33238636363636365 0.9269133609097376 
74600 0.33167613636363635 0.9269126906658575 
74700 0.32457386363636365 0.9269148079434254 
74800 0.32457386363636365 0.9269165777438562 
74900 0.328125 0.9269153369569043 
75000 0.3224431818181818 0.9269160975580931 
75100 0.3302556818181818 0.9269170452729718 
75200 0.3380681818181818 0.9269192654594777 
75300 0.33167613636363635 0.926918150308278 
75400 0.34232954545454547 0.9269218513951467 
75500 0.3338068181818182 0.9269179607494663 
75600 0.34730113636363635 0.9269147473999262 
75700 0.32954545454545453 0.9269114956299365 
75800 0.33948863636363635 0.9269106416951803 
75900 0.3231534090909091 0.9269096496512802 
76000 0.33238636363636365 0.9269113422251621 
76100 0.33238636363636365 0.9269056201925432 
76200 0.3366477272727273 0.9269032871794811 
76300 0.3302556818181818 0.9269058936437149 
76400 0.31676136363636365 0.9269106592637412 
76500 0.3444602272727273 0.926910984006745 
76600 0.3430397727272727 0.9269101860170351 
76700 0.3181818181818182 0.9269113809408672 
76800 0.3288352272727273 0.9269130906202689 
76900 0.3259943181818182 0.926913161151114 
77000 0.3288352272727273 0.9269119217459986 
77100 0.3210227272727273 0.9269143149452136 
77200 0.3288352272727273 0.9269178151101434 
77300 0.32457386363636365 0.9269195054074333 
77400 0.32386363636363635 0.9269230173500225 
77500 0.32670454545454547 0.9269240001008785 
77600 0.3125 0.9269243396582284 
77700 0.3153409090909091 0.9269274936206507 
77800 0.3196022727272727 0.9269303290971955 
77900 0.3338068181818182 0.926932181769752 
78000 0.3359375 0.9269322177250642 
78100 0.3224431818181818 0.9269309531888196 
78200 0.3387784090909091 0.9269321985390794 
78300 0.328125 0.9269338216683637 
78400 0.3224431818181818 0.9269362016051511 
78500 0.33167613636363635 0.9269353817583099 
78600 0.3224431818181818 0.9269350790413261 
78700 0.3288352272727273 0.9269377280639844 
78800 0.3416193181818182 0.9269374411636446 
78900 0.33735795454545453 0.9269342385048698 
79000 0.3146306818181818 0.9269338398765954 
79100 0.3259943181818182 0.9269378328598306 
79200 0.328125 0.9269406858671435 
79300 0.3380681818181818 0.9269438720106705 
79400 0.328125 0.926943812105641 
79500 0.3380681818181818 0.9269438774212102 
79600 0.3153409090909091 0.9269463248377419 
79700 0.3181818181818182 0.9269441055832538 
79800 0.3309659090909091 0.9269443215851704 
79900 0.3231534090909091 0.9269470525883736 
80000 0.3274147727272727 0.9269472377333919 
80100 0.3302556818181818 0.9269448510885688 
80200 0.34019886363636365 0.926942381839492 
80300 0.3252840909090909 0.9269415992074139 
80400 0.34019886363636365 0.9269384864616111 
80500 0.32386363636363635 0.9269359460949667 
80600 0.32173295454545453 0.926934998127702 
80700 0.3302556818181818 0.9269372207706111 
80800 0.3288352272727273 0.9269362823620545 
80900 0.3387784090909091 0.9269341786706761 
81000 0.3338068181818182 0.9269333340160784 
81100 0.3203125 0.9269343392386149 
81200 0.34019886363636365 0.9269350358565893 
81300 0.3338068181818182 0.9269327081826121 
81400 0.3380681818181818 0.926934644048934 
81500 0.31392045454545453 0.9269356078731884 
81600 0.3338068181818182 0.9269390846925896 
81700 0.3338068181818182 0.9269384585951435 
81800 0.3352272727272727 0.9269367574135012 
81900 0.3359375 0.9269359969380994 
82000 0.3274147727272727 0.9269344328256529 
82100 0.33451704545454547 0.9269347410644981 
82200 0.3153409090909091 0.9269376060316674 
82300 0.33451704545454547 0.9269375644806039 
82400 0.3330965909090909 0.9269346269931631 
82500 0.3288352272727273 0.9269322820191711 
82600 0.3288352272727273 0.9269327285686614 
82700 0.3252840909090909 0.9269322551337733 
82800 0.33735795454545453 0.9269301616910643 
82900 0.34232954545454547 0.9269273108203542 
83000 0.32386363636363635 0.9269250914693251 
83100 0.3302556818181818 0.9269247833414104 
83200 0.33451704545454547 0.9269248686231918 
83300 0.32954545454545453 0.9269249792783236 
83400 0.3309659090909091 0.9269241955077931 
83500 0.33735795454545453 0.9269246129061056 
83600 0.3309659090909091 0.9269260997312995 
83700 0.3302556818181818 0.9269265308278059 
83800 0.3352272727272727 0.9269249183807744 
83900 0.32954545454545453 0.9269248588840094 
84000 0.32386363636363635 0.9269251208183669 
84100 0.32670454545454547 0.9269251963413039 
84200 0.3252840909090909 0.9269251957707261 
84300 0.3309659090909091 0.9269260713908279 
84400 0.3288352272727273 0.9269267934675484 
84500 0.3224431818181818 0.9269251100175253 
84600 0.32386363636363635 0.9269290048419802 
84700 0.32386363636363635 0.9269290836294731 
84800 0.3259943181818182 0.9269269176714254 
84900 0.3409090909090909 0.9269247986424831 
85000 0.33238636363636365 0.9269243306362172 
85100 0.33238636363636365 0.9269221111331882 
85200 0.3288352272727273 0.926920897148561 
85300 0.32173295454545453 0.9269275791821688 
85400 0.3210227272727273 0.9269279500665842 
85500 0.3181818181818182 0.926929840201231 
85600 0.33167613636363635 0.9269313110721944 
85700 0.31676136363636365 0.9269319829327334 
85800 0.3380681818181818 0.9269299630037158 
85900 0.3252840909090909 0.9269310069281658 
86000 0.3210227272727273 0.9269312638806525 
86100 0.31676136363636365 0.9269338958817921 
86200 0.3309659090909091 0.9269315452995167 
86300 0.3302556818181818 0.9269342202528992 
86400 0.3430397727272727 0.9269320966797522 
86500 0.3288352272727273 0.9269320717259181 
86600 0.3409090909090909 0.9269327521280984 
86700 0.3231534090909091 0.9269337995865624 
86800 0.33167613636363635 0.9269333227335044 
86900 0.328125 0.9269312451028391 
87000 0.3259943181818182 0.9269319151634621 
87100 0.3181818181818182 0.9269329016940626 
87200 0.328125 0.9269335764628429 
87300 0.3366477272727273 0.9269328992118179 
87400 0.3210227272727273 0.9269311427422819 
87500 0.32457386363636365 0.9269304698206047 
87600 0.3338068181818182 0.9269286066291273 
87700 0.328125 0.9269300436866585 
87800 0.3409090909090909 0.9269312347990445 
87900 0.3259943181818182 0.9269316798547126 
88000 0.3515625 0.9269295735663128 
88100 0.34517045454545453 0.9269278831965585 
88200 0.3302556818181818 0.9269284110621298 
88300 0.3252840909090909 0.9269304981231552 
88400 0.34232954545454547 0.9269319779008053 
88500 0.3302556818181818 0.9269310869368708 
88600 0.34232954545454547 0.9269273683295182 
88700 0.3359375 0.926923978386018 
88800 0.3288352272727273 0.9269237312796437 
88900 0.3352272727272727 0.9269209602151934 
89000 0.33451704545454547 0.9269187938771883 
89100 0.328125 0.9269202034259385 
89200 0.3181818181818182 0.9269213948376037 
89300 0.31889204545454547 0.9269244843919084 
89400 0.3075284090909091 0.9269255094639983 
89500 0.32386363636363635 0.9269267544369743 
89600 0.33735795454545453 0.926927378359718 
89700 0.3259943181818182 0.9269296952831173 
89800 0.34232954545454547 0.9269283926783565 
89900 0.3181818181818182 0.9269293603013821 
90000 0.33948863636363635 0.9269292683364124 
90100 0.3274147727272727 0.926927300524361 
90200 0.3259943181818182 0.926925801631407 
90300 0.3259943181818182 0.9269255094200104 
90400 0.3259943181818182 0.9269272212395077 
90500 0.32670454545454547 0.9269282229804593 
90600 0.328125 0.9269286894535581 
90700 0.33167613636363635 0.9269266726537043 
90800 0.3387784090909091 0.9269238077198789 
90900 0.3210227272727273 0.9269245197197551 
91000 0.32670454545454547 0.9269238097158773 
91100 0.3309659090909091 0.9269211990363343 
91200 0.32954545454545453 0.9269196765436184 
91300 0.33167613636363635 0.926918149607044 
91400 0.31107954545454547 0.9269177760388537 
91500 0.3210227272727273 0.9269186529630575 
91600 0.3330965909090909 0.9269192876144663 
91700 0.328125 0.9269165905175021 
91800 0.3252840909090909 0.9269175587065303 
91900 0.3259943181818182 0.9269145525051167 
92000 0.3174715909090909 0.9269135985799561 
92100 0.3259943181818182 0.9269153765604163 
92200 0.3338068181818182 0.9269162186172305 
92300 0.3259943181818182 0.9269159892880112 
92400 0.328125 0.9269131855248517 
92500 0.3366477272727273 0.9269121691313411 
92600 0.3366477272727273 0.9269110475564273 
92700 0.3274147727272727 0.9269100433235495 
92800 0.3288352272727273 0.9269118423366324 
92900 0.3210227272727273 0.9269136068967846 
93000 0.3259943181818182 0.9269132828239384 
93100 0.33451704545454547 0.9269147140178164 
93200 0.3203125 0.9269142827671571 
93300 0.3132102272727273 0.9269170876323064 
93400 0.3224431818181818 0.9269176737084769 
93500 0.3359375 0.9269156151465565 
93600 0.32954545454545453 0.9269160877263355 
93700 0.3366477272727273 0.9269167108918018 
93800 0.3103693181818182 0.9269159849768999 
93900 0.3181818181818182 0.9269167052509848 
94000 0.3366477272727273 0.9269155048882459 
94100 0.3352272727272727 0.9269129938117747 
94200 0.3494318181818182 0.926911732082076 
94300 0.33451704545454547 0.9269094638083468 
94400 0.35014204545454547 0.9269084567671182 
94500 0.3416193181818182 0.926905437688971 
94600 0.32173295454545453 0.9269059535695856 
94700 0.32954545454545453 0.9269089282560135 
94800 0.3203125 0.9269073491625041 
94900 0.3274147727272727 0.9269074497849913 
95000 0.32386363636363635 0.9269096883310319 
95100 0.3259943181818182 0.9269107944807005 
95200 0.33735795454545453 0.9269115252919421 
95300 0.3330965909090909 0.9269085283374876 
95400 0.3330965909090909 0.9269081879621045 
95500 0.3132102272727273 0.9269103991414654 
95600 0.3444602272727273 0.9269116770602438 
95700 0.32173295454545453 0.9269105032744029 
95800 0.3380681818181818 0.9269093096983235 
95900 0.30823863636363635 0.9269110883524772 
96000 0.3430397727272727 0.9269121012943994 
96100 0.33167613636363635 0.9269147158505587 
96200 0.31676136363636365 0.9269172585264186 
96300 0.3046875 0.9269198549222089 
96400 0.33238636363636365 0.9269229837534692 
96500 0.3117897727272727 0.926923714167823 
96600 0.3132102272727273 0.9269249871307562 
96700 0.3288352272727273 0.9269272783561513 
96800 0.328125 0.9269260871178078 
96900 0.32670454545454547 0.9269257338910096 
97000 0.3302556818181818 0.9269245686665836 
97100 0.32173295454545453 0.9269234277851272 
97200 0.328125 0.9269235460189803 
97300 0.3231534090909091 0.9269215180213976 
97400 0.3366477272727273 0.9269201212816557 
97500 0.3288352272727273 0.926920344523273 
97600 0.34019886363636365 0.9269192065375634 
97700 0.32954545454545453 0.9269194593360448 
97800 0.328125 0.9269190217310476 
97900 0.31676136363636365 0.9269207541291713 
98000 0.3259943181818182 0.9269258239248023 
98100 0.328125 0.9269275965354815 
98200 0.3359375 0.9269278539678822 
98300 0.3338068181818182 0.9269271282729945 
98400 0.3196022727272727 0.9269264401414989 
98500 0.328125 0.926927801148304 
98600 0.32954545454545453 0.9269272938062586 
98700 0.33451704545454547 0.9269256073899961 
98800 0.3309659090909091 0.9269249810914685 
98900 0.3416193181818182 0.9269247007567715 
99000 0.33735795454545453 0.9269237609858854 
99100 0.32670454545454547 0.9269251451228361 
99200 0.3174715909090909 0.9269288175018398 
99300 0.31107954545454547 0.9269302652815911 
99400 0.31889204545454547 0.9269315958271866 
99500 0.32670454545454547 0.9269301613346052 
99600 0.3359375 0.9269290506050961 
99700 0.3252840909090909 0.9269298797153489 
99800 0.328125 0.9269299243562872 
99900 0.3224431818181818 0.9269303101547806 
