0 0.010416666666666666 0.9921875 
100 0.07291666666666667 0.9685695132013201 
200 0.07291666666666667 0.9677653399668324 
300 0.057291666666666664 0.9668985326688815 
400 0.06770833333333333 0.9666588736492103 
500 0.057291666666666664 0.9666760229540918 
600 0.07291666666666667 0.966821790072102 
700 0.046875 0.9668776747503567 
800 0.06770833333333333 0.9669586194340408 
900 0.07291666666666667 0.9669377774694784 
1000 0.07291666666666667 0.9668612637362637 
1100 0.06770833333333333 0.9668861640932486 
1200 0.078125 0.9666163613655288 
1300 0.078125 0.9665942063797079 
1400 0.046875 0.9665584850107066 
1500 0.06770833333333333 0.9663800521874306 
1600 0.06770833333333333 0.9664402456797835 
1700 0.0625 0.9666862629825593 
1800 0.06770833333333333 0.9667184318896909 
1900 0.06770833333333333 0.9666842012975627 
2000 0.06770833333333333 0.966652090621356 
2100 0.057291666666666664 0.9666862505949548 
2200 0.06770833333333333 0.9667244055732243 
2300 0.057291666666666664 0.9668429939881211 
2400 0.06770833333333333 0.9668323962237957 
2500 0.07291666666666667 0.9666852009196322 
2600 0.078125 0.9666494457260029 
2700 0.057291666666666664 0.9666712945822535 
2800 0.057291666666666664 0.9667966425681305 
2900 0.0625 0.9668155018384466 
3000 0.06770833333333333 0.9668174844496279 
3100 0.07291666666666667 0.9668537702891541 
3200 0.0625 0.9668495522232635 
3300 0.06770833333333333 0.9668029889932344 
3400 0.07291666666666667 0.9667951521611291 
3500 0.0625 0.9667803246691421 
3600 0.07291666666666667 0.9667728293066741 
3700 0.078125 0.9666988933171214 
3800 0.0625 0.9666665296413225 
3900 0.06770833333333333 0.9666952384004102 
4000 0.0625 0.9666834593434974 
4100 0.0625 0.9666582845647403 
4200 0.06770833333333333 0.9666646830119813 
4300 0.06770833333333333 0.9666574633806092 
4400 0.07291666666666667 0.9666334119139589 
4500 0.06770833333333333 0.966585550433237 
4600 0.0625 0.9666359894588133 
4700 0.078125 0.9666133757002057 
4800 0.0625 0.9666708975560647 
4900 0.078125 0.9666724052914372 
5000 0.06770833333333333 0.9666696868959541 
5100 0.06770833333333333 0.966672690812259 
5200 0.078125 0.9666865947253733 
5300 0.0625 0.9666886750927498 
5400 0.06770833333333333 0.966672838363266 
5500 0.07291666666666667 0.9666367478640248 
5600 0.057291666666666664 0.9666772674522407 
5700 0.052083333333333336 0.966707229725779 
5800 0.0625 0.9667222425731196 
5900 0.052083333333333336 0.9667724926566119 
6000 0.06770833333333333 0.9667898232239072 
6100 0.046875 0.9667634745670108 
6200 0.0625 0.96676821278826 
6300 0.0625 0.9667570954345871 
6400 0.06770833333333333 0.9667943322657918 
6500 0.052083333333333336 0.9667995789109368 
6600 0.07291666666666667 0.9668326768671414 
6700 0.078125 0.9668131000348207 
6800 0.06770833333333333 0.966791418541391 
6900 0.07291666666666667 0.9667499879244554 
7000 0.06770833333333333 0.9667261075798695 
7100 0.06770833333333333 0.9667403065295967 
7200 0.08333333333333333 0.9667175855205296 
7300 0.057291666666666664 0.9667136779208327 
7400 0.057291666666666664 0.9667074128496149 
7500 0.057291666666666664 0.9667061752877394 
7600 0.0625 0.9667203876682893 
7700 0.0625 0.9666939899580141 
7800 0.07291666666666667 0.9666689366747853 
7900 0.07291666666666667 0.966677807134118 
8000 0.057291666666666664 0.9666594410073741 
8100 0.052083333333333336 0.9666743174710941 
8200 0.06770833333333333 0.9666834329146852 
8300 0.078125 0.9666587609926515 
8400 0.0625 0.9666563752331072 
8500 0.06770833333333333 0.9666868236089872 
8600 0.0625 0.9666611561640119 
8700 0.0625 0.9666974342029652 
8800 0.06770833333333333 0.9666967887171912 
8900 0.06770833333333333 0.9666809440886792 
9000 0.06770833333333333 0.9666602437692108 
9100 0.06770833333333333 0.9666880699923085 
9200 0.0625 0.9667068004383581 
9300 0.0625 0.9667268080493137 
9400 0.057291666666666664 0.966744727954473 
9500 0.057291666666666664 0.9667433581552819 
9600 0.06770833333333333 0.9667330660000695 
9700 0.0625 0.9667436561522867 
9800 0.0625 0.966733039570792 
9900 0.0625 0.966725793690873 
10000 0.06770833333333333 0.9667265044328901 
10100 0.06770833333333333 0.9667251386001386 
10200 0.078125 0.966726607685521 
10300 0.07291666666666667 0.9666906327864608 
10400 0.0625 0.9666883993526264 
10500 0.0625 0.9666998480303464 
10600 0.06770833333333333 0.9667083785334717 
10700 0.078125 0.9667033649503162 
10800 0.06770833333333333 0.9666842190537913 
10900 0.052083333333333336 0.9666630355013301 
11000 0.0625 0.9666855569948186 
11100 0.07291666666666667 0.9666720152839083 
11200 0.07291666666666667 0.9666759199327442 
11300 0.052083333333333336 0.9666951947467776 
11400 0.07291666666666667 0.9666933456129579 
11500 0.07291666666666667 0.9666901700576761 
11600 0.07291666666666667 0.9666877226819527 
11700 0.046875 0.9667109114605589 
11800 0.06770833333333333 0.9666867038104116 
11900 0.06770833333333333 0.9666869730834944 
12000 0.0625 0.9666824639613365 
12100 0.046875 0.9666866374679779 
12200 0.0625 0.9667084579815862 
12300 0.06770833333333333 0.9667142576484297 
12400 0.07291666666666667 0.9667344535386931 
12500 0.06770833333333333 0.9667234954536971 
12600 0.052083333333333336 0.9667172578895855 
12700 0.046875 0.9667363380180038 
12800 0.06770833333333333 0.9667435242689373 
12900 0.057291666666666664 0.9667181000180864 
13000 0.078125 0.9667191065430865 
13100 0.0625 0.966710357669898 
13200 0.07291666666666667 0.9666847760901952 
13300 0.07291666666666667 0.9666674106583465 
13400 0.06770833333333333 0.9666499157401189 
13500 0.0625 0.9666606485939313 
13600 0.057291666666666664 0.9666710321544985 
13700 0.0625 0.9666689095078218 
13800 0.07291666666666667 0.9666634211289037 
13900 0.07291666666666667 0.9666701885955447 
14000 0.057291666666666664 0.9666790913744256 
14100 0.057291666666666664 0.9666812194170626 
14200 0.057291666666666664 0.9666979878177593 
14300 0.06770833333333333 0.9667097871943687 
14400 0.06770833333333333 0.9667100302641021 
14500 0.0625 0.9667011111302669 
14600 0.057291666666666664 0.966717818985001 
14700 0.057291666666666664 0.966703831088588 
14800 0.078125 0.9666900322050312 
14900 0.057291666666666664 0.9666963416884773 
15000 0.06770833333333333 0.9666999630580183 
15100 0.06770833333333333 0.9667242304593515 
15200 0.057291666666666664 0.9667204254654299 
15300 0.07291666666666667 0.9667067988475698 
15400 0.06770833333333333 0.9667068764474168 
15500 0.0625 0.9667094730447499 
15600 0.06770833333333333 0.9667036902014828 
15700 0.06770833333333333 0.9666991420397851 
15800 0.07291666666666667 0.9666964643587959 
15900 0.07291666666666667 0.9666938203572102 
16000 0.06770833333333333 0.9666913721538237 
16100 0.057291666666666664 0.9666896013187587 
16200 0.07291666666666667 0.9666783686192211 
16300 0.06770833333333333 0.9666856455636669 
16400 0.08333333333333333 0.9666844183789607 
16500 0.07291666666666667 0.9666843107993455 
16600 0.052083333333333336 0.9666882830853563 
16700 0.0625 0.9666831639322995 
16800 0.07291666666666667 0.9666808957304128 
16900 0.07291666666666667 0.9666706420231544 
17000 0.052083333333333336 0.9666588239907457 
17100 0.078125 0.9666479055805703 
17200 0.057291666666666664 0.9666461978954712 
17300 0.0625 0.9666530896576305 
17400 0.052083333333333336 0.966663044987836 
17500 0.06770833333333333 0.9666647024931909 
17600 0.07291666666666667 0.9666593872507244 
17700 0.057291666666666664 0.9666591341355479 
17800 0.057291666666666664 0.9666582986910848 
17900 0.06770833333333333 0.966655581392101 
18000 0.0625 0.966660127678092 
18100 0.078125 0.9666585812478132 
18200 0.078125 0.966656908732121 
18300 0.07291666666666667 0.9666531200480848 
18400 0.07291666666666667 0.9666490894969476 
18500 0.078125 0.9666504513269553 
18600 0.07291666666666667 0.9666550185473899 
18700 0.06770833333333333 0.9666451938844625 
18800 0.06770833333333333 0.9666363048064819 
18900 0.078125 0.9666414254977691 
19000 0.07291666666666667 0.9666321015999157 
19100 0.08333333333333333 0.9666183762193952 
19200 0.0625 0.9666027594048922 
19300 0.078125 0.9666075430029533 
19400 0.057291666666666664 0.9666005994106833 
19500 0.078125 0.9666056121053621 
19600 0.07291666666666667 0.9666150908542082 
19700 0.057291666666666664 0.9666124445882611 
19800 0.0625 0.966620214888137 
19900 0.06770833333333333 0.9666165226203038 
20000 0.0625 0.9666011491092112 
20100 0.07291666666666667 0.966604973011293 
20200 0.07291666666666667 0.9666008953764665 
20300 0.06770833333333333 0.9666042980230859 
20400 0.078125 0.9665915835416564 
20500 0.07291666666666667 0.9665739120449409 
20600 0.07291666666666667 0.9665727189618627 
20700 0.07291666666666667 0.9665653732508896 
20800 0.078125 0.9665632311347211 
20900 0.07291666666666667 0.9665603619444045 
21000 0.078125 0.9665535520133962 
21100 0.057291666666666664 0.9665434744403899 
21200 0.06770833333333333 0.9665470034825401 
21300 0.07291666666666667 0.9665474429995462 
21400 0.06770833333333333 0.9665436194570347 
21500 0.06770833333333333 0.9665508532548873 
21600 0.057291666666666664 0.9665500632686759 
21700 0.052083333333333336 0.9665516806061165 
21800 0.07291666666666667 0.9665604502087061 
21900 0.07291666666666667 0.966555108784987 
22000 0.06770833333333333 0.966545199650016 
22100 0.06770833333333333 0.9665422143417342 
22200 0.0625 0.9665406635211627 
22300 0.057291666666666664 0.9665440310972602 
22400 0.07291666666666667 0.9665556225168519 
22500 0.0625 0.9665568104380546 
22600 0.08333333333333333 0.9665604075409643 
22700 0.057291666666666664 0.9665537632336314 
22800 0.057291666666666664 0.9665604258950631 
22900 0.057291666666666664 0.9665539532480386 
23000 0.07291666666666667 0.9665520656710578 
23100 0.06770833333333333 0.966545572522113 
23200 0.07291666666666667 0.9665431761202822 
23300 0.07291666666666667 0.9665408002875413 
23400 0.08333333333333333 0.9665364416406707 
23500 0.0625 0.9665277984624768 
23600 0.07291666666666667 0.9665153665805121 
23700 0.057291666666666664 0.9665203999831231 
23800 0.0625 0.9665207956948587 
23900 0.0625 0.9665129074097318 
24000 0.052083333333333336 0.966522011235643 
24100 0.0625 0.9665233678063151 
24200 0.06770833333333333 0.9665260044350784 
24300 0.057291666666666664 0.966534084674156 
24400 0.057291666666666664 0.9665378297337541 
24500 0.057291666666666664 0.9665474963606928 
24600 0.052083333333333336 0.9665471339240952 
24700 0.0625 0.9665590040214296 
24800 0.041666666666666664 0.9665627982070616 
24900 0.057291666666666664 0.9665758696103236 
25000 0.0625 0.9665635249590017 
25100 0.057291666666666664 0.9665555323161096 
25200 0.057291666666666664 0.9665608300927212 
25300 0.057291666666666664 0.966557234233166 
25400 0.078125 0.9665532565975092 
25500 0.07291666666666667 0.9665511483209809 
25600 0.0625 0.9665524133171881 
25700 0.057291666666666664 0.9665650169254114 
25800 0.07291666666666667 0.9665615754557317 
25900 0.0625 0.9665608752236078 
26000 0.06770833333333333 0.9665616827237414 
26100 0.06770833333333333 0.9665625838090495 
26200 0.06770833333333333 0.9665682488263807 
26300 0.052083333333333336 0.9665731776675158 
26400 0.07291666666666667 0.9665772800588361 
26500 0.07291666666666667 0.9665724092172623 
26600 0.052083333333333336 0.9665633654123279 
26700 0.0625 0.9665714572175823 
26800 0.078125 0.9665790028046217 
26900 0.07291666666666667 0.9665816520141755 
27000 0.06770833333333333 0.9665893932940756 
27100 0.0625 0.9665827598612597 
27200 0.052083333333333336 0.9665859404678749 
27300 0.07291666666666667 0.9665900516464598 
27400 0.0625 0.9665899510966753 
27500 0.078125 0.9665888096493461 
27600 0.07291666666666667 0.9665856951137036 
27700 0.07291666666666667 0.9665913459802895 
27800 0.06770833333333333 0.9665924599534789 
27900 0.06770833333333333 0.966590299182825 
28000 0.0625 0.9665905719140983 
28100 0.06770833333333333 0.9666046507834833 
28200 0.07291666666666667 0.9666034855442478 
28300 0.06770833333333333 0.96660508904279 
28400 0.0625 0.966607689870075 
28500 0.0625 0.9666086277674467 
28600 0.078125 0.9666057349393378 
28700 0.0625 0.9666157465477393 
28800 0.07291666666666667 0.9666167371213963 
28900 0.078125 0.9666177208401093 
29000 0.078125 0.96661052636116 
29100 0.0625 0.9666110772252958 
29200 0.0625 0.9666162617147814 
29300 0.06770833333333333 0.9666137674482099 
29400 0.06770833333333333 0.9666112015747763 
29500 0.0625 0.9666154501824797 
29600 0.052083333333333336 0.9666122801313018 
29700 0.06770833333333333 0.9666106219768134 
29800 0.078125 0.9666071398610785 
29900 0.06770833333333333 0.9666156998651104 
30000 0.0625 0.9666163905647589 
30100 0.052083333333333336 0.9666309189617178 
30200 0.0625 0.9666356936304538 
30300 0.078125 0.966637170940453 
30400 0.0625 0.9666366683387608 
30500 0.057291666666666664 0.9666362544124236 
30600 0.057291666666666664 0.9666378856083134 
30700 0.07291666666666667 0.966640863354071 
30800 0.07291666666666667 0.9666368888185448 
30900 0.07291666666666667 0.9666353839681564 
31000 0.052083333333333336 0.9666367449168306 
31100 0.06770833333333333 0.9666311473103759 
31200 0.0625 0.9666311776866127 
31300 0.0625 0.9666396940193605 
31400 0.07291666666666667 0.9666401945797904 
31500 0.057291666666666664 0.9666351531168322 
31600 0.06770833333333333 0.9666312148613441 
31700 0.06770833333333333 0.9666340375697927 
31800 0.06770833333333333 0.9666274252382001 
31900 0.07291666666666667 0.9666241196723195 
32000 0.0625 0.9666298676864264 
32100 0.07291666666666667 0.9666304690663843 
32200 0.057291666666666664 0.966627184844156 
32300 0.0625 0.9666411740348596 
32400 0.07291666666666667 0.9666358677201321 
32500 0.041666666666666664 0.966637885500959 
32600 0.0625 0.9666326218265289 
32700 0.06770833333333333 0.96663240739325 
32800 0.078125 0.9666303682306434 
32900 0.06770833333333333 0.966629766192517 
33000 0.057291666666666664 0.9666269582739917 
33100 0.06770833333333333 0.9666244033412887 
33200 0.057291666666666664 0.9666297858749234 
33300 0.078125 0.9666264557871135 
33400 0.06770833333333333 0.9666266541420916 
33500 0.057291666666666664 0.9666228091450006 
33600 0.052083333333333336 0.9666356501046596 
33700 0.0625 0.966642001226472 
33800 0.06770833333333333 0.9666383760835479 
33900 0.06770833333333333 0.9666345418768375 
34000 0.06770833333333333 0.96662904522416 
34100 0.08333333333333333 0.9666333556933814 
34200 0.0625 0.9666334530910402 
34300 0.078125 0.9666316518954744 
34400 0.07291666666666667 0.966628195764658 
34500 0.07291666666666667 0.966629288523038 
34600 0.0625 0.9666333102126142 
34700 0.0625 0.9666400854202088 
34800 0.0625 0.9666374679127995 
34900 0.0625 0.9666421777551741 
35000 0.08333333333333333 0.9666452238269383 
35100 0.057291666666666664 0.9666384593743768 
35200 0.07291666666666667 0.9666386134863593 
35300 0.06770833333333333 0.9666372913184706 
35400 0.0625 0.9666361237441503 
35500 0.06770833333333333 0.9666391439677755 
35600 0.0625 0.9666379777487524 
35700 0.046875 0.9666379851638143 
35800 0.057291666666666664 0.9666385744578829 
35900 0.07291666666666667 0.9666435852529641 
36000 0.052083333333333336 0.9666439387100358 
36100 0.078125 0.9666472477678365 
36200 0.057291666666666664 0.9666478769002698 
36300 0.078125 0.9666513003544439 
36400 0.06770833333333333 0.96664697856286 
36500 0.0625 0.9666499576495621 
36600 0.0625 0.9666557664635756 
36700 0.06770833333333333 0.9666601244970618 
36800 0.06770833333333333 0.9666587977681765 
36900 0.06770833333333333 0.9666588896642367 
37000 0.06770833333333333 0.966655954681405 
37100 0.06770833333333333 0.9666601248394023 
37200 0.057291666666666664 0.9666625225128357 
37300 0.07291666666666667 0.9666619052885088 
37400 0.0625 0.9666617091343369 
37500 0.057291666666666664 0.9666609584855514 
37600 0.0625 0.9666690075840182 
37700 0.057291666666666664 0.9666745273113887 
37800 0.046875 0.9666765732608484 
37900 0.07291666666666667 0.9666718748625805 
38000 0.057291666666666664 0.9666775490557266 
38100 0.052083333333333336 0.9666771787485893 
38200 0.057291666666666664 0.966678241952654 
38300 0.057291666666666664 0.9666790276363542 
38400 0.057291666666666664 0.9666848953586278 
38500 0.078125 0.9666801809260366 
38600 0.0625 0.9666804832344585 
38700 0.0625 0.9666797746397595 
38800 0.0625 0.9666841033951015 
38900 0.057291666666666664 0.9666821841555059 
39000 0.052083333333333336 0.9666780712887704 
39100 0.0625 0.966673180246882 
39200 0.078125 0.9666722335952315 
39300 0.06770833333333333 0.9666704303537654 
39400 0.0625 0.9666704208015025 
39500 0.0625 0.9666747624532712 
39600 0.06770833333333333 0.9666765175332273 
39700 0.07291666666666667 0.9666777390158099 
39800 0.07291666666666667 0.9666719533847559 
39900 0.078125 0.9666703084926861 
40000 0.06770833333333333 0.9666644401598293 
40100 0.07291666666666667 0.9666630819680307 
40200 0.07291666666666667 0.9666644512367022 
40300 0.0625 0.966663099757657 
40400 0.06770833333333333 0.966662399548691 
40500 0.07291666666666667 0.9666596452350971 
40600 0.06770833333333333 0.9666658841530997 
40700 0.0625 0.9666628148980778 
40800 0.06770833333333333 0.9666607180788053 
40900 0.07291666666666667 0.9666638524526703 
41000 0.057291666666666664 0.966662589022219 
41100 0.07291666666666667 0.966659114133476 
41200 0.07291666666666667 0.9666605230051051 
41300 0.0625 0.9666566916257072 
41400 0.057291666666666664 0.9666538222707987 
41500 0.052083333333333336 0.9666555474566878 
41600 0.057291666666666664 0.9666532580346626 
41700 0.06770833333333333 0.966654788953902 
41800 0.057291666666666664 0.9666540074798848 
41900 0.057291666666666664 0.966659693384406 
42000 0.0625 0.966663058121632 
42100 0.06770833333333333 0.9666599120765144 
42200 0.057291666666666664 0.9666627049714461 
42300 0.07291666666666667 0.9666604980772716 
42400 0.057291666666666664 0.9666599598672987 
42500 0.07291666666666667 0.9666579536363851 
42600 0.078125 0.9666527169745625 
42700 0.0625 0.9666487855475672 
42800 0.0625 0.9666463327375528 
42900 0.057291666666666664 0.9666469871525917 
43000 0.057291666666666664 0.9666439443268762 
43100 0.057291666666666664 0.9666447220868812 
43200 0.0625 0.9666456168067097 
43300 0.057291666666666664 0.9666425380861104 
43400 0.06770833333333333 0.9666398335675829 
43500 0.0625 0.9666378598576278 
43600 0.057291666666666664 0.9666392996529132 
43700 0.0625 0.966634952575456 
43800 0.078125 0.966631754982763 
43900 0.06770833333333333 0.9666331395260548 
44000 0.0625 0.9666371218835935 
44100 0.057291666666666664 0.966636244076098 
44200 0.06770833333333333 0.9666377268990898 
44300 0.078125 0.9666370868227203 
44400 0.078125 0.9666385610684444 
44500 0.0625 0.9666410820356097 
44600 0.0625 0.966642307160527 
44700 0.0625 0.9666438763487767 
44800 0.06770833333333333 0.9666416021219765 
44900 0.0625 0.9666343502000698 
45000 0.052083333333333336 0.9666388779323423 
45100 0.0625 0.9666375537682091 
45200 0.078125 0.9666335852636003 
45300 0.06770833333333333 0.966635210407423 
45400 0.057291666666666664 0.9666329279641418 
45500 0.0625 0.9666264775316293 
45600 0.0625 0.9666306203080341 
45700 0.07291666666666667 0.9666303003034216 
45800 0.0625 0.9666329951856947 
45900 0.08333333333333333 0.96663533791929 
46000 0.06770833333333333 0.9666338775244017 
46100 0.0625 0.9666347394850437 
46200 0.06770833333333333 0.9666383596495025 
46300 0.057291666666666664 0.9666423578864387 
46400 0.0625 0.9666440939670841 
46500 0.057291666666666664 0.9666422384285642 
46600 0.06770833333333333 0.9666386026229766 
46700 0.07291666666666667 0.9666355400134187 
46800 0.078125 0.9666314889104933 
46900 0.07291666666666667 0.966632119162349 
47000 0.057291666666666664 0.9666354062502216 
47100 0.06770833333333333 0.9666364125319349 
47200 0.0625 0.9666395110802737 
47300 0.078125 0.9666405044290819 
47400 0.057291666666666664 0.9666378676082783 
47500 0.07291666666666667 0.9666431364602851 
47600 0.06770833333333333 0.9666411069795452 
47700 0.078125 0.9666394681627918 
47800 0.0625 0.966638326516879 
47900 0.057291666666666664 0.9666415932513587 
48000 0.057291666666666664 0.9666432730568113 
48100 0.078125 0.9666380160149131 
48200 0.06770833333333333 0.9666375892097674 
48300 0.06770833333333333 0.9666356545413138 
48400 0.052083333333333336 0.966633458847269 
48500 0.06770833333333333 0.96663309777118 
48600 0.06770833333333333 0.9666285051576442 
48700 0.07291666666666667 0.9666276744830702 
48800 0.06770833333333333 0.9666259934051897 
48900 0.057291666666666664 0.966624212695037 
49000 0.07291666666666667 0.966629613851418 
49100 0.052083333333333336 0.9666287346489888 
49200 0.057291666666666664 0.9666344751631064 
49300 0.06770833333333333 0.9666308429342204 
49400 0.0625 0.9666283324224206 
49500 0.0625 0.9666276207383016 
49600 0.06770833333333333 0.966625651868578 
49700 0.0625 0.966630397694882 
49800 0.06770833333333333 0.9666302090654136 
49900 0.06770833333333333 0.9666274640454767 
50000 0.06770833333333333 0.9666228029606074 
50100 0.057291666666666664 0.96662320238119 
50200 0.06770833333333333 0.9666235483356905 
50300 0.0625 0.9666232716546391 
50400 0.06770833333333333 0.9666173641561344 
50500 0.07291666666666667 0.966617616482842 
50600 0.052083333333333336 0.9666185368536854 
50700 0.057291666666666664 0.9666213026699013 
50800 0.08333333333333333 0.9666231348792347 
50900 0.06770833333333333 0.9666245505982201 
51000 0.078125 0.9666231524055083 
51100 0.07291666666666667 0.9666216577627313 
51200 0.057291666666666664 0.96662062671302 
51300 0.06770833333333333 0.9666237114448711 
51400 0.0625 0.966624909615896 
51500 0.078125 0.9666293898823971 
51600 0.06770833333333333 0.9666280995038856 
51700 0.06770833333333333 0.9666306422183968 
51800 0.06770833333333333 0.9666346832911848 
51900 0.0625 0.9666336912262449 
52000 0.041666666666666664 0.9666353070934534 
52100 0.0625 0.9666375665374305 
52200 0.057291666666666664 0.9666349782571215 
52300 0.06770833333333333 0.9666330471692702 
52400 0.0625 0.9666305767860665 
52500 0.0625 0.9666255860999473 
52600 0.07291666666666667 0.9666252186270223 
52700 0.057291666666666664 0.96662421016679 
52800 0.06770833333333333 0.9666248824201562 
52900 0.0625 0.9666217616396665 
53000 0.0625 0.9666219446331201 
53100 0.06770833333333333 0.9666229116055567 
53200 0.0625 0.9666246581361253 
53300 0.06770833333333333 0.9666298670131267 
53400 0.06770833333333333 0.9666291068987473 
53500 0.07291666666666667 0.9666304426552774 
53600 0.057291666666666664 0.966634396979534 
53700 0.06770833333333333 0.9666319353922646 
53800 0.057291666666666664 0.9666313706994294 
53900 0.06770833333333333 0.9666322575184134 
54000 0.07291666666666667 0.9666341055412554 
54100 0.06770833333333333 0.9666378721434601 
54200 0.06770833333333333 0.9666370604324643 
54300 0.078125 0.9666381700306317 
54400 0.06770833333333333 0.9666402329460856 
54500 0.0625 0.9666414759973823 
54600 0.06770833333333333 0.9666430006623811 
54700 0.06770833333333333 0.9666493280896754 
54800 0.06770833333333333 0.9666512605457321 
54900 0.08333333333333333 0.9666494861204714 
55000 0.0625 0.9666505590049878 
55100 0.0625 0.9666508718081341 
55200 0.078125 0.9666511834779563 
55300 0.0625 0.9666486214836381 
55400 0.057291666666666664 0.9666477609459516 
55500 0.0625 0.966647560404317 
55600 0.0625 0.9666509670089867 
55700 0.07291666666666667 0.9666524912778346 
55800 0.0625 0.9666508832727012 
55900 0.07291666666666667 0.9666491412646167 
56000 0.06770833333333333 0.9666499630958971 
56100 0.078125 0.9666473005531689 
56200 0.078125 0.966638531046304 
56300 0.06770833333333333 0.9666362683019247 
56400 0.057291666666666664 0.9666359528199855 
56500 0.06770833333333333 0.9666397405208167 
56600 0.078125 0.9666390059362909 
56700 0.07291666666666667 0.9666390547197874 
56800 0.06770833333333333 0.9666373611380081 
56900 0.07291666666666667 0.9666380533734029 
57000 0.057291666666666664 0.9666386061209452 
57100 0.06770833333333333 0.9666401146652422 
57200 0.06770833333333333 0.9666403887169804 
57300 0.057291666666666664 0.9666374350651239 
57400 0.078125 0.9666404349082188 
57500 0.06770833333333333 0.9666387595433122 
57600 0.0625 0.9666407068309 
57700 0.07291666666666667 0.9666416093308609 
57800 0.06770833333333333 0.9666412922498457 
57900 0.0625 0.9666413360736429 
58000 0.052083333333333336 0.9666443879559548 
58100 0.07291666666666667 0.9666466225480915 
58200 0.07291666666666667 0.9666452251679525 
58300 0.06770833333333333 0.9666446365985718 
58400 0.06770833333333333 0.9666441838181995 
58500 0.057291666666666664 0.9666459138162881 
58600 0.0625 0.9666467935700755 
58700 0.057291666666666664 0.9666493561296514 
58800 0.052083333333333336 0.966650138461364 
58900 0.06770833333333333 0.96664928227025 
59000 0.06770833333333333 0.9666468841629803 
59100 0.07291666666666667 0.966647049824312 
59200 0.06770833333333333 0.9666461592005766 
59300 0.078125 0.9666447006936364 
59400 0.0625 0.9666407043512174 
59500 0.052083333333333336 0.9666388660134564 
59600 0.078125 0.9666408351649581 
59700 0.0625 0.9666420997973233 
59800 0.052083333333333336 0.9666431860113822 
59900 0.07291666666666667 0.9666439208026577 
60000 0.078125 0.9666454343816492 
60100 0.052083333333333336 0.9666474628819265 
60200 0.06770833333333333 0.9666475380392352 
60300 0.06770833333333333 0.9666433807067876 
60400 0.0625 0.9666443246662583 
60500 0.0625 0.9666439311609174 
60600 0.06770833333333333 0.966646074322206 
60700 0.078125 0.9666461940495215 
60800 0.0625 0.9666475554815436 
60900 0.06770833333333333 0.9666497676557035 
61000 0.0625 0.966647063162899 
61100 0.08333333333333333 0.9666473935914851 
61200 0.052083333333333336 0.9666472123276852 
61300 0.06770833333333333 0.9666458421695133 
61400 0.0625 0.9666480391198841 
61500 0.078125 0.9666446819292911 
61600 0.052083333333333336 0.966642646155636 
61700 0.078125 0.9666413766929763 
61800 0.06770833333333333 0.9666369088553044 
61900 0.078125 0.9666387238628348 
62000 0.06770833333333333 0.9666357867883851 
62100 0.057291666666666664 0.9666352494323763 
62200 0.06770833333333333 0.9666373514225387 
62300 0.0625 0.9666397810629043 
62400 0.0625 0.9666407005363162 
62500 0.057291666666666664 0.9666408670794601 
62600 0.06770833333333333 0.966641948278249 
62700 0.0625 0.9666417800354061 
62800 0.057291666666666664 0.9666402439186212 
62900 0.052083333333333336 0.9666390852954113 
63000 0.06770833333333333 0.9666399557811252 
63100 0.0625 0.9666400806511255 
63200 0.07291666666666667 0.9666387217633687 
63300 0.07291666666666667 0.9666388893277094 
63400 0.052083333333333336 0.9666402885995489 
63500 0.06770833333333333 0.966638812774602 
63600 0.0625 0.9666385290063574 
63700 0.0625 0.9666350982846946 
63800 0.078125 0.9666386988448457 
63900 0.07291666666666667 0.9666374792648003 
64000 0.0625 0.966641349679432 
64100 0.07291666666666667 0.966641998564765 
64200 0.052083333333333336 0.9666468639507173 
64300 0.078125 0.9666457202583681 
64400 0.078125 0.9666421943499842 
64500 0.0625 0.966644533611882 
64600 0.0625 0.9666500502443203 
64700 0.0625 0.9666483854577209 
64800 0.0625 0.9666478108619723 
64900 0.06770833333333333 0.9666447502734935 
65000 0.0625 0.9666492310374712 
65100 0.06770833333333333 0.9666528579950129 
65200 0.06770833333333333 0.9666572326983738 
65300 0.0625 0.9666584435281746 
65400 0.0625 0.9666606461165221 
65500 0.06770833333333333 0.9666593433051913 
65600 0.07291666666666667 0.966663562356773 
65700 0.07291666666666667 0.9666616248864807 
65800 0.052083333333333336 0.9666659067997954 
65900 0.057291666666666664 0.9666697805546703 
66000 0.07291666666666667 0.9666685526860704 
66100 0.07291666666666667 0.9666642161868454 
66200 0.0625 0.9666644952493165 
66300 0.078125 0.9666619847362785 
66400 0.07291666666666667 0.9666561874068161 
66500 0.078125 0.9666576520779137 
66600 0.07291666666666667 0.966656179774578 
66700 0.07291666666666667 0.9666557269881011 
66800 0.052083333333333336 0.9666571857706721 
66900 0.0625 0.9666572388678794 
67000 0.07291666666666667 0.96665600917648 
67100 0.052083333333333336 0.9666555593433779 
67200 0.046875 0.9666580559937105 
67300 0.07291666666666667 0.9666543154386017 
67400 0.07291666666666667 0.9666539860313645 
67500 0.078125 0.9666508412838328 
67600 0.06770833333333333 0.9666463575489515 
67700 0.06770833333333333 0.9666457720959316 
67800 0.057291666666666664 0.9666482226786233 
67900 0.078125 0.9666484799561126 
68000 0.06770833333333333 0.9666486598849037 
68100 0.057291666666666664 0.9666478450512229 
68200 0.07291666666666667 0.9666484072203242 
68300 0.0625 0.966649959065997 
68400 0.0625 0.9666497550596239 
68500 0.06770833333333333 0.9666497417312643 
68600 0.07291666666666667 0.9666478683498297 
68700 0.06770833333333333 0.9666464552917716 
68800 0.0625 0.9666482258009815 
68900 0.07291666666666667 0.9666457580441503 
69000 0.052083333333333336 0.9666455241590701 
69100 0.07291666666666667 0.9666463461696164 
69200 0.06770833333333333 0.9666455852637005 
69300 0.07291666666666667 0.96664602903758 
69400 0.07291666666666667 0.96664358222504 
69500 0.06770833333333333 0.9666417044958586 
69600 0.06770833333333333 0.9666411791257788 
69700 0.0625 0.9666428969813919 
69800 0.0625 0.9666400582847429 
69900 0.0625 0.9666451257850388 
70000 0.07291666666666667 0.9666441521073509 
70100 0.0625 0.9666425496783213 
70200 0.06770833333333333 0.9666452178387772 
70300 0.07291666666666667 0.9666436554956545 
70400 0.078125 0.9666455746959087 
70500 0.06770833333333333 0.966646232559349 
70600 0.06770833333333333 0.9666444909892683 
70700 0.0625 0.966642496511129 
70800 0.07291666666666667 0.9666414639859136 
70900 0.06770833333333333 0.9666394059439688 
71000 0.06770833333333333 0.9666380505790998 
71100 0.06770833333333333 0.9666375780579739 
71200 0.041666666666666664 0.966638679583152 
71300 0.07291666666666667 0.9666382805523999 
71400 0.057291666666666664 0.9666385391427758 
71500 0.07291666666666667 0.9666377407891731 
71600 0.0625 0.9666361081432755 
71700 0.07291666666666667 0.9666340442137022 
71800 0.0625 0.9666326388792171 
71900 0.052083333333333336 0.9666365978335952 
72000 0.057291666666666664 0.966636277910492 
72100 0.057291666666666664 0.9666371146609155 
72200 0.0625 0.9666433954054191 
72300 0.06770833333333333 0.9666445081441934 
72400 0.0625 0.9666438913136559 
72500 0.07291666666666667 0.9666410132848743 
72600 0.07291666666666667 0.9666334084011698 
72700 0.0625 0.9666314123946026 
72800 0.052083333333333336 0.9666315323621928 
72900 0.0625 0.9666334738206609 
73000 0.07291666666666667 0.9666348035186733 
73100 0.07291666666666667 0.966632246537895 
73200 0.057291666666666664 0.9666287004275897 
73300 0.0625 0.9666285390604039 
73400 0.0625 0.9666311454657748 
73500 0.06770833333333333 0.9666310520718538 
73600 0.057291666666666664 0.966628694469731 
73700 0.06770833333333333 0.9666263785995667 
73800 0.06770833333333333 0.9666286562286871 
73900 0.07291666666666667 0.9666257828604033 
74000 0.07291666666666667 0.9666226709211136 
74100 0.0625 0.9666219219938552 
74200 0.07291666666666667 0.9666213505658054 
74300 0.07291666666666667 0.9666227784619319 
74400 0.06770833333333333 0.9666228024488919 
74500 0.0625 0.9666224768235773 
74600 0.078125 0.966624944705835 
74700 0.07291666666666667 0.9666218281883777 
74800 0.06770833333333333 0.9666228629407807 
74900 0.0625 0.9666260853215133 
75000 0.052083333333333336 0.9666243686195295 
75100 0.07291666666666667 0.966626782876837 
75200 0.07291666666666667 0.966627251466071 
75300 0.06770833333333333 0.9666286525632684 
75400 0.0625 0.9666330547119181 
75500 0.0625 0.966634237460431 
75600 0.0625 0.9666349692795069 
75700 0.052083333333333336 0.9666336695244008 
75800 0.052083333333333336 0.966635087267978 
75900 0.0625 0.9666363297255636 
76000 0.06770833333333333 0.9666366437612663 
76100 0.07291666666666667 0.9666353486375562 
76200 0.046875 0.9666345695375826 
76300 0.057291666666666664 0.9666364887637995 
76400 0.06770833333333333 0.9666364941776504 
76500 0.07291666666666667 0.9666363634135502 
76600 0.057291666666666664 0.9666382047884492 
76700 0.057291666666666664 0.9666380721350873 
76800 0.07291666666666667 0.9666378381032366 
76900 0.07291666666666667 0.9666361823968479 
77000 0.078125 0.9666350721094531 
77100 0.06770833333333333 0.9666337620458879 
77200 0.078125 0.9666320168564311 
77300 0.052083333333333336 0.9666316237284555 
77400 0.07291666666666667 0.9666301886172874 
77500 0.0625 0.9666296308542255 
77600 0.078125 0.9666285711524336 
77700 0.06770833333333333 0.9666273130869186 
77800 0.0625 0.9666296397754099 
77900 0.078125 0.96662831670967 
78000 0.06770833333333333 0.9666290669884574 
78100 0.0625 0.9666280481363875 
78200 0.0625 0.9666282973256949 
78300 0.0625 0.9666263508235314 
78400 0.0625 0.9666291259571519 
78500 0.078125 0.9666311973732818 
78600 0.06770833333333333 0.9666299172402387 
78700 0.08333333333333333 0.9666286403603512 
78800 0.078125 0.9666276311002822 
78900 0.07291666666666667 0.9666295948931783 
79000 0.07291666666666667 0.9666276969595322 
79100 0.07291666666666667 0.966627054862349 
79200 0.052083333333333336 0.9666274994423472 
79300 0.0625 0.9666282384522263 
79400 0.06770833333333333 0.9666295003631357 
79500 0.06770833333333333 0.9666320365991203 
79600 0.078125 0.9666328325544487 
79700 0.078125 0.966632156173281 
79800 0.0625 0.9666303719564918 
79900 0.0625 0.9666308736749227 
80000 0.06770833333333333 0.9666314066907497 
80100 0.0625 0.966632295997137 
80200 0.0625 0.9666314296787655 
80300 0.06770833333333333 0.9666311492592454 
80400 0.0625 0.9666323270751193 
80500 0.06770833333333333 0.9666321756354993 
80600 0.06770833333333333 0.9666324769026853 
80700 0.057291666666666664 0.9666350362758825 
80800 0.07291666666666667 0.9666363645973853 
80900 0.078125 0.9666393956811411 
81000 0.0625 0.9666374360604602 
81100 0.057291666666666664 0.9666391097212118 
81200 0.06770833333333333 0.9666394643641498 
81300 0.057291666666666664 0.9666416118805427 
81400 0.07291666666666667 0.9666425064393148 
81500 0.057291666666666664 0.9666429195142799 
81600 0.0625 0.9666455336025294 
81700 0.07291666666666667 0.9666431370179067 
81800 0.06770833333333333 0.9666430384408503 
81900 0.06770833333333333 0.9666446571165187 
82000 0.0625 0.9666458272358467 
82100 0.0625 0.9666461063710146 
82200 0.057291666666666664 0.9666449908861612 
82300 0.057291666666666664 0.9666460297667505 
82400 0.07291666666666667 0.9666496576194463 
82500 0.07291666666666667 0.9666469320573892 
82600 0.06770833333333333 0.9666461992994435 
82700 0.07291666666666667 0.9666452478909969 
82800 0.07291666666666667 0.9666439213697097 
82900 0.07291666666666667 0.9666429121783815 
83000 0.06770833333333333 0.9666412779163304 
83100 0.0625 0.9666435960959154 
83200 0.041666666666666664 0.9666459400027243 
83300 0.0625 0.9666460899328939 
83400 0.06770833333333333 0.9666450841916364 
83500 0.0625 0.9666457961581298 
83600 0.0625 0.966646132622018 
83700 0.046875 0.9666455971254824 
83800 0.06770833333333333 0.9666455911922293 
83900 0.057291666666666664 0.9666460818901642 
84000 0.052083333333333336 0.9666471604504708 
84100 0.07291666666666667 0.9666465024197096 
84200 0.07291666666666667 0.9666450108965452 
84300 0.07291666666666667 0.9666460251064637 
84400 0.0625 0.9666430875127862 
84500 0.0625 0.9666433311440101 
84600 0.0625 0.9666422813658625 
84700 0.0625 0.9666437551898246 
84800 0.06770833333333333 0.9666414790214738 
84900 0.057291666666666664 0.9666443306027019 
85000 0.06770833333333333 0.966644479427693 
85100 0.07291666666666667 0.9666459131404644 
85200 0.06770833333333333 0.9666468238831313 
85300 0.07291666666666667 0.9666464502663118 
85400 0.0625 0.9666463824584411 
85500 0.052083333333333336 0.9666466193865179 
85600 0.0625 0.9666463690065926 
85700 0.057291666666666664 0.966647030810609 
85800 0.06770833333333333 0.966648631960389 
85900 0.07291666666666667 0.9666468946325809 
86000 0.07291666666666667 0.966644828257811 
86100 0.06770833333333333 0.9666449141124958 
86200 0.0625 0.9666450299783839 
86300 0.06770833333333333 0.9666447532956358 
86400 0.057291666666666664 0.9666461048386785 
86500 0.06770833333333333 0.9666470317780527 
86600 0.046875 0.9666464530336447 
86700 0.057291666666666664 0.966646926890501 
86800 0.057291666666666664 0.9666468596271932 
86900 0.052083333333333336 0.9666485006405757 
87000 0.052083333333333336 0.9666475038122168 
87100 0.06770833333333333 0.9666446555818341 
87200 0.078125 0.9666423812991441 
87300 0.06770833333333333 0.9666391278450419 
87400 0.06770833333333333 0.9666377887552774 
87500 0.052083333333333336 0.9666381193738738 
87600 0.07291666666666667 0.9666394302481326 
87700 0.0625 0.9666369670338233 
87800 0.0625 0.9666398185480044 
87900 0.07291666666666667 0.9666376863839243 
88000 0.07291666666666667 0.9666375713533558 
88100 0.057291666666666664 0.9666374861427982 
88200 0.057291666666666664 0.9666404717633587 
88300 0.07291666666666667 0.9666437455408206 
88400 0.0625 0.9666453327733849 
88500 0.06770833333333333 0.9666448272241744 
88600 0.057291666666666664 0.966642294763415 
88700 0.06770833333333333 0.9666406487807353 
88800 0.06770833333333333 0.9666398569554396 
88900 0.057291666666666664 0.9666414103422158 
89000 0.07291666666666667 0.9666422872589446 
89100 0.057291666666666664 0.9666434544786254 
89200 0.07291666666666667 0.9666419040051868 
89300 0.0625 0.9666446437703199 
89400 0.078125 0.9666443771136043 
89500 0.06770833333333333 0.9666443729213454 
89600 0.0625 0.9666443106103727 
89700 0.0625 0.9666472096650724 
89800 0.07291666666666667 0.9666453173776832 
89900 0.057291666666666664 0.9666454280263845 
90000 0.0625 0.9666460881916127 
90100 0.078125 0.9666455329759566 
90200 0.06770833333333333 0.9666452965691438 
90300 0.06770833333333333 0.9666435899104108 
90400 0.06770833333333333 0.9666443932220514 
90500 0.0625 0.9666455400584892 
90600 0.06770833333333333 0.9666456208632723 
90700 0.0625 0.9666446965854841 
90800 0.07291666666666667 0.9666423116669053 
90900 0.078125 0.9666427108887691 
91000 0.0625 0.9666426227459038 
91100 0.06770833333333333 0.9666432494337787 
91200 0.06770833333333333 0.9666414476449454 
91300 0.0625 0.9666398779860024 
91400 0.07291666666666667 0.9666432123280927 
91500 0.057291666666666664 0.9666422703030568 
91600 0.07291666666666667 0.966641074469711 
91700 0.078125 0.9666400516352057 
91800 0.0625 0.9666411585930437 
91900 0.07291666666666667 0.9666405062694277 
92000 0.07291666666666667 0.9666392609410043 
92100 0.0625 0.9666405348023728 
92200 0.06770833333333333 0.9666398005444626 
92300 0.052083333333333336 0.9666380803927729 
92400 0.06770833333333333 0.9666363921476319 
92500 0.046875 0.9666381140474157 
92600 0.0625 0.9666375543100686 
92700 0.057291666666666664 0.9666383722937185 
92800 0.06770833333333333 0.9666394691328757 
92900 0.052083333333333336 0.966639806756655 
93000 0.06770833333333333 0.9666371194933387 
93100 0.057291666666666664 0.9666361162876875 
93200 0.057291666666666664 0.9666355343558546 
93300 0.0625 0.9666348978485404 
93400 0.057291666666666664 0.9666351270329011 
93500 0.06770833333333333 0.9666338795841756 
93600 0.0625 0.9666339146127356 
93700 0.06770833333333333 0.9666343386587835 
93800 0.07291666666666667 0.9666354836302384 
93900 0.06770833333333333 0.9666338805852263 
94000 0.06770833333333333 0.9666367966386883 
94100 0.078125 0.9666368007070417 
94200 0.07291666666666667 0.9666381593613655 
94300 0.07291666666666667 0.9666404264447531 
94400 0.07291666666666667 0.966640095620456 
94500 0.057291666666666664 0.9666404544219991 
94600 0.07291666666666667 0.9666399591001504 
94700 0.06770833333333333 0.9666421872085124 
94800 0.057291666666666664 0.9666444380860961 
94900 0.06770833333333333 0.9666429248199 
95000 0.06770833333333333 0.966643196518984 
95100 0.078125 0.9666445629734002 
95200 0.057291666666666664 0.9666444494192988 
95300 0.06770833333333333 0.9666460029712874 
95400 0.06770833333333333 0.9666466797605197 
95500 0.057291666666666664 0.9666453645337048 
95600 0.07291666666666667 0.9666447330571856 
95700 0.06770833333333333 0.9666434226131388 
95800 0.07291666666666667 0.9666441808192677 
95900 0.06770833333333333 0.9666429008387122 
96000 0.078125 0.9666411623750447 
96100 0.06770833333333333 0.9666402675743923 
96200 0.0625 0.9666408634872126 
96300 0.06770833333333333 0.9666441082733651 
96400 0.06770833333333333 0.9666441586878421 
96500 0.046875 0.9666446947440959 
96600 0.06770833333333333 0.9666497855871057 
96700 0.057291666666666664 0.9666513380592411 
96800 0.06770833333333333 0.9666525375943086 
96900 0.06770833333333333 0.9666532240379356 
97000 0.06770833333333333 0.9666515733944323 
97100 0.057291666666666664 0.9666500870657013 
97200 0.052083333333333336 0.9666503720383535 
97300 0.052083333333333336 0.9666506564252508 
97400 0.0625 0.9666545229258426 
97500 0.0625 0.9666539744891506 
97600 0.06770833333333333 0.9666552948996424 
97700 0.07291666666666667 0.9666542137064444 
97800 0.06770833333333333 0.9666528418250665 
97900 0.0625 0.9666528027463117 
98000 0.06770833333333333 0.9666534546416193 
98100 0.07291666666666667 0.9666512382646456 
98200 0.057291666666666664 0.9666510418257791 
98300 0.06770833333333333 0.9666539453226993 
98400 0.06770833333333333 0.9666529261220245 
98500 0.07291666666666667 0.9666517239249686 
98600 0.057291666666666664 0.9666521880694245 
98700 0.0625 0.9666525721201744 
98800 0.0625 0.9666533771166284 
98900 0.0625 0.966650678456234 
99000 0.07291666666666667 0.9666509313458114 
99100 0.052083333333333336 0.9666512625587363 
99200 0.06770833333333333 0.9666492304765073 
99300 0.0625 0.9666511100089626 
99400 0.07291666666666667 0.9666518330214653 
99500 0.07291666666666667 0.96664771271143 
99600 0.052083333333333336 0.9666503201942417 
99700 0.07291666666666667 0.96665051942809 
99800 0.057291666666666664 0.9666483437457206 
99900 0.06770833333333333 0.9666494829881582 
