Coverage:8
-33 108 6 -60 52 -85 -46 -5 16 -5 86 -1 -14 -62 2 10 -31 60 -32 -40 35 13 -28 39 38 -13 112 58 112 76 23 -51 
 -16 26 -4 22 -67 56 43 -36 87 -31 37 14 19 46 -148 20 13 -25 40 57 1 -96 17 16 -42 53 121 -3 64 41 55 -88 
-32 118 -2 -57 54 -91 -49 4 19 -17 80 0 -13 -67 -3 10 -34 65 -25 -37 35 10 -33 29 34 -15 113 53 109 78 35 -42 
 -19 27 11 14 -75 50 41 -34 85 -36 36 14 17 46 -136 26 19 -17 35 58 -1 -104 19 8 -37 55 125 3 58 54 56 -88 
-28 121 -13 -57 51 -85 -54 15 16 -15 73 2 -13 -72 -3 14 -26 63 -25 -34 32 11 -34 27 34 -24 120 58 107 84 40 -32 
 -26 19 7 21 -76 51 37 -26 89 -40 36 20 11 46 -130 37 23 -9 36 62 -3 -115 20 6 -42 64 114 7 59 50 60 -86 
-37 116 -20 -57 53 -86 -59 16 25 -10 71 2 -14 -69 -13 15 -29 69 -21 -32 29 19 -33 20 39 -31 112 64 113 83 38 -33 
 -38 24 6 19 -83 49 36 -23 88 -40 49 6 10 40 -124 36 22 -13 45 60 0 -120 21 -3 -44 56 125 13 56 43 57 -86 
-38 106 -21 -61 57 -84 -49 15 29 -12 71 1 -6 -60 -16 16 -30 72 -20 -27 33 22 -34 20 41 -22 117 69 105 77 41 -29 
 -40 25 8 16 -88 44 28 -17 84 -47 40 4 8 39 -122 28 19 -21 43 63 1 -118 19 1 -44 61 117 9 58 48 55 -94 
-34 110 -31 -65 58 -86 -51 5 27 -5 70 10 -2 -60 -10 26 -28 68 -27 -24 40 16 -34 24 37 -12 113 72 97 83 40 -29 
 -56 20 11 15 -85 46 30 -14 94 -44 39 -2 8 43 -124 39 27 -19 43 73 5 -115 18 3 -37 60 125 15 47 51 49 -100 
-35 116 -36 -67 55 -79 -47 14 30 -4 72 7 2 -53 -3 25 -36 69 -29 -37 45 6 -30 24 36 -20 115 61 95 72 37 -25 
 -52 18 14 17 -95 43 26 -17 89 -50 39 -6 -1 42 -128 32 25 -16 42 70 3 -109 20 9 -44 66 135 18 49 47 53 -101 
-43 119 -38 -69 52 -89 -53 11 45 -5 75 9 4 -60 -4 17 -41 76 -30 -45 46 12 -29 23 34 -22 120 66 95 63 40 -34 
 -44 20 14 22 -79 49 33 -22 97 -46 39 0 0 44 -122 26 26 -4 36 76 1 -112 24 17 -42 67 142 17 49 39 52 -101 
-44 114 -33 -71 62 -89 -56 16 45 -11 75 13 -21 -67 -1 13 -35 75 -31 -54 52 22 -28 15 36 -30 117 63 96 71 50 -29 
 -49 23 5 31 -76 53 25 -36 92 -48 41 -2 10 31 -115 29 26 -5 35 70 -1 -117 28 16 -48 68 156 15 55 42 50 -101 
-38 119 -35 -69 65 -91 -61 13 42 0 67 13 -22 -72 4 9 -32 71 -31 -47 51 27 -19 6 34 -44 117 60 107 64 43 -32 
 -51 16 8 22 -74 46 25 -40 88 -50 41 -6 8 33 -118 24 40 -1 38 66 0 -124 28 19 -53 66 157 15 43 47 55 -99 
-45 113 -49 -61 64 -100 -68 5 47 -2 71 7 -16 -74 11 5 -38 76 -33 -46 50 27 -25 -1 18 -42 111 51 95 59 46 -34 
 -44 19 17 16 -75 43 19 -33 79 -59 40 -8 3 27 -114 26 36 2 37 63 3 -119 35 17 -42 75 162 13 51 46 46 -90 
-45 115 -55 -65 67 -100 -61 5 49 -4 67 10 -24 -82 12 3 -37 78 -23 -45 50 27 -28 2 26 -40 112 44 94 54 48 -32 
 -44 15 22 14 -88 33 16 -36 80 -56 45 -4 5 39 -114 33 25 9 33 69 14 -124 40 17 -39 80 159 22 63 33 42 -91 
-51 118 -56 -66 61 -111 -66 3 49 -2 62 13 -19 -90 10 6 -40 74 -22 -53 53 26 -24 5 24 -44 117 39 94 47 50 -25 
 -38 8 25 20 -87 30 17 -26 75 -53 51 3 4 43 -106 31 19 3 39 73 14 -130 45 17 -38 82 152 23 56 35 41 -88 
-46 115 -44 -57 65 -116 -61 0 43 5 69 6 -20 -89 15 13 -36 76 -21 -39 61 19 -10 9 22 -37 110 39 95 33 48 -35 
 -37 9 17 23 -82 27 6 -30 74 -53 54 -5 11 40 -105 25 10 10 35 72 19 -124 52 9 -40 75 140 22 56 37 43 -92 
-49 114 -37 -59 66 -122 -52 14 45 -1 58 7 -18 -85 15 17 -28 83 -9 -37 71 17 -4 4 13 -34 117 30 110 26 47 -41 
 -38 3 21 26 -84 29 0 -30 79 -55 47 -2 2 37 -105 28 10 11 34 74 30 -121 50 2 -54 73 142 18 56 37 46 -88 
-39 117 -35 -60 70 -124 -52 7 48 5 60 15 -30 -81 16 20 -21 83 -12 -34 65 18 -1 -3 15 -32 114 43 103 23 67 -26 
 -37 20 22 21 -84 30 -3 -33 81 -57 49 -4 0 26 -111 31 16 15 20 79 26 -121 58 5 -51 73 141 11 52 36 49 -95 
-41 116 -43 -61 72 -118 -60 11 55 7 45 14 -26 -81 25 14 -21 83 -22 -39 63 32 4 8 23 -25 107 38 95 23 58 -45 
 -32 24 34 24 -91 29 -2 -38 73 -63 55 3 -14 26 -109 32 19 15 28 78 34 -121 62 13 -47 79 141 20 56 47 47 -89 
-29 115 -45 -59 64 -120 -70 7 58 3 38 12 -23 -83 31 10 -16 83 -14 -34 72 27 4 15 23 -25 112 28 91 21 66 -27 
 -38 26 29 15 -85 29 0 -39 68 -65 58 -5 -18 26 -105 25 18 14 31 82 29 -118 65 19 -55 92 141 23 60 40 43 -89 
-18 111 -41 -76 65 -122 -69 8 60 15 27 11 -17 -86 35 13 -1 74 -14 -36 71 25 5 15 10 -32 115 30 92 20 72 -30 
 -26 27 26 13 -94 18 2 -47 63 -61 61 0 -11 34 -97 30 21 13 37 82 29 -117 70 16 -56 96 149 16 59 28 42 -90 
-7 118 -39 -75 64 -125 -68 2 66 10 29 7 -14 -95 39 14 -4 76 -10 -34 56 22 7 11 10 -36 117 31 82 19 62 -24 
 -32 28 25 23 -97 15 4 -45 70 -62 68 -5 -8 27 -100 30 32 7 39 79 37 -123 74 20 -60 102 149 14 58 37 45 -84 
-11 122 -45 -75 60 -128 -68 3 71 16 31 15 -17 -105 44 16 6 74 -16 -28 55 25 9 5 8 -36 114 39 75 21 55 -26 
 -37 33 24 26 -92 18 -1 -39 64 -56 65 -4 -5 35 -103 31 30 3 42 70 38 -125 73 16 -59 101 145 18 54 28 48 -82 
-8 112 -40 -77 65 -118 -74 8 66 19 34 17 -14 -105 47 8 5 89 -17 -33 57 27 4 0 12 -32 111 38 71 21 43 -30 
 -41 28 24 24 -90 18 10 -39 68 -64 73 0 -3 36 -114 22 26 4 37 78 35 -119 65 11 -59 100 140 32 42 26 54 -80 
-12 115 -40 -86 55 -120 -80 8 60 17 31 20 -25 -114 42 4 8 84 -22 -31 56 27 8 10 9 -23 111 45 75 16 44 -28 
 -39 35 26 23 -90 22 4 -40 55 -70 64 3 -1 37 -118 24 22 2 27 79 38 -109 75 1 -60 86 142 48 42 22 54 -86 
-17 122 -38 -87 50 -118 -87 3 63 11 44 26 -26 -112 44 -2 8 90 -17 -31 55 23 14 -1 17 -19 106 45 78 8 44 -30 
 -36 32 35 37 -80 27 0 -45 56 -69 62 7 3 33 -128 28 21 5 25 79 35 -106 75 -4 -63 96 140 57 38 28 60 -84 
-15 118 -44 -86 47 -122 -96 4 71 15 36 24 -14 -105 40 -7 7 86 -20 -34 52 28 16 4 19 -20 109 46 77 18 39 -31 
 -36 34 37 38 -76 29 6 -50 56 -82 53 14 -1 29 -137 40 29 11 21 81 35 -107 78 -15 -58 88 156 57 34 28 56 -82 
-15 123 -41 -97 42 -121 -94 11 68 18 35 29 -9 -103 34 -7 11 90 -21 -35 49 25 13 0 14 -8 121 53 78 18 46 -25 
 -23 37 45 38 -77 35 -1 -58 47 -72 61 16 0 23 -137 36 27 4 16 80 30 -111 77 -17 -59 82 159 67 39 27 65 -84 
-17 109 -41 -111 51 -124 -96 6 68 7 31 28 -9 -106 34 -5 20 90 -21 -30 49 25 11 1 15 -14 130 46 76 18 36 -34 
 -25 48 39 43 -78 37 3 -63 41 -75 70 13 -3 27 -132 26 19 7 16 80 40 -114 72 -16 -53 79 165 70 31 42 70 -89 
-22 116 -36 -116 63 -118 -109 15 73 8 35 35 -14 -110 34 -5 19 96 -22 -14 53 18 23 -5 12 -14 120 56 67 24 35 -29 
 -27 46 37 45 -73 29 20 -64 34 -80 64 14 -3 16 -128 28 27 4 22 73 39 -102 72 -18 -60 79 168 77 41 44 72 -83 
-17 116 -36 -122 49 -116 -109 21 76 7 39 25 -9 -112 43 -1 23 94 -24 -17 50 21 20 -2 9 -14 126 63 71 30 29 -33 
 -18 54 28 46 -75 21 22 -62 24 -82 56 4 0 12 -128 21 21 3 30 80 36 -111 63 -32 -56 77 170 74 41 46 67 -79 
-31 127 -36 -111 47 -112 -101 30 78 4 38 20 -7 -99 43 -5 22 96 -29 -17 54 9 26 0 1 -21 136 69 77 36 20 -33 
 -16 58 27 47 -69 31 14 -60 27 -87 58 -1 2 15 -123 19 22 10 22 82 37 -109 70 -36 -61 85 177 78 47 41 62 -83 
-29 136 -34 -104 39 -116 -108 33 79 3 40 19 -3 -97 45 -5 17 98 -32 -13 61 9 31 0 -1 -16 128 67 83 31 13 -34 
 -20 64 30 41 -66 39 19 -56 41 -79 57 -4 -2 11 -126 19 26 3 16 87 31 -106 71 -25 -55 83 173 83 52 42 54 -84 
-19 135 -26 -103 49 -116 -114 42 83 3 40 26 -16 -102 46 -10 14 98 -32 -9 59 2 31 10 5 -13 125 64 83 32 9 -37 
 -15 64 28 44 -67 42 18 -57 34 -77 48 -1 -2 15 -124 25 19 0 21 82 30 -110 63 -25 -54 88 181 85 45 39 48 -85 
-21 129 -18 -111 55 -124 -117 42 74 -5 48 35 -17 -104 45 -10 23 90 -26 -3 53 11 39 13 6 -15 124 59 84 36 0 -37 
 -19 64 32 42 -65 36 17 -56 34 -73 43 -4 1 5 -114 20 14 -4 21 86 32 -116 64 -23 -50 76 177 76 42 37 54 -85 
-17 116 -9 -110 50 -125 -118 46 65 -7 49 32 -20 -104 46 -8 15 82 -27 7 44 7 40 13 1 -21 115 54 88 35 -3 -31 
 -19 71 21 44 -70 29 14 -54 39 -76 44 -1 -1 4 -110 21 16 -9 15 92 38 -119 63 -18 -48 75 177 73 41 35 52 -79 
-17 100 -12 -110 51 -128 -111 46 63 -11 53 23 -21 -108 44 -7 17 101 -22 14 35 4 51 9 -8 -18 123 51 92 36 -3 -30 
 -25 72 14 42 -71 27 8 -49 27 -66 43 -7 16 8 -110 32 22 -6 21 91 26 -115 64 -19 -61 71 179 82 42 37 57 -74 
-22 96 -18 -106 51 -139 -122 48 64 -21 59 25 -20 -113 36 -12 16 104 -25 11 32 5 51 14 1 -17 124 50 93 35 -10 -28 
 -26 79 23 39 -65 27 5 -53 26 -64 49 -3 3 1 -99 20 10 -3 27 84 28 -113 62 -6 -63 67 180 76 42 35 65 -75 
-9 104 -17 -101 50 -130 -122 45 66 -23 56 28 -24 -111 36 -12 19 105 -29 8 34 14 43 19 0 -7 128 47 80 27 -15 -34 
 -40 87 22 36 -73 38 -2 -47 25 -64 60 -4 4 -2 -90 15 8 -4 25 80 28 -117 61 4 -67 69 181 71 44 40 66 -72 
-5 109 -24 -102 56 -139 -120 55 73 -20 46 29 -18 -100 24 -7 22 92 -25 11 27 20 40 14 11 -3 128 43 78 31 -13 -39 
 -42 83 16 36 -70 51 3 -44 30 -49 59 -1 7 -1 -85 16 -2 5 26 82 22 -110 56 3 -75 68 180 75 40 40 69 -65 
-5 111 -23 -109 50 -138 -120 59 75 -26 47 25 -15 -103 13 -17 16 86 -17 11 28 14 38 15 17 -4 126 44 85 28 -11 -37 
 -44 84 12 43 -72 56 1 -44 29 -47 61 2 6 -6 -80 18 4 5 33 80 20 -102 49 8 -72 70 179 75 39 41 64 -65 
-2 111 -25 -114 49 -139 -121 65 72 -28 49 20 -9 -108 8 -18 15 89 -14 10 12 14 43 10 17 -3 128 41 85 28 -16 -37 
 -44 81 13 32 -73 62 -4 -40 28 -38 62 5 15 -1 -79 14 4 9 35 83 18 -100 54 7 -77 70 180 75 42 33 62 -67 
5 116 -28 -104 44 -138 -117 71 82 -17 51 24 2 -119 6 -24 14 86 -13 15 15 16 39 14 27 -4 132 38 88 32 -20 -34 
 -34 89 5 30 -78 61 -6 -47 33 -39 62 4 20 -2 -81 17 3 8 29 76 22 -100 57 1 -88 83 179 68 41 32 60 -68 
3 113 -26 -105 33 -137 -109 76 79 -24 53 23 8 -115 7 -22 15 88 -17 18 24 8 34 14 38 -13 128 37 81 30 -14 -35 
 -26 84 7 35 -88 65 -17 -63 25 -35 61 2 25 -5 -87 15 6 8 35 79 25 -113 59 3 -92 85 173 58 41 36 51 -75 
6 115 -30 -102 32 -132 -110 81 74 -26 63 18 -1 -104 9 -22 7 91 -11 27 20 6 48 17 43 -17 127 31 72 36 -19 -37 
 -23 80 10 37 -81 60 -8 -71 19 -36 61 -6 29 -13 -82 11 5 11 26 76 23 -110 66 1 -97 80 178 60 38 41 52 -75 
2 114 -30 -95 42 -129 -122 88 72 -30 73 19 -2 -92 6 -16 -4 78 -15 30 19 3 51 15 45 -18 123 30 66 35 -15 -39 
 -30 76 -9 33 -79 66 -10 -67 13 -40 55 0 31 -19 -97 18 2 7 34 76 12 -108 62 -5 -102 89 178 57 39 38 46 -78 
7 123 -24 -98 35 -121 -132 87 76 -41 63 20 -8 -90 1 -19 0 85 -28 27 14 8 45 14 37 -17 125 33 57 30 -2 -46 
 -32 78 -6 40 -71 59 -7 -75 4 -34 54 -2 34 -17 -95 11 6 8 39 75 1 -116 58 0 -101 81 194 50 41 44 49 -77 
2 123 -26 -95 28 -120 -132 96 69 -33 66 18 -14 -94 0 -8 -1 84 -29 24 15 9 52 18 35 -28 119 34 62 28 -8 -47 
 -33 81 1 35 -73 61 -7 -72 5 -32 48 2 25 -21 -97 8 7 17 45 82 -1 -117 59 -2 -103 76 196 63 45 42 53 -75 
-4 130 -25 -91 30 -116 -132 101 67 -36 71 19 -8 -91 -7 -17 -2 85 -34 21 15 -2 59 23 32 -32 119 32 51 25 -13 -40 
 -30 76 -2 43 -60 44 -4 -71 7 -38 53 11 19 -24 -89 6 8 16 49 83 -4 -108 55 -5 -104 77 196 64 40 41 61 -75 
-6 131 -29 -82 30 -114 -126 96 58 -40 60 13 -17 -98 2 -12 -5 91 -42 19 21 0 68 21 20 -34 118 30 58 26 -11 -32 
 -24 82 0 38 -64 51 -16 -70 8 -37 62 15 15 -21 -90 1 7 11 51 83 -8 -103 66 -3 -120 76 205 66 36 39 63 -60 
-12 130 -29 -85 30 -112 -123 100 54 -38 68 17 -13 -102 3 -22 -2 91 -42 25 17 10 66 14 23 -38 119 32 48 19 -19 -22 
 -25 80 2 36 -61 58 -14 -77 -3 -44 65 23 1 -26 -97 4 7 12 48 75 -5 -106 70 6 -126 73 216 79 36 29 65 -68 
-5 131 -26 -90 39 -114 -116 105 63 -39 69 13 -13 -102 6 -28 -1 92 -39 21 15 15 72 12 27 -46 122 28 47 16 -21 -29 
 -24 82 3 38 -64 62 -18 -77 -6 -48 65 21 -10 -32 -106 2 4 8 39 77 -15 -111 76 3 -129 75 220 84 28 30 66 -81 
-5 127 -24 -97 44 -114 -103 111 63 -33 70 9 -4 -92 -9 -21 1 85 -33 29 18 12 76 16 17 -42 124 23 46 17 -22 -27 
 -25 81 -2 41 -55 53 -17 -80 -5 -47 65 17 -10 -39 -103 -7 8 14 37 69 -15 -111 77 4 -115 68 229 94 30 33 70 -83 
-4 122 -22 -100 48 -115 -101 111 59 -43 63 10 -1 -91 -6 -25 -7 87 -36 19 30 16 75 10 20 -38 118 19 63 24 -23 -34 
 -23 74 -2 49 -54 52 -13 -81 -4 -44 68 16 -15 -37 -102 -5 6 15 40 64 -21 -110 79 8 -122 68 225 90 33 34 69 -83 
-5 115 -31 -101 46 -105 -93 110 65 -42 65 10 3 -92 -14 -25 -7 86 -33 26 27 15 69 11 17 -42 117 17 60 25 -12 -27 
 -32 65 -2 45 -43 49 -7 -92 -14 -42 79 12 -26 -33 -110 -5 5 21 34 55 -19 -110 85 0 -115 69 222 83 23 38 64 -85 
-1 111 -22 -102 50 -106 -93 103 70 -36 69 15 0 -80 -13 -25 -9 86 -37 29 25 19 64 5 16 -40 111 14 62 32 -3 -14 
 -35 60 -13 48 -35 48 -7 -98 -10 -40 80 11 -29 -38 -125 -5 2 27 35 64 -25 -116 85 5 -116 63 224 76 22 31 61 -83 
1 113 -14 -94 44 -100 -90 110 73 -30 65 11 -3 -74 -5 -30 -8 83 -45 44 18 30 66 6 16 -39 109 7 63 43 -13 -9 
 -40 60 -10 39 -50 43 -11 -100 -9 -43 84 16 -26 -23 -132 -12 -1 15 39 58 -22 -104 78 11 -113 59 227 77 34 24 56 -80 
1 118 -20 -96 41 -109 -82 104 70 -32 64 11 6 -73 -6 -33 -9 85 -34 45 21 36 70 9 12 -32 106 5 57 46 -12 -5 
 -38 58 -3 51 -65 42 -16 -94 -2 -45 82 11 -30 -30 -133 -17 0 9 43 56 -37 -96 82 8 -101 53 229 73 43 20 61 -81 
1 124 -26 -102 48 -116 -87 102 74 -33 83 7 2 -74 -9 -37 -12 97 -32 44 20 43 58 11 15 -27 105 -2 56 54 -10 -3 
 -38 57 0 47 -62 42 -7 -83 5 -54 84 12 -31 -21 -140 -19 0 8 42 51 -30 -101 102 2 -101 55 226 78 49 23 59 -77 
-2 127 -27 -104 49 -114 -83 106 80 -35 78 -1 -5 -89 -5 -37 -17 102 -35 50 21 43 64 14 18 -36 103 -4 57 57 -12 5 
 -33 61 4 48 -63 43 -17 -84 3 -53 79 10 -26 -21 -144 -26 -2 14 54 49 -20 -99 105 3 -102 53 223 84 49 20 48 -75 
0 128 -22 -99 55 -116 -80 98 91 -47 82 -1 -6 -81 -6 -25 -10 101 -42 44 16 45 72 21 9 -37 91 -14 50 52 -25 7 
 -32 60 2 42 -61 41 -17 -91 2 -55 91 16 -26 -20 -153 -27 0 12 48 62 -17 -103 110 17 -106 54 223 90 51 19 57 -79 
2 131 -19 -104 60 -113 -80 100 95 -43 77 -4 -12 -86 -13 -20 -8 99 -39 43 18 46 87 26 7 -41 93 -9 58 49 -23 6 
 -34 58 -1 44 -58 41 -20 -96 9 -51 90 19 -27 -18 -146 -37 4 9 51 70 -13 -115 107 10 -108 56 237 87 51 18 55 -81 
10 131 -15 -101 58 -126 -84 105 92 -46 85 0 -21 -85 -17 -18 -5 98 -38 54 18 46 89 28 3 -49 95 -5 51 47 -22 5 
 -26 50 1 45 -57 49 -19 -94 12 -57 88 26 -34 -5 -149 -35 -8 8 51 76 -20 -110 98 8 -111 67 236 81 52 21 59 -81 
3 121 -17 -109 54 -129 -80 105 85 -50 85 5 -19 -79 -8 -15 -12 107 -26 51 27 48 98 27 6 -44 96 8 41 44 -23 6 
 -25 54 0 43 -58 42 -27 -92 9 -60 84 26 -42 -8 -149 -40 0 2 56 81 -14 -115 98 1 -112 64 230 81 47 13 62 -84 
-3 118 -19 -106 56 -125 -82 110 88 -43 76 4 -8 -70 -9 -16 -15 98 -25 55 27 49 97 20 -4 -35 89 7 42 46 -13 15 
 -22 48 -1 46 -68 35 -31 -98 6 -60 77 25 -39 -9 -151 -38 -4 -1 49 80 -16 -116 93 0 -114 66 229 81 48 10 67 -97 
-4 111 -23 -110 71 -125 -72 106 99 -50 83 11 -15 -64 -14 -23 -20 100 -28 55 31 53 92 21 -6 -40 94 8 45 45 -5 16 
 -15 43 -2 38 -65 35 -44 -98 5 -60 74 30 -37 -4 -143 -33 -2 16 44 78 -20 -113 95 15 -113 63 238 81 49 7 65 -90 
-10 112 -25 -109 68 -129 -73 100 99 -48 76 12 -16 -67 -14 -14 -23 89 -31 46 31 55 98 18 -15 -43 103 18 43 54 -6 15 
 -4 42 -4 28 -66 31 -48 -88 -4 -63 64 27 -38 -8 -141 -31 -4 23 42 82 -20 -121 96 7 -123 62 237 77 54 8 70 -91 
2 116 -24 -110 67 -124 -66 106 103 -45 79 13 -12 -74 -9 -16 -20 95 -25 50 31 57 99 18 -15 -38 101 20 36 53 -12 23 
 0 42 -10 36 -78 37 -51 -84 -5 -64 58 30 -40 -10 -142 -30 -6 25 49 92 -19 -126 101 8 -114 52 229 83 45 3 64 -101 
11 114 -35 -113 63 -128 -67 106 108 -41 78 18 -22 -79 -16 -14 -17 111 -16 46 38 57 88 10 -2 -49 104 20 43 54 -19 18 
 0 46 -7 30 -85 39 -46 -92 5 -66 61 27 -42 2 -140 -23 -7 28 42 90 -11 -121 111 4 -112 61 231 88 41 4 65 -96 
12 111 -40 -107 66 -125 -65 100 108 -34 75 28 -24 -87 -11 -12 -16 106 -1 56 30 63 96 16 -1 -41 107 28 45 51 -25 20 
 -1 44 -12 28 -83 47 -50 -95 7 -72 61 29 -27 -5 -138 -29 -3 30 56 89 -10 -126 117 4 -119 65 226 81 48 2 63 -103 
19 108 -23 -111 75 -137 -72 99 114 -34 83 33 -18 -97 -14 -15 -20 118 -6 52 36 64 91 16 -6 -23 97 16 50 53 -14 17 
 -1 41 -14 30 -81 41 -60 -90 7 -70 55 28 -26 9 -122 -34 4 32 59 79 -13 -125 115 10 -111 60 230 84 38 -2 59 -93 
17 95 -9 -117 74 -132 -70 94 104 -36 78 39 -20 -99 -3 -10 -24 125 -14 61 41 64 89 11 -2 -17 110 17 49 55 -10 13 
 -9 33 -27 34 -84 41 -54 -102 2 -55 48 16 -29 15 -126 -33 0 31 57 80 -10 -124 114 3 -113 55 225 83 38 -5 56 -91 
13 101 -22 -125 79 -130 -64 94 106 -42 86 39 -36 -107 3 -12 -16 138 -19 64 43 59 79 8 8 -22 111 20 54 53 1 7 
 -15 38 -30 33 -85 37 -50 -105 -3 -62 41 20 -38 11 -125 -32 5 32 47 81 -4 -129 105 20 -116 49 222 87 48 -10 40 -99 
-3 97 -22 -117 79 -128 -65 94 106 -42 86 41 -26 -116 -4 -8 -18 140 -17 68 37 66 75 5 9 -23 116 19 47 46 -2 1 
 -9 36 -32 35 -84 39 -58 -103 -6 -60 52 28 -37 17 -123 -38 -3 33 44 81 0 -115 99 13 -111 47 225 85 40 -10 38 -99 
6 101 -20 -108 80 -126 -65 91 110 -42 88 42 -24 -114 3 -15 -13 140 -12 70 36 65 73 0 2 -17 117 15 48 46 -5 14 
 -10 40 -36 27 -86 48 -62 -100 -3 -48 53 29 -30 23 -125 -34 1 27 44 80 7 -115 104 23 -113 39 229 76 40 -13 39 -103 
-1 106 -23 -117 84 -124 -65 98 108 -51 81 34 -17 -115 6 -16 -15 131 -18 69 36 60 70 3 12 -8 117 8 50 57 -1 10 
 -10 30 -35 15 -92 46 -64 -102 0 -49 51 36 -24 26 -123 -34 -1 20 44 89 10 -120 114 21 -115 35 221 77 39 -16 55 -100 
1 112 -29 -116 78 -132 -72 92 105 -49 79 33 -28 -112 10 -28 -15 128 -21 64 22 73 67 6 19 -16 120 3 49 50 1 0 
 -11 29 -40 25 -102 53 -62 -103 -10 -51 45 30 -21 20 -121 -29 1 21 40 89 6 -115 121 19 -123 36 212 75 38 -18 52 -94 
11 110 -33 -119 78 -143 -87 88 101 -45 79 27 -32 -110 11 -28 -9 120 -27 57 18 76 66 -5 11 -17 116 6 55 46 19 3 
 -18 32 -39 15 -93 54 -62 -107 -9 -51 47 31 -20 20 -115 -23 -8 24 47 89 -2 -112 116 15 -123 36 210 77 34 -21 45 -90 
14 108 -34 -121 84 -148 -82 88 102 -41 82 29 -32 -104 26 -27 -10 122 -19 60 12 66 57 1 16 -16 118 9 55 46 18 3 
 -17 32 -38 16 -98 59 -62 -107 -8 -42 43 26 -20 19 -117 -26 -17 17 53 98 1 -108 113 22 -140 48 211 85 36 -24 47 -85 
12 120 -28 -118 94 -142 -87 93 96 -29 84 21 -31 -111 26 -25 -16 129 -25 55 15 59 63 0 17 -16 123 12 51 38 16 3 
 -11 23 -41 13 -105 60 -54 -88 -11 -45 37 24 -18 21 -106 -11 -28 8 55 96 -1 -107 112 26 -140 45 215 80 34 -21 48 -86 
13 119 -22 -109 101 -144 -95 88 101 -29 77 8 -34 -112 19 -21 -26 129 -17 53 7 59 66 6 17 -17 123 4 62 34 19 12 
 -4 17 -32 14 -104 64 -56 -87 -12 -40 39 21 -19 20 -105 -11 -28 -4 53 99 1 -113 119 37 -140 54 216 77 32 -16 51 -81 
12 113 -24 -110 103 -146 -101 87 107 -33 75 6 -32 -102 2 -21 -20 123 -21 52 2 46 65 6 16 -12 110 10 70 44 14 8 
 -4 14 -34 13 -107 60 -57 -79 -1 -40 35 17 -19 18 -111 -12 -27 -6 41 112 -3 -117 117 39 -136 54 215 79 32 -25 66 -87 
18 113 -24 -113 112 -149 -96 84 107 -32 75 13 -24 -97 4 -23 -16 122 -18 52 -9 46 69 -1 14 -3 114 14 59 45 13 1 
 -12 11 -30 18 -105 52 -54 -78 1 -40 33 19 -13 24 -120 -13 -35 -8 43 111 -1 -109 114 31 -139 58 226 73 35 -34 61 -88 
16 122 -33 -105 105 -154 -88 86 109 -32 72 14 -26 -97 5 -24 -6 131 -7 36 -1 38 62 4 9 -13 98 5 57 39 8 10 
 -3 -4 -28 29 -103 59 -61 -90 1 -26 33 23 -13 34 -114 -12 -35 -9 45 104 5 -102 121 23 -141 59 228 69 30 -32 73 -105 
14 115 -33 -104 95 -163 -76 82 117 -27 69 16 -32 -92 3 -25 -1 127 -7 31 -1 36 70 8 11 -17 99 4 59 38 20 10 
 -7 -14 -33 32 -105 69 -56 -85 -8 -31 34 17 -13 34 -117 -4 -35 -11 42 100 -4 -111 116 20 -142 52 224 65 30 -35 83 -112 
16 125 -35 -111 90 -162 -73 78 116 -41 69 8 -28 -97 0 -28 -5 126 -5 32 3 26 74 4 15 -19 88 -2 61 43 24 21 
 -16 -8 -34 34 -104 64 -65 -80 -3 -22 24 13 -21 35 -116 3 -37 -8 29 100 1 -110 103 18 -143 47 228 67 34 -23 85 -115 
20 122 -38 -113 92 -159 -65 67 113 -44 62 17 -28 -88 -9 -26 -12 130 9 27 4 24 74 3 10 -17 78 -3 69 43 25 26 
 -17 -8 -37 45 -104 56 -61 -85 -7 -23 13 14 -18 27 -118 -6 -40 -4 21 114 2 -105 110 14 -143 51 220 70 27 -21 84 -110 
19 133 -35 -119 89 -163 -63 71 112 -37 76 15 -30 -85 -16 -29 -13 135 8 21 -7 32 79 5 14 -23 84 2 68 34 27 25 
 -24 -8 -30 49 -104 57 -56 -81 -12 -25 4 19 -24 29 -115 2 -43 -10 35 124 3 -103 105 23 -140 51 213 76 21 -17 81 -113 
13 130 -33 -132 85 -165 -51 72 104 -35 74 19 -22 -79 -12 -36 -14 140 10 21 -2 39 82 5 8 -27 85 -1 62 28 28 24 
 -28 -13 -28 51 -104 65 -52 -80 -27 -32 3 16 -32 36 -120 9 -41 -2 26 128 7 -98 97 21 -138 42 211 75 15 -17 81 -115 
18 136 -32 -130 95 -162 -52 75 115 -46 73 24 -32 -84 -11 -33 -9 142 4 23 -2 34 87 6 8 -29 85 1 63 27 37 23 
 -22 -10 -27 51 -108 65 -55 -84 -31 -30 -2 15 -36 33 -111 1 -51 -1 28 132 4 -97 96 25 -139 42 206 74 14 -23 84 -117 
19 134 -37 -142 80 -163 -57 76 115 -57 71 24 -32 -74 -17 -40 -7 154 7 29 -9 23 86 -4 2 -26 91 2 51 19 39 19 
 -21 -9 -25 59 -115 61 -49 -83 -21 -20 1 11 -40 29 -116 -5 -49 -8 31 130 3 -98 99 23 -147 42 205 80 13 -20 85 -124 
18 141 -39 -138 81 -158 -48 76 100 -57 87 22 -38 -67 -7 -37 -5 145 -3 28 -12 18 81 -6 -6 -23 76 -2 55 10 39 8 
 -22 -6 -18 66 -105 69 -48 -89 -20 -23 -6 8 -25 23 -113 5 -53 0 28 124 3 -93 97 24 -157 43 210 72 16 -21 76 -127 
14 136 -41 -136 74 -171 -47 87 100 -60 90 15 -27 -70 -5 -41 -14 144 -8 29 -9 18 84 -9 -5 -16 75 -10 61 17 36 5 
 -17 -3 -15 66 -105 68 -44 -86 -21 -26 -4 6 -20 15 -101 9 -50 2 17 109 0 -82 99 32 -156 44 215 80 18 -22 87 -124 
14 129 -36 -138 64 -176 -42 90 95 -55 80 17 -13 -72 -8 -51 -14 147 4 35 -16 6 81 -21 -15 -11 76 3 66 13 50 1 
 -20 -8 -8 68 -113 81 -42 -80 -22 -31 -4 1 -30 4 -102 20 -61 3 25 102 2 -77 106 24 -148 45 217 80 17 -30 73 -119 
22 121 -27 -131 68 -174 -47 87 93 -57 89 17 -28 -81 -9 -53 -25 138 7 26 -19 7 74 -28 -24 -8 83 4 78 10 57 4 
 -18 -3 -12 74 -117 79 -42 -79 -17 -25 -15 -5 -33 9 -106 11 -61 -3 39 90 -1 -70 109 26 -150 42 214 76 10 -20 77 -121 
27 118 -24 -124 65 -173 -41 85 100 -59 86 21 -17 -87 -8 -53 -27 150 -3 24 -20 3 75 -36 -24 -16 77 6 77 13 52 11 
 -21 -2 -3 64 -123 83 -44 -77 -18 -12 -23 -10 -23 18 -108 1 -59 -8 37 84 6 -66 111 22 -150 48 226 75 14 -13 81 -120 
26 114 -27 -129 60 -180 -36 91 105 -62 84 19 -14 -94 -4 -53 -24 141 -11 25 -17 4 73 -30 -29 -17 79 5 68 14 61 25 
 -21 3 13 62 -127 88 -42 -68 -21 -13 -18 -17 -10 17 -97 5 -63 -10 27 85 13 -59 105 15 -140 48 225 78 4 -22 83 -127 
28 115 -31 -139 51 -175 -33 98 101 -64 90 19 -21 -97 -2 -52 -20 143 -8 29 -16 6 75 -29 -20 -17 75 4 69 13 64 16 
 -13 -4 19 68 -129 88 -44 -69 -25 -17 -24 -15 -6 21 -97 1 -59 -6 19 78 16 -61 111 3 -137 47 229 84 7 -27 87 -124 
33 116 -30 -142 45 -167 -35 95 98 -66 93 21 -25 -96 -1 -62 -17 143 -6 28 -12 10 69 -30 -14 -14 75 3 65 19 73 23 
 -8 -1 20 78 -125 76 -44 -63 -28 -17 -26 -10 -5 22 -90 -9 -63 -10 22 80 21 -63 116 8 -140 50 227 74 6 -33 82 -125 
32 125 -30 -144 48 -163 -40 99 91 -67 86 17 -17 -104 5 -62 -22 152 -4 29 -10 6 65 -28 -13 -10 81 -7 64 15 61 20 
 -10 0 16 84 -124 71 -47 -62 -30 -18 -30 -18 -5 10 -92 -7 -60 -12 17 76 23 -61 106 11 -139 40 230 72 5 -31 77 -124 
39 123 -33 -145 53 -168 -38 99 88 -71 88 11 -17 -106 5 -65 -15 156 -9 33 -9 10 63 -32 -12 -11 75 -4 66 17 68 10 
 -15 -6 12 81 -129 66 -44 -70 -30 -11 -25 -12 -14 15 -88 -1 -54 -20 21 75 22 -68 101 6 -140 42 236 70 2 -28 81 -124 
41 123 -33 -150 69 -164 -34 96 92 -73 100 15 -12 -105 7 -57 -18 157 -11 31 -9 6 64 -36 -12 -8 80 -10 58 23 70 6 
 -29 -6 5 80 -140 57 -48 -74 -29 -3 -29 -17 -13 19 -92 -4 -54 -18 24 80 26 -70 98 10 -134 39 239 73 19 -25 87 -123 
48 133 -44 -141 64 -164 -28 102 98 -69 103 21 -3 -113 11 -62 -12 153 -6 21 -10 3 63 -36 5 -8 77 -17 55 22 68 3 
 -24 -13 9 82 -144 54 -44 -76 -33 0 -31 -16 -7 23 -98 -12 -45 -17 28 87 28 -67 96 12 -122 39 244 74 8 -25 88 -117 
50 139 -48 -153 66 -172 -37 100 104 -78 91 24 -5 -110 4 -69 -11 145 -3 14 -11 6 58 -41 8 -12 82 -25 58 15 63 -3 
 -25 -8 6 85 -143 58 -45 -77 -32 1 -36 -23 -4 20 -98 -17 -43 -14 21 83 21 -70 96 5 -120 34 246 73 7 -21 82 -121 
46 134 -50 -156 72 -180 -39 103 110 -73 91 23 2 -104 7 -76 -21 142 -5 22 -10 14 56 -37 8 -11 86 -21 58 16 67 3 
 -30 -10 9 82 -141 47 -49 -86 -24 4 -28 -29 -9 24 -99 -13 -42 -11 25 79 19 -73 100 0 -119 43 239 76 8 -23 91 -127 
43 142 -55 -161 68 -189 -41 101 115 -72 96 18 -2 -110 6 -74 -21 144 -5 21 -9 17 55 -36 6 -13 89 -23 60 13 66 9 
 -25 -16 6 85 -139 62 -45 -83 -24 7 -23 -23 -13 27 -106 -21 -48 2 23 72 20 -73 99 6 -120 50 241 70 11 -30 91 -132 
39 135 -50 -155 68 -181 -48 99 115 -67 87 24 -8 -112 6 -77 -34 140 -15 20 -8 22 50 -35 11 -24 91 -32 56 8 62 21 
 -19 -21 0 85 -139 65 -34 -84 -24 5 -19 -24 -2 29 -101 -25 -57 3 22 76 19 -81 102 6 -122 52 229 73 10 -33 78 -133 
41 146 -46 -150 67 -181 -40 100 98 -70 98 26 -2 -116 13 -74 -41 136 -15 25 -4 23 51 -39 15 -21 83 -35 52 7 70 19 
 -12 -21 -7 80 -134 67 -37 -87 -32 1 -13 -30 -2 25 -92 -23 -55 2 22 78 14 -86 101 2 -127 58 218 71 15 -39 77 -129 
48 141 -44 -146 67 -182 -44 100 102 -73 92 26 -6 -115 13 -69 -42 130 -20 33 -8 11 54 -41 12 -19 83 -36 54 9 78 20 
 -19 -19 4 80 -118 74 -43 -95 -35 0 -9 -32 -5 31 -87 -25 -47 7 12 84 19 -86 110 -4 -125 53 214 62 23 -31 78 -119 
48 140 -48 -144 69 -176 -48 99 97 -80 95 33 6 -112 17 -58 -38 122 -12 39 -9 8 49 -44 10 -16 80 -41 52 18 74 16 
 -19 -20 12 69 -112 75 -37 -90 -39 6 -17 -44 -9 33 -86 -28 -50 4 -2 88 22 -89 105 -6 -127 62 209 56 19 -33 86 -110 
56 146 -59 -139 59 -170 -46 95 99 -80 95 43 7 -109 15 -52 -26 126 -21 38 -3 7 61 -54 0 -22 86 -42 50 10 77 5 
 -14 -19 4 69 -113 64 -37 -85 -43 8 -21 -38 -9 30 -91 -21 -50 7 5 95 25 -99 113 -10 -128 67 208 52 16 -40 83 -114 
48 138 -64 -141 64 -169 -46 94 91 -76 95 37 2 -110 19 -47 -22 132 -20 30 -2 1 59 -49 1 -25 103 -44 53 12 85 -1 
 -7 -13 6 86 -118 66 -37 -84 -44 5 -22 -42 -5 42 -90 -15 -52 -1 3 92 29 -97 118 -15 -130 49 215 50 7 -53 84 -111 
48 139 -67 -141 64 -162 -54 96 90 -71 95 45 2 -102 12 -41 -17 124 -20 26 -5 8 71 -52 -5 -25 107 -41 59 15 98 1 
 -15 -12 -4 86 -116 67 -43 -72 -41 -3 -14 -48 -1 39 -90 -17 -50 6 3 79 29 -96 122 -20 -123 52 215 53 9 -61 71 -121 
58 139 -70 -132 70 -161 -62 88 94 -67 97 46 13 -90 12 -46 -20 132 -21 28 -1 2 66 -55 -7 -24 106 -47 67 12 93 -7 
 -2 -12 -2 80 -120 65 -33 -66 -37 -6 -20 -58 0 34 -89 -20 -50 5 -1 84 24 -105 130 -19 -127 50 203 64 1 -61 70 -119 
49 136 -79 -134 71 -153 -63 89 96 -78 100 41 11 -90 16 -52 -18 134 -21 25 -5 4 68 -55 -13 -25 108 -58 68 16 102 0 
 3 -10 -3 83 -118 64 -33 -65 -36 -6 -17 -57 6 20 -84 -20 -50 3 5 89 20 -101 133 -14 -139 39 204 58 1 -62 64 -124 
48 136 -77 -134 74 -157 -62 86 105 -73 107 51 9 -91 10 -36 -23 130 -29 25 -10 9 75 -55 -13 -31 106 -57 70 6 98 -2 
 0 -10 -5 96 -126 61 -41 -70 -38 2 -17 -58 1 20 -88 -18 -43 -13 0 86 20 -108 136 -13 -143 39 200 54 -6 -63 56 -132 
47 136 -65 -124 64 -145 -54 85 103 -67 110 54 13 -88 3 -33 -22 127 -32 27 -13 18 81 -55 -4 -25 107 -63 66 2 101 -5 
 13 -14 -13 95 -115 55 -43 -70 -39 11 -20 -57 3 19 -85 -13 -42 -6 0 81 32 -112 129 -3 -143 36 190 46 -10 -56 63 -141 
40 139 -61 -127 60 -150 -44 72 107 -57 108 56 15 -76 6 -25 -11 129 -43 26 -14 16 75 -49 -7 -30 118 -70 67 -10 104 -4 
 21 -10 -4 104 -110 63 -36 -61 -39 14 -7 -57 6 18 -90 -11 -35 -1 -3 79 34 -110 137 2 -141 36 187 50 -6 -40 65 -143 
43 139 -58 -121 70 -141 -45 74 104 -54 111 62 4 -85 -1 -22 5 126 -50 23 -16 20 66 -56 -13 -20 109 -76 65 -9 107 -19 
 21 1 -1 115 -107 58 -47 -57 -45 17 -9 -55 0 14 -81 -13 -42 10 -4 82 44 -107 126 1 -146 39 193 52 -14 -38 62 -145 
44 137 -57 -124 75 -137 -49 71 105 -41 111 57 6 -85 -2 -19 -7 112 -60 28 -12 22 65 -48 -19 -23 106 -84 64 -12 105 -22 
 22 4 -6 118 -105 55 -47 -53 -45 26 -15 -47 -2 9 -72 -12 -42 15 1 81 46 -108 123 -1 -144 46 190 50 -15 -40 64 -142 
46 145 -48 -116 81 -137 -54 75 108 -40 98 68 8 -86 0 -22 -10 110 -61 28 -8 23 67 -36 -24 -17 101 -85 63 -8 96 -20 
 19 6 -7 112 -105 47 -42 -51 -45 25 -2 -54 1 3 -76 -13 -44 20 4 80 39 -107 122 -4 -143 44 186 59 -19 -40 59 -139 
47 147 -58 -121 87 -142 -45 77 114 -41 93 68 15 -86 -5 -14 -16 115 -70 31 -9 20 63 -41 -26 -17 114 -84 64 0 101 -21 
 13 1 -13 104 -109 47 -33 -50 -52 27 -15 -49 -4 -7 -78 -21 -41 19 7 79 40 -112 127 -4 -145 48 182 57 -15 -39 61 -142 
46 147 -55 -122 89 -141 -41 82 115 -32 85 59 11 -90 -3 -18 -14 115 -56 28 -14 18 70 -48 -24 -12 113 -77 61 -3 92 -22 
 6 2 -21 103 -106 45 -24 -57 -51 38 -4 -53 2 -11 -75 -16 -23 16 5 81 39 -113 120 -5 -145 40 178 61 -10 -38 61 -140 
40 144 -58 -122 94 -146 -41 82 119 -38 82 51 10 -85 1 -12 -13 111 -51 28 -25 10 55 -54 -17 -18 105 -77 58 -1 92 -29 
 7 2 -12 97 -107 45 -30 -58 -55 32 -5 -63 0 -16 -80 -16 -32 12 2 81 29 -112 117 3 -139 39 180 55 -2 -44 64 -140 
42 142 -54 -122 86 -144 -41 87 116 -35 77 61 15 -77 7 -16 -13 110 -45 31 -26 8 55 -52 -14 -19 111 -82 66 -12 102 -26 
 9 7 -10 94 -103 46 -35 -58 -64 37 -6 -71 5 -19 -81 -10 -39 16 0 82 33 -108 118 13 -129 42 180 47 -2 -60 70 -144 
36 136 -51 -124 80 -140 -40 84 114 -28 75 55 18 -79 2 -18 -18 102 -52 38 -25 7 56 -56 -10 -21 117 -79 75 -8 106 -32 
 3 1 -6 100 -103 51 -40 -66 -62 31 -1 -65 8 -20 -83 -14 -40 3 0 76 36 -102 117 15 -122 42 180 42 -11 -58 70 -139 
30 131 -45 -136 86 -136 -37 83 123 -28 70 58 10 -76 11 -22 -15 96 -44 38 -21 7 54 -67 -9 -14 121 -77 66 2 99 -35 
 0 3 -11 101 -111 45 -46 -62 -67 31 2 -73 13 -22 -84 -12 -34 7 4 71 45 -99 117 23 -120 30 176 42 -17 -52 71 -142 
25 124 -43 -140 86 -141 -33 73 127 -30 61 54 10 -85 5 -21 -15 90 -45 35 -16 11 55 -71 -18 -12 122 -82 76 7 95 -36 
 -6 0 -17 103 -114 45 -55 -62 -60 34 16 -77 11 -25 -94 -5 -35 0 9 66 45 -105 116 25 -121 41 173 40 -5 -67 80 -136 
22 131 -36 -151 90 -139 -33 71 128 -31 57 68 12 -81 5 -15 -5 86 -39 48 -18 3 50 -71 -16 -9 124 -91 83 18 95 -23 
 -4 7 -9 111 -113 41 -59 -66 -56 36 22 -82 9 -24 -99 6 -45 -3 12 73 44 -106 116 24 -107 42 160 34 -3 -71 79 -140 
35 133 -35 -145 94 -135 -30 83 121 -39 51 67 16 -78 2 -20 -9 88 -35 43 -21 -4 56 -74 -26 -8 129 -81 85 19 96 -23 
 -5 13 -9 110 -117 38 -60 -58 -58 26 24 -79 10 -42 -96 -1 -39 1 13 70 52 -103 115 23 -113 45 147 25 -3 -69 81 -145 
36 133 -35 -135 95 -133 -26 82 115 -28 39 70 7 -77 8 -10 -2 90 -42 38 -29 -9 45 -74 -35 -2 124 -78 91 35 91 -30 
 -10 5 2 115 -121 32 -57 -63 -65 24 25 -86 8 -39 -99 0 -32 -5 18 71 53 -100 106 19 -102 34 148 26 -10 -67 82 -144 
30 130 -33 -148 95 -131 -27 76 126 -34 28 75 0 -68 9 -8 -4 87 -41 44 -31 -8 47 -74 -37 -3 125 -75 84 35 97 -24 
 -6 0 -6 107 -121 21 -64 -70 -65 22 35 -83 3 -35 -109 0 -36 -13 27 63 44 -101 101 17 -100 37 145 28 -15 -73 86 -143 
30 118 -37 -141 91 -126 -32 85 119 -34 28 70 -1 -65 12 -10 1 95 -33 52 -26 -6 48 -84 -39 0 126 -72 88 36 104 -25 
 -6 -6 -9 100 -119 27 -67 -67 -64 11 41 -83 5 -31 -104 4 -33 -20 21 54 59 -97 100 21 -102 43 138 25 -12 -65 79 -144 
39 119 -46 -137 91 -129 -35 98 117 -40 34 75 -1 -69 18 -9 2 88 -30 55 -19 -15 48 -76 -38 4 125 -77 93 34 99 -27 
 -7 -5 -11 95 -115 36 -74 -56 -64 3 40 -81 5 -25 -110 6 -40 -26 19 57 59 -93 93 22 -98 45 132 27 -5 -62 74 -137 
36 117 -56 -142 92 -126 -35 95 119 -46 26 79 -15 -79 20 -4 8 86 -24 49 -8 -4 52 -67 -32 2 124 -73 96 39 97 -16 
 -8 -9 -3 95 -123 44 -74 -61 -69 -7 50 -84 2 -29 -117 7 -39 -19 17 49 69 -90 86 7 -98 42 132 36 -5 -65 75 -139 
25 119 -54 -132 93 -116 -28 90 120 -50 28 86 -8 -81 12 -13 5 89 -26 45 -6 -4 50 -70 -28 7 132 -72 93 38 102 -19 
 -6 -4 7 95 -123 42 -83 -62 -63 -6 40 -83 9 -33 -121 7 -34 -16 16 50 75 -96 96 15 -92 52 124 37 -2 -72 75 -136 
29 118 -59 -133 91 -109 -25 91 121 -55 33 88 -7 -93 16 -17 8 91 -30 34 -11 0 50 -66 -21 15 128 -72 98 35 94 -20 
 -3 -10 -1 100 -123 49 -84 -53 -70 -12 40 -81 11 -32 -120 9 -39 -8 12 43 79 -97 100 12 -95 52 114 33 -6 -77 76 -134 
41 115 -57 -127 90 -106 -21 92 123 -61 38 94 -11 -89 13 -22 7 100 -25 28 -9 -7 44 -69 -11 17 134 -71 106 42 93 -23 
 -9 -1 -6 108 -127 48 -86 -57 -65 -24 50 -77 5 -38 -115 2 -27 -3 9 46 84 -83 102 20 -92 45 120 24 0 -80 71 -132 
44 118 -53 -124 98 -102 -24 98 119 -60 35 94 -13 -92 13 -33 12 98 -25 25 -5 3 55 -68 -9 16 139 -67 106 44 84 -19 
 -7 -9 -3 108 -135 48 -83 -58 -55 -23 56 -80 8 -40 -118 5 -30 0 9 46 83 -79 90 14 -80 44 119 33 -1 -78 76 -129 
42 115 -54 -125 89 -102 -24 85 117 -62 26 93 -8 -92 13 -33 18 84 -27 33 -3 1 50 -65 1 12 140 -73 103 51 83 -25 
 -3 0 -4 111 -137 49 -92 -50 -55 -22 50 -76 -6 -40 -124 9 -27 -4 13 52 79 -76 80 5 -83 42 114 21 3 -78 81 -125 
39 114 -56 -130 91 -101 -24 88 117 -64 19 92 -18 -97 8 -34 17 77 -22 34 -3 0 57 -70 -3 10 132 -69 112 43 89 -18 
 -2 4 2 106 -138 45 -90 -40 -59 -23 50 -81 -16 -38 -127 17 -29 -12 7 57 79 -71 76 13 -80 36 116 20 7 -71 72 -129 
39 114 -49 -121 99 -94 -26 83 117 -62 31 90 -12 -95 18 -38 19 87 -28 30 -5 -7 55 -65 -4 3 124 -71 100 47 88 -17 
 -4 -2 7 108 -134 38 -86 -41 -56 -22 49 -85 -7 -36 -126 27 -27 -6 5 42 76 -76 79 20 -79 41 123 25 3 -77 76 -125 
40 120 -56 -117 102 -90 -16 85 120 -72 38 91 -14 -93 19 -38 19 88 -32 30 3 -18 52 -66 -5 -4 122 -65 94 47 83 -11 
 -2 -10 2 101 -131 40 -87 -47 -54 -32 48 -91 -15 -33 -127 24 -35 0 21 35 77 -70 69 15 -82 39 125 23 3 -69 66 -122 
39 119 -61 -112 103 -89 -26 84 113 -66 38 78 -26 -87 16 -36 29 83 -29 27 6 -20 64 -67 -10 6 130 -56 86 59 88 -7 
 -2 -11 10 106 -126 43 -90 -40 -53 -45 47 -92 -13 -41 -130 25 -44 1 20 32 90 -59 70 12 -75 54 120 18 -5 -75 62 -122 
40 126 -54 -105 107 -81 -29 88 112 -62 45 90 -26 -89 21 -32 25 78 -30 29 5 -18 75 -64 -4 16 137 -48 95 68 88 -7 
 3 -6 3 119 -119 46 -84 -33 -60 -53 45 -87 -6 -40 -127 18 -43 6 20 36 82 -58 69 10 -76 57 133 21 6 -78 68 -121 
43 123 -61 -104 105 -82 -26 95 110 -62 45 94 -23 -97 18 -28 29 83 -36 29 7 -13 72 -55 -4 15 139 -45 87 66 86 -14 
 -4 -6 10 124 -114 44 -83 -30 -64 -54 51 -94 -7 -32 -112 21 -57 11 22 33 78 -52 64 16 -70 56 136 20 1 -70 67 -123 
43 130 -54 -110 103 -74 -26 99 107 -69 44 91 -24 -91 12 -31 38 81 -46 33 3 -12 70 -52 -7 18 144 -42 85 70 94 -16 
 -6 -7 11 132 -123 39 -85 -35 -66 -58 60 -95 -20 -28 -107 21 -61 8 30 39 75 -59 54 26 -73 58 131 14 2 -69 63 -124 
28 125 -54 -111 109 -61 -29 96 107 -64 45 100 -24 -99 25 -29 31 77 -33 39 2 -12 73 -56 -4 17 146 -37 81 70 91 -18 
 -11 -14 14 140 -126 43 -89 -30 -64 -62 62 -89 -16 -36 -105 22 -62 8 38 36 81 -59 52 24 -68 59 130 24 -1 -72 70 -123 
24 128 -70 -105 113 -58 -35 93 102 -70 52 104 -20 -92 16 -24 34 84 -30 46 2 -15 78 -61 -7 15 154 -42 76 65 99 -28 
 -18 -7 28 135 -124 49 -93 -46 -67 -76 62 -80 -12 -36 -110 20 -67 11 36 30 78 -61 52 22 -74 59 140 27 -3 -74 65 -120 
23 123 -72 -105 112 -51 -31 97 108 -70 47 92 -19 -90 16 -25 44 67 -29 46 1 -5 86 -57 -12 22 144 -43 68 66 104 -39 
 -14 -6 21 135 -130 43 -80 -51 -67 -84 61 -92 -10 -40 -123 16 -59 10 40 29 83 -61 50 15 -74 61 148 30 -11 -81 70 -118 
11 135 -79 -108 100 -60 -23 98 108 -64 48 88 -23 -94 21 -20 39 71 -26 43 10 0 92 -56 -27 12 145 -44 71 69 99 -33 
 -20 -11 24 130 -137 40 -83 -52 -58 -84 61 -76 -21 -50 -125 14 -55 1 43 21 80 -59 52 14 -75 68 146 24 -18 -84 76 -119 
8 132 -81 -112 89 -61 -16 99 108 -66 40 81 -32 -82 25 -22 45 67 -24 37 7 5 103 -63 -30 18 150 -41 73 66 99 -33 
 -23 -1 26 133 -136 44 -82 -44 -60 -83 63 -65 -24 -51 -125 18 -55 -1 37 24 81 -53 50 15 -80 68 153 25 -9 -90 78 -117 
10 134 -73 -103 83 -56 -21 108 110 -83 46 74 -37 -88 17 -13 36 71 -18 47 -3 -2 103 -61 -24 25 145 -48 70 58 99 -34 
 -25 3 20 130 -138 45 -87 -38 -62 -89 57 -68 -27 -44 -132 17 -56 2 35 27 82 -42 54 16 -83 66 164 24 -20 -90 81 -121 
6 133 -73 -99 77 -58 -25 101 106 -87 39 71 -22 -90 16 -4 32 69 -24 43 -5 -7 108 -74 -20 8 152 -50 64 49 112 -37 
 -21 5 21 133 -139 50 -84 -39 -70 -89 62 -74 -32 -38 -123 10 -55 6 38 25 75 -43 53 16 -80 67 159 36 -24 -87 97 -125 
2 129 -78 -104 85 -59 -17 98 98 -81 40 66 -19 -97 13 -3 27 72 -22 44 -5 -5 112 -75 -4 6 151 -51 58 59 101 -41 
 -30 -2 23 136 -143 55 -83 -38 -67 -92 63 -81 -30 -39 -117 9 -65 5 37 28 69 -41 50 15 -91 73 162 31 -32 -99 101 -124 
9 138 -75 -112 76 -66 -10 92 104 -59 36 68 -14 -97 4 -6 30 60 -34 32 -8 -3 106 -87 -11 5 143 -50 60 63 95 -41 
 -38 -2 12 130 -155 57 -83 -47 -66 -86 64 -83 -22 -46 -118 13 -73 1 36 24 68 -41 57 8 -94 66 167 34 -37 -95 95 -119 
14 139 -74 -102 76 -61 -12 95 116 -65 34 63 -8 -96 4 -5 38 62 -34 29 -11 -9 114 -84 -4 5 147 -52 60 70 105 -43 
 -30 -4 10 128 -154 75 -79 -51 -63 -89 63 -92 -34 -48 -115 15 -67 -5 39 21 66 -38 56 4 -86 66 169 32 -44 -93 103 -123 
15 131 -74 -97 79 -55 -17 100 113 -72 26 58 -12 -93 10 -11 28 64 -35 42 -12 -13 121 -82 -5 11 156 -57 56 63 99 -40 
 -31 4 19 132 -155 79 -86 -40 -63 -83 62 -92 -53 -53 -114 14 -68 -6 50 13 75 -42 62 -2 -81 75 158 37 -35 -89 106 -123 
10 137 -74 -121 69 -61 -21 102 116 -72 20 60 -16 -100 13 -12 28 63 -35 34 -18 -13 129 -73 -4 23 166 -56 54 55 106 -45 
 -41 17 17 136 -153 82 -76 -36 -77 -90 63 -91 -56 -50 -111 20 -59 -5 53 11 63 -39 57 2 -83 74 158 36 -33 -85 111 -121 
17 134 -74 -124 70 -56 -11 94 119 -69 31 56 -10 -108 8 -14 28 66 -28 45 -15 -4 146 -76 -8 13 160 -49 53 60 98 -54 
 -33 16 12 144 -148 82 -79 -32 -75 -90 77 -90 -57 -50 -107 17 -51 -1 54 6 57 -40 54 5 -82 73 168 27 -33 -87 108 -122 
14 139 -65 -128 70 -49 -10 90 112 -77 32 58 -14 -113 9 -14 23 63 -30 45 -17 -2 130 -75 -9 13 163 -44 53 59 96 -58 
 -37 18 15 139 -153 82 -80 -26 -74 -78 73 -92 -57 -44 -110 19 -57 10 56 6 61 -41 49 8 -80 76 171 30 -37 -84 95 -125 
20 138 -68 -123 77 -59 -24 87 114 -68 39 51 -21 -110 21 -17 20 59 -36 35 -8 -10 120 -73 -7 8 169 -50 56 48 100 -55 
 -36 16 11 140 -156 83 -90 -19 -63 -80 74 -94 -55 -41 -103 21 -61 16 57 17 59 -44 43 18 -86 69 170 28 -39 -87 98 -123 
25 141 -65 -126 81 -64 -23 84 113 -64 39 52 -24 -113 19 -14 28 68 -24 30 -10 -11 121 -67 -8 18 173 -51 62 51 100 -58 
 -30 21 22 143 -160 73 -84 -19 -55 -80 85 -98 -63 -39 -103 19 -59 20 64 26 56 -39 46 20 -84 67 179 27 -35 -80 103 -125 
25 134 -61 -119 76 -61 -9 84 115 -71 30 47 -22 -103 26 -8 32 71 -26 38 -11 -12 121 -69 -13 20 174 -57 59 48 89 -58 
 -20 27 16 134 -150 67 -92 -18 -61 -84 77 -94 -62 -50 -101 13 -61 20 53 27 50 -40 42 29 -76 78 175 34 -48 -78 107 -125 
20 135 -65 -121 80 -63 -5 86 115 -73 28 47 -21 -92 24 -6 38 72 -31 38 -20 -11 132 -74 -10 31 174 -61 55 49 81 -57 
 -15 20 19 143 -146 63 -93 -21 -65 -86 73 -87 -62 -50 -100 6 -62 19 52 34 43 -29 48 32 -76 72 176 37 -51 -77 107 -119 
19 140 -64 -124 76 -68 5 92 112 -68 33 50 -26 -93 18 -18 35 72 -29 37 -19 -14 124 -76 -8 26 182 -61 57 50 74 -56 
 -15 20 24 153 -143 70 -91 -14 -61 -86 70 -84 -57 -59 -111 -8 -65 32 50 38 45 -39 50 27 -67 70 179 31 -52 -80 106 -118 
20 142 -74 -116 76 -70 12 95 108 -73 28 51 -29 -90 5 -21 35 73 -16 34 -18 -17 119 -75 -5 28 176 -61 63 44 77 -52 
 -17 15 17 153 -146 68 -82 -11 -54 -84 70 -80 -57 -60 -112 -15 -60 35 42 43 40 -45 56 31 -74 73 183 19 -49 -77 114 -116 
25 148 -75 -102 70 -69 16 102 104 -66 23 50 -23 -86 4 -20 44 71 -20 33 -30 -14 118 -75 -17 22 175 -57 55 40 75 -50 
 -20 13 26 147 -152 69 -88 2 -55 -94 68 -83 -51 -55 -118 -19 -65 33 43 44 41 -40 58 29 -78 77 179 19 -56 -76 115 -118 
23 146 -75 -103 73 -66 18 100 110 -60 22 46 -25 -86 6 -27 43 79 -12 20 -29 -14 116 -73 -16 21 178 -61 51 34 70 -41 
 -26 17 28 148 -147 63 -82 15 -60 -95 80 -79 -61 -59 -117 -26 -59 36 53 46 43 -50 50 36 -78 85 176 18 -60 -78 121 -115 
23 145 -70 -105 84 -70 19 96 101 -69 22 47 -25 -85 7 -29 44 80 -8 18 -20 -12 112 -76 -21 21 175 -62 55 43 84 -49 
 -28 14 35 148 -146 66 -94 17 -66 -98 90 -79 -61 -59 -110 -26 -57 35 56 47 52 -49 42 33 -78 88 183 10 -64 -66 119 -109 
16 159 -83 -101 79 -84 25 97 97 -72 22 46 -21 -94 14 -33 43 88 -8 22 -14 -10 119 -76 -21 19 174 -58 63 43 88 -49 
 -30 7 41 143 -152 69 -99 8 -71 -101 93 -86 -67 -50 -117 -26 -63 27 72 44 59 -59 49 45 -75 96 186 16 -68 -65 121 -121 
20 155 -81 -104 82 -88 18 96 90 -70 22 54 -26 -97 11 -40 34 81 -16 16 -13 -15 104 -90 -17 15 178 -54 64 33 82 -53 
 -24 4 40 148 -148 59 -92 4 -73 -91 106 -85 -70 -42 -118 -28 -69 31 62 39 63 -62 51 40 -65 97 187 25 -75 -69 117 -118 
25 143 -86 -101 84 -91 17 83 92 -70 28 54 -26 -101 3 -36 36 75 -17 18 -4 -9 101 -92 -12 15 175 -53 64 44 89 -50 
 -25 -3 46 145 -150 62 -92 -5 -74 -88 100 -85 -72 -40 -113 -32 -63 40 61 43 67 -54 50 53 -59 94 193 27 -78 -61 107 -115 
23 142 -88 -105 79 -95 22 81 87 -73 29 56 -25 -104 5 -34 33 68 -12 18 2 1 102 -85 -14 22 182 -60 66 45 92 -55 
 -25 -3 43 139 -146 66 -88 -6 -75 -84 103 -94 -68 -43 -99 -38 -58 33 61 47 71 -44 58 55 -60 100 193 30 -72 -61 106 -112 
20 135 -89 -109 74 -101 26 81 77 -70 25 54 -22 -107 3 -31 38 72 -14 17 4 -1 104 -89 -16 22 181 -56 70 39 92 -56 
 -30 -10 42 138 -150 66 -85 1 -84 -88 105 -89 -72 -33 -96 -30 -60 25 59 47 71 -44 56 56 -63 94 188 34 -64 -58 111 -115 
17 137 -85 -106 71 -109 19 85 81 -72 25 52 -21 -99 -6 -27 47 79 -9 20 9 6 107 -83 -30 18 180 -59 67 36 98 -60 
 -33 -16 49 139 -160 70 -81 5 -91 -99 111 -89 -78 -29 -94 -35 -62 10 63 53 67 -41 59 59 -70 88 187 38 -59 -57 122 -120 
12 136 -91 -92 70 -106 24 88 85 -69 23 45 -31 -93 -12 -25 35 78 -8 19 6 7 106 -76 -24 15 171 -56 58 30 93 -60 
 -21 -18 39 142 -160 66 -86 1 -93 -98 111 -88 -68 -28 -100 -39 -71 18 62 65 77 -46 58 66 -63 88 186 25 -52 -66 121 -115 
8 141 -84 -82 62 -105 27 82 88 -74 19 38 -27 -95 -21 -24 43 73 -18 30 10 0 102 -64 -28 18 168 -46 57 35 100 -41 
 -29 -17 40 137 -169 76 -79 0 -88 -96 122 -85 -65 -29 -100 -36 -82 23 61 65 72 -42 55 67 -55 78 182 23 -52 -71 113 -104 
5 145 -85 -76 59 -100 31 75 95 -78 14 31 -31 -90 -22 -20 32 69 -30 40 7 -3 106 -65 -31 17 171 -53 51 35 98 -45 
 -34 -17 36 138 -164 71 -78 -1 -85 -92 121 -95 -72 -24 -96 -37 -75 27 60 62 60 -42 57 66 -44 73 180 21 -50 -68 99 -118 
-2 133 -86 -67 62 -99 33 66 93 -73 15 30 -25 -86 -34 -19 28 64 -34 48 10 -2 99 -72 -30 19 177 -49 56 35 101 -51 
 -41 -15 43 138 -155 70 -80 -3 -81 -99 115 -100 -73 -29 -101 -39 -72 29 50 53 56 -42 57 58 -43 76 178 22 -52 -71 94 -111 
-8 130 -89 -65 64 -94 35 53 97 -68 15 32 -39 -97 -35 -6 22 64 -43 49 9 0 111 -73 -32 17 180 -51 51 41 105 -60 
 -48 -13 40 124 -155 62 -73 -7 -81 -99 115 -98 -71 -28 -94 -31 -80 22 49 57 59 -37 52 52 -47 77 187 18 -58 -74 104 -115 
-12 126 -89 -56 60 -94 27 50 97 -69 14 36 -41 -96 -35 -2 17 57 -55 57 5 -1 109 -70 -45 19 183 -50 43 41 117 -61 
 -41 -10 46 116 -157 63 -83 -4 -82 -98 113 -93 -75 -30 -94 -33 -81 26 57 54 63 -36 53 62 -45 76 195 21 -59 -72 101 -110 
-10 131 -90 -56 64 -97 28 50 91 -77 23 33 -44 -94 -36 4 18 50 -54 55 -2 3 113 -77 -42 20 181 -54 40 37 127 -69 
 -44 -18 46 118 -155 63 -88 -5 -83 -95 114 -88 -76 -31 -98 -25 -80 22 64 55 69 -40 49 61 -53 75 197 17 -57 -77 114 -109 
-13 135 -86 -55 71 -101 15 49 96 -70 32 38 -50 -88 -41 4 18 58 -56 52 1 3 108 -72 -41 24 173 -56 52 38 119 -63 
 -45 -11 50 114 -160 56 -85 1 -85 -103 113 -92 -64 -31 -102 -22 -84 13 67 59 69 -51 41 56 -55 82 203 21 -52 -81 113 -120 
-5 129 -81 -61 75 -97 31 50 87 -65 35 34 -45 -93 -40 -1 22 59 -55 62 -5 4 107 -69 -33 12 178 -63 50 26 129 -64 
 -41 -5 45 120 -162 46 -79 3 -95 -104 108 -96 -65 -39 -103 -21 -88 16 70 66 64 -41 58 53 -54 76 206 23 -50 -70 106 -123 
1 123 -82 -69 72 -102 39 59 92 -64 36 33 -40 -87 -36 1 32 65 -56 66 -12 8 99 -73 -35 -1 185 -73 54 21 122 -59 
 -37 -5 48 127 -161 47 -74 5 -88 -110 104 -89 -71 -34 -96 -21 -94 19 65 57 64 -39 67 50 -51 68 206 24 -60 -69 101 -125 
2 133 -89 -71 68 -95 45 64 83 -62 35 26 -32 -81 -35 3 30 62 -52 62 -17 9 104 -81 -48 13 187 -76 58 21 125 -57 
 -40 -5 42 132 -161 41 -71 2 -87 -113 99 -82 -74 -38 -94 -18 -95 24 73 55 61 -36 66 39 -61 59 213 21 -62 -62 97 -129 
-2 138 -86 -72 64 -89 48 59 89 -64 26 32 -34 -89 -32 -2 43 63 -38 70 -23 23 107 -83 -51 8 184 -86 63 16 129 -63 
 -44 4 43 140 -162 44 -67 3 -88 -110 94 -81 -90 -40 -99 -28 -94 27 76 60 53 -29 62 32 -70 59 205 18 -59 -59 99 -123 
8 148 -84 -69 56 -97 49 68 90 -75 19 33 -39 -96 -35 -4 43 66 -34 74 -21 19 105 -83 -49 11 183 -92 76 10 134 -65 
 -51 -2 41 141 -168 54 -60 -3 -80 -113 95 -77 -83 -39 -98 -36 -97 31 79 73 56 -35 53 33 -69 60 201 16 -43 -64 94 -124 
3 151 -84 -73 48 -94 51 65 87 -79 23 30 -37 -98 -34 -7 44 67 -37 81 -31 20 112 -76 -37 14 180 -83 78 16 135 -62 
 -68 -3 46 147 -168 39 -58 -14 -79 -102 95 -67 -84 -41 -90 -35 -98 20 74 66 58 -34 55 29 -72 63 194 20 -49 -70 103 -120 
2 160 -78 -80 43 -89 51 68 86 -69 20 23 -28 -95 -23 -8 45 68 -45 76 -32 25 121 -77 -36 15 181 -77 84 17 117 -57 
 -71 -1 35 149 -171 33 -62 -7 -83 -106 87 -65 -89 -41 -99 -44 -108 30 81 70 61 -23 57 28 -67 56 194 22 -58 -75 103 -122 
-3 161 -74 -79 43 -93 57 56 84 -76 9 16 -20 -94 -16 -4 44 70 -52 79 -28 20 118 -77 -34 16 168 -84 84 10 118 -53 
 -74 -7 34 152 -168 37 -68 5 -76 -105 81 -66 -91 -43 -99 -47 -114 41 73 66 59 -19 58 26 -64 58 180 17 -58 -84 97 -130 
1 153 -70 -77 35 -93 62 41 77 -70 -1 18 -17 -93 -12 -5 47 67 -47 76 -32 15 120 -78 -38 19 175 -94 96 2 118 -58 
 -81 -10 32 156 -169 36 -72 6 -79 -112 76 -62 -85 -39 -99 -41 -118 46 75 76 57 -19 55 22 -68 65 176 19 -54 -85 87 -131 
8 151 -69 -65 30 -96 60 35 84 -67 -1 15 -14 -86 -11 3 54 72 -50 68 -32 11 107 -74 -34 24 173 -90 105 1 122 -55 
 -79 -15 29 155 -164 29 -62 9 -84 -109 76 -58 -93 -53 -101 -39 -117 43 73 73 40 -21 57 17 -70 65 164 17 -51 -82 87 -124 
12 152 -73 -64 27 -99 59 31 87 -72 14 18 -6 -84 -8 4 52 68 -60 68 -29 13 110 -68 -37 19 158 -95 102 4 119 -57 
 -77 -16 21 153 -160 22 -64 3 -88 -100 65 -58 -97 -49 -101 -38 -107 41 73 66 46 -14 55 12 -68 62 178 6 -49 -82 93 -126 
14 152 -77 -61 22 -97 60 24 97 -75 36 12 -9 -86 -14 -1 58 72 -60 65 -28 7 115 -72 -34 17 169 -96 100 3 125 -60 
 -84 -20 21 156 -172 14 -61 3 -85 -98 65 -55 -100 -45 -106 -48 -119 47 65 65 57 -16 55 11 -69 67 186 6 -57 -81 94 -126 
14 156 -74 -57 22 -104 47 18 82 -84 36 14 -10 -88 -16 -2 60 74 -55 57 -33 6 115 -73 -36 19 175 -102 97 13 124 -71 
 -85 -18 26 154 -169 20 -60 2 -86 -110 68 -58 -100 -41 -98 -40 -118 46 70 75 57 -10 56 19 -75 56 185 -2 -54 -75 94 -129 
14 162 -74 -49 23 -108 47 24 86 -86 28 19 -5 -96 -26 -8 65 75 -56 50 -36 15 117 -79 -34 11 174 -104 92 8 120 -79 
 -78 -19 18 147 -166 20 -59 5 -83 -103 68 -62 -103 -45 -99 -34 -117 55 66 76 56 -11 56 15 -69 62 163 -4 -55 -81 88 -133 
10 166 -77 -57 24 -106 49 14 90 -73 35 26 -3 -97 -22 -10 61 78 -52 54 -32 18 119 -82 -45 15 178 -102 88 21 125 -86 
 -84 -21 14 155 -190 18 -71 15 -80 -99 75 -50 -96 -50 -93 -34 -115 50 73 81 49 -5 59 17 -61 69 165 -12 -59 -66 92 -135 
18 166 -77 -62 25 -110 58 10 95 -68 32 41 0 -101 -15 -13 64 67 -43 48 -32 17 114 -84 -41 7 184 -108 89 23 121 -86 
 -73 -17 15 168 -190 25 -75 16 -73 -110 79 -50 -111 -42 -104 -26 -118 47 66 81 40 -1 63 17 -65 61 168 -9 -54 -64 93 -145 
22 171 -74 -62 31 -114 62 1 98 -75 32 42 -7 -99 -15 -14 58 63 -56 47 -34 18 114 -87 -45 5 177 -99 89 26 124 -82 
 -81 -18 17 173 -203 19 -76 17 -76 -109 70 -53 -110 -54 -114 -29 -111 47 65 84 45 -2 53 23 -71 59 171 -5 -56 -62 91 -152 
25 172 -77 -62 31 -112 74 3 100 -72 26 48 -5 -105 -10 -17 77 66 -72 45 -27 15 119 -82 -41 4 177 -98 92 28 123 -82 
 -80 -11 21 168 -195 21 -65 14 -77 -116 79 -49 -101 -51 -120 -25 -115 57 73 86 40 0 45 30 -70 62 173 0 -49 -58 91 -153 
20 171 -82 -69 27 -114 80 9 98 -66 19 44 -3 -112 -7 -24 75 59 -78 37 -25 13 103 -92 -45 -2 183 -97 86 31 124 -76 
 -75 -13 18 155 -203 14 -57 16 -81 -110 85 -58 -108 -51 -117 -27 -113 56 70 93 36 2 47 33 -71 53 169 -6 -50 -61 85 -154 
19 186 -85 -66 23 -102 73 10 104 -65 24 33 -1 -103 -11 -16 78 62 -101 41 -25 12 97 -93 -43 -4 182 -91 81 25 128 -76 
 -84 -10 16 150 -206 16 -53 16 -85 -109 86 -57 -115 -52 -114 -27 -112 60 69 86 39 5 50 44 -75 56 167 -13 -50 -54 88 -155 
16 184 -84 -72 30 -94 70 11 97 -65 18 39 3 -95 -17 -29 83 64 -106 33 -29 2 95 -80 -44 -6 185 -102 96 27 114 -77 
 -83 -18 14 153 -200 17 -58 14 -100 -104 89 -64 -111 -43 -121 -19 -106 65 74 82 42 9 50 57 -76 52 171 -12 -48 -62 91 -150 
18 187 -87 -76 29 -88 76 16 93 -61 20 43 -6 -109 -21 -34 95 74 -105 35 -34 0 102 -86 -38 -7 189 -102 102 20 121 -77 
 -73 -23 16 156 -197 19 -58 17 -107 -115 81 -58 -114 -40 -129 -23 -112 68 82 91 50 -17 45 49 -77 55 167 -11 -51 -60 86 -148 
17 188 -88 -86 17 -92 79 18 101 -56 19 33 -5 -110 -22 -34 96 69 -102 36 -38 0 103 -95 -45 -7 185 -108 103 19 124 -80 
 -79 -34 19 163 -206 9 -55 21 -117 -118 76 -58 -105 -42 -132 -21 -117 70 78 95 45 -14 43 46 -72 60 160 -6 -46 -73 89 -156 
30 201 -90 -82 16 -87 78 8 105 -55 24 32 -5 -110 -16 -44 99 70 -113 36 -26 -2 103 -86 -42 -8 184 -107 105 10 136 -81 
 -75 -40 16 172 -216 19 -53 22 -119 -117 67 -53 -104 -42 -124 -18 -104 71 85 90 51 -12 47 42 -71 53 163 2 -42 -76 94 -154 
26 199 -89 -78 12 -91 74 8 114 -56 25 39 -4 -110 -15 -31 95 75 -112 33 -15 -4 95 -92 -45 -9 190 -117 107 1 140 -83 
 -81 -35 15 181 -207 18 -57 20 -120 -115 57 -43 -96 -33 -114 -13 -101 80 83 90 59 -11 49 49 -72 54 154 8 -42 -81 102 -150 
33 196 -94 -82 12 -86 64 1 120 -58 34 36 -5 -112 -21 -28 93 75 -113 30 -7 1 96 -82 -51 -12 184 -101 110 3 133 -82 
 -76 -36 7 181 -208 23 -66 12 -138 -129 64 -43 -101 -19 -119 -21 -101 69 87 87 46 -10 51 47 -73 64 145 7 -43 -85 100 -156 
31 202 -103 -73 18 -84 62 4 124 -69 41 37 -1 -110 -29 -30 95 66 -114 30 -2 0 101 -78 -47 -5 186 -103 114 4 128 -75 
 -78 -29 20 179 -211 17 -73 13 -134 -125 59 -46 -104 -16 -122 -20 -104 70 91 89 48 -13 52 50 -76 71 147 15 -50 -85 101 -148 
28 190 -96 -69 9 -73 57 5 123 -78 25 39 -1 -108 -21 -27 98 72 -124 31 0 -4 108 -93 -47 12 184 -92 113 7 132 -74 
 -80 -42 15 179 -212 17 -56 17 -145 -122 49 -49 -104 -11 -119 -16 -101 65 93 84 43 -10 55 44 -71 80 143 14 -52 -79 101 -143 
38 172 -95 -68 11 -68 41 6 138 -76 18 39 -12 -96 -24 -13 103 55 -126 36 -1 -13 113 -93 -48 18 174 -87 101 15 131 -65 
 -72 -47 6 177 -219 -1 -47 28 -149 -118 45 -46 -107 -5 -103 -19 -112 78 97 76 45 -9 67 40 -68 78 143 2 -49 -80 90 -135 
39 155 -101 -73 18 -79 44 6 136 -71 31 34 -13 -90 -17 -17 116 59 -127 25 0 -7 111 -97 -49 11 170 -85 97 19 141 -58 
 -75 -51 1 181 -237 -1 -42 40 -154 -123 37 -43 -103 -4 -105 -26 -110 76 93 74 47 -3 56 41 -86 80 155 -1 -52 -66 84 -128 
32 153 -106 -74 20 -76 36 3 129 -78 27 35 -13 -96 -18 -13 113 56 -117 32 8 -12 116 -90 -46 18 175 -86 98 26 137 -54 
 -72 -51 -4 183 -237 -1 -47 41 -149 -128 35 -45 -104 5 -106 -19 -106 66 96 79 44 3 64 38 -95 78 151 3 -52 -70 77 -124 
29 144 -104 -73 12 -76 40 8 130 -80 26 37 -10 -106 -10 -12 119 56 -114 36 -1 -15 116 -89 -42 21 184 -90 99 21 139 -56 
 -69 -48 -13 181 -240 -10 -47 33 -145 -137 31 -39 -100 6 -103 -20 -95 57 97 78 41 6 64 40 -96 79 143 -1 -47 -63 76 -127 
25 154 -104 -67 14 -79 42 10 138 -82 26 39 -10 -120 -18 -9 126 61 -117 33 -17 -21 117 -94 -57 19 184 -89 92 19 136 -48 
 -77 -57 -7 185 -250 -21 -45 36 -153 -137 37 -43 -100 8 -101 -20 -91 51 99 79 34 9 66 30 -88 79 145 2 -45 -64 66 -118 
25 148 -102 -68 15 -89 46 11 137 -79 29 54 -1 -121 -17 -11 135 55 -118 38 -17 -22 110 -100 -56 24 176 -76 94 19 129 -51 
 -68 -59 -2 187 -244 -20 -47 44 -148 -143 40 -54 -100 5 -109 -16 -93 49 102 71 35 17 62 24 -94 75 136 -6 -47 -64 69 -112 
28 149 -108 -70 10 -85 39 9 139 -82 28 57 -3 -116 -19 -11 125 62 -124 46 -19 -23 104 -93 -63 26 176 -72 97 14 123 -52 
 -67 -59 -3 196 -233 -24 -51 51 -155 -142 35 -50 -102 5 -98 -26 -94 58 97 72 29 12 60 15 -98 89 138 -2 -40 -69 71 -116 
32 153 -112 -62 2 -84 44 9 133 -85 21 57 2 -109 -10 -9 123 58 -125 46 -24 -21 108 -84 -55 19 170 -78 99 14 103 -54 
 -81 -46 -7 205 -241 -30 -58 47 -159 -145 33 -53 -112 2 -101 -20 -91 59 96 78 28 12 61 19 -94 81 140 -8 -35 -68 67 -123 
24 139 -109 -63 5 -94 50 6 127 -90 16 56 2 -110 0 -9 121 58 -116 43 -17 -32 106 -89 -54 15 165 -74 103 16 111 -48 
 -82 -41 -2 202 -250 -28 -66 47 -166 -144 37 -51 -102 0 -103 -20 -84 56 85 78 20 4 57 22 -87 84 133 -9 -33 -68 67 -118 
15 129 -113 -66 6 -85 53 6 138 -93 21 51 7 -112 -2 -6 123 76 -118 55 -20 -32 99 -89 -51 19 178 -81 111 20 117 -42 
 -85 -37 -6 200 -242 -24 -66 39 -166 -134 35 -58 -99 0 -111 -24 -86 52 78 74 30 -3 51 30 -84 87 133 -12 -19 -64 57 -110 
14 128 -114 -73 3 -81 51 5 145 -96 20 47 7 -112 -9 -16 113 72 -124 43 -22 -21 92 -87 -59 20 173 -83 109 18 115 -40 
 -81 -40 -4 203 -241 -15 -59 40 -163 -124 30 -58 -93 1 -108 -30 -78 48 84 75 28 -2 47 28 -77 94 138 -7 -13 -62 55 -105 
19 127 -107 -85 7 -84 55 -1 135 -92 19 50 16 -108 -1 -12 113 61 -125 45 -22 -14 94 -90 -61 15 177 -90 108 18 126 -37 
 -84 -40 -11 201 -241 -3 -45 43 -161 -126 31 -64 -85 -10 -111 -20 -80 57 89 74 26 -1 50 20 -80 96 137 -5 -19 -62 52 -100 
26 124 -115 -75 2 -82 55 -1 134 -95 19 52 19 -111 -7 -12 123 56 -131 50 -23 -20 98 -92 -56 14 185 -94 122 8 126 -40 
 -73 -36 -13 203 -242 5 -49 34 -157 -124 41 -61 -75 -11 -117 -28 -71 51 91 69 26 -2 58 18 -80 101 133 -11 -29 -56 54 -98 
18 118 -110 -84 3 -80 66 -5 136 -90 21 58 18 -109 -11 -7 125 57 -133 52 -16 -10 94 -97 -48 21 186 -88 123 17 137 -35 
 -71 -33 -12 210 -239 5 -41 39 -156 -129 36 -62 -83 -18 -116 -25 -74 50 101 78 25 -11 58 16 -81 110 148 -16 -26 -43 52 -96 
18 124 -115 -92 0 -77 63 -10 144 -89 20 53 16 -109 -10 10 132 56 -133 58 -11 -11 99 -97 -53 29 182 -85 128 15 131 -25 
 -72 -31 -15 220 -242 1 -44 33 -150 -125 43 -66 -83 -20 -120 -14 -69 47 94 87 27 -7 56 14 -78 118 153 -13 -27 -44 47 -103 
22 128 -119 -97 6 -74 71 -4 143 -96 22 55 15 -106 -9 5 131 57 -143 60 -19 -8 105 -92 -51 32 178 -84 130 16 136 -22 
 -66 -25 -6 221 -236 -3 -46 26 -146 -128 45 -63 -81 -20 -120 -12 -70 54 87 83 27 -6 62 21 -65 119 148 -11 -24 -43 42 -97 
16 132 -120 -91 11 -70 75 -9 137 -92 15 59 18 -116 -11 4 137 60 -138 61 -18 -13 106 -83 -48 24 173 -87 130 24 136 -17 
 -63 -19 0 228 -238 2 -44 23 -143 -127 58 -64 -82 -6 -120 -1 -67 43 86 75 22 -4 70 23 -60 120 148 -10 -24 -36 39 -97 
14 128 -126 -101 2 -68 77 -5 137 -97 20 59 26 -122 -5 12 138 49 -136 69 -21 -16 102 -77 -49 28 168 -105 121 12 130 -11 
 -61 -20 6 236 -235 13 -38 19 -149 -121 56 -59 -72 -5 -125 -1 -62 53 99 81 18 4 69 32 -60 121 153 -16 -22 -33 42 -101 
8 130 -125 -108 -4 -67 76 6 136 -100 18 70 27 -125 0 18 134 51 -136 69 -15 -12 101 -79 -47 24 167 -95 123 20 131 -24 
 -69 -20 -4 236 -239 15 -30 21 -146 -117 57 -63 -73 -1 -122 -11 -64 61 89 82 18 -6 75 33 -66 125 150 -8 -26 -36 42 -96 
6 131 -125 -111 -10 -68 78 5 133 -101 10 68 21 -131 -5 19 145 58 -137 66 -9 -23 96 -82 -47 15 165 -92 129 16 130 -19 
 -73 -18 -5 227 -244 15 -32 18 -143 -112 57 -60 -69 -2 -128 -4 -65 49 95 77 14 -6 73 32 -66 119 151 -7 -26 -48 40 -94 
5 132 -124 -112 -22 -75 73 3 130 -97 9 66 26 -138 -1 18 144 55 -137 60 -7 -29 90 -95 -49 11 155 -84 137 10 123 -16 
 -80 -18 4 217 -243 26 -31 10 -140 -105 63 -63 -62 -17 -120 0 -67 56 94 74 24 -18 71 37 -73 120 147 -3 -33 -50 42 -92 
7 128 -125 -105 -24 -81 71 -2 127 -97 8 74 23 -140 -15 18 147 54 -134 56 -15 -32 97 -111 -43 11 151 -76 134 12 119 -9 
 -81 -16 16 223 -244 27 -22 14 -139 -106 54 -65 -59 -20 -121 -2 -68 63 88 67 26 -20 75 34 -72 114 142 3 -24 -61 45 -93 
6 136 -110 -108 -25 -82 73 -13 122 -94 15 85 23 -148 -12 18 150 61 -138 51 -23 -36 96 -97 -43 19 158 -72 124 7 116 -16 
 -81 -14 12 230 -251 15 -20 11 -131 -108 61 -60 -70 -21 -122 -3 -80 70 96 69 23 -22 77 35 -78 116 138 3 -18 -57 44 -86 
13 132 -101 -105 -20 -80 71 -18 123 -99 14 80 27 -148 -8 13 152 60 -132 51 -21 -41 90 -85 -45 26 158 -72 131 6 97 -15 
 -85 -10 12 229 -257 9 -16 14 -126 -107 56 -66 -59 -18 -119 -3 -81 71 84 61 13 -17 76 36 -82 125 138 10 -20 -61 47 -85 
16 135 -113 -103 -23 -78 71 -1 122 -102 22 80 24 -155 -2 12 151 52 -140 48 -35 -36 96 -85 -37 31 163 -70 130 9 104 -17 
 -91 -1 1 232 -263 -2 -18 22 -125 -101 51 -57 -70 -15 -125 -6 -82 63 88 60 13 -15 63 35 -84 124 134 19 -17 -63 47 -81 
15 135 -109 -98 -25 -82 73 -2 120 -105 32 83 30 -144 0 12 155 53 -146 47 -32 -31 95 -87 -30 34 168 -75 129 14 92 -13 
 -91 -1 5 228 -264 -4 -11 33 -119 -100 48 -63 -66 -10 -129 -2 -78 67 81 52 9 -15 55 17 -81 123 136 21 -14 -65 39 -79 
19 135 -106 -104 -25 -78 69 4 123 -107 29 87 26 -142 -5 19 159 58 -147 52 -31 -27 100 -92 -33 38 172 -70 133 19 104 -14 
 -94 -2 9 220 -264 -1 -8 25 -119 -101 54 -58 -70 -12 -130 -10 -77 61 85 57 10 -4 63 21 -79 123 130 20 -14 -56 37 -83 
28 133 -104 -109 -24 -74 70 -5 120 -111 38 87 31 -149 4 15 164 63 -144 45 -33 -35 94 -94 -33 35 178 -65 137 18 104 -12 
 -89 -1 17 222 -270 -3 -18 23 -117 -94 45 -55 -67 -3 -132 -11 -78 61 99 55 6 -6 60 19 -79 121 138 19 -5 -60 38 -79 
18 131 -97 -109 -19 -78 66 -1 108 -108 36 83 25 -145 4 16 170 61 -140 42 -37 -39 95 -92 -36 45 180 -73 138 18 105 -8 
 -92 -20 21 222 -261 -4 -10 27 -112 -89 37 -66 -70 -1 -131 -10 -77 66 100 64 7 -3 56 11 -76 118 141 23 -18 -70 37 -87 
15 130 -102 -102 -34 -77 64 0 107 -87 39 83 23 -134 12 19 171 66 -145 34 -32 -44 88 -101 -39 49 177 -74 142 21 116 -3 
 -91 -18 18 216 -253 2 -2 24 -102 -85 36 -66 -79 -1 -132 -15 -80 69 95 64 4 -3 60 4 -84 127 135 30 -16 -68 40 -77 
20 130 -96 -98 -35 -73 69 -2 103 -82 45 84 19 -132 7 16 174 63 -151 32 -27 -42 86 -105 -35 51 182 -65 146 23 114 2 
 -84 -20 22 222 -254 -4 -13 33 -93 -96 34 -73 -84 7 -128 -23 -78 81 89 62 8 -2 67 -4 -78 120 129 35 -16 -65 31 -81 
23 127 -98 -102 -36 -70 70 -1 105 -72 55 78 15 -142 11 16 167 66 -156 35 -26 -43 71 -102 -41 50 175 -72 147 23 107 -3 
 -86 -28 14 215 -256 -7 -14 29 -84 -99 22 -67 -81 14 -120 -31 -70 72 85 69 3 -4 69 -13 -83 119 135 40 -14 -69 25 -93 
17 129 -88 -93 -36 -75 77 0 108 -71 55 88 20 -133 12 9 179 61 -152 14 -14 -47 68 -104 -42 53 171 -66 150 28 107 -2 
 -93 -30 6 216 -258 -11 -9 22 -86 -98 21 -68 -79 23 -121 -40 -64 66 81 65 14 -7 64 -21 -82 120 136 42 -19 -69 28 -95 
5 139 -85 -99 -33 -66 84 13 103 -65 64 89 26 -142 10 -1 172 51 -151 11 -10 -54 85 -95 -42 48 168 -61 153 33 115 -10 
 -100 -35 9 211 -257 -17 -10 24 -84 -105 23 -66 -82 27 -130 -44 -61 70 80 62 22 -9 61 -14 -88 119 141 37 -15 -66 19 -88 
3 143 -85 -97 -35 -67 77 19 111 -71 59 78 29 -147 8 -1 179 48 -146 6 -10 -50 80 -97 -50 53 162 -65 156 36 112 2 
 -106 -39 4 220 -257 -18 -13 17 -78 -101 29 -62 -86 31 -127 -25 -67 61 82 57 29 -8 67 -10 -100 100 141 42 -10 -76 19 -95 
3 144 -84 -106 -40 -62 79 10 126 -74 53 79 30 -156 8 6 171 50 -143 11 -24 -44 80 -101 -52 56 149 -71 155 45 112 10 
 -92 -33 2 209 -251 -22 -15 13 -82 -101 27 -66 -81 39 -140 -23 -65 64 76 60 37 -5 71 -13 -99 92 132 36 -11 -77 10 -94 
-4 148 -85 -105 -50 -62 76 4 126 -73 61 79 36 -147 1 7 163 47 -144 2 -22 -49 76 -101 -52 48 144 -82 161 47 116 12 
 -99 -27 4 199 -244 -12 -10 23 -90 -107 32 -64 -77 42 -144 -28 -59 61 77 67 36 0 78 -9 -100 84 136 44 -20 -73 11 -92 
-1 155 -82 -111 -45 -67 83 -4 122 -68 56 70 51 -138 8 2 166 44 -147 10 -25 -54 76 -101 -59 53 145 -85 161 51 117 6 
 -103 -36 5 203 -243 -14 1 24 -93 -101 35 -64 -71 39 -146 -24 -63 65 75 74 36 -1 70 -4 -104 85 126 35 -12 -72 16 -94 
-6 159 -82 -117 -41 -69 86 -16 124 -68 59 67 58 -132 3 7 166 48 -160 10 -24 -51 74 -100 -57 50 144 -79 156 42 118 5 
 -101 -44 12 197 -235 -2 -3 30 -100 -99 34 -70 -71 33 -148 -26 -70 59 69 76 43 1 70 -5 -106 80 126 38 -16 -76 18 -97 
-10 174 -94 -125 -34 -63 84 -21 125 -61 55 62 57 -129 2 18 157 44 -156 6 -24 -56 72 -98 -52 48 139 -82 165 38 111 3 
 -100 -44 10 199 -231 -4 -6 36 -96 -99 36 -67 -68 41 -159 -27 -72 61 65 80 39 2 67 -5 -104 77 125 48 -17 -73 17 -98 
-5 177 -92 -126 -38 -63 88 -18 131 -55 59 55 62 -131 1 10 159 34 -145 3 -22 -58 72 -94 -52 53 136 -76 166 35 103 -2 
 -102 -40 13 195 -235 -8 -5 39 -94 -107 39 -65 -63 43 -163 -23 -78 67 59 81 38 1 64 -1 -106 73 128 45 -17 -71 15 -95 
6 186 -91 -129 -27 -63 88 -26 125 -55 58 55 57 -132 -4 10 147 39 -141 -1 -24 -57 70 -99 -57 43 134 -69 161 38 112 -8 
 -114 -30 14 196 -240 -1 -7 36 -103 -114 28 -54 -55 41 -160 -34 -81 65 70 76 37 1 64 -5 -104 74 123 50 -15 -73 16 -85 
7 187 -89 -120 -25 -66 86 -22 123 -57 60 41 50 -138 -6 7 146 46 -144 6 -26 -52 60 -95 -55 48 134 -56 162 39 116 -5 
 -118 -33 20 199 -244 2 -8 43 -103 -118 33 -58 -48 38 -164 -31 -90 61 70 77 29 0 66 -4 -98 76 126 45 -7 -74 17 -81 
1 193 -76 -117 -25 -65 83 -27 118 -73 53 44 52 -138 -9 -2 147 48 -130 3 -34 -48 62 -90 -51 55 146 -57 163 40 105 4 
 -113 -35 23 189 -244 -1 -9 54 -99 -112 43 -58 -40 37 -152 -33 -86 61 69 81 27 -17 63 10 -100 75 125 38 -5 -77 14 -84 
2 189 -76 -122 -24 -59 90 -20 111 -65 50 44 52 -142 2 -10 139 41 -138 -6 -35 -51 71 -89 -60 46 149 -57 158 39 108 15 
 -116 -31 16 188 -243 -5 -24 53 -98 -114 39 -54 -42 31 -150 -35 -83 57 60 78 36 -18 66 5 -98 77 130 41 -2 -75 13 -84 
3 190 -81 -122 -24 -64 93 -29 109 -63 55 46 64 -132 0 -15 138 27 -129 -10 -28 -47 75 -91 -54 43 147 -56 152 39 99 16 
 -125 -28 15 193 -236 -11 -19 58 -88 -112 46 -63 -29 33 -158 -32 -86 49 62 76 34 -8 73 3 -90 69 136 45 -9 -76 12 -89 
3 197 -89 -118 -14 -71 88 -29 113 -64 55 50 59 -125 -3 -17 140 25 -134 -12 -24 -43 71 -89 -56 46 150 -48 139 49 103 19 
 -125 -29 20 177 -243 1 -10 47 -88 -116 53 -64 -22 36 -153 -39 -84 56 70 80 39 -12 71 2 -83 67 147 53 -12 -80 14 -96 
1 193 -95 -114 -9 -71 94 -28 111 -70 55 51 64 -125 6 -11 134 18 -130 -12 -27 -38 75 -92 -55 47 149 -61 140 56 104 11 
 -132 -29 17 170 -245 -11 -17 38 -96 -115 55 -60 -24 36 -156 -43 -89 47 72 81 40 -6 79 -7 -78 63 155 48 -17 -70 5 -92 
12 196 -100 -113 -4 -68 79 -32 102 -76 62 55 58 -123 20 -16 147 16 -132 -7 -24 -27 88 -90 -60 46 154 -64 135 51 110 4 
 -130 -23 21 172 -247 -1 -15 31 -93 -121 61 -65 -24 28 -156 -38 -98 54 74 79 46 -15 80 -4 -77 72 163 44 -7 -68 0 -82 
24 196 -100 -112 2 -67 77 -34 100 -82 65 57 59 -136 31 -28 150 13 -129 -3 -16 -25 78 -92 -55 43 148 -67 130 56 110 15 
 -125 -20 23 170 -248 -3 -12 37 -88 -113 60 -62 -19 23 -160 -42 -86 44 74 85 50 -16 78 -7 -74 72 161 51 -10 -63 0 -100 
26 190 -105 -110 1 -64 77 -29 107 -79 66 57 56 -130 35 -25 158 7 -127 -1 -14 -29 75 -91 -67 35 145 -76 136 65 108 12 
 -123 -11 20 183 -241 -10 -17 40 -91 -104 60 -64 -20 22 -172 -39 -88 41 66 81 50 -19 75 -10 -81 79 164 50 -17 -68 1 -96 
27 180 -97 -114 4 -69 72 -28 109 -80 65 69 67 -124 38 -16 163 18 -130 -4 -21 -25 72 -96 -68 35 154 -80 132 67 107 32 
 -126 -17 15 190 -238 -6 -19 36 -96 -110 67 -66 -25 17 -176 -40 -91 41 60 83 43 -23 70 -14 -78 76 173 56 -16 -70 -8 -100 
20 180 -97 -114 15 -65 75 -39 98 -83 69 68 70 -125 40 -11 169 26 -122 2 -23 -24 63 -90 -69 49 155 -79 131 62 109 31 
 -118 -17 16 195 -247 -5 -21 39 -92 -111 74 -63 -26 10 -180 -38 -95 37 58 84 40 -23 81 -16 -87 66 177 61 -15 -70 -13 -100 
20 180 -99 -102 15 -73 79 -39 105 -82 83 62 67 -134 44 -9 166 29 -126 -9 -12 -25 66 -84 -69 45 164 -81 128 69 107 34 
 -117 -13 11 187 -251 -5 -24 37 -89 -103 75 -68 -34 13 -180 -44 -93 41 54 82 40 -19 79 -10 -95 72 174 59 -19 -67 -21 -97 
21 183 -97 -105 20 -75 78 -41 119 -83 83 62 67 -140 38 5 167 28 -119 -15 -20 -23 66 -74 -60 36 165 -77 127 70 115 31 
 -123 -14 15 191 -257 -14 -23 36 -95 -108 73 -82 -31 26 -181 -49 -88 41 62 83 39 -24 77 -10 -91 64 178 57 -19 -60 -25 -98 
25 183 -92 -90 24 -74 85 -43 120 -76 84 55 75 -135 42 5 162 29 -117 -21 -28 -40 68 -77 -50 51 167 -68 123 75 116 27 
 -118 -17 21 191 -252 -21 -21 41 -87 -98 65 -84 -25 24 -184 -48 -103 40 74 81 38 -16 75 -11 -84 69 180 56 -19 -71 -23 -99 
27 180 -91 -85 8 -82 82 -48 124 -88 78 55 70 -137 43 7 158 35 -120 -15 -24 -41 68 -75 -50 56 165 -69 117 84 116 20 
 -113 -17 32 195 -250 -22 -27 38 -98 -96 67 -81 -20 27 -186 -52 -96 36 73 86 35 -15 76 -13 -82 70 177 60 -21 -79 -20 -103 
27 183 -72 -80 6 -82 82 -49 126 -86 80 55 71 -129 41 13 159 27 -126 -13 -18 -44 65 -74 -49 44 159 -71 120 89 109 15 
 -106 -25 37 198 -238 -16 -29 37 -101 -97 65 -71 -21 34 -187 -46 -98 31 75 81 36 -12 79 -20 -84 73 175 54 -14 -91 -27 -101 
27 179 -72 -86 -3 -76 83 -52 120 -91 75 51 83 -126 45 19 166 19 -122 -12 -17 -41 64 -68 -46 53 160 -64 112 92 103 14 
 -105 -27 53 203 -239 -13 -34 38 -101 -100 59 -80 -20 29 -183 -41 -98 29 78 80 36 -15 82 -20 -94 73 160 50 -16 -94 -25 -105 
26 175 -76 -87 -3 -73 77 -47 123 -105 73 51 81 -124 35 5 175 13 -122 -21 -19 -38 68 -71 -49 47 160 -64 113 88 99 21 
 -103 -31 48 209 -236 -15 -35 34 -105 -104 56 -79 -10 24 -190 -34 -92 24 78 75 42 -12 81 -31 -100 61 163 50 -12 -91 -24 -101 
28 172 -79 -85 2 -78 68 -48 130 -100 73 62 90 -121 34 4 174 14 -132 -31 -16 -34 66 -70 -55 50 170 -65 116 85 92 21 
 -107 -32 41 204 -233 -24 -35 39 -103 -105 52 -78 -16 29 -187 -32 -92 23 80 84 33 -2 70 -30 -109 61 160 59 -16 -91 -31 -95 
28 186 -81 -84 -2 -94 63 -46 125 -99 71 64 91 -127 31 4 171 7 -139 -34 -20 -33 70 -71 -58 48 172 -63 118 93 90 15 
 -111 -38 45 197 -227 -24 -37 41 -96 -104 52 -82 -18 22 -191 -30 -95 34 85 86 21 1 68 -17 -111 65 155 52 -25 -88 -30 -104 
23 190 -83 -92 -5 -86 54 -43 131 -102 79 63 93 -131 28 5 168 1 -140 -38 -22 -41 71 -77 -51 49 181 -68 114 81 90 4 
 -113 -35 34 193 -231 -16 -35 42 -98 -110 56 -86 -15 29 -195 -34 -97 32 83 83 18 7 80 -19 -119 67 160 51 -24 -94 -27 -115 
24 188 -86 -79 -14 -80 45 -37 143 -101 83 68 93 -134 27 4 159 17 -139 -28 -26 -41 69 -89 -50 46 175 -69 113 70 82 1 
 -113 -27 31 194 -232 -17 -44 48 -99 -110 52 -79 -16 25 -187 -38 -84 29 81 84 10 8 79 -20 -121 66 156 51 -29 -87 -23 -112 
24 189 -90 -76 -11 -74 49 -41 137 -107 83 68 96 -144 32 -3 149 16 -135 -21 -23 -34 78 -93 -42 43 175 -68 107 79 78 -5 
 -112 -30 37 190 -225 -21 -54 46 -97 -103 50 -84 -15 24 -182 -48 -82 8 82 97 17 17 87 -18 -122 67 159 50 -29 -78 -29 -119 
25 190 -97 -70 -20 -72 56 -45 135 -113 83 75 89 -147 26 -9 150 18 -132 -10 -21 -32 74 -95 -49 33 174 -68 103 83 75 -2 
 -111 -22 43 196 -221 -13 -60 41 -87 -99 55 -81 -15 30 -190 -40 -80 13 84 92 16 11 88 -14 -111 68 152 49 -32 -80 -36 -122 
24 193 -96 -77 -24 -75 59 -43 138 -102 88 75 88 -143 26 -10 144 16 -128 -12 -25 -36 71 -92 -54 31 170 -72 101 71 75 1 
 -113 -18 45 195 -214 -14 -55 38 -85 -107 42 -68 -12 32 -183 -44 -72 17 80 93 15 24 80 -17 -110 67 154 47 -31 -78 -42 -123 
20 196 -99 -80 -24 -82 54 -48 143 -102 88 79 94 -146 28 -11 156 17 -127 -8 -21 -37 69 -94 -63 28 170 -70 111 73 76 6 
 -120 -21 34 194 -219 -23 -57 39 -79 -113 53 -75 -14 35 -180 -47 -66 13 79 100 13 23 83 -20 -110 67 156 44 -22 -83 -37 -123 
4 203 -102 -74 -17 -85 49 -44 140 -104 97 74 103 -146 29 -12 154 14 -121 -12 -21 -41 67 -86 -66 26 172 -68 111 74 72 3 
 -118 -12 38 192 -219 -25 -60 24 -86 -110 64 -77 -6 38 -182 -40 -73 10 85 103 23 22 72 -11 -114 79 154 52 -21 -80 -41 -125 
-1 201 -106 -74 -12 -90 48 -36 136 -109 94 75 104 -141 26 -19 151 15 -123 -19 -22 -51 58 -82 -59 26 173 -74 109 78 71 0 
 -111 -4 46 193 -214 -27 -67 25 -83 -117 70 -85 -9 33 -176 -42 -78 9 93 113 21 17 78 -14 -120 77 149 49 -16 -78 -48 -125 
-1 206 -107 -83 -24 -90 53 -36 122 -117 96 69 103 -136 28 -20 154 17 -126 -26 -18 -38 57 -87 -58 25 174 -67 115 80 67 -8 
 -110 -1 42 201 -221 -37 -56 21 -74 -119 70 -80 -6 31 -173 -37 -82 8 96 107 8 14 78 -5 -118 78 151 54 -1 -82 -53 -112 
-5 205 -106 -85 -29 -85 51 -39 123 -121 92 70 101 -134 38 -19 154 7 -133 -30 -26 -42 58 -89 -54 22 168 -69 116 86 70 -16 
 -125 2 43 199 -215 -31 -63 20 -77 -115 72 -77 -5 35 -171 -39 -81 6 101 105 8 10 80 0 -118 90 157 52 1 -76 -44 -107 
-5 202 -110 -86 -31 -86 52 -44 125 -123 89 71 93 -129 37 -25 151 7 -141 -28 -21 -42 55 -95 -54 16 167 -70 121 85 70 -21 
 -121 -3 36 203 -219 -20 -57 2 -65 -104 64 -81 -16 40 -170 -48 -78 8 96 97 5 18 80 6 -116 94 159 57 -3 -70 -45 -107 
3 199 -109 -80 -26 -78 54 -54 112 -124 80 69 98 -134 37 -32 156 11 -140 -25 -20 -46 52 -87 -56 19 163 -66 130 84 81 -21 
 -119 4 39 196 -228 -24 -53 11 -68 -103 63 -85 -12 37 -182 -60 -70 12 94 106 -2 20 79 7 -115 91 155 59 2 -58 -47 -104 
0 191 -114 -84 -25 -79 46 -56 116 -122 77 67 87 -137 36 -22 159 18 -138 -16 -14 -40 46 -90 -58 17 161 -78 131 85 93 -23 
 -117 13 40 203 -228 -17 -50 5 -70 -106 54 -83 -20 41 -183 -60 -64 12 102 112 -1 17 77 4 -119 87 154 53 2 -57 -44 -101 
-3 185 -113 -89 -34 -74 56 -58 115 -127 87 68 76 -142 46 -26 159 21 -138 -23 -16 -37 48 -82 -69 18 161 -84 132 80 91 -17 
 -112 21 40 201 -230 -26 -43 15 -76 -109 54 -79 -16 38 -181 -57 -70 15 101 119 4 21 80 -7 -112 88 157 48 -1 -55 -45 -105 
13 178 -106 -88 -34 -76 59 -55 116 -129 88 68 74 -144 47 -22 153 15 -144 -17 -23 -33 50 -82 -65 20 167 -88 123 74 80 -10 
 -110 28 33 216 -230 -27 -44 15 -72 -98 59 -79 -20 50 -179 -62 -65 15 97 122 7 16 76 -6 -107 91 148 49 -2 -48 -57 -117 
17 163 -110 -91 -41 -77 39 -51 111 -127 92 65 76 -150 48 -20 145 15 -146 -17 -21 -22 52 -76 -57 18 171 -96 130 72 76 -9 
 -111 21 31 220 -225 -26 -41 21 -78 -104 59 -94 -14 56 -167 -70 -67 16 103 117 5 20 76 -15 -105 87 154 40 0 -48 -63 -120 
11 167 -101 -105 -42 -70 40 -43 119 -125 100 65 78 -144 53 -16 146 11 -148 -22 -30 -22 48 -71 -64 15 166 -94 128 70 71 -4 
 -108 31 25 215 -228 -20 -41 13 -64 -104 55 -94 -13 64 -168 -75 -68 20 103 118 14 11 73 -8 -109 80 150 39 6 -56 -63 -122 
18 163 -108 -99 -34 -68 43 -36 122 -124 98 64 77 -141 44 -11 146 15 -144 -30 -29 -14 47 -82 -62 13 168 -89 125 63 70 -4 
 -114 35 27 224 -230 -21 -39 9 -63 -103 56 -86 -11 65 -164 -72 -63 28 110 116 19 2 72 -13 -115 67 148 31 6 -46 -60 -122 
21 167 -104 -96 -46 -61 39 -36 123 -122 94 62 80 -137 48 -4 139 26 -151 -25 -30 -11 54 -75 -54 8 173 -89 125 64 76 4 
 -110 30 35 221 -235 -19 -32 4 -66 -106 56 -91 -6 67 -159 -76 -64 30 101 111 17 -4 68 -9 -117 71 142 40 6 -55 -59 -117 
28 167 -114 -85 -48 -52 35 -42 126 -129 87 62 77 -135 41 -4 141 35 -152 -24 -27 -15 59 -72 -61 10 175 -88 130 58 80 4 
 -108 21 26 215 -242 -27 -32 7 -70 -100 49 -84 -5 70 -158 -80 -64 36 100 117 19 -7 74 -13 -127 80 139 39 -4 -48 -57 -106 
35 167 -108 -83 -34 -69 37 -51 128 -137 85 55 78 -144 45 -3 143 36 -149 -21 -27 -17 60 -81 -65 13 164 -77 124 60 84 4 
 -105 21 15 207 -233 -36 -29 7 -70 -100 48 -91 -3 70 -153 -80 -66 37 102 116 25 1 65 -21 -124 79 140 32 -5 -37 -62 -107 
29 177 -112 -80 -34 -59 35 -50 135 -138 84 48 90 -141 45 1 141 44 -148 -18 -33 -21 58 -84 -64 15 190 -77 134 60 86 -1 
 -100 22 15 208 -231 -25 -25 10 -67 -84 45 -88 -4 65 -154 -81 -63 47 98 124 18 -2 58 -31 -136 76 135 26 -5 -37 -61 -94 
27 175 -112 -82 -29 -60 29 -59 135 -137 83 40 95 -137 49 11 146 39 -153 -19 -29 -18 56 -87 -73 20 186 -71 134 60 85 -6 
 -93 9 21 209 -231 -17 -17 7 -59 -79 48 -87 -5 74 -148 -81 -74 45 91 121 13 -9 57 -28 -139 80 137 27 -2 -39 -58 -97 
30 171 -108 -85 -12 -65 26 -52 138 -134 85 40 98 -131 56 10 135 37 -154 -23 -41 -10 54 -83 -75 24 179 -64 130 58 95 -17 
 -98 11 15 216 -227 -25 -9 1 -62 -82 40 -87 -3 72 -161 -80 -71 46 90 117 25 -4 63 -25 -141 85 136 24 7 -39 -61 -99 
32 166 -109 -87 -10 -66 22 -56 130 -124 83 35 108 -132 45 6 132 39 -150 -5 -43 -9 58 -87 -84 24 172 -59 136 59 95 -12 
 -101 16 8 217 -225 -28 -13 2 -56 -88 29 -81 -6 81 -147 -83 -72 45 88 118 26 2 58 -30 -143 86 138 8 4 -41 -60 -96 
30 176 -105 -84 -15 -68 31 -56 134 -130 82 32 108 -132 46 7 132 40 -154 -9 -41 -18 60 -93 -85 24 178 -64 119 58 104 -12 
 -100 24 14 217 -221 -32 -9 -7 -57 -99 25 -77 -7 80 -143 -76 -61 41 80 119 33 4 63 -39 -144 83 138 11 16 -29 -58 -103 
23 174 -104 -98 -12 -83 18 -61 128 -132 92 37 106 -135 45 2 133 39 -150 -1 -24 -22 58 -91 -102 34 173 -62 122 59 105 -14 
 -114 24 17 207 -224 -40 -5 -17 -59 -101 28 -71 -3 86 -145 -71 -62 46 80 125 34 2 68 -44 -143 79 146 9 13 -44 -51 -105 
29 170 -108 -93 -14 -82 26 -52 122 -132 96 38 116 -141 55 5 127 41 -149 -13 -25 -23 51 -82 -112 35 177 -60 128 61 110 -7 
 -111 25 17 220 -230 -32 -11 -11 -61 -99 30 -62 -6 82 -144 -74 -59 52 89 130 35 2 60 -35 -147 81 130 6 20 -38 -53 -111 
28 170 -104 -95 -4 -85 26 -49 128 -134 93 30 118 -138 61 8 123 38 -152 -13 -24 -35 50 -81 -105 33 186 -67 126 60 103 -3 
 -100 20 10 223 -234 -31 -9 -12 -54 -96 25 -65 3 92 -136 -65 -60 54 90 130 38 -11 57 -26 -158 75 128 16 27 -37 -45 -119 
26 163 -116 -93 0 -81 22 -43 140 -130 88 35 121 -121 70 6 117 43 -152 -28 -39 -29 48 -77 -105 35 188 -59 126 60 106 7 
 -101 15 4 219 -237 -35 -11 -25 -43 -104 29 -61 5 89 -132 -63 -61 61 88 127 47 -7 61 -26 -154 76 120 18 27 -40 -50 -118 
22 156 -125 -94 -4 -84 10 -54 138 -138 101 34 125 -124 80 10 118 36 -152 -34 -38 -31 47 -69 -112 40 186 -65 121 62 101 3 
 -111 14 2 217 -236 -39 0 -20 -42 -101 27 -52 6 90 -126 -57 -53 67 93 130 47 7 61 -20 -151 84 119 16 29 -39 -54 -126 
26 163 -122 -95 -8 -86 4 -53 147 -139 98 27 123 -124 92 8 126 23 -145 -34 -33 -24 41 -66 -112 36 182 -65 120 64 108 7 
 -110 13 7 208 -240 -37 5 -21 -40 -95 28 -59 10 84 -132 -60 -57 55 88 120 47 -10 61 -22 -150 77 121 16 29 -38 -48 -123 
31 166 -125 -86 -4 -89 4 -54 146 -138 102 22 111 -119 91 6 127 21 -148 -25 -33 -34 43 -68 -114 36 188 -60 123 58 111 3 
 -116 10 15 199 -236 -40 2 -23 -40 -90 32 -54 8 77 -145 -58 -60 56 81 116 45 -12 60 -26 -137 78 121 7 24 -39 -51 -125 
25 164 -127 -91 -2 -95 0 -60 143 -139 91 29 108 -116 96 5 123 24 -137 -25 -35 -33 50 -64 -119 36 186 -60 119 60 118 0 
 -122 2 9 195 -242 -34 3 -29 -45 -85 34 -54 7 86 -141 -64 -67 56 81 115 37 -14 76 -24 -140 77 118 13 16 -38 -61 -124 
33 167 -131 -86 -4 -96 7 -63 145 -145 98 32 106 -112 92 8 130 32 -133 -18 -35 -36 55 -70 -122 41 189 -60 115 49 112 -4 
 -114 5 6 183 -243 -35 0 -37 -54 -75 23 -52 1 86 -141 -59 -80 60 88 103 42 -18 75 -23 -133 73 123 15 19 -30 -71 -115 
24 171 -125 -84 5 -100 6 -70 130 -146 95 36 102 -115 92 5 137 36 -126 -17 -34 -41 71 -68 -122 50 189 -46 119 53 125 1 
 -115 0 4 175 -244 -32 4 -21 -50 -80 31 -50 0 85 -134 -62 -82 61 96 94 42 -15 74 -23 -133 82 119 14 16 -25 -74 -117 
28 174 -132 -79 5 -100 3 -66 129 -144 90 33 99 -118 96 23 140 39 -125 -17 -40 -39 72 -67 -113 45 178 -50 122 51 128 4 
 -107 14 8 178 -240 -32 17 -22 -61 -87 35 -62 -6 82 -126 -66 -77 58 99 95 27 -15 63 -21 -139 79 112 10 19 -22 -79 -118 
19 166 -139 -83 10 -94 -5 -70 138 -145 83 43 94 -115 81 16 139 43 -132 -17 -35 -40 75 -72 -112 52 178 -65 136 51 124 2 
 -114 17 8 178 -241 -36 19 -35 -62 -84 41 -65 -17 81 -121 -80 -75 54 97 96 18 -22 65 -25 -147 81 107 9 21 -18 -69 -120 
23 166 -152 -90 16 -81 0 -64 138 -146 87 38 89 -114 83 9 152 48 -126 -14 -43 -32 79 -70 -117 55 179 -76 149 55 125 -1 
 -113 17 19 180 -236 -44 23 -37 -53 -83 41 -62 -9 80 -119 -79 -77 53 104 98 26 -19 65 -24 -146 99 115 2 24 -30 -75 -114 
11 158 -154 -83 16 -76 -3 -73 145 -141 90 42 98 -114 78 11 163 49 -124 -12 -36 -32 81 -62 -105 69 176 -85 143 48 121 -6 
 -112 7 14 185 -230 -40 16 -32 -58 -96 43 -60 -1 77 -110 -80 -76 56 104 95 44 -19 61 -23 -151 101 117 -6 15 -40 -72 -108 
28 163 -159 -82 14 -71 -4 -68 149 -135 89 40 98 -117 75 10 162 59 -119 -7 -34 -23 86 -56 -104 69 169 -85 139 63 124 -12 
 -111 6 15 192 -237 -43 23 -41 -59 -94 47 -57 8 70 -111 -84 -66 56 103 94 39 -19 58 -26 -160 100 111 -1 10 -32 -75 -109 
33 152 -161 -87 24 -72 -3 -73 141 -140 90 38 102 -111 76 14 158 56 -112 -1 -33 -28 92 -54 -105 70 166 -84 137 57 123 -5 
 -120 6 16 194 -240 -35 18 -39 -65 -95 48 -53 11 69 -110 -77 -63 65 98 105 46 -33 59 -21 -161 100 115 -3 2 -31 -67 -111 
35 154 -161 -91 25 -57 -13 -63 140 -135 90 39 97 -107 68 23 159 71 -123 -10 -28 -32 95 -53 -102 66 162 -83 150 65 129 0 
 -124 -3 13 194 -234 -39 28 -34 -77 -101 40 -53 8 61 -107 -78 -68 60 90 96 45 -35 52 -27 -162 99 106 -4 -2 -27 -75 -111 
26 146 -167 -97 29 -60 -5 -49 134 -132 86 31 90 -103 71 21 156 64 -117 -17 -38 -36 106 -56 -95 60 158 -82 147 65 127 -2 
 -123 -2 8 194 -224 -38 39 -31 -76 -112 44 -60 -2 63 -116 -84 -60 66 92 95 40 -38 48 -36 -157 98 103 -4 -6 -32 -80 -110 
27 152 -172 -97 25 -59 -10 -51 132 -125 83 35 98 -98 72 16 158 72 -114 -22 -45 -36 105 -58 -97 61 162 -81 140 75 121 -1 
 -126 -1 21 201 -226 -38 36 -39 -80 -113 37 -62 11 77 -117 -90 -57 76 97 102 43 -25 47 -29 -151 111 113 -16 -11 -34 -91 -115 
27 156 -172 -94 25 -63 -17 -48 132 -125 78 44 91 -105 71 18 152 71 -115 -23 -43 -35 109 -70 -95 62 161 -81 140 71 121 4 
 -129 1 21 199 -224 -40 41 -34 -81 -111 38 -68 20 80 -121 -93 -57 82 91 94 46 -33 46 -24 -150 125 108 -16 -13 -36 -98 -115 
21 160 -167 -97 24 -61 -6 -49 127 -128 76 55 86 -108 66 19 157 67 -121 -29 -48 -32 108 -77 -82 55 159 -82 155 69 122 5 
 -131 3 13 190 -214 -30 43 -42 -90 -123 30 -51 15 89 -123 -105 -54 81 89 101 44 -20 53 -19 -152 124 103 -14 -12 -37 -99 -114 
23 158 -172 -111 23 -59 -6 -53 128 -134 68 51 90 -99 71 32 152 69 -122 -26 -45 -33 115 -91 -69 45 170 -81 157 68 126 4 
 -139 -2 17 183 -205 -28 50 -43 -99 -114 29 -40 14 83 -130 -101 -44 87 87 97 49 -29 56 -23 -157 126 96 -21 -12 -45 -90 -118 
27 160 -174 -114 28 -58 -3 -50 128 -126 75 45 83 -99 66 36 155 62 -123 -25 -34 -33 115 -93 -65 47 172 -69 155 69 129 -2 
 -119 -7 13 177 -210 -28 47 -41 -106 -117 16 -39 19 88 -141 -110 -36 88 84 95 51 -37 57 -22 -152 129 97 -11 -14 -55 -91 -124 
35 159 -177 -116 24 -70 0 -46 120 -124 73 48 82 -92 70 27 149 66 -118 -27 -35 -31 106 -99 -68 48 173 -82 155 71 126 -3 
 -105 -15 14 181 -200 -33 43 -41 -106 -116 17 -34 27 96 -140 -117 -34 90 86 106 52 -38 58 -17 -150 137 89 -2 -16 -58 -83 -129 
38 156 -183 -120 18 -75 -5 -50 122 -125 70 50 87 -85 70 29 145 68 -117 -16 -27 -31 106 -99 -65 40 165 -82 150 67 126 -6 
 -102 -16 15 173 -196 -34 36 -43 -101 -125 16 -18 31 99 -141 -120 -33 93 83 100 48 -42 59 -14 -151 132 76 1 -16 -59 -83 -134 
34 152 -173 -119 7 -73 -5 -55 125 -128 76 43 87 -83 72 32 135 69 -128 -22 -28 -27 104 -105 -69 47 163 -83 157 67 123 -9 
 -101 -16 33 178 -208 -29 33 -45 -114 -122 17 -12 27 93 -150 -120 -24 89 79 99 53 -38 64 -16 -154 125 75 11 -14 -62 -91 -137 
40 156 -179 -120 4 -75 -4 -43 122 -134 74 34 88 -67 76 27 135 67 -118 -28 -29 -28 105 -113 -64 47 154 -81 158 68 121 -9 
 -102 -12 39 181 -214 -14 33 -40 -111 -121 13 -8 25 93 -136 -123 -25 101 75 109 57 -38 54 -16 -163 129 76 16 -8 -64 -87 -142 
39 167 -163 -105 4 -75 -10 -46 116 -134 67 35 88 -72 81 24 128 63 -121 -40 -19 -29 100 -114 -57 45 157 -85 149 65 113 -12 
 -104 -19 46 186 -215 -23 36 -37 -112 -117 15 -4 30 98 -138 -131 -20 114 78 98 57 -38 63 -15 -163 133 76 15 -11 -54 -81 -132 
34 172 -163 -108 6 -71 -7 -54 111 -134 70 37 89 -72 69 28 128 72 -124 -39 -17 -37 107 -102 -47 54 158 -77 151 59 99 -10 
 -96 -18 49 190 -206 -24 35 -31 -103 -110 14 -5 27 98 -134 -133 -7 119 77 109 57 -44 61 -11 -158 132 82 15 -18 -54 -81 -129 
42 176 -172 -109 8 -66 0 -66 116 -134 68 41 93 -74 53 36 127 75 -125 -29 -19 -37 103 -97 -42 58 167 -75 159 62 100 -16 
 -98 -16 46 182 -199 -17 36 -35 -106 -102 13 3 29 101 -133 -134 -5 116 77 103 57 -46 61 -5 -164 149 69 11 -20 -43 -77 -120 
41 175 -164 -108 7 -69 3 -72 110 -124 66 37 95 -78 55 32 128 69 -130 -36 -12 -34 105 -96 -40 60 156 -82 157 72 108 -16 
 -101 -21 42 190 -193 -18 31 -40 -118 -105 17 11 26 110 -135 -131 -1 122 80 95 58 -41 66 -8 -160 155 57 17 -20 -47 -67 -123 
36 177 -163 -106 0 -68 0 -74 108 -124 66 39 101 -85 52 34 128 69 -125 -40 -10 -35 97 -96 -41 60 160 -84 165 77 115 -18 
 -96 -24 43 193 -196 -17 31 -23 -115 -112 11 10 28 111 -124 -135 0 117 76 103 56 -43 58 5 -164 148 55 17 -28 -53 -71 -108 
30 180 -166 -110 -5 -55 12 -64 107 -120 68 34 95 -86 54 39 130 66 -122 -43 -6 -33 111 -91 -48 56 158 -83 163 78 117 -18 
 -104 -17 42 195 -204 -14 25 -14 -119 -119 19 16 19 114 -127 -135 0 119 74 114 43 -43 62 6 -169 150 60 18 -26 -52 -73 -101 
34 180 -173 -108 -5 -62 -1 -62 97 -130 75 44 89 -82 55 41 128 52 -124 -39 -4 -41 107 -93 -43 57 164 -87 166 80 120 -17 
 -101 -11 41 197 -205 -13 31 -20 -123 -122 19 13 18 110 -130 -129 0 121 77 112 50 -38 63 8 -168 151 67 27 -21 -54 -77 -96 
38 180 -173 -112 -1 -60 -7 -63 89 -138 68 38 88 -86 52 38 129 44 -125 -35 -9 -44 115 -95 -45 43 166 -85 167 85 118 -17 
 -91 -17 34 203 -195 -12 25 -22 -122 -128 20 8 21 118 -125 -124 1 124 75 117 60 -43 61 6 -183 165 70 34 -19 -57 -73 -96 
35 176 -174 -121 -5 -70 -3 -56 92 -141 68 37 95 -84 41 30 129 44 -129 -16 -12 -43 114 -104 -42 44 166 -84 168 84 118 -24 
 -96 -11 39 212 -201 -13 14 -25 -121 -124 13 7 15 113 -123 -124 17 118 82 105 48 -41 63 4 -180 162 65 39 -13 -59 -62 -83 
38 174 -170 -125 1 -72 -11 -54 92 -141 66 46 96 -79 38 36 123 39 -123 -15 -5 -46 108 -106 -35 47 174 -85 177 86 117 -17 
 -92 -4 51 197 -195 -20 10 -18 -128 -141 7 19 12 109 -119 -123 7 116 93 106 55 -32 57 3 -177 150 52 32 -10 -66 -68 -85 
38 172 -161 -131 0 -67 -15 -49 94 -144 72 46 96 -67 30 36 126 46 -119 -13 4 -43 106 -106 -36 41 183 -85 175 87 118 -13 
 -87 -5 51 203 -189 -30 6 -19 -124 -143 -2 17 12 106 -113 -116 10 115 79 102 48 -26 56 10 -171 149 48 36 -21 -82 -73 -81 
30 175 -168 -134 -1 -67 -12 -46 104 -142 71 47 100 -75 38 40 128 40 -126 -14 6 -40 96 -106 -35 45 183 -80 161 92 117 -4 
 -80 -4 55 199 -192 -36 20 -13 -118 -148 2 22 6 106 -115 -117 13 115 85 97 44 -23 64 14 -166 153 55 39 -23 -73 -67 -83 
37 173 -165 -132 -4 -70 -10 -54 113 -139 65 40 104 -63 32 41 123 40 -129 -14 -4 -36 92 -109 -39 48 189 -81 167 100 126 -1 
 -81 -6 58 203 -199 -39 19 -17 -121 -148 7 23 2 106 -119 -127 10 107 91 97 42 -25 73 18 -170 162 55 37 -20 -71 -50 -84 
33 185 -156 -135 -3 -64 -17 -54 113 -138 65 43 103 -62 39 38 106 49 -119 -14 -2 -36 88 -116 -38 51 193 -75 174 103 125 2 
 -80 -5 55 206 -203 -41 27 -4 -114 -151 0 23 4 108 -117 -133 4 109 88 90 38 -16 73 19 -174 162 57 32 -18 -64 -59 -81 
37 179 -160 -134 -9 -66 -22 -55 107 -137 51 46 106 -65 41 42 106 49 -115 -16 -2 -41 94 -116 -36 55 192 -84 175 104 129 -7 
 -81 -5 64 202 -209 -47 38 -3 -117 -144 2 23 8 116 -117 -131 19 117 86 92 42 -15 63 19 -179 147 54 37 -21 -75 -47 -84 
37 180 -166 -139 -6 -72 -10 -54 103 -137 55 45 118 -64 42 41 105 48 -124 -10 8 -45 85 -113 -36 57 193 -94 178 119 135 -11 
 -81 -4 74 204 -217 -44 40 -1 -119 -146 -1 18 8 119 -112 -124 15 120 97 96 35 -17 66 21 -174 152 53 43 -22 -77 -45 -76 
39 181 -163 -144 4 -67 -11 -59 104 -135 56 42 120 -67 41 47 102 49 -118 -12 3 -40 86 -109 -33 57 181 -104 183 113 135 -8 
 -78 2 78 214 -224 -44 41 -5 -115 -142 -3 15 3 126 -115 -130 7 120 83 82 37 -28 57 23 -183 150 50 44 -25 -79 -35 -81 
45 179 -172 -140 5 -78 -8 -61 99 -128 54 38 117 -70 46 43 114 45 -120 -13 6 -33 75 -117 -39 58 178 -106 196 108 138 -6 
 -74 5 81 217 -222 -44 42 0 -107 -137 11 19 3 116 -111 -127 4 109 87 81 19 -38 55 25 -179 156 47 46 -42 -81 -34 -75 
43 182 -165 -143 14 -80 -20 -65 107 -132 47 36 101 -70 46 42 110 42 -121 -12 6 -41 79 -116 -40 50 178 -106 194 108 138 -14 
 -66 7 76 213 -223 -32 43 2 -108 -130 13 17 4 111 -111 -126 -4 119 85 73 21 -24 58 22 -181 149 42 42 -42 -80 -28 -75 
33 176 -166 -141 16 -74 -29 -75 113 -136 36 46 95 -52 47 38 110 42 -115 0 13 -35 82 -124 -41 54 176 -105 200 104 143 -15 
 -66 0 82 216 -225 -31 35 -1 -118 -133 13 23 6 113 -110 -122 -4 119 89 66 33 -22 62 30 -181 152 44 35 -45 -75 -27 -77 
37 185 -170 -140 12 -74 -41 -84 113 -139 31 55 97 -49 50 38 103 38 -106 -6 7 -37 88 -127 -38 52 176 -103 200 105 137 -21 
 -63 2 76 220 -226 -34 51 -3 -116 -134 6 17 16 122 -102 -123 -11 123 83 65 27 -19 60 33 -187 150 46 39 -44 -77 -25 -73 
37 186 -173 -156 10 -72 -49 -94 109 -138 39 54 95 -54 48 50 97 41 -108 -7 17 -36 82 -135 -42 53 177 -103 200 120 140 -26 
 -68 -2 80 221 -226 -39 47 -3 -112 -134 16 19 16 127 -87 -135 -16 123 83 61 27 -15 63 33 -192 146 54 40 -37 -68 -26 -67 
28 192 -165 -153 4 -72 -47 -100 103 -128 39 47 89 -71 51 47 82 45 -109 -9 13 -43 86 -131 -41 43 188 -105 205 118 138 -2 
 -59 -1 74 221 -215 -35 41 -3 -106 -125 23 22 17 122 -91 -131 -14 129 80 57 25 -7 59 27 -193 129 53 52 -36 -72 -22 -68 
29 194 -152 -149 14 -76 -43 -107 88 -120 46 43 99 -74 46 56 100 48 -109 -4 7 -35 86 -132 -45 38 187 -110 208 115 135 -10 
 -58 -14 76 217 -215 -35 47 -5 -107 -128 30 15 16 117 -87 -122 -18 119 82 59 22 -9 59 21 -191 127 61 62 -40 -70 -18 -64 
23 201 -144 -151 6 -70 -36 -106 89 -127 51 35 91 -61 40 56 95 46 -109 -2 20 -25 87 -128 -51 35 190 -111 205 110 123 -9 
 -53 -12 70 213 -221 -38 45 -10 -102 -130 39 -2 13 119 -87 -128 -17 110 80 58 28 -11 61 19 -184 119 51 62 -37 -65 -18 -58 
19 185 -143 -149 4 -70 -43 -106 88 -123 41 45 90 -56 35 59 99 50 -109 0 13 -25 96 -127 -44 27 190 -112 202 118 125 -6 
 -51 -4 78 213 -215 -38 49 -16 -111 -128 39 -5 6 122 -68 -124 -13 108 70 63 36 -5 64 19 -185 107 56 53 -38 -62 -15 -61 
24 188 -141 -155 10 -68 -40 -101 95 -121 45 49 86 -56 35 55 90 44 -100 7 28 -23 96 -128 -50 27 183 -109 195 121 131 -3 
 -47 -4 72 207 -215 -42 51 -18 -105 -135 41 -6 2 121 -64 -123 -13 105 68 67 32 4 57 19 -180 103 61 52 -51 -57 -14 -65 
34 196 -132 -152 12 -60 -42 -102 96 -115 46 48 96 -57 35 47 92 38 -98 3 25 -24 107 -126 -49 23 185 -117 203 122 140 6 
 -40 -8 80 203 -209 -37 47 -20 -113 -123 39 -7 4 126 -64 -119 -6 108 73 75 31 -3 57 19 -178 111 70 48 -59 -57 -7 -64 
30 196 -134 -162 22 -62 -36 -97 96 -113 48 45 98 -58 40 48 90 36 -103 -1 29 -16 115 -121 -52 23 189 -115 201 118 138 6 
 -40 -10 85 198 -214 -41 45 -23 -106 -126 53 -5 5 125 -68 -100 -6 107 81 78 28 2 59 16 -173 114 71 46 -51 -65 -12 -70 
28 191 -130 -166 25 -68 -32 -90 96 -119 49 42 110 -65 44 59 84 42 -100 -6 23 -8 110 -122 -54 20 192 -117 205 122 134 20 
 -39 -18 80 192 -214 -41 36 -26 -111 -134 55 -4 4 127 -59 -104 -3 102 83 69 25 4 56 18 -177 121 74 41 -57 -71 -13 -72 
29 184 -131 -161 30 -70 -33 -92 98 -117 51 43 117 -64 49 58 71 38 -86 -9 31 -3 103 -118 -61 24 196 -119 207 115 131 25 
 -40 -22 69 187 -212 -46 44 -29 -102 -123 46 -16 7 130 -59 -108 2 108 83 69 30 4 61 16 -172 131 69 41 -59 -68 -17 -63 
30 185 -132 -164 32 -69 -34 -87 104 -113 57 44 121 -65 54 61 76 39 -78 -13 22 5 111 -125 -60 25 198 -125 208 113 137 27 
 -32 -34 61 195 -209 -45 50 -35 -108 -128 51 -11 9 129 -57 -110 1 105 87 65 28 1 63 16 -176 130 68 35 -62 -56 -17 -59 
33 190 -130 -165 29 -64 -38 -87 104 -118 58 43 109 -71 59 61 64 37 -74 -5 18 -1 111 -125 -57 25 200 -128 196 127 127 27 
 -26 -35 57 195 -212 -48 55 -44 -113 -133 58 -6 11 132 -55 -103 -4 107 82 69 26 -4 64 16 -185 131 59 22 -76 -52 -14 -69 
40 196 -136 -161 32 -60 -44 -93 101 -116 67 47 101 -65 54 70 61 35 -80 -3 15 -2 106 -122 -66 28 205 -121 194 124 134 28 
 -32 -26 41 196 -212 -51 64 -43 -115 -138 58 -9 20 122 -37 -98 1 115 81 64 23 -2 58 7 -194 130 60 18 -79 -46 -12 -75 
42 204 -135 -164 20 -53 -54 -101 104 -115 64 48 93 -56 55 68 65 25 -72 -3 13 -8 115 -127 -67 31 209 -114 195 130 126 31 
 -32 -10 38 190 -201 -52 60 -40 -115 -130 55 -10 26 124 -39 -100 6 116 84 76 23 -10 62 5 -193 112 54 19 -84 -37 -12 -71 
42 200 -125 -166 24 -56 -50 -100 100 -117 64 44 90 -56 43 74 66 30 -78 3 14 -15 120 -129 -69 45 203 -101 198 115 123 35 
 -38 -10 36 196 -200 -50 60 -42 -113 -126 62 -7 34 132 -45 -100 10 112 81 77 23 -28 63 -1 -198 126 59 18 -92 -38 -14 -77 
33 202 -129 -172 28 -52 -49 -97 97 -117 56 56 105 -52 38 79 71 26 -80 3 17 -5 119 -124 -68 42 189 -97 203 126 121 31 
 -36 -4 40 193 -200 -46 63 -48 -105 -125 57 -10 26 130 -43 -115 15 110 84 81 21 -33 56 3 -201 127 58 14 -97 -43 -16 -78 
28 214 -125 -165 29 -55 -47 -89 99 -123 62 55 107 -46 36 86 68 9 -89 0 16 -9 116 -125 -74 35 193 -91 195 128 128 36 
 -28 -7 41 191 -201 -30 69 -40 -120 -127 54 -4 30 123 -43 -120 13 103 90 87 28 -38 50 2 -204 115 54 15 -101 -42 -19 -77 
26 215 -131 -159 35 -68 -30 -96 99 -123 63 58 113 -50 40 80 73 3 -95 -3 17 -13 120 -130 -68 45 193 -88 191 135 124 37 
 -23 -11 46 199 -206 -31 78 -38 -124 -117 56 -9 30 125 -32 -117 4 110 96 81 26 -39 47 -1 -209 126 53 10 -103 -42 -15 -90 
21 207 -130 -169 34 -67 -29 -100 94 -121 69 51 121 -52 54 85 75 -2 -102 -2 15 -18 120 -129 -82 44 197 -90 184 126 125 33 
 -24 -11 37 187 -202 -26 80 -37 -125 -124 51 -11 43 120 -39 -114 6 104 94 88 23 -36 42 2 -205 123 49 16 -100 -52 -21 -96 
9 213 -127 -172 25 -78 -22 -96 93 -119 72 58 123 -52 46 83 74 -1 -115 -9 8 -25 128 -125 -84 42 189 -102 190 121 126 37 
 -31 -19 32 184 -199 -21 91 -33 -117 -123 47 -6 34 118 -25 -117 3 96 90 82 22 -31 40 -4 -210 128 46 18 -109 -47 -21 -87 
6 219 -122 -166 25 -84 -15 -99 97 -115 68 60 123 -53 42 86 76 -1 -115 -3 7 -25 128 -135 -83 42 183 -89 198 114 125 46 
 -28 -15 38 190 -194 -21 92 -25 -108 -115 47 -14 34 116 -34 -113 10 92 95 80 23 -31 46 -3 -211 127 55 10 -121 -56 -31 -89 
0 217 -117 -162 24 -84 -12 -94 93 -120 72 60 114 -51 35 79 69 3 -114 -2 20 -26 128 -138 -81 45 185 -81 190 115 122 51 
 -32 -16 31 189 -198 -19 80 -24 -109 -114 43 -18 35 110 -31 -113 8 95 94 78 20 -28 41 -2 -215 141 50 8 -123 -57 -24 -80 
6 220 -119 -165 25 -84 -5 -92 107 -114 71 65 115 -46 30 70 71 1 -111 6 18 -20 134 -144 -86 37 186 -91 192 110 119 44 
 -30 -11 32 190 -195 -36 72 -28 -119 -107 40 -20 35 105 -30 -120 2 93 96 79 18 -35 34 -4 -221 141 47 -1 -121 -64 -24 -87 
-1 211 -114 -164 16 -81 -2 -94 108 -111 70 63 113 -52 26 80 54 -9 -105 9 24 -27 118 -148 -89 41 182 -87 205 117 121 47 
 -24 -8 41 197 -196 -32 67 -40 -119 -113 41 -26 39 113 -34 -126 -4 81 95 76 24 -37 22 -1 -223 142 42 5 -128 -72 -29 -67 
-9 211 -120 -172 17 -79 -5 -104 108 -105 68 63 125 -63 24 86 43 -10 -110 5 29 -27 116 -148 -91 45 183 -87 207 117 119 54 
 -29 -15 33 192 -199 -45 79 -38 -120 -104 53 -26 46 118 -36 -130 -9 77 100 70 13 -33 30 -1 -230 145 41 11 -123 -72 -30 -63 
-9 208 -115 -174 17 -78 1 -108 107 -102 68 56 123 -59 33 92 39 -13 -100 8 27 -28 113 -154 -96 46 183 -83 210 111 123 55 
 -20 -18 30 197 -202 -46 84 -35 -111 -109 52 -26 49 115 -42 -124 -7 74 98 61 7 -43 21 8 -227 140 37 7 -120 -78 -42 -64 
-8 209 -106 -175 18 -85 1 -108 98 -105 68 60 125 -58 22 93 40 -12 -103 6 30 -26 116 -161 -100 37 176 -80 206 113 117 54 
 -21 -16 30 191 -206 -35 82 -31 -116 -106 54 -24 46 104 -50 -127 -9 69 99 57 -4 -47 24 5 -226 134 37 3 -121 -61 -37 -66 
-8 215 -117 -174 28 -86 3 -102 98 -106 69 64 123 -56 9 88 37 -12 -100 8 26 -34 110 -164 -88 31 179 -84 201 114 125 55 
 -21 -16 32 202 -207 -35 78 -33 -122 -108 57 -18 46 104 -51 -120 -5 65 104 61 -3 -50 31 15 -223 142 36 4 -121 -71 -28 -71 
-7 213 -108 -174 29 -84 9 -102 97 -106 67 70 131 -56 14 80 38 -9 -94 11 28 -33 105 -157 -94 31 175 -90 203 118 121 62 
 -23 -14 19 199 -214 -33 77 -33 -115 -117 68 -10 53 105 -43 -124 -2 60 104 59 -7 -55 28 23 -223 142 29 -4 -126 -65 -38 -65 
-5 210 -112 -176 25 -75 13 -94 99 -105 71 83 132 -40 5 79 48 -4 -102 21 36 -25 108 -157 -101 27 176 -89 203 118 117 56 
 -24 -4 11 195 -214 -35 72 -43 -117 -114 67 -6 61 104 -42 -123 -5 57 109 47 -14 -51 17 23 -224 145 24 -8 -132 -68 -39 -67 
-12 210 -112 -176 23 -73 14 -89 93 -113 64 88 135 -48 11 76 51 -2 -100 18 30 -29 109 -157 -98 20 179 -77 213 118 125 54 
 -24 0 12 187 -219 -33 73 -54 -120 -116 70 -10 59 106 -38 -121 0 58 100 47 -21 -46 21 14 -219 142 36 -9 -129 -70 -39 -77 
-13 217 -128 -180 19 -78 21 -94 96 -119 68 83 139 -43 16 75 50 -14 -107 26 32 -27 110 -156 -96 35 184 -74 218 119 118 54 
 -26 6 15 183 -215 -33 79 -43 -117 -115 60 -15 56 115 -35 -130 0 71 96 50 -12 -30 18 22 -214 136 30 -2 -132 -69 -35 -77 
-17 218 -128 -185 -2 -78 23 -88 99 -113 63 79 136 -36 19 82 49 -20 -109 28 36 -24 107 -151 -94 43 181 -70 224 128 123 50 
 -25 9 19 189 -209 -30 94 -33 -118 -116 56 -12 64 123 -35 -132 -2 64 100 40 -10 -23 14 19 -221 131 33 -4 -133 -79 -38 -78 
-12 224 -135 -193 -1 -79 30 -81 101 -105 61 78 135 -33 23 82 55 -26 -105 28 28 -28 116 -142 -94 52 186 -76 220 126 118 54 
 -27 5 20 194 -208 -34 96 -20 -126 -121 65 -15 64 128 -45 -144 -12 58 101 32 -9 -26 10 19 -232 128 30 -5 -130 -80 -39 -77 
-9 216 -143 -190 -5 -84 31 -73 103 -112 60 84 129 -26 26 84 44 -35 -102 30 31 -24 108 -153 -90 59 186 -70 223 127 115 50 
 -20 4 29 200 -206 -23 92 -20 -126 -119 72 -20 63 131 -43 -138 -5 46 101 36 -7 -24 7 21 -226 133 30 -19 -123 -75 -41 -75 
-10 215 -146 -190 -3 -85 36 -73 101 -117 68 76 118 -18 24 83 53 -39 -99 24 38 -30 113 -156 -90 58 186 -72 222 123 106 49 
 -24 9 29 200 -208 -25 88 -19 -137 -118 73 -16 61 134 -42 -139 -6 60 118 31 -6 -28 0 23 -234 137 26 -19 -129 -72 -30 -74 
-16 217 -152 -189 3 -93 46 -73 98 -114 58 77 114 -21 13 87 42 -28 -99 31 43 -25 116 -157 -87 47 183 -76 213 131 115 52 
 -18 17 41 189 -204 -17 91 -19 -137 -122 67 -16 49 136 -47 -141 -5 65 124 35 -6 -21 1 38 -240 138 24 -30 -129 -74 -24 -76 
-10 217 -156 -192 19 -90 49 -77 98 -117 55 79 106 -27 15 84 42 -22 -100 26 36 -21 118 -163 -96 56 181 -78 226 133 120 52 
 -24 19 42 193 -200 -13 85 -20 -132 -125 69 -23 57 131 -44 -141 2 67 126 39 0 -21 -3 37 -233 137 26 -28 -132 -80 -17 -76 
-8 217 -151 -189 10 -92 50 -68 99 -120 40 85 108 -31 20 89 36 -22 -96 30 31 -22 119 -160 -97 48 184 -77 222 136 124 51 
 -24 30 41 205 -203 -19 80 -12 -135 -130 65 -22 54 130 -39 -148 2 68 122 39 0 -22 -4 33 -239 140 27 -26 -134 -77 -15 -67 
-7 214 -157 -193 10 -93 50 -62 100 -126 52 91 111 -28 29 86 36 -22 -86 28 35 -25 124 -163 -93 50 188 -75 225 140 126 55 
 -32 43 41 201 -211 -23 80 -9 -137 -126 54 -15 60 124 -47 -153 4 68 129 33 -5 -23 -9 29 -233 141 29 -24 -134 -72 -8 -64 
-4 206 -168 -203 8 -89 54 -62 95 -130 51 94 116 -27 31 97 29 -24 -90 35 34 -35 118 -154 -97 41 185 -68 220 145 132 54 
 -32 44 52 199 -212 -15 83 -11 -141 -127 62 -13 57 127 -50 -150 10 58 120 29 -8 -20 -13 39 -242 138 21 -21 -135 -72 -2 -63 
5 216 -168 -213 1 -99 48 -59 95 -134 44 85 104 -33 36 104 17 -27 -80 33 35 -34 108 -157 -105 32 187 -74 220 139 130 50 
 -38 46 52 200 -230 -20 75 -8 -141 -130 56 -14 65 128 -43 -145 1 64 123 22 -10 -20 -14 35 -245 134 19 -21 -144 -72 0 -64 
4 223 -180 -205 2 -98 46 -62 97 -133 42 88 105 -20 45 104 28 -16 -81 34 38 -35 110 -159 -106 34 197 -66 217 138 124 63 
 -36 42 49 196 -224 -11 68 -12 -138 -122 59 1 70 132 -35 -151 0 58 122 24 -13 -14 -20 33 -247 123 19 -21 -148 -76 5 -55 
5 229 -183 -203 -1 -89 39 -60 98 -130 44 85 107 -23 46 102 33 -13 -76 37 38 -38 106 -160 -108 36 193 -65 211 135 118 66 
 -34 52 57 195 -224 -13 69 -6 -137 -120 65 -4 71 133 -35 -146 0 61 122 27 -18 -16 -13 33 -259 110 15 -25 -148 -81 13 -62 
8 235 -185 -201 6 -95 55 -52 96 -133 38 78 109 -9 50 101 28 -19 -84 42 35 -34 104 -153 -102 28 183 -62 211 142 118 75 
 -33 55 56 198 -230 -14 62 1 -140 -116 67 -1 67 140 -40 -150 5 51 122 40 -31 -17 -16 36 -252 113 14 -27 -152 -83 10 -61 
10 234 -188 -202 9 -97 49 -51 111 -145 31 75 115 -12 50 107 38 -23 -78 36 36 -38 105 -153 -100 29 185 -52 205 141 116 83 
 -37 43 59 198 -234 -6 54 4 -140 -125 71 -1 66 146 -42 -147 7 56 127 37 -30 -10 -20 26 -246 109 18 -26 -149 -86 6 -64 
14 235 -186 -199 17 -94 44 -59 111 -144 29 70 111 -8 63 103 50 -15 -75 36 36 -34 111 -165 -102 16 180 -53 208 135 123 73 
 -33 39 63 195 -232 -8 54 10 -137 -122 67 0 62 145 -39 -144 -4 56 126 26 -30 -1 -29 25 -242 109 3 -19 -154 -91 3 -63 
11 223 -191 -201 15 -94 44 -57 114 -139 35 67 110 -2 72 103 44 -20 -72 26 42 -34 105 -172 -106 6 190 -49 203 127 116 70 
 -29 33 59 196 -231 -5 45 2 -137 -116 64 3 54 139 -43 -145 2 60 120 25 -30 3 -28 27 -239 117 5 -11 -149 -90 10 -64 
14 219 -193 -200 20 -89 44 -72 106 -149 34 64 122 1 75 108 40 -24 -69 24 38 -30 93 -170 -101 6 196 -49 208 126 113 68 
 -25 30 61 191 -232 -17 45 1 -143 -114 53 1 59 135 -44 -150 7 57 122 23 -33 7 -28 20 -244 113 4 -11 -144 -90 10 -65 
27 227 -195 -207 21 -89 44 -75 116 -138 30 64 128 3 63 122 39 -31 -74 34 38 -30 96 -153 -94 11 198 -53 212 128 109 69 
 -29 29 67 186 -235 -19 42 4 -143 -111 56 5 60 134 -57 -142 5 53 128 23 -33 5 -29 14 -236 131 5 -5 -155 -90 12 -59 
34 225 -204 -211 15 -91 30 -77 119 -135 30 57 128 -5 64 118 38 -30 -68 35 39 -34 108 -151 -100 28 203 -57 221 136 107 69 
 -37 26 65 193 -228 -28 40 -9 -144 -111 64 8 61 136 -68 -148 10 55 135 40 -33 10 -31 24 -233 120 -5 2 -148 -96 11 -65 
31 216 -202 -212 22 -92 35 -74 119 -133 36 47 135 -2 62 109 32 -21 -70 39 38 -29 106 -148 -100 23 208 -65 228 141 104 72 
 -29 30 71 190 -233 -20 39 -1 -160 -120 71 16 56 124 -77 -152 7 65 135 41 -37 18 -29 28 -232 121 -7 -5 -137 -105 10 -71 
39 208 -204 -218 20 -95 32 -74 123 -130 33 52 127 1 55 119 28 -12 -67 43 32 -33 110 -154 -102 17 203 -63 231 144 115 70 
 -45 31 70 193 -223 -23 33 3 -165 -118 75 20 63 118 -81 -162 1 62 140 42 -42 9 -33 30 -235 127 -6 -1 -140 -106 9 -63 
