Coverage:4
79 29 -4 19 22 141 39 -80 30 -32 -11 -42 -140 19 -6 87 
 106 85 -52 0 42 43 -22 -3 20 -32 -20 25 44 57 67 -31 
83 25 -2 26 23 151 22 -79 22 -41 -12 -47 -139 9 3 87 
 129 81 -55 9 27 35 -8 4 13 -27 -21 22 48 49 70 -31 
82 35 7 18 26 144 19 -87 31 -52 -13 -45 -144 16 12 92 
 137 85 -51 -5 21 26 -13 2 13 -22 -23 16 54 44 69 -33 
85 43 9 18 25 143 15 -92 26 -55 -12 -42 -144 16 8 102 
 127 90 -50 0 21 27 -17 -2 1 -24 -23 15 52 42 68 -31 
78 35 9 23 21 145 20 -96 27 -59 -14 -43 -151 8 9 100 
 130 96 -45 2 28 27 -20 6 1 -16 -19 16 50 42 67 -36 
79 31 13 23 17 146 17 -102 23 -58 -15 -44 -151 10 22 98 
 128 96 -58 -5 35 28 -22 5 12 -18 -19 14 54 40 59 -21 
84 27 3 25 -4 148 13 -110 14 -58 -14 -45 -151 1 20 103 
 126 89 -58 -14 34 37 -18 -11 18 -18 -18 5 54 30 69 -33 
86 35 4 27 -4 145 8 -117 2 -59 -13 -55 -151 11 18 110 
 121 92 -54 -15 31 39 -15 -13 22 -14 -11 6 51 36 65 -20 
90 40 6 44 4 152 -1 -124 0 -57 -14 -51 -147 18 16 110 
 119 84 -51 -11 33 37 -19 -6 16 -13 -6 10 42 42 65 -22 
86 44 11 44 2 146 -2 -136 3 -59 -13 -50 -155 8 5 113 
 124 87 -44 -6 36 36 -15 -14 27 -9 -11 7 47 38 54 -28 
83 32 9 38 2 146 -7 -135 8 -55 -15 -46 -162 3 2 122 
 128 84 -52 -6 34 35 -18 -13 32 -4 -19 15 45 35 62 -28 
84 23 9 29 11 146 -4 -137 16 -57 -19 -45 -156 5 0 125 
 135 86 -50 -15 36 40 -22 -7 34 7 -28 17 46 41 64 -33 
91 26 12 28 2 146 3 -135 12 -57 -17 -51 -158 5 4 123 
 136 87 -43 -22 36 41 -17 -1 29 1 -29 8 62 41 58 -33 
97 26 7 34 9 150 12 -130 8 -58 -22 -51 -160 13 2 123 
 126 91 -46 -22 30 40 -24 5 18 2 -35 5 59 50 49 -33 
104 21 9 22 9 151 12 -139 15 -55 -26 -63 -155 15 10 125 
 113 86 -49 -26 30 40 -25 8 11 1 -37 11 59 56 47 -30 
111 18 17 26 10 153 16 -146 10 -54 -24 -62 -153 15 0 140 
 116 84 -42 -23 34 36 -26 15 9 1 -33 5 49 56 44 -25 
111 20 16 24 -1 141 9 -149 6 -46 -14 -63 -145 9 8 135 
 116 84 -46 -19 32 31 -30 14 1 -4 -38 9 49 52 36 -24 
110 13 21 25 7 141 15 -154 8 -38 -24 -47 -152 9 0 136 
 120 74 -42 -19 29 43 -25 24 2 -8 -40 2 49 49 37 -26 
106 14 17 26 2 138 20 -153 10 -41 -39 -52 -157 6 6 131 
 111 71 -40 -19 22 45 -36 30 0 -12 -45 -2 54 54 36 -24 
106 16 17 26 2 140 25 -149 5 -33 -31 -48 -155 6 9 131 
 126 74 -38 -19 22 40 -45 28 -3 -11 -41 -8 47 60 30 -24 
100 16 22 24 9 141 18 -146 5 -35 -28 -35 -162 3 16 135 
 124 74 -38 -14 30 36 -42 26 1 -13 -37 -9 45 67 24 -24 
99 12 26 22 11 141 13 -145 4 -36 -30 -41 -160 -8 14 125 
 127 82 -46 -11 35 38 -41 32 0 -14 -40 -10 44 64 27 -19 
95 13 29 24 16 144 1 -145 -2 -42 -33 -33 -163 -11 20 124 
 116 82 -50 -2 34 28 -40 27 5 -13 -50 -11 39 64 24 -14 
95 12 28 40 16 142 0 -144 -2 -47 -34 -37 -173 -9 25 123 
 122 84 -51 -3 34 24 -36 28 6 -7 -52 -13 47 77 21 -21 
98 13 26 48 11 152 10 -144 3 -45 -27 -29 -169 -20 30 121 
 119 84 -49 -2 31 25 -34 17 -5 -4 -61 -15 56 84 20 -28 
93 17 30 49 9 143 4 -129 5 -49 -31 -34 -172 -22 36 126 
 122 75 -54 -10 29 27 -28 15 1 -4 -61 -16 58 83 23 -19 
94 12 32 49 19 145 13 -125 10 -51 -33 -40 -172 -21 38 122 
 113 81 -61 -10 32 27 -36 16 0 -9 -51 -16 58 84 25 -18 
92 5 38 49 31 147 5 -125 4 -61 -30 -37 -174 -32 37 116 
 107 78 -56 -10 36 29 -36 16 0 -12 -51 -15 65 92 31 -13 
91 10 38 56 24 144 1 -136 6 -60 -32 -31 -174 -32 42 123 
 96 80 -55 -6 38 37 -41 29 -6 -16 -52 -16 71 96 24 -13 
88 6 43 55 22 146 -7 -134 6 -62 -26 -25 -168 -29 50 124 
 98 73 -53 -4 42 41 -38 37 -2 -15 -48 -14 64 88 20 -13 
95 16 43 61 21 148 -7 -131 -1 -54 -18 -16 -170 -33 45 120 
 96 67 -53 3 32 38 -38 33 -6 -19 -38 -21 60 89 27 -15 
95 15 43 58 27 153 -7 -123 7 -53 3 -24 -169 -41 49 110 
 96 72 -53 2 35 33 -36 27 -13 -11 -40 -26 56 90 22 -13 
91 22 44 67 25 148 -7 -118 9 -48 8 -24 -173 -44 54 113 
 89 71 -54 9 41 30 -38 28 -4 -12 -42 -26 56 88 21 -8 
87 20 43 68 30 149 -6 -118 12 -55 15 -25 -179 -44 60 105 
 89 64 -51 16 40 30 -39 22 15 -13 -45 -24 53 79 12 1 
80 15 42 57 34 154 -7 -118 16 -60 25 -27 -178 -44 60 106 
 84 56 -48 19 45 28 -42 22 21 -6 -33 -18 58 74 7 1 
76 16 43 61 34 156 -9 -120 22 -58 33 -24 -185 -42 53 105 
 89 60 -53 24 43 34 -44 17 11 2 -40 -21 56 76 2 1 
74 13 43 60 26 150 -6 -116 29 -59 37 -25 -188 -47 57 100 
 92 55 -57 24 41 31 -44 19 13 3 -46 -24 59 78 0 -6 
74 16 44 64 24 148 -8 -114 29 -52 41 -35 -190 -46 57 103 
 92 55 -60 26 42 38 -39 17 10 -1 -43 -34 56 86 -13 7 
78 14 45 59 26 149 0 -112 32 -42 37 -35 -187 -52 49 104 
 94 60 -69 27 22 39 -36 18 11 5 -37 -33 55 87 -7 6 
72 13 40 63 21 153 -3 -107 29 -39 38 -32 -201 -40 48 102 
 98 56 -57 27 15 40 -41 17 10 2 -29 -32 62 84 -2 0 
74 11 33 66 30 136 -1 -112 27 -35 44 -37 -206 -37 48 101 
 99 62 -58 27 13 36 -41 21 9 7 -34 -41 57 87 -2 -11 
76 9 33 60 36 130 -12 -129 23 -36 44 -30 -205 -30 44 92 
 108 50 -60 24 14 31 -46 16 7 6 -40 -38 56 83 -1 -5 
69 6 30 52 29 128 -17 -121 21 -43 42 -42 -193 -27 39 87 
 110 49 -60 19 16 33 -47 14 5 1 -38 -52 65 90 -15 -9 
67 4 32 45 31 120 -8 -109 5 -44 33 -38 -179 -33 38 75 
 109 46 -51 27 16 32 -50 14 1 -2 -38 -44 65 88 -15 -12 
67 3 26 45 29 130 -4 -104 4 -55 39 -32 -174 -38 38 64 
 109 52 -39 27 16 40 -52 14 6 1 -31 -42 43 82 -15 -24 
73 -2 35 45 34 135 -11 -109 3 -53 42 -9 -176 -30 27 68 
 103 65 -48 33 10 45 -50 16 7 1 -38 -43 46 80 -20 -22 
69 1 37 43 39 131 -11 -104 9 -54 42 -14 -178 -30 26 64 
 110 74 -49 36 8 36 -48 18 9 1 -38 -58 49 79 -24 -36 
76 0 41 62 43 129 3 -101 7 -66 42 -10 -175 -26 28 63 
 114 75 -54 39 7 30 -47 19 -5 4 -38 -60 47 74 -23 -39 
80 2 45 73 47 130 2 -109 9 -71 39 -5 -176 -33 18 69 
 114 82 -54 42 9 30 -35 16 -2 9 -33 -64 46 62 -31 -44 
76 0 44 74 47 126 -7 -105 5 -62 35 0 -180 -32 21 74 
 122 84 -54 39 9 21 -38 16 -3 9 -31 -66 43 57 -30 -52 
74 0 44 77 48 130 -7 -116 2 -59 38 4 -174 -25 28 78 
 121 84 -54 50 3 20 -38 2 2 23 -35 -56 41 56 -35 -53 
72 5 44 76 46 139 -7 -131 -4 -64 47 2 -176 -38 30 82 
 115 87 -65 49 14 16 -38 10 8 16 -31 -58 47 48 -31 -45 
81 4 45 69 53 146 -7 -134 0 -65 57 8 -181 -49 26 81 
 108 99 -59 50 9 17 -38 14 4 18 -37 -64 46 47 -39 -42 
83 1 44 78 41 145 -5 -130 -2 -77 58 11 -189 -51 26 92 
 107 98 -62 55 4 21 -35 20 9 36 -35 -64 47 50 -39 -43 
77 2 31 73 37 133 -15 -143 -4 -80 65 12 -191 -41 22 90 
 106 96 -69 52 4 17 -33 25 14 48 -39 -55 50 50 -38 -41 
69 10 31 78 36 129 -17 -150 -9 -82 68 16 -198 -43 26 93 
 110 107 -68 45 8 0 -33 31 15 49 -42 -60 42 44 -39 -45 
77 12 25 73 36 124 -16 -139 -9 -83 65 2 -198 -52 31 96 
 112 111 -69 42 13 0 -34 17 10 34 -50 -59 42 45 -43 -50 
72 11 23 73 29 122 -24 -140 -13 -83 69 5 -200 -53 27 98 
 113 118 -79 36 3 -10 -34 20 6 35 -50 -59 43 39 -51 -52 
67 7 29 69 33 109 -28 -135 -22 -85 75 4 -198 -58 24 103 
 124 129 -90 38 2 -20 -33 27 -7 36 -57 -49 42 41 -54 -46 
78 2 27 67 34 104 -25 -145 -21 -90 83 4 -194 -60 22 100 
 137 142 -96 37 -10 -20 -24 29 0 40 -53 -54 41 44 -49 -41 
86 -4 22 70 37 105 -33 -143 -31 -91 73 2 -202 -54 31 106 
 140 140 -98 29 -6 -19 -23 23 -1 40 -51 -53 45 41 -45 -43 
82 -5 23 72 33 102 -30 -133 -24 -105 67 4 -202 -55 32 103 
 141 136 -99 25 -22 -18 -27 26 1 45 -51 -54 45 41 -45 -31 
80 -8 30 72 47 101 -23 -136 -22 -115 63 3 -193 -46 35 100 
 132 137 -100 20 -11 -18 -24 26 1 41 -61 -56 58 50 -44 -17 
87 -5 24 74 41 98 -18 -135 -24 -121 67 3 -192 -33 37 110 
 120 136 -97 35 -5 -13 -16 21 8 39 -71 -49 58 57 -34 -20 
95 -4 36 71 40 103 -18 -135 -25 -116 68 12 -187 -40 45 106 
 116 131 -105 32 -7 -13 -18 20 13 41 -70 -47 58 50 -33 -19 
87 2 36 53 41 105 -17 -127 -35 -111 66 7 -189 -37 48 110 
 124 132 -106 33 -2 -16 -5 22 1 50 -68 -51 62 45 -35 -20 
88 4 43 43 43 105 -29 -128 -37 -111 53 3 -194 -39 60 112 
 130 126 -107 37 -1 -19 -12 19 -2 50 -79 -51 61 45 -36 -30 
89 4 39 39 51 105 -46 -132 -34 -100 53 6 -197 -40 53 110 
 130 124 -99 39 1 -19 -3 10 -3 48 -80 -46 63 44 -38 -34 
90 3 48 38 42 107 -50 -132 -33 -105 50 -8 -190 -42 51 106 
 133 127 -102 40 2 -21 -13 11 -12 56 -80 -34 74 49 -36 -19 
92 12 51 39 35 106 -47 -119 -36 -95 42 0 -195 -44 49 105 
 130 125 -104 40 -4 -19 -18 12 -14 47 -78 -36 68 53 -30 -19 
93 6 26 43 36 113 -52 -104 -42 -95 40 -8 -195 -46 50 110 
 133 128 -93 27 -2 -26 -22 10 -15 47 -76 -29 59 50 -32 -20 
92 3 29 44 40 112 -61 -112 -37 -84 42 -14 -191 -39 56 108 
 124 129 -90 33 -4 -11 -25 18 -13 47 -78 -19 61 56 -26 -18 
90 -1 29 47 38 120 -58 -111 -46 -84 43 -13 -195 -44 60 114 
 120 127 -90 32 -5 -5 -30 20 -16 41 -73 -11 67 54 -33 -12 
86 1 29 44 28 123 -62 -115 -48 -82 41 -18 -200 -44 81 120 
 121 136 -90 33 -2 -3 -23 27 -20 45 -75 -6 64 54 -25 -12 
81 5 29 39 26 125 -64 -112 -38 -82 40 -13 -205 -36 76 124 
 124 141 -90 30 1 -13 -32 22 -18 45 -76 -6 58 62 -26 -14 
73 11 40 32 20 123 -71 -114 -32 -82 43 -9 -210 -37 86 122 
 122 144 -91 24 4 -13 -30 23 -8 45 -87 -11 48 59 -22 -5 
72 11 28 43 26 121 -76 -115 -29 -83 45 -4 -211 -41 90 107 
 130 136 -82 15 1 -8 -21 21 -11 48 -81 -9 43 54 -20 -6 
69 8 31 46 24 120 -69 -115 -22 -78 43 2 -213 -36 93 120 
 125 138 -84 10 6 -2 -25 22 -15 42 -73 -4 49 49 -18 -21 
72 14 37 44 25 127 -65 -118 -22 -87 37 7 -209 -30 93 130 
 119 140 -80 6 7 10 -29 22 -13 42 -70 -11 48 41 -15 -20 
80 15 39 35 27 132 -77 -120 -13 -87 31 7 -220 -30 83 131 
 124 136 -79 15 0 17 -42 28 -5 42 -64 -11 51 40 -19 -25 
79 14 37 29 26 133 -83 -123 -13 -87 26 3 -222 -28 80 117 
 134 143 -78 10 10 15 -33 26 -11 42 -59 -14 45 41 -16 -25 
72 18 40 31 23 132 -80 -127 -12 -79 26 8 -225 -16 81 119 
 141 141 -85 2 13 6 -36 22 -10 38 -59 -22 42 46 -18 -26 
83 14 45 25 33 137 -74 -134 -9 -85 26 14 -207 -25 85 112 
 134 140 -91 7 10 9 -32 29 -24 28 -59 -18 42 33 -19 -23 
93 19 47 31 29 137 -79 -136 -12 -82 20 23 -199 -23 82 122 
 145 145 -91 6 9 -1 -28 26 -20 25 -56 -19 41 26 -18 -25 
86 19 36 33 28 141 -79 -135 -24 -79 18 31 -188 -28 80 117 
 136 142 -90 9 10 1 -23 27 -26 13 -55 -16 42 38 -23 -31 
87 22 39 32 36 132 -77 -136 -22 -81 25 31 -191 -31 69 114 
 129 147 -88 11 6 -2 -31 27 -24 9 -51 -12 43 41 -7 -31 
86 18 36 28 37 125 -76 -135 -10 -89 23 25 -193 -32 66 102 
 130 145 -86 17 1 -13 -34 25 -23 -4 -53 -19 37 38 -13 -38 
85 18 31 15 40 127 -63 -140 -4 -89 30 26 -189 -45 73 113 
 127 145 -85 23 20 -11 -26 19 -26 -4 -57 -20 37 36 -11 -30 
85 19 30 18 40 125 -69 -140 -6 -91 30 34 -186 -49 79 108 
 121 146 -80 24 24 -7 -24 20 -26 -10 -41 -23 38 29 -7 -22 
86 24 41 22 41 118 -65 -140 -12 -91 30 19 -195 -49 83 105 
 121 146 -74 22 38 -3 -21 24 -13 -10 -40 -22 38 31 -13 -30 
86 16 33 20 41 115 -68 -142 -8 -84 30 11 -190 -49 75 105 
 121 154 -78 15 43 -8 -23 26 -4 -12 -40 -32 26 36 -4 -33 
92 14 34 27 40 120 -70 -149 1 -92 29 16 -193 -49 75 101 
 106 155 -80 10 36 1 -20 34 -8 -12 -43 -20 29 36 -4 -32 
92 15 31 25 36 122 -72 -144 -2 -93 31 10 -194 -58 74 85 
 102 156 -84 6 26 -9 -22 34 -15 -11 -50 -24 41 42 3 -33 
79 21 30 27 37 123 -77 -139 -2 -103 43 13 -196 -56 82 85 
 107 154 -84 9 30 -12 -22 31 -9 -11 -48 -4 35 30 2 -33 
80 31 31 35 29 117 -81 -136 2 -97 61 17 -195 -60 80 83 
 111 158 -84 16 27 -2 -23 26 -13 -13 -50 -7 41 38 3 -37 
86 28 26 36 30 112 -81 -137 -7 -91 52 16 -191 -56 82 87 
 111 158 -82 15 18 4 -24 22 -12 -10 -51 -6 42 46 2 -35 
88 27 24 26 22 116 -81 -144 -3 -90 51 22 -187 -60 81 96 
 118 149 -80 21 13 5 -34 14 -3 -11 -48 -5 50 48 2 -29 
76 27 25 26 25 109 -80 -140 -5 -87 51 22 -177 -56 82 89 
 114 149 -84 19 23 4 -25 24 -4 2 -47 -7 60 46 2 -30 
77 24 22 32 28 112 -85 -140 -10 -79 47 29 -181 -54 73 89 
 120 151 -97 17 18 15 -25 24 -4 11 -51 1 64 40 1 -30 
78 20 24 24 28 105 -84 -136 -14 -77 56 28 -185 -55 79 80 
 125 160 -89 13 18 7 -26 23 1 7 -53 0 56 41 5 -28 
80 16 28 30 23 107 -79 -135 -12 -73 53 16 -185 -51 83 82 
 118 147 -82 20 20 3 -24 17 5 5 -58 -6 56 50 7 -38 
87 13 29 26 26 108 -91 -137 -7 -74 61 15 -176 -48 81 78 
 117 136 -86 18 17 -2 -30 18 2 1 -59 -4 50 53 2 -35 
88 16 50 21 17 105 -90 -134 -3 -78 65 9 -173 -44 83 80 
 118 134 -88 22 20 7 -30 26 -2 2 -59 -10 49 56 7 -36 
94 19 43 26 25 109 -89 -127 2 -77 65 10 -169 -41 85 81 
 114 125 -84 21 21 10 -24 22 2 3 -53 -12 46 55 8 -35 
86 25 48 21 20 105 -90 -127 2 -62 67 0 -166 -38 81 77 
 121 121 -88 15 16 7 -20 22 3 13 -56 -16 45 60 0 -39 
90 31 55 13 17 116 -89 -135 -3 -59 73 -2 -166 -37 79 89 
 120 133 -84 -2 20 8 -24 22 -2 18 -59 -15 57 60 -5 -45 
96 26 70 22 19 129 -83 -130 -9 -62 68 2 -168 -37 76 91 
 117 121 -79 -2 20 10 -31 20 -7 5 -61 -18 59 67 7 -48 
91 31 80 20 23 129 -85 -129 -12 -59 67 6 -172 -47 76 94 
 108 121 -84 4 7 10 -24 16 0 0 -51 -19 53 67 14 -55 
93 29 81 22 24 130 -85 -112 -15 -74 67 -2 -174 -33 76 108 
 112 116 -86 2 6 8 -24 15 1 -2 -51 -24 47 60 14 -61 
107 22 82 23 13 136 -84 -107 -22 -72 69 -2 -177 -44 74 113 
 106 110 -81 7 4 8 -30 22 5 -2 -50 -10 59 72 24 -61 
102 17 77 25 13 144 -82 -97 -26 -60 73 -9 -172 -43 70 110 
 97 100 -78 6 2 10 -35 19 -1 1 -48 -4 58 71 20 -71 
102 16 84 23 22 141 -78 -91 -26 -54 71 -11 -170 -37 68 106 
 109 94 -74 3 2 7 -33 13 0 2 -44 -6 55 67 17 -73 
93 19 85 22 26 145 -90 -91 -25 -52 71 -8 -176 -35 67 98 
 102 92 -73 2 1 1 -40 10 -4 0 -57 -10 66 66 9 -71 
104 16 83 20 26 141 -104 -94 -16 -42 65 -15 -180 -36 69 99 
 103 93 -73 4 1 8 -46 9 -8 5 -59 -13 65 70 8 -68 
108 25 83 20 21 160 -104 -90 -20 -39 75 -14 -179 -31 73 95 
 112 87 -73 2 -4 11 -46 16 4 9 -51 -13 68 70 -2 -74 
100 24 84 17 21 156 -112 -89 -22 -44 82 -13 -181 -35 65 94 
 114 86 -72 3 -6 15 -31 18 4 17 -45 -11 63 71 -6 -73 
99 24 82 3 13 157 -110 -98 -24 -45 78 -10 -177 -36 68 97 
 110 86 -80 8 8 10 -35 9 12 22 -47 -20 67 70 -3 -77 
86 25 83 0 11 156 -102 -109 -22 -40 75 -1 -177 -39 70 93 
 112 87 -84 13 16 14 -35 8 13 24 -44 -27 67 69 -5 -78 
102 23 86 -13 4 155 -104 -114 -13 -38 70 -7 -176 -49 76 85 
 115 88 -84 13 10 16 -26 1 9 28 -46 -22 66 66 -8 -85 
109 21 84 -12 5 160 -96 -109 -8 -39 75 -2 -181 -42 71 75 
 110 97 -74 18 12 21 -18 -4 12 27 -47 -14 64 72 -7 -89 
116 23 78 -11 21 151 -96 -112 -17 -57 77 1 -184 -52 70 81 
 112 92 -75 10 13 25 -14 -2 4 22 -39 -14 62 66 0 -83 
112 29 70 -10 25 145 -96 -112 -10 -65 80 -5 -178 -42 69 85 
 93 88 -80 7 16 21 -14 -3 -3 15 -39 -11 55 62 -1 -93 
112 27 74 1 20 144 -91 -124 -9 -65 78 -9 -177 -55 70 82 
 96 89 -78 15 20 12 -30 -6 -4 16 -53 -23 47 69 -7 -98 
104 19 70 -7 24 141 -92 -124 -9 -67 86 -4 -174 -53 74 82 
 86 103 -78 24 5 18 -42 -6 -4 22 -43 -18 44 67 1 -98 
100 20 66 3 25 129 -88 -124 -10 -73 84 -2 -172 -45 77 82 
 84 110 -83 27 7 15 -42 -6 0 25 -54 -18 38 76 4 -93 
99 23 61 4 25 126 -91 -126 0 -69 75 1 -187 -47 75 88 
 83 107 -89 26 7 16 -38 -6 2 26 -61 -11 37 72 -5 -99 
98 14 57 4 22 129 -84 -121 -7 -71 83 8 -190 -45 76 77 
 85 113 -89 28 1 19 -41 -11 2 30 -53 -14 37 76 -6 -103 
98 9 53 6 25 131 -82 -121 -4 -77 82 6 -193 -42 78 82 
 93 110 -85 34 1 19 -45 -1 -6 34 -46 -21 49 76 -2 -105 
98 5 56 3 25 136 -85 -125 -2 -80 80 -8 -189 -29 71 74 
 97 105 -84 27 1 26 -44 -1 -6 44 -49 -16 53 81 -4 -100 
95 16 55 -5 21 140 -80 -120 5 -81 69 -13 -190 -32 74 80 
 96 106 -86 23 -7 29 -44 1 -1 43 -51 -11 40 78 1 -96 
99 23 54 -4 23 138 -69 -125 2 -78 65 -9 -191 -28 70 84 
 94 107 -87 28 -9 21 -52 -4 2 44 -53 -4 30 75 -2 -94 
102 23 52 -8 18 144 -60 -124 9 -74 64 -12 -185 -43 68 82 
 94 107 -86 37 -15 26 -65 -6 5 41 -48 -2 30 75 -5 -98 
113 34 55 -10 16 144 -58 -118 9 -71 69 -5 -177 -41 67 85 
 82 103 -83 34 -12 26 -58 -14 12 42 -50 -9 31 79 -9 -93 
99 33 51 -15 17 144 -61 -111 20 -77 58 -5 -181 -40 63 85 
 79 109 -84 27 -16 26 -62 -6 4 45 -55 -10 32 81 -8 -92 
96 20 51 -17 18 145 -49 -111 24 -85 60 -12 -180 -38 76 86 
 88 108 -84 27 -15 27 -70 -10 6 41 -50 -14 44 82 -6 -82 
101 33 37 -18 20 143 -48 -111 32 -87 60 -15 -178 -40 76 86 
 76 113 -90 33 -14 33 -70 -10 2 45 -51 -21 42 84 -6 -79 
97 36 43 -17 21 148 -50 -119 33 -95 46 -12 -177 -47 84 77 
 79 114 -84 29 -21 26 -60 -14 7 47 -47 -22 47 82 -4 -74 
97 40 38 -17 25 147 -50 -122 28 -91 45 -12 -178 -46 86 72 
 81 104 -92 20 -11 29 -69 -15 6 54 -53 -22 52 78 13 -73 
95 33 43 -14 29 146 -48 -131 25 -94 36 -8 -177 -39 90 68 
 76 102 -88 21 -10 30 -65 -13 7 62 -46 -21 54 77 17 -78 
90 33 45 -20 27 137 -58 -131 17 -90 36 -5 -165 -35 95 66 
 80 102 -93 24 -5 31 -58 -10 8 58 -46 -25 48 70 16 -76 
96 30 45 -23 20 136 -44 -126 13 -84 39 -2 -172 -33 94 65 
 81 102 -106 16 -16 34 -65 -15 2 58 -55 -25 58 69 17 -79 
100 34 36 -16 23 132 -42 -123 20 -94 51 0 -161 -33 91 62 
 86 110 -106 6 -23 27 -70 -13 4 55 -44 -15 57 69 10 -75 
103 36 35 -13 26 140 -39 -109 25 -96 56 3 -159 -31 89 65 
 87 111 -104 15 -19 23 -75 -19 1 56 -32 -4 50 70 8 -73 
103 31 44 -14 28 144 -38 -107 18 -108 61 0 -155 -25 97 68 
 85 105 -88 15 -20 26 -88 -19 5 67 -31 -8 42 76 8 -82 
119 31 43 -12 33 149 -31 -109 16 -114 57 -5 -155 -21 107 68 
 89 102 -93 18 -18 25 -89 -24 13 61 -36 3 41 77 8 -81 
125 26 44 -9 30 148 -32 -104 15 -113 58 -14 -149 -20 112 68 
 101 99 -94 16 -18 30 -84 -26 14 68 -35 5 50 86 14 -75 
120 35 43 -4 33 144 -36 -99 13 -109 58 -20 -148 -22 120 74 
 97 111 -93 22 -8 36 -74 -30 15 76 -37 4 47 86 11 -73 
110 26 40 -3 40 149 -36 -105 19 -110 56 -11 -145 -22 124 72 
 92 110 -96 28 -17 44 -75 -40 12 80 -39 10 47 85 6 -72 
109 22 41 -1 41 146 -42 -97 25 -108 68 -9 -136 -30 124 78 
 90 115 -101 30 -18 41 -77 -33 7 73 -28 12 55 84 6 -75 
112 20 32 2 43 145 -44 -104 29 -111 71 -2 -132 -32 126 70 
 87 115 -107 42 -13 41 -86 -29 6 71 -24 25 58 79 13 -80 
111 20 29 -15 43 141 -44 -92 35 -111 71 -2 -133 -35 118 69 
 80 108 -110 47 -13 41 -86 -30 -4 76 -24 25 61 80 7 -82 
120 20 23 -15 45 145 -53 -101 38 -115 75 2 -139 -32 122 73 
 80 107 -115 43 -13 41 -82 -33 -5 79 -24 22 63 78 -2 -78 
126 25 22 -24 49 148 -62 -97 43 -105 73 2 -145 -35 126 69 
 69 116 -118 49 -10 50 -75 -33 -7 90 -32 21 56 81 -1 -74 
132 14 27 -16 59 147 -56 -102 40 -104 61 -3 -152 -30 125 61 
 73 119 -119 41 -7 49 -78 -26 3 89 -20 30 60 90 1 -78 
143 15 22 -18 52 142 -50 -100 39 -104 66 4 -150 -32 127 58 
 67 116 -115 47 -8 48 -80 -15 5 94 -19 26 61 96 0 -96 
133 15 29 -21 49 136 -50 -98 41 -110 64 7 -139 -37 128 65 
 71 116 -116 34 -10 54 -80 -16 1 92 -20 29 55 87 -3 -99 
125 10 14 -14 60 134 -54 -100 44 -111 67 7 -131 -40 125 63 
 67 120 -110 34 -2 54 -79 -16 6 99 -21 29 65 86 -9 -93 
125 18 20 -14 66 127 -47 -98 44 -118 70 1 -131 -38 126 63 
 67 113 -105 40 -6 50 -86 -18 6 100 -18 31 74 95 -11 -93 
125 16 9 -10 72 129 -45 -96 44 -114 72 0 -134 -32 128 62 
 67 114 -114 46 -12 49 -84 -17 6 101 -15 24 83 98 -4 -95 
119 19 16 -10 72 123 -39 -96 46 -118 65 -6 -122 -32 128 63 
 75 117 -126 49 -5 57 -85 -14 1 102 -13 24 73 98 -1 -93 
124 17 13 -13 75 120 -37 -95 43 -116 65 -10 -114 -31 128 63 
 74 123 -138 55 -4 64 -80 -15 -5 107 -13 20 68 90 -5 -93 
121 11 10 -9 76 113 -34 -89 45 -120 65 -7 -105 -26 132 64 
 85 122 -140 56 -6 62 -87 -16 -5 104 -13 21 65 79 -8 -99 
122 12 12 -9 84 111 -39 -88 47 -125 64 0 -98 -36 124 62 
 91 133 -133 56 -6 69 -83 -22 -11 106 -11 16 54 81 -14 -98 
120 10 9 -10 79 116 -34 -89 44 -137 68 -3 -91 -45 131 67 
 99 135 -130 57 -5 74 -79 -24 -14 107 -14 23 53 89 -19 -91 
118 2 2 -14 86 121 -39 -95 43 -137 61 -7 -107 -49 138 67 
 103 134 -125 58 6 73 -80 -33 -17 107 -24 22 64 85 -15 -91 
116 0 -6 -3 87 117 -51 -94 44 -139 68 -7 -104 -62 141 63 
 109 124 -125 60 21 68 -81 -24 -16 107 -22 21 64 85 -22 -89 
126 3 -4 0 86 120 -52 -95 40 -133 78 -7 -108 -60 142 58 
 96 120 -126 63 15 66 -82 -29 -12 109 -25 22 65 84 -25 -86 
126 -3 -10 -6 85 123 -52 -94 32 -129 75 2 -114 -58 138 48 
 97 120 -120 71 12 67 -82 -29 -13 112 -24 24 59 82 -28 -96 
121 3 -20 -11 76 116 -52 -88 37 -127 80 -15 -116 -57 143 56 
 98 120 -130 70 11 74 -82 -28 -9 118 -20 8 55 84 -30 -90 
125 5 -18 -15 76 120 -47 -96 29 -129 75 -14 -103 -62 142 53 
 100 121 -137 67 19 74 -82 -31 -3 116 -24 9 54 85 -28 -98 
120 2 -20 -18 73 125 -38 -95 25 -126 79 -12 -91 -64 147 56 
 108 122 -136 68 25 79 -89 -33 1 117 -20 5 52 78 -31 -96 
124 6 -20 -22 85 123 -48 -95 20 -121 72 -25 -78 -69 151 54 
 114 131 -136 65 39 67 -81 -33 2 105 -20 -6 49 76 -25 -94 
127 11 -23 -31 88 125 -58 -104 23 -120 60 -19 -78 -75 142 55 
 109 136 -135 57 38 70 -79 -26 7 118 -25 -4 50 67 -25 -84 
134 15 -23 -29 90 125 -62 -110 23 -114 66 -20 -91 -68 144 58 
 113 136 -137 56 38 68 -67 -37 7 122 -19 -2 50 72 -22 -80 
131 24 -22 -31 87 124 -62 -97 24 -115 65 -21 -84 -67 134 55 
 110 137 -135 50 36 62 -57 -37 6 121 -21 0 54 82 -21 -84 
133 37 -22 -33 88 123 -51 -109 18 -120 65 -18 -85 -62 126 61 
 102 137 -131 49 31 63 -56 -42 5 108 -25 2 56 78 -12 -85 
132 36 -25 -31 89 124 -46 -108 20 -119 64 -15 -85 -74 123 70 
 102 129 -133 50 37 66 -52 -52 4 104 -30 1 57 83 -13 -87 
127 33 -21 -27 85 118 -40 -111 27 -124 55 -14 -85 -78 131 66 
 92 132 -124 42 41 65 -56 -50 7 114 -27 1 56 82 -4 -91 
130 31 -20 -32 86 122 -35 -112 24 -124 58 -14 -97 -77 128 64 
 93 136 -116 42 41 62 -53 -57 11 114 -27 3 58 87 -2 -94 
131 36 -20 -33 80 111 -36 -101 35 -125 61 -10 -95 -82 115 66 
 94 134 -116 60 45 76 -54 -62 16 118 -26 0 61 89 2 -98 
126 39 -7 -32 82 111 -36 -104 28 -121 51 -5 -94 -80 118 69 
 86 134 -119 58 35 76 -54 -68 10 118 -20 -4 61 91 5 -105 
130 36 -1 -25 80 111 -36 -107 27 -122 44 -7 -86 -84 117 65 
 95 134 -121 58 38 75 -55 -63 9 119 -22 2 59 76 3 -103 
126 36 7 -25 83 110 -31 -111 27 -121 40 -5 -82 -86 115 56 
 93 134 -125 53 47 80 -44 -70 9 124 -16 -1 58 80 3 -108 
126 37 8 -27 97 108 -25 -117 29 -117 41 -7 -74 -73 118 63 
 94 137 -126 54 43 78 -44 -73 10 121 -12 2 55 89 5 -101 
130 33 4 -33 96 109 -21 -116 32 -108 43 -7 -79 -73 118 65 
 100 142 -129 49 54 90 -42 -72 12 111 -14 -4 61 93 5 -93 
128 35 3 -37 87 109 -25 -116 47 -99 45 -7 -86 -70 113 62 
 106 136 -133 48 62 90 -45 -74 14 106 -19 1 72 99 13 -99 
127 34 5 -31 88 117 -25 -116 41 -102 44 -2 -85 -74 95 61 
 109 129 -134 39 58 105 -44 -74 5 107 -21 5 62 98 5 -98 
135 44 -6 -30 92 123 -29 -110 43 -95 37 -10 -84 -78 99 58 
 113 143 -140 51 56 107 -46 -67 3 107 -21 15 70 108 18 -95 
134 40 -7 -38 96 122 -26 -110 51 -97 40 -4 -64 -68 103 59 
 113 145 -144 53 67 100 -55 -60 -4 107 -16 14 79 102 16 -94 
136 38 -10 -36 89 125 -14 -118 52 -104 39 -4 -69 -67 95 60 
 108 145 -140 57 70 107 -60 -56 0 113 -15 14 76 102 16 -87 
123 32 -10 -33 96 124 -19 -122 45 -98 40 -9 -67 -73 85 64 
 108 154 -149 56 74 108 -65 -55 1 107 -16 14 74 93 8 -94 
125 27 -12 -18 91 124 -13 -122 40 -97 42 -9 -71 -66 85 66 
 103 144 -142 45 76 107 -65 -55 4 121 -18 19 70 92 7 -99 
124 26 -12 -11 88 127 -22 -123 33 -97 40 -8 -69 -60 85 66 
 106 144 -148 50 76 109 -70 -55 -3 123 -16 16 76 88 7 -99 
122 24 -9 -20 88 127 -17 -127 26 -95 31 -10 -69 -62 85 63 
 98 146 -151 47 81 109 -67 -55 -3 121 -22 6 76 95 7 -99 
124 17 -5 -22 84 133 -22 -121 36 -95 28 -20 -69 -64 86 71 
 93 138 -144 45 76 102 -72 -58 -10 121 -22 17 76 94 9 -97 
123 16 -2 -20 78 140 -26 -113 38 -89 25 -14 -61 -64 78 65 
 87 143 -139 44 85 103 -70 -65 -4 116 -23 21 70 94 8 -93 
118 20 -2 -17 68 140 -33 -101 32 -93 26 -12 -51 -65 74 64 
 85 147 -133 27 86 104 -71 -84 2 118 -19 21 70 84 16 -94 
123 27 7 -16 68 140 -34 -104 30 -90 24 -10 -51 -69 78 60 
 87 148 -131 26 78 108 -69 -86 -1 112 -21 28 70 85 21 -95 
118 19 9 -9 64 134 -43 -98 33 -84 25 -19 -53 -71 83 58 
 93 156 -139 30 80 122 -68 -85 -5 116 -19 21 69 77 18 -95 
113 21 15 -1 64 145 -48 -95 30 -81 30 -30 -53 -69 79 53 
 98 158 -124 35 75 121 -65 -85 -8 110 -20 26 69 76 13 -98 
125 22 10 5 68 150 -53 -94 35 -77 26 -35 -45 -75 79 58 
 108 162 -118 46 78 120 -71 -80 -16 107 -19 21 61 83 18 -95 
128 24 4 -7 64 146 -55 -92 29 -75 18 -39 -55 -72 78 52 
 115 166 -109 31 80 121 -73 -87 -17 108 -14 21 58 80 25 -99 
131 30 4 -6 67 138 -58 -101 24 -78 15 -40 -57 -72 73 57 
 116 162 -109 35 78 125 -74 -93 -14 102 -22 24 47 87 22 -99 
131 44 4 2 61 136 -63 -86 28 -80 10 -34 -51 -62 73 62 
 116 169 -114 27 86 126 -76 -106 -12 104 -20 21 46 85 22 -90 
129 37 11 -4 57 138 -56 -79 25 -77 7 -31 -55 -64 73 64 
 116 176 -115 34 85 125 -80 -104 -11 107 -25 14 40 84 22 -86 
126 40 5 -3 57 136 -54 -76 30 -72 -9 -33 -49 -62 73 59 
 121 180 -117 35 88 121 -89 -121 -20 110 -28 9 37 85 22 -82 
124 39 5 -5 57 140 -58 -75 34 -73 -5 -33 -43 -65 73 62 
 126 188 -119 41 93 124 -98 -113 -21 111 -24 9 39 89 22 -85 
115 40 3 -7 65 141 -57 -85 31 -71 3 -32 -44 -68 69 61 
 129 186 -123 35 101 122 -93 -124 -24 110 -20 14 34 96 15 -89 
119 45 5 -1 67 145 -56 -87 30 -76 3 -34 -28 -62 75 58 
 119 187 -122 31 104 122 -94 -129 -20 110 -20 6 25 104 16 -85 
125 45 7 3 71 146 -48 -88 22 -75 -3 -37 -31 -55 77 58 
 120 187 -120 34 108 120 -92 -134 -18 101 -18 12 30 103 17 -83 
124 47 -2 7 70 147 -57 -89 24 -69 -11 -26 -20 -52 86 54 
 126 189 -121 27 100 119 -80 -124 -21 101 -22 10 29 104 7 -80 
118 46 -10 13 79 141 -56 -85 20 -68 -3 -24 -31 -59 73 52 
 125 184 -110 34 93 116 -70 -124 -16 94 -24 14 30 103 28 -74 
118 52 -10 20 79 140 -57 -80 20 -64 -6 -16 -32 -57 71 56 
 125 171 -106 36 95 107 -73 -132 -16 94 -24 22 30 97 36 -64 
110 56 -9 16 72 136 -62 -84 14 -66 -6 -18 -32 -63 71 52 
 120 168 -100 27 98 116 -70 -126 -12 100 -27 35 31 103 36 -77 
107 56 -8 10 71 135 -60 -82 12 -69 -11 -11 -33 -62 74 48 
 134 174 -104 34 96 116 -74 -119 -9 102 -30 47 29 109 36 -70 
110 49 -9 8 81 146 -51 -82 12 -68 8 -22 -27 -63 85 52 
 128 170 -114 38 93 116 -64 -117 -9 116 -34 46 22 102 48 -74 
118 47 -8 9 82 143 -49 -80 0 -64 -1 -21 -27 -60 85 65 
 125 169 -121 37 102 116 -62 -122 -12 114 -28 42 22 104 47 -82 
118 40 -7 5 80 143 -49 -76 -4 -55 0 -16 -26 -56 90 64 
 125 164 -118 43 92 107 -65 -120 -6 96 -22 46 21 107 56 -82 
119 36 -4 -8 90 143 -47 -79 1 -55 -5 -13 -20 -48 85 64 
 126 160 -110 49 80 115 -58 -128 -5 101 -24 49 9 106 54 -94 
116 26 -3 -15 93 146 -49 -90 -8 -52 -5 -17 -14 -53 80 59 
 126 154 -114 47 82 124 -64 -120 9 98 -24 47 1 109 49 -87 
114 31 -7 -15 102 144 -54 -89 -5 -44 -7 -16 -7 -55 79 56 
 125 156 -115 47 82 126 -53 -123 2 101 -18 55 3 109 53 -86 
116 32 3 -15 98 145 -57 -94 -3 -47 -11 -7 -8 -58 69 55 
 134 149 -113 47 85 125 -47 -119 5 110 -20 45 5 114 50 -82 
119 30 5 -15 103 141 -52 -97 -7 -53 -16 -21 -14 -60 68 58 
 129 151 -112 41 87 123 -46 -127 2 109 -14 45 1 124 58 -83 
121 25 12 -16 109 135 -62 -97 -7 -58 -20 -26 -4 -68 68 55 
 141 147 -116 46 82 129 -50 -129 1 109 -16 41 3 134 58 -84 
117 28 22 -22 114 138 -60 -95 -12 -51 -16 -30 -14 -68 73 51 
 149 148 -118 46 91 140 -43 -133 -2 110 -14 42 4 144 62 -84 
109 24 22 -25 112 125 -64 -101 -15 -53 -18 -25 -11 -69 70 47 
 161 146 -118 44 92 134 -51 -134 1 107 -9 36 -4 151 55 -104 
106 24 22 -31 119 123 -62 -110 -15 -53 -6 -24 -12 -65 65 47 
 161 146 -118 37 100 143 -50 -140 1 109 -2 34 -4 156 52 -101 
105 21 20 -40 114 126 -58 -111 -16 -59 -21 -20 -16 -65 70 45 
 161 142 -116 41 94 134 -50 -150 6 103 7 34 -10 156 43 -96 
108 23 13 -41 111 124 -64 -106 -20 -47 -21 -22 -21 -68 66 51 
 158 154 -117 36 88 126 -46 -161 4 102 -3 35 -11 168 44 -101 
103 26 15 -42 116 123 -71 -100 -22 -51 -27 -31 -15 -59 67 60 
 158 150 -124 36 85 135 -57 -168 5 107 13 45 -19 174 49 -96 
106 34 14 -31 115 128 -77 -94 -17 -51 -21 -27 -14 -51 64 65 
 160 151 -123 30 84 138 -49 -163 7 106 13 42 -19 173 46 -99 
110 35 16 -22 115 126 -79 -101 -18 -63 -21 -27 -8 -53 63 62 
 160 145 -122 42 96 144 -46 -173 0 117 19 34 -17 169 47 -98 
99 39 12 -17 115 127 -66 -100 -14 -70 -33 -34 -2 -53 64 64 
 161 143 -124 47 96 144 -46 -177 -5 120 8 24 -15 167 46 -97 
90 33 11 -21 114 127 -64 -98 -15 -52 -32 -36 -2 -49 69 60 
 160 146 -124 45 93 136 -46 -171 1 118 14 26 -15 165 54 -96 
92 25 0 -21 132 126 -58 -105 -16 -49 -31 -39 1 -42 69 57 
 172 141 -116 50 101 135 -54 -164 6 114 19 28 -35 171 51 -96 
91 22 -6 -13 129 136 -60 -106 -21 -52 -34 -52 -4 -49 69 58 
 172 142 -114 49 110 134 -68 -170 8 113 21 38 -37 179 46 -87 
92 22 -8 -22 137 135 -51 -110 -17 -43 -35 -48 0 -38 64 60 
 181 142 -110 45 113 130 -70 -167 7 119 21 29 -36 174 46 -79 
96 26 -2 -20 126 134 -51 -116 -4 -35 -22 -50 2 -36 54 52 
 180 143 -115 51 109 123 -70 -164 14 121 17 40 -33 178 51 -70 
102 25 9 -27 137 133 -42 -113 -5 -35 -9 -50 7 -34 57 57 
 176 143 -109 46 108 118 -66 -165 16 121 14 41 -31 181 46 -69 
107 22 17 -27 131 131 -30 -113 -5 -36 -9 -49 14 -35 64 49 
 175 142 -112 42 104 118 -60 -171 16 120 16 45 -43 178 46 -78 
95 22 14 -28 127 133 -27 -112 -3 -35 -4 -45 10 -22 60 47 
 190 142 -109 46 109 117 -58 -167 11 121 14 47 -40 173 44 -84 
89 24 12 -25 138 131 -21 -112 -9 -48 -13 -50 7 -26 62 41 
 190 129 -112 52 105 114 -55 -162 16 114 17 40 -36 172 42 -77 
91 26 -2 -25 138 131 -21 -116 -1 -36 -18 -53 -1 -16 61 40 
 190 121 -112 56 105 108 -53 -164 17 123 20 46 -36 166 44 -78 
91 32 -3 -35 146 128 -24 -118 -1 -39 -27 -55 -1 -25 56 38 
 195 123 -119 58 110 115 -46 -157 22 121 22 41 -35 177 51 -95 
104 32 -7 -41 145 119 -25 -118 1 -45 -25 -54 -11 -22 53 36 
 206 129 -125 63 107 117 -44 -158 27 123 25 45 -31 178 42 -86 
103 33 2 -50 146 111 -24 -115 -4 -35 -26 -55 -14 -22 58 43 
 207 122 -130 72 113 120 -46 -162 31 116 43 41 -39 180 45 -81 
105 33 -2 -51 149 110 -28 -133 -9 -28 -25 -57 -5 -20 61 36 
 210 119 -135 78 110 120 -50 -163 36 113 49 40 -29 184 47 -86 
109 47 -2 -49 151 105 -30 -142 -10 -31 -25 -58 -13 -20 59 38 
 214 133 -135 87 116 127 -52 -160 35 115 51 42 -31 192 55 -79 
108 62 -1 -53 149 99 -27 -142 -6 -28 -29 -52 -16 -24 51 40 
 219 131 -134 89 121 129 -52 -170 35 115 61 34 -34 194 56 -85 
105 57 -3 -51 148 97 -25 -137 1 -33 -21 -55 -16 -26 58 33 
 207 133 -129 86 118 132 -56 -173 31 109 66 36 -34 187 63 -93 
114 51 -17 -50 148 100 -36 -128 -5 -32 -19 -62 -20 -24 53 30 
 201 136 -133 80 118 128 -54 -169 36 120 63 45 -36 174 58 -92 
109 51 -13 -42 148 101 -40 -116 4 -35 -24 -68 -18 -24 63 37 
 193 136 -131 85 118 122 -54 -159 40 121 70 47 -38 174 54 -83 
113 54 -13 -33 150 104 -35 -118 3 -42 -15 -58 -12 -25 68 43 
 182 138 -131 87 119 126 -53 -156 27 125 69 34 -42 176 47 -97 
111 53 -14 -42 139 104 -27 -113 -7 -43 -14 -58 -11 -23 76 45 
 186 142 -134 85 123 126 -56 -151 35 132 61 33 -40 167 41 -93 
109 55 -14 -42 136 112 -30 -121 -15 -37 -18 -61 -7 -25 80 44 
 190 149 -139 85 124 125 -60 -142 41 147 62 32 -38 160 44 -93 
110 73 -8 -48 135 110 -29 -119 -25 -32 -20 -53 2 -30 84 50 
 182 150 -149 84 124 120 -64 -144 36 138 64 38 -38 169 46 -85 
116 63 -10 -47 145 115 -29 -117 -23 -33 -22 -50 0 -38 79 41 
 179 155 -149 82 121 116 -64 -153 42 143 65 47 -37 162 39 -91 
113 63 -4 -52 146 113 -22 -111 -24 -32 -25 -47 -9 -45 81 38 
 181 147 -146 74 121 110 -68 -154 37 140 62 43 -44 160 31 -95 
118 55 -9 -54 148 118 -4 -113 -29 -35 -27 -47 -10 -49 84 41 
 187 153 -148 74 120 105 -57 -154 36 141 59 42 -40 167 26 -91 
107 64 -11 -52 156 114 0 -111 -29 -30 -24 -48 -14 -42 83 43 
 189 158 -150 78 121 100 -56 -151 36 140 54 38 -35 165 27 -88 
105 68 -9 -53 155 115 -2 -109 -36 -30 -26 -54 -8 -41 84 42 
 187 158 -147 79 113 95 -55 -150 37 140 68 43 -29 163 26 -93 
101 71 -13 -51 148 116 -2 -107 -33 -33 -28 -55 -2 -49 81 40 
 192 146 -143 70 122 94 -55 -141 29 147 73 41 -31 165 19 -96 
105 68 -13 -43 152 122 0 -105 -32 -33 -34 -52 7 -50 77 41 
 201 141 -147 75 121 102 -56 -141 16 149 80 45 -21 160 33 -105 
107 70 -14 -36 156 122 -4 -112 -32 -36 -40 -46 10 -56 82 43 
 199 140 -139 72 131 107 -57 -142 16 148 78 49 -19 166 39 -99 
106 69 -20 -42 167 125 -12 -112 -27 -41 -37 -45 19 -57 91 49 
 201 141 -136 65 129 107 -62 -139 22 149 74 56 -13 158 38 -101 
104 53 -12 -42 166 123 -10 -107 -22 -44 -34 -45 20 -64 89 58 
 206 141 -142 65 126 107 -57 -138 12 154 81 56 -10 157 30 -104 
99 64 -10 -46 166 121 -16 -109 -23 -40 -34 -53 38 -65 91 43 
 206 141 -151 69 126 101 -60 -144 8 153 81 48 -2 156 32 -99 
92 67 -10 -44 183 107 -10 -107 -36 -49 -49 -53 28 -70 87 40 
 207 157 -160 71 125 104 -57 -138 6 147 83 40 -2 150 29 -96 
98 68 -14 -35 174 98 -7 -105 -36 -48 -47 -54 26 -75 89 42 
 204 158 -164 78 120 101 -48 -138 5 148 89 43 1 147 26 -97 
100 62 -15 -36 173 101 -17 -109 -36 -42 -51 -58 26 -76 90 37 
 204 168 -172 77 122 91 -53 -144 6 145 84 34 1 136 20 -107 
88 67 -15 -37 171 105 -16 -117 -39 -42 -58 -40 25 -78 86 32 
 210 166 -173 83 123 83 -50 -147 7 145 90 44 1 142 21 -106 
94 68 -19 -35 172 105 -12 -117 -41 -46 -51 -41 28 -78 90 34 
 199 157 -173 94 128 78 -54 -143 1 160 90 52 -5 153 20 -112 
101 71 -21 -48 178 106 -11 -113 -40 -49 -47 -45 19 -85 92 34 
 202 156 -178 99 129 80 -63 -143 3 154 78 49 -14 160 20 -119 
102 68 -24 -52 184 107 -10 -107 -38 -48 -43 -43 5 -91 96 35 
 197 151 -166 81 126 73 -67 -144 2 151 74 50 -19 168 24 -116 
100 70 -25 -55 183 105 -14 -112 -38 -44 -45 -47 10 -88 94 39 
 213 156 -171 81 125 76 -79 -142 2 154 76 42 -17 161 24 -106 
104 76 -28 -49 182 111 -17 -107 -34 -48 -38 -43 10 -87 98 45 
 200 160 -177 75 122 76 -77 -137 1 147 67 44 -12 164 25 -99 
96 75 -24 -49 180 114 -15 -107 -37 -51 -42 -43 12 -78 107 41 
 194 156 -178 65 124 77 -73 -138 -8 154 65 54 -7 165 27 -93 
98 75 -23 -47 185 111 -15 -107 -47 -50 -33 -42 13 -80 104 44 
 205 158 -179 52 129 79 -73 -138 -6 150 69 55 -3 172 26 -91 
89 76 -22 -33 196 125 -20 -108 -35 -47 -35 -48 9 -98 116 45 
 208 154 -175 49 126 78 -68 -143 -5 142 67 54 -8 161 21 -99 
92 83 -27 -34 198 128 -24 -114 -29 -45 -36 -45 14 -98 116 43 
 207 147 -186 41 125 74 -62 -144 4 153 66 57 -21 162 19 -101 
94 87 -38 -28 205 125 -20 -112 -27 -53 -39 -42 13 -94 114 38 
 211 149 -198 47 121 67 -62 -142 14 151 72 57 -25 161 16 -94 
93 90 -34 -37 205 123 -35 -115 -27 -50 -36 -49 12 -91 121 36 
 202 152 -199 46 127 67 -66 -139 17 148 74 56 -23 160 8 -82 
93 88 -35 -34 198 120 -32 -117 -27 -55 -43 -49 10 -93 108 33 
 202 140 -199 45 123 74 -62 -141 25 147 84 51 -15 149 4 -84 
95 98 -40 -37 212 123 -30 -115 -32 -50 -56 -51 12 -93 102 33 
 206 144 -196 46 124 71 -60 -141 18 147 86 56 -9 149 2 -78 
91 95 -31 -34 215 114 -28 -110 -36 -38 -55 -51 16 -95 101 29 
 211 147 -190 41 116 80 -61 -145 21 142 86 57 -8 148 1 -73 
85 97 -25 -34 219 121 -25 -106 -34 -35 -60 -52 17 -90 96 33 
 201 136 -196 46 111 89 -60 -143 21 140 87 58 -10 144 11 -78 
85 96 -21 -42 218 122 -13 -111 -32 -24 -60 -49 13 -96 92 31 
 201 134 -203 45 118 84 -68 -150 16 141 84 60 -15 150 18 -84 
79 96 -16 -40 226 120 -16 -111 -37 -21 -56 -55 3 -97 85 31 
 197 133 -210 44 120 79 -64 -150 2 145 86 61 -20 154 19 -84 
84 87 -13 -35 224 128 -16 -110 -35 -27 -51 -54 -3 -100 72 31 
 196 129 -210 47 114 78 -74 -149 1 142 90 61 -25 155 5 -84 
89 89 -19 -28 216 131 -11 -100 -34 -25 -57 -62 -1 -93 70 34 
 198 130 -208 50 114 76 -88 -154 1 139 87 74 -23 149 0 -82 
86 96 -22 -20 211 136 -13 -98 -30 -26 -59 -50 0 -100 73 35 
 201 134 -213 57 116 82 -91 -163 10 139 89 76 -28 144 2 -84 
94 99 -23 -27 215 133 -10 -93 -36 -20 -64 -54 -9 -100 78 32 
 196 128 -213 60 116 82 -90 -173 -1 140 94 81 -25 141 -2 -85 
101 102 -24 -17 208 130 -2 -92 -44 -30 -71 -57 -11 -105 84 35 
 195 122 -212 61 118 80 -91 -170 -6 149 97 87 -22 139 6 -80 
116 103 -24 -15 208 128 -2 -95 -51 -32 -65 -54 -13 -101 87 46 
 194 127 -211 61 118 82 -91 -173 -6 145 96 84 -20 140 9 -75 
116 104 -30 -15 205 130 -12 -84 -49 -32 -66 -55 -18 -104 88 49 
 198 126 -222 67 115 80 -97 -183 -4 134 99 86 -18 134 13 -70 
128 102 -32 -18 219 125 -5 -85 -43 -31 -63 -58 -23 -91 86 54 
 198 125 -219 59 118 87 -105 -184 -7 130 106 82 -22 128 1 -59 
118 106 -24 -25 217 123 -4 -87 -43 -29 -60 -56 -13 -95 81 57 
 205 129 -213 56 123 87 -106 -182 -15 136 104 86 -23 127 2 -66 
115 109 -25 -13 210 122 -5 -85 -37 -38 -56 -60 -4 -95 81 55 
 206 130 -218 54 126 82 -112 -180 -13 132 112 84 -26 127 4 -64 
124 109 -27 -10 208 112 -10 -82 -39 -35 -53 -56 0 -90 76 48 
 218 136 -218 58 122 84 -117 -175 -8 127 114 86 -31 124 -4 -69 
124 116 -31 -5 207 104 -7 -85 -34 -32 -57 -58 -4 -82 71 48 
 218 134 -214 64 123 86 -112 -184 -19 129 107 82 -37 117 -5 -70 
127 110 -31 -3 207 100 -5 -95 -37 -38 -61 -54 -4 -85 67 48 
 212 135 -210 77 127 84 -107 -173 -13 122 110 81 -42 116 0 -70 
122 104 -31 -9 205 100 -2 -93 -40 -60 -59 -55 -4 -88 62 49 
 216 142 -212 82 127 84 -115 -174 -20 126 113 81 -31 118 2 -78 
126 106 -35 -15 205 102 -7 -97 -46 -57 -64 -55 -1 -88 64 50 
 221 133 -207 75 127 87 -121 -168 -34 137 114 81 -29 116 6 -80 
122 107 -29 -13 204 103 -13 -91 -42 -66 -67 -57 1 -81 60 45 
 222 130 -204 76 129 87 -131 -170 -35 124 122 90 -27 106 10 -79 
125 109 -32 -2 203 103 -10 -93 -50 -55 -60 -64 7 -76 51 52 
 227 135 -204 86 131 87 -125 -168 -40 116 124 94 -33 106 12 -76 
125 100 -35 -14 197 112 -4 -88 -50 -52 -60 -71 13 -64 54 62 
 226 131 -203 90 126 87 -126 -160 -40 118 129 90 -38 111 16 -78 
123 103 -37 -11 199 116 -1 -94 -55 -50 -67 -69 13 -68 51 61 
 225 129 -201 90 132 86 -125 -159 -39 111 122 90 -39 111 16 -76 
110 104 -48 -11 198 115 1 -98 -61 -58 -83 -78 13 -62 51 55 
 227 126 -204 90 125 89 -128 -158 -42 106 130 95 -38 98 13 -77 
96 107 -54 -7 197 119 7 -98 -53 -64 -87 -67 7 -66 45 56 
 217 126 -219 95 121 95 -131 -158 -42 113 136 98 -30 94 7 -66 
85 107 -54 -11 201 109 4 -98 -61 -60 -83 -57 9 -57 50 49 
 209 115 -219 100 116 93 -127 -162 -49 104 125 107 -30 99 0 -68 
84 110 -58 -22 208 105 8 -95 -67 -56 -80 -66 13 -55 51 61 
 207 100 -218 105 115 85 -122 -173 -55 105 124 93 -34 101 -4 -64 
83 102 -61 -18 212 101 2 -95 -67 -56 -91 -70 11 -54 48 65 
 200 89 -225 108 107 91 -118 -173 -58 105 116 89 -41 106 -5 -70 
86 101 -64 -16 207 103 8 -97 -70 -58 -90 -71 11 -46 45 63 
 206 87 -222 107 105 86 -122 -176 -60 98 111 90 -44 111 1 -73 
85 101 -71 -20 208 102 10 -102 -71 -56 -93 -69 15 -52 46 63 
 207 90 -228 109 100 86 -126 -184 -50 99 109 88 -52 118 1 -73 
90 102 -66 -21 196 103 11 -106 -75 -54 -91 -80 11 -48 50 67 
 200 94 -236 107 99 91 -124 -193 -59 101 110 92 -59 123 1 -71 
90 103 -67 -23 199 107 7 -105 -75 -54 -83 -76 10 -51 48 67 
 198 100 -238 103 96 98 -120 -185 -59 101 114 90 -63 133 -2 -71 
85 104 -65 -22 208 107 0 -105 -78 -52 -73 -74 1 -52 59 67 
 207 100 -238 112 88 99 -116 -184 -58 98 109 101 -70 134 0 -70 
83 107 -69 -12 205 111 -3 -105 -76 -50 -87 -75 10 -64 60 62 
 207 89 -236 118 87 99 -108 -184 -60 97 112 101 -52 140 4 -78 
76 105 -67 -11 208 115 -15 -110 -74 -50 -93 -69 11 -69 64 65 
 214 87 -225 111 81 96 -118 -189 -59 100 109 108 -50 127 6 -87 
76 105 -63 -17 204 122 -7 -113 -75 -52 -91 -69 11 -67 66 53 
 215 87 -219 107 86 113 -120 -199 -59 98 110 96 -62 123 8 -87 
75 112 -69 -22 204 125 -7 -118 -71 -47 -95 -70 25 -74 74 48 
 209 84 -218 105 86 109 -129 -198 -59 102 107 104 -54 120 17 -83 
79 111 -74 -18 199 129 -6 -122 -65 -42 -95 -69 26 -66 75 53 
 209 87 -213 102 75 111 -124 -204 -55 105 107 108 -59 118 16 -78 
83 109 -78 -20 196 126 -4 -119 -73 -43 -97 -73 25 -68 69 47 
 213 90 -218 104 74 111 -133 -204 -48 114 107 108 -59 109 19 -74 
88 115 -84 -15 194 113 -11 -118 -76 -45 -99 -74 31 -65 63 45 
 218 98 -226 101 73 122 -130 -198 -47 116 114 102 -59 110 18 -73 
95 101 -74 -1 191 109 -2 -124 -78 -47 -102 -74 35 -69 60 49 
 212 92 -227 106 76 126 -123 -192 -45 122 113 101 -58 111 22 -70 
98 103 -75 9 189 103 -15 -125 -78 -43 -110 -74 30 -69 62 47 
 219 102 -219 121 73 127 -120 -184 -50 128 120 101 -50 116 22 -71 
95 102 -75 11 187 105 -7 -123 -74 -48 -110 -72 30 -65 55 42 
 219 102 -219 115 69 127 -113 -175 -47 121 120 101 -43 125 24 -61 
86 105 -80 11 180 102 -14 -118 -71 -47 -110 -75 33 -59 47 38 
 221 102 -209 116 64 126 -116 -159 -50 117 120 101 -33 124 19 -64 
87 100 -89 10 170 98 -17 -119 -79 -35 -115 -75 40 -62 35 38 
 226 103 -204 120 62 130 -112 -163 -57 117 126 101 -39 125 16 -54 
100 99 -92 15 168 87 -7 -128 -88 -33 -127 -75 37 -66 36 46 
 214 97 -195 116 58 129 -118 -164 -61 116 129 101 -37 126 14 -59 
109 103 -96 18 170 85 -14 -127 -96 -33 -124 -88 38 -59 46 48 
 215 106 -194 118 60 127 -119 -152 -65 118 124 99 -33 121 17 -55 
109 103 -103 16 167 83 -18 -129 -90 -45 -120 -86 42 -51 52 45 
 205 110 -196 121 57 127 -110 -144 -50 116 117 101 -31 118 15 -59 
107 101 -112 20 166 81 -12 -129 -91 -43 -122 -84 39 -57 50 45 
 194 104 -202 115 61 131 -106 -142 -52 116 125 94 -30 104 20 -59 
110 97 -115 15 170 90 -11 -143 -93 -47 -122 -78 36 -57 46 45 
 193 96 -197 115 60 138 -99 -150 -51 116 125 106 -33 107 21 -62 
102 97 -116 17 177 85 -10 -142 -93 -36 -113 -81 41 -63 49 44 
 194 97 -194 112 67 139 -100 -154 -53 120 122 117 -26 114 20 -63 
108 102 -120 15 166 82 -9 -137 -93 -32 -107 -80 34 -60 37 43 
 197 89 -196 119 61 142 -104 -153 -52 116 122 111 -27 121 14 -62 
97 106 -120 23 165 80 -4 -140 -97 -40 -112 -82 44 -65 42 39 
 192 81 -203 118 54 134 -106 -155 -47 110 118 118 -27 118 12 -61 
100 109 -118 15 168 86 -4 -139 -106 -44 -114 -88 50 -67 38 41 
 193 83 -212 116 58 133 -106 -149 -49 107 121 116 -40 122 5 -55 
111 114 -116 15 166 91 -2 -125 -101 -42 -116 -89 49 -67 37 42 
 193 71 -215 113 61 143 -107 -138 -55 105 120 116 -40 122 3 -58 
115 116 -121 16 168 87 -3 -118 -103 -42 -111 -91 46 -62 29 39 
 196 71 -211 114 70 149 -111 -138 -50 102 127 120 -38 123 15 -61 
121 118 -117 6 166 80 -15 -120 -100 -44 -98 -90 57 -62 45 36 
 214 62 -213 111 79 145 -105 -136 -63 109 137 120 -40 123 19 -66 
128 120 -118 18 165 80 -21 -116 -105 -36 -108 -85 62 -61 55 41 
 213 56 -214 121 67 144 -111 -133 -66 103 136 116 -38 126 17 -68 
124 127 -108 12 168 78 -10 -106 -104 -35 -114 -83 72 -63 53 47 
 217 50 -209 123 71 145 -100 -134 -66 101 141 115 -42 141 22 -64 
125 125 -101 24 185 77 -5 -107 -104 -40 -107 -75 75 -68 50 50 
 207 41 -214 126 66 146 -104 -138 -66 105 145 113 -33 136 20 -63 
122 129 -106 20 193 73 13 -109 -98 -35 -118 -83 83 -72 46 45 
 202 37 -218 124 62 150 -96 -144 -67 101 145 111 -26 137 21 -65 
113 124 -104 18 200 71 10 -105 -98 -35 -122 -91 64 -66 43 55 
 203 43 -220 121 64 156 -100 -144 -58 101 145 110 -23 132 23 -65 
117 125 -105 24 200 68 5 -101 -99 -38 -110 -94 73 -64 48 55 
 208 47 -210 120 65 150 -97 -139 -56 102 140 121 -17 134 22 -64 
124 123 -107 16 198 69 9 -98 -100 -35 -104 -89 66 -60 43 56 
 213 47 -217 117 65 150 -111 -142 -56 99 134 125 -19 134 21 -65 
133 114 -105 14 199 65 7 -109 -101 -38 -99 -91 65 -49 48 53 
 222 55 -210 108 71 147 -110 -145 -53 100 138 116 -19 132 18 -65 
133 114 -102 13 191 67 7 -100 -111 -35 -103 -87 74 -34 48 48 
 222 65 -215 101 63 137 -116 -158 -50 101 147 118 -23 136 18 -52 
134 111 -107 10 182 61 8 -98 -111 -39 -101 -102 70 -32 57 44 
 222 62 -221 100 62 134 -124 -147 -50 108 151 120 -21 138 13 -54 
133 123 -106 7 172 65 -3 -99 -102 -36 -104 -94 74 -37 60 51 
 222 59 -207 103 40 141 -119 -145 -65 106 154 121 -18 137 6 -52 
129 109 -112 9 167 63 -5 -99 -99 -36 -104 -94 68 -28 59 49 
 220 50 -205 98 36 143 -118 -143 -59 106 154 121 -15 136 7 -47 
120 113 -113 6 173 69 -7 -100 -95 -35 -105 -105 60 -27 58 49 
 222 45 -205 101 27 130 -121 -148 -60 105 156 124 -16 128 5 -49 
116 106 -116 7 179 67 -7 -96 -92 -35 -111 -104 56 -28 64 54 
 218 45 -213 99 32 141 -118 -144 -62 107 155 120 -10 123 6 -54 
110 104 -112 8 180 70 -17 -90 -89 -35 -114 -98 53 -27 58 65 
 212 35 -202 103 24 140 -120 -137 -64 107 164 122 -7 122 10 -56 
116 105 -112 13 180 70 -11 -77 -82 -37 -110 -98 57 -29 56 62 
 216 27 -202 108 29 140 -117 -129 -78 107 157 127 -8 121 14 -64 
127 104 -123 18 182 74 -6 -71 -84 -35 -105 -108 60 -25 49 63 
 211 27 -202 112 22 135 -123 -130 -86 107 156 129 -11 127 12 -53 
120 102 -126 16 173 75 -6 -72 -84 -31 -110 -109 60 -17 46 65 
 208 31 -202 107 22 136 -126 -125 -95 106 151 136 -28 127 7 -53 
112 96 -128 27 175 72 -12 -69 -70 -33 -112 -106 69 -16 47 71 
 208 34 -202 117 16 137 -120 -131 -93 106 146 138 -31 126 9 -53 
126 93 -133 33 168 75 -18 -62 -71 -33 -111 -99 60 -22 47 76 
 201 42 -203 116 18 146 -119 -135 -90 109 135 136 -36 120 15 -46 
124 93 -137 36 178 77 -16 -61 -76 -33 -104 -101 58 -24 51 85 
 206 42 -213 114 25 149 -126 -144 -93 109 128 147 -32 130 16 -53 
122 93 -136 30 181 69 -18 -52 -80 -32 -102 -108 59 -33 49 85 
 212 42 -209 120 17 147 -118 -143 -84 110 131 140 -30 129 20 -53 
123 98 -128 25 171 57 -23 -50 -76 -25 -104 -104 68 -35 53 70 
 207 55 -209 113 16 150 -115 -145 -88 116 132 134 -38 127 30 -60 
128 108 -131 28 175 58 -28 -57 -78 -9 -97 -104 70 -36 55 70 
 202 58 -210 113 12 145 -118 -148 -84 116 130 114 -27 126 30 -60 
125 118 -129 18 163 56 -19 -56 -79 -15 -101 -105 71 -36 55 68 
 207 54 -204 116 19 154 -120 -150 -91 121 134 116 -40 126 30 -62 
123 109 -129 19 156 62 -14 -65 -81 -10 -106 -106 73 -36 59 67 
 207 54 -204 122 21 159 -120 -144 -91 120 132 114 -38 126 25 -60 
121 128 -131 24 155 60 -18 -69 -84 -15 -108 -116 67 -35 48 71 
 211 53 -202 118 16 164 -118 -144 -86 121 124 106 -51 127 18 -69 
125 129 -130 25 151 64 -21 -62 -83 -17 -107 -117 68 -34 56 68 
 207 50 -200 121 16 157 -120 -140 -92 117 122 107 -59 121 21 -71 
123 127 -135 27 148 58 -19 -60 -90 -28 -107 -123 65 -36 46 74 
 207 49 -203 125 7 154 -116 -149 -100 124 122 108 -58 122 21 -72 
125 132 -131 20 143 52 -22 -63 -89 -24 -108 -130 68 -35 42 71 
 207 44 -210 118 7 147 -117 -148 -104 131 126 108 -62 119 18 -65 
126 131 -131 23 142 62 -18 -64 -90 -29 -110 -133 54 -35 50 60 
 209 36 -210 131 0 153 -118 -151 -99 120 127 109 -70 121 16 -65 
127 125 -133 21 140 59 -18 -74 -90 -25 -107 -130 49 -32 47 54 
 209 37 -205 134 4 152 -118 -159 -104 118 131 106 -70 118 16 -66 
131 131 -128 22 136 64 -19 -65 -86 -32 -107 -123 45 -31 49 60 
 206 48 -214 142 1 153 -117 -158 -100 112 121 104 -73 111 10 -61 
140 126 -131 19 138 76 -19 -75 -87 -23 -113 -118 40 -29 45 66 
 198 45 -224 144 -3 158 -118 -158 -94 115 117 102 -81 116 7 -59 
132 138 -137 30 136 57 -16 -86 -92 -25 -119 -115 40 -28 43 62 
 210 49 -225 140 -6 153 -114 -163 -95 116 120 95 -86 118 7 -58 
131 122 -130 33 126 48 -16 -86 -90 -24 -124 -119 43 -18 39 65 
 207 49 -226 142 -9 156 -114 -160 -91 120 114 94 -83 116 3 -59 
134 126 -130 32 133 50 -17 -80 -87 -31 -130 -122 43 -30 36 70 
 205 52 -218 145 -13 155 -129 -156 -98 118 130 87 -67 123 -6 -60 
138 126 -124 37 142 64 -24 -91 -77 -44 -127 -124 37 -35 39 74 
 205 61 -217 132 -18 146 -127 -162 -93 121 138 94 -58 127 -3 -56 
137 125 -124 42 145 63 -35 -99 -62 -49 -132 -107 35 -34 35 78 
 197 66 -222 122 -25 147 -133 -162 -90 118 144 90 -64 137 2 -59 
130 139 -120 40 142 59 -24 -97 -61 -54 -137 -114 37 -42 47 76 
 199 59 -218 124 -18 151 -126 -159 -90 124 147 101 -66 132 -3 -63 
127 139 -115 40 142 61 -29 -101 -64 -55 -137 -115 41 -51 44 68 
 204 60 -213 124 -18 146 -129 -155 -107 121 147 105 -84 139 -14 -62 
133 144 -115 40 138 65 -25 -106 -73 -54 -136 -112 42 -53 43 68 
 202 65 -213 122 -15 141 -124 -155 -111 121 146 103 -78 134 -13 -62 
139 140 -118 47 143 60 -24 -109 -75 -53 -139 -116 42 -50 33 68 
 191 64 -208 116 -13 146 -126 -164 -107 126 152 106 -78 140 -5 -53 
143 140 -117 44 136 63 -29 -104 -79 -54 -138 -110 45 -67 36 75 
 200 54 -212 106 -15 147 -124 -153 -108 128 152 105 -79 142 -6 -44 
146 127 -124 44 139 64 -12 -100 -72 -53 -137 -111 45 -55 42 75 
 201 50 -201 106 -19 143 -124 -161 -96 122 147 108 -79 139 -5 -40 
144 116 -121 54 147 64 -21 -94 -60 -58 -139 -115 45 -46 39 80 
 195 61 -201 110 -22 146 -122 -159 -96 122 147 110 -79 131 -7 -43 
136 112 -118 67 153 65 -24 -96 -59 -54 -132 -109 46 -37 35 91 
 196 60 -198 116 -24 147 -117 -155 -100 131 137 106 -79 127 -12 -44 
133 109 -122 64 155 65 -30 -102 -60 -55 -132 -110 47 -37 40 86 
 193 56 -208 121 -24 156 -100 -155 -108 121 138 103 -76 127 -16 -42 
137 115 -106 56 163 55 -28 -99 -69 -58 -132 -111 42 -35 45 85 
 201 55 -218 123 -29 153 -104 -160 -111 116 138 90 -78 124 -19 -45 
135 118 -101 60 156 53 -23 -99 -72 -58 -130 -117 46 -30 44 77 
 200 65 -214 124 -26 160 -102 -165 -105 122 126 94 -80 113 -14 -50 
145 118 -95 68 155 63 -20 -102 -78 -58 -125 -126 50 -34 45 79 
 201 69 -217 118 -20 167 -96 -177 -96 119 136 95 -80 114 -13 -50 
142 122 -88 71 155 64 -17 -99 -87 -65 -125 -114 50 -37 41 78 
 206 67 -211 120 -34 166 -93 -180 -98 123 147 92 -77 119 -25 -58 
139 118 -84 74 158 69 -32 -110 -94 -73 -112 -119 46 -48 42 80 
 202 70 -206 117 -35 170 -92 -181 -89 110 132 95 -79 121 -18 -56 
136 116 -85 71 166 69 -35 -110 -105 -82 -102 -115 46 -37 30 79 
 204 74 -201 117 -41 170 -93 -188 -84 105 136 101 -74 107 -20 -58 
140 127 -84 66 167 72 -38 -118 -104 -90 -100 -112 46 -33 24 77 
 204 74 -201 117 -31 167 -98 -200 -83 105 141 98 -79 105 -31 -61 
140 122 -89 58 157 78 -34 -113 -102 -83 -110 -118 53 -28 28 71 
 204 71 -209 121 -27 165 -99 -193 -84 103 140 104 -78 105 -26 -64 
144 124 -91 53 156 81 -34 -107 -91 -74 -126 -121 53 -32 35 62 
 206 75 -208 122 -26 162 -100 -196 -90 101 132 110 -68 105 -31 -61 
146 121 -91 53 156 87 -42 -110 -94 -74 -127 -127 57 -21 32 69 
 208 88 -210 122 -26 169 -102 -200 -86 101 132 109 -81 104 -36 -57 
