Coverage:8
-84 -1 -5 -32 39 -74 -59 -18 111 35 31 -2 76 7 54 37 -25 -3 43 56 -38 -9 38 68 -13 -19 -5 -41 -19 -28 88 -1 
 -74 67 81 -53 -88 -50 72 66 -33 -75 -32 29 114 34 -28 -28 -13 161 118 12 -45 -7 -30 -106 84 -35 55 70 -17 -37 -39 16 
-89 -1 -8 -21 36 -72 -58 -19 120 37 26 -5 81 2 57 47 -29 0 47 56 -32 -12 35 71 -12 -21 3 -44 -15 -33 97 9 
 -73 76 78 -53 -92 -50 79 77 -32 -72 -29 20 122 35 -21 -31 -18 161 119 12 -41 -7 -29 -96 84 -28 49 74 -17 -36 -44 12 
-84 6 -1 -22 37 -72 -53 -25 123 30 28 -11 80 4 59 54 -32 2 50 56 -28 -4 30 65 -11 -18 6 -47 -11 -43 94 13 
 -76 78 76 -52 -92 -52 79 75 -31 -70 -31 24 128 37 -13 -28 -19 166 112 12 -46 -9 -23 -81 85 -29 44 74 -13 -38 -44 16 
-76 6 -1 -21 40 -71 -53 -36 127 30 25 -11 74 7 66 55 -32 2 51 56 -33 -3 17 66 -9 -17 2 -54 -8 -41 96 16 
 -84 78 68 -48 -92 -52 79 70 -36 -71 -35 23 126 42 -14 -27 -19 171 107 12 -53 -12 -25 -76 81 -27 48 71 -12 -44 -40 14 
-71 8 -1 -21 46 -71 -49 -22 135 28 18 -8 74 6 72 52 -32 -5 56 59 -32 -4 20 67 3 -13 0 -54 2 -39 92 11 
 -81 73 67 -44 -89 -56 81 80 -39 -62 -33 22 116 44 -20 -25 -19 170 112 12 -61 -12 -24 -76 82 -38 48 70 -21 -43 -36 8 
-80 15 -2 -18 51 -68 -55 -20 142 30 18 -4 75 8 68 54 -31 2 60 66 -31 -4 19 61 -2 -13 -4 -54 9 -29 89 8 
 -79 71 56 -41 -92 -58 78 85 -45 -57 -36 29 122 39 -19 -28 -23 173 108 10 -56 -8 -24 -78 87 -41 54 71 -30 -33 -27 9 
-74 19 -1 -18 60 -74 -54 -33 143 26 14 -2 80 3 62 55 -33 -1 59 66 -33 -7 26 67 6 -11 -4 -58 16 -26 83 9 
 -80 71 56 -41 -92 -56 79 84 -51 -62 -39 33 125 45 -25 -29 -20 172 107 5 -50 -8 -17 -78 91 -40 54 71 -28 -34 -13 8 
-74 22 4 -19 60 -70 -53 -32 140 22 9 13 83 -1 63 55 -40 -6 61 72 -34 -6 24 64 7 -18 3 -57 17 -28 89 6 
 -79 71 53 -42 -92 -61 79 81 -44 -65 -35 50 122 52 -25 -29 -19 173 94 2 -51 -28 -21 -74 86 -35 60 69 -27 -32 -12 10 
-78 26 15 -25 60 -74 -58 -32 146 19 13 7 85 -3 67 55 -39 2 66 67 -29 -4 16 59 11 -22 0 -58 16 -33 86 6 
 -73 79 56 -42 -92 -62 79 81 -33 -64 -32 59 123 54 -16 -29 -18 175 90 2 -53 -18 -15 -73 84 -33 66 71 -26 -40 -16 14 
-75 21 17 -34 59 -84 -58 -32 148 19 12 3 87 -11 67 57 -36 2 68 67 -25 -4 6 62 4 -25 -4 -54 14 -44 86 14 
 -69 82 58 -46 -88 -66 79 79 -24 -64 -38 56 124 48 -21 -28 -10 175 88 2 -53 -14 -22 -62 86 -29 68 71 -28 -50 -13 8 
-80 21 22 -37 56 -84 -49 -28 156 13 15 -3 87 -9 67 60 -32 8 72 67 -23 -8 8 60 -2 -26 -4 -48 10 -45 91 12 
 -62 82 53 -51 -84 -66 78 94 -21 -73 -42 50 124 47 -21 -32 -11 173 89 2 -52 -15 -28 -66 87 -21 68 63 -28 -49 -12 8 
-79 17 24 -38 56 -90 -34 -36 159 19 18 -1 75 -13 65 62 -33 -2 66 57 -22 -21 6 60 -4 -38 -3 -40 15 -46 98 11 
 -56 83 49 -49 -88 -65 86 93 -24 -75 -48 52 111 44 -19 -38 2 174 95 8 -53 -14 -29 -72 83 -25 70 67 -27 -48 -5 8 
-83 12 17 -38 58 -91 -28 -33 151 19 14 0 66 2 59 56 -33 16 64 46 -17 -21 -5 55 6 -31 -4 -41 10 -44 93 12 
 -52 82 54 -49 -91 -66 92 93 -24 -67 -48 48 111 39 -24 -41 6 174 93 4 -51 -13 -35 -59 78 -20 65 72 -17 -48 5 8 
-83 12 9 -48 62 -92 -34 -39 144 18 14 4 69 7 59 64 -35 21 60 56 -15 -27 -13 62 6 -34 -7 -46 11 -44 89 14 
 -53 82 59 -42 -85 -61 84 102 -18 -68 -44 46 114 42 -24 -46 16 169 86 8 -59 -20 -41 -61 78 -21 49 79 -13 -46 8 4 
-74 20 9 -45 59 -93 -29 -29 142 14 4 3 77 3 61 67 -32 17 58 57 -13 -27 -16 61 5 -39 1 -45 9 -44 90 5 
 -49 81 61 -35 -85 -61 88 107 -25 -68 -45 39 102 48 -27 -38 13 165 87 8 -56 -13 -40 -53 79 -18 45 68 -12 -48 9 -3 
-75 23 6 -55 53 -92 -19 -29 135 14 9 -1 82 -1 59 68 -31 18 66 56 -8 -24 -9 55 2 -34 -9 -48 6 -40 95 6 
 -46 78 54 -44 -86 -58 87 102 -29 -68 -51 45 100 47 -24 -41 8 167 91 8 -52 -21 -30 -40 74 -10 47 62 -16 -52 19 -2 
-76 27 10 -61 58 -97 -18 -24 136 22 7 -4 74 0 62 70 -30 18 70 56 -5 -20 -6 44 0 -33 -14 -48 8 -29 86 14 
 -55 82 51 -47 -82 -51 91 94 -28 -68 -56 44 109 53 -21 -35 8 167 82 8 -49 -19 -33 -37 78 -5 50 62 -18 -53 18 -8 
-80 27 -2 -57 59 -93 -20 -27 133 21 0 -6 61 7 62 68 -39 19 67 57 -4 -32 -9 37 7 -38 -15 -44 6 -32 79 11 
 -59 81 55 -51 -89 -56 90 97 -18 -81 -52 32 106 62 -21 -41 2 158 78 -3 -48 -19 -32 -32 79 -9 45 54 -9 -49 13 -13 
-77 27 -1 -57 56 -94 -16 -28 131 21 -3 -6 62 8 67 68 -36 18 64 66 -6 -32 -9 31 -4 -38 -19 -42 10 -34 75 11 
 -50 84 72 -51 -86 -56 97 102 -13 -78 -48 32 99 61 -21 -41 9 166 72 6 -38 -17 -38 -32 72 -5 40 58 -16 -50 25 -22 
-64 23 -4 -58 62 -87 -25 -28 128 18 -3 -5 68 14 60 69 -30 18 67 61 -8 -32 -9 35 -10 -37 -14 -51 11 -36 63 6 
 -52 89 78 -45 -88 -49 91 102 -21 -75 -48 35 93 60 -21 -39 9 167 79 4 -32 -19 -38 -37 80 -19 44 57 -13 -52 18 -22 
-64 20 0 -51 59 -89 -14 -26 128 16 -2 -4 64 14 59 82 -29 20 65 61 -14 -22 1 40 -4 -39 -15 -52 13 -34 66 8 
 -52 88 81 -39 -88 -52 94 104 -17 -80 -53 34 102 57 -27 -49 7 166 78 2 -27 -18 -32 -36 78 -14 42 51 -17 -50 19 -21 
-63 25 -8 -53 59 -85 -21 -34 135 12 6 0 55 12 59 87 -21 23 53 65 -4 -20 6 40 -21 -38 -12 -43 16 -38 67 15 
 -52 92 86 -41 -84 -49 97 115 -14 -75 -56 28 100 62 -33 -44 5 161 82 5 -28 -19 -28 -35 72 -1 40 56 -12 -58 22 -26 
-64 30 -11 -56 60 -82 -22 -33 138 11 7 1 61 12 59 88 -19 32 48 67 -1 -24 6 38 -20 -33 -14 -43 19 -37 71 8 
 -46 90 88 -43 -79 -49 93 122 -16 -72 -56 27 98 62 -33 -43 2 163 76 3 -24 -17 -29 -33 71 -1 44 57 -12 -62 15 -19 
-59 29 -10 -49 64 -81 -24 -33 134 16 16 6 63 9 63 84 -14 28 47 60 8 -19 6 38 -21 -31 -16 -34 11 -38 69 8 
 -49 88 82 -44 -79 -52 92 120 -8 -72 -56 31 100 62 -31 -37 4 159 73 1 -19 -18 -30 -33 73 4 40 59 -12 -65 13 -25 
-59 32 -6 -47 65 -84 -29 -41 129 18 14 12 62 -1 61 87 -3 28 48 54 9 -23 7 37 -21 -24 -20 -33 11 -34 68 17 
 -49 87 78 -36 -86 -54 89 116 -14 -72 -55 22 99 58 -34 -41 2 159 73 -8 -12 -16 -30 -32 72 5 41 62 -12 -70 3 -13 
-53 31 -4 -42 66 -83 -33 -38 129 19 12 8 61 -5 61 101 1 27 48 55 12 -24 7 36 -26 -22 -31 -38 14 -36 69 26 
 -56 88 85 -33 -92 -52 93 115 -14 -73 -58 21 102 59 -41 -44 -6 157 73 -9 -10 -20 -31 -26 66 -1 45 68 -15 -71 -18 -15 
-61 34 -4 -45 72 -84 -30 -41 122 22 16 6 67 -6 63 95 11 32 52 52 7 -20 7 33 -23 -21 -28 -40 7 -47 61 24 
 -53 89 88 -29 -92 -46 88 117 -1 -71 -68 24 107 52 -41 -41 -12 153 75 -13 -16 -19 -41 -27 68 -4 46 68 -10 -70 -23 -13 
-59 35 -3 -37 68 -80 -28 -48 120 22 16 7 64 -10 67 98 16 31 59 65 9 -19 7 31 -21 -12 -28 -49 12 -46 60 15 
 -54 91 88 -31 -99 -39 94 128 0 -65 -68 24 108 57 -41 -34 -20 153 76 -23 -12 -18 -38 -31 72 -1 42 67 -16 -68 -32 -18 
-60 32 -3 -38 68 -80 -34 -49 124 19 16 8 68 -14 67 102 16 39 62 65 6 -19 5 20 -26 -16 -28 -48 15 -46 60 7 
 -58 88 88 -22 -101 -39 91 128 2 -64 -68 34 113 58 -36 -34 -29 152 71 -29 -11 -18 -42 -33 76 -4 42 65 -20 -68 -32 -23 
-66 32 -4 -41 80 -80 -36 -44 115 9 16 8 71 -14 60 103 22 39 59 63 16 -20 3 19 -24 -21 -33 -49 15 -46 58 7 
 -60 88 88 -21 -101 -39 92 123 4 -68 -66 39 114 58 -32 -39 -24 152 76 -31 -8 -18 -37 -33 84 -5 44 67 -26 -68 -33 -21 
-58 26 -11 -46 78 -80 -39 -40 124 4 16 9 52 -4 68 103 23 32 59 68 17 -13 10 21 -32 -23 -34 -45 12 -54 59 7 
 -65 91 84 -28 -100 -39 91 126 6 -67 -68 40 128 54 -33 -31 -21 164 76 -27 -12 -21 -34 -38 81 4 38 68 -18 -76 -33 -18 
-56 26 -9 -49 77 -78 -45 -34 119 -2 14 23 49 -4 72 100 25 28 56 65 19 -13 6 9 -34 -28 -36 -43 19 -52 55 2 
 -61 93 90 -27 -107 -37 91 129 -4 -68 -68 37 132 54 -33 -32 -21 159 72 -30 -13 -21 -29 -34 81 2 33 68 -22 -77 -43 -19 
-53 22 -15 -47 60 -80 -44 -33 113 2 17 27 48 -4 68 99 22 30 54 61 17 -5 9 0 -37 -33 -44 -39 20 -49 51 -8 
 -67 92 85 -35 -105 -32 88 125 -6 -69 -74 42 133 59 -32 -31 -21 159 72 -35 -10 -25 -28 -19 76 -1 34 67 -21 -72 -39 -18 
-52 22 -22 -53 53 -77 -40 -28 122 -4 16 26 54 0 77 101 20 45 57 59 19 2 12 -4 -29 -37 -46 -42 19 -42 51 -11 
 -67 95 79 -32 -103 -33 103 122 6 -66 -68 38 136 59 -32 -41 -12 159 76 -48 -13 -29 -29 -16 68 9 32 53 -24 -80 -42 -14 
-54 27 -24 -48 52 -76 -43 -25 124 -12 16 26 58 -1 80 107 32 47 53 62 17 6 7 0 -22 -35 -46 -48 20 -45 47 -10 
 -69 96 77 -38 -112 -29 112 123 17 -67 -68 38 132 67 -36 -36 -22 162 70 -49 -16 -30 -35 -22 67 12 32 53 -26 -69 -43 -9 
-49 26 -18 -50 50 -76 -45 -33 127 -13 16 19 49 -1 71 107 27 58 52 56 26 2 5 -10 -23 -23 -47 -47 26 -37 48 -2 
 -72 91 75 -37 -113 -23 110 123 7 -78 -68 32 135 67 -37 -36 -21 167 68 -46 -11 -28 -31 -16 68 15 33 56 -23 -71 -38 0 
-40 22 -21 -52 57 -70 -44 -29 128 -9 19 16 50 -3 77 111 27 58 49 59 29 5 3 -1 -24 -26 -48 -60 29 -36 48 7 
 -70 99 76 -31 -117 -20 114 128 1 -76 -67 32 139 68 -36 -33 -21 168 68 -48 -9 -20 -33 -9 69 20 42 48 -26 -72 -47 2 
-38 21 -22 -54 54 -72 -40 -29 133 -13 22 11 43 -2 84 106 26 58 47 65 39 2 4 6 -23 -30 -52 -66 27 -34 41 12 
 -65 100 80 -29 -124 -21 118 127 1 -78 -69 28 149 69 -30 -36 -18 162 64 -43 -13 -11 -26 -13 68 28 41 42 -21 -70 -43 0 
-41 23 -20 -69 41 -72 -33 -24 133 -2 26 11 48 -4 87 103 22 61 60 56 41 6 4 13 -23 -36 -54 -60 26 -37 47 18 
 -64 97 81 -21 -130 -21 118 132 9 -78 -70 27 153 68 -38 -32 -21 166 68 -54 -18 -17 -16 -3 68 41 44 44 -22 -78 -48 -2 
-38 28 -13 -72 39 -68 -33 -20 134 -3 21 11 52 -10 95 111 28 62 61 57 46 3 7 20 -22 -40 -58 -67 26 -34 44 19 
 -65 94 83 -19 -133 -24 119 128 12 -80 -74 28 148 67 -35 -33 -27 159 59 -52 -16 -15 -16 2 67 41 51 46 -22 -69 -43 4 
-49 27 -12 -73 38 -64 -31 -12 134 -11 19 13 50 -8 94 112 37 62 56 56 41 -3 7 19 -24 -40 -54 -65 28 -32 33 23 
 -73 97 79 -22 -131 -26 117 121 12 -84 -83 31 146 68 -32 -35 -24 155 52 -52 -14 -12 -16 7 63 41 50 51 -25 -67 -36 10 
-46 28 -5 -61 47 -68 -32 -12 131 -12 18 6 47 -9 87 104 36 65 52 60 52 -7 4 21 -19 -37 -58 -69 29 -35 37 22 
 -68 101 76 -24 -138 -28 125 119 8 -87 -84 42 144 75 -31 -40 -28 158 62 -59 -11 0 -3 8 62 49 46 47 -24 -63 -32 11 
-41 27 -4 -61 36 -66 -40 -10 137 -5 16 8 52 -9 89 107 37 62 42 61 47 3 2 18 -18 -38 -64 -73 28 -32 35 28 
 -68 104 77 -13 -132 -28 118 116 1 -89 -88 39 142 79 -32 -37 -32 158 59 -57 -6 9 -5 7 53 51 42 50 -19 -66 -31 13 
-41 28 -1 -62 39 -63 -40 -4 133 -5 16 14 52 -14 89 102 38 67 37 56 42 -3 -6 19 -14 -40 -64 -76 20 -35 31 29 
 -68 113 78 -13 -132 -32 115 112 0 -96 -86 33 143 78 -32 -36 -30 164 57 -52 -8 11 -8 7 44 50 38 51 -12 -61 -32 9 
-38 26 -3 -65 37 -61 -41 -4 141 -5 17 11 47 -13 95 112 33 70 42 52 44 -5 -5 20 -19 -44 -65 -82 29 -34 39 29 
 -75 118 76 -11 -132 -33 116 112 5 -97 -78 40 142 84 -38 -42 -43 169 64 -58 -4 18 -9 8 47 54 37 57 -12 -56 -32 -5 
-41 26 -9 -62 37 -58 -39 -8 141 -11 18 8 42 -13 97 111 32 74 46 59 42 -4 -6 20 -23 -42 -53 -84 31 -40 40 36 
 -73 118 67 -10 -132 -41 114 112 1 -92 -81 39 136 82 -30 -38 -38 170 68 -60 -5 21 -8 10 40 55 39 52 -12 -57 -27 -12 
-44 28 -8 -66 37 -58 -24 -12 139 -11 6 8 43 -12 99 108 29 76 46 51 42 -13 -9 26 -20 -39 -50 -91 31 -35 38 34 
 -72 120 68 -8 -132 -48 114 106 -3 -92 -76 37 129 79 -26 -39 -49 172 74 -56 -6 23 -12 11 41 62 40 52 -13 -56 -33 -18 
-44 28 -3 -67 38 -54 -22 -14 136 -9 5 11 46 -12 92 102 23 79 49 53 47 -10 -11 22 -21 -39 -50 -82 31 -33 43 27 
 -72 111 67 -2 -133 -42 115 111 -6 -92 -72 23 130 78 -26 -41 -56 172 75 -51 -5 29 -12 6 41 62 42 49 -13 -61 -31 -16 
-46 36 2 -72 43 -56 -23 -16 139 -10 -2 11 45 -8 91 111 21 76 48 55 47 -9 -17 18 -23 -35 -48 -81 29 -28 47 20 
 -70 106 75 -7 -131 -38 108 105 -4 -97 -70 21 120 82 -33 -46 -58 172 84 -49 7 28 -7 6 33 69 39 52 -12 -72 -38 -14 
-43 29 0 -71 43 -48 -23 -20 142 -12 3 12 37 -7 90 107 19 79 46 56 47 -14 -18 22 -18 -36 -53 -78 32 -28 50 21 
 -66 108 68 -3 -131 -32 108 104 -1 -97 -69 22 125 89 -28 -41 -64 172 78 -48 13 24 -10 11 35 67 24 47 -13 -70 -39 -18 
-54 31 -1 -61 43 -50 -28 -20 142 -12 6 10 41 1 98 116 20 82 49 56 49 -16 -18 19 -14 -33 -61 -84 34 -26 48 20 
 -64 107 68 -4 -131 -33 108 105 -1 -99 -70 22 122 84 -33 -52 -64 171 69 -46 8 28 -5 12 31 62 17 52 -13 -68 -41 -16 
-51 31 0 -74 48 -47 -35 -7 147 -17 6 12 50 1 99 114 7 77 54 63 47 -16 -18 19 -20 -34 -58 -84 40 -29 48 16 
 -72 107 68 -2 -128 -35 110 106 -1 -91 -76 28 115 81 -28 -53 -58 168 72 -35 4 25 6 16 40 55 15 52 -8 -72 -35 -12 
-51 30 6 -64 40 -47 -30 1 146 -18 -2 16 48 -5 97 112 8 75 52 52 46 -14 -17 19 -20 -39 -60 -92 39 -34 51 22 
 -71 114 61 -6 -132 -29 121 96 10 -81 -73 31 119 80 -32 -57 -59 171 70 -38 6 24 11 16 37 57 18 53 -8 -66 -32 -12 
-52 18 6 -61 51 -52 -33 2 148 -28 2 6 51 -13 92 120 6 75 51 47 43 -21 -23 14 -19 -38 -69 -93 40 -38 50 28 
 -79 113 58 -9 -116 -29 124 91 6 -85 -65 31 118 76 -34 -52 -56 171 68 -41 5 16 9 23 42 59 7 42 1 -59 -24 -2 
-53 15 2 -54 54 -53 -34 5 142 -22 4 11 53 -14 100 116 7 77 58 48 46 -13 -18 0 -18 -32 -68 -91 44 -44 56 36 
 -78 111 59 -10 -108 -35 126 83 18 -85 -60 27 125 84 -39 -52 -56 176 67 -43 18 18 11 28 44 56 8 41 4 -53 -26 3 
-60 8 8 -54 49 -62 -41 12 146 -19 -1 11 51 -14 108 117 7 79 59 62 45 -13 -24 -1 -15 -32 -71 -92 49 -44 56 27 
 -79 109 53 -9 -108 -36 123 82 21 -85 -65 28 120 87 -50 -52 -56 176 67 -41 21 19 8 31 34 59 8 41 1 -48 -20 -2 
-58 19 8 -57 49 -58 -37 12 154 -14 -1 6 51 -4 104 119 11 87 55 57 46 -19 -20 3 -10 -32 -73 -93 57 -54 53 36 
 -85 107 55 -10 -107 -49 122 82 12 -87 -64 20 119 88 -54 -51 -65 182 71 -41 19 22 8 29 43 61 4 39 1 -49 -26 -6 
-52 20 2 -65 51 -54 -33 14 152 -6 -1 3 51 -2 99 122 8 92 58 56 47 -14 -24 2 -9 -32 -78 -88 60 -61 45 36 
 -81 107 51 -4 -93 -52 124 83 13 -84 -64 29 118 86 -53 -45 -67 171 67 -35 19 24 7 27 43 61 -1 50 1 -48 -24 -6 
-52 26 4 -64 47 -55 -34 23 156 -9 2 -1 58 -5 93 119 8 102 56 52 46 -13 -29 -8 0 -32 -80 -87 61 -61 40 34 
 -81 110 50 -11 -88 -45 124 89 12 -72 -61 16 123 88 -53 -48 -67 169 68 -35 18 24 7 28 48 62 1 51 2 -53 -18 -4 
-53 31 3 -65 46 -54 -33 21 152 -11 8 -3 51 5 90 132 2 94 59 50 43 -14 -27 -9 0 -25 -79 -82 60 -64 49 30 
 -81 108 59 -9 -89 -42 124 83 9 -73 -59 26 119 89 -55 -58 -65 162 67 -38 9 20 6 27 48 78 2 48 1 -52 -12 -1 
-52 29 5 -67 39 -53 -29 22 160 -10 19 -1 48 6 86 133 -1 92 57 58 43 -12 -28 -9 10 -29 -77 -79 60 -54 48 36 
 -81 108 50 -11 -88 -38 127 95 12 -78 -55 27 113 91 -50 -63 -64 148 68 -33 9 21 19 28 52 80 -3 48 1 -53 -12 -6 
-54 26 2 -66 41 -46 -38 15 155 -11 17 -7 52 6 87 131 -3 86 51 57 38 -14 -23 -8 13 -28 -78 -77 60 -54 51 38 
 -82 110 39 -8 -88 -35 131 91 7 -85 -58 28 111 93 -56 -72 -54 148 67 -32 13 21 24 27 44 77 1 49 1 -56 -17 -5 
-54 31 5 -66 39 -35 -33 14 156 -12 25 -4 51 10 86 127 4 86 50 57 42 -13 -34 -11 16 -32 -66 -80 57 -56 55 38 
 -82 108 39 -2 -90 -35 124 92 8 -87 -46 27 107 96 -55 -68 -54 156 71 -28 15 14 15 28 46 70 6 41 -4 -52 -17 -5 
-55 29 3 -65 37 -37 -41 16 158 -10 19 -2 55 7 95 127 3 85 47 60 48 -10 -39 -11 20 -28 -69 -80 62 -58 60 32 
 -84 108 44 -5 -93 -32 127 94 -7 -90 -48 27 105 102 -54 -66 -51 165 72 -30 13 19 21 30 46 68 7 41 -5 -49 -17 -18 
-62 29 13 -66 31 -44 -39 16 164 -10 20 -3 47 6 92 126 2 80 44 80 47 -12 -40 -9 15 -29 -64 -83 58 -65 55 36 
 -80 107 37 -11 -89 -32 127 94 -2 -88 -46 28 104 103 -52 -62 -51 146 73 -31 19 21 21 28 45 67 12 49 -4 -49 -4 -22 
-60 20 13 -68 31 -46 -42 14 167 -5 22 -4 39 6 89 126 -6 82 41 82 48 -13 -39 -12 10 -33 -58 -82 56 -65 62 38 
 -79 108 36 -12 -92 -39 129 92 -1 -89 -42 28 109 90 -52 -63 -53 153 70 -29 21 22 22 33 37 66 19 47 -8 -46 -3 -25 
-60 20 22 -76 33 -51 -37 20 166 -4 26 -3 43 5 83 126 -8 79 52 83 47 -13 -40 -4 11 -26 -59 -81 54 -72 66 48 
 -79 108 39 -11 -87 -43 127 94 -9 -89 -44 28 113 85 -48 -62 -50 152 68 -31 25 24 18 34 42 63 22 47 -6 -47 4 -21 
-60 31 24 -74 31 -42 -37 19 166 -1 28 1 42 -3 85 125 -1 76 51 82 46 -13 -40 -5 11 -31 -59 -76 54 -72 67 43 
 -79 109 38 -10 -85 -33 129 96 -9 -88 -41 29 119 80 -47 -65 -53 152 67 -35 24 24 20 27 39 66 22 44 -8 -47 2 -21 
-55 21 22 -67 29 -41 -25 17 174 -1 28 7 39 -10 87 128 -2 76 56 82 46 -17 -40 -8 16 -28 -60 -85 54 -81 67 46 
 -82 108 39 -3 -82 -33 127 88 -8 -88 -41 34 114 84 -41 -69 -50 145 74 -25 24 13 28 22 48 68 21 51 -9 -44 4 -22 
-58 37 22 -72 23 -54 -28 6 168 -4 34 4 34 -7 91 132 -2 80 52 81 45 -9 -49 -5 19 -23 -60 -81 49 -78 71 48 
 -85 96 39 -7 -83 -36 116 95 1 -88 -42 42 124 88 -51 -78 -53 140 75 -24 24 7 28 19 47 62 21 52 -12 -37 10 -21 
-59 35 21 -66 26 -66 -26 -3 163 6 32 10 39 -8 86 128 -5 79 49 84 45 -8 -43 -8 16 -32 -60 -80 43 -72 74 47 
 -78 100 33 -13 -84 -41 117 98 3 -97 -49 37 127 88 -47 -79 -53 145 87 -22 23 4 23 22 48 59 21 48 -9 -27 8 -21 
-59 31 27 -70 33 -63 -30 -6 159 12 39 5 36 -9 92 128 -5 80 59 84 41 -11 -45 -5 20 -44 -61 -82 42 -75 74 40 
 -78 105 28 -7 -78 -32 111 96 -5 -98 -62 40 134 98 -53 -82 -52 146 82 -19 13 8 32 19 48 52 17 47 -9 -32 12 -22 
-53 23 24 -71 28 -64 -23 2 168 12 23 4 34 -12 91 126 -6 81 62 79 35 -14 -46 0 20 -47 -58 -89 42 -74 76 51 
 -81 108 28 -6 -79 -24 108 91 -1 -98 -66 38 136 90 -53 -76 -65 151 77 -24 11 11 34 11 43 50 15 48 -6 -30 12 -20 
-49 24 34 -69 28 -60 -18 10 166 12 26 -5 28 -7 91 127 -12 82 61 79 39 -11 -48 -2 29 -43 -53 -81 44 -72 79 60 
 -89 102 32 -13 -79 -25 103 96 -2 -98 -69 32 132 90 -52 -78 -61 155 82 -24 21 8 40 7 49 48 19 47 -10 -29 9 -19 
-54 24 34 -71 28 -61 -13 10 161 15 26 0 33 -6 91 132 -12 82 67 75 36 -9 -47 -1 22 -30 -56 -76 52 -68 76 60 
 -85 113 33 -12 -81 -28 89 98 4 -89 -70 30 132 83 -53 -77 -60 155 82 -15 19 8 44 9 51 52 11 48 -18 -32 8 -19 
-47 16 29 -72 26 -67 -6 6 167 17 26 8 31 -12 92 135 -19 76 66 68 39 -16 -43 -1 26 -27 -60 -77 47 -69 76 62 
 -79 112 39 -19 -82 -24 85 90 2 -92 -69 33 139 69 -52 -75 -58 154 84 -5 12 12 44 10 46 52 8 49 -21 -33 8 -25 
-45 14 19 -66 27 -68 -7 2 164 14 26 11 28 -14 96 129 -13 79 64 69 45 -12 -38 -9 23 -26 -53 -78 40 -68 80 60 
 -80 112 47 -18 -84 -18 87 89 9 -95 -70 35 141 64 -46 -81 -61 152 85 8 17 19 39 11 49 53 4 51 -18 -32 8 -24 
-38 14 8 -64 28 -66 -7 2 155 7 22 13 27 -16 88 136 -11 78 69 66 39 -14 -39 -18 23 -28 -54 -72 39 -72 85 57 
 -73 112 41 -14 -81 -20 87 80 11 -99 -76 39 142 70 -45 -76 -64 149 88 11 16 21 35 15 49 63 4 53 -13 -28 2 -25 
-41 15 8 -55 26 -68 -12 3 161 7 29 12 25 -9 85 135 -22 77 66 59 35 -13 -21 -23 22 -33 -60 -66 43 -72 80 56 
 -81 116 44 -10 -76 -22 81 80 2 -95 -79 42 145 69 -45 -77 -60 148 90 12 17 19 47 14 51 68 4 55 -11 -21 8 -28 
-39 10 12 -51 31 -58 -13 2 155 6 29 13 30 -4 89 131 -23 79 62 59 38 -12 -28 -18 23 -34 -72 -77 43 -78 69 56 
 -78 110 48 -12 -72 -19 79 77 -9 -96 -80 35 145 53 -48 -73 -52 147 98 12 14 19 42 13 62 71 -7 54 -11 -21 18 -28 
-37 8 11 -46 34 -55 -5 0 159 -3 39 9 27 0 89 127 -24 80 62 56 38 -5 -30 -16 30 -21 -75 -72 42 -74 69 56 
 -83 119 47 -9 -70 -14 80 78 -3 -92 -84 32 144 49 -53 -67 -52 146 93 14 17 11 43 20 71 67 -6 61 -9 -22 19 -28 
-41 8 12 -46 38 -58 -9 -6 162 0 44 8 36 -1 87 133 -37 83 66 51 27 4 -34 -11 41 -21 -74 -71 48 -78 59 59 
 -79 121 48 0 -80 -14 88 72 11 -92 -81 33 148 51 -58 -80 -51 151 91 19 18 15 49 22 67 68 -10 68 -11 -22 16 -28 
-43 14 11 -46 34 -51 -9 -4 157 0 47 6 36 2 77 119 -32 97 72 48 30 3 -34 -13 40 -19 -72 -65 47 -74 56 59 
 -71 131 48 -8 -79 -12 87 72 17 -92 -76 31 148 51 -62 -84 -57 148 88 13 16 9 44 19 61 62 -4 69 -18 -30 14 -33 
-42 16 12 -46 36 -51 -9 -3 159 -1 38 10 33 6 70 114 -35 97 74 34 28 2 -34 -8 35 -14 -79 -69 53 -73 57 58 
 -68 128 48 -8 -86 -12 87 68 16 -93 -72 30 148 58 -68 -86 -49 152 78 15 19 15 42 17 71 71 2 64 -20 -36 13 -33 
-42 20 11 -46 37 -48 -8 -3 161 1 33 7 27 1 66 108 -40 104 76 36 26 -9 -28 0 35 -11 -78 -67 55 -78 58 59 
 -73 129 67 -8 -91 -12 91 68 13 -98 -70 39 150 59 -69 -81 -52 163 82 12 24 8 42 21 71 68 -1 61 -23 -35 8 -33 
-31 23 9 -44 38 -58 -14 -1 160 1 39 5 19 2 69 107 -40 105 71 32 26 -6 -23 -2 34 -9 -69 -72 48 -88 62 58 
 -72 129 69 -10 -84 -9 98 63 12 -99 -73 38 156 59 -65 -78 -52 143 87 14 24 17 41 19 72 68 -4 53 -19 -32 7 -33 
-34 23 14 -46 48 -58 -5 -5 159 2 47 11 23 -5 62 102 -40 104 76 44 27 7 -24 7 37 -9 -66 -79 48 -85 66 58 
 -76 129 52 -5 -87 -9 99 58 0 -104 -80 42 153 65 -65 -81 -52 142 88 18 22 23 34 19 68 57 -6 48 -19 -29 10 -33 
-38 17 12 -58 47 -60 -10 0 163 11 55 12 26 -1 66 102 -38 103 72 48 29 11 -24 0 37 -1 -61 -89 47 -86 62 63 
 -81 130 55 -3 -85 -12 102 61 -4 -96 -85 46 154 52 -62 -85 -54 140 84 13 20 27 31 23 68 56 -13 48 -21 -28 11 -35 
-41 14 2 -70 39 -63 -14 -3 161 7 43 12 29 -2 66 106 -32 91 73 34 28 12 -25 2 39 5 -65 -84 53 -94 58 57 
 -84 132 49 -2 -93 -9 99 65 -5 -96 -82 41 148 49 -65 -87 -53 129 88 17 21 28 31 33 72 57 -18 48 -19 -29 4 -32 
-38 16 4 -66 40 -65 -13 -1 156 8 43 16 29 -9 62 99 -27 88 69 35 29 11 -30 2 41 4 -70 -83 59 -94 55 60 
 -85 132 54 -10 -92 -12 99 67 -6 -99 -83 43 148 48 -61 -83 -44 139 77 25 19 27 35 21 77 57 -17 48 -19 -30 -2 -41 
-37 16 2 -68 49 -65 -12 -3 146 6 39 10 28 -4 64 107 -26 92 67 27 35 11 -29 5 39 5 -70 -84 54 -87 57 59 
 -82 132 51 -7 -88 -4 101 68 -9 -96 -84 41 153 54 -72 -81 -48 148 84 27 11 29 48 17 74 61 -26 48 -11 -32 -8 -33 
-36 13 3 -65 46 -66 -19 -2 146 6 44 6 28 6 65 107 -40 91 64 29 37 14 -23 14 46 0 -69 -91 62 -88 59 65 
 -81 126 49 -9 -89 -4 107 67 -10 -96 -82 38 153 57 -76 -81 -52 148 91 28 8 32 44 23 80 61 -28 52 -18 -32 -8 -25 
-37 11 9 -67 46 -76 -12 -4 152 -1 42 -1 28 5 57 110 -40 90 73 26 38 15 -25 13 50 12 -65 -85 65 -82 64 65 
 -79 135 48 -8 -89 3 117 74 -8 -97 -85 36 153 56 -72 -82 -52 141 88 30 9 37 42 25 75 56 -31 51 -26 -36 -9 -22 
-39 11 -5 -62 49 -73 -14 -10 151 2 39 -6 28 -1 46 107 -37 96 76 26 37 17 -32 21 56 20 -58 -82 62 -74 65 58 
 -78 135 43 -9 -92 -1 120 74 -6 -97 -88 32 153 56 -71 -76 -51 133 88 30 8 45 29 30 81 54 -29 47 -21 -29 -17 -34 
-38 7 -8 -63 51 -72 0 -11 148 -1 36 -8 28 -1 57 107 -38 101 72 23 48 27 -28 26 65 17 -59 -81 64 -76 61 63 
 -81 140 42 -18 -92 -5 120 68 -6 -97 -86 29 159 56 -73 -76 -45 137 93 25 13 39 35 30 80 53 -29 51 -28 -31 -18 -47 
-33 23 -8 -68 49 -67 -6 -10 143 -4 40 -4 28 -1 52 107 -32 106 74 20 44 29 -19 22 66 15 -64 -81 62 -84 61 63 
 -78 140 48 -18 -96 -4 115 64 -10 -106 -76 28 159 61 -75 -76 -51 138 92 21 10 39 34 27 71 53 -28 56 -29 -27 -18 -42 
-33 27 -8 -63 51 -54 -2 -1 136 -4 56 -2 23 -5 52 107 -30 106 68 16 46 32 -19 22 68 13 -72 -78 62 -96 61 57 
 -68 142 48 -22 -92 -1 127 67 -12 -106 -78 31 164 63 -78 -76 -50 138 93 16 11 38 34 35 66 53 -19 57 -29 -33 -18 -52 
-28 29 -10 -59 51 -55 -1 10 133 -9 59 0 26 -6 52 106 -40 101 73 16 54 35 -14 26 62 9 -68 -95 60 -98 68 56 
 -72 149 46 -21 -92 4 127 73 -13 -109 -84 32 158 67 -76 -76 -56 134 95 13 19 37 37 30 75 52 -19 55 -39 -44 -21 -52 
-29 35 -9 -60 50 -51 -1 3 129 -20 58 -13 28 2 51 110 -30 102 80 12 49 35 -21 26 56 10 -51 -98 74 -93 68 54 
 -72 149 49 -24 -92 11 132 69 -24 -112 -85 26 161 70 -81 -75 -65 131 101 14 19 31 36 31 74 59 -18 55 -48 -49 -21 -47 
-29 31 -19 -58 55 -52 -1 7 134 -24 57 -8 28 3 38 114 -20 103 83 7 49 34 -18 26 53 7 -53 -97 76 -101 65 55 
 -73 148 49 -29 -97 13 132 67 -28 -112 -92 22 159 69 -93 -73 -55 135 101 13 23 31 35 31 81 64 -18 51 -49 -53 -23 -43 
-28 31 -18 -69 50 -48 0 9 130 -24 55 -2 28 6 37 116 -22 100 86 11 47 41 -11 23 43 7 -53 -101 74 -94 68 65 
 -72 147 51 -32 -97 14 128 68 -31 -105 -88 20 158 64 -92 -72 -53 134 98 11 24 22 32 30 82 59 -18 56 -52 -54 -21 -52 
-29 29 -18 -69 59 -45 -3 7 136 -32 54 2 16 3 29 117 -14 104 97 3 42 38 -8 32 35 8 -51 -95 79 -94 67 76 
 -72 148 51 -33 -104 11 126 64 -34 -111 -88 19 148 69 -98 -72 -49 138 101 15 26 27 29 18 69 59 -13 58 -49 -56 -18 -57 
-29 30 -24 -69 59 -54 -2 4 142 -28 52 8 17 3 26 117 -4 106 85 0 41 40 -11 34 27 11 -58 -87 82 -94 67 65 
 -73 144 48 -32 -104 18 127 70 -45 -107 -92 19 148 69 -98 -74 -44 130 102 19 22 28 28 23 59 52 -12 63 -49 -56 -16 -60 
-29 28 -25 -70 59 -59 -1 1 148 -24 49 7 18 14 19 118 -4 103 82 7 43 40 -11 40 32 16 -68 -96 86 -93 74 70 
 -73 139 47 -26 -104 16 127 71 -47 -108 -88 19 147 77 -88 -69 -46 122 101 24 26 28 28 16 62 62 -15 68 -42 -58 -19 -67 
-29 27 -28 -70 56 -48 1 -4 146 -26 52 -1 20 17 21 122 1 103 71 6 36 40 -9 45 37 14 -69 -91 88 -94 74 62 
 -68 142 42 -23 -101 23 138 72 -40 -108 -92 12 147 79 -88 -73 -47 124 96 23 31 28 41 12 68 62 -11 68 -41 -56 -23 -69 
-25 22 -29 -69 62 -36 -1 0 146 -27 53 -4 16 14 23 126 5 102 66 3 40 34 -8 49 37 18 -66 -93 86 -88 74 58 
 -67 145 43 -22 -109 19 135 68 -45 -106 -90 12 148 74 -84 -70 -51 110 98 30 21 29 42 9 68 65 -7 64 -36 -52 -23 -73 
-24 30 -32 -58 58 -32 -1 -2 142 -24 52 -5 16 15 19 132 10 99 66 6 40 28 -7 42 36 17 -66 -88 77 -90 74 58 
 -64 150 40 -25 -104 17 136 67 -41 -102 -78 12 148 71 -88 -72 -41 107 91 30 21 36 34 11 63 72 -3 65 -30 -53 -28 -72 
-27 35 -28 -57 62 -23 7 5 147 -26 50 -1 16 20 20 136 8 98 68 9 41 25 -3 46 44 4 -64 -80 78 -88 75 59 
 -67 146 45 -22 -121 20 142 64 -35 -108 -72 12 148 72 -92 -71 -39 107 93 28 22 39 31 4 57 71 -8 61 -29 -52 -29 -62 
-28 37 -23 -36 68 -24 8 1 156 -30 50 0 15 21 23 134 3 98 66 12 35 27 -9 42 40 2 -61 -81 82 -90 76 46 
 -58 148 43 -23 -121 14 144 62 -28 -108 -75 1 153 69 -94 -68 -39 107 98 28 19 42 27 11 54 75 -12 61 -26 -49 -32 -57 
-32 29 -24 -42 64 -24 17 -8 151 -36 46 3 6 18 21 143 -1 92 67 12 40 28 -9 39 44 2 -60 -78 78 -89 83 52 
 -47 148 47 -13 -112 18 148 56 -22 -111 -69 6 150 73 -94 -71 -33 107 102 28 22 41 27 12 55 76 -12 65 -25 -52 -30 -58 
-32 23 -29 -42 59 -20 16 -8 149 -26 51 7 10 20 19 145 -1 104 56 -4 41 30 -20 38 43 2 -64 -93 75 -92 86 47 
 -49 161 51 -13 -117 21 148 62 -26 -111 -73 8 154 79 -85 -67 -33 104 99 25 27 36 28 19 49 75 -14 64 -22 -59 -30 -58 
-29 31 -22 -49 50 -17 15 -8 143 -24 49 6 14 16 15 142 2 100 58 1 49 52 -20 49 52 2 -57 -91 75 -92 93 47 
 -44 163 58 -12 -124 9 147 68 -28 -106 -72 18 155 72 -84 -66 -38 101 107 22 32 41 28 20 50 75 -17 62 -21 -59 -26 -61 
-36 30 -14 -49 58 -17 12 -19 143 -20 49 2 15 23 15 133 6 104 57 7 57 51 -27 48 57 2 -59 -92 76 -82 85 48 
 -52 165 60 -13 -128 6 148 64 -33 -96 -75 14 151 70 -76 -65 -30 98 108 24 33 48 42 21 55 75 -18 65 -26 -63 -34 -61 
-34 36 -19 -46 60 -22 18 -9 149 -24 47 9 12 19 7 136 2 97 57 8 57 46 -28 49 64 2 -59 -97 81 -87 85 48 
 -49 168 55 -7 -125 5 149 68 -36 -88 -75 8 148 72 -61 -66 -30 93 108 21 35 50 47 22 55 71 -18 64 -22 -61 -34 -61 
-34 36 -24 -57 62 -22 27 -8 147 -27 40 9 14 8 10 120 -1 87 54 9 60 42 -25 51 63 -4 -58 -99 87 -85 81 48 
 -49 172 61 -11 -125 7 144 68 -38 -83 -72 8 152 79 -74 -57 -28 77 111 10 41 48 52 27 68 74 -21 68 -24 -62 -38 -54 
-34 23 -25 -57 62 -23 21 -11 138 -28 39 4 14 2 10 132 0 95 51 11 48 39 -23 51 66 -4 -52 -100 88 -97 82 41 
 -49 171 51 -11 -129 8 142 71 -33 -78 -73 17 152 82 -64 -66 -22 76 113 7 49 48 63 28 64 74 -19 81 -27 -66 -41 -63 
-37 20 -31 -64 63 -23 18 -7 136 -33 38 -1 12 0 -7 139 2 87 53 6 57 43 -30 59 67 5 -54 -98 85 -104 82 41 
 -49 168 52 -16 -134 8 143 64 -32 -81 -73 32 142 81 -57 -58 -20 82 107 4 47 49 60 27 73 70 -22 79 -26 -66 -45 -68 
-51 22 -29 -64 69 -24 12 -21 137 -37 36 2 18 -6 -11 142 4 88 53 7 58 45 -29 58 68 12 -54 -96 79 -103 82 39 
 -46 169 47 -8 -123 15 142 67 -32 -80 -86 31 141 72 -54 -61 -24 81 99 4 49 52 68 27 73 74 -22 78 -24 -78 -45 -68 
-41 20 -17 -64 79 -31 7 -21 142 -32 41 -4 13 -5 -11 143 6 87 49 14 56 52 -29 59 67 6 -46 -96 82 -100 79 41 
 -58 168 50 -4 -113 12 144 69 -29 -79 -86 30 140 71 -52 -59 -22 82 100 -3 54 62 65 23 75 70 -22 74 -25 -79 -44 -60 
-40 19 -14 -64 80 -19 10 -18 139 -33 40 -4 10 -12 -25 136 6 88 62 20 56 59 -33 68 69 -2 -46 -93 86 -93 82 39 
 -59 172 50 -6 -114 22 152 71 -33 -85 -73 28 144 72 -53 -58 -22 79 99 8 52 66 64 36 68 77 -28 79 -29 -78 -45 -64 
-44 16 -13 -64 83 -16 9 -18 138 -38 34 0 16 -16 -14 133 1 88 66 26 59 42 -22 61 68 2 -45 -97 86 -93 82 35 
 -50 172 59 -7 -111 20 155 71 -33 -81 -81 28 141 65 -56 -60 -19 79 98 5 52 68 66 42 73 81 -29 78 -21 -76 -45 -64 
-41 19 -13 -51 89 -8 6 -30 139 -33 28 1 13 -18 -13 134 3 95 68 26 56 40 -25 68 70 -3 -44 -100 87 -87 82 46 
 -49 172 59 -7 -112 22 154 78 -33 -78 -89 22 144 71 -56 -68 -12 75 93 11 52 68 68 41 74 88 -14 81 -13 -85 -41 -59 
-41 19 -14 -56 94 -10 6 -35 134 -33 28 -8 7 -18 -14 128 9 91 68 25 54 44 -29 58 72 -3 -39 -103 98 -88 82 47 
 -52 172 58 -7 -118 24 151 84 -33 -76 -93 21 139 71 -56 -59 -12 67 93 7 52 72 70 44 82 88 -18 80 -13 -85 -45 -49 
-46 15 -15 -54 111 -7 5 -42 141 -34 27 -11 3 -29 -12 127 6 92 69 23 54 42 -40 56 67 -1 -36 -100 96 -90 85 29 
 -46 171 57 -3 -113 29 151 87 -38 -76 -96 20 134 68 -61 -58 -9 63 92 9 52 71 61 34 73 93 -18 85 -8 -80 -44 -62 
-46 13 -10 -44 112 -3 -9 -41 137 -29 24 -14 4 -28 -12 135 2 90 76 26 53 36 -40 47 66 1 -42 -99 97 -92 89 23 
 -48 176 49 -2 -112 28 155 87 -31 -73 -91 18 142 62 -61 -62 -9 65 94 4 55 69 61 30 83 92 -20 82 -6 -76 -49 -51 
-41 16 -13 -48 112 -5 -14 -41 135 -24 22 -9 0 -37 -11 146 1 91 75 24 55 40 -39 40 78 6 -46 -104 95 -89 89 25 
 -48 172 52 -6 -112 27 152 87 -31 -70 -85 12 142 69 -63 -59 -13 67 98 5 59 61 62 35 83 90 -13 74 -9 -72 -52 -58 
-41 9 -14 -38 111 -14 -17 -41 138 -24 16 -5 -5 -47 -14 140 -5 92 78 22 56 34 -35 39 63 2 -51 -100 101 -84 99 26 
 -48 168 54 -5 -112 30 149 87 -33 -76 -88 13 129 67 -62 -59 -29 68 98 11 59 65 72 38 74 85 -3 73 -5 -84 -44 -56 
-34 9 -13 -38 117 -12 -12 -43 135 -17 16 -8 -3 -50 -18 144 -5 91 77 20 58 41 -26 32 66 6 -45 -101 101 -81 106 32 
 -50 167 52 -5 -107 33 150 94 -29 -80 -88 8 128 61 -61 -53 -31 67 97 10 52 67 62 29 64 83 -2 67 -12 -88 -42 -58 
-27 17 -14 -31 114 -12 -19 -38 131 -14 16 -9 -1 -52 -20 146 1 96 80 16 59 40 -22 32 61 7 -53 -108 107 -81 110 31 
 -44 168 58 -12 -107 39 146 94 -22 -87 -87 8 127 56 -59 -56 -38 71 99 8 52 68 52 28 60 84 -4 62 -18 -92 -35 -70 
-40 16 -13 -33 110 -5 -25 -38 121 -14 22 -9 0 -45 -20 147 -6 96 78 16 63 42 -11 33 62 14 -53 -116 106 -83 112 22 
 -46 159 56 -18 -108 42 134 95 -16 -93 -89 8 128 51 -59 -56 -31 72 97 5 49 69 57 37 59 86 -1 59 -16 -92 -32 -74 
-40 30 -18 -33 114 -1 -26 -43 128 -12 22 -9 4 -41 -19 147 -18 97 82 12 63 53 -14 38 62 6 -57 -121 107 -80 107 26 
 -46 160 55 -18 -108 41 134 91 -21 -93 -89 8 128 52 -58 -56 -30 72 99 8 49 73 59 34 56 90 -7 67 -14 -93 -24 -76 
-32 30 -11 -38 114 -8 -32 -34 134 -12 20 -13 9 -41 -13 147 -19 99 82 10 59 53 -12 41 57 2 -55 -121 111 -79 115 26 
 -39 166 57 -10 -108 41 133 90 -24 -94 -92 11 131 56 -61 -53 -31 72 99 4 38 75 59 22 60 91 -3 67 -13 -96 -29 -76 
-28 27 -8 -37 111 -7 -33 -34 136 -21 24 -1 4 -45 -14 145 -20 102 85 6 57 55 -12 43 46 8 -50 -121 114 -90 119 27 
 -38 169 58 -11 -109 36 130 90 -28 -108 -92 3 135 56 -62 -50 -32 79 97 4 28 71 59 25 65 81 -17 65 -14 -91 -24 -76 
-28 31 -18 -39 113 1 -24 -34 138 -21 12 0 0 -51 -14 142 -22 100 83 -4 56 58 -13 49 47 8 -35 -123 112 -89 119 33 
 -38 168 67 -15 -113 42 132 91 -29 -108 -97 8 136 54 -62 -45 -30 79 97 14 28 67 63 24 64 84 -19 68 -12 -93 -13 -75 
-26 36 -19 -42 106 -3 -26 -33 148 -15 8 -1 -1 -51 -11 142 -17 89 82 -7 56 60 -15 49 41 11 -40 -121 111 -90 116 44 
 -39 174 70 -27 -116 46 132 99 -27 -109 -99 12 127 43 -56 -49 -31 78 95 7 32 71 62 28 62 87 -19 68 -12 -101 -12 -74 
-32 40 -11 -48 100 0 -31 -38 153 -14 7 2 -3 -58 -4 145 -23 87 79 -8 54 59 -21 48 46 22 -46 -121 111 -96 111 49 
 -41 172 68 -18 -112 41 137 99 -32 -109 -98 9 128 51 -48 -50 -31 79 85 6 32 67 72 33 63 75 -25 70 -13 -104 -12 -66 
-32 36 -8 -45 97 -2 -34 -39 149 -17 8 2 -4 -59 -3 147 -24 83 77 -17 55 56 -16 54 42 19 -43 -122 104 -92 111 46 
 -43 172 68 -14 -114 38 144 94 -34 -111 -101 11 128 50 -46 -44 -26 75 85 14 31 57 76 34 59 72 -29 67 -11 -107 -12 -70 
-33 36 -9 -44 101 -12 -31 -40 151 -22 6 3 1 -66 -2 151 -27 76 86 -12 55 56 -19 54 28 20 -43 -120 96 -93 112 39 
 -41 174 68 -12 -129 38 138 88 -33 -117 -110 10 127 48 -53 -47 -16 72 84 13 31 45 82 32 59 81 -32 63 -9 -110 -12 -68 
-37 39 -5 -45 100 -17 -32 -40 148 -28 9 0 2 -66 3 152 -31 74 89 -18 53 48 -14 51 33 18 -43 -118 99 -92 114 31 
 -42 176 76 -16 -126 27 136 88 -39 -118 -115 -2 135 49 -55 -52 -26 72 88 16 33 53 84 26 54 85 -32 65 -13 -121 -15 -65 
-39 33 -2 -38 99 -15 -30 -43 147 -41 7 -1 6 -58 8 154 -39 68 85 -14 54 48 -15 54 44 12 -44 -128 96 -93 126 42 
 -50 181 87 -12 -124 27 129 88 -38 -118 -116 -8 131 54 -61 -46 -18 68 80 10 32 51 86 20 57 85 -32 68 -13 -121 -18 -61 
-40 39 -3 -33 95 -14 -24 -43 150 -46 4 -3 7 -51 8 159 -43 71 85 -18 53 46 -12 52 40 16 -48 -126 100 -95 127 43 
 -52 187 88 -8 -119 18 132 98 -35 -110 -115 4 129 48 -61 -44 -10 68 85 -1 31 57 93 19 54 94 -38 73 -19 -126 -18 -58 
-34 40 0 -33 103 -12 -21 -46 151 -46 -2 -5 9 -53 8 159 -50 65 86 -18 42 48 -17 54 48 16 -51 -129 105 -98 126 44 
 -55 181 88 -16 -121 19 132 96 -32 -108 -119 11 123 48 -65 -44 -9 75 82 -1 35 57 89 24 61 92 -44 67 -17 -129 -16 -44 
-38 36 -1 -23 107 -11 -18 -41 155 -46 6 -3 14 -54 13 145 -47 70 68 -23 36 57 -14 51 51 16 -48 -136 104 -95 123 50 
 -45 184 87 -18 -121 19 131 92 -29 -108 -114 8 117 50 -63 -36 -10 73 74 4 34 67 84 27 57 88 -52 73 -13 -124 -14 -38 
-46 38 2 -23 111 -2 -14 -33 162 -54 9 -2 14 -44 10 146 -44 77 68 -21 33 59 -11 51 53 11 -48 -137 95 -84 124 53 
 -53 187 95 -17 -116 22 131 87 -30 -110 -112 18 114 52 -66 -36 -13 80 73 5 30 67 84 28 53 89 -47 71 -9 -124 -19 -41 
-43 46 7 -24 111 -3 -14 -29 163 -59 9 6 15 -46 12 153 -40 66 66 -20 40 58 -11 46 66 7 -54 -134 95 -83 124 43 
 -52 193 99 -6 -112 24 127 87 -31 -113 -115 14 111 52 -72 -46 -16 71 78 1 28 67 88 24 52 91 -44 70 -12 -123 -20 -37 
-42 46 5 -34 105 -6 -8 -25 154 -60 8 0 14 -49 13 159 -39 68 67 -19 41 59 -14 47 62 15 -54 -142 99 -90 118 41 
 -53 191 101 -11 -109 25 122 83 -31 -111 -119 22 112 47 -76 -53 -25 73 79 2 20 68 85 22 59 91 -48 64 -8 -126 -14 -36 
-36 43 14 -38 103 -1 -9 -29 156 -64 5 -1 9 -44 19 161 -38 64 66 -8 39 54 -13 51 70 15 -44 -148 103 -86 126 46 
 -56 194 90 -5 -101 38 128 78 -31 -112 -124 24 108 36 -68 -48 -21 74 78 0 16 72 84 27 65 91 -48 68 -8 -131 -16 -29 
-45 42 7 -39 99 -11 -12 -33 152 -59 5 -5 10 -42 20 160 -41 67 66 -14 42 46 -9 51 67 11 -46 -145 98 -92 122 49 
 -55 195 83 -5 -108 43 129 70 -32 -118 -116 15 102 38 -72 -46 -24 62 78 -10 18 76 87 13 60 90 -48 60 -15 -127 -12 -21 
-41 41 13 -41 96 -1 -11 -32 158 -53 9 -19 5 -33 21 153 -40 68 71 -16 46 33 -11 44 66 16 -46 -152 101 -92 120 47 
 -55 197 83 -4 -106 52 131 69 -41 -116 -127 6 92 42 -67 -47 -19 63 81 -14 11 75 88 19 58 88 -48 61 -18 -127 -11 -21 
-47 41 9 -41 91 3 -20 -40 168 -54 13 -24 1 -32 14 156 -38 67 81 -22 51 42 -19 49 56 15 -51 -153 98 -92 125 52 
 -60 206 85 -4 -113 43 121 68 -51 -116 -119 6 95 41 -68 -46 -21 64 82 -22 8 75 90 19 52 91 -52 59 -19 -128 -4 -22 
-48 47 11 -36 98 6 -21 -32 166 -50 9 -24 3 -32 14 161 -40 67 87 -24 40 37 -22 42 52 20 -54 -154 96 -86 119 49 
 -63 209 88 -4 -113 38 120 64 -50 -118 -120 12 97 39 -68 -47 -19 64 82 -26 6 76 82 15 47 88 -49 64 -12 -124 -8 -32 
-61 55 7 -40 97 2 -24 -27 165 -55 7 -24 -3 -32 14 164 -48 71 88 -18 43 41 -21 42 50 21 -52 -155 96 -81 118 46 
 -63 221 84 1 -115 39 132 67 -49 -119 -119 14 91 41 -68 -54 -12 67 79 -29 1 81 67 15 43 82 -47 68 -12 -124 -16 -34 
-67 43 6 -41 89 -5 -29 -33 167 -57 3 -24 -12 -33 20 163 -44 69 85 -22 36 40 -29 46 48 14 -44 -148 90 -81 118 46 
 -65 223 90 7 -127 32 135 62 -51 -124 -120 14 93 39 -72 -51 -12 68 76 -24 4 81 68 18 41 92 -48 62 -18 -122 -12 -36 
-64 40 2 -41 96 -10 -33 -26 168 -56 2 -23 -6 -30 26 166 -37 68 82 -22 32 39 -27 53 48 17 -43 -148 90 -84 116 47 
 -66 221 95 12 -130 21 137 69 -61 -130 -121 18 92 33 -76 -50 -14 73 82 -22 8 87 67 20 41 79 -52 62 -5 -125 -8 -36 
-66 41 2 -41 95 -20 -43 -33 170 -57 2 -24 -5 -36 26 168 -36 54 74 -21 23 31 -29 50 42 12 -41 -145 100 -87 120 47 
 -68 211 94 12 -134 21 137 62 -66 -139 -121 22 93 39 -76 -46 -15 78 83 -24 14 87 82 23 40 82 -53 51 -4 -118 4 -36 
-70 46 5 -44 88 -19 -47 -32 178 -63 2 -18 -5 -40 27 171 -42 63 72 -21 25 31 -34 50 46 12 -40 -138 96 -78 119 45 
 -68 219 100 14 -147 17 137 61 -58 -141 -121 24 91 41 -75 -55 -13 80 88 -24 25 88 90 23 44 82 -52 51 -12 -114 7 -39 
-68 46 2 -45 88 -30 -44 -37 186 -63 -1 -22 -4 -31 26 168 -46 66 67 -24 21 29 -33 52 47 7 -40 -144 102 -86 119 41 
 -72 218 95 31 -147 23 139 68 -56 -140 -127 27 97 45 -72 -59 -18 75 82 -26 20 88 93 24 44 79 -52 48 -9 -114 7 -38 
-66 48 -1 -45 86 -32 -48 -28 183 -66 3 -28 -5 -29 31 169 -54 77 57 -24 20 34 -29 47 44 5 -40 -136 93 -89 126 42 
 -69 213 96 31 -149 27 148 75 -51 -142 -128 22 103 48 -73 -63 -35 68 80 -28 21 85 92 22 47 88 -52 43 -4 -119 0 -37 
-75 56 -6 -46 83 -33 -51 -28 186 -61 -4 -29 -13 -30 29 160 -50 76 58 -25 27 28 -40 40 44 9 -41 -141 90 -88 119 43 
 -71 208 97 32 -139 28 148 82 -51 -133 -128 27 102 48 -68 -59 -37 71 81 -29 23 79 90 19 62 98 -51 37 -1 -115 3 -31 
-75 66 -15 -43 88 -26 -49 -32 182 -64 -2 -27 -13 -34 38 159 -43 82 61 -21 30 22 -45 32 44 19 -32 -144 94 -89 120 43 
 -68 211 93 28 -137 33 150 78 -41 -131 -131 27 104 44 -73 -53 -40 71 82 -23 28 73 91 14 67 92 -52 34 -5 -112 1 -28 
-85 70 -18 -42 80 -23 -52 -26 180 -66 9 -26 -9 -46 44 156 -40 76 63 -25 19 26 -47 36 47 25 -33 -140 88 -81 125 44 
 -61 206 90 27 -132 38 153 72 -45 -130 -132 17 108 48 -78 -52 -39 74 89 -17 27 70 101 17 62 85 -56 38 -1 -107 -1 -27 
-94 76 -24 -35 81 -20 -56 -26 180 -65 9 -32 -9 -53 40 151 -37 77 61 -15 18 26 -55 41 47 27 -36 -136 82 -87 119 46 
 -68 208 92 18 -137 36 148 72 -52 -127 -132 19 108 44 -76 -53 -31 76 87 -24 27 70 100 14 63 82 -55 30 -5 -105 7 -23 
-98 78 -20 -33 82 -16 -51 -22 182 -72 7 -39 -12 -51 47 152 -37 82 51 -27 19 25 -54 39 46 32 -33 -134 77 -84 125 40 
 -61 207 88 22 -135 39 144 69 -57 -121 -126 22 112 49 -77 -53 -31 71 88 -17 27 65 98 12 53 82 -56 30 -12 -106 13 -19 
-94 79 -20 -28 90 -18 -54 -22 183 -72 0 -34 -9 -49 57 159 -33 82 49 -30 22 27 -54 42 34 36 -35 -134 76 -84 121 49 
 -57 207 88 20 -135 39 149 67 -51 -121 -119 25 114 47 -72 -44 -21 68 80 -19 31 62 98 15 59 77 -50 31 -13 -96 17 -12 
-104 76 -21 -34 85 -22 -49 -34 182 -79 5 -33 -1 -51 57 148 -32 76 54 -29 20 27 -58 38 32 26 -37 -134 74 -90 134 51 
 -70 211 92 18 -138 36 148 70 -49 -118 -120 24 116 48 -72 -47 -21 68 75 -21 27 62 99 17 54 84 -48 31 -7 -96 12 -13 
-103 76 -20 -34 92 -19 -54 -34 187 -78 2 -36 -6 -55 56 157 -33 77 60 -34 19 26 -56 45 36 20 -31 -136 83 -88 131 48 
 -72 214 88 18 -132 42 144 71 -50 -121 -114 23 112 38 -72 -49 -21 72 72 -32 27 55 98 15 57 77 -48 29 -10 -98 27 -27 
-107 75 -13 -35 92 -20 -57 -26 191 -83 0 -42 -9 -62 58 156 -30 79 70 -27 18 28 -54 48 36 16 -32 -135 86 -93 138 46 
 -72 211 96 23 -133 48 139 82 -53 -112 -119 25 116 35 -73 -32 -17 72 81 -35 40 47 98 20 67 84 -47 36 -10 -96 31 -29 
-109 72 -22 -34 90 -29 -58 -30 194 -87 1 -39 -15 -74 66 156 -22 77 72 -9 23 29 -54 46 42 11 -32 -138 83 -96 137 48 
 -72 212 97 25 -118 54 132 84 -44 -101 -114 18 121 40 -73 -32 -13 68 79 -43 37 48 90 15 59 87 -50 35 -9 -93 27 -27 
-101 66 -20 -45 88 -29 -66 -39 191 -69 -5 -38 -14 -73 67 159 -13 76 68 -18 19 29 -61 44 41 9 -32 -137 79 -97 132 41 
 -73 211 101 29 -119 53 144 84 -50 -100 -121 19 133 39 -76 -30 -4 68 78 -45 36 49 92 14 62 88 -43 40 -9 -91 22 -28 
-106 73 -21 -54 87 -20 -72 -39 189 -70 -11 -35 -21 -75 63 156 -12 76 63 -19 26 24 -61 40 38 19 -28 -139 77 -93 131 35 
 -78 225 102 31 -121 58 141 85 -50 -96 -129 19 131 45 -77 -32 -7 72 69 -34 30 48 92 21 67 87 -46 42 -15 -90 27 -29 
-98 73 -25 -54 82 -13 -66 -39 192 -83 -20 -33 -22 -82 61 153 -7 71 59 -10 22 21 -57 39 31 20 -27 -140 73 -95 134 36 
 -81 220 96 30 -125 57 142 82 -52 -96 -124 19 132 56 -81 -28 -10 73 71 -29 31 45 99 16 67 88 -47 42 -19 -82 23 -28 
-97 66 -14 -58 82 -23 -62 -44 183 -83 -15 -40 -35 -81 59 156 -9 75 56 -9 19 23 -54 42 29 26 -24 -132 72 -95 125 34 
 -78 224 98 31 -125 59 147 80 -57 -92 -132 16 141 56 -78 -24 -4 74 74 -32 32 49 99 19 68 91 -36 41 -18 -85 26 -28 
-85 74 -12 -58 86 -28 -62 -29 187 -79 -13 -38 -40 -85 60 142 -2 75 57 -8 19 30 -51 48 30 27 -29 -129 74 -83 126 38 
 -78 219 98 39 -129 61 142 87 -56 -92 -138 11 139 57 -79 -28 7 71 69 -32 32 49 88 19 73 88 -32 38 -20 -85 26 -28 
-92 73 -9 -58 80 -49 -61 -28 186 -74 -13 -41 -34 -81 62 145 0 75 58 -10 21 33 -50 48 31 35 -33 -128 76 -86 123 30 
 -81 221 95 39 -140 69 147 87 -56 -70 -139 12 151 56 -74 -26 8 71 67 -26 40 60 92 21 67 86 -36 34 -12 -83 29 -27 
-91 89 -1 -67 82 -58 -61 -24 186 -78 -10 -46 -42 -78 51 151 10 69 58 3 23 28 -48 47 31 36 -29 -133 76 -92 117 28 
 -86 227 85 37 -138 71 149 83 -56 -76 -141 17 152 55 -73 -23 10 68 67 -21 37 59 88 19 68 88 -41 22 -7 -79 36 -27 
-88 82 -5 -72 84 -53 -61 -20 185 -79 -2 -44 -33 -82 44 149 3 76 58 1 28 26 -47 43 32 37 -27 -134 76 -88 113 36 
 -92 235 82 39 -128 79 156 81 -60 -78 -130 15 162 53 -73 -24 9 68 67 -28 41 55 80 25 67 85 -37 24 -6 -91 28 -28 
-83 80 -6 -84 94 -53 -63 -18 186 -79 -2 -48 -33 -75 49 153 0 76 56 2 27 21 -37 36 28 25 -25 -138 76 -93 115 31 
 -100 233 81 43 -128 79 146 79 -62 -78 -133 8 164 54 -72 -23 8 68 77 -25 46 55 89 20 73 87 -37 26 -6 -98 31 -32 
-92 77 -5 -84 95 -39 -59 -12 178 -84 -1 -41 -37 -74 52 159 -4 75 53 1 27 24 -34 26 22 21 -20 -131 73 -92 115 41 
 -101 228 86 41 -130 77 146 76 -61 -86 -133 1 168 50 -78 -24 12 68 82 -35 44 57 78 19 75 82 -32 28 -8 -99 25 -39 
-80 78 0 -79 96 -48 -50 -7 179 -81 0 -35 -34 -81 48 162 3 76 48 3 20 27 -33 29 19 20 -21 -131 63 -92 111 38 
 -109 227 88 37 -128 86 137 82 -53 -80 -139 5 171 46 -79 -25 13 68 74 -31 52 51 84 13 76 78 -28 28 -4 -101 28 -46 
-90 76 0 -75 102 -54 -52 -8 176 -82 -5 -21 -32 -74 42 152 6 70 42 -4 21 25 -33 29 10 17 -22 -131 53 -90 111 42 
 -108 212 88 40 -129 90 139 82 -52 -77 -129 7 173 44 -85 -21 11 79 73 -26 55 53 84 18 75 75 -20 28 11 -104 28 -48 
-92 66 7 -74 112 -64 -58 -13 174 -81 -3 -22 -24 -62 43 156 11 74 50 3 20 35 -31 25 9 15 -12 -132 57 -92 112 31 
 -107 207 84 50 -122 91 139 82 -48 -73 -134 7 172 52 -91 -26 5 73 69 -17 48 54 88 34 69 79 -19 27 8 -103 28 -44 
-84 67 -7 -77 110 -53 -52 -4 174 -80 2 -23 -20 -53 48 154 12 71 52 2 20 39 -34 23 4 12 -12 -134 57 -92 108 26 
 -112 202 83 49 -116 87 136 83 -48 -79 -129 6 168 59 -88 -32 9 68 65 -21 43 52 91 35 73 86 -23 24 8 -107 23 -62 
-86 61 -3 -73 111 -52 -46 -9 173 -74 2 -25 -17 -52 50 148 19 72 46 2 19 30 -31 16 6 2 -26 -133 58 -88 108 31 
 -113 202 86 53 -112 93 131 87 -48 -86 -129 1 169 59 -91 -28 12 68 64 -17 36 46 95 32 71 87 -17 24 7 -108 21 -57 
-83 60 -4 -79 112 -52 -44 -9 179 -74 -5 -20 -17 -54 49 146 16 65 47 -3 22 28 -34 28 -2 -2 -13 -138 71 -84 100 26 
 -113 201 86 42 -112 101 134 87 -53 -75 -129 -2 169 59 -92 -30 8 63 64 -23 31 53 91 31 70 87 -18 19 8 -104 22 -56 
-83 60 6 -88 113 -54 -53 -9 178 -77 -8 -19 -17 -58 43 146 16 66 39 -4 28 33 -32 15 -12 0 -13 -139 74 -81 107 22 
 -112 201 93 42 -111 104 140 88 -53 -67 -132 2 168 60 -91 -30 8 65 67 -22 29 60 88 33 73 88 -16 19 13 -94 35 -61 
-92 60 1 -84 116 -49 -48 -12 180 -73 -8 -16 -16 -54 37 147 12 66 38 -14 26 30 -36 11 -12 -12 -12 -141 76 -82 122 26 
 -116 201 94 34 -112 102 142 96 -52 -61 -133 0 169 44 -103 -34 8 68 67 -30 31 60 90 28 70 79 -12 11 23 -96 35 -67 
-93 54 0 -78 112 -44 -49 -13 180 -66 -3 -5 -14 -59 39 145 19 70 36 -8 26 29 -41 11 -13 -14 -14 -143 84 -82 125 34 
 -121 204 86 31 -105 88 148 102 -52 -65 -132 2 171 42 -104 -39 12 72 72 -38 38 68 85 27 69 84 -10 17 20 -93 31 -68 
-92 59 -2 -81 116 -44 -52 -7 175 -61 -3 -5 -17 -60 47 147 21 71 36 -14 30 26 -38 15 -24 -13 -15 -145 84 -84 132 29 
 -123 207 87 33 -108 88 153 108 -49 -68 -132 -4 169 40 -98 -35 13 76 70 -42 35 76 81 17 65 84 -7 20 23 -97 24 -72 
-97 58 0 -77 118 -43 -52 -8 174 -63 -11 -1 -14 -53 39 147 16 75 32 -7 30 29 -36 16 -24 -13 -18 -148 88 -74 131 35 
 -126 207 96 29 -104 92 151 106 -46 -72 -132 -4 171 42 -108 -30 12 71 59 -42 41 77 84 34 68 84 -5 22 21 -96 27 -66 
-92 58 -1 -77 107 -43 -54 -6 179 -64 -6 0 -18 -55 37 144 17 77 38 -7 30 28 -39 16 -12 -17 -9 -148 92 -71 132 31 
 -127 205 96 29 -104 101 151 106 -31 -72 -126 2 175 48 -106 -23 8 72 55 -46 39 79 82 34 61 77 -13 22 23 -105 28 -60 
-84 50 -9 -78 108 -39 -52 3 182 -60 -4 -7 -11 -54 50 145 19 74 26 2 27 19 -42 17 -14 -12 -10 -151 95 -72 145 41 
 -128 197 97 31 -101 102 154 109 -26 -72 -126 4 168 51 -99 -25 7 72 50 -61 39 72 81 40 64 78 -16 30 26 -108 27 -56 
-78 51 -16 -81 108 -38 -58 3 179 -52 -8 -10 -6 -44 47 151 10 72 17 3 27 21 -53 25 -4 -10 -4 -158 90 -74 147 47 
 -125 207 95 32 -101 99 151 109 -30 -67 -121 10 158 59 -101 -23 6 72 43 -53 41 67 72 42 66 77 -8 38 21 -109 22 -56 
-79 52 -20 -84 100 -48 -60 -1 182 -54 -12 -4 -15 -43 37 147 14 65 21 -2 28 26 -54 27 2 -12 -4 -158 87 -71 151 58 
 -123 208 101 33 -101 102 148 107 -20 -69 -119 8 156 54 -112 -18 2 77 42 -57 39 70 74 39 71 78 -8 43 24 -112 28 -53 
-84 52 -14 -83 108 -48 -60 -7 178 -54 -14 -5 -13 -40 32 148 27 69 29 -13 27 26 -57 32 -1 -12 -4 -155 74 -75 151 62 
 -128 208 99 33 -107 102 148 107 -13 -69 -122 11 157 61 -108 -19 4 68 53 -71 39 70 69 31 76 79 -6 39 32 -112 27 -49 
-87 36 -15 -85 105 -51 -61 -6 178 -54 -22 -4 -12 -44 37 151 27 66 22 0 29 28 -49 29 -3 -20 -5 -157 76 -69 152 62 
 -119 198 96 36 -112 102 147 112 -13 -69 -119 8 159 74 -101 -16 7 70 49 -64 35 68 67 28 78 88 -9 45 32 -112 22 -44 
-81 31 -20 -88 109 -54 -59 -3 182 -53 -20 -4 -12 -35 48 153 24 62 19 -2 33 18 -48 33 1 -14 -1 -148 74 -70 148 54 
 -124 201 95 38 -112 104 136 119 -12 -78 -116 14 161 69 -107 -14 8 66 47 -67 38 64 63 29 82 90 -12 48 32 -111 23 -39 
-79 29 -21 -83 107 -52 -60 3 180 -60 -24 3 -18 -26 48 156 26 63 24 -4 30 11 -48 31 -4 -15 -5 -148 78 -73 146 59 
 -134 196 96 38 -116 101 128 114 -22 -79 -125 24 154 70 -107 -12 4 68 46 -66 39 70 62 28 85 93 -9 48 27 -107 18 -42 
-70 32 -32 -74 101 -47 -65 8 179 -62 -29 5 -16 -24 46 158 22 68 20 -1 24 12 -46 32 -3 -18 -1 -150 76 -78 150 53 
 -125 194 94 31 -119 102 129 113 -18 -74 -132 34 145 68 -106 -13 -1 65 55 -64 38 68 69 22 84 91 -8 54 24 -105 19 -29 
-72 34 -29 -74 97 -55 -68 20 180 -58 -32 2 -14 -22 43 153 19 73 16 -1 19 16 -44 36 11 -15 -3 -154 65 -82 153 49 
 -119 192 97 30 -114 107 129 119 -16 -69 -127 35 147 64 -111 -16 -3 63 54 -65 36 72 70 25 68 85 -12 58 23 -108 13 -30 
-72 25 -33 -80 97 -54 -70 22 180 -58 -22 7 -22 -15 42 151 17 73 16 -1 15 15 -48 36 3 -13 -1 -151 61 -78 148 52 
 -120 190 98 35 -110 111 131 115 -9 -74 -130 42 148 58 -109 -12 8 59 52 -67 35 76 77 34 69 84 -13 55 22 -101 13 -32 
-60 26 -32 -85 92 -54 -72 21 180 -51 -12 9 -31 -11 47 152 16 77 14 -11 17 7 -58 37 2 -14 5 -152 56 -84 144 51 
 -119 190 99 31 -118 111 136 115 -5 -73 -127 48 158 61 -116 -12 6 58 49 -63 44 74 75 28 71 84 -11 61 21 -106 10 -33 
-56 23 -34 -81 100 -61 -70 18 176 -51 -18 2 -28 -14 52 151 6 80 13 -2 17 11 -68 37 -2 -13 5 -148 59 -87 136 55 
 -122 189 98 27 -124 112 133 114 -8 -72 -129 53 160 64 -137 -12 -9 61 49 -56 44 76 68 28 75 84 -16 62 16 -108 -6 -29 
-58 24 -28 -80 91 -58 -80 19 175 -51 -20 6 -17 -14 40 157 13 80 14 6 19 14 -64 28 -4 -13 11 -152 52 -88 131 56 
 -121 195 93 29 -135 115 126 107 -2 -69 -127 58 156 64 -132 -12 0 61 46 -70 36 72 74 33 77 84 -13 61 26 -112 -3 -28 
-61 26 -25 -77 88 -58 -73 13 189 -65 -32 12 -9 -13 42 157 9 81 11 2 12 13 -64 24 -5 -21 12 -144 59 -95 138 54 
 -121 203 91 29 -139 115 131 108 -6 -59 -127 59 154 59 -132 -12 1 69 44 -71 40 72 74 34 72 93 -12 68 27 -113 -9 -32 
-55 20 -26 -75 92 -66 -74 17 185 -58 -31 4 -4 -12 36 160 11 72 8 0 20 12 -63 26 -5 -10 20 -146 66 -101 141 48 
 -126 201 92 25 -138 115 124 108 -2 -61 -126 56 153 59 -128 -12 9 69 49 -68 44 72 75 30 71 96 -11 61 26 -113 -18 -39 
-58 21 -29 -78 92 -73 -75 7 187 -56 -34 6 -9 -16 28 161 9 65 16 3 17 12 -61 26 6 -19 17 -139 66 -112 145 48 
 -129 202 96 19 -138 124 132 115 -1 -57 -130 58 152 54 -129 -6 8 78 52 -71 43 71 72 31 68 95 -12 56 24 -107 -26 -41 
-63 15 -27 -78 96 -72 -74 15 182 -50 -24 5 -4 -17 26 162 6 65 14 6 19 19 -61 29 6 -24 20 -141 69 -117 141 59 
 -132 206 91 15 -137 133 131 111 -7 -60 -126 62 152 49 -138 -9 4 79 52 -70 47 72 73 35 65 108 -9 56 28 -108 -15 -43 
-63 21 -29 -80 99 -77 -74 15 184 -48 -23 3 -3 -20 17 165 12 66 6 0 15 14 -58 16 8 -24 23 -148 56 -113 155 59 
 -130 213 88 16 -143 135 131 114 -12 -54 -125 58 148 44 -137 -1 2 78 60 -72 44 72 75 32 61 108 -11 50 36 -111 -25 -44 
-63 18 -29 -76 99 -81 -85 14 194 -49 0 5 1 -20 20 164 8 59 3 -2 19 6 -59 16 7 -19 19 -154 47 -108 152 57 
 -132 210 87 12 -144 134 120 109 -18 -51 -121 59 152 48 -139 2 -1 82 61 -73 47 72 73 34 64 110 -5 51 36 -111 -18 -43 
-62 22 -33 -71 102 -81 -82 15 195 -48 -2 2 -1 -17 30 172 6 60 -4 -4 20 8 -64 16 6 -14 23 -152 52 -108 149 55 
 -133 219 92 8 -150 129 117 96 -19 -55 -119 60 152 54 -148 2 -2 82 65 -72 41 79 80 32 54 111 -11 53 33 -112 -17 -45 
-63 24 -26 -67 103 -82 -85 15 199 -54 -6 0 -7 -18 26 172 7 70 -6 -3 24 7 -64 10 8 -11 24 -152 47 -108 155 61 
 -128 219 92 13 -151 127 125 100 -24 -56 -117 61 155 48 -149 2 -4 79 54 -72 45 79 73 26 53 108 -14 67 42 -112 -11 -54 
-60 19 -20 -78 103 -83 -86 23 201 -51 -19 4 -14 -21 22 174 9 67 -4 -14 26 14 -65 8 8 -8 37 -143 47 -109 159 58 
 -124 211 93 15 -151 129 124 100 -29 -61 -118 60 151 49 -149 1 -12 79 52 -62 39 72 69 19 53 108 -12 54 42 -112 -8 -54 
-58 14 -24 -80 102 -69 -86 26 199 -55 -20 8 -14 -20 20 172 3 73 3 -14 26 15 -64 8 8 -3 33 -145 47 -111 156 58 
 -121 208 96 20 -165 127 112 110 -28 -61 -119 61 151 50 -152 2 -10 79 42 -66 44 71 68 19 53 119 -10 49 42 -113 -8 -53 
-57 12 -28 -88 101 -71 -92 27 199 -52 -34 12 -6 -21 18 167 0 63 7 -23 40 12 -59 4 1 -1 34 -146 44 -118 153 51 
 -125 208 90 21 -169 125 115 104 -28 -59 -110 62 152 56 -153 2 -12 76 34 -70 41 69 62 18 67 127 -3 48 50 -105 -7 -52 
-46 21 -28 -89 98 -79 -88 38 199 -52 -34 16 -7 -29 11 170 -8 62 14 -27 40 13 -60 8 6 -4 28 -150 35 -126 156 53 
 -122 202 88 15 -173 120 113 101 -21 -59 -110 61 157 61 -153 3 -13 75 32 -71 41 75 68 13 64 128 -2 49 41 -92 -6 -50 
-46 21 -29 -97 103 -80 -83 27 203 -43 -36 14 -12 -33 6 176 -20 62 20 -31 41 13 -60 3 7 1 31 -158 35 -127 159 51 
 -112 202 87 23 -176 118 108 104 -19 -63 -110 52 154 59 -156 -12 -16 79 37 -72 43 86 61 9 62 130 0 55 44 -88 -4 -52 
-57 12 -29 -105 99 -83 -89 28 202 -43 -26 12 -12 -29 15 175 -29 62 22 -28 47 17 -60 4 0 3 28 -155 41 -124 166 58 
 -104 202 88 19 -180 120 107 101 -21 -70 -108 48 153 60 -154 -9 -10 71 36 -69 48 89 66 9 61 131 -1 52 42 -86 -2 -60 
-58 12 -29 -104 107 -86 -83 24 202 -37 -18 8 -14 -33 6 176 -21 66 26 -26 43 31 -72 0 0 -3 29 -155 46 -129 169 62 
 -106 202 86 14 -176 122 108 102 -25 -74 -99 59 150 62 -149 -12 -13 68 40 -67 49 88 69 15 61 125 -1 60 38 -90 5 -61 
-67 9 -33 -105 116 -79 -78 31 196 -41 -16 11 -17 -39 7 179 -23 72 28 -24 47 31 -55 -2 0 -4 20 -154 46 -129 172 60 
 -95 188 82 18 -183 123 111 93 -25 -73 -100 47 149 66 -150 -8 -12 68 39 -66 43 85 60 27 68 128 1 64 38 -92 2 -63 
-56 11 -32 -114 123 -75 -78 33 193 -37 -13 18 -24 -36 14 177 -13 67 27 -21 37 40 -52 -1 1 -7 21 -150 46 -124 167 48 
 -92 187 85 19 -185 125 111 95 -28 -75 -110 51 132 64 -148 -11 -20 61 39 -68 48 81 62 29 62 129 0 63 38 -92 4 -67 
-61 6 -34 -112 120 -72 -78 32 195 -42 -4 23 -19 -23 14 173 -18 67 20 -18 36 37 -45 18 1 -14 19 -148 48 -129 173 48 
 -88 191 84 19 -185 137 111 102 -23 -73 -112 49 130 68 -142 -9 -21 62 41 -65 52 83 63 33 59 130 7 63 34 -93 7 -67 
-67 7 -31 -115 120 -79 -74 33 190 -50 -3 31 -20 -24 11 166 -18 67 17 -24 28 42 -47 14 7 -7 11 -157 44 -126 172 42 
 -89 199 85 18 -189 135 111 107 -29 -75 -112 47 127 68 -152 -12 -21 62 41 -68 59 76 70 39 56 134 -4 69 31 -95 8 -65 
-66 -2 -34 -112 121 -80 -76 32 183 -48 -4 31 -18 -23 15 169 -13 68 14 -21 27 42 -49 16 7 -9 7 -165 44 -127 166 42 
 -88 207 90 11 -189 128 105 108 -22 -83 -112 47 119 66 -155 -12 -21 61 37 -64 64 71 70 32 51 128 -13 71 30 -104 18 -65 
-59 -2 -34 -113 126 -81 -81 32 186 -44 -5 31 -15 -33 9 170 -13 65 9 -21 26 42 -49 19 4 2 1 -162 45 -132 166 35 
 -87 208 90 19 -188 128 112 102 -29 -88 -109 47 119 72 -159 -15 -18 62 35 -64 64 78 73 27 56 139 -22 73 28 -99 18 -71 
-48 -10 -33 -112 130 -82 -78 36 186 -58 -9 26 -20 -30 20 175 -19 69 15 -23 27 59 -52 17 6 2 0 -161 47 -121 166 29 
 -84 208 84 21 -184 127 111 101 -28 -85 -113 44 124 71 -153 -16 -28 68 31 -63 63 86 73 28 50 139 -11 76 27 -96 11 -78 
-41 -9 -32 -116 134 -84 -78 37 187 -59 -11 32 -20 -34 15 180 -20 75 16 -26 23 62 -57 20 11 7 -3 -164 45 -112 167 28 
 -88 208 79 15 -188 128 111 95 -36 -85 -112 42 114 70 -153 -19 -29 71 32 -69 69 93 77 25 45 142 -12 75 34 -85 7 -79 
-34 -2 -28 -124 132 -85 -77 37 191 -57 -13 29 -33 -39 20 180 -24 79 22 -28 26 67 -54 20 11 7 -6 -165 49 -119 168 28 
 -89 207 82 8 -191 128 105 91 -33 -94 -116 43 118 62 -157 -19 -26 76 26 -72 64 102 90 28 48 139 -15 71 33 -91 1 -81 
-34 -4 -24 -125 138 -88 -74 33 195 -56 -11 29 -27 -43 17 179 -32 78 13 -29 24 68 -61 22 12 1 -12 -172 45 -123 162 37 
 -89 208 72 7 -192 122 104 89 -29 -94 -110 48 123 58 -155 -13 -30 71 13 -73 59 101 92 31 51 142 -26 73 23 -92 -1 -71 
-29 -5 -23 -132 140 -84 -72 34 197 -58 -11 28 -34 -37 21 172 -27 84 14 -29 20 60 -65 26 16 -15 -16 -168 47 -124 168 37 
 -88 204 82 13 -192 109 97 93 -27 -89 -112 54 120 54 -158 -18 -39 74 12 -72 57 101 93 30 52 150 -33 68 22 -92 4 -72 
-36 3 -13 -134 140 -89 -62 29 205 -58 -13 29 -40 -45 28 175 -26 90 16 -28 11 60 -58 28 8 -12 -8 -174 46 -124 165 32 
 -92 202 78 10 -192 107 101 88 -35 -89 -98 57 118 64 -159 -18 -52 65 14 -69 54 101 95 32 53 139 -40 69 24 -92 1 -72 
-38 6 -13 -132 136 -91 -61 26 207 -48 -5 30 -38 -48 27 179 -24 99 16 -31 2 58 -54 31 6 -15 -7 -179 43 -115 160 35 
 -89 196 79 7 -192 106 97 90 -36 -92 -98 56 113 62 -158 -24 -60 52 14 -72 55 102 91 28 55 139 -34 62 29 -100 1 -69 
-32 -1 -13 -131 139 -89 -53 28 212 -49 -11 28 -42 -46 27 176 -34 102 14 -34 6 60 -54 29 12 -15 -4 -172 48 -118 161 39 
 -87 195 79 12 -193 107 94 84 -36 -92 -109 67 107 61 -156 -26 -56 51 11 -77 58 108 90 23 62 140 -28 66 21 -99 8 -68 
-28 0 -15 -132 139 -87 -49 30 207 -52 -9 29 -52 -52 28 176 -34 102 14 -40 12 55 -56 32 15 -19 -8 -173 47 -121 166 47 
 -87 188 76 21 -193 113 88 82 -38 -106 -98 68 113 59 -158 -26 -56 59 12 -82 62 111 90 29 65 142 -26 64 19 -88 11 -71 
-25 3 -17 -130 141 -84 -51 35 208 -46 -8 26 -43 -53 27 177 -38 106 12 -37 14 56 -59 42 21 -26 -8 -173 45 -118 166 51 
 -89 189 63 22 -200 112 87 87 -27 -108 -100 71 121 59 -158 -23 -61 58 12 -88 70 114 92 15 63 139 -18 64 18 -89 10 -73 
-23 -1 -17 -120 138 -84 -64 27 208 -50 -13 33 -48 -52 33 176 -32 102 9 -38 22 56 -60 35 30 -29 -4 -177 41 -114 165 54 
 -92 187 66 21 -204 112 83 79 -21 -111 -96 76 122 52 -165 -32 -63 53 11 -89 59 114 96 16 54 148 -16 69 21 -82 16 -69 
-23 -1 -12 -113 135 -94 -62 28 204 -54 -13 42 -37 -47 29 176 -24 107 16 -41 20 54 -54 43 32 -36 -2 -174 33 -114 186 53 
 -92 187 61 19 -209 109 87 76 -23 -110 -98 80 123 46 -163 -32 -63 55 12 -88 61 112 98 17 48 147 -15 64 18 -73 19 -73 
-31 -3 -14 -112 135 -94 -53 28 201 -54 -10 40 -36 -59 28 182 -26 99 16 -44 20 52 -44 46 29 -29 -8 -173 35 -121 187 52 
 -88 188 59 19 -209 110 84 73 -18 -109 -98 81 117 52 -176 -29 -68 56 12 -92 58 110 98 18 48 132 -18 69 26 -75 19 -72 
-22 -4 -13 -110 148 -96 -54 30 202 -56 -14 41 -39 -55 28 182 -25 111 16 -47 25 53 -48 39 42 -34 -9 -177 27 -123 187 49 
 -93 188 62 13 -205 115 89 74 -17 -116 -102 81 122 47 -179 -28 -69 55 14 -94 64 113 82 16 51 133 -12 69 24 -72 19 -76 
-29 -8 -5 -118 146 -92 -57 28 201 -53 -20 44 -38 -62 32 182 -29 105 8 -46 17 56 -40 40 43 -31 -8 -182 27 -125 181 47 
 -92 199 68 15 -202 119 89 73 -23 -122 -102 85 126 47 -178 -27 -65 56 14 -90 68 108 81 17 57 137 -12 72 24 -69 14 -78 
-38 -4 -4 -123 146 -100 -57 30 197 -64 -14 41 -44 -55 22 189 -32 96 2 -42 11 57 -40 46 43 -32 -9 -184 17 -121 180 47 
 -88 194 70 16 -196 118 89 79 -27 -118 -102 82 120 54 -172 -30 -59 58 15 -89 68 108 81 8 53 139 -13 72 24 -73 8 -71 
-40 -3 -2 -121 156 -91 -60 40 210 -69 -16 36 -45 -54 28 192 -38 99 -1 -38 12 50 -44 47 44 -29 -2 -184 15 -120 178 43 
 -86 195 72 12 -192 117 87 79 -35 -113 -99 74 123 51 -170 -32 -61 62 18 -85 65 108 78 -1 50 128 -9 72 31 -72 7 -71 
-38 2 1 -116 156 -92 -71 40 208 -69 -19 36 -54 -56 33 177 -37 98 7 -41 12 48 -36 43 38 -33 -4 -177 20 -114 184 42 
 -85 201 70 11 -189 113 88 81 -29 -112 -98 74 123 53 -163 -32 -51 67 19 -88 62 119 77 1 52 137 -12 75 32 -70 3 -69 
-38 0 -1 -122 152 -106 -66 47 208 -64 -13 33 -56 -57 35 178 -38 97 1 -35 12 44 -44 39 31 -34 4 -180 16 -107 182 42 
 -85 202 82 1 -189 112 86 82 -27 -112 -92 76 126 48 -173 -33 -49 68 37 -92 70 121 72 -4 49 138 -4 68 34 -67 -1 -70 
-23 3 1 -130 159 -108 -73 55 211 -57 -9 40 -53 -57 36 180 -46 98 -1 -34 7 38 -44 39 27 -34 1 -177 16 -115 179 40 
 -80 201 83 1 -197 118 84 77 -26 -103 -93 68 126 49 -172 -34 -48 64 36 -96 82 127 72 -13 39 138 2 58 33 -75 -1 -59 
-14 3 0 -128 156 -108 -73 47 214 -62 -11 46 -48 -59 39 180 -42 102 -6 -33 8 37 -46 35 25 -30 2 -172 9 -114 171 43 
 -82 204 81 -9 -206 112 82 79 -31 -113 -92 64 128 42 -173 -32 -50 55 32 -96 81 128 73 -15 39 135 5 59 40 -69 8 -58 
-18 7 -1 -131 150 -98 -73 52 211 -65 -11 48 -44 -56 37 192 -43 100 0 -34 8 26 -38 33 22 -29 -1 -172 8 -114 174 41 
 -86 202 79 -12 -193 111 84 82 -33 -109 -93 66 128 31 -176 -32 -52 61 38 -96 85 126 79 -13 38 130 7 61 39 -62 9 -66 
-17 8 2 -129 149 -96 -75 54 207 -61 -13 38 -44 -49 32 192 -48 106 -4 -34 2 23 -41 32 22 -30 -1 -175 13 -114 173 45 
 -83 199 75 -9 -192 121 93 82 -38 -113 -96 67 126 28 -178 -32 -50 63 37 -96 91 129 76 -23 39 131 13 63 30 -62 6 -63 
-14 4 0 -144 151 -98 -72 56 207 -69 -13 39 -53 -44 34 198 -49 116 -4 -38 -1 27 -42 26 22 -26 2 -180 11 -112 172 50 
 -82 201 72 -8 -188 118 93 83 -38 -114 -96 67 126 28 -180 -33 -45 67 34 -101 96 119 79 -36 35 134 11 68 28 -59 8 -65 
-18 2 10 -154 153 -97 -64 51 206 -69 -12 38 -48 -47 36 202 -46 118 -18 -39 -1 19 -40 22 35 -26 -4 -182 5 -108 168 49 
 -89 199 78 -16 -191 109 94 87 -38 -123 -99 76 128 22 -168 -31 -41 60 44 -101 96 112 81 -44 43 132 8 67 21 -58 13 -72 
-17 8 10 -153 155 -94 -74 52 208 -72 -14 34 -46 -47 36 198 -52 112 -17 -41 0 17 -47 22 40 -19 -9 -178 6 -106 162 43 
 -90 199 75 -18 -189 104 91 88 -39 -122 -104 83 135 30 -167 -33 -47 62 43 -104 91 108 81 -45 41 133 2 69 18 -48 12 -71 
-21 4 12 -152 154 -91 -74 51 203 -59 -11 38 -45 -44 25 203 -45 110 -22 -38 -1 20 -44 34 36 -24 -14 -170 6 -105 155 39 
 -80 197 82 -14 -188 108 90 88 -31 -120 -100 82 135 34 -172 -21 -46 73 47 -105 87 101 79 -49 32 128 4 64 18 -54 11 -79 
-21 7 8 -148 151 -91 -73 53 201 -57 -15 39 -44 -50 27 211 -43 108 -24 -33 3 19 -43 28 40 -23 -8 -171 6 -94 155 38 
 -84 202 81 -12 -192 109 97 92 -23 -123 -98 85 132 43 -171 -13 -34 79 48 -101 83 103 72 -47 41 128 2 68 18 -56 18 -73 
-12 6 11 -151 141 -88 -68 56 200 -56 -13 40 -46 -50 22 211 -41 115 -19 -28 7 29 -38 15 39 -23 -7 -177 -1 -82 163 40 
 -87 204 75 -12 -187 102 100 94 -32 -130 -98 81 132 54 -177 -13 -30 77 42 -99 79 99 75 -58 44 128 2 69 16 -53 21 -76 
-17 6 16 -151 139 -88 -73 49 204 -52 -12 46 -46 -49 22 211 -45 121 -21 -18 2 33 -45 11 32 -20 -22 -178 -1 -80 166 40 
 -86 205 78 -12 -188 102 99 90 -35 -136 -101 84 132 45 -185 -13 -34 82 44 -94 79 99 70 -52 48 122 7 63 16 -52 18 -79 
-13 5 17 -163 136 -87 -72 46 201 -52 -12 46 -54 -51 23 208 -39 122 -19 -21 2 27 -45 8 27 -22 -23 -168 -6 -81 163 47 
 -89 213 78 -8 -186 97 99 90 -36 -127 -97 84 131 51 -199 -10 -52 75 42 -93 79 104 71 -59 42 127 8 68 12 -52 18 -77 
-17 6 12 -154 134 -86 -72 44 203 -54 -10 46 -54 -43 27 211 -39 119 -24 -20 1 28 -45 12 27 -18 -19 -169 -4 -81 158 42 
 -91 201 88 -14 -188 93 99 92 -35 -122 -87 90 131 50 -200 -13 -65 75 48 -86 82 108 71 -54 42 123 13 68 12 -47 12 -69 
-20 12 22 -157 139 -88 -73 48 203 -55 -5 52 -56 -44 26 215 -44 128 -22 -17 1 28 -49 6 28 -20 -16 -168 -6 -78 156 44 
 -92 206 84 -5 -191 93 102 93 -31 -125 -89 92 136 48 -202 -16 -68 81 47 -76 82 112 68 -56 45 121 15 62 12 -47 14 -72 
-14 17 20 -156 133 -86 -79 50 203 -58 -21 53 -56 -37 31 203 -41 129 -24 -13 -2 28 -51 9 27 -13 -20 -168 -25 -82 166 39 
 -90 198 72 12 -204 92 102 95 -27 -130 -88 92 144 47 -195 -9 -64 80 52 -68 87 113 68 -58 44 125 8 62 11 -50 11 -73 
-8 6 19 -153 137 -93 -86 41 201 -59 -22 57 -49 -44 34 208 -33 128 -27 -10 0 28 -48 8 38 -11 -20 -172 -33 -90 166 39 
 -98 191 76 17 -203 84 97 101 -28 -138 -83 88 147 54 -194 -1 -68 81 48 -71 81 113 68 -57 47 125 10 57 11 -50 10 -73 
-10 2 19 -152 139 -108 -78 36 196 -56 -22 55 -48 -43 29 207 -32 128 -34 -8 8 22 -57 2 37 2 -20 -167 -26 -80 167 40 
 -101 187 76 10 -202 82 91 108 -28 -147 -84 91 148 54 -192 -1 -67 81 51 -73 82 115 69 -56 48 122 1 62 12 -52 15 -75 
-8 -3 22 -152 144 -98 -75 36 192 -66 -20 55 -48 -54 35 211 -24 130 -37 -13 9 22 -61 -5 36 -2 -28 -163 -20 -81 171 42 
 -98 188 79 13 -201 80 96 108 -31 -148 -85 95 148 51 -198 5 -66 82 49 -65 89 117 76 -49 52 127 -3 67 8 -53 7 -78 
-17 -4 25 -154 158 -99 -73 39 193 -61 -21 56 -45 -49 38 206 -26 120 -34 -11 18 24 -58 -1 28 -3 -28 -153 -18 -80 172 40 
 -91 188 80 10 -196 82 99 114 -32 -143 -84 92 140 48 -192 4 -65 83 49 -72 100 112 75 -48 59 128 2 64 11 -52 5 -79 
-18 -3 22 -154 154 -99 -72 46 191 -58 -16 58 -34 -49 36 206 -35 114 -32 -3 32 36 -61 3 28 -3 -25 -147 -17 -80 172 30 
 -89 186 75 6 -208 82 101 110 -32 -141 -85 95 143 47 -193 4 -61 82 54 -78 102 108 76 -51 59 128 3 56 2 -55 8 -77 
-19 -11 21 -150 154 -99 -64 48 191 -54 -13 57 -43 -51 40 207 -45 122 -29 1 33 43 -67 -6 20 -9 -32 -141 -26 -71 175 26 
 -87 195 69 11 -208 82 108 105 -33 -149 -81 96 148 48 -192 4 -68 75 60 -69 108 109 70 -54 60 134 -1 56 -1 -50 11 -72 
-14 -11 17 -151 156 -105 -72 54 192 -57 -14 59 -33 -44 40 207 -42 123 -33 1 42 38 -69 -12 18 -9 -32 -154 -32 -74 177 27 
 -90 188 68 11 -206 78 113 111 -38 -145 -82 92 151 48 -192 2 -68 69 59 -78 99 108 77 -61 55 138 3 53 4 -49 9 -76 
-15 -12 15 -151 156 -109 -60 46 193 -53 -30 56 -29 -41 46 217 -43 124 -34 1 40 52 -62 -11 25 4 -38 -161 -33 -71 185 25 
 -93 192 69 11 -205 87 108 115 -38 -150 -91 99 159 49 -189 8 -64 68 58 -78 101 98 74 -59 57 136 -1 66 4 -52 10 -75 
-23 -16 20 -144 156 -112 -61 47 196 -50 -23 59 -33 -48 34 214 -44 123 -38 6 37 52 -63 -11 22 6 -45 -158 -34 -67 176 26 
 -85 195 64 9 -206 84 107 122 -38 -151 -97 92 156 41 -183 12 -68 60 55 -82 107 104 68 -57 51 144 -9 59 8 -49 8 -69 
-14 -17 11 -141 152 -105 -51 49 196 -49 -23 59 -32 -55 29 213 -46 126 -46 15 36 55 -66 4 22 13 -43 -161 -31 -72 178 26 
 -76 189 61 7 -198 79 120 112 -38 -153 -110 92 161 47 -181 13 -68 51 56 -84 112 105 69 -60 55 148 -12 56 14 -57 7 -70 
-4 -16 7 -141 149 -110 -49 41 197 -49 -27 57 -28 -58 26 215 -36 126 -44 7 34 54 -60 8 28 13 -37 -158 -41 -77 178 26 
 -72 187 59 7 -192 79 122 122 -48 -152 -107 89 162 51 -179 -6 -69 50 52 -91 114 102 66 -59 53 145 -11 60 12 -52 7 -69 
-11 -19 -6 -134 143 -111 -41 40 190 -42 -24 51 -32 -60 20 215 -32 126 -49 20 22 52 -62 12 31 9 -39 -153 -50 -84 178 19 
 -76 182 67 -2 -188 80 127 123 -52 -159 -96 88 161 46 -179 -9 -67 51 54 -91 119 108 56 -58 53 148 -12 64 16 -58 7 -64 
-2 -19 -22 -141 146 -121 -51 38 192 -41 -23 51 -29 -53 20 216 -34 128 -46 12 22 51 -64 8 35 8 -39 -148 -58 -89 179 19 
 -73 182 73 -1 -196 76 132 130 -53 -157 -92 87 162 44 -179 -8 -67 54 52 -89 111 100 60 -62 51 153 -14 70 9 -56 7 -68 
-7 -18 -24 -140 144 -121 -50 34 194 -38 -19 52 -31 -53 24 216 -34 127 -41 4 19 56 -71 7 26 8 -34 -139 -57 -94 182 9 
 -71 179 72 -3 -196 76 135 132 -57 -160 -98 88 157 44 -187 -12 -69 62 57 -94 112 94 56 -61 53 159 -10 66 9 -56 1 -59 
-8 -18 -21 -137 149 -118 -54 34 198 -41 -20 50 -37 -53 17 220 -36 132 -44 -1 15 60 -59 9 21 16 -20 -140 -58 -93 179 1 
 -74 179 72 15 -199 75 139 132 -56 -164 -97 90 149 44 -206 -12 -60 68 52 -102 111 92 63 -58 62 154 -9 61 11 -58 -1 -59 
-13 -20 -21 -133 147 -114 -58 34 207 -47 -14 53 -34 -55 22 219 -33 133 -50 -6 15 57 -59 10 28 16 -21 -147 -58 -88 188 -13 
 -75 181 72 22 -201 70 139 132 -57 -163 -96 91 151 42 -205 -7 -47 68 54 -110 111 88 62 -62 68 152 -13 50 11 -58 1 -56 
-12 -23 -21 -126 144 -104 -53 33 208 -40 -16 55 -20 -53 21 216 -27 136 -58 1 19 59 -58 6 32 23 -21 -160 -54 -88 188 -11 
 -79 188 72 24 -200 72 139 131 -61 -159 -91 91 153 50 -212 -6 -50 77 55 -118 114 82 59 -70 68 159 -13 48 11 -58 -7 -59 
-7 -29 -22 -124 148 -94 -48 46 208 -38 -11 55 -24 -59 32 216 -25 134 -54 -4 25 59 -61 0 31 19 -22 -161 -66 -92 196 -3 
 -85 187 75 29 -206 64 136 136 -59 -163 -92 91 152 46 -212 -6 -47 84 58 -112 115 76 60 -79 68 165 -13 49 12 -61 -15 -52 
-1 -28 -18 -128 150 -103 -52 46 207 -41 -11 59 -27 -73 28 219 -23 137 -55 -2 34 52 -59 -4 35 30 -13 -162 -65 -100 195 -4 
 -88 188 71 26 -203 59 133 138 -61 -164 -92 87 153 42 -201 1 -52 86 52 -113 112 79 59 -86 71 169 -13 50 17 -62 -17 -52 
6 -19 -17 -131 151 -106 -48 48 200 -48 -3 56 -22 -73 29 222 -21 149 -59 3 32 52 -57 -4 37 23 -26 -161 -64 -103 202 2 
 -96 193 69 28 -192 64 139 139 -59 -170 -97 87 143 42 -211 -5 -54 87 49 -115 107 82 67 -85 68 181 -15 47 28 -78 -18 -61 
14 -11 -14 -131 158 -106 -52 48 199 -52 -4 49 -24 -81 26 218 -24 144 -53 10 27 52 -53 -6 34 27 -38 -169 -63 -106 193 1 
 -96 195 67 17 -192 61 139 141 -64 -167 -100 68 134 40 -209 -7 -50 82 63 -107 106 82 64 -90 72 178 -21 47 28 -77 -14 -55 
11 -15 -19 -140 163 -110 -51 48 201 -58 -9 49 -24 -80 19 212 -28 139 -53 13 22 58 -57 -14 36 23 -38 -168 -62 -113 196 6 
 -100 206 69 21 -192 64 138 141 -65 -169 -113 68 133 39 -213 -6 -58 76 64 -110 106 76 69 -90 72 177 -20 48 27 -78 -12 -41 
26 -6 -17 -141 158 -113 -53 48 198 -59 -6 49 -21 -78 12 216 -20 143 -57 14 21 64 -58 2 36 22 -33 -165 -55 -114 203 3 
 -97 199 69 27 -194 59 137 142 -59 -175 -118 68 134 39 -218 -13 -65 80 73 -108 102 85 71 -85 72 172 -16 44 21 -76 -22 -45 
28 -18 -21 -142 151 -112 -45 44 200 -59 -3 50 -21 -78 4 212 -28 145 -64 7 18 65 -54 0 37 15 -37 -169 -53 -112 200 6 
 -99 199 67 27 -192 59 136 141 -58 -167 -112 74 136 36 -230 -14 -58 87 82 -101 108 91 70 -83 67 166 -6 44 22 -67 -12 -39 
27 -15 -22 -139 156 -118 -47 46 198 -54 -4 54 -21 -76 6 215 -22 145 -67 8 19 68 -57 -5 40 11 -38 -168 -55 -111 195 5 
 -101 199 66 33 -192 59 139 144 -56 -172 -120 72 136 36 -230 -26 -53 91 81 -101 112 96 69 -89 68 167 -9 42 20 -72 -15 -39 
34 -14 -21 -143 162 -118 -31 48 200 -56 -11 51 -21 -72 3 215 -34 137 -78 -1 19 76 -52 -6 38 18 -38 -162 -57 -114 200 2 
 -100 198 67 33 -185 59 148 141 -72 -165 -125 72 136 29 -231 -29 -50 91 83 -110 112 92 73 -88 71 167 -9 46 12 -67 -15 -56 
36 -13 -13 -144 167 -112 -34 48 196 -59 -12 64 -25 -76 6 219 -34 155 -78 -3 22 76 -55 -6 33 20 -42 -165 -50 -128 197 3 
 -88 204 62 39 -181 57 150 141 -72 -161 -126 73 127 32 -229 -33 -44 86 93 -108 119 94 69 -88 69 168 -7 50 16 -58 -12 -51 
41 -13 -14 -153 170 -120 -38 48 197 -58 -17 65 -29 -78 8 215 -34 156 -82 -11 26 76 -48 -8 34 19 -53 -162 -52 -128 196 5 
 -87 203 58 39 -180 61 159 139 -72 -165 -131 69 127 31 -234 -42 -49 94 101 -105 115 92 62 -95 61 165 2 46 16 -53 -12 -53 
44 -14 -19 -159 174 -117 -38 55 197 -50 -14 54 -32 -78 8 219 -34 158 -89 -13 19 80 -52 -14 33 19 -51 -164 -50 -119 186 0 
 -94 207 62 41 -174 69 155 136 -64 -168 -136 69 141 33 -232 -44 -50 96 105 -118 113 91 67 -84 59 167 8 48 16 -68 -9 -56 
43 -10 -18 -158 179 -121 -38 57 207 -44 -13 54 -32 -71 7 212 -34 166 -88 -3 19 76 -48 -15 44 18 -54 -165 -58 -104 189 2 
 -91 216 58 43 -174 67 155 135 -56 -169 -138 72 141 43 -241 -40 -49 78 102 -112 112 88 68 -82 61 164 10 57 25 -68 -7 -49 
38 -16 -19 -161 182 -119 -38 47 206 -44 0 41 -46 -67 6 216 -34 162 -87 0 15 76 -51 -11 55 15 -64 -162 -62 -99 189 -10 
 -94 225 66 37 -171 74 151 142 -56 -168 -139 73 142 46 -238 -32 -50 79 96 -112 106 94 68 -87 71 163 18 67 37 -63 -15 -44 
43 -14 -13 -154 180 -119 -37 46 210 -42 1 44 -43 -62 8 211 -38 159 -90 0 15 73 -57 -12 56 18 -64 -161 -59 -109 192 -12 
 -101 231 76 38 -170 82 157 144 -57 -168 -139 67 144 47 -239 -33 -49 76 108 -112 111 99 69 -87 72 171 19 72 40 -66 -18 -41 
42 -14 -14 -158 176 -115 -34 47 207 -39 1 46 -37 -62 6 204 -29 162 -88 0 11 71 -61 -5 56 12 -63 -154 -59 -112 193 -12 
 -101 231 81 35 -168 78 158 142 -56 -168 -140 64 149 47 -241 -37 -53 71 104 -116 114 88 72 -84 74 172 19 73 37 -67 -11 -41 
39 -11 -10 -162 190 -113 -39 47 212 -51 8 46 -34 -61 11 197 -36 156 -95 4 11 72 -63 -18 51 20 -74 -149 -64 -112 196 -18 
 -99 228 78 39 -171 77 162 144 -58 -175 -137 64 150 47 -245 -41 -55 72 110 -118 107 90 68 -91 76 182 32 68 34 -67 -12 -41 
47 -10 -8 -164 179 -117 -39 47 211 -38 2 49 -30 -68 16 196 -49 161 -94 1 19 69 -61 -21 43 20 -71 -149 -64 -112 200 -22 
 -108 231 82 34 -179 70 158 144 -48 -189 -139 65 148 48 -252 -39 -52 64 110 -118 111 92 67 -88 68 173 28 67 37 -67 -1 -42 
54 -7 -8 -164 185 -125 -41 48 209 -48 8 46 -30 -61 17 193 -50 155 -89 7 17 65 -62 -18 43 19 -65 -147 -61 -112 207 -17 
 -108 229 79 34 -181 66 157 141 -40 -192 -141 64 147 41 -249 -40 -54 71 114 -118 108 86 67 -89 71 164 19 58 32 -67 4 -46 
48 -6 -13 -164 178 -120 -40 39 206 -51 8 47 -23 -69 17 192 -41 156 -91 6 17 65 -69 -18 39 22 -62 -154 -66 -114 216 -12 
 -99 231 89 32 -190 56 148 147 -22 -189 -141 64 140 34 -248 -52 -54 68 110 -116 108 86 50 -85 72 171 27 51 32 -70 6 -46 
49 -5 -12 -163 176 -121 -36 43 206 -52 14 44 -29 -70 10 187 -37 157 -87 5 13 66 -67 -18 42 20 -62 -155 -66 -118 219 -4 
 -100 224 79 39 -188 56 145 149 -22 -193 -144 55 135 38 -254 -56 -54 68 116 -114 118 84 50 -85 79 168 27 53 32 -69 7 -47 
30 -8 -11 -154 180 -121 -31 32 206 -49 16 42 -29 -67 6 180 -37 160 -82 7 11 65 -64 -22 34 13 -61 -153 -74 -117 220 -6 
 -113 222 85 40 -191 56 148 139 -22 -187 -152 63 128 42 -256 -55 -54 68 118 -116 116 80 54 -93 88 173 27 48 31 -71 2 -39 
31 -6 -14 -154 177 -112 -20 26 207 -60 16 45 -26 -63 3 175 -32 160 -89 12 2 69 -69 -28 35 19 -60 -144 -69 -117 217 -11 
 -113 212 70 44 -192 59 141 151 -23 -190 -152 59 126 52 -258 -54 -47 69 120 -118 111 88 56 -92 91 172 28 49 28 -71 1 -40 
30 -14 -13 -158 168 -123 -17 29 212 -60 17 49 -17 -64 1 178 -32 166 -82 8 6 69 -72 -30 35 19 -60 -144 -69 -121 214 -11 
 -113 210 69 51 -199 63 147 154 -18 -197 -152 67 124 54 -258 -53 -48 78 124 -124 104 88 59 -89 87 167 28 53 27 -69 -8 -41 
32 -10 -9 -169 170 -123 -18 24 209 -58 19 43 -22 -65 6 181 -34 168 -81 7 7 68 -72 -31 33 19 -48 -141 -66 -119 217 -10 
 -107 208 67 53 -201 57 151 161 -21 -201 -146 57 127 53 -256 -49 -39 79 123 -123 104 93 61 -92 92 166 22 52 32 -68 -15 -40 
35 -11 -5 -171 186 -121 -23 28 207 -68 17 39 -20 -61 -3 185 -35 172 -78 2 7 76 -80 -33 36 11 -50 -144 -63 -122 223 -8 
 -109 208 64 53 -196 56 155 153 -20 -200 -152 67 130 60 -256 -50 -41 83 119 -125 102 94 61 -96 88 168 16 52 42 -69 -11 -38 
36 -9 -7 -174 192 -124 -28 28 208 -67 18 42 -24 -71 -5 186 -39 167 -78 0 19 79 -89 -31 40 19 -55 -142 -63 -122 230 -8 
 -112 209 69 55 -192 51 161 153 -19 -218 -152 71 132 59 -267 -49 -38 84 119 -132 111 96 68 -92 77 167 8 51 46 -75 -16 -38 
40 -14 -21 -166 196 -122 -32 18 201 -75 14 47 -24 -78 -4 186 -39 173 -78 2 21 79 -88 -29 28 24 -53 -143 -61 -120 231 -8 
 -112 210 75 56 -192 48 159 156 -20 -213 -148 74 134 63 -268 -49 -32 83 119 -129 109 96 68 -92 74 168 19 50 47 -79 -13 -38 
41 -12 -20 -166 195 -123 -34 12 200 -73 15 39 -25 -74 2 176 -30 179 -93 6 12 79 -81 -35 26 28 -54 -144 -60 -110 233 -8 
 -118 213 75 52 -189 44 157 145 -19 -219 -143 63 140 64 -261 -46 -31 87 111 -122 98 96 72 -101 71 161 16 52 48 -78 -9 -38 
36 -13 -18 -168 194 -112 -37 18 197 -74 6 36 -36 -81 0 180 -27 185 -94 7 19 83 -84 -40 27 21 -55 -155 -53 -108 231 -2 
 -113 215 75 55 -188 39 162 145 -17 -210 -136 68 134 67 -259 -48 -34 83 108 -121 96 89 74 -112 77 162 25 50 44 -78 -7 -48 
42 -14 -11 -172 194 -121 -41 9 187 -74 8 39 -33 -79 2 174 -28 187 -90 7 14 82 -84 -40 18 5 -57 -149 -58 -107 226 -5 
 -118 210 68 53 -188 36 154 139 -6 -216 -124 67 124 69 -261 -52 -22 82 112 -121 94 83 76 -112 78 168 29 50 51 -74 -9 -49 
37 -20 -11 -174 194 -124 -43 8 183 -73 19 36 -32 -91 2 167 -31 186 -85 2 18 72 -86 -45 17 0 -60 -157 -52 -105 224 -4 
 -116 215 66 50 -200 41 148 133 -17 -218 -124 68 121 68 -255 -54 -19 84 111 -121 87 82 72 -119 78 173 28 60 47 -73 -2 -48 
28 -14 -12 -174 189 -121 -44 11 176 -73 3 27 -36 -93 0 164 -38 186 -83 5 17 67 -84 -48 18 2 -60 -151 -64 -109 229 -6 
 -119 210 69 51 -194 36 148 128 -13 -216 -133 65 123 72 -252 -59 -17 83 117 -123 88 82 74 -118 87 175 22 65 49 -73 -12 -48 
28 -18 -12 -174 201 -118 -45 10 184 -74 1 29 -36 -96 0 156 -42 187 -87 6 19 67 -87 -48 25 2 -61 -162 -66 -109 227 -4 
 -111 199 73 53 -193 31 148 130 -14 -216 -135 61 118 74 -252 -56 -13 82 115 -128 89 77 72 -118 86 176 27 63 43 -73 -27 -54 
22 -19 -6 -177 207 -121 -45 7 191 -66 1 29 -40 -94 0 157 -41 187 -93 6 12 62 -92 -48 28 1 -53 -166 -59 -102 228 3 
 -112 204 72 51 -194 32 145 123 -23 -212 -130 59 115 73 -259 -52 -20 82 119 -129 89 73 73 -118 80 178 24 67 39 -77 -19 -55 
26 -23 -5 -166 215 -121 -44 1 200 -64 3 26 -32 -80 1 153 -32 186 -94 8 5 66 -98 -46 28 2 -54 -169 -58 -92 237 7 
 -109 208 70 60 -189 36 154 124 -19 -208 -128 67 113 75 -258 -51 -21 78 122 -130 88 70 71 -114 80 180 21 67 35 -89 -21 -53 
25 -27 -10 -169 215 -124 -48 -1 191 -64 6 27 -31 -79 -11 142 -34 185 -109 6 6 60 -97 -61 27 8 -53 -160 -58 -94 240 7 
 -106 207 66 60 -189 34 148 127 -13 -212 -132 69 125 76 -254 -41 -22 81 126 -129 86 70 69 -108 84 179 25 68 31 -90 -19 -58 
20 -26 2 -165 216 -124 -43 -8 188 -75 -1 16 -33 -83 -5 128 -31 178 -109 8 11 63 -96 -60 26 19 -67 -157 -58 -94 243 7 
 -112 212 55 64 -192 34 147 122 -19 -203 -128 81 122 73 -249 -31 -22 73 128 -127 93 69 70 -107 82 176 14 67 25 -90 -23 -56 
13 -23 -4 -166 216 -117 -42 -13 188 -71 -5 11 -30 -81 -6 134 -30 169 -102 8 16 61 -94 -58 21 17 -62 -160 -63 -92 239 6 
 -114 208 54 68 -192 29 148 119 -19 -205 -129 88 126 72 -248 -22 -18 77 136 -127 96 65 58 -109 82 177 13 61 19 -85 -19 -56 
9 -15 0 -167 215 -114 -34 -18 188 -77 -4 14 -40 -81 -12 122 -40 171 -104 8 18 67 -93 -56 8 16 -69 -163 -61 -93 237 13 
 -112 202 56 70 -189 30 148 119 -19 -204 -128 92 123 72 -251 -29 -19 73 134 -127 92 64 55 -106 88 184 7 68 26 -78 -19 -60 
9 -17 0 -163 214 -121 -33 -18 188 -79 -5 15 -40 -78 -15 120 -40 166 -103 8 26 63 -96 -62 16 19 -69 -166 -64 -88 239 12 
 -112 207 54 63 -188 32 160 115 -19 -195 -129 86 121 72 -241 -32 -17 71 131 -120 98 68 51 -102 94 187 5 67 28 -78 -20 -64 
9 -14 -2 -148 216 -124 -32 -19 187 -82 3 17 -40 -74 -14 119 -39 167 -105 6 21 63 -98 -62 16 16 -68 -156 -58 -96 247 14 
 -111 210 57 62 -188 38 162 114 -18 -193 -135 94 121 71 -238 -28 -21 65 130 -122 90 69 51 -97 94 186 9 79 28 -76 -19 -68 
11 -25 -10 -144 220 -127 -32 -21 187 -73 2 23 -39 -71 -14 121 -32 166 -103 4 18 68 -99 -61 16 3 -71 -155 -58 -89 244 15 
 -112 216 47 54 -192 35 159 112 -18 -196 -141 89 122 68 -249 -27 -24 64 128 -122 87 73 51 -104 92 187 2 76 31 -73 -20 -69 
11 -27 -5 -151 220 -124 -27 -22 182 -72 2 22 -46 -69 -14 120 -34 161 -104 8 15 69 -102 -59 20 1 -63 -152 -53 -84 246 19 
 -113 221 51 58 -192 34 158 112 -18 -199 -145 91 124 68 -250 -19 -16 62 132 -121 89 72 57 -114 91 194 2 73 37 -72 -22 -68 
3 -36 -5 -154 215 -123 -19 -24 172 -65 2 25 -54 -71 -16 132 -23 167 -106 8 17 76 -100 -54 11 -5 -73 -148 -49 -90 241 23 
 -111 224 44 51 -191 38 158 112 -22 -193 -145 94 124 61 -258 -20 -18 68 132 -119 88 71 57 -120 88 191 6 68 32 -74 -18 -66 
6 -34 -3 -158 212 -124 -18 -27 168 -61 -4 27 -58 -70 -22 139 -32 167 -104 18 19 72 -104 -52 11 -7 -80 -148 -52 -89 241 23 
 -110 218 48 39 -201 34 155 106 -27 -188 -148 95 121 52 -253 -31 -19 64 128 -121 87 62 59 -121 87 192 4 61 37 -72 -14 -71 
0 -33 -4 -156 222 -126 -28 -25 168 -61 -10 26 -61 -71 -21 132 -40 168 -113 21 18 78 -100 -52 10 -6 -73 -153 -50 -89 235 26 
 -101 222 49 41 -205 32 135 111 -27 -188 -152 91 131 54 -253 -38 -20 61 124 -109 87 62 61 -121 83 194 -1 56 26 -73 -11 -76 
-4 -33 7 -166 222 -126 -29 -29 168 -62 -11 37 -59 -70 -21 141 -38 174 -104 19 21 71 -100 -52 6 5 -72 -151 -53 -88 239 14 
 -106 222 54 37 -209 32 148 111 -27 -185 -152 97 133 53 -255 -37 -21 67 128 -108 82 67 61 -119 91 206 -1 56 25 -72 -13 -72 
2 -33 8 -167 228 -128 -31 -28 172 -60 -11 31 -61 -74 -26 146 -38 177 -107 20 16 76 -97 -54 11 14 -72 -146 -55 -91 241 19 
 -109 222 53 38 -221 20 148 108 -23 -182 -149 91 127 58 -248 -29 -21 65 126 -111 79 67 59 -119 87 209 -4 53 29 -85 -7 -67 
-1 -34 6 -172 229 -123 -30 -29 187 -58 -11 25 -63 -80 -29 146 -34 174 -108 26 14 77 -92 -60 9 16 -81 -147 -57 -91 242 13 
 -108 229 50 33 -219 18 153 108 -23 -182 -155 96 131 60 -246 -29 -22 70 128 -105 72 68 59 -112 88 212 -4 47 29 -80 -19 -69 
-7 -34 9 -168 225 -124 -34 -29 187 -58 -11 22 -68 -74 -26 146 -23 176 -112 27 15 74 -96 -53 8 16 -80 -146 -52 -78 247 13 
 -115 220 48 28 -227 19 153 108 -21 -189 -147 95 144 51 -245 -30 -32 64 133 -103 71 72 53 -117 81 212 -12 49 29 -81 -22 -70 
-16 -36 9 -162 219 -132 -34 -19 192 -58 -9 16 -69 -72 -26 146 -22 180 -107 24 15 73 -98 -56 14 16 -83 -143 -57 -81 246 7 
 -124 224 48 39 -228 19 151 102 -25 -185 -146 98 141 53 -248 -30 -33 61 133 -107 71 74 59 -120 81 212 -13 57 29 -73 -22 -73 
-13 -37 9 -154 217 -133 -34 -20 197 -59 -12 14 -71 -71 -20 147 -21 182 -116 22 18 75 -98 -52 15 20 -89 -141 -57 -84 245 18 
 -126 222 37 31 -226 19 150 101 -12 -193 -147 90 129 48 -250 -36 -39 59 135 -105 67 81 53 -119 80 208 -12 52 29 -77 -17 -78 
-16 -33 3 -158 222 -126 -33 -20 208 -58 -12 12 -71 -71 -14 146 -20 177 -122 20 30 81 -99 -52 16 22 -89 -145 -56 -93 247 14 
 -124 224 29 34 -221 23 139 101 -9 -200 -147 88 128 44 -254 -37 -42 55 140 -103 70 82 46 -110 88 211 -12 54 26 -78 -22 -68 
-12 -34 3 -169 227 -124 -33 -20 206 -54 -8 8 -71 -77 -11 144 -21 176 -129 18 32 82 -98 -52 14 18 -85 -148 -58 -93 242 13 
 -119 224 29 32 -218 29 139 101 -10 -202 -139 90 129 48 -247 -35 -39 54 134 -95 62 80 59 -101 90 227 -7 55 31 -79 -25 -69 
-13 -41 6 -169 232 -121 -33 -28 200 -53 -5 6 -74 -82 1 143 -29 176 -128 16 31 84 -93 -54 12 22 -90 -141 -58 -84 240 18 
 -117 224 31 47 -220 27 139 102 1 -196 -131 90 124 47 -248 -31 -36 54 129 -92 63 87 62 -102 93 234 -9 52 31 -79 -23 -55 
-4 -49 3 -171 228 -121 -41 -30 189 -53 -12 2 -72 -80 11 141 -28 172 -138 16 34 79 -96 -54 16 23 -94 -145 -48 -88 238 27 
 -112 221 18 48 -221 27 136 100 -1 -196 -129 99 121 48 -245 -25 -40 53 136 -88 51 92 60 -101 97 229 -10 51 37 -78 -29 -51 
2 -48 -9 -171 228 -118 -53 -28 187 -41 -15 3 -81 -82 21 142 -33 178 -135 14 31 75 -97 -54 11 22 -94 -144 -44 -89 239 31 
 -123 222 20 48 -221 31 128 109 2 -188 -128 99 114 47 -250 -25 -40 51 135 -88 55 96 63 -97 94 224 -9 52 34 -73 -24 -47 
-8 -48 -12 -172 220 -112 -57 -32 180 -36 -9 2 -83 -81 16 143 -38 169 -141 25 26 86 -97 -59 14 21 -94 -145 -40 -85 238 21 
 -126 222 21 47 -212 35 129 113 1 -190 -132 99 108 49 -246 -27 -42 48 136 -86 64 90 70 -98 92 223 -9 41 34 -76 -22 -53 
-9 -53 -9 -164 222 -116 -68 -34 185 -42 -8 1 -80 -84 14 140 -42 173 -147 24 28 87 -88 -67 15 9 -96 -146 -39 -81 238 27 
 -129 222 22 49 -209 31 130 111 2 -188 -132 102 108 52 -237 -19 -46 47 139 -81 61 93 69 -94 95 228 -6 39 34 -73 -13 -56 
-14 -55 -9 -164 212 -124 -69 -30 188 -44 -4 1 -77 -90 17 142 -29 175 -151 26 28 86 -94 -58 5 9 -88 -144 -41 -82 235 26 
 -130 230 28 40 -205 35 127 107 -10 -186 -128 99 108 48 -232 -21 -36 47 140 -82 61 91 79 -105 99 228 -11 62 42 -73 -21 -53 
-9 -55 -12 -162 215 -125 -64 -35 191 -44 -4 2 -81 -93 18 136 -30 188 -148 27 30 81 -88 -61 7 6 -88 -145 -54 -80 242 24 
 -132 231 22 39 -209 35 121 97 -13 -187 -128 99 108 51 -233 -18 -45 45 140 -81 63 96 83 -104 102 225 -14 70 38 -72 -29 -49 
-20 -61 0 -159 202 -135 -68 -39 192 -39 1 8 -77 -87 17 134 -25 189 -148 25 25 83 -94 -58 7 2 -84 -151 -62 -78 240 31 
 -132 232 20 47 -209 37 118 102 -12 -190 -129 105 105 68 -232 -28 -49 43 137 -75 59 96 91 -101 102 228 -12 79 47 -74 -22 -44 
-21 -61 0 -173 199 -140 -64 -39 183 -41 2 15 -73 -87 13 135 -27 191 -141 25 21 88 -94 -58 8 5 -87 -153 -54 -70 228 31 
 -131 232 25 42 -210 38 116 102 -9 -193 -130 107 106 65 -226 -29 -51 40 136 -76 52 93 83 -103 105 222 -7 79 47 -63 -19 -41 
-13 -57 6 -178 198 -133 -52 -40 182 -37 -1 17 -69 -80 16 126 -33 179 -144 20 17 92 -91 -43 12 7 -86 -156 -51 -68 226 36 
 -132 230 24 39 -219 42 113 108 -16 -191 -128 108 107 61 -228 -29 -47 34 134 -71 40 101 88 -107 108 217 -8 78 51 -61 -25 -43 
-21 -59 2 -173 201 -132 -51 -41 190 -40 -1 14 -74 -78 11 132 -32 179 -153 16 13 92 -89 -35 9 8 -84 -151 -60 -64 225 28 
 -137 232 18 42 -218 44 109 107 -12 -193 -139 112 100 55 -220 -23 -47 32 145 -72 34 102 88 -98 108 212 -8 79 52 -62 -36 -41 
-17 -58 2 -173 202 -134 -55 -46 188 -39 -10 5 -72 -78 6 128 -29 179 -147 15 16 103 -89 -34 11 6 -73 -160 -50 -68 228 24 
 -129 231 16 42 -221 51 116 112 -10 -198 -136 118 101 55 -205 -27 -42 27 142 -79 48 109 88 -96 107 210 4 81 47 -59 -41 -42 
-24 -58 -1 -175 206 -134 -54 -44 184 -35 -11 7 -73 -78 8 132 -40 186 -150 17 16 99 -88 -32 11 11 -70 -159 -51 -64 230 19 
 -131 231 12 41 -222 50 120 114 -1 -196 -141 118 104 59 -207 -32 -39 31 145 -72 48 116 82 -101 108 207 1 81 47 -68 -29 -41 
-22 -64 -4 -173 211 -134 -53 -55 181 -46 -14 3 -74 -73 12 131 -40 183 -153 13 12 99 -85 -33 11 4 -72 -158 -46 -58 228 14 
 -133 232 8 39 -222 51 122 114 2 -182 -142 101 104 64 -209 -32 -39 38 137 -80 45 116 81 -102 107 204 1 71 52 -61 -27 -38 
-20 -68 -3 -174 201 -134 -42 -61 179 -38 -14 -4 -79 -78 14 128 -27 180 -158 16 11 102 -86 -19 3 -12 -73 -160 -42 -56 228 6 
 -139 228 8 44 -226 51 117 116 9 -182 -142 108 95 67 -204 -30 -43 48 135 -88 47 119 90 -98 89 201 -1 74 47 -62 -27 -30 
-23 -73 -5 -167 202 -132 -49 -58 179 -52 -15 -4 -77 -74 14 129 -20 180 -158 18 9 106 -88 -19 6 -12 -79 -153 -42 -53 227 9 
 -134 222 11 42 -229 49 115 120 14 -173 -145 108 97 71 -212 -34 -39 48 139 -85 49 123 88 -100 84 199 2 69 37 -61 -15 -24 
-22 -63 -5 -167 205 -130 -48 -55 175 -42 -24 -1 -80 -73 12 132 -24 182 -158 19 17 107 -89 -20 6 -13 -74 -149 -46 -54 242 8 
 -135 228 11 37 -228 54 128 125 13 -173 -146 107 88 68 -214 -37 -37 51 139 -88 45 124 88 -99 84 200 -3 74 43 -70 -11 -23 
-25 -59 -10 -157 207 -134 -42 -58 175 -39 -25 -2 -80 -82 17 130 -31 188 -157 16 20 102 -85 -19 7 -13 -74 -153 -59 -57 239 10 
 -130 221 17 29 -236 50 122 129 11 -169 -147 108 88 67 -213 -49 -37 48 137 -88 44 119 95 -96 82 195 -9 73 42 -75 -4 -26 
-31 -58 -8 -158 201 -134 -41 -55 176 -36 -24 4 -82 -77 10 129 -35 179 -159 19 18 92 -94 -20 8 -14 -73 -162 -61 -53 251 19 
 -136 219 28 35 -238 50 132 131 12 -170 -152 115 85 68 -215 -62 -34 47 134 -86 47 122 104 -92 81 191 -9 81 42 -74 7 -24 
-22 -62 -2 -158 205 -135 -34 -56 179 -36 -21 3 -78 -79 11 128 -34 176 -148 22 28 104 -90 -13 7 -1 -74 -163 -60 -54 249 19 
 -133 220 15 35 -231 56 132 133 12 -173 -150 129 83 68 -212 -61 -36 48 138 -81 49 129 99 -93 79 187 -9 73 41 -70 8 -24 
-15 -48 3 -158 212 -128 -33 -46 183 -31 -18 0 -70 -76 12 127 -34 177 -146 23 34 97 -87 -7 8 -1 -77 -164 -53 -53 249 9 
 -123 219 9 35 -238 41 124 132 17 -174 -149 128 80 68 -212 -65 -37 48 135 -79 43 130 101 -86 73 196 -10 71 39 -75 8 -27 
-14 -38 6 -169 214 -128 -42 -47 180 -31 -19 0 -68 -81 15 127 -34 183 -144 21 39 91 -87 -1 9 0 -77 -163 -55 -49 249 5 
 -122 219 11 37 -236 45 129 122 24 -172 -148 128 75 67 -209 -63 -37 45 134 -78 42 142 100 -88 78 200 -11 66 47 -73 2 -37 
-14 -44 19 -172 212 -135 -43 -48 173 -32 -18 3 -80 -83 16 126 -29 188 -146 21 32 87 -87 3 7 -6 -72 -163 -48 -49 250 1 
 -117 214 9 36 -244 43 134 122 18 -179 -149 129 68 68 -208 -62 -33 46 132 -78 45 139 105 -90 84 204 -1 58 44 -64 14 -44 
-16 -41 14 -172 210 -139 -41 -52 171 -28 -18 6 -73 -84 16 126 -26 183 -145 17 31 89 -89 11 10 -5 -72 -169 -56 -44 247 0 
 -124 216 12 33 -235 42 134 121 16 -178 -145 130 64 68 -208 -62 -30 41 129 -72 47 134 98 -90 75 197 -1 66 41 -66 19 -52 
-14 -45 16 -166 215 -139 -41 -58 167 -27 -16 6 -73 -84 19 114 -26 188 -143 17 36 84 -95 12 17 -5 -75 -172 -61 -43 251 1 
 -122 216 14 42 -229 42 132 119 24 -179 -139 130 62 73 -207 -59 -28 41 124 -72 52 127 101 -95 79 195 3 48 36 -68 27 -52 
-13 -42 17 -161 215 -133 -44 -58 167 -29 -19 6 -72 -83 23 114 -28 185 -147 13 36 80 -108 8 18 -12 -70 -166 -66 -41 251 -1 
 -131 211 16 50 -229 42 134 119 24 -173 -138 129 61 68 -211 -61 -32 36 136 -63 52 128 102 -107 87 192 3 55 37 -73 26 -56 
-14 -40 19 -158 208 -131 -38 -58 166 -29 -20 6 -67 -84 21 119 -28 184 -133 15 36 78 -111 3 14 -11 -66 -171 -64 -44 248 -7 
 -128 206 16 51 -223 41 126 119 24 -173 -139 131 73 59 -218 -68 -26 28 142 -59 52 128 99 -111 85 188 2 51 34 -72 21 -57 
-10 -41 22 -150 207 -140 -36 -57 161 -23 -20 2 -74 -87 24 119 -18 178 -128 8 34 79 -93 12 22 -10 -74 -172 -64 -44 252 -15 
 -125 207 15 54 -216 51 121 125 28 -172 -139 131 71 57 -221 -68 -24 21 142 -59 52 125 101 -112 79 192 -2 53 34 -72 21 -56 
1 -39 22 -145 210 -147 -38 -61 166 -24 -20 -2 -77 -90 27 119 -28 174 -132 -2 37 82 -99 12 16 -17 -78 -168 -54 -40 256 -5 
 -125 202 15 51 -220 47 131 128 31 -172 -139 129 69 52 -221 -64 -23 22 127 -53 56 124 96 -118 77 187 -1 53 30 -72 19 -54 
2 -45 22 -143 205 -136 -38 -69 162 -21 -19 -5 -69 -94 28 119 -31 173 -138 3 36 71 -105 12 18 -21 -80 -165 -51 -43 243 -6 
 -129 204 10 58 -227 64 134 129 35 -173 -138 129 68 46 -221 -64 -26 18 123 -57 52 127 99 -118 79 192 -2 51 25 -72 25 -48 
1 -39 23 -134 197 -134 -42 -75 162 -18 -16 0 -66 -100 32 119 -20 167 -148 11 36 78 -100 9 13 -21 -92 -165 -59 -48 242 -6 
 -130 202 4 59 -235 69 141 125 34 -178 -145 128 69 46 -228 -64 -26 19 118 -53 52 135 93 -112 68 192 -4 51 19 -83 28 -48 
6 -40 26 -133 194 -138 -32 -84 179 -18 -8 0 -61 -108 39 122 -35 174 -149 7 36 82 -86 6 9 -23 -85 -164 -54 -37 246 -7 
 -125 201 3 59 -230 73 141 124 41 -185 -152 127 75 39 -224 -61 -26 12 127 -56 52 131 98 -110 68 188 -9 53 18 -84 31 -53 
10 -41 24 -133 195 -126 -26 -82 168 -14 -3 6 -49 -106 45 122 -27 168 -144 7 39 80 -77 0 7 -25 -81 -168 -57 -32 239 -9 
 -127 204 4 59 -214 66 144 127 39 -189 -152 130 68 35 -216 -61 -17 21 132 -58 54 141 103 -118 64 191 -8 54 24 -82 36 -53 
14 -37 18 -134 191 -120 -33 -77 173 -18 -4 0 -55 -110 40 128 -29 168 -144 2 29 83 -78 4 9 -32 -74 -181 -59 -34 237 -5 
 -128 206 15 58 -213 64 139 129 45 -189 -146 128 68 32 -219 -67 -12 28 132 -61 59 136 95 -118 60 199 -10 56 22 -89 37 -51 
15 -33 9 -125 191 -119 -32 -75 172 -18 -1 -1 -44 -105 41 128 -33 170 -144 5 25 82 -81 7 15 -33 -77 -190 -60 -36 228 -9 
 -126 202 17 67 -212 71 135 137 48 -189 -144 118 68 31 -218 -67 -5 29 134 -62 56 135 92 -116 58 199 -11 62 21 -83 41 -51 
9 -34 8 -122 192 -123 -33 -78 166 -15 1 2 -48 -102 47 128 -33 172 -151 5 22 82 -80 28 18 -33 -69 -187 -62 -38 230 -9 
 -132 204 19 71 -213 69 139 157 51 -188 -138 115 69 28 -219 -67 -5 28 136 -61 49 139 88 -119 63 194 -15 65 22 -80 40 -53 
10 -34 3 -123 195 -123 -32 -75 165 -17 -1 6 -40 -104 48 139 -30 174 -146 6 30 79 -63 26 13 -29 -82 -185 -68 -41 231 -9 
 -140 204 24 73 -209 68 141 161 50 -191 -133 118 61 28 -216 -59 -8 28 141 -70 51 136 96 -112 67 191 -13 58 9 -78 27 -45 
5 -39 3 -124 196 -122 -33 -79 165 -21 0 7 -39 -106 50 136 -24 171 -151 8 26 75 -61 23 17 -25 -81 -185 -66 -43 231 -8 
 -140 198 24 71 -206 67 142 165 49 -188 -129 119 66 32 -216 -67 -12 27 148 -70 44 141 96 -111 68 191 -13 57 10 -78 28 -38 
7 -34 3 -123 200 -124 -32 -80 161 -21 0 14 -30 -107 61 139 -24 166 -152 11 29 82 -52 18 17 -16 -83 -186 -69 -49 227 -18 
 -141 198 29 60 -206 68 141 161 46 -183 -132 121 61 29 -218 -68 -8 24 140 -72 51 150 93 -100 68 198 -14 52 7 -88 24 -29 
7 -34 1 -110 196 -123 -27 -81 161 -25 -9 7 -22 -117 63 139 -21 156 -158 15 28 87 -57 10 15 -17 -84 -189 -67 -53 224 -18 
 -140 195 42 66 -208 68 147 156 48 -195 -132 126 62 31 -214 -68 -13 22 139 -72 59 154 94 -102 71 189 -12 47 6 -96 18 -25 
6 -27 -11 -112 194 -127 -20 -81 158 -24 -5 -4 -20 -118 67 139 -22 152 -161 11 27 82 -61 7 21 -17 -91 -184 -72 -55 228 -18 
 -132 199 34 66 -208 68 148 150 50 -192 -130 129 61 29 -216 -68 -13 22 137 -73 59 159 96 -98 82 195 -11 54 -1 -96 21 -29 
2 -26 -14 -110 196 -122 -22 -80 169 -24 -6 -2 -17 -114 66 139 -18 153 -161 11 22 80 -65 14 16 -17 -88 -184 -72 -58 228 -18 
 -141 199 51 59 -208 66 145 155 45 -192 -132 127 66 29 -216 -68 -9 21 143 -70 56 161 105 -108 86 189 -12 54 1 -105 19 -28 
0 -34 -14 -111 203 -128 -28 -73 175 -27 -4 0 -19 -108 72 140 -18 161 -153 15 22 86 -67 15 16 -23 -89 -183 -72 -61 228 -22 
 -139 198 51 59 -211 68 142 159 38 -189 -128 127 62 30 -213 -72 -17 20 142 -59 55 170 99 -109 88 188 -12 56 1 -108 19 -23 
6 -38 -19 -103 214 -126 -34 -79 169 -39 -8 -3 -28 -114 76 138 -24 160 -153 16 9 88 -58 10 9 -22 -87 -191 -72 -60 228 -21 
 -142 183 52 53 -208 70 142 162 32 -187 -133 126 62 29 -212 -73 -22 21 145 -58 62 173 99 -114 85 179 -16 53 11 -112 20 -24 
6 -37 -20 -106 217 -124 -31 -80 162 -38 -9 -4 -28 -118 75 137 -13 159 -160 21 8 86 -61 9 8 -28 -86 -194 -78 -60 225 -31 
 -142 179 50 49 -212 68 142 161 39 -185 -133 130 63 42 -209 -79 -18 27 147 -52 61 174 96 -112 84 180 -28 50 11 -112 18 -21 
-1 -29 -17 -112 219 -123 -31 -81 164 -38 -9 -9 -29 -120 76 145 -14 172 -160 21 3 82 -63 14 8 -29 -95 -194 -82 -64 228 -34 
 -148 170 49 39 -204 68 143 167 32 -189 -132 129 67 41 -206 -73 -18 24 148 -55 61 175 100 -128 84 176 -20 51 8 -108 21 -22 
-5 -29 -14 -112 223 -120 -38 -83 167 -41 -7 -14 -26 -113 72 142 -24 170 -163 21 16 78 -62 15 3 -22 -100 -186 -71 -64 230 -32 
 -152 167 58 39 -202 68 153 168 21 -188 -140 130 64 44 -205 -69 -14 27 143 -47 58 171 98 -131 89 180 -19 47 8 -106 17 -20 
-4 -29 -4 -112 226 -118 -38 -83 166 -36 -4 -17 -15 -108 68 141 -20 168 -160 15 15 80 -54 24 6 -21 -93 -185 -65 -62 221 -25 
 -152 167 52 39 -196 79 151 170 12 -197 -149 129 58 42 -207 -64 -19 21 133 -45 60 171 90 -133 91 176 -21 44 9 -104 12 -6 
-1 -29 -2 -112 226 -119 -38 -78 172 -40 -5 -20 -13 -108 68 137 -20 175 -162 28 13 76 -57 28 11 -26 -93 -183 -66 -59 226 -25 
 -148 168 55 39 -196 82 155 178 10 -207 -149 142 62 42 -207 -65 -20 27 127 -42 54 172 92 -139 87 174 -21 37 12 -108 10 -5 
-7 -28 -1 -111 224 -119 -43 -78 164 -53 -9 -24 -16 -114 71 131 -28 174 -157 34 17 76 -53 26 8 -34 -93 -185 -68 -61 226 -25 
 -144 174 56 38 -194 82 150 179 12 -196 -148 134 62 41 -207 -72 -18 31 129 -48 51 172 91 -127 78 175 -21 31 17 -108 11 -5 
4 -32 -1 -108 231 -129 -37 -80 163 -49 -11 -29 -13 -112 74 129 -25 176 -152 32 17 82 -47 20 8 -38 -94 -184 -71 -58 226 -23 
 -144 175 56 37 -192 87 149 177 8 -199 -147 132 64 39 -208 -57 -27 34 133 -58 48 176 91 -132 81 171 -22 32 10 -105 10 -9 
13 -34 -1 -104 223 -131 -37 -83 161 -47 -14 -39 -9 -114 73 121 -18 176 -152 32 14 86 -48 21 8 -30 -93 -178 -72 -58 227 -21 
 -136 176 56 35 -201 90 149 188 -2 -202 -141 125 68 38 -207 -64 -29 34 144 -58 43 170 88 -138 81 167 -18 35 13 -101 12 -8 
19 -23 0 -108 226 -135 -37 -86 157 -44 -12 -33 -11 -109 65 118 -6 179 -151 27 26 90 -47 21 9 -24 -93 -178 -65 -52 224 -25 
 -128 175 63 43 -210 79 149 188 8 -204 -141 118 67 36 -209 -64 -18 37 137 -51 33 164 88 -138 78 172 -18 35 6 -99 9 -5 
25 -19 1 -113 223 -131 -30 -91 146 -39 -14 -38 -7 -110 66 116 -11 179 -144 16 22 90 -45 27 8 -27 -93 -177 -66 -52 231 -34 
 -125 176 62 59 -211 82 152 190 13 -199 -136 115 71 34 -210 -72 -15 35 134 -51 39 173 97 -130 80 169 -16 40 1 -99 7 -9 
37 -18 3 -113 226 -139 -34 -80 141 -31 -12 -42 -21 -112 66 117 -11 182 -146 28 14 96 -49 30 -1 -28 -98 -181 -70 -42 228 -40 
 -129 171 69 62 -210 82 158 195 11 -204 -137 110 76 35 -208 -75 -12 35 134 -44 36 183 87 -134 74 173 -21 44 2 -101 9 -12 
43 -15 6 -111 225 -136 -34 -93 145 -27 -14 -44 -15 -117 64 113 -12 182 -151 28 7 94 -49 21 -1 -29 -88 -179 -72 -38 220 -44 
 -134 164 73 62 -199 83 157 199 6 -201 -130 108 73 44 -201 -85 -7 35 131 -41 35 172 86 -136 72 174 -26 63 1 -102 21 -8 
46 -13 4 -117 229 -132 -32 -95 151 -24 -13 -41 -8 -117 54 109 -14 188 -153 27 30 99 -57 24 -3 -27 -78 -172 -60 -38 220 -45 
 -129 162 79 63 -196 74 155 200 8 -202 -133 116 83 39 -208 -92 -10 33 124 -41 36 174 89 -138 72 180 -15 61 -3 -101 21 -9 
47 -13 14 -122 224 -132 -35 -94 151 -29 -8 -43 -3 -118 52 106 -11 185 -154 19 34 79 -61 20 4 -24 -78 -172 -59 -33 226 -44 
 -136 162 72 67 -193 79 151 198 7 -199 -129 118 85 43 -206 -89 -12 27 124 -33 30 175 92 -132 73 185 -25 61 2 -101 21 -8 
48 -15 2 -114 223 -132 -31 -94 149 -28 -11 -48 -6 -121 48 110 -4 178 -153 23 35 80 -58 17 -2 -29 -74 -173 -56 -30 230 -44 
 -141 162 79 66 -193 81 149 198 6 -192 -126 122 76 52 -205 -94 -12 19 119 -36 31 181 91 -132 67 188 -29 64 3 -99 19 -8 
48 -15 2 -114 216 -139 -29 -99 148 -29 -8 -40 -6 -116 52 106 -1 172 -153 27 29 80 -58 15 -1 -28 -74 -173 -58 -29 238 -44 
 -142 163 87 64 -194 79 147 202 13 -192 -122 118 72 56 -198 -90 -15 20 119 -38 28 181 91 -133 67 188 -22 64 -1 -104 27 -10 
38 -32 5 -114 222 -147 -31 -92 141 -23 -1 -44 -5 -124 56 113 -1 170 -157 27 32 78 -48 16 2 -26 -73 -171 -58 -35 236 -53 
 -149 159 89 64 -201 76 149 201 9 -192 -125 112 71 56 -200 -89 -13 14 117 -41 33 187 82 -126 71 192 -20 62 -4 -118 28 -7 
34 -37 12 -113 219 -153 -34 -86 136 -24 -11 -44 -5 -135 46 102 -3 158 -162 22 40 84 -41 16 6 -28 -61 -173 -61 -38 232 -54 
 -148 149 82 62 -208 67 150 200 20 -198 -130 112 62 66 -189 -85 -12 11 113 -41 41 188 76 -126 66 192 -19 64 -13 -132 23 -2 
29 -37 16 -119 215 -144 -34 -72 138 -15 -9 -39 2 -138 42 87 -7 159 -163 31 40 87 -37 20 4 -33 -64 -173 -63 -22 228 -54 
 -141 149 86 62 -209 62 150 199 19 -202 -132 117 59 76 -189 -76 -16 16 125 -42 41 179 81 -133 59 202 -19 63 -12 -144 22 -2 
22 -34 15 -123 216 -149 -33 -72 141 -24 -9 -35 7 -139 42 83 0 164 -168 42 29 80 -32 27 6 -39 -61 -174 -62 -22 222 -54 
 -151 151 91 68 -208 67 147 199 26 -198 -132 118 59 81 -185 -71 -12 15 127 -41 53 181 81 -136 72 202 -11 70 -14 -152 21 -6 
22 -33 14 -123 216 -148 -33 -72 147 -18 -7 -44 0 -134 48 80 0 159 -154 38 22 86 -29 29 2 -33 -61 -175 -56 -15 229 -59 
 -155 146 90 68 -208 72 158 195 22 -198 -132 114 61 84 -179 -72 -6 17 131 -42 52 175 88 -136 75 196 -8 74 -13 -155 21 -10 
26 -34 -1 -123 211 -146 -21 -74 146 -21 -10 -43 -3 -135 48 84 11 155 -156 29 22 91 -29 23 15 -30 -59 -180 -52 -15 232 -64 
 -167 138 86 68 -199 72 152 190 20 -205 -122 120 57 86 -182 -72 -3 14 127 -52 51 163 87 -135 77 196 -6 73 -19 -156 22 -8 
24 -34 -6 -126 212 -148 -33 -74 141 -20 -6 -49 -6 -145 39 81 15 154 -160 32 22 91 -23 28 17 -33 -61 -181 -53 -9 228 -62 
 -166 130 86 67 -198 71 155 184 22 -193 -123 121 68 82 -174 -64 -9 12 118 -52 55 167 86 -141 88 202 -8 76 -23 -152 13 -5 
26 -35 -4 -124 212 -141 -32 -79 140 -13 -9 -49 -4 -151 33 86 15 149 -160 34 20 91 -17 22 27 -33 -58 -181 -56 -9 230 -60 
 -169 129 88 72 -200 67 159 182 21 -201 -128 122 70 83 -181 -62 -9 18 119 -44 47 163 89 -140 84 202 -5 76 -25 -154 14 -9 
12 -31 0 -124 218 -138 -24 -81 138 -8 -12 -45 -6 -152 34 77 15 147 -164 39 27 93 -19 24 12 -37 -58 -184 -54 -9 228 -64 
 -172 124 81 74 -193 67 152 183 17 -198 -137 125 66 81 -188 -52 -5 19 116 -48 41 165 82 -136 83 199 -6 75 -22 -152 13 -12 
