0 0.058333333333333334 0.975 
100 0.45208333333333334 0.8948019801980198 
200 0.4375 0.8862562189054727 
300 0.4666666666666667 0.8811046511627907 
400 0.42291666666666666 0.8787926018287614 
500 0.4083333333333333 0.8765552228875583 
600 0.37916666666666665 0.8774473100388241 
700 0.3645833333333333 0.8771754636233952 
800 0.35 0.8746878901373284 
900 0.42291666666666666 0.8739548649648539 
1000 0.39375 0.8730644355644356 
1100 0.5104166666666666 0.8738343929760823 
1200 0.37916666666666665 0.8743061337774077 
1300 0.39375 0.8744299256981809 
1400 0.4083333333333333 0.8740810135617416 
1500 0.39375 0.8743448811903176 
1600 0.42291666666666666 0.8741177389131792 
1700 0.4083333333333333 0.8742896335488928 
1800 0.42291666666666666 0.8743429576161392 
1900 0.4083333333333333 0.8746120462914255 
2000 0.4083333333333333 0.8743274196235216 
2100 0.4375 0.8737743931461209 
2200 0.39375 0.8732356504619112 
2300 0.39375 0.8732706794147472 
2400 0.39375 0.8729678606136332 
2500 0.5541666666666667 0.8724027055844329 
2600 0.4083333333333333 0.8717224144559784 
2700 0.4083333333333333 0.871689497716895 
2800 0.42291666666666666 0.8717109960728311 
2900 0.525 0.8717525565896818 
3000 0.3645833333333333 0.8718760413195601 
3100 0.42291666666666666 0.8718612275610018 
3200 0.3645833333333333 0.8720269707383109 
3300 0.39375 0.8718683732202362 
3400 0.4666666666666667 0.8718661178084877 
3500 0.39375 0.8717021327239837 
3600 0.525 0.8717150328612423 
3700 0.525 0.8716202828064487 
3800 0.4666666666666667 0.8715743663948083 
3900 0.4375 0.8713556353071862 
4000 0.32083333333333336 0.8715446138465384 
4100 0.3645833333333333 0.87170405592132 
4200 0.39375 0.8718995477267317 
4300 0.37916666666666665 0.8718515074013795 
4400 0.5541666666666667 0.8718435204120276 
4500 0.45208333333333334 0.8716812930459897 
4600 0.4083333333333333 0.8715134391074404 
4700 0.35 0.8717896901368504 
4800 0.35 0.8721507672012775 
4900 0.4375 0.872332177106713 
5000 0.42291666666666666 0.8722613810571219 
5100 0.39375 0.8722456381101745 
5200 0.45208333333333334 0.8720694738191374 
5300 0.4375 0.8719502609570521 
5400 0.45208333333333334 0.8719604394247978 
5500 0.42291666666666666 0.8718286069199539 
5600 0.4666666666666667 0.8720072308516337 
5700 0.30625 0.872009296614629 
5800 0.5104166666666666 0.8720091363558007 
5900 0.35 0.8720139241936395 
6000 0.4375 0.8721428373048936 
6100 0.42291666666666666 0.8721725946566137 
6200 0.39375 0.8721832500134387 
6300 0.4375 0.8721922446172565 
6400 0.45208333333333334 0.8722198354423788 
6500 0.33541666666666664 0.8722311952007383 
6600 0.39375 0.8722302176437914 
6700 0.39375 0.8722696861165 
6800 0.35 0.8723496544625791 
6900 0.4083333333333333 0.8723379461913733 
7000 0.32083333333333336 0.8724848831119364 
7100 0.42291666666666666 0.8725009388349059 
7200 0.4375 0.8724135536731009 
7300 0.33541666666666664 0.8723901976898142 
7400 0.3645833333333333 0.8724153267576453 
7500 0.48125 0.8724120117317691 
7600 0.39375 0.8724329035653203 
7700 0.45208333333333334 0.8724765182010994 
7800 0.42291666666666666 0.8724453061573303 
7900 0.4375 0.8724976796186137 
8000 0.39375 0.8724320918218555 
8100 0.39375 0.8723922972472534 
8200 0.42291666666666666 0.8723676990610901 
8300 0.4375 0.8723933863389953 
8400 0.39375 0.8723336507558624 
8500 0.4666666666666667 0.8723272752225228 
8600 0.35 0.8724024338255242 
8700 0.3645833333333333 0.8725079492778608 
8800 0.39375 0.8725944968374806 
8900 0.42291666666666666 0.8725611354529453 
9000 0.39375 0.8727608969373774 
9100 0.48125 0.8726875251803831 
9200 0.39375 0.8725686519581205 
9300 0.4666666666666667 0.872413360570548 
9400 0.37916666666666665 0.872434226855299 
9500 0.45208333333333334 0.8723590499245694 
9600 0.3645833333333333 0.8723058361976183 
9700 0.39375 0.8722528605298423 
9800 0.4666666666666667 0.8720925585824576 
9900 0.35 0.8720343904656095 
10000 0.3645833333333333 0.8721365363463653 
10100 0.48125 0.8720658845658845 
10200 0.4083333333333333 0.8719990687187531 
10300 0.45208333333333334 0.8719578196291622 
10400 0.2625 0.8718921257571387 
10500 0.35 0.8720383772974003 
10600 0.33541666666666664 0.8720549162028739 
10700 0.30625 0.8721805594492726 
10800 0.4083333333333333 0.8722610560750548 
10900 0.39375 0.8722949729382625 
11000 0.4083333333333333 0.872381298669818 
11100 0.4083333333333333 0.8723587214365072 
11200 0.49583333333333335 0.8723689105139422 
11300 0.35 0.8723284075155591 
11400 0.3645833333333333 0.872362438967342 
11500 0.49583333333333335 0.8724092832507319 
11600 0.39375 0.8722875901502744 
11700 0.3645833333333333 0.8722872688943965 
11800 0.42291666666666666 0.872252351495636 
11900 0.35 0.8721497493207854 
12000 0.3645833333333333 0.8721689859178402 
12100 0.39375 0.8721197283971022 
12200 0.45208333333333334 0.872070253804333 
12300 0.37916666666666665 0.8721066037991492 
12400 0.39375 0.8721937746955891 
12500 0.48125 0.8722598858757966 
12600 0.35 0.8722184747242282 
12700 0.45208333333333334 0.8721764034328006 
12800 0.5104166666666666 0.8721633075540973 
12900 0.33541666666666664 0.8721917551610986 
13000 0.37916666666666665 0.8721784221726534 
13100 0.4083333333333333 0.8721846932804111 
13200 0.42291666666666666 0.8721855036234629 
13300 0.39375 0.8720794802395809 
13400 0.4666666666666667 0.8720776434594433 
13500 0.45208333333333334 0.8720134928276918 
13600 0.33541666666666664 0.8720967208293507 
13700 0.4666666666666667 0.8720820256428972 
13800 0.35 0.8720998478371133 
13900 0.3645833333333333 0.872097630865885 
14000 0.3645833333333333 0.8721832369116491 
14100 0.3645833333333333 0.8722212372644966 
14200 0.3645833333333333 0.8722284815623312 
14300 0.42291666666666666 0.8722545626179987 
14400 0.4375 0.8722386176885865 
14500 0.35 0.8723662735903271 
14600 0.37916666666666665 0.87234378923818 
14700 0.37916666666666665 0.8723774459787316 
14800 0.4083333333333333 0.8722941017498818 
14900 0.35 0.8722507437979554 
15000 0.4083333333333333 0.8723099015621181 
15100 0.39375 0.8722799814581815 
15200 0.35 0.8722512773282459 
15300 0.24791666666666667 0.8723373200008714 
15400 0.45208333333333334 0.8723621842737485 
15500 0.4083333333333333 0.872299636582586 
15600 0.4375 0.8723535350298057 
15700 0.4083333333333333 0.8723303186633548 
15800 0.35 0.8723925700905006 
15900 0.49583333333333335 0.8723859086430623 
16000 0.45208333333333334 0.8723717788471553 
16100 0.42291666666666666 0.872382408960106 
16200 0.39375 0.872419655165319 
16300 0.42291666666666666 0.8724150358873689 
16400 0.42291666666666666 0.8724391805377721 
16500 0.4375 0.8723819768498878 
16600 0.4666666666666667 0.8723372587996707 
16700 0.42291666666666666 0.8722960700956031 
16800 0.39375 0.8722757077951709 
16900 0.3645833333333333 0.8722274816085833 
17000 0.4666666666666667 0.872228104229163 
17100 0.37916666666666665 0.872203379919303 
17200 0.5104166666666666 0.8721510861771602 
17300 0.4375 0.8721528620696299 
17400 0.4083333333333333 0.8721203762235887 
17500 0.4083333333333333 0.8720599299087671 
17600 0.49583333333333335 0.872047989697555 
17700 0.2916666666666667 0.8721140990151216 
17800 0.5104166666666666 0.8721462277400146 
17900 0.32083333333333336 0.872139824590805 
18000 0.4375 0.8721834898061219 
18100 0.49583333333333335 0.8721636005377235 
18200 0.4375 0.8721276761350109 
18300 0.45208333333333334 0.8720930550243157 
18400 0.45208333333333334 0.8720522435374889 
18500 0.37916666666666665 0.8720580419076446 
18600 0.3645833333333333 0.8720207694926796 
18700 0.48125 0.8720079585761902 
18800 0.39375 0.8720081378650072 
18900 0.4375 0.8719598169409026 
19000 0.4375 0.8719718699015842 
19100 0.5104166666666666 0.8719646004572187 
19200 0.3645833333333333 0.8720251115393296 
19300 0.39375 0.8719619449769442 
19400 0.32083333333333336 0.8719483961307837 
19500 0.35 0.8720484419602413 
19600 0.39375 0.8720864581739027 
19700 0.45208333333333334 0.872037798419708 
19800 0.4375 0.8720624379240106 
19900 0.4666666666666667 0.872073011406462 
20000 0.3645833333333333 0.8721011866073363 
20100 0.4375 0.8721226555892742 
20200 0.3645833333333333 0.8721457683613022 
20300 0.42291666666666666 0.872138482504967 
20400 0.4083333333333333 0.8721369867490155 
20500 0.39375 0.8721178235208039 
20600 0.4375 0.87207417115674 
20700 0.4083333333333333 0.8720365763328664 
20800 0.45208333333333334 0.8720197746903193 
20900 0.45208333333333334 0.8720047286413728 
21000 0.39375 0.8720007380600924 
21100 0.42291666666666666 0.8719900715605895 
21200 0.35 0.8720080027671651 
21300 0.45208333333333334 0.8720376977606685 
21400 0.37916666666666665 0.8720782128560971 
21500 0.37916666666666665 0.8721553648667504 
21600 0.48125 0.872106808326775 
21700 0.4083333333333333 0.8720732915533846 
21800 0.39375 0.8720442869593138 
21900 0.4666666666666667 0.872001658980564 
22000 0.4375 0.8720037346787267 
22100 0.4375 0.872049530187171 
22200 0.39375 0.8720254718255934 
22300 0.35 0.8720565594965846 
22400 0.45208333333333334 0.8720620731217357 
22500 0.49583333333333335 0.8720256877472112 
22600 0.4083333333333333 0.8720263115201392 
22700 0.5104166666666666 0.8720164677033317 
22800 0.4083333333333333 0.8719851468502844 
22900 0.35 0.8719895783299129 
23000 0.42291666666666666 0.8720251293422026 
23100 0.4083333333333333 0.8719770428408583 
23200 0.49583333333333335 0.8719828886685919 
23300 0.42291666666666666 0.8719784916241077 
23400 0.4083333333333333 0.8719490263948834 
23500 0.4666666666666667 0.8719127200260982 
23600 0.3645833333333333 0.8719088527322288 
23700 0.42291666666666666 0.8719022052515365 
23800 0.4666666666666667 0.8718847597439884 
23900 0.4083333333333333 0.8718214370388966 
24000 0.4666666666666667 0.8718404094273849 
24100 0.39375 0.8718464309917984 
24200 0.3645833333333333 0.8718732352657603 
24300 0.37916666666666665 0.871920222761752 
24400 0.37916666666666665 0.8719552135841427 
24500 0.39375 0.8719147517788389 
24600 0.42291666666666666 0.8718988388005907 
24700 0.37916666666666665 0.8718698973051023 
24800 0.4083333333333333 0.8718840302138354 
24900 0.4375 0.8718732848747708 
25000 0.33541666666666664 0.8718952908550325 
25100 0.4083333333333333 0.8719450088309895 
25200 0.37916666666666665 0.8719761451265161 
25300 0.48125 0.8719892494367811 
25400 0.37916666666666665 0.8719656706428881 
25500 0.37916666666666665 0.8719803471759278 
25600 0.4375 0.8719870968581956 
25700 0.48125 0.8719561819903247 
25800 0.42291666666666666 0.8719418175006137 
25900 0.37916666666666665 0.8719912680334093 
26000 0.42291666666666666 0.8719501173031806 
26100 0.42291666666666666 0.8719298749728618 
26200 0.42291666666666666 0.8719371398038243 
26300 0.49583333333333335 0.871918368122885 
26400 0.4375 0.8719093658068507 
26500 0.39375 0.8718762185074777 
26600 0.45208333333333334 0.8718666591481523 
26700 0.35 0.8718936868781444 
26800 0.4083333333333333 0.8718772931358283 
26900 0.37916666666666665 0.8718954066143761 
27000 0.4375 0.871868788810291 
27100 0.42291666666666666 0.8719103231123083 
27200 0.42291666666666666 0.871896253814198 
27300 0.32083333333333336 0.871921663431132 
27400 0.4083333333333333 0.871946279332871 
27500 0.42291666666666666 0.8719469292025744 
27600 0.3645833333333333 0.8718991159740589 
27700 0.4375 0.8719100092656101 
27800 0.39375 0.8718906993753223 
27900 0.4666666666666667 0.8718803388170078 
28000 0.32083333333333336 0.8718374641381855 
28100 0.39375 0.8718407114812047 
28200 0.37916666666666665 0.871839651076203 
28300 0.4083333333333333 0.8718592099219109 
28400 0.35 0.8718610260202105 
28500 0.42291666666666666 0.8719202834988246 
28600 0.5104166666666666 0.8719142978683729 
28700 0.4375 0.8718849807788347 
28800 0.35 0.8719257433190977 
28900 0.4666666666666667 0.8719469049513857 
29000 0.37916666666666665 0.8719311403055067 
29100 0.42291666666666666 0.8719605855468884 
29200 0.48125 0.8719858338184765 
29300 0.4083333333333333 0.8719509004243313 
29400 0.37916666666666665 0.8719295262065916 
29500 0.4083333333333333 0.8719201608985007 
29600 0.3645833333333333 0.8719409817235905 
29700 0.42291666666666666 0.8719173316274424 
29800 0.39375 0.8719363444179725 
29900 0.42291666666666666 0.8719481232511733 
30000 0.4375 0.8719338522049265 
30100 0.45208333333333334 0.8719383630665648 
30200 0.45208333333333334 0.8719380152975067 
30300 0.4375 0.8719746598022068 
30400 0.42291666666666666 0.8719582963279716 
30500 0.42291666666666666 0.8719820661617652 
30600 0.39375 0.8719705510713157 
30700 0.3645833333333333 0.8719690183815946 
30800 0.4375 0.8719852169301863 
30900 0.4083333333333333 0.871954791107084 
31000 0.42291666666666666 0.8719643452361752 
31100 0.35 0.8719952734638757 
31200 0.4083333333333333 0.8720449665074838 
31300 0.42291666666666666 0.8720864881846161 
31400 0.49583333333333335 0.8720866108298038 
31500 0.3645833333333333 0.872105118356031 
31600 0.4375 0.8721063679419427 
31700 0.45208333333333334 0.8720254618676593 
31800 0.48125 0.8719869920233116 
31900 0.37916666666666665 0.8719661348129107 
32000 0.45208333333333334 0.8719472308157037 
32100 0.4666666666666667 0.8719451886234074 
32200 0.4375 0.8719049874227508 
32300 0.5979166666666667 0.8718575534297184 
32400 0.4083333333333333 0.871845261977511 
32500 0.4666666666666667 0.8718486867070757 
32600 0.39375 0.8718491508440437 
32700 0.525 0.8718626086867883 
32800 0.45208333333333334 0.8718466408544455 
32900 0.4375 0.8718178525475416 
33000 0.4375 0.8718232023272022 
33100 0.45208333333333334 0.8717915118375075 
33200 0.37916666666666665 0.8718023051514513 
33300 0.39375 0.8717836301212176 
33400 0.4083333333333333 0.8717867728511123 
33500 0.45208333333333334 0.8717707431618956 
33600 0.3645833333333333 0.8717570409610825 
33700 0.3645833333333333 0.8717891655044855 
33800 0.37916666666666665 0.8718047049890043 
33900 0.37916666666666665 0.8717977837428591 
34000 0.4666666666666667 0.8717822024842407 
34100 0.48125 0.8717414200952074 
34200 0.4375 0.8717337699677398 
34300 0.4083333333333333 0.8717166895037074 
34400 0.39375 0.8717258703719853 
34500 0.39375 0.8717435726500681 
34600 0.5104166666666666 0.871752502336156 
34700 0.4083333333333333 0.8717476921894662 
34800 0.35 0.8717584743733418 
34900 0.4375 0.8717874607222333 
35000 0.4666666666666667 0.8717316410007333 
35100 0.37916666666666665 0.8717436825161676 
35200 0.4083333333333333 0.8717470147628382 
35300 0.4375 0.8717583543431253 
35400 0.39375 0.871766569682589 
35500 0.42291666666666666 0.8717414063453611 
35600 0.32083333333333336 0.8717372171193694 
35700 0.42291666666666666 0.8717432051389784 
35800 0.4083333333333333 0.8717355427688239 
35900 0.45208333333333334 0.8717227003890328 
36000 0.35 0.8717490486375379 
36100 0.37916666666666665 0.8717542450347636 
36200 0.4666666666666667 0.8717689658665047 
36300 0.3645833333333333 0.8717720127085572 
36400 0.4083333333333333 0.8717682893327107 
36500 0.45208333333333334 0.8717368473923088 
36600 0.3645833333333333 0.8717266377057094 
36700 0.5395833333333333 0.8717190948475518 
36800 0.33541666666666664 0.8717027617003161 
36900 0.35 0.8717301021652529 
37000 0.3645833333333333 0.8717507634928786 
37100 0.48125 0.8717195403538089 
37200 0.3645833333333333 0.8717191742157469 
37300 0.5395833333333333 0.8716908840692386 
37400 0.45208333333333334 0.8716897052663476 
37500 0.4375 0.8716941992657974 
37600 0.42291666666666666 0.8716949017313369 
37700 0.45208333333333334 0.8716822277039513 
37800 0.49583333333333335 0.8716474652346058 
37900 0.42291666666666666 0.871615854462943 
38000 0.3645833333333333 0.8716136856047648 
38100 0.5833333333333334 0.8715929371932495 
38200 0.39375 0.8715936755582314 
38300 0.4375 0.8715990879263379 
38400 0.3645833333333333 0.8715905835785527 
38500 0.4375 0.8715750889587284 
38600 0.37916666666666665 0.8716001528457812 
38700 0.4375 0.8715981714512114 
38800 0.42291666666666666 0.8716257312955852 
38900 0.39375 0.8716171606556815 
39000 0.35 0.8716208131415434 
39100 0.37916666666666665 0.8716203976027893 
39200 0.48125 0.8716062727991633 
39300 0.5541666666666667 0.8716067445272809 
39400 0.42291666666666666 0.8715909283182321 
39500 0.525 0.8716057821320979 
39600 0.39375 0.8716226652525609 
39700 0.39375 0.8716167938674928 
39800 0.3645833333333333 0.871630423858697 
39900 0.525 0.8716361536469428 
40000 0.35 0.8716500837479063 
40100 0.4666666666666667 0.8716558398377431 
40200 0.42291666666666666 0.8716530683316336 
40300 0.42291666666666666 0.8716465885875454 
40400 0.3645833333333333 0.8716377688671072 
40500 0.42291666666666666 0.8716565640354559 
40600 0.42291666666666666 0.8716682881374022 
40700 0.3645833333333333 0.8716735051554835 
40800 0.4666666666666667 0.8716611316716093 
40900 0.35 0.8716731661002584 
41000 0.4083333333333333 0.8716677642008731 
41100 0.42291666666666666 0.8717048652506427 
41200 0.37916666666666665 0.8716853555334417 
41300 0.39375 0.8716831916902739 
41400 0.4083333333333333 0.8716716786228996 
41500 0.4083333333333333 0.8716946579600492 
41600 0.42291666666666666 0.8716882807304311 
41700 0.39375 0.8717119093866654 
41800 0.32083333333333336 0.8717282481280352 
41900 0.39375 0.8717251179367239 
42000 0.33541666666666664 0.8717451171797497 
42100 0.42291666666666666 0.8717588853788113 
42200 0.4375 0.8717676516354272 
42300 0.42291666666666666 0.8717604193754285 
42400 0.30625 0.8717683545199406 
42500 0.5395833333333333 0.8717720367363905 
42600 0.42291666666666666 0.8717830371744012 
42700 0.42291666666666666 0.8718040365955521 
42800 0.33541666666666664 0.8718142294183158 
42900 0.4083333333333333 0.8718276768995283 
43000 0.35 0.8718336976659458 
43100 0.42291666666666666 0.8718316667053355 
43200 0.4083333333333333 0.871814792095862 
43300 0.4083333333333333 0.8718079066688221 
43400 0.48125 0.8718024930301145 
43500 0.35 0.8717916446365218 
43600 0.48125 0.8717928870132948 
43700 0.48125 0.8717702874838867 
43800 0.42291666666666666 0.8717787074876525 
43900 0.39375 0.8717832927116315 
44000 0.49583333333333335 0.8717779141383151 
44100 0.32083333333333336 0.8717655684300432 
44200 0.35 0.8717720375858766 
44300 0.45208333333333334 0.8717788537504797 
44400 0.39375 0.8717912697161475 
44500 0.4083333333333333 0.8717658030156625 
44600 0.35 0.8717656741627616 
44700 0.45208333333333334 0.8718136432443718 
44800 0.4375 0.871825219675156 
44900 0.49583333333333335 0.8718267224931887 
45000 0.45208333333333334 0.8718145152329948 
45100 0.4375 0.8718215782355159 
45200 0.42291666666666666 0.8718344173801464 
45300 0.42291666666666666 0.8718623761064878 
45400 0.45208333333333334 0.8718705718669927 
45500 0.4666666666666667 0.8718480546215102 
45600 0.33541666666666664 0.8718632815069844 
45700 0.525 0.8718544634326018 
45800 0.3645833333333333 0.8718411352008326 
45900 0.39375 0.871825504890961 
46000 0.33541666666666664 0.8718345796830503 
46100 0.4083333333333333 0.8718315943978077 
46200 0.49583333333333335 0.8718364681861143 
46300 0.42291666666666666 0.8718274623298273 
46400 0.37916666666666665 0.8718401363476362 
46500 0.4666666666666667 0.8718475588338602 
46600 0.4666666666666667 0.8718475283076901 
46700 0.45208333333333334 0.8718281371562351 
46800 0.39375 0.8718113216954053 
46900 0.45208333333333334 0.871813500778235 
47000 0.4083333333333333 0.8718014864931952 
47100 0.48125 0.8717881962874108 
47200 0.42291666666666666 0.8717842312662867 
47300 0.4666666666666667 0.871818160997301 
47400 0.45208333333333334 0.8718136220754836 
47500 0.42291666666666666 0.8718105934611903 
47600 0.33541666666666664 0.8718234210765881 
47700 0.45208333333333334 0.8718333997190835 
47800 0.49583333333333335 0.8718244213858846 
47900 0.48125 0.8718066950585582 
48000 0.4375 0.8718038860301521 
48100 0.35 0.8718371239683167 
48200 0.48125 0.8718183578487306 
48300 0.32083333333333336 0.8718062255439846 
48400 0.48125 0.8718205718890105 
48500 0.37916666666666665 0.871854961753366 
48600 0.33541666666666664 0.8718682914617669 
48700 0.42291666666666666 0.8718723263724907 
48800 0.45208333333333334 0.8718730148972357 
48900 0.48125 0.8718757455539423 
49000 0.4375 0.8719009986190758 
49100 0.42291666666666666 0.8718992484878109 
49200 0.4375 0.8719002154427755 
49300 0.4375 0.871902192653293 
49400 0.4083333333333333 0.8719293806468155 
49500 0.3645833333333333 0.8719367622202918 
49600 0.39375 0.8719176528699019 
49700 0.48125 0.8719236031468179 
49800 0.35 0.8719148042542653 
49900 0.45208333333333334 0.8719280007748675 
50000 0.4083333333333333 0.871942311153777 
50100 0.4083333333333333 0.8719269575457576 
50200 0.4375 0.8719158980896795 
50300 0.4666666666666667 0.8719143257589312 
50400 0.525 0.8719202826663492 
50500 0.37916666666666665 0.871924070810479 
50600 0.48125 0.8719291614790221 
50700 0.37916666666666665 0.8719086737276713 
50800 0.4083333333333333 0.8719202541944713 
50900 0.45208333333333334 0.8719017471824391 
51000 0.33541666666666664 0.8718967928733423 
51100 0.45208333333333334 0.8718732673202743 
51200 0.42291666666666666 0.8718562625729966 
51300 0.45208333333333334 0.8718263289214635 
51400 0.33541666666666664 0.8718121567025285 
51500 0.39375 0.8718230390348407 
51600 0.39375 0.8718297610511424 
51700 0.45208333333333334 0.871834925823485 
51800 0.42291666666666666 0.87183725539404 
51900 0.4083333333333333 0.8718681560406671 
52000 0.4666666666666667 0.8718869188413043 
52100 0.39375 0.871888975259592 
52200 0.4375 0.8718899063236336 
52300 0.39375 0.8718932238389323 
52400 0.45208333333333334 0.8719069451600796 
52500 0.39375 0.8719239474803655 
52600 0.39375 0.8719186263885984 
52700 0.39375 0.8719125348665111 
52800 0.4666666666666667 0.8718739544074291 
52900 0.39375 0.8718689942849221 
53000 0.42291666666666666 0.8718645245687189 
53100 0.5104166666666666 0.8718539512752428 
53200 0.4375 0.8718379353771546 
53300 0.48125 0.871832063813687 
53400 0.4666666666666667 0.8718142762619926 
53500 0.42291666666666666 0.8717705432297216 
53600 0.4375 0.871774935790999 
53700 0.37916666666666665 0.8717713202112934 
53800 0.37916666666666665 0.8717686474229104 
53900 0.45208333333333334 0.8717736374711663 
54000 0.32083333333333336 0.8717654919970618 
54100 0.45208333333333334 0.8717453620697091 
54200 0.37916666666666665 0.8717498293389421 
54300 0.3645833333333333 0.8717590375867847 
54400 0.32083333333333336 0.8717614719092174 
54500 0.45208333333333334 0.8717915726316948 
54600 0.525 0.8717831022630843 
54700 0.42291666666666666 0.8718003327178662 
54800 0.5104166666666666 0.8718294374190252 
54900 0.35 0.8718423465267785 
55000 0.42291666666666666 0.8718410422840797 
55100 0.5104166666666666 0.8718448848478249 
55200 0.3645833333333333 0.8718488644529386 
55300 0.4083333333333333 0.8718388154524029 
55400 0.35 0.8718523432188348 
55500 0.37916666666666665 0.8718685248914434 
55600 0.37916666666666665 0.8719001606685731 
55700 0.30625 0.8719053517890164 
55800 0.4375 0.8719226208610359 
55900 0.5104166666666666 0.8719145602642767 
56000 0.4083333333333333 0.8719278822401981 
56100 0.42291666666666666 0.8719529657819528 
56200 0.5104166666666666 0.871960166782323 
56300 0.4083333333333333 0.871987176071473 
56400 0.45208333333333334 0.8719914097267779 
56500 0.45208333333333334 0.8720069113820994 
56600 0.39375 0.8720065310978016 
56700 0.37916666666666665 0.8719994650300112 
56800 0.3645833333333333 0.872027487778971 
56900 0.4375 0.8720380573276393 
57000 0.37916666666666665 0.8720485166926896 
57100 0.37916666666666665 0.8720562395287882 
57200 0.35 0.8720788680850567 
57300 0.4083333333333333 0.8720538617708824 
57400 0.33541666666666664 0.8720579780840055 
57500 0.37916666666666665 0.8720600511295455 
57600 0.39375 0.8720480113192479 
57700 0.48125 0.8720386850603398 
57800 0.4666666666666667 0.8720471243288755 
57900 0.4083333333333333 0.8720384794735843 
58000 0.33541666666666664 0.8720573783210634 
58100 0.42291666666666666 0.8720673195527329 
58200 0.35 0.872073432300705 
58300 0.42291666666666666 0.8720831689565073 
58400 0.32083333333333336 0.8720998641575772 
58500 0.32083333333333336 0.8720925710671612 
58600 0.37916666666666665 0.8720918442802456 
58700 0.39375 0.8721031867713781 
58800 0.37916666666666665 0.8721211515677171 
58900 0.48125 0.8721262513935814 
59000 0.4375 0.8721208821319413 
59100 0.45208333333333334 0.8721395718064556 
59200 0.39375 0.8721318755876871 
59300 0.48125 0.8721372742449537 
59400 0.39375 0.8721415324096676 
59500 0.45208333333333334 0.8721597116014856 
59600 0.4083333333333333 0.872173145864443 
59700 0.39375 0.8721829059256405 
59800 0.42291666666666666 0.8721763989453911 
59900 0.4083333333333333 0.8721896685085947 
60000 0.4083333333333333 0.8721998383360278 
60100 0.32083333333333336 0.8722142726410542 
60200 0.45208333333333334 0.8722146780507523 
60300 0.37916666666666665 0.8722128018883047 
60400 0.45208333333333334 0.872209966170538 
60500 0.45208333333333334 0.8721952254232712 
60600 0.42291666666666666 0.8721661633746418 
60700 0.42291666666666666 0.8721571033975277 
60800 0.39375 0.8721634923767702 
60900 0.39375 0.8721581610592054 
61000 0.39375 0.8721553061971662 
61100 0.3645833333333333 0.8721445502801373 
61200 0.4666666666666667 0.8721437013556423 
61300 0.37916666666666665 0.8721385730520981 
61400 0.4375 0.8721606054190214 
61500 0.4666666666666667 0.8721576342932094 
61600 0.37916666666666665 0.872161030935645 
61700 0.48125 0.8721594868802774 
61800 0.49583333333333335 0.8721435872127205 
61900 0.49583333333333335 0.8721305660113191 
62000 0.4083333333333333 0.8721090520045376 
62100 0.42291666666666666 0.8721110905353108 
62200 0.3645833333333333 0.8721316779472998 
62300 0.39375 0.8721363488012498 
62400 0.30625 0.8721346613035047 
62500 0.4666666666666667 0.8721390457752676 
62600 0.42291666666666666 0.8721498724727507 
62700 0.3645833333333333 0.872171430014407 
62800 0.48125 0.8721580866546711 
62900 0.33541666666666664 0.8721573716369109 
63000 0.4666666666666667 0.8721680343698248 
63100 0.4083333333333333 0.8721678341072249 
63200 0.35 0.8721634151358365 
63300 0.33541666666666664 0.8721713848649048 
63400 0.37916666666666665 0.8721655284091208 
63500 0.39375 0.8721590342409306 
63600 0.4083333333333333 0.8721728038867314 
63700 0.45208333333333334 0.8721711590084928 
63800 0.42291666666666666 0.8721592660512113 
63900 0.39375 0.8721691887972541 
64000 0.39375 0.8721756951714296 
64100 0.48125 0.8721864713499009 
64200 0.35 0.8721807941724687 
64300 0.33541666666666664 0.8721932784871153 
64400 0.4083333333333333 0.8721945311408208 
64500 0.4083333333333333 0.8721963612967241 
64600 0.49583333333333335 0.8722022491911889 
64700 0.4083333333333333 0.872196591500389 
64800 0.37916666666666665 0.8721998888906035 
64900 0.42291666666666666 0.8721858420260602 
65000 0.42291666666666666 0.8721863253385845 
65100 0.39375 0.872199671792036 
65200 0.4375 0.8721974484031431 
65300 0.4083333333333333 0.8722027610603207 
65400 0.45208333333333334 0.8721991381375412 
65500 0.48125 0.8721927273374961 
65600 0.3645833333333333 0.8721837319553055 
65700 0.4666666666666667 0.8721837059811368 
65800 0.37916666666666665 0.8721848198862227 
65900 0.39375 0.8721841600785016 
66000 0.4083333333333333 0.8721696135917133 
66100 0.5104166666666666 0.8721576325118632 
66200 0.45208333333333334 0.8721390789665816 
66300 0.45208333333333334 0.8721281227533019 
66400 0.37916666666666665 0.8721175132904625 
66500 0.37916666666666665 0.8721305569339809 
66600 0.4666666666666667 0.8721445623939581 
66700 0.4083333333333333 0.8721517793336432 
66800 0.4375 0.8721529867317356 
66900 0.4083333333333333 0.8721458448553335 
67000 0.39375 0.8721453162390611 
67100 0.35 0.8721577671470371 
67200 0.45208333333333334 0.8721560443048962 
67300 0.32083333333333336 0.8721589699013883 
67400 0.45208333333333334 0.8721539739766472 
67500 0.3645833333333333 0.8721443015659027 
67600 0.48125 0.8721358288585475 
67700 0.42291666666666666 0.8721120564442671 
67800 0.45208333333333334 0.87209265595886 
67900 0.45208333333333334 0.8721011104401997 
68000 0.39375 0.8721028612324329 
68100 0.4083333333333333 0.872100140477624 
68200 0.42291666666666666 0.8720991994252284 
68300 0.4083333333333333 0.8720972240523565 
68400 0.4666666666666667 0.8720831932281692 
68500 0.35 0.8720770499700734 
68600 0.4375 0.8720815537188477 
68700 0.4666666666666667 0.872081798906372 
68800 0.39375 0.8720636327960349 
68900 0.45208333333333334 0.8720753931970024 
69000 0.48125 0.8720726873523572 
69100 0.4375 0.8720526234545568 
69200 0.49583333333333335 0.8720304499453283 
69300 0.4375 0.8720309471243801 
69400 0.39375 0.8720230376123302 
69500 0.48125 0.8720044196006772 
69600 0.4666666666666667 0.8720129140864834 
69700 0.37916666666666665 0.8720347149490921 
69800 0.39375 0.8720372320358352 
69900 0.42291666666666666 0.8720482062726809 
70000 0.42291666666666666 0.872048792160112 
70100 0.37916666666666665 0.8720441458276867 
70200 0.45208333333333334 0.8720390379054429 
70300 0.42291666666666666 0.872040997520187 
70400 0.3645833333333333 0.8720200470637254 
70500 0.37916666666666665 0.8720149950591717 
70600 0.48125 0.8719964424488794 
70700 0.30625 0.8720095307468542 
70800 0.4375 0.8720219347184361 
70900 0.4083333333333333 0.872007153166622 
71000 0.37916666666666665 0.8720099012689962 
71100 0.37916666666666665 0.8720175056140795 
71200 0.32083333333333336 0.8720232744858453 
71300 0.39375 0.8720303712430401 
71400 0.39375 0.872048652446511 
71500 0.4375 0.8720436310914067 
71600 0.4083333333333333 0.8720428136478541 
71700 0.35 0.8720377563306881 
71800 0.49583333333333335 0.8720368332845875 
71900 0.37916666666666665 0.8720254817967298 
72000 0.49583333333333335 0.872036904580029 
72100 0.42291666666666666 0.872036333291725 
72200 0.39375 0.8720316662280763 
72300 0.4375 0.8720438975025703 
72400 0.39375 0.8720445274696943 
72500 0.45208333333333334 0.8720492935729622 
72600 0.3645833333333333 0.8720670743745494 
72700 0.4375 0.8720688734221904 
72800 0.39375 0.8720592780318952 
72900 0.3645833333333333 0.8720628546476271 
73000 0.3645833333333333 0.872070017305699 
73100 0.48125 0.8720717454845579 
73200 0.5833333333333334 0.8720620847620478 
73300 0.2916666666666667 0.8720759266585721 
73400 0.42291666666666666 0.8720824648165556 
73500 0.45208333333333334 0.8720800283896364 
73600 0.37916666666666665 0.8720682010661087 
73700 0.42291666666666666 0.8720597979222353 
73800 0.42291666666666666 0.8720651368770974 
73900 0.4083333333333333 0.8720690518396232 
74000 0.45208333333333334 0.8720703098606776 
74100 0.42291666666666666 0.8720478356117551 
74200 0.39375 0.8720534426759747 
74300 0.4083333333333333 0.8720567354409766 
74400 0.4666666666666667 0.8720466346778493 
74500 0.4083333333333333 0.8720411470986966 
74600 0.39375 0.8720415946166942 
74700 0.49583333333333335 0.872030383350513 
74800 0.49583333333333335 0.8720119049210572 
74900 0.5104166666666666 0.8719907500122384 
75000 0.45208333333333334 0.8719807069239077 
75100 0.37916666666666665 0.87197934559238 
75200 0.4666666666666667 0.8719698430428673 
75300 0.33541666666666664 0.8719604210656786 
75400 0.4666666666666667 0.8719583184131068 
75500 0.42291666666666666 0.8719645545533613 
75600 0.45208333333333334 0.8719510985304427 
75700 0.37916666666666665 0.8719508879231009 
75800 0.35 0.8719468850454919 
75900 0.42291666666666666 0.8719438259487139 
76000 0.4083333333333333 0.8719429130318461 
76100 0.4083333333333333 0.8719456708847453 
76200 0.4083333333333333 0.871939453987918 
76300 0.525 0.8719423183619263 
76400 0.37916666666666665 0.8719319227933316 
76500 0.3645833333333333 0.871932120713019 
76600 0.35 0.8719258995748532 
76700 0.39375 0.871933384180128 
76800 0.4083333333333333 0.8719524593863796 
76900 0.3645833333333333 0.871949161909468 
77000 0.33541666666666664 0.871949119708402 
77100 0.45208333333333334 0.8719603723254779 
77200 0.35 0.8719582108176491 
77300 0.4083333333333333 0.8719646252959211 
77400 0.35 0.8719544428797216 
77500 0.39375 0.8719569747487129 
77600 0.42291666666666666 0.8719854877299691 
77700 0.33541666666666664 0.8719921022037468 
77800 0.4666666666666667 0.8719967181227319 
77900 0.3645833333333333 0.8719961874687103 
78000 0.37916666666666665 0.8719875386212997 
78100 0.48125 0.8719820595553621 
78200 0.45208333333333334 0.871984586727365 
78300 0.4375 0.8719680570277945 
78400 0.2916666666666667 0.8719814373115989 
78500 0.4375 0.8719935096368199 
78600 0.4375 0.8720006212813238 
78700 0.4083333333333333 0.8720043794445644 
78800 0.39375 0.8720166939505843 
78900 0.37916666666666665 0.8720138739263972 
79000 0.4083333333333333 0.8720081074923102 
79100 0.33541666666666664 0.8720145763011845 
79200 0.42291666666666666 0.8720081922366301 
79300 0.37916666666666665 0.8720060802091609 
79400 0.49583333333333335 0.8720154658001789 
79500 0.33541666666666664 0.8720170186538534 
79600 0.32083333333333336 0.8720274138097093 
79700 0.33541666666666664 0.8720478203953944 
79800 0.48125 0.8720349160202671 
79900 0.42291666666666666 0.8720249642265637 
80000 0.4375 0.8720259746753165 
80100 0.39375 0.8720205844288252 
80200 0.42291666666666666 0.8720213900076059 
80300 0.42291666666666666 0.872022401132406 
80400 0.42291666666666666 0.8720315460421305 
80500 0.45208333333333334 0.8720239500130433 
80600 0.4375 0.8720340008188484 
80700 0.4375 0.8720404641826 
80800 0.42291666666666666 0.8720456223726604 
80900 0.37916666666666665 0.8720356258472289 
81000 0.4083333333333333 0.8720315695691 
81100 0.3645833333333333 0.8720391343304439 
81200 0.4083333333333333 0.8720417544118915 
81300 0.4666666666666667 0.8720323755755361 
81400 0.4083333333333333 0.8720156488659025 
81500 0.49583333333333335 0.8720136869486264 
81600 0.45208333333333334 0.8720056024640221 
81700 0.45208333333333334 0.8720084005499729 
81800 0.42291666666666666 0.8720107843017404 
81900 0.39375 0.8720162146982332 
82000 0.4375 0.8720170079226676 
82100 0.39375 0.8720117599054823 
82200 0.35 0.8720322745465383 
82300 0.4375 0.8720379562014232 
82400 0.4666666666666667 0.8720469108384608 
82500 0.39375 0.872053975103332 
82600 0.525 0.8720507318313337 
82700 0.2916666666666667 0.8720460856982786 
82800 0.39375 0.8720516660426807 
82900 0.37916666666666665 0.8720416520910483 
83000 0.37916666666666665 0.8720390918984912 
83100 0.42291666666666666 0.8720348832545136 
83200 0.4083333333333333 0.8720527197189136 
83300 0.37916666666666665 0.872046604082384 
83400 0.42291666666666666 0.8720601371686191 
83500 0.42291666666666666 0.8720672506916085 
83600 0.4375 0.872061139619542 
83700 0.5104166666666666 0.8720607181116912 
83800 0.3645833333333333 0.8720493092763412 
83900 0.48125 0.8720408080157964 
84000 0.39375 0.8720313349444253 
84100 0.37916666666666665 0.8720266405869134 
84200 0.45208333333333334 0.8720265099781079 
84300 0.45208333333333334 0.8720283072956825 
84400 0.3645833333333333 0.8720199800160345 
84500 0.4375 0.8720267117154432 
84600 0.48125 0.8720212625540281 
84700 0.37916666666666665 0.8720065288485378 
84800 0.3645833333333333 0.8720108941325377 
84900 0.39375 0.8720346344566023 
85000 0.49583333333333335 0.8720383191570296 
85100 0.30625 0.8720429744264658 
85200 0.4083333333333333 0.8720435597391267 
85300 0.4375 0.8720483444899044 
85400 0.4083333333333333 0.8720670230247108 
85500 0.49583333333333335 0.8720710381554991 
85600 0.5395833333333333 0.872077623703773 
85700 0.39375 0.872074372916691 
85800 0.32083333333333336 0.8720841443184423 
85900 0.4083333333333333 0.8720862291087027 
86000 0.4666666666666667 0.8720969329813995 
86100 0.4375 0.872090384161237 
86200 0.4083333333333333 0.8721005266760247 
86300 0.32083333333333336 0.8721043209232802 
86400 0.4083333333333333 0.8721086850846633 
86500 0.4666666666666667 0.8721137135216164 
86600 0.39375 0.8721258511256605 
86700 0.4375 0.8721300792378404 
86800 0.49583333333333335 0.8721338175827468 
86900 0.4666666666666667 0.8721247453999379 
87000 0.39375 0.8721321210867308 
87100 0.4375 0.872130821307065 
87200 0.45208333333333334 0.8721209236897131 
87300 0.37916666666666665 0.8721196397139399 
87400 0.4375 0.8721284176763805 
87500 0.48125 0.8721373184306465 
87600 0.45208333333333334 0.8721342126992462 
87700 0.42291666666666666 0.8721436091568702 
87800 0.45208333333333334 0.8721353306530297 
87900 0.4375 0.8721347026768751 
88000 0.42291666666666666 0.87212271262069 
88100 0.42291666666666666 0.8721148170849367 
88200 0.525 0.8721102462935039 
88300 0.32083333333333336 0.8721024771331393 
88400 0.4375 0.8720956210902592 
88500 0.4375 0.8720917466092661 
88600 0.48125 0.8720935241513452 
88700 0.39375 0.8720880636445286 
88800 0.42291666666666666 0.8720917651077503 
88900 0.4083333333333333 0.8720874437107944 
89000 0.4083333333333333 0.8720821488897128 
89100 0.4083333333333333 0.872075416287883 
89200 0.49583333333333335 0.8720793021752372 
89300 0.37916666666666665 0.8720879385449211 
89400 0.39375 0.8720954370383628 
89500 0.3645833333333333 0.8721266149726447 
89600 0.35 0.8721389363213953 
89700 0.4375 0.8721562004139679 
89800 0.42291666666666666 0.872154588107779 
89900 0.4083333333333333 0.8721601632165753 
90000 0.37916666666666665 0.8721595223016041 
90100 0.4083333333333333 0.8721524085933193 
90200 0.39375 0.8721449411129958 
90300 0.45208333333333334 0.8721319992764938 
90400 0.45208333333333334 0.8721165049796646 
90500 0.4375 0.8721108054054652 
90600 0.35 0.8721180873647458 
90700 0.3645833333333333 0.8721164412005747 
90800 0.4666666666666667 0.8721050245408457 
90900 0.4375 0.8721076592483398 
91000 0.4083333333333333 0.8721166067772149 
91100 0.39375 0.8721142376775959 
91200 0.45208333333333334 0.8721159855703337 
91300 0.39375 0.8721218369276714 
91400 0.42291666666666666 0.8721344223075604 
91500 0.4375 0.8721367799259024 
91600 0.48125 0.8721339923508841 
91700 0.5104166666666666 0.8721324831063274 
91800 0.48125 0.8721233519605814 
91900 0.56875 0.8721053543124304 
92000 0.42291666666666666 0.8720924681978094 
92100 0.45208333333333334 0.8720895176671987 
92200 0.45208333333333334 0.8720816025133494 
92300 0.39375 0.872084764339859 
92400 0.4083333333333333 0.8720767812758159 
92500 0.42291666666666666 0.872082193706014 
92600 0.3645833333333333 0.8720796301695806 
92700 0.42291666666666666 0.8720830951122426 
92800 0.39375 0.8720795034536266 
92900 0.4375 0.8720797766798348 
93000 0.39375 0.87207857083974 
93100 0.4083333333333333 0.8720823800675253 
93200 0.4375 0.8721012918316327 
93300 0.39375 0.8720968960675662 
93400 0.39375 0.8721015210401031 
93500 0.37916666666666665 0.8721048883612653 
93600 0.4375 0.8720964074457894 
93700 0.4083333333333333 0.8720871442140425 
93800 0.42291666666666666 0.8720847414562034 
93900 0.4083333333333333 0.8720761759725668 
94000 0.49583333333333335 0.8720698006758794 
94100 0.4375 0.8720618891758146 
94200 0.45208333333333334 0.8720690774690998 
94300 0.37916666666666665 0.8720749249742845 
94400 0.39375 0.8720722856043192 
94500 0.45208333333333334 0.8720710186488326 
94600 0.35 0.8720683889881361 
94700 0.45208333333333334 0.8720688447499675 
94800 0.3645833333333333 0.8720780019901337 
94900 0.42291666666666666 0.8720831884455028 
95000 0.37916666666666665 0.8720860833043863 
95100 0.37916666666666665 0.8720998815294616 
95200 0.39375 0.8721010020903142 
95300 0.4083333333333333 0.8720952560833569 
95400 0.49583333333333335 0.872095724014074 
95500 0.4083333333333333 0.8720799607682991 
95600 0.5104166666666666 0.8720780030194942 
95700 0.4375 0.8720611592355357 
95800 0.4375 0.8720630960706742 
95900 0.4375 0.8720493442890759 
96000 0.39375 0.8720550653986243 
96100 0.48125 0.8720547045989809 
96200 0.5104166666666666 0.8720455955066302 
96300 0.4083333333333333 0.8720513459534861 
96400 0.4666666666666667 0.8720500824680242 
96500 0.4666666666666667 0.8720478285199117 
96600 0.5104166666666666 0.8720379447417729 
96700 0.45208333333333334 0.8720310113993995 
96800 0.4375 0.8720411376604236 
96900 0.37916666666666665 0.8720316353804398 
97000 0.42291666666666666 0.8720191888056137 
97100 0.42291666666666666 0.8720228593594985 
97200 0.4375 0.8720191921893807 
97300 0.3645833333333333 0.8720242255132699 
97400 0.4375 0.8720169710783257 
97500 0.39375 0.8720174237529188 
97600 0.48125 0.8720162532487714 
97700 0.48125 0.8720157674947032 
97800 0.32083333333333336 0.8720231217813043 
97900 0.42291666666666666 0.8720196933637041 
98000 0.32083333333333336 0.8720236273099254 
98100 0.33541666666666664 0.8720352408911903 
98200 0.4375 0.8720545106465311 
98300 0.45208333333333334 0.8720548790619288 
98400 0.4666666666666667 0.8720511393854399 
98500 0.37916666666666665 0.8720501145504445 
98600 0.48125 0.8720464718072501 
98700 0.4666666666666667 0.872033633566698 
98800 0.33541666666666664 0.8720363407252963 
98900 0.45208333333333334 0.8720256030441216 
99000 0.42291666666666666 0.8720271344060497 
99100 0.49583333333333335 0.8720185299172898 
99200 0.5395833333333333 0.8720134289640897 
99300 0.4375 0.8720033030885892 
99400 0.4083333333333333 0.8719886704694453 
99500 0.4666666666666667 0.871985876188849 
99600 0.39375 0.8719911614006552 
99700 0.45208333333333334 0.8720017435465375 
99800 0.4083333333333333 0.8719948530909843 
99900 0.37916666666666665 0.871996776809041 
