0 0.07852564102564102 0.9615384615384616 
100 0.22435897435897437 0.9328509774054329 
200 0.3141025641025641 0.9276374537568567 
300 0.2692307692307692 0.9235986881335718 
400 0.23557692307692307 0.9234925506745956 
500 0.25801282051282054 0.9240557346844772 
600 0.2467948717948718 0.924991467212765 
700 0.23557692307692307 0.9250475511174513 
800 0.28044871794871795 0.9249015653510035 
900 0.2916666666666667 0.924659922023962 
1000 0.1907051282051282 0.9248379825302903 
1100 0.28044871794871795 0.9252340529588486 
1200 0.25801282051282054 0.9259084310083477 
1300 0.28044871794871795 0.9254468948934744 
1400 0.16826923076923078 0.925911436885741 
1500 0.2467948717948718 0.92596815798015 
1600 0.20192307692307693 0.9259777542881853 
1700 0.22435897435897437 0.9260785510785511 
1800 0.1907051282051282 0.9260400205014309 
1900 0.2467948717948718 0.9263410620591052 
2000 0.32532051282051283 0.9263813606017504 
2100 0.2467948717948718 0.9261050903721061 
2200 0.20192307692307693 0.926139342257016 
2300 0.23557692307692307 0.9262597644279522 
2400 0.25801282051282054 0.9261138521342603 
2500 0.2467948717948718 0.9261039174073961 
2600 0.2467948717948718 0.9263140902414259 
2700 0.2692307692307692 0.9263259571478749 
2800 0.22435897435897437 0.9259902598888675 
2900 0.28044871794871795 0.9255605936060951 
3000 0.28044871794871795 0.9254169550320833 
3100 0.25801282051282054 0.9253942069969158 
3200 0.22435897435897437 0.9251826352341816 
3300 0.33653846153846156 0.9249256247135678 
3400 0.25801282051282054 0.9249645654747095 
3500 0.3141025641025641 0.9246771984561187 
3600 0.25801282051282054 0.9246131772513333 
3700 0.2916666666666667 0.9245915864735103 
3800 0.33653846153846156 0.9244454900532248 
3900 0.2916666666666667 0.924439985802457 
4000 0.28044871794871795 0.9243682669076321 
4100 0.22435897435897437 0.9243141135057741 
4200 0.30288461538461536 0.9241862438125232 
4300 0.2692307692307692 0.9241120133063867 
4400 0.22435897435897437 0.9239486655130827 
4500 0.2467948717948718 0.9239157680059702 
4600 0.23557692307692307 0.9239734673064384 
4700 0.25801282051282054 0.923968713694304 
4800 0.23557692307692307 0.9241444090173522 
4900 0.2916666666666667 0.9241782158533842 
5000 0.25801282051282054 0.9241452991452992 
5100 0.1907051282051282 0.9241425763676303 
5200 0.25801282051282054 0.9243611928672494 
5300 0.2692307692307692 0.924419799844248 
5400 0.21314102564102563 0.9243409340150684 
5500 0.22435897435897437 0.9243698115494152 
5600 0.2692307692307692 0.9243730515155261 
5700 0.2692307692307692 0.9242513684059027 
5800 0.2467948717948718 0.924338310370891 
5900 0.20192307692307693 0.9243560413489239 
6000 0.28044871794871795 0.9241979969150441 
6100 0.32532051282051283 0.924139170123435 
6200 0.2692307692307692 0.9240910275017677 
6300 0.1907051282051282 0.9241171527514965 
6400 0.2916666666666667 0.9242060535413137 
6500 0.2467948717948718 0.9242503125751856 
6600 0.2692307692307692 0.9243204215367524 
6700 0.22435897435897437 0.9243678708497393 
6800 0.30288461538461536 0.9243592571228213 
6900 0.25801282051282054 0.9243290641638707 
7000 0.2692307692307692 0.9243249132907753 
7100 0.28044871794871795 0.9243123034314416 
7200 0.20192307692307693 0.9242982634178302 
7300 0.28044871794871795 0.924314459908899 
7400 0.2692307692307692 0.9243120299058686 
7500 0.2467948717948718 0.9243353023015735 
7600 0.25801282051282054 0.9243440471732801 
7700 0.28044871794871795 0.9243509001494977 
7800 0.2916666666666667 0.9243633294876725 
7900 0.33653846153846156 0.9243040478485359 
8000 0.32532051282051283 0.924219408471377 
8100 0.2916666666666667 0.9241507063072302 
8200 0.2467948717948718 0.9241473835273372 
8300 0.2692307692307692 0.9241815938147705 
8400 0.25801282051282054 0.9242134635986559 
8500 0.28044871794871795 0.9243275300944986 
8600 0.2467948717948718 0.9243327400809089 
8700 0.3141025641025641 0.9242623158552362 
8800 0.358974358974359 0.9242182560839531 
8900 0.30288461538461536 0.92412369396697 
9000 0.30288461538461536 0.9240244673668737 
9100 0.33653846153846156 0.9239756690586269 
9200 0.25801282051282054 0.9238659259445043 
9300 0.30288461538461536 0.923921194026559 
9400 0.28044871794871795 0.9239064174842283 
9500 0.22435897435897437 0.9238794701772283 
9600 0.21314102564102563 0.9239011561295698 
9700 0.2692307692307692 0.923922725386492 
9800 0.2467948717948718 0.9239085362822737 
9900 0.2692307692307692 0.9238674415171738 
10000 0.23557692307692307 0.923890623758137 
10100 0.2467948717948718 0.923882885421347 
10200 0.2692307692307692 0.9239299691583781 
10300 0.25801282051282054 0.9239515581011553 
10400 0.25801282051282054 0.9239853662986054 
10500 0.2467948717948718 0.9239602333355309 
10600 0.2692307692307692 0.9239138059060708 
10700 0.23557692307692307 0.9239751736597825 
10800 0.21314102564102563 0.9239950479419047 
10900 0.28044871794871795 0.9239851554432785 
11000 0.23557692307692307 0.9240526502252709 
11100 0.28044871794871795 0.92408774677264 
11200 0.2916666666666667 0.9241511174597506 
11300 0.2692307692307692 0.9242785979911013 
11400 0.28044871794871795 0.9242838010161052 
11500 0.2692307692307692 0.9242730286552563 
11600 0.23557692307692307 0.9242229339203738 
11700 0.2467948717948718 0.9242588842943513 
11800 0.2916666666666667 0.9242127459863245 
11900 0.2467948717948718 0.9242107429024495 
12000 0.2692307692307692 0.9242555107587188 
12100 0.23557692307692307 0.9242616630539117 
12200 0.21314102564102563 0.9242816372764737 
12300 0.32532051282051283 0.9242879982657236 
12400 0.28044871794871795 0.9242335192157787 
12500 0.2692307692307692 0.9241676050531342 
12600 0.2916666666666667 0.9241538624325705 
12700 0.30288461538461536 0.9241115680372431 
12800 0.2692307692307692 0.9241332808534589 
12900 0.2467948717948718 0.9241228567056022 
13000 0.32532051282051283 0.9240521932237954 
13100 0.25801282051282054 0.9240657886753605 
13200 0.3141025641025641 0.9240621825463883 
13300 0.2692307692307692 0.9240316421167485 
13400 0.2467948717948718 0.9240398248121552 
13500 0.2692307692307692 0.9240343545302437 
13600 0.2692307692307692 0.923981833914927 
13700 0.2467948717948718 0.9239792060845269 
13800 0.28044871794871795 0.9240058784294709 
13900 0.32532051282051283 0.9239934315738215 
14000 0.2692307692307692 0.9239697164488251 
14100 0.33653846153846156 0.9239242897848671 
14200 0.2692307692307692 0.9239284792150787 
14300 0.20192307692307693 0.923917818190946 
14400 0.2692307692307692 0.9239126467357146 
14500 0.2467948717948718 0.9238927377245424 
14600 0.23557692307692307 0.9238669550206431 
14700 0.21314102564102563 0.9238945022055015 
14800 0.2467948717948718 0.9239106332039242 
14900 0.21314102564102563 0.9239252571243712 
15000 0.25801282051282054 0.9239210975678545 
15100 0.2467948717948718 0.9238692377309026 
15200 0.33653846153846156 0.9238545372352359 
15300 0.1794871794871795 0.923903917793206 
15400 0.2692307692307692 0.9239014616100519 
15500 0.23557692307692307 0.9239073078825353 
15600 0.2467948717948718 0.9239317745903862 
15700 0.2916666666666667 0.9239395988169952 
15800 0.25801282051282054 0.9239477296957836 
15900 0.2692307692307692 0.9239476955972774 
16000 0.22435897435897437 0.9239502659288923 
16100 0.28044871794871795 0.9239810714098026 
16200 0.25801282051282054 0.9240041766969117 
16300 0.30288461538461536 0.923985707971353 
16400 0.28044871794871795 0.9239727408741494 
16500 0.2467948717948718 0.9240065481656901 
16600 0.1907051282051282 0.9240814578670732 
16700 0.30288461538461536 0.9241007754794355 
16800 0.28044871794871795 0.9241284477877538 
16900 0.2692307692307692 0.9241281049975801 
17000 0.3141025641025641 0.9241239957227252 
17100 0.22435897435897437 0.9241077519833149 
17200 0.23557692307692307 0.9241302682163679 
17300 0.28044871794871795 0.9241588228930001 
17400 0.2916666666666667 0.9241782081489569 
17500 0.1907051282051282 0.9242391277274998 
17600 0.1907051282051282 0.9242860618350648 
17700 0.21314102564102563 0.9242846630423603 
17800 0.23557692307692307 0.9243131688078601 
17900 0.3141025641025641 0.9243130665956206 
18000 0.2916666666666667 0.9243275658474814 
18100 0.2916666666666667 0.9243511124898893 
18200 0.30288461538461536 0.9243583756316573 
18300 0.23557692307692307 0.9243443681794045 
18400 0.23557692307692307 0.9243305129737932 
18500 0.25801282051282054 0.924276269196814 
18600 0.358974358974359 0.9242107193023811 
18700 0.21314102564102563 0.9241631806334228 
18800 0.25801282051282054 0.9241928620818042 
18900 0.2692307692307692 0.9241532126233993 
19000 0.2916666666666667 0.9241257882513606 
19100 0.2467948717948718 0.9241630858365585 
19200 0.22435897435897437 0.9241936517729445 
19300 0.2692307692307692 0.9241780683610122 
19400 0.32532051282051283 0.9241187012564777 
19500 0.20192307692307693 0.9241077709361387 
19600 0.23557692307692307 0.9241177190070103 
19700 0.2916666666666667 0.9241410692415718 
19800 0.2692307692307692 0.9241133573932423 
19900 0.23557692307692307 0.9241213558396112 
20000 0.2916666666666667 0.9241206208920323 
20100 0.22435897435897437 0.9240974106403687 
20200 0.1907051282051282 0.9241094944525468 
20300 0.32532051282051283 0.9241325108400622 
20400 0.30288461538461536 0.9240847608023237 
20500 0.25801282051282054 0.9240995436120064 
20600 0.21314102564102563 0.9241348752052116 
20700 0.2692307692307692 0.9241542276540586 
20800 0.2916666666666667 0.9241522843453039 
20900 0.23557692307692307 0.924120456756455 
21000 0.28044871794871795 0.9241363964353346 
21100 0.2692307692307692 0.924120742849713 
21200 0.23557692307692307 0.9241514974499268 
21300 0.16826923076923078 0.9241423900888245 
21400 0.23557692307692307 0.9241762007286983 
21500 0.21314102564102563 0.9241894235092226 
21600 0.25801282051282054 0.9241934727618261 
21700 0.2692307692307692 0.9241722288586488 
21800 0.22435897435897437 0.9241644114184364 
21900 0.2692307692307692 0.9241835930685754 
22000 0.2692307692307692 0.9241740468673335 
22100 0.2692307692307692 0.9241555956976074 
22200 0.2692307692307692 0.9241604097297534 
22300 0.34775641025641024 0.9241878885504732 
22400 0.20192307692307693 0.9241689072946606 
22500 0.2692307692307692 0.9241825719426715 
22600 0.23557692307692307 0.9242005118902159 
22700 0.2467948717948718 0.9242287417588065 
22800 0.25801282051282054 0.9242530691973699 
22900 0.32532051282051283 0.9242451342960054 
23000 0.23557692307692307 0.9242404733796412 
23100 0.25801282051282054 0.924230858027014 
23200 0.28044871794871795 0.9242221544385244 
23300 0.3141025641025641 0.9242154513011986 
23400 0.28044871794871795 0.9242449643287214 
23500 0.28044871794871795 0.92424681328345 
23600 0.23557692307692307 0.9242407698934965 
23700 0.28044871794871795 0.924242080016098 
23800 0.2467948717948718 0.9242546908716397 
23900 0.2467948717948718 0.9242430581705089 
24000 0.25801282051282054 0.9242486157093882 
24100 0.2692307692307692 0.9242527972559922 
24200 0.2692307692307692 0.9242576064349958 
24300 0.30288461538461536 0.9242650138909552 
24400 0.2692307692307692 0.9242613270368281 
24500 0.2916666666666667 0.924251260283463 
24600 0.30288461538461536 0.9242234263981347 
24700 0.2467948717948718 0.9242248834522426 
24800 0.2467948717948718 0.9242481692735715 
24900 0.22435897435897437 0.9242958526019447 
25000 0.23557692307692307 0.9242972588788756 
25100 0.2467948717948718 0.9242862680922918 
25200 0.30288461538461536 0.9242808333816627 
25300 0.28044871794871795 0.9242822823461929 
25400 0.2692307692307692 0.9242920478600176 
25500 0.21314102564102563 0.9243097807124708 
25600 0.23557692307692307 0.9243479070829564 
25700 0.3141025641025641 0.9243375993551084 
25800 0.2692307692307692 0.9243273715290303 
25900 0.25801282051282054 0.9243195738408279 
26000 0.28044871794871795 0.9243202184531364 
26100 0.21314102564102563 0.9243176654003825 
26200 0.2467948717948718 0.9243218599016088 
26300 0.20192307692307693 0.924370746359454 
26400 0.25801282051282054 0.9243771360641934 
26500 0.2916666666666667 0.9243371561208624 
26600 0.25801282051282054 0.9243267555971966 
26700 0.30288461538461536 0.924311391391276 
26800 0.30288461538461536 0.9242754527911798 
26900 0.1794871794871795 0.9242638487369167 
27000 0.22435897435897437 0.9242627765923199 
27100 0.23557692307692307 0.9242684535247541 
27200 0.25801282051282054 0.9242804516048146 
27300 0.28044871794871795 0.9242903659957981 
27400 0.25801282051282054 0.924298921338263 
27500 0.28044871794871795 0.9243280430828157 
27600 0.28044871794871795 0.9243242069453076 
27700 0.2467948717948718 0.9243284978141121 
27800 0.23557692307692307 0.9243219207204315 
27900 0.2467948717948718 0.9243252700252449 
28000 0.25801282051282054 0.9243047867338071 
28100 0.25801282051282054 0.924307488829214 
28200 0.28044871794871795 0.9243143769224405 
28300 0.23557692307692307 0.9243008310841603 
28400 0.2916666666666667 0.9243020514806719 
28500 0.2467948717948718 0.9242949415180214 
28600 0.23557692307692307 0.9242959498457558 
28700 0.22435897435897437 0.9242848904576719 
28800 0.30288461538461536 0.9242652276140697 
28900 0.28044871794871795 0.9242738695050033 
29000 0.1907051282051282 0.9242948297980883 
29100 0.23557692307692307 0.9243138838298799 
29200 0.2467948717948718 0.9243044890454226 
29300 0.2916666666666667 0.9243013934065434 
29400 0.25801282051282054 0.9242915599417079 
29500 0.1794871794871795 0.9242765781950895 
29600 0.21314102564102563 0.9242981872580535 
29700 0.28044871794871795 0.9243027084471817 
29800 0.21314102564102563 0.924320212968245 
29900 0.30288461538461536 0.9243344918573172 
30000 0.25801282051282054 0.9243491028931514 
30100 0.2692307692307692 0.9243522235823156 
30200 0.25801282051282054 0.9243533072007295 
30300 0.25801282051282054 0.9243744811671613 
30400 0.30288461538461536 0.9243858164247296 
30500 0.32532051282051283 0.9243992840924089 
30600 0.23557692307692307 0.9243959054463613 
30700 0.2916666666666667 0.9243935927920163 
30800 0.25801282051282054 0.9244038863207072 
30900 0.2467948717948718 0.9244311237127003 
31000 0.2916666666666667 0.924433062126201 
31100 0.3141025641025641 0.9244410683472128 
31200 0.2916666666666667 0.9244271427855287 
31300 0.25801282051282054 0.9244228291223595 
31400 0.2916666666666667 0.9244121124674292 
31500 0.30288461538461536 0.9244109263116597 
31600 0.2692307692307692 0.924395243902538 
31700 0.2916666666666667 0.924409991919692 
31800 0.2692307692307692 0.9243968299658373 
31900 0.30288461538461536 0.9243765166110861 
32000 0.21314102564102563 0.9243728561367073 
32100 0.22435897435897437 0.9243832966302671 
32200 0.2916666666666667 0.924392776462588 
32300 0.22435897435897437 0.9243845352092774 
32400 0.20192307692307693 0.9244049328961832 
32500 0.28044871794871795 0.9243994662097182 
32600 0.3141025641025641 0.9243675866478848 
32700 0.34775641025641024 0.9243486437723617 
32800 0.2692307692307692 0.9243241489666904 
32900 0.2692307692307692 0.9243113957256385 
33000 0.2916666666666667 0.9243041586152401 
33100 0.2467948717948718 0.9242793424011514 
33200 0.25801282051282054 0.9242639432392753 
33300 0.28044871794871795 0.9242614374404711 
33400 0.32532051282051283 0.9242331336617435 
33500 0.28044871794871795 0.9242411631034358 
33600 0.28044871794871795 0.9242488585886104 
33700 0.1794871794871795 0.9242561279852458 
33800 0.25801282051282054 0.924235191797542 
33900 0.34775641025641024 0.9242118264418492 
34000 0.28044871794871795 0.9241945372647411 
34100 0.3141025641025641 0.9241821429403905 
34200 0.23557692307692307 0.9241857525533441 
34300 0.30288461538461536 0.9241755118150851 
34400 0.25801282051282054 0.9241724115056286 
34500 0.25801282051282054 0.9241742528458855 
34600 0.22435897435897437 0.9241772877469823 
34700 0.2692307692307692 0.9241794738790503 
34800 0.2692307692307692 0.9241720691786782 
34900 0.2467948717948718 0.9241657170942865 
35000 0.22435897435897437 0.924143101405894 
35100 0.23557692307692307 0.9241508387152386 
35200 0.2692307692307692 0.9241671820220725 
35300 0.2692307692307692 0.9241709031268817 
35400 0.28044871794871795 0.9241707100842436 
35500 0.23557692307692307 0.9241957973014845 
35600 0.2467948717948718 0.9241867125599325 
35700 0.32532051282051283 0.9241664565885176 
35800 0.23557692307692307 0.9241599217612457 
35900 0.21314102564102563 0.9241596727182086 
36000 0.2916666666666667 0.9241461597576706 
36100 0.2916666666666667 0.9241509220214796 
36200 0.2467948717948718 0.9241528247909288 
36300 0.30288461538461536 0.924149596076678 
36400 0.3141025641025641 0.9241325611651976 
36500 0.30288461538461536 0.9241221174832582 
36600 0.22435897435897437 0.9241287193358175 
36700 0.23557692307692307 0.9241379924671933 
36800 0.2467948717948718 0.9241787430525509 
36900 0.2916666666666667 0.9241839217754505 
37000 0.28044871794871795 0.9241744332620255 
37100 0.28044871794871795 0.9241916037925579 
37200 0.25801282051282054 0.9241890382047905 
37300 0.28044871794871795 0.9241937041627398 
37400 0.25801282051282054 0.9241758927328831 
37500 0.22435897435897437 0.9241888592372579 
37600 0.28044871794871795 0.9241986881145414 
37700 0.2692307692307692 0.9242077847353569 
37800 0.25801282051282054 0.9241932617438556 
37900 0.2916666666666667 0.9241813523626669 
38000 0.2692307692307692 0.924146732980711 
38100 0.33653846153846156 0.9241282784824949 
38200 0.28044871794871795 0.9241203244108928 
38300 0.23557692307692307 0.9241172654660553 
38400 0.30288461538461536 0.924123153176433 
38500 0.25801282051282054 0.9240982085713392 
38600 0.2916666666666667 0.9240996314031986 
38700 0.25801282051282054 0.9240953324601034 
38800 0.20192307692307693 0.9240997291240841 
38900 0.2692307692307692 0.9241058334140774 
39000 0.358974358974359 0.9241052497667712 
39100 0.2692307692307692 0.9240848322457489 
39200 0.2467948717948718 0.9240890473097559 
39300 0.2692307692307692 0.9240848409285599 
39400 0.2692307692307692 0.924101724608057 
39500 0.30288461538461536 0.9240814416253013 
39600 0.30288461538461536 0.924079714381727 
39700 0.22435897435897437 0.924089782663874 
39800 0.20192307692307693 0.9240971429013187 
39900 0.2692307692307692 0.924113302217861 
40000 0.1907051282051282 0.9241272974585891 
40100 0.2692307692307692 0.9241451392925172 
40200 0.1794871794871795 0.924170785393143 
40300 0.28044871794871795 0.9241664010373224 
40400 0.28044871794871795 0.9241646563711612 
40500 0.2692307692307692 0.9241623663613244 
40600 0.28044871794871795 0.9241735077890592 
40700 0.30288461538461536 0.9241888468688793 
40800 0.25801282051282054 0.9241732385895519 
40900 0.2692307692307692 0.9241645242201463 
41000 0.28044871794871795 0.9241534290283101 
41100 0.20192307692307693 0.9241538511446786 
41200 0.25801282051282054 0.9241629061779059 
41300 0.20192307692307693 0.9241536027872921 
41400 0.2692307692307692 0.9241593631765367 
41500 0.2467948717948718 0.9241648641151062 
41600 0.22435897435897437 0.9241801232588713 
41700 0.30288461538461536 0.9241833959586532 
41800 0.2916666666666667 0.9241795988195596 
41900 0.2467948717948718 0.9241544782910144 
42000 0.21314102564102563 0.9241622910077233 
42100 0.28044871794871795 0.9241498922919792 
42200 0.30288461538461536 0.9241346662705161 
42300 0.30288461538461536 0.9241267103463032 
42400 0.22435897435897437 0.9241303573512719 
42500 0.34775641025641024 0.9241419809729967 
42600 0.22435897435897437 0.924154528092816 
42700 0.2916666666666667 0.9241619123794015 
42800 0.1794871794871795 0.924163945366721 
42900 0.2692307692307692 0.9241714226970981 
43000 0.28044871794871795 0.9241741694736973 
43100 0.34775641025641024 0.9241703595430887 
43200 0.23557692307692307 0.9241651576204017 
43300 0.25801282051282054 0.9241631625727836 
43400 0.28044871794871795 0.9241652384235505 
43500 0.23557692307692307 0.9241578000859396 
43600 0.20192307692307693 0.924163627745541 
43700 0.2916666666666667 0.924163121303919 
43800 0.28044871794871795 0.9241664954376992 
43900 0.28044871794871795 0.9241697081837398 
44000 0.2467948717948718 0.9241551328378901 
44100 0.28044871794871795 0.9241462197205831 
44200 0.28044871794871795 0.9241550400008354 
44300 0.28044871794871795 0.9241659185791372 
44400 0.2467948717948718 0.924174871321332 
44500 0.30288461538461536 0.9241774457387589 
44600 0.25801282051282054 0.9241759124637311 
44700 0.25801282051282054 0.9241786881381074 
44800 0.2467948717948718 0.9241602036126711 
44900 0.2467948717948718 0.9241729240225933 
45000 0.22435897435897437 0.9241720554358052 
45100 0.30288461538461536 0.9241506527514598 
45200 0.21314102564102563 0.9241471427623282 
45300 0.2692307692307692 0.9241502989405905 
45400 0.28044871794871795 0.9241458168491714 
45500 0.2692307692307692 0.9241195882423547 
45600 0.28044871794871795 0.9241246115273001 
45700 0.25801282051282054 0.9241305946848495 
45800 0.33653846153846156 0.92413284280547 
45900 0.30288461538461536 0.9241466724092375 
46000 0.21314102564102563 0.9241312479829034 
46100 0.23557692307692307 0.9241208962039312 
46200 0.32532051282051283 0.9241082999091483 
46300 0.2467948717948718 0.924102195832288 
46400 0.2467948717948718 0.9241071699935733 
46500 0.20192307692307693 0.9241214966978929 
46600 0.2916666666666667 0.9241185673907075 
46700 0.25801282051282054 0.924110160162386 
46800 0.28044871794871795 0.9241028161243541 
46900 0.21314102564102563 0.9240982369300529 
47000 0.2467948717948718 0.9240919042093485 
47100 0.22435897435897437 0.9240977789681639 
47200 0.21314102564102563 0.9241072277369178 
47300 0.22435897435897437 0.9241150103076913 
47400 0.25801282051282054 0.9241238419182978 
47500 0.20192307692307693 0.9241202884257768 
47600 0.3141025641025641 0.9241121712051945 
47700 0.22435897435897437 0.9241016691043944 
47800 0.21314102564102563 0.9241076385592191 
47900 0.25801282051282054 0.9241050853282331 
48000 0.32532051282051283 0.9240951978030372 
48100 0.22435897435897437 0.9241038088125467 
48200 0.2692307692307692 0.9241043381906642 
48300 0.25801282051282054 0.9241075860296994 
48400 0.2692307692307692 0.9241061188076746 
48500 0.33653846153846156 0.9241182708894715 
48600 0.2692307692307692 0.9241152709214066 
48700 0.25801282051282054 0.9241164952649317 
48800 0.2692307692307692 0.9241154158778797 
48900 0.22435897435897437 0.9241016255238869 
49000 0.3141025641025641 0.9240987494237428 
49100 0.2467948717948718 0.9241099194282428 
49200 0.23557692307692307 0.9241095787609069 
49300 0.22435897435897437 0.9241128801152939 
49400 0.2692307692307692 0.924106890289255 
49500 0.25801282051282054 0.9241053923282565 
49600 0.2692307692307692 0.9240992478956431 
49700 0.23557692307692307 0.9241062837821454 
49800 0.2916666666666667 0.9240974591695461 
49900 0.2692307692307692 0.9240790996943178 
50000 0.2467948717948718 0.9240799158375806 
50100 0.30288461538461536 0.9240933954437677 
50200 0.28044871794871795 0.9241103328721105 
50300 0.28044871794871795 0.9241057933802611 
50400 0.23557692307692307 0.9241163433366961 
50500 0.2692307692307692 0.9241135235199709 
50600 0.2916666666666667 0.9241167956040192 
50700 0.2916666666666667 0.9241127216931442 
50800 0.2467948717948718 0.9241209667283957 
50900 0.2692307692307692 0.9241209935425176 
51000 0.25801282051282054 0.9241228427396345 
51100 0.2916666666666667 0.9241351591794832 
51200 0.33653846153846156 0.924126832458701 
51300 0.2467948717948718 0.924128784414159 
51400 0.23557692307692307 0.9241332229892764 
51500 0.3141025641025641 0.9241319187727995 
51600 0.30288461538461536 0.9241351539102551 
51700 0.2467948717948718 0.9241287055400902 
51800 0.21314102564102563 0.9241339143536977 
51900 0.2916666666666667 0.9241326806113612 
52000 0.2692307692307692 0.9241201106093128 
52100 0.33653846153846156 0.9241164473933519 
52200 0.1794871794871795 0.9241137192086407 
52300 0.21314102564102563 0.9241323889968275 
52400 0.28044871794871795 0.92413367771901 
52500 0.25801282051282054 0.9241413716661807 
52600 0.3141025641025641 0.9241352655379955 
52700 0.2467948717948718 0.9241345953149335 
52800 0.3141025641025641 0.9241257328556811 
52900 0.25801282051282054 0.9241044835078974 
53000 0.23557692307692307 0.9240982511699102 
53100 0.23557692307692307 0.9241039934058898 
53200 0.25801282051282054 0.9240962792775729 
53300 0.28044871794871795 0.924089255553487 
53400 0.2467948717948718 0.9240880800753275 
53500 0.25801282051282054 0.9240822960893614 
53600 0.32532051282051283 0.9240826926784278 
53700 0.34775641025641024 0.9240706733723624 
53800 0.21314102564102563 0.9240777027783775 
53900 0.32532051282051283 0.9240872035578999 
54000 0.2916666666666667 0.924084086287101 
54100 0.25801282051282054 0.9240857792571254 
54200 0.23557692307692307 0.9240923741117465 
54300 0.30288461538461536 0.9240991807772346 
54400 0.2467948717948718 0.924084929151472 
54500 0.3141025641025641 0.9240821386951733 
54600 0.30288461538461536 0.924079182357419 
54700 0.21314102564102563 0.9240917055376572 
54800 0.21314102564102563 0.9241033057135866 
54900 0.30288461538461536 0.9240998015542196 
55000 0.30288461538461536 0.9240907741071375 
55100 0.32532051282051283 0.9240859093720203 
55200 0.2692307692307692 0.9240839073428156 
55300 0.34775641025641024 0.9240800579022311 
55400 0.2692307692307692 0.9240947354000367 
55500 0.25801282051282054 0.9240914000625537 
55600 0.20192307692307693 0.9241077913651249 
55700 0.25801282051282054 0.9241070339389938 
55800 0.2467948717948718 0.9241043263171003 
55900 0.3141025641025641 0.9241143569286179 
56000 0.30288461538461536 0.9241163962731435 
56100 0.2692307692307692 0.9241227132017849 
56200 0.2916666666666667 0.924116347049213 
56300 0.23557692307692307 0.924114557786695 
56400 0.23557692307692307 0.92411857127465 
56500 0.30288461538461536 0.9241099204506932 
56600 0.2916666666666667 0.9241188544734419 
56700 0.2692307692307692 0.9241227826217508 
56800 0.25801282051282054 0.9241304775692375 
56900 0.2916666666666667 0.9241403422678796 
57000 0.21314102564102563 0.9241491039968259 
57100 0.2692307692307692 0.9241628306837323 
57200 0.23557692307692307 0.9241694492520527 
57300 0.2467948717948718 0.9241667035837294 
57400 0.25801282051282054 0.9241609522571527 
57500 0.2692307692307692 0.9241601818296137 
57600 0.2692307692307692 0.9241566875397017 
57700 0.1794871794871795 0.9241585378914021 
57800 0.2916666666666667 0.9241609363514693 
57900 0.30288461538461536 0.9241678103075143 
58000 0.2692307692307692 0.9241668689178215 
58100 0.32532051282051283 0.9241520844118045 
58200 0.25801282051282054 0.924148254567835 
58300 0.2916666666666667 0.9241443279109871 
58400 0.2692307692307692 0.924136792529457 
58500 0.2692307692307692 0.9241379941346609 
58600 0.2692307692307692 0.9241186813561858 
58700 0.2467948717948718 0.9241173980786593 
58800 0.30288461538461536 0.9241226056246209 
58900 0.22435897435897437 0.9241205582248179 
59000 0.2467948717948718 0.9241343258415003 
59100 0.3141025641025641 0.92412830664933 
59200 0.23557692307692307 0.9241199256422817 
59300 0.28044871794871795 0.9241245985820277 
59400 0.2467948717948718 0.9241265039568098 
59500 0.2692307692307692 0.9241170909000022 
59600 0.23557692307692307 0.9241139474944277 
59700 0.25801282051282054 0.9241191896884431 
59800 0.32532051282051283 0.9241166964449183 
59900 0.30288461538461536 0.9241233612383509 
60000 0.28044871794871795 0.9241200680843353 
60100 0.25801282051282054 0.9241022803921092 
60200 0.28044871794871795 0.924106966022798 
60300 0.23557692307692307 0.9241111045911132 
60400 0.30288461538461536 0.9241063146772489 
60500 0.28044871794871795 0.9241148906629643 
60600 0.2692307692307692 0.9241182023314332 
60700 0.30288461538461536 0.9241197078238478 
60800 0.23557692307692307 0.9241185726111961 
60900 0.2467948717948718 0.9241242302029481 
61000 0.3141025641025641 0.9241206743563263 
61100 0.30288461538461536 0.9241188087483565 
61200 0.28044871794871795 0.9241169492370453 
61300 0.22435897435897437 0.9241162460645014 
61400 0.2916666666666667 0.9241194079775699 
61500 0.23557692307692307 0.9241227159533366 
61600 0.32532051282051283 0.9241227873007389 
61700 0.32532051282051283 0.9241179235344646 
61800 0.28044871794871795 0.9241098081974444 
61900 0.30288461538461536 0.9241076735846611 
62000 0.22435897435897437 0.9241067865323925 
62100 0.21314102564102563 0.9241047668830635 
62200 0.22435897435897437 0.9241073397698694 
62300 0.2467948717948718 0.924113454161126 
62400 0.25801282051282054 0.9241202166796308 
62500 0.2467948717948718 0.9241121372827266 
62600 0.2916666666666667 0.9241104836123286 
62700 0.28044871794871795 0.9241108288053312 
62800 0.30288461538461536 0.9241018332633116 
62900 0.25801282051282054 0.9240882294073023 
63000 0.2692307692307692 0.9240971551530114 
63100 0.28044871794871795 0.9240968081695645 
63200 0.2692307692307692 0.9240893624289457 
63300 0.28044871794871795 0.9240918136749167 
63400 0.22435897435897437 0.9240928922499403 
63500 0.2467948717948718 0.9240965920585139 
63600 0.30288461538461536 0.9240866737702479 
63700 0.3141025641025641 0.9240775916652276 
63800 0.3141025641025641 0.9240599476175722 
63900 0.23557692307692307 0.9240546474333895 
64000 0.2916666666666667 0.9240516674619267 
64100 0.2916666666666667 0.9240583970248875 
64200 0.3141025641025641 0.9240568183497422 
64300 0.28044871794871795 0.9240481664957956 
64400 0.2692307692307692 0.9240438713525312 
64500 0.21314102564102563 0.9240477885653929 
64600 0.2692307692307692 0.9240553651031043 
64700 0.25801282051282054 0.9240553389774422 
64800 0.25801282051282054 0.9240571924538993 
64900 0.2692307692307692 0.9240699048926195 
65000 0.21314102564102563 0.9240625588008705 
65100 0.23557692307692307 0.924065426542347 
65200 0.25801282051282054 0.9240647952937642 
65300 0.21314102564102563 0.9240806576567131 
65400 0.358974358974359 0.9240930409987458 
65500 0.1907051282051282 0.924094474580345 
65600 0.23557692307692307 0.9241074831176354 
65700 0.2467948717948718 0.9241211350254591 
65800 0.2916666666666667 0.9241212042214306 
65900 0.3141025641025641 0.9241121297330611 
66000 0.2916666666666667 0.9241100756437646 
66100 0.2467948717948718 0.9241153979981683 
66200 0.21314102564102563 0.924117944612348 
66300 0.25801282051282054 0.9241151659158174 
66400 0.2916666666666667 0.9241085823159135 
66500 0.2916666666666667 0.9241142604757437 
66600 0.1907051282051282 0.9241162160112326 
66700 0.30288461538461536 0.9241144656655669 
66800 0.22435897435897437 0.9241051876622451 
66900 0.23557692307692307 0.924100105437081 
67000 0.2467948717948718 0.9241019269134522 
67100 0.25801282051282054 0.9241049371039982 
67200 0.22435897435897437 0.9241135186098802 
67300 0.23557692307692307 0.9241209316431082 
67400 0.2467948717948718 0.9241193826919558 
67500 0.2916666666666667 0.9241119504782266 
67600 0.22435897435897437 0.9241244534768299 
67700 0.25801282051282054 0.9241241370899722 
67800 0.2467948717948718 0.9241215998251293 
67900 0.28044871794871795 0.9241255840422274 
68000 0.2916666666666667 0.9241284253361282 
68100 0.2692307692307692 0.9241239162495826 
68200 0.30288461538461536 0.9241166006664313 
68300 0.2692307692307692 0.9241097288435541 
68400 0.25801282051282054 0.9241182465093665 
68500 0.28044871794871795 0.9241246805680171 
68600 0.2467948717948718 0.9241179671822082 
68700 0.28044871794871795 0.9241013828410664 
68800 0.2916666666666667 0.9240932320974762 
68900 0.22435897435897437 0.9240945946599711 
69000 0.3141025641025641 0.9240842013066328 
69100 0.3141025641025641 0.9240739771846412 
69200 0.21314102564102563 0.9240747595540156 
69300 0.23557692307692307 0.9240812745884823 
69400 0.3141025641025641 0.9240851846145718 
69500 0.28044871794871795 0.924081843131569 
69600 0.23557692307692307 0.9240877212565838 
69700 0.22435897435897437 0.9240929847233917 
69800 0.2467948717948718 0.9240927688568124 
69900 0.21314102564102563 0.9240908570692837 
70000 0.2916666666666667 0.9240883097274435 
70100 0.3141025641025641 0.9240883300614974 
70200 0.28044871794871795 0.9240843325703229 
70300 0.2692307692307692 0.9240721399812309 
70400 0.32532051282051283 0.9240533806520085 
70500 0.30288461538461536 0.924045539997796 
70600 0.2916666666666667 0.9240434416742118 
70700 0.20192307692307693 0.924050053330403 
70800 0.2916666666666667 0.9240526625909601 
70900 0.25801282051282054 0.9240582932720561 
71000 0.28044871794871795 0.9240586716185651 
71100 0.2467948717948718 0.9240543607342246 
71200 0.25801282051282054 0.9240656822379691 
71300 0.25801282051282054 0.9240812873843968 
71400 0.28044871794871795 0.9240845940892158 
71500 0.28044871794871795 0.9240838123476128 
71600 0.23557692307692307 0.9240767211029498 
71700 0.2692307692307692 0.9240769806522028 
71800 0.23557692307692307 0.9240767038099248 
71900 0.30288461538461536 0.9240689388079549 
72000 0.20192307692307693 0.9240659584856193 
72100 0.22435897435897437 0.9240690765340216 
72200 0.22435897435897437 0.9240771578204577 
72300 0.21314102564102563 0.9240826012620317 
72400 0.23557692307692307 0.924083248602247 
72500 0.25801282051282054 0.9240785449820498 
72600 0.23557692307692307 0.9240771212093921 
72700 0.2692307692307692 0.9240855767158707 
72800 0.25801282051282054 0.9240876252404253 
72900 0.28044871794871795 0.9240844362516218 
73000 0.2467948717948718 0.9240880174103692 
73100 0.2467948717948718 0.9240791805787497 
73200 0.28044871794871795 0.924078906025874 
73300 0.2467948717948718 0.9240654708247238 
73400 0.25801282051282054 0.9240750842142512 
73500 0.28044871794871795 0.9240766042255137 
73600 0.22435897435897437 0.9240866118388162 
73700 0.25801282051282054 0.9240822846574465 
73800 0.2692307692307692 0.9240882185252858 
73900 0.2916666666666667 0.9240874138964151 
74000 0.2692307692307692 0.9240885171683404 
74100 0.28044871794871795 0.9240778525083055 
74200 0.25801282051282054 0.9240726159955686 
74300 0.2692307692307692 0.9240672641669937 
74400 0.2916666666666667 0.9240748935343094 
74500 0.28044871794871795 0.9240769526755621 
74600 0.2467948717948718 0.9240738936269157 
74700 0.22435897435897437 0.9240754766266472 
74800 0.28044871794871795 0.9240811260236135 
74900 0.28044871794871795 0.9240872738339394 
75000 0.22435897435897437 0.9240881061756784 
75100 0.23557692307692307 0.9240939295765463 
75200 0.22435897435897437 0.924097563828086 
75300 0.23557692307692307 0.9241004222710973 
75400 0.32532051282051283 0.9241014878058816 
75500 0.30288461538461536 0.9241004279447479 
75600 0.22435897435897437 0.9241057301846841 
75700 0.3141025641025641 0.924102635232607 
75800 0.2467948717948718 0.9240961657700882 
75900 0.25801282051282054 0.924106435542385 
76000 0.2916666666666667 0.9241080329914687 
76100 0.3141025641025641 0.9241028875593468 
76200 0.2692307692307692 0.9240924138218793 
76300 0.2916666666666667 0.9240908728890538 
76400 0.23557692307692307 0.924100998476661 
76500 0.32532051282051283 0.9240940456953973 
76600 0.23557692307692307 0.9240868600162212 
76700 0.2916666666666667 0.9240921039039708 
76800 0.2692307692307692 0.9240946214976501 
76900 0.25801282051282054 0.9240956321130831 
77000 0.2692307692307692 0.924091228918439 
77100 0.30288461538461536 0.9240839687802114 
77200 0.33653846153846156 0.9240737797670351 
77300 0.28044871794871795 0.9240642805231233 
77400 0.23557692307692307 0.9240628806558188 
77500 0.2467948717948718 0.9240563149061104 
77600 0.21314102564102563 0.9240567462288187 
77700 0.2916666666666667 0.924059115168303 
77800 0.22435897435897437 0.9240579351198109 
77900 0.25801282051282054 0.9240514094318923 
78000 0.22435897435897437 0.9240520091951484 
78100 0.28044871794871795 0.9240563829413524 
78200 0.32532051282051283 0.9240490235714082 
78300 0.2916666666666667 0.9240402093957604 
78400 0.22435897435897437 0.9240373454812684 
78500 0.25801282051282054 0.9240451452684418 
78600 0.2692307692307692 0.9240480727230259 
78700 0.28044871794871795 0.9240461871432253 
78800 0.2467948717948718 0.9240469908132755 
78900 0.23557692307692307 0.9240419428566601 
79000 0.21314102564102563 0.9240503771617302 
79100 0.2692307692307692 0.9240540898863803 
79200 0.25801282051282054 0.9240558507581651 
79300 0.30288461538461536 0.9240639122796978 
79400 0.2692307692307692 0.9240649701176017 
79500 0.22435897435897437 0.924071024425108 
79600 0.25801282051282054 0.9240680844429541 
79700 0.1794871794871795 0.924067202772928 
79800 0.2692307692307692 0.924078854483862 
79900 0.22435897435897437 0.9240751134657343 
80000 0.22435897435897437 0.924084963361035 
80100 0.32532051282051283 0.9240812640707773 
80200 0.2467948717948718 0.9240788528437685 
80300 0.25801282051282054 0.9240820754858563 
80400 0.30288461538461536 0.9240811442261051 
80500 0.25801282051282054 0.9240850328662903 
80600 0.28044871794871795 0.9240860089857 
80700 0.2467948717948718 0.9240876578595442 
80800 0.2916666666666667 0.9240918413360586 
80900 0.3141025641025641 0.924095974852455 
81000 0.30288461538461536 0.924092223932658 
81100 0.28044871794871795 0.9240886008234747 
81200 0.2467948717948718 0.9240927625307128 
81300 0.22435897435897437 0.9240996736092122 
81400 0.28044871794871795 0.9241073945730522 
81500 0.21314102564102563 0.9241091583271434 
81600 0.25801282051282054 0.9241083646850733 
81700 0.2467948717948718 0.9241093775646596 
81800 0.25801282051282054 0.9241082721388586 
81900 0.23557692307692307 0.9241138222225144 
82000 0.30288461538461536 0.9241090790324946 
82100 0.28044871794871795 0.9241018879497704 
82200 0.25801282051282054 0.9241027855734489 
82300 0.2916666666666667 0.9241010328254105 
82400 0.3141025641025641 0.9240990120545587 
82500 0.2916666666666667 0.9240938105179145 
82600 0.20192307692307693 0.9241031725263151 
82700 0.2692307692307692 0.9241035593467849 
82800 0.23557692307692307 0.9241087838342098 
82900 0.30288461538461536 0.924109626898194 
83000 0.22435897435897437 0.9241151404107272 
83100 0.23557692307692307 0.9241200621177998 
83200 0.2467948717948718 0.9241166125653691 
83300 0.28044871794871795 0.9241149412125751 
83400 0.23557692307692307 0.9241089312401407 
83500 0.3141025641025641 0.9241052387212313 
83600 0.28044871794871795 0.9241054655523382 
83700 0.2692307692307692 0.9241032794081742 
83800 0.22435897435897437 0.9241111191684573 
83900 0.3141025641025641 0.9241146234924617 
84000 0.2467948717948718 0.9241248348997066 
84100 0.22435897435897437 0.9241232458896339 
84200 0.22435897435897437 0.9241290833685817 
84300 0.2467948717948718 0.9241356293793395 
84400 0.2467948717948718 0.924145083953617 
84500 0.28044871794871795 0.9241421130200553 
84600 0.2916666666666667 0.92413460288249 
84700 0.20192307692307693 0.9241302890802306 
84800 0.25801282051282054 0.9241377777656831 
84900 0.2467948717948718 0.9241342631644277 
85000 0.20192307692307693 0.9241356210288929 
85100 0.23557692307692307 0.9241353938713547 
85200 0.25801282051282054 0.9241315558773687 
85300 0.2916666666666667 0.9241373459114166 
85400 0.25801282051282054 0.9241395194735905 
85500 0.2916666666666667 0.9241447243532015 
85600 0.2692307692307692 0.924149205661688 
85700 0.2467948717948718 0.9241510585850209 
85800 0.28044871794871795 0.9241490222306297 
85900 0.2467948717948718 0.9241447892162087 
86000 0.25801282051282054 0.9241419449803655 
86100 0.25801282051282054 0.9241360176584507 
86200 0.23557692307692307 0.9241332273794194 
86300 0.30288461538461536 0.9241388741075882 
86400 0.2692307692307692 0.9241417997595588 
86500 0.25801282051282054 0.9241394200570973 
86600 0.25801282051282054 0.924137082860712 
86700 0.2692307692307692 0.9241449541143316 
86800 0.30288461538461536 0.924147711579596 
86900 0.21314102564102563 0.9241548886015003 
87000 0.1794871794871795 0.9241626017266528 
87100 0.28044871794871795 0.9241644462853175 
87200 0.2692307692307692 0.9241626845610745 
87300 0.28044871794871795 0.9241553464156871 
87400 0.2467948717948718 0.9241540025212409 
87500 0.25801282051282054 0.9241585224373993 
87600 0.30288461538461536 0.9241633613244667 
87700 0.23557692307692307 0.9241640960150441 
87800 0.3141025641025641 0.9241674938577593 
87900 0.2692307692307692 0.9241643206416076 
88000 0.2692307692307692 0.9241721539294863 
88100 0.30288461538461536 0.9241664723966287 
88200 0.30288461538461536 0.9241574969061052 
88300 0.2692307692307692 0.9241528248801666 
88400 0.30288461538461536 0.9241522241742828 
88500 0.2692307692307692 0.924149379450732 
88600 0.25801282051282054 0.9241431407123668 
88700 0.33653846153846156 0.92414327563734 
88800 0.30288461538461536 0.9241426162040794 
88900 0.3701923076923077 0.9241365503373242 
89000 0.2692307692307692 0.9241232236226674 
89100 0.23557692307692307 0.9241259342969762 
89200 0.23557692307692307 0.9241290700719407 
89300 0.30288461538461536 0.9241261331957404 
89400 0.2692307692307692 0.9241242425728617 
89500 0.2467948717948718 0.9241299481254901 
89600 0.30288461538461536 0.9241294167676127 
89700 0.25801282051282054 0.9241247775015514 
89800 0.28044871794871795 0.9241276437730264 
89900 0.23557692307692307 0.9241306819267576 
90000 0.22435897435897437 0.9241325737406336 
90100 0.28044871794871795 0.9241278092761428 
90200 0.2692307692307692 0.9241277812884557 
90300 0.2467948717948718 0.9241288891652675 
90400 0.28044871794871795 0.9241259882251133 
90500 0.32532051282051283 0.9241225624649565 
90600 0.2692307692307692 0.924123955443974 
90700 0.30288461538461536 0.9241121645395027 
90800 0.30288461538461536 0.9241139541838322 
90900 0.30288461538461536 0.9241135185390474 
91000 0.2692307692307692 0.924114316579784 
91100 0.2467948717948718 0.9241090967224599 
91200 0.34775641025641024 0.924109089559578 
91300 0.25801282051282054 0.9241067654776157 
91400 0.30288461538461536 0.9241090402141704 
91500 0.2467948717948718 0.9241066862377012 
91600 0.28044871794871795 0.9241107405892725 
91700 0.25801282051282054 0.9241148210502416 
91800 0.2692307692307692 0.9241084882880723 
91900 0.2467948717948718 0.9241046803709343 
92000 0.1907051282051282 0.9241148159203397 
92100 0.23557692307692307 0.9241191874360896 
92200 0.25801282051282054 0.9241212899131468 
92300 0.30288461538461536 0.9241241517787817 
92400 0.25801282051282054 0.9241070623333802 
92500 0.22435897435897437 0.9241081662596025 
92600 0.2692307692307692 0.9241136635562721 
92700 0.2467948717948718 0.9241210851873088 
92800 0.25801282051282054 0.9241280418342088 
92900 0.20192307692307693 0.9241270828969024 
93000 0.25801282051282054 0.9241346384750757 
93100 0.34775641025641024 0.9241427630703793 
93200 0.2692307692307692 0.9241384212615744 
93300 0.28044871794871795 0.9241407531565193 
93400 0.3141025641025641 0.924134878586651 
93500 0.23557692307692307 0.9241319645834036 
93600 0.28044871794871795 0.9241354943884832 
93700 0.25801282051282054 0.9241365538336755 
93800 0.2467948717948718 0.9241351508198343 
93900 0.2467948717948718 0.9241485645411056 
94000 0.2916666666666667 0.9241488565724478 
94100 0.25801282051282054 0.9241491820436253 
94200 0.2916666666666667 0.9241467508510852 
94300 0.30288461538461536 0.9241487772786486 
94400 0.28044871794871795 0.9241516482197195 
94500 0.25801282051282054 0.9241492899681701 
94600 0.2467948717948718 0.9241461913315276 
94700 0.2692307692307692 0.9241476005858114 
94800 0.28044871794871795 0.9241437664700605 
94900 0.30288461538461536 0.9241402443950363 
95000 0.2692307692307692 0.9241419928373223 
95100 0.2916666666666667 0.9241397607240238 
95200 0.34775641025641024 0.9241325505899932 
95300 0.25801282051282054 0.9241311402280332 
95400 0.2467948717948718 0.924134100352117 
95500 0.28044871794871795 0.9241401754686955 
95600 0.23557692307692307 0.9241466737151929 
95700 0.21314102564102563 0.9241476323560105 
95800 0.23557692307692307 0.9241464812609685 
95900 0.1907051282051282 0.9241456667786946 
96000 0.23557692307692307 0.9241460559037981 
96100 0.28044871794871795 0.9241468110873736 
96200 0.2692307692307692 0.9241478978708841 
96300 0.33653846153846156 0.9241466526294825 
96400 0.3141025641025641 0.9241448780055744 
96500 0.20192307692307693 0.9241519418292198 
96600 0.3141025641025641 0.9241533505917415 
96700 0.25801282051282054 0.9241561816638599 
96800 0.2692307692307692 0.9241637416862879 
96900 0.2692307692307692 0.924169466907674 
97000 0.25801282051282054 0.924175279451256 
97100 0.30288461538461536 0.924171474639544 
97200 0.28044871794871795 0.9241739427604285 
97300 0.30288461538461536 0.9241655684356684 
97400 0.2692307692307692 0.9241696499720031 
97500 0.2916666666666667 0.9241791142707544 
97600 0.25801282051282054 0.9241823854263789 
97700 0.1794871794871795 0.9241844360829837 
97800 0.2467948717948718 0.9241878589674113 
97900 0.2692307692307692 0.92418374501295 
98000 0.28044871794871795 0.9241863112856776 
98100 0.28044871794871795 0.9241816192051154 
98200 0.2467948717948718 0.9241770345959712 
98300 0.2467948717948718 0.9241791433897821 
98400 0.3141025641025641 0.9241788049892135 
98500 0.23557692307692307 0.9241762546208694 
98600 0.30288461538461536 0.9241783902956203 
98700 0.34775641025641024 0.9241732476666773 
98800 0.28044871794871795 0.9241665907565039 
98900 0.25801282051282054 0.9241676278713316 
99000 0.33653846153846156 0.924163418188731 
99100 0.2467948717948718 0.9241606723935358 
99200 0.2467948717948718 0.9241633601191469 
99300 0.33653846153846156 0.9241581668684619 
99400 0.28044871794871795 0.9241585623525946 
99500 0.32532051282051283 0.9241515160651652 
99600 0.2916666666666667 0.924159897992992 
99700 0.23557692307692307 0.9241602584033953 
99800 0.2692307692307692 0.9241631551916519 
99900 0.23557692307692307 0.924156774180798 
