0 0.018229166666666668 0.9895833333333334 
100 0.07291666666666667 0.983730404290429 
200 0.08203125 0.9818356135986733 
300 0.08203125 0.9798068936877077 
400 0.10026041666666667 0.9784458125519534 
500 0.07291666666666667 0.977773619427811 
600 0.09114583333333333 0.9779620770937326 
700 0.07291666666666667 0.9781413456966239 
800 0.10026041666666667 0.9782075790678318 
900 0.07291666666666667 0.9779093830928598 
1000 0.0546875 0.9778684856809857 
1100 0.09114583333333333 0.9777877119285499 
1200 0.09114583333333333 0.9776640126283652 
1300 0.109375 0.9774532410965924 
1400 0.08203125 0.977177759933381 
1500 0.045572916666666664 0.9771714690206529 
1600 0.07291666666666667 0.9773692874245263 
1700 0.07291666666666667 0.9774902630805409 
1800 0.08203125 0.9775168309272626 
1900 0.06380208333333333 0.977477588549886 
2000 0.08203125 0.9774930243211728 
2100 0.07291666666666667 0.9773086724575599 
2200 0.109375 0.9771091265333939 
2300 0.06380208333333333 0.9769789855859771 
2400 0.09114583333333333 0.9768900544911843 
2500 0.08203125 0.9768301012928162 
2600 0.09114583333333333 0.9768638664616174 
2700 0.08203125 0.9768372824879674 
2800 0.109375 0.9767372887659169 
2900 0.09114583333333333 0.9766908680914627 
3000 0.08203125 0.976676177385316 
3100 0.08203125 0.9766414395893798 
3200 0.06380208333333333 0.9766544309070082 
3300 0.07291666666666667 0.9766855687670403 
3400 0.109375 0.9766643389199255 
3500 0.08203125 0.976551342473579 
3600 0.09114583333333333 0.9764431755068037 
3700 0.09114583333333333 0.9763802575880393 
3800 0.06380208333333333 0.9763144841269841 
3900 0.036458333333333336 0.976350882252414 
4000 0.08203125 0.9763529169790885 
4100 0.07291666666666667 0.9762856366333414 
4200 0.10026041666666667 0.9763188824089503 
4300 0.109375 0.9762839795008913 
4400 0.10026041666666667 0.9762228518139817 
4500 0.07291666666666667 0.9762888339628231 
4600 0.10026041666666667 0.976224597913497 
4700 0.06380208333333333 0.9762949372473941 
4800 0.07291666666666667 0.9762728468027494 
4900 0.09114583333333333 0.9762877899068217 
5000 0.06380208333333333 0.9762167358195027 
5100 0.07291666666666667 0.9763072395935437 
5200 0.08203125 0.9762996298788694 
5300 0.06380208333333333 0.9763478195937874 
5400 0.06380208333333333 0.9763532409121768 
5500 0.07291666666666667 0.9764129059867903 
5600 0.07291666666666667 0.97650949607213 
5700 0.0546875 0.9764519565280945 
5800 0.10026041666666667 0.9764812460495317 
5900 0.08203125 0.9764517313449698 
6000 0.09114583333333333 0.9764427282952841 
6100 0.08203125 0.9764276177402612 
6200 0.09114583333333333 0.97641887397194 
6300 0.06380208333333333 0.9764484308046342 
6400 0.08203125 0.9764559085819924 
6500 0.109375 0.9764130838845306 
6600 0.06380208333333333 0.976413769378377 
6700 0.10026041666666667 0.9764354200865543 
6800 0.06380208333333333 0.9764809403028967 
6900 0.08203125 0.9765213676761823 
7000 0.07291666666666667 0.9765301385516355 
7100 0.07291666666666667 0.9765588326761488 
7200 0.10026041666666667 0.9765057225848262 
7300 0.07291666666666667 0.9764804621513035 
7400 0.045572916666666664 0.9765054975678963 
7500 0.07291666666666667 0.9765239634715371 
7600 0.09114583333333333 0.9765045991755471 
7700 0.07291666666666667 0.9764908101761676 
7800 0.07291666666666667 0.9765170998376277 
7900 0.07291666666666667 0.9765262440408388 
8000 0.08203125 0.9765354851476898 
8100 0.0546875 0.9765412834835205 
8200 0.07291666666666667 0.9765752017030443 
8300 0.10026041666666667 0.9765305008432719 
8400 0.07291666666666667 0.9765377013649169 
8500 0.06380208333333333 0.9765533099047171 
8600 0.09114583333333333 0.976510119947293 
8700 0.09114583333333333 0.9765403521625867 
8800 0.08203125 0.9765213706775745 
8900 0.06380208333333333 0.976514518499794 
9000 0.09114583333333333 0.9764991389845573 
9100 0.08203125 0.9764892479764129 
9200 0.08203125 0.9764925913849943 
9300 0.06380208333333333 0.9764975428269361 
9400 0.09114583333333333 0.9765328599794348 
9500 0.10026041666666667 0.976501102954075 
9600 0.0546875 0.9765082521785925 
9700 0.07291666666666667 0.9765139117960348 
9800 0.10026041666666667 0.9765189245145053 
9900 0.10026041666666667 0.9765569765680234 
10000 0.07291666666666667 0.9765635415625105 
10100 0.10026041666666667 0.9765800312675312 
10200 0.08203125 0.9765921131098259 
10300 0.08203125 0.9765713482509789 
10400 0.09114583333333333 0.9765569917155402 
10500 0.07291666666666667 0.9765682038218583 
10600 0.08203125 0.9765701152407006 
10700 0.10026041666666667 0.976517722253372 
10800 0.09114583333333333 0.9765022239453137 
10900 0.08203125 0.9764686152646547 
11000 0.07291666666666667 0.9764682850801443 
11100 0.08203125 0.9764658495480888 
11200 0.10026041666666667 0.9764799645864952 
11300 0.09114583333333333 0.9764728600713801 
11400 0.0546875 0.9764866660088296 
11500 0.10026041666666667 0.9764556252354868 
11600 0.06380208333333333 0.9764511590236474 
11700 0.08203125 0.9764438758795545 
11800 0.08203125 0.9764164142163093 
11900 0.07291666666666667 0.9764250815757779 
12000 0.08203125 0.976422971696803 
12100 0.08203125 0.9764079845329587 
12200 0.08203125 0.9763928161626096 
12300 0.109375 0.9763550304175812 
12400 0.0546875 0.9763268839206516 
12500 0.06380208333333333 0.9763456423486121 
12600 0.07291666666666667 0.9763624497394386 
12700 0.10026041666666667 0.9763482370154581 
12800 0.08203125 0.9763499108142593 
12900 0.11848958333333333 0.9763434843552179 
13000 0.09114583333333333 0.9763147225854422 
13100 0.07291666666666667 0.9763058799582729 
13200 0.045572916666666664 0.9763216328308462 
13300 0.09114583333333333 0.9763359741122222 
13400 0.07291666666666667 0.9763326119941298 
13500 0.0546875 0.9763250561686788 
13600 0.08203125 0.9763430767958239 
13700 0.08203125 0.9763724287156655 
13800 0.09114583333333333 0.9763926753496124 
13900 0.0546875 0.9764154407356785 
14000 0.09114583333333333 0.9764151890936361 
14100 0.07291666666666667 0.9764086619152306 
14200 0.07291666666666667 0.976420931331127 
14300 0.08203125 0.9764361248047922 
14400 0.06380208333333333 0.9764261524083976 
14500 0.09114583333333333 0.9764595976139576 
14600 0.09114583333333333 0.9764570919800014 
14700 0.10026041666666667 0.9764234434165476 
14800 0.07291666666666667 0.9764027416503389 
14900 0.09114583333333333 0.9764085324251169 
15000 0.08203125 0.9763954972446282 
15100 0.07291666666666667 0.9763824622541554 
15200 0.0546875 0.9763992363441002 
15300 0.08203125 0.9763975802235147 
15400 0.0546875 0.9763710892690951 
15500 0.07291666666666667 0.9764012200825753 
15600 0.06380208333333333 0.9764072615537466 
15700 0.08203125 0.9764442418741907 
15800 0.06380208333333333 0.9764397163681624 
15900 0.08203125 0.9764395059010964 
16000 0.09114583333333333 0.9764425530695998 
16100 0.10026041666666667 0.9764298736620913 
16200 0.10026041666666667 0.9764096352077032 
16300 0.09114583333333333 0.9763866097171953 
16400 0.08203125 0.9763822836005934 
16500 0.07291666666666667 0.9763917401470618 
16600 0.08203125 0.9763960629881734 
16700 0.08203125 0.9763755413847475 
16800 0.09114583333333333 0.9763566590778326 
16900 0.07291666666666667 0.9763646566771197 
17000 0.09114583333333333 0.9763652076838617 
17100 0.0546875 0.9763585950139368 
17200 0.09114583333333333 0.9763503938724493 
17300 0.09114583333333333 0.9763508672427412 
17400 0.10026041666666667 0.9763576207306094 
17500 0.08203125 0.9763642970401691 
17600 0.07291666666666667 0.9763734127322311 
17700 0.08203125 0.9763606517051767 
17800 0.06380208333333333 0.9763402805085857 
17900 0.109375 0.9763348299908757 
18000 0.10026041666666667 0.97632321931189 
18100 0.08203125 0.9763140388192181 
18200 0.08203125 0.9763209839660825 
18300 0.06380208333333333 0.9763137658688961 
18400 0.045572916666666664 0.9763431391862761 
18500 0.08203125 0.9763541779273193 
18600 0.11848958333333333 0.9763321976417039 
18700 0.07291666666666667 0.97632368144306 
18800 0.10026041666666667 0.9763273063932769 
18900 0.07291666666666667 0.9763107772075551 
19000 0.10026041666666667 0.9762988077381892 
19100 0.0546875 0.9763080957803256 
19200 0.09114583333333333 0.9763050806815617 
19300 0.08203125 0.9763041206845932 
19400 0.10026041666666667 0.9763050497826572 
19500 0.09114583333333333 0.9762936836572483 
19600 0.08203125 0.9762745948335969 
19700 0.08203125 0.9762793608192477 
19800 0.07291666666666667 0.9762632989916334 
19900 0.09114583333333333 0.9762564276502018 
20000 0.08203125 0.976230224947086 
20100 0.08203125 0.9762252707162165 
20200 0.10026041666666667 0.9762125018563438 
20300 0.08203125 0.9761911359046352 
20400 0.10026041666666667 0.9761775107020898 
20500 0.07291666666666667 0.9761755778173422 
20600 0.07291666666666667 0.976187947996052 
20700 0.07291666666666667 0.9761810772023896 
20800 0.08203125 0.9761801566030479 
20900 0.08203125 0.9761860975551409 
21000 0.10026041666666667 0.9761895018887989 
21100 0.07291666666666667 0.9761765832582974 
21200 0.09114583333333333 0.9761602243604861 
21300 0.06380208333333333 0.9761649247687902 
21400 0.109375 0.9761689728283726 
21500 0.08203125 0.9761636571167233 
21600 0.08203125 0.9761569439300649 
21700 0.08203125 0.9761488525874383 
21800 0.07291666666666667 0.9761505110621836 
21900 0.10026041666666667 0.9761494195470527 
22000 0.09114583333333333 0.9761311749087163 
22100 0.109375 0.9761311234031642 
22200 0.06380208333333333 0.9761281398735793 
22300 0.07291666666666667 0.9761354591722344 
22400 0.08203125 0.9761307391411098 
22500 0.09114583333333333 0.9761465462646105 
22600 0.08203125 0.9761442386398832 
22700 0.06380208333333333 0.9761414924819758 
22800 0.07291666666666667 0.9761680088958087 
22900 0.10026041666666667 0.9761556309404247 
23000 0.08203125 0.9761492480399403 
23100 0.07291666666666667 0.9761568988716217 
23200 0.07291666666666667 0.9761489941166329 
23300 0.09114583333333333 0.9761511040298699 
23400 0.07291666666666667 0.9761633227924733 
23500 0.08203125 0.9761892889309675 
23600 0.09114583333333333 0.976191090949536 
23700 0.06380208333333333 0.9761878234743963 
23800 0.10026041666666667 0.976170906684593 
23900 0.0546875 0.9761727629945749 
24000 0.09114583333333333 0.9761856710831494 
24100 0.10026041666666667 0.9761700543200144 
24200 0.08203125 0.9761717835351156 
24300 0.08203125 0.9761700693044182 
24400 0.07291666666666667 0.9761699699807385 
24500 0.08203125 0.9761795436920943 
24600 0.08203125 0.9761754899868569 
24700 0.08203125 0.9761727342347813 
24800 0.07291666666666667 0.9761687406757792 
24900 0.08203125 0.9761810937981071 
25000 0.09114583333333333 0.9761776195618842 
25100 0.06380208333333333 0.9761926400674608 
25200 0.08203125 0.9761954510733701 
25300 0.07291666666666667 0.9761754928988314 
25400 0.06380208333333333 0.9761886014986286 
25500 0.08203125 0.9761803662928251 
25600 0.09114583333333333 0.9761616164082132 
25700 0.09114583333333333 0.9761582112563714 
25800 0.09114583333333333 0.9761566492900792 
25900 0.09114583333333333 0.9761410233517367 
26000 0.06380208333333333 0.9761440465430816 
26100 0.06380208333333333 0.9761403617996757 
26200 0.06380208333333333 0.9761589689642889 
26300 0.09114583333333333 0.9761625825380531 
26400 0.07291666666666667 0.9761568966768935 
26500 0.07291666666666667 0.9761648145353006 
26600 0.10026041666666667 0.9761559324210869 
26700 0.109375 0.9761453612848457 
26800 0.09114583333333333 0.9761376868711367 
26900 0.07291666666666667 0.9761336513202731 
27000 0.0546875 0.9761489350703061 
27100 0.06380208333333333 0.9761579561947283 
27200 0.08203125 0.9761577201512199 
27300 0.10026041666666667 0.9761634952321648 
27400 0.08203125 0.9761535467075411 
27500 0.07291666666666667 0.9761535186599275 
27600 0.10026041666666667 0.9761548117217975 
27700 0.06380208333333333 0.9761591977726436 
27800 0.045572916666666664 0.9761728257676583 
27900 0.06380208333333333 0.9761755291028995 
28000 0.08203125 0.9761752370451056 
28100 0.109375 0.9761510377744564 
28200 0.09114583333333333 0.9761472332541399 
28300 0.07291666666666667 0.9761486085591793 
28400 0.10026041666666667 0.9761338362498974 
28500 0.06380208333333333 0.9761409139153012 
28600 0.07291666666666667 0.9761593235376386 
28700 0.109375 0.9761478440065967 
28800 0.0546875 0.9761424118664861 
28900 0.09114583333333333 0.9761472894536521 
29000 0.07291666666666667 0.9761524925864625 
29100 0.06380208333333333 0.976157391498574 
29200 0.06380208333333333 0.9761772392212595 
29300 0.09114583333333333 0.9761836200129689 
29400 0.07291666666666667 0.9761896916771539 
29500 0.06380208333333333 0.9761957221789092 
29600 0.06380208333333333 0.976203735374931 
29700 0.07291666666666667 0.9761990687743398 
29800 0.08203125 0.9761955694999049 
29900 0.109375 0.9761912227015819 
30000 0.10026041666666667 0.976187252091597 
30100 0.109375 0.9761692060341295 
30200 0.07291666666666667 0.9761557633301325 
30300 0.11848958333333333 0.9761430968999923 
30400 0.09114583333333333 0.9761293145510564 
30500 0.06380208333333333 0.9761280026337934 
30600 0.10026041666666667 0.9761306990239971 
30700 0.08203125 0.9761147166758954 
30800 0.08203125 0.9761093220728764 
30900 0.0546875 0.9761128954834256 
31000 0.10026041666666667 0.9760954451738116 
31100 0.09114583333333333 0.9760838846285758 
31200 0.06380208333333333 0.9760802438223134 
31300 0.045572916666666664 0.9760988400264102 
31400 0.08203125 0.9761067853465388 
31500 0.08203125 0.9761002957578067 
31600 0.10026041666666667 0.9761034065377678 
31700 0.08203125 0.976091546796631 
31800 0.08203125 0.9760888513725984 
31900 0.09114583333333333 0.9760780912040375 
32000 0.09114583333333333 0.9760615390925284 
32100 0.09114583333333333 0.976049795307519 
32200 0.07291666666666667 0.9760448368580686 
32300 0.09114583333333333 0.9760405540850129 
32400 0.07291666666666667 0.9760371818513832 
32500 0.09114583333333333 0.9760339906208014 
32600 0.10026041666666667 0.976020833972373 
32700 0.08203125 0.9760275074411587 
32800 0.10026041666666667 0.9760236603558835 
32900 0.07291666666666667 0.9760257730261491 
33000 0.07291666666666667 0.9760243218639839 
33100 0.06380208333333333 0.9760376700603204 
33200 0.09114583333333333 0.9760558009045912 
33300 0.07291666666666667 0.9760485639820626 
33400 0.08203125 0.9760423059938326 
33500 0.08203125 0.976036707237595 
33600 0.08203125 0.9760348619336726 
33700 0.0546875 0.9760366593968527 
33800 0.07291666666666667 0.9760504650996519 
33900 0.08203125 0.976059810797125 
34000 0.09114583333333333 0.9760540897081459 
34100 0.10026041666666667 0.9760396964165273 
34200 0.08203125 0.976032240163543 
34300 0.07291666666666667 0.9760326472503231 
34400 0.09114583333333333 0.9760290398534927 
34500 0.07291666666666667 0.9760174523926842 
34600 0.08203125 0.9760261023284491 
34700 0.07291666666666667 0.9760308750708433 
34800 0.08203125 0.9760359197053724 
34900 0.09114583333333333 0.9760285492058489 
35000 0.10026041666666667 0.9760195839642677 
35100 0.06380208333333333 0.9760128213346249 
35200 0.06380208333333333 0.9760114976610513 
35300 0.06380208333333333 0.9760303945591721 
35400 0.09114583333333333 0.9760199806031845 
35500 0.07291666666666667 0.9760184278846605 
35600 0.06380208333333333 0.9760169570377236 
35700 0.08203125 0.9760103883644716 
35800 0.06380208333333333 0.9760051657076618 
35900 0.06380208333333333 0.9760159303826264 
36000 0.09114583333333333 0.976008840610909 
36100 0.11848958333333333 0.9760097971662834 
36200 0.0546875 0.9760113958638343 
36300 0.06380208333333333 0.9760173617806672 
36400 0.06380208333333333 0.9760212202274663 
36500 0.08203125 0.9760220610394236 
36600 0.09114583333333333 0.9760162091427375 
36700 0.08203125 0.9760078347093176 
36800 0.08203125 0.9760084927492912 
36900 0.09114583333333333 0.976006677212903 
37000 0.06380208333333333 0.9760042380611335 
37100 0.07291666666666667 0.9759954246516266 
37200 0.10026041666666667 0.9759970890119442 
37300 0.09114583333333333 0.9759974877795948 
37400 0.08203125 0.9759923141538105 
37500 0.09114583333333333 0.9759980011644134 
37600 0.06380208333333333 0.975995554750317 
37700 0.07291666666666667 0.9760088011591205 
37800 0.06380208333333333 0.9760153639013077 
37900 0.09114583333333333 0.9760159142678734 
38000 0.08203125 0.9760264669570099 
38100 0.07291666666666667 0.9760221325118326 
38200 0.0546875 0.9760178207594915 
38300 0.06380208333333333 0.976019106877105 
38400 0.08203125 0.976027981584681 
38500 0.07291666666666667 0.9760361338017194 
38600 0.109375 0.9760265682883863 
38700 0.09114583333333333 0.9760220989121728 
38800 0.07291666666666667 0.9760300019114627 
38900 0.08203125 0.976032508804401 
39000 0.08203125 0.9760291269240959 
39100 0.08203125 0.9760296252014015 
39200 0.07291666666666667 0.9760286594517147 
39300 0.08203125 0.9760185544472999 
39400 0.06380208333333333 0.9760170929460336 
39500 0.07291666666666667 0.9760133973401517 
39600 0.08203125 0.9760105095199616 
39700 0.10026041666666667 0.97600356938952 
39800 0.09114583333333333 0.9759952901099638 
39900 0.07291666666666667 0.9759991917495802 
40000 0.09114583333333333 0.9759994932418357 
40100 0.06380208333333333 0.9759934290915439 
40200 0.08203125 0.9759800103438555 
40300 0.09114583333333333 0.9759819080171708 
40400 0.06380208333333333 0.9759843119601 
40500 0.08203125 0.9759906262602569 
40600 0.08203125 0.9760019124118453 
40700 0.08203125 0.9760077045609035 
40800 0.06380208333333333 0.9760160213597706 
40900 0.07291666666666667 0.9760178668206971 
41000 0.08203125 0.9760245303976326 
41100 0.06380208333333333 0.9760203903189704 
41200 0.0546875 0.9760215796744416 
41300 0.09114583333333333 0.9760289424993746 
41400 0.10026041666666667 0.976031803780907 
41500 0.07291666666666667 0.9760384789924741 
41600 0.06380208333333333 0.9760418669823642 
41700 0.109375 0.9760306882129126 
41800 0.10026041666666667 0.9760288455021012 
41900 0.10026041666666667 0.9760211072925865 
42000 0.10026041666666667 0.9760148939906192 
42100 0.06380208333333333 0.9760101947301331 
42200 0.07291666666666667 0.9760218705322938 
42300 0.109375 0.9760195779453599 
42400 0.08203125 0.9760118300079401 
42500 0.09114583333333333 0.9760105522026933 
42600 0.08203125 0.9760053069959234 
42700 0.09114583333333333 0.9760025867856335 
42800 0.10026041666666667 0.975989414188142 
42900 0.09114583333333333 0.9759786703689891 
43000 0.06380208333333333 0.9759793013534569 
43100 0.06380208333333333 0.9759804127707787 
43200 0.08203125 0.9759818204439712 
43300 0.06380208333333333 0.9759812971024534 
43400 0.07291666666666667 0.9759791561062341 
43500 0.07291666666666667 0.9759808562829974 
43600 0.06380208333333333 0.9759894172916523 
43700 0.08203125 0.9759907286637224 
43800 0.08203125 0.9759857318706574 
43900 0.08203125 0.9759820628611345 
44000 0.06380208333333333 0.9759781146072438 
44100 0.09114583333333333 0.9759764872111744 
44200 0.06380208333333333 0.9759776362525735 
44300 0.09114583333333333 0.9759750767477032 
44400 0.08203125 0.9759643762715554 
44500 0.10026041666666667 0.9759682951881231 
44600 0.06380208333333333 0.9759637302601586 
44700 0.07291666666666667 0.9759665844537407 
44800 0.07291666666666667 0.9759655313683474 
44900 0.06380208333333333 0.975977300524116 
45000 0.045572916666666664 0.9759766912587128 
45100 0.045572916666666664 0.9759898847401758 
45200 0.09114583333333333 0.9759961638938667 
45300 0.06380208333333333 0.9760044848163764 
45400 0.07291666666666667 0.976003132732025 
45500 0.09114583333333333 0.9759982381339605 
45600 0.07291666666666667 0.9759958206325885 
45700 0.08203125 0.9760078303355871 
45800 0.09114583333333333 0.976006084747058 
45900 0.036458333333333336 0.9760200054646595 
46000 0.0546875 0.9760484147083759 
46100 0.109375 0.9760526931809144 
46200 0.09114583333333333 0.9760506401376594 
46300 0.09114583333333333 0.9760529830169254 
46400 0.10026041666666667 0.9760424636142899 
46500 0.06380208333333333 0.97604744611227 
46600 0.07291666666666667 0.9760516807579237 
46700 0.07291666666666667 0.9760546147298773 
46800 0.036458333333333336 0.976055199141044 
46900 0.109375 0.9760572247038087 
47000 0.07291666666666667 0.9760551969638944 
47100 0.0546875 0.9760609735815942 
47200 0.10026041666666667 0.9760524913843633 
47300 0.10026041666666667 0.9760503764014855 
47400 0.07291666666666667 0.9760430511311294 
47500 0.0546875 0.9760518747850923 
47600 0.06380208333333333 0.9760585824527496 
47700 0.08203125 0.976063351222546 
47800 0.08203125 0.9760557332308251 
47900 0.09114583333333333 0.9760497780143769 
48000 0.06380208333333333 0.9760532332659736 
48100 0.08203125 0.9760562951740435 
48200 0.10026041666666667 0.9760495114209249 
48300 0.08203125 0.9760432949110784 
48400 0.07291666666666667 0.9760455513143668 
48500 0.09114583333333333 0.9760494092046212 
48600 0.0546875 0.9760595203802391 
48700 0.08203125 0.9760584142693853 
48800 0.06380208333333333 0.9760664377608382 
48900 0.10026041666666667 0.9760660675821217 
49000 0.07291666666666667 0.9760657520594818 
49100 0.06380208333333333 0.9760701050725376 
49200 0.08203125 0.9760685123269852 
49300 0.09114583333333333 0.9760665034684894 
49400 0.08203125 0.9760704068068797 
49500 0.09114583333333333 0.976061931408793 
49600 0.07291666666666667 0.9760645681706686 
49700 0.08203125 0.9760684518420153 
49800 0.10026041666666667 0.976067299937083 
49900 0.09114583333333333 0.9760605686759785 
50000 0.07291666666666667 0.9760595413091738 
50100 0.0546875 0.9760582581518665 
50200 0.08203125 0.9760577063537911 
50300 0.09114583333333333 0.9760515136378999 
50400 0.0546875 0.9760582627328823 
50500 0.07291666666666667 0.9760567344376019 
50600 0.07291666666666667 0.9760620569916273 
50700 0.08203125 0.9760707485223828 
50800 0.06380208333333333 0.9760717165180476 
50900 0.06380208333333333 0.9760780014963688 
51000 0.07291666666666667 0.9760860489663601 
51100 0.07291666666666667 0.9760846880850342 
51200 0.09114583333333333 0.9760812471924376 
51300 0.08203125 0.9760851802758881 
51400 0.10026041666666667 0.9760830184075536 
51500 0.08203125 0.9760789434509363 
51600 0.07291666666666667 0.9760782151347196 
51700 0.09114583333333333 0.9760767340896049 
51800 0.08203125 0.9760735997696313 
51900 0.08203125 0.9760725849052363 
52000 0.08203125 0.976071624023256 
52100 0.06380208333333333 0.9760735658464649 
52200 0.09114583333333333 0.9760741033856312 
52300 0.06380208333333333 0.9760713526032007 
52400 0.09114583333333333 0.9760789492725965 
52500 0.10026041666666667 0.9760711403116131 
52600 0.08203125 0.976065984962263 
52700 0.07291666666666667 0.9760678165499705 
52800 0.09114583333333333 0.9760706769284673 
52900 0.09114583333333333 0.9760581183878062 
53000 0.08203125 0.9760533213209813 
53100 0.06380208333333333 0.9760529070387877 
53200 0.08203125 0.976054599146006 
53300 0.06380208333333333 0.9760521319956473 
53400 0.08203125 0.9760509907742052 
53500 0.09114583333333333 0.9760450836588724 
53600 0.07291666666666667 0.9760455145426391 
53700 0.06380208333333333 0.976048659475615 
53800 0.06380208333333333 0.9760588112519594 
53900 0.06380208333333333 0.9760612917663866 
54000 0.06380208333333333 0.976067862169219 
54100 0.09114583333333333 0.9760673323968133 
54200 0.10026041666666667 0.97606493076696 
54300 0.09114583333333333 0.9760584135958208 
54400 0.07291666666666667 0.9760592444685453 
54500 0.109375 0.9760597378182664 
54600 0.08203125 0.9760543152445316 
54700 0.08203125 0.9760614332157243 
54800 0.10026041666666667 0.976055409572818 
54900 0.06380208333333333 0.9760495976090295 
55000 0.08203125 0.9760547440804107 
55100 0.0546875 0.9760522627387282 
55200 0.08203125 0.9760605465329735 
55300 0.06380208333333333 0.9760674347359601 
55400 0.09114583333333333 0.9760672472067291 
55500 0.0546875 0.9760677641694143 
55600 0.06380208333333333 0.9760710426371229 
55700 0.08203125 0.9760772079944705 
55800 0.08203125 0.9760777976649164 
55900 0.08203125 0.9760822052229239 
56000 0.07291666666666667 0.9760859925120384 
56100 0.07291666666666667 0.976086424113058 
56200 0.08203125 0.9760816644721624 
56300 0.08203125 0.9760811308857746 
56400 0.10026041666666667 0.9760793987104247 
56500 0.0546875 0.9760821434576379 
56600 0.07291666666666667 0.976080507632374 
56700 0.07291666666666667 0.976085077864588 
56800 0.045572916666666664 0.9760907781846564 
56900 0.06380208333333333 0.9760885866094914 
57000 0.08203125 0.9760837529166155 
57100 0.07291666666666667 0.9760828126915465 
57200 0.08203125 0.9760902071205049 
57300 0.10026041666666667 0.9760841233864447 
57400 0.08203125 0.9760760646591523 
57500 0.06380208333333333 0.9760740121186299 
57600 0.0546875 0.9760702939185084 
57700 0.0546875 0.9760784583456092 
57800 0.07291666666666667 0.9760789803953795 
57900 0.10026041666666667 0.9760791408323403 
58000 0.07291666666666667 0.9760844640609645 
58100 0.07291666666666667 0.9760837629013843 
58200 0.09114583333333333 0.9760843169934079 
58300 0.10026041666666667 0.9760785263831953 
58400 0.09114583333333333 0.9760823872878889 
58500 0.08203125 0.9760832524942593 
58600 0.06380208333333333 0.9760872699129138 
58700 0.045572916666666664 0.9760900314730584 
58800 0.07291666666666667 0.9760976552978124 
58900 0.07291666666666667 0.9760995498095675 
59000 0.09114583333333333 0.9760987896391586 
59100 0.09114583333333333 0.9760947273170787 
59200 0.06380208333333333 0.9760913385472092 
59300 0.0546875 0.9760988519727042 
59400 0.10026041666666667 0.9761019998961858 
59500 0.045572916666666664 0.9761102579508467 
59600 0.07291666666666667 0.9761115847469002 
59700 0.09114583333333333 0.9761148263848177 
59800 0.07291666666666667 0.976116097556897 
59900 0.07291666666666667 0.9761154950807721 
60000 0.07291666666666667 0.976108905129359 
60100 0.09114583333333333 0.9761061934632258 
60200 0.09114583333333333 0.9761042694473514 
60300 0.09114583333333333 0.9760941896347767 
60400 0.06380208333333333 0.9760968188992456 
60500 0.09114583333333333 0.9760978468675449 
60600 0.08203125 0.9761014068112187 
60700 0.08203125 0.9761004074617112 
60800 0.11848958333333333 0.9760931580757992 
60900 0.08203125 0.9760848207199663 
61000 0.07291666666666667 0.9760868418140686 
61100 0.09114583333333333 0.9760831877410626 
61200 0.0546875 0.9760852900007081 
61300 0.11848958333333333 0.9760787616297723 
61400 0.09114583333333333 0.9760758171691015 
61500 0.109375 0.9760694101179926 
61600 0.10026041666666667 0.9760667440463628 
61700 0.08203125 0.9760701643139226 
61800 0.08203125 0.9760694861329104 
61900 0.109375 0.9760673376978294 
62000 0.08203125 0.9760691023800692 
62100 0.09114583333333333 0.9760701484946566 
62200 0.08203125 0.9760696840350905 
62300 0.09114583333333333 0.97607256504711 
62400 0.10026041666666667 0.9760729745917534 
62500 0.09114583333333333 0.9760677995818734 
62600 0.08203125 0.9760635146935885 
62700 0.09114583333333333 0.9760652242388479 
62800 0.10026041666666667 0.9760699139610304 
62900 0.08203125 0.9760664741684022 
63000 0.07291666666666667 0.9760738751501299 
63100 0.07291666666666667 0.9760789828343978 
63200 0.07291666666666667 0.9760797066765822 
63300 0.07291666666666667 0.9760814978568005 
63400 0.09114583333333333 0.9760788473367928 
63500 0.10026041666666667 0.9760774764701868 
63600 0.08203125 0.9760772973302306 
63700 0.08203125 0.9760745432436958 
63800 0.08203125 0.97607334883727 
63900 0.07291666666666667 0.9760777821030449 
64000 0.09114583333333333 0.9760788649786722 
64100 0.08203125 0.9760781569320292 
64200 0.06380208333333333 0.9760815479250063 
64300 0.09114583333333333 0.9760807569089127 
64400 0.06380208333333333 0.9760847398849914 
64500 0.10026041666666667 0.9760873781672635 
64600 0.09114583333333333 0.9760847677796526 
64700 0.06380208333333333 0.9760862306352812 
64800 0.0546875 0.9760888945901041 
64900 0.09114583333333333 0.9760910287078268 
65000 0.10026041666666667 0.9760919142910622 
65100 0.09114583333333333 0.9760944772353727 
65200 0.09114583333333333 0.9760876862190253 
65300 0.08203125 0.9760798791366135 
65400 0.08203125 0.9760805374408138 
65500 0.045572916666666664 0.9760845333786252 
65600 0.07291666666666667 0.9760922486572867 
65700 0.10026041666666667 0.9760893971045596 
65800 0.12760416666666666 0.9760759873203548 
65900 0.09114583333333333 0.9760733666788061 
66000 0.07291666666666667 0.9760671634394429 
66100 0.06380208333333333 0.9760656277892922 
66200 0.07291666666666667 0.9760671650856231 
66300 0.06380208333333333 0.9760719578136077 
66400 0.045572916666666664 0.9760736378217195 
66500 0.0546875 0.9760803643930166 
66600 0.09114583333333333 0.9760840990876013 
66700 0.08203125 0.9760880958806215 
66800 0.07291666666666667 0.9760886501200082 
66900 0.07291666666666667 0.9760923556822768 
67000 0.10026041666666667 0.9760920079551052 
67100 0.10026041666666667 0.9760861502933389 
67200 0.07291666666666667 0.9760841465032762 
67300 0.06380208333333333 0.9760852829081291 
67400 0.08203125 0.9760867636731404 
67500 0.07291666666666667 0.9760859638499183 
67600 0.09114583333333333 0.9760879014980055 
67700 0.06380208333333333 0.9760910643245053 
67800 0.06380208333333333 0.9760948707737841 
67900 0.08203125 0.976099586469026 
68000 0.10026041666666667 0.9760919952770303 
68100 0.06380208333333333 0.9760921890525347 
68200 0.07291666666666667 0.9760908930954092 
68300 0.08203125 0.976089257782951 
68400 0.08203125 0.9760928431236385 
68500 0.07291666666666667 0.9760922361839 
68600 0.08203125 0.97609144120834 
68700 0.06380208333333333 0.9760912171341514 
68800 0.0546875 0.9760906530549459 
68900 0.07291666666666667 0.9760908465285941 
69000 0.08203125 0.976093681311382 
69100 0.06380208333333333 0.9760922116418962 
69200 0.06380208333333333 0.9760904827964914 
69300 0.09114583333333333 0.976094132540175 
69400 0.08203125 0.9760934190429533 
69500 0.06380208333333333 0.9760918832702647 
69600 0.10026041666666667 0.9760878076464419 
69700 0.07291666666666667 0.9760877788099644 
69800 0.07291666666666667 0.9760910331991424 
69900 0.09114583333333333 0.9760864919672108 
70000 0.08203125 0.9760839354080656 
70100 0.10026041666666667 0.9760806431672396 
70200 0.08203125 0.9760762103341358 
70300 0.08203125 0.9760776429211533 
70400 0.08203125 0.9760794783336411 
70500 0.08203125 0.9760740317513227 
70600 0.07291666666666667 0.9760750924798044 
70700 0.045572916666666664 0.9760742716981844 
70800 0.06380208333333333 0.9760786394259968 
70900 0.08203125 0.9760795055194332 
71000 0.08203125 0.976079232158702 
71100 0.06380208333333333 0.9760763957257985 
71200 0.07291666666666667 0.9760746645061165 
71300 0.06380208333333333 0.9760794758605537 
71400 0.09114583333333333 0.9760788758210669 
71500 0.08203125 0.9760787509382153 
71600 0.09114583333333333 0.9760764441721019 
71700 0.07291666666666667 0.9760789017354476 
71800 0.09114583333333333 0.976079974222736 
71900 0.07291666666666667 0.9760816956648726 
72000 0.109375 0.9760789636023574 
72100 0.09114583333333333 0.9760771781944771 
72200 0.06380208333333333 0.9760744238884042 
72300 0.07291666666666667 0.9760743785816701 
72400 0.07291666666666667 0.9760687942270595 
72500 0.10026041666666667 0.9760648416343682 
72600 0.09114583333333333 0.976060864060642 
72700 0.06380208333333333 0.9760613391379303 
72800 0.10026041666666667 0.9760649607606122 
72900 0.109375 0.9760618209969685 
73000 0.10026041666666667 0.9760541950338579 
73100 0.045572916666666664 0.9760574909485963 
73200 0.09114583333333333 0.9760656161345701 
73300 0.09114583333333333 0.9760618531238774 
73400 0.07291666666666667 0.976066118536078 
73500 0.07291666666666667 0.9760684945329542 
73600 0.09114583333333333 0.9760649552429088 
73700 0.10026041666666667 0.9760618495678485 
73800 0.07291666666666667 0.9760594227494659 
73900 0.07291666666666667 0.976058165372142 
74000 0.06380208333333333 0.9760594099516673 
74100 0.09114583333333333 0.976063392363126 
74200 0.09114583333333333 0.9760614678935144 
74300 0.09114583333333333 0.9760622123188113 
74400 0.10026041666666667 0.976059664576641 
74500 0.06380208333333333 0.9760562498042532 
74600 0.0546875 0.9760677149658404 
74700 0.08203125 0.9760720726072386 
74800 0.07291666666666667 0.9760687245714184 
74900 0.07291666666666667 0.9760664980552106 
75000 0.09114583333333333 0.976063201101763 
75100 0.07291666666666667 0.9760664666027528 
75200 0.10026041666666667 0.9760662604774759 
75300 0.08203125 0.9760695478258368 
75400 0.06380208333333333 0.9760720666282057 
75500 0.09114583333333333 0.9760739923974517 
75600 0.08203125 0.976071745082737 
75700 0.09114583333333333 0.9760763494427639 
75800 0.07291666666666667 0.9760786398486387 
75900 0.07291666666666667 0.9760764296034747 
76000 0.08203125 0.9760749447375693 
76100 0.0546875 0.9760757222857344 
76200 0.08203125 0.976075164969401 
76300 0.06380208333333333 0.9760730391257432 
76400 0.06380208333333333 0.9760806673014751 
76500 0.08203125 0.9760801737885779 
76600 0.09114583333333333 0.976078219714277 
76700 0.07291666666666667 0.9760740977953352 
76800 0.08203125 0.9760723601689214 
76900 0.109375 0.9760694756895228 
77000 0.109375 0.9760656517447825 
77100 0.09114583333333333 0.9760633576412757 
77200 0.10026041666666667 0.9760600912445003 
77300 0.08203125 0.9760614823331306 
77400 0.10026041666666667 0.976055938930591 
77500 0.06380208333333333 0.9760553492858157 
77600 0.07291666666666667 0.9760557343547979 
77700 0.07291666666666667 0.9760549453996731 
77800 0.0546875 0.9760566019395638 
77900 0.09114583333333333 0.9760583210848812 
78000 0.09114583333333333 0.9760556956000564 
78100 0.07291666666666667 0.9760584784979279 
78200 0.06380208333333333 0.9760607547644319 
78300 0.0546875 0.9760655195974509 
78400 0.08203125 0.9760670171086253 
78500 0.10026041666666667 0.9760632693638722 
78600 0.09114583333333333 0.9760598293384732 
78700 0.07291666666666667 0.9760584826855229 
78800 0.08203125 0.9760605102832874 
78900 0.07291666666666667 0.9760603213731976 
79000 0.06380208333333333 0.9760605944334038 
79100 0.06380208333333333 0.9760680108869252 
79200 0.07291666666666667 0.9760698846921124 
79300 0.109375 0.9760551043912855 
79400 0.10026041666666667 0.9760496758542084 
79500 0.06380208333333333 0.9760453091785009 
79600 0.08203125 0.9760436688400062 
79700 0.11848958333333333 0.9760384711295969 
79800 0.09114583333333333 0.976032862213506 
79900 0.07291666666666667 0.9760297769531462 
80000 0.09114583333333333 0.9760297918151023 
80100 0.06380208333333333 0.9760324400340403 
80200 0.06380208333333333 0.9760344971800019 
80300 0.08203125 0.9760291875775727 
80400 0.109375 0.9760303043494484 
80500 0.08203125 0.9760274393589313 
80600 0.12760416666666666 0.9760243230026096 
80700 0.07291666666666667 0.9760209562149168 
80800 0.08203125 0.976018306807259 
80900 0.09114583333333333 0.9760153098643197 
81000 0.10026041666666667 0.9760097161866315 
81100 0.06380208333333333 0.9760099161333811 
81200 0.09114583333333333 0.9760113663419581 
81300 0.06380208333333333 0.9760145106353756 
81400 0.09114583333333333 0.9760126884702481 
81500 0.07291666666666667 0.9760108707766367 
81600 0.06380208333333333 0.9760116425248057 
81700 0.07291666666666667 0.9760124123837733 
81800 0.10026041666666667 0.9760143901052555 
81900 0.10026041666666667 0.9760093677631124 
82000 0.09114583333333333 0.9760075969601997 
82100 0.07291666666666667 0.9760072261097104 
82200 0.10026041666666667 0.9760052404573343 
82300 0.10026041666666667 0.976002848284549 
82400 0.10026041666666667 0.9760003355036144 
82500 0.08203125 0.9759978288141962 
82600 0.09114583333333333 0.9759957695730076 
82700 0.10026041666666667 0.9759965493162114 
82800 0.08203125 0.9759975158814507 
82900 0.09114583333333333 0.975999453916921 
83000 0.109375 0.9759995361501669 
83100 0.10026041666666667 0.975997299220226 
83200 0.09114583333333333 0.976001734504393 
83300 0.08203125 0.9760013447717715 
83400 0.07291666666666667 0.9760014243434332 
83500 0.09114583333333333 0.9760058699396814 
83600 0.06380208333333333 0.9760036076621891 
83700 0.08203125 0.9760007596484311 
83800 0.08203125 0.9759996586655688 
83900 0.11848958333333333 0.9759978464201857 
84000 0.109375 0.9759956974718554 
84100 0.10026041666666667 0.9759916957487624 
84200 0.09114583333333333 0.9759880437385937 
84300 0.10026041666666667 0.9759873350652226 
84400 0.07291666666666667 0.9759909168730229 
84500 0.09114583333333333 0.9759897750223864 
84600 0.09114583333333333 0.9759869428749857 
84700 0.09114583333333333 0.9759919267482084 
84800 0.09114583333333333 0.9759911869651694 
84900 0.08203125 0.975989866138208 
85000 0.08203125 0.9759883645976714 
85100 0.06380208333333333 0.9759896206664238 
85200 0.08203125 0.9759866558197674 
85300 0.08203125 0.9759826904627925 
85400 0.11848958333333333 0.9759821191594166 
85500 0.08203125 0.9759798435593345 
85600 0.10026041666666667 0.9759797636709852 
85700 0.08203125 0.9759817806482227 
85800 0.08203125 0.9759779654860278 
85900 0.08203125 0.975979252278786 
86000 0.07291666666666667 0.9759826254442778 
86100 0.10026041666666667 0.9759806373232212 
86200 0.09114583333333333 0.9759776870821297 
86300 0.08203125 0.975979330338003 
86400 0.07291666666666667 0.9759741881845503 
86500 0.06380208333333333 0.9759743866159544 
86600 0.109375 0.9759726901248253 
86700 0.0546875 0.9759703067150322 
86800 0.06380208333333333 0.9759741391228212 
86900 0.07291666666666667 0.9759734676528463 
87000 0.07291666666666667 0.9759724086025832 
87100 0.09114583333333333 0.9759698869702988 
87200 0.09114583333333333 0.9759690136389874 
87300 0.09114583333333333 0.9759727957488078 
87400 0.08203125 0.9759708186500536 
87500 0.08203125 0.9759702151023036 
87600 0.08203125 0.9759736261572356 
87700 0.08203125 0.9759751884243053 
87800 0.06380208333333333 0.9759768657722198 
87900 0.06380208333333333 0.9759797539751159 
88000 0.11848958333333333 0.9759789957405787 
88100 0.10026041666666667 0.9759733620125386 
88200 0.0546875 0.9759755062300881 
88300 0.07291666666666667 0.9759779110183727 
88400 0.0546875 0.9759793087747877 
88500 0.07291666666666667 0.9759808504988644 
88600 0.07291666666666667 0.9759832998969161 
88700 0.07291666666666667 0.9759816628805388 
88800 0.07291666666666667 0.9759807040461256 
88900 0.09114583333333333 0.9759832625148573 
89000 0.06380208333333333 0.9759836792564128 
89100 0.09114583333333333 0.9759866085958632 
89200 0.109375 0.9759833129673434 
89300 0.10026041666666667 0.9759820951986353 
89400 0.10026041666666667 0.9759763360215956 
89500 0.08203125 0.975981355422472 
89600 0.09114583333333333 0.9759767143595868 
89700 0.06380208333333333 0.975976496453031 
89800 0.06380208333333333 0.9759754670512206 
89900 0.09114583333333333 0.9759761779624253 
90000 0.10026041666666667 0.9759751512020237 
90100 0.10026041666666667 0.9759739533042548 
90200 0.08203125 0.9759717475877947 
90300 0.07291666666666667 0.9759735553408415 
90400 0.109375 0.975976108072182 
90500 0.08203125 0.9759752021616704 
90600 0.06380208333333333 0.975973349723881 
90700 0.10026041666666667 0.975975262584389 
90800 0.10026041666666667 0.9759701446478196 
90900 0.09114583333333333 0.9759690487453383 
91000 0.10026041666666667 0.9759711317274902 
91100 0.06380208333333333 0.9759688651423511 
91200 0.09114583333333333 0.9759683453306432 
91300 0.06380208333333333 0.9759634056125709 
91400 0.07291666666666667 0.975964659394682 
91500 0.06380208333333333 0.9759663942652721 
91600 0.08203125 0.9759688645138518 
91700 0.09114583333333333 0.9759688587092834 
91800 0.07291666666666667 0.9759698174130275 
91900 0.08203125 0.9759668635723949 
92000 0.09114583333333333 0.9759653880573762 
92100 0.09114583333333333 0.9759605510074085 
92200 0.08203125 0.9759588030950496 
92300 0.06380208333333333 0.9759589210842786 
92400 0.07291666666666667 0.9759611525668914 
92500 0.06380208333333333 0.9759654343826913 
92600 0.06380208333333333 0.9759673727875509 
92700 0.06380208333333333 0.9759699812209864 
92800 0.08203125 0.9759737626300722 
92900 0.0546875 0.9759705279903697 
93000 0.036458333333333336 0.9759753927377125 
93100 0.10026041666666667 0.9759784009212218 
93200 0.0546875 0.9759795026340919 
93300 0.08203125 0.9759840350943005 
93400 0.08203125 0.9759817547456665 
93500 0.109375 0.9759785880186664 
93600 0.08203125 0.9759757897440554 
93700 0.07291666666666667 0.975979417464417 
93800 0.09114583333333333 0.9759784566084939 
93900 0.07291666666666667 0.9759812140357043 
94000 0.08203125 0.9759836331528388 
94100 0.07291666666666667 0.9759848571393148 
94200 0.08203125 0.9759869908051224 
94300 0.0546875 0.9759884847898396 
94400 0.08203125 0.975992044575799 
94500 0.10026041666666667 0.9759884871147748 
94600 0.10026041666666667 0.975985873123258 
94700 0.109375 0.9759821921979001 
94800 0.109375 0.9759771180771651 
94900 0.08203125 0.9759717528002866 
95000 0.06380208333333333 0.9759748965361769 
95100 0.07291666666666667 0.9759757608577547 
95200 0.06380208333333333 0.9759782919822271 
95300 0.08203125 0.9759783584817229 
95400 0.09114583333333333 0.9759816458946972 
95500 0.10026041666666667 0.9759809724941798 
95600 0.08203125 0.975978039586406 
95700 0.10026041666666667 0.9759782965521084 
95800 0.08203125 0.9759768676301221 
95900 0.10026041666666667 0.9759729162973622 
96000 0.08203125 0.9759737474522835 
96100 0.0546875 0.9759752001366617 
96200 0.07291666666666667 0.9759776513930901 
96300 0.07291666666666667 0.9759793133421945 
96400 0.09114583333333333 0.9759774330228248 
96500 0.09114583333333333 0.9759787139511508 
96600 0.07291666666666667 0.9759786712870467 
96700 0.07291666666666667 0.9759814833007587 
96800 0.06380208333333333 0.9759830789024218 
96900 0.10026041666666667 0.9759789469406921 
97000 0.06380208333333333 0.9759743402559424 
97100 0.09114583333333333 0.9759767160396563 
97200 0.0546875 0.9759766756943515 
97300 0.06380208333333333 0.9759804091598921 
97400 0.09114583333333333 0.9759776379777073 
97500 0.109375 0.9759786918852115 
97600 0.07291666666666667 0.9759789698619891 
97700 0.10026041666666667 0.9759785542539653 
97800 0.09114583333333333 0.9759769412719025 
97900 0.09114583333333333 0.9759772201850169 
98000 0.08203125 0.9759792789104192 
98100 0.07291666666666667 0.9759787319531231 
98200 0.07291666666666667 0.9759809705773532 
98300 0.08203125 0.9759774294429016 
98400 0.09114583333333333 0.9759746100564696 
98500 0.08203125 0.9759748896373303 
98600 0.06380208333333333 0.9759739801489505 
98700 0.09114583333333333 0.9759758428654893 
98800 0.08203125 0.9759754086918824 
98900 0.08203125 0.9759767659073214 
99000 0.08203125 0.9759747271071336 
99100 0.06380208333333333 0.9759720880297206 
99200 0.08203125 0.9759706355866709 
99300 0.09114583333333333 0.9759674814453027 
99400 0.07291666666666667 0.9759710142922774 
99500 0.08203125 0.9759722892232239 
99600 0.09114583333333333 0.9759740583678879 
99700 0.08203125 0.9759727418314093 
99800 0.08203125 0.9759719237115193 
99900 0.08203125 0.9759700905980254 
