0 0.0 1.0 
100 0.0 1.0 
200 0.0 1.0 
300 0.0 1.0 
400 0.0 1.0 
500 0.0 1.0 
600 0.0 1.0 
700 0.0 1.0 
800 0.0 1.0 
900 0.024456521739130436 0.9999879361096367 
1000 0.0 0.9997991139295487 
1100 0.0 0.9998173597125143 
1200 0.0 0.9998325670636788 
1300 0.0 0.9998454366206597 
1400 0.0 0.9998525897650746 
1500 0.0 0.9998624105668684 
1600 0.0 0.9998710045352089 
1700 0.0 0.9998785880428392 
1800 0.0 0.9998853294063684 
1900 0.0 0.9998913615259704 
2000 0.0 0.9998967907350672 
2100 0.0 0.9999017031227366 
2200 0.0 0.9999061691326077 
2300 0.0 0.9999102469625682 
2400 0.024456521739130436 0.9998687141227387 
2500 0.024456521739130436 0.9997631382229717 
2600 0.04891304347826087 0.9995956822626749 
2700 0.04891304347826087 0.9994255348260709 
2800 0.04891304347826087 0.9992888797479161 
2900 0.024456521739130436 0.9992028610823854 
3000 0.024456521739130436 0.9991461179606798 
3100 0.0 0.9991640144133028 
3200 0.0 0.9991901308015159 
3300 0.0 0.9992130184529062 
3400 0.0 0.9992361581632001 
3500 0.0 0.9992579759820176 
3600 0.0 0.9992755635511875 
3700 0.0 0.9992951376243788 
3800 0.0 0.9993136817542294 
3900 0.0 0.9993312751468408 
4000 0.024456521739130436 0.9993473099116525 
4100 0.0 0.9993532860490019 
4200 0.0 0.9993686803349099 
4300 0.0 0.999383358773996 
4400 0.0 0.9993973701629076 
4500 0.024456521739130436 0.9993986843503376 
4600 0.024456521739130436 0.9993627330542509 
4700 0.024456521739130436 0.9993207966852566 
4800 0.04891304347826087 0.9992432509531529 
4900 0.04891304347826087 0.9991633251421627 
5000 0.024456521739130436 0.9990833355068117 
5100 0.024456521739130436 0.9990640155809176 
5200 0.024456521739130436 0.9990328991916271 
5300 0.04891304347826087 0.9989598968201242 
5400 0.07336956521739131 0.9988845664651473 
5500 0.024456521739130436 0.998814444804502 
5600 0.024456521739130436 0.9987924322520046 
5700 0.024456521739130436 0.9987707152825973 
5800 0.024456521739130436 0.9987502154800897 
5900 0.04891304347826087 0.9987041621537985 
6000 0.024456521739130436 0.9986487759286495 
6100 0.024456521739130436 0.9986339552318579 
6200 0.024456521739130436 0.9986196125449612 
6300 0.024456521739130436 0.9986022750012076 
6400 0.024456521739130436 0.9985816584365215 
6500 0.024456521739130436 0.998562512121881 
6600 0.024456521739130436 0.9985258327130936 
6700 0.024456521739130436 0.9985072798998202 
6800 0.024456521739130436 0.9984900717925114 
6900 0.04891304347826087 0.9984524927074211 
7000 0.07336956521739131 0.9983713506766114 
7100 0.07336956521739131 0.9982745081831708 
7200 0.0 0.9982588468992833 
7300 0.0 0.9982826950447526 
7400 0.0 0.9983058987328387 
7500 0.0 0.9983284837384001 
7600 0.0 0.9983504744799025 
7700 0.0 0.9983718941074846 
7800 0.0 0.9983927645842506 
7900 0.0 0.9984131067613896 
8000 0.0 0.9984329404476614 
8100 0.0 0.9984522844737365 
8200 0.0 0.9984698313567274 
8300 0.0 0.9984882649026047 
8400 0.0 0.9985062596067756 
8500 0.0 0.9985238309559489 
8600 0.0 0.9985409937166052 
8700 0.04891304347826087 0.9985290296467673 
8800 0.04891304347826087 0.9984830651655198 
8900 0.04891304347826087 0.9984543138777763 
9000 0.024456521739130436 0.9984349565024176 
9100 0.024456521739130436 0.9984264748737597 
9200 0.024456521739130436 0.998416996262221 
9300 0.04891304347826087 0.9984121038878475 
9400 0.024456521739130436 0.9983957534582353 
9500 0.024456521739130436 0.9983880415333855 
9600 0.024456521739130436 0.998378226000009 
9700 0.024456521739130436 0.9983610497348996 
9800 0.024456521739130436 0.9983514326399702 
9900 0.024456521739130436 0.9983450288288842 
10000 0.024456521739130436 0.9983373945214175 
10100 0.024456521739130436 0.9983299113733897 
10200 0.024456521739130436 0.9983249724025351 
10300 0.024456521739130436 0.9983106325683871 
10400 0.024456521739130436 0.9983049288738959 
10500 0.0 0.9983060619485515 
10600 0.0 0.99832204098875 
10700 0.0 0.9983377213832109 
10800 0.024456521739130436 0.9983294622478595 
10900 0.024456521739130436 0.9983196096887801 
11000 0.024456521739130436 0.9983151235263198 
11100 0.04891304347826087 0.9982877081187359 
11200 0.0 0.9982935335742539 
11300 0.0 0.9983067100641344 
11400 0.0 0.9983196554078018 
11500 0.0 0.9983342658294364 
11600 0.0 0.9983486243689637 
11700 0.0 0.9983627374843473 
11800 0.0 0.9983766114146554 
11900 0.0 0.998390252189257 
12000 0.0 0.9984036656365592 
12100 0.0 0.9984168573923103 
12200 0.0 0.9984298329074951 
12300 0.0 0.9984425974558448 
12400 0.0 0.9984551561409845 
12500 0.024456521739130436 0.9984472981291932 
12600 0.04891304347826087 0.9984223129289256 
12700 0.04891304347826087 0.9983857399109279 
12800 0.04891304347826087 0.9983552575715892 
12900 0.04891304347826087 0.998324615887545 
13000 0.04891304347826087 0.9982898472692736 
13100 0.04891304347826087 0.9982655655227115 
13200 0.04891304347826087 0.9982402107218491 
13300 0.07336956521739131 0.9981978716866663 
13400 0.07336956521739131 0.9981652894170779 
13500 0.04891304347826087 0.9981243337852591 
13600 0.024456521739130436 0.9981205426071612 
13700 0.024456521739130436 0.9981140300771445 
13800 0.024456521739130436 0.9981107622951078 
13900 0.024456521739130436 0.9981069550829937 
14000 0.024456521739130436 0.998106113538474 
14100 0.024456521739130436 0.9980933359644552 
14200 0.024456521739130436 0.9980903059490606 
14300 0.024456521739130436 0.9980876983366928 
14400 0.024456521739130436 0.9980870138849053 
14500 0.024456521739130436 0.9980829657924641 
14600 0.04891304347826087 0.9980719009716428 
14700 0.04891304347826087 0.9980580291787308 
14800 0.04891304347826087 0.9980360830496177 
14900 0.024456521739130436 0.9980255556236377 
15000 0.024456521739130436 0.9980227767424201 
15100 0.024456521739130436 0.9980205745084547 
15200 0.024456521739130436 0.9980169711374823 
15300 0.024456521739130436 0.9980164339926632 
15400 0.024456521739130436 0.9980102576625459 
15500 0.024456521739130436 0.99800503754316 
15600 0.0 0.9980125995267862 
15700 0.0 0.9980252573222974 
15800 0.0 0.9980377549026892 
15900 0.0 0.9980500952906981 
16000 0.0 0.9980622814334974 
16100 0.0 0.9980743162050426 
16200 0.0 0.9980858669486318 
16300 0.0 0.9980976093757918 
16400 0.0 0.9981092086113519 
16500 0.024456521739130436 0.9981183617330175 
16600 0.024456521739130436 0.9981144731983144 
16700 0.024456521739130436 0.9981107939384 
16800 0.024456521739130436 0.9981094228345622 
16900 0.04891304347826087 0.9981050130812944 
17000 0.04891304347826087 0.9980856305127831 
17100 0.04891304347826087 0.9980674280426011 
17200 0.04891304347826087 0.9980486473233356 
17300 0.04891304347826087 0.9980307119719142 
17400 0.07336956521739131 0.9980004897269772 
17500 0.07336956521739131 0.9979636256810169 
17600 0.024456521739130436 0.9979520370631115 
17700 0.024456521739130436 0.9979433426753094 
17800 0.024456521739130436 0.9979356618949107 
17900 0.024456521739130436 0.9979297367404785 
18000 0.024456521739130436 0.997923424544047 
18100 0.04891304347826087 0.9979111771389042 
18200 0.024456521739130436 0.9978999601073042 
18300 0.024456521739130436 0.9978928747063002 
18400 0.04891304347826087 0.9978755289764498 
18500 0.04891304347826087 0.9978536706594003 
18600 0.04891304347826087 0.9978313169231201 
18700 0.024456521739130436 0.9978134161623535 
18800 0.024456521739130436 0.9978065459052825 
18900 0.024456521739130436 0.9978030550488471 
19000 0.024456521739130436 0.9977973127272478 
19100 0.024456521739130436 0.9977920573245653 
19200 0.024456521739130436 0.9977855829519748 
19300 0.024456521739130436 0.9977817098911298 
19400 0.024456521739130436 0.9977759158537324 
19500 0.024456521739130436 0.9977715747018547 
19600 0.024456521739130436 0.9977636733263388 
19700 0.04891304347826087 0.997755714232118 
19800 0.024456521739130436 0.9977489334091603 
19900 0.0 0.9977480921867592 
20000 0.0 0.9977593511628766 
20100 0.0 0.9977704981149542 
20200 0.0 0.9977815347066331 
20300 0.0 0.9977924625687747 
20400 0.0 0.9978032833002645 
20500 0.0 0.9978139984687916 
20600 0.0 0.9978209162493167 
20700 0.0 0.9978314427154328 
20800 0.0 0.9978418679703944 
20900 0.0 0.9978521934669238 
21000 0.0 0.9978624206300735 
21100 0.0 0.9978725508578823 
21200 0.0 0.9978825855220119 
21300 0.0 0.9978925259683664 
21400 0.0 0.9979023735176942 
21500 0.0 0.9979111183908534 
21600 0.0 0.9979207886913448 
21700 0.024456521739130436 0.9979279906956803 
21800 0.024456521739130436 0.9979256535898832 
21900 0.024456521739130436 0.9979224692936396 
22000 0.024456521739130436 0.9979185728711936 
22100 0.024456521739130436 0.9979171707752748 
22200 0.024456521739130436 0.99791480211428 
22300 0.0 0.9979170850205586 
22400 0.04891304347826087 0.9979149805035877 
22500 0.024456521739130436 0.9979121700871265 
22600 0.0 0.9979127510710376 
22700 0.0 0.997921945595195 
22800 0.0 0.9979310594691689 
22900 0.0 0.997940093749466 
23000 0.0 0.99794739548186 
23100 0.0 0.9979562808310576 
23200 0.0 0.9979650895857187 
23300 0.0 0.997973822731997 
23400 0.0 0.997982481239189 
23500 0.0 0.9979910660600937 
23600 0.0 0.9979995781313614 
23700 0.0 0.9980080183738349 
23800 0.0 0.998016387692881 
23900 0.024456521739130436 0.9980200255401357 
24000 0.024456521739130436 0.9980170663178889 
24100 0.04891304347826087 0.9980064646424558 
24200 0.04891304347826087 0.9979859572816789 
24300 0.04891304347826087 0.9979716570976682 
24400 0.024456521739130436 0.9979630423200759 
24500 0.024456521739130436 0.9979599324251184 
24600 0.0 0.9979653531227963 
24700 0.0 0.9979733702032835 
24800 0.024456521739130436 0.9979802269543829 
24900 0.04891304347826087 0.9979712051026413 
25000 0.04891304347826087 0.9979587773010818 
25100 0.04891304347826087 0.9979462320053073 
25200 0.04891304347826087 0.9979341097575493 
25300 0.07336956521739131 0.9979142429496686 
25400 0.04891304347826087 0.9978987047754025 
25500 0.04891304347826087 0.997888083672763 
25600 0.024456521739130436 0.9978821097341646 
25700 0.0 0.9978898215768969 
25800 0.0 0.9978980002460303 
25900 0.0 0.9979054862746612 
26000 0.0 0.9979135417868543 
26100 0.0 0.9979215355733497 
26200 0.0 0.997929468340903 
26300 0.04891304347826087 0.997929591865411 
26400 0.024456521739130436 0.9979245680746612 
26500 0.024456521739130436 0.9979241964618234 
26600 0.024456521739130436 0.997924031950417 
26700 0.024456521739130436 0.9979215279349577 
26800 0.04891304347826087 0.9979128577291893 
26900 0.024456521739130436 0.9979030398094139 
27000 0.024456521739130436 0.9979017484054535 
27100 0.024456521739130436 0.9979013689531752 
27200 0.024456521739130436 0.9978997934858533 
27300 0.024456521739130436 0.9978983290944908 
27400 0.024456521739130436 0.9978961811930063 
27500 0.0 0.9979014597097655 
27600 0.0 0.9979090628411385 
27700 0.0 0.9979166110782376 
27800 0.0 0.9979241050134262 
27900 0.0 0.9979315452305746 
28000 0.0 0.9979389323052127 
28100 0.0 0.9979462668046781 
28200 0.0 0.9979535492882614 
28300 0.0 0.9979607803073481 
28400 0.0 0.9979679604055582 
28500 0.0 0.9979750901188822 
28600 0.0 0.9979821699758141 
28700 0.0 0.9979892004974831 
28800 0.0 0.99799618219778 
28900 0.0 0.9980031155834836 
29000 0.0 0.9980062531576872 
29100 0.0 0.9980131042859726 
29200 0.0 0.9980199084903286 
29300 0.0 0.998026666251189 
29400 0.0 0.9980333780424505 
29500 0.0 0.9980400443315849 
29600 0.04891304347826087 0.9980413411415302 
29700 0.04891304347826087 0.9980312842635953 
29800 0.024456521739130436 0.998022389094034 
29900 0.024456521739130436 0.998020823790974 
30000 0.024456521739130436 0.9980194500763018 
30100 0.024456521739130436 0.9980163702491467 
30200 0.07336956521739131 0.9979998142877503 
30300 0.024456521739130436 0.9979930530345533 
30400 0.024456521739130436 0.9979879451905901 
30500 0.024456521739130436 0.9979835835745942 
30600 0.024456521739130436 0.9979816480848168 
30700 0.07336956521739131 0.9979706085200454 
30800 0.07336956521739131 0.9979483479503065 
30900 0.04891304347826087 0.9979367840916925 
31000 0.04891304347826087 0.9979280121398608 
31100 0.04891304347826087 0.9979188597318973 
31200 0.024456521739130436 0.9979146432040221 
31300 0.0 0.9979192219167883 
31400 0.0 0.9979255022340745 
31500 0.0 0.9979317426775962 
31600 0.0 0.9979382875885876 
31700 0.0 0.9979447912080678 
31800 0.0 0.997951253925567 
31900 0.0 0.9979576761257314 
32000 0.0 0.997964058188399 
32100 0.0 0.997970400488675 
32200 0.0 0.997976703397005 
32300 0.0 0.997982967279247 
32400 0.0 0.9979891924967426 
32500 0.0 0.9979953794063862 
32600 0.0 0.9980015283606931 
32700 0.0 0.9980054791569996 
32800 0.0 0.998011559827842 
32900 0.024456521739130436 0.9980147953742651 
33000 0.024456521739130436 0.9980129884074659 
33100 0.04891304347826087 0.9980104535131606 
33200 0.024456521739130436 0.9980057240287419 
33300 0.024456521739130436 0.9980038789800019 
33400 0.0 0.9980082280796071 
33500 0.0 0.9980093066657323 
33600 0.0 0.9980152311719501 
33700 0.0 0.998021120518937 
33800 0.0 0.9980255279300972 
33900 0.0 0.9980313521596772 
34000 0.0 0.9980371421300908 
34100 0.0 0.9980428981427295 
34200 0.0 0.9980486204954597 
34300 0.0 0.9980543094826745 
34400 0.0 0.9980599653953437 
34500 0.0 0.9980655885210636 
34600 0.0 0.9980711791441061 
34700 0.0 0.998076737545466 
34800 0.0 0.9980822640029084 
34900 0.0 0.9980877587910151 
35000 0.0 0.9980932221812296 
35100 0.0 0.9980984996092023 
35200 0.0 0.9981039014454876 
35300 0.0 0.9981092726773352 
35400 0.0 0.9981146135640973 
35500 0.0 0.9981193120095821 
35600 0.0 0.9981245946926259 
35700 0.0 0.9981289343983788 
35800 0.0 0.998134160692621 
35900 0.0 0.9981392064893433 
36000 0.024456521739130436 0.9981394689519494 
36100 0.024456521739130436 0.9981366438121069 
36200 0.024456521739130436 0.9981341345362787 
36300 0.024456521739130436 0.9981319385140905 
36400 0.024456521739130436 0.9981300531638524 
36500 0.024456521739130436 0.998129145955501 
36600 0.024456521739130436 0.9981267588317259 
36700 0.024456521739130436 0.998127124246111 
36800 0.0 0.9981306628009872 
36900 0.024456521739130436 0.9981287328138863 
37000 0.04891304347826087 0.9981258585255628 
37100 0.04891304347826087 0.9981187516333205 
37200 0.07336956521739131 0.9981062775311089 
37300 0.07336956521739131 0.9980923404547961 
37400 0.04891304347826087 0.9980777513505219 
37500 0.04891304347826087 0.9980683123812351 
37600 0.04891304347826087 0.9980583454649101 
37700 0.04891304347826087 0.9980515307516926 
37800 0.024456521739130436 0.9980485620923302 
37900 0.024456521739130436 0.9980471864342227 
38000 0.024456521739130436 0.9980458180162307 
38100 0.024456521739130436 0.9980442428191432 
38200 0.07336956521739131 0.9980349933930708 
38300 0.024456521739130436 0.9980248699375541 
38400 0.0 0.9980252722132462 
38500 0.024456521739130436 0.9980277192122621 
38600 0.024456521739130436 0.9980257889241436 
38700 0.024456521739130436 0.9980242196864928 
38800 0.024456521739130436 0.9980238491163943 
38900 0.04891304347826087 0.998023340743448 
39000 0.024456521739130436 0.9980181667582659 
39100 0.024456521739130436 0.998017050047647 
39200 0.024456521739130436 0.9980155924371938 
39300 0.024456521739130436 0.9980142113874744 
39400 0.024456521739130436 0.9980122166398336 
39500 0.024456521739130436 0.9980105759568002 
39600 0.024456521739130436 0.9980092180368744 
39700 0.024456521739130436 0.9980070456006475 
39800 0.024456521739130436 0.9980053620020471 
39900 0.0 0.9980086583860271 
40000 0.0 0.9980136366156064 
40100 0.0 0.9980185900167295 
40200 0.0 0.998023518774679 
40300 0.0 0.9980284230728982 
40400 0.04891304347826087 0.9980242229260361 
40500 0.04891304347826087 0.9980157494769318 
40600 0.024456521739130436 0.9980104634390029 
40700 0.04891304347826087 0.9980040016108994 
40800 0.024456521739130436 0.9979985038729869 
40900 0.024456521739130436 0.9979977501347368 
41000 0.024456521739130436 0.9979968012445084 
41100 0.024456521739130436 0.9979914272687748 
41200 0.024456521739130436 0.9979898387860995 
41300 0.024456521739130436 0.9979896396865852 
41400 0.024456521739130436 0.9979885882823666 
41500 0.04891304347826087 0.997982958503881 
41600 0.024456521739130436 0.9979803605264506 
41700 0.024456521739130436 0.9979792737740624 
41800 0.024456521739130436 0.9979785822681587 
41900 0.024456521739130436 0.9979763375990819 
42000 0.04891304347826087 0.9979748152994287 
42100 0.04891304347826087 0.9979676203085127 
42200 0.04891304347826087 0.9979590428003458 
42300 0.024456521739130436 0.9979566085908135 
42400 0.024456521739130436 0.9979554676212518 
42500 0.04891304347826087 0.9979529254043127 
42600 0.04891304347826087 0.9979456110950651 
42700 0.04891304347826087 0.997939285608829 
42800 0.04891304347826087 0.9979308945443168 
42900 0.04891304347826087 0.9979226059390528 
43000 0.04891304347826087 0.9979151774023456 
43100 0.024456521739130436 0.9979107465477952 
43200 0.0 0.9979097957676101 
43300 0.0 0.9979146229176352 
43400 0.0 0.997919427823242 
43500 0.0 0.9979242106378364 
43600 0.0 0.9979289715134176 
43700 0.024456521739130436 0.9979333996933709 
43800 0.0 0.9979327204163494 
43900 0.0 0.9979374293741947 
44000 0.0 0.9979421169281726 
44100 0.0 0.9979467832238843 
44200 0.024456521739130436 0.9979444813859218 
44300 0.0 0.9979426806539846 
44400 0.0 0.9979473141517573 
44500 0.0 0.9979519268252888 
44600 0.0 0.9979545691605667 
44700 0.0 0.9979579291582816 
44800 0.024456521739130436 0.9979603643358116 
44900 0.04891304347826087 0.9979540738416788 
45000 0.04891304347826087 0.9979481736154655 
45100 0.024456521739130436 0.9979422393025124 
45200 0.024456521739130436 0.997942222805767 
45300 0.024456521739130436 0.9979406467656439 
45400 0.04891304347826087 0.9979378806059626 
45500 0.04891304347826087 0.9979309460948302 
45600 0.04891304347826087 0.9979222542793207 
45700 0.04891304347826087 0.997915087006944 
45800 0.04891304347826087 0.9979067644241677 
45900 0.04891304347826087 0.9978988925125246 
46000 0.024456521739130436 0.9978923544195164 
46100 0.024456521739130436 0.9978897939590106 
46200 0.0 0.9978882444667582 
46300 0.024456521739130436 0.9978892840139616 
46400 0.024456521739130436 0.9978887378739026 
46500 0.04891304347826087 0.9978858565921443 
46600 0.04891304347826087 0.9978797222115965 
46700 0.07336956521739131 0.9978716939307696 
46800 0.024456521739130436 0.9978650353996523 
46900 0.024456521739130436 0.9978642570891694 
47000 0.024456521739130436 0.9978631930125446 
47100 0.024456521739130436 0.9978634603899299 
47200 0.024456521739130436 0.997862632792415 
47300 0.07336956521739131 0.9978564084958218 
47400 0.07336956521739131 0.9978406367321181 
47500 0.024456521739130436 0.9978328831521167 
47600 0.024456521739130436 0.9978305854005625 
47700 0.024456521739130436 0.9978284681845153 
47800 0.024456521739130436 0.9978260187389203 
47900 0.024456521739130436 0.9978232958738267 
48000 0.024456521739130436 0.9978201880757919 
48100 0.0 0.9978205957934527 
48200 0.0 0.9978236515028103 
48300 0.0 0.9978280447879826 
48400 0.024456521739130436 0.9978287706057097 
48500 0.024456521739130436 0.9978277565769599 
48600 0.024456521739130436 0.9978274176680924 
48700 0.024456521739130436 0.9978271359484628 
48800 0.024456521739130436 0.9978263542354353 
48900 0.024456521739130436 0.9978246310424878 
49000 0.024456521739130436 0.9978234139853401 
49100 0.0 0.9978238068294013 
49200 0.0 0.9978282298963524 
49300 0.024456521739130436 0.9978291074438035 
49400 0.024456521739130436 0.9978289913159653 
49500 0.04891304347826087 0.9978269543083451 
49600 0.04891304347826087 0.9978223506188076 
49700 0.024456521739130436 0.9978168906583106 
49800 0.024456521739130436 0.9978161997794701 
49900 0.04891304347826087 0.9978118086855452 
