0 0.0 1.0 
100 0.0 1.0 
200 0.0 0.9999222636815921 
300 0.0 0.9999480897009967 
400 0.0 0.9999610349127181 
500 0.0 0.9999688123752495 
600 0.0 0.9999566694398225 
700 0.0 0.9999034117926772 
800 0.0 0.9999154702455264 
900 0.0 0.9999248520162782 
1000 0.0 0.9999323593073594 
1100 0.0 0.9999385028761731 
1200 0.0234375 0.999913266722176 
1300 0.0234375 0.9997257718421727 
1400 0.0234375 0.9995427373304783 
1500 0.0234375 0.9994031756606707 
1600 0.0234375 0.9992859280657922 
1700 0.0234375 0.999196244855967 
1800 0.0 0.9991150749583565 
1900 0.0 0.9991616254602841 
2000 0.0 0.9992035232383808 
2100 0.0 0.9992414326511185 
2200 0.0 0.9992758973194003 
2300 0.0 0.9993073663624511 
2400 0.0 0.9993362140774678 
2500 0.0 0.9993627548980408 
2600 0.0 0.9993872549019608 
2700 0.0 0.9994099407626805 
2800 0.0 0.9994310067832917 
2900 0.0 0.999450620475698 
3000 0.0 0.9994689270243252 
3100 0.0 0.9994860528861658 
3200 0.0 0.9995021087160263 
3300 0.0 0.9995171917600727 
3400 0.0 0.9995313878271097 
3500 0.0 0.9995447729220223 
3600 0.0 0.9995574146070536 
3700 0.0 0.9995693731423939 
3800 0.0 0.9995807024467246 
3900 0.0 0.9995914509100231 
4000 0.0 0.9996016620844789 
4100 0.0 0.9996113752743233 
4200 0.0 0.9996206260414187 
4300 0.0 0.9996294466403162 
4400 0.0 0.9996378663940013 
4500 0.0234375 0.9996412834184996 
4600 0.0234375 0.9996009698978483 
4700 0.0234375 0.9995568318797419 
4800 0.0234375 0.9995183295146844 
4900 0.0234375 0.9994835237706591 
5000 0.0234375 0.9994391746650669 
5100 0.0234375 0.9993914591910082 
5200 0.0234375 0.9993545912645004 
5300 0.0234375 0.9993161667609884 
5400 0.0 0.9993047198049744 
5500 0.0 0.9993173589650367 
5600 0.0 0.9993276870201749 
5700 0.0 0.9993394799158043 
5800 0.0 0.9993508662299604 
5900 0.0234375 0.9993349467604361 
6000 0.0 0.9993160862078543 
6100 0.0 0.9993272960716822 
6200 0.0 0.9993381443853142 
6300 0.0 0.9993486483626938 
6400 0.0 0.9993588241420611 
6500 0.0 0.9993686868686869 
6600 0.0 0.9993782507700854 
6700 0.0 0.9993875292244938 
6800 0.0 0.9993957690045582 
6900 0.0234375 0.9993864113896537 
7000 0.0234375 0.9993631862114936 
7100 0.0234375 0.9993329137914848 
7200 0.0234375 0.9993096300282368 
7300 0.0234375 0.9992855573437429 
7400 0.0234375 0.9992448937080575 
7500 0.0703125 0.9992028840599031 
7600 0.046875 0.9991520441389291 
7700 0.0234375 0.9991204470198676 
7800 0.0234375 0.9991016776695295 
7900 0.0234375 0.999078109838417 
8000 0.0234375 0.9990593623713703 
8100 0.0234375 0.9990423635970868 
8200 0.0234375 0.9990216513230094 
8300 0.0234375 0.9990017517969723 
8400 0.0234375 0.9989826359957148 
8500 0.0234375 0.9989645825981257 
8600 0.0234375 0.9989493711971477 
8700 0.0234375 0.998931217197257 
8800 0.0234375 0.9989161387910465 
8900 0.0234375 0.9989008140471108 
9000 0.0234375 0.9988840938969744 
9100 0.0234375 0.9988691718858733 
9200 0.0 0.9988548572618918 
9300 0.0 0.998867169300792 
9400 0.0 0.9988792194092827 
9500 0.0 0.9988910158579799 
9600 0.0 0.9989025665729264 
9700 0.0 0.9989138791533518 
9800 0.0 0.9989249608883447 
9900 0.0 0.9989358187725146 
10000 0.0 0.9989464595207146 
10100 0.0 0.9989568895818896 
10200 0.0 0.998957414305787 
10300 0.0 0.9989675355143514 
10400 0.0 0.9989774621030029 
10500 0.0 0.9989871996317811 
10600 0.0 0.9989952795333773 
10700 0.0 0.9990046685668006 
10800 0.0 0.9990138837453322 
10900 0.0 0.9990229298535303 
11000 0.0 0.9990313380601763 
11100 0.0 0.999040063958202 
11200 0.0 0.9990486340505312 
11300 0.046875 0.9990453001946731 
11400 0.046875 0.9990075340613397 
11500 0.0234375 0.9989894447584268 
11600 0.0234375 0.9989784016464098 
11700 0.0234375 0.9989702180013105 
11800 0.0234375 0.9989568768889642 
11900 0.0234375 0.9989457293504748 
12000 0.0234375 0.9989354185762298 
12100 0.0234375 0.9989289366581274 
12200 0.0234375 0.9989161578285933 
12300 0.0234375 0.9989063389155354 
12400 0.0 0.9989075981775664 
12500 0.0 0.9989163366930646 
12600 0.0234375 0.9989001368938973 
12700 0.0234375 0.9988878828438705 
12800 0.046875 0.9988593420435904 
12900 0.046875 0.9988245823967135 
13000 0.046875 0.99879576571033 
13100 0.0234375 0.9987737497773707 
13200 0.0234375 0.9987635090775951 
13300 0.0234375 0.9987514644888855 
13400 0.0234375 0.9987386280252717 
13500 0.0 0.9987431486556552 
13600 0.0 0.9987508577800652 
13700 0.0 0.9987599749410019 
13800 0.0 0.9987689599787455 
13900 0.0 0.9987778157446706 
14000 0.0 0.9987865450086899 
14100 0.0 0.9987951504621422 
14200 0.0 0.9988036347205596 
14300 0.0234375 0.9987954295154186 
14400 0.0234375 0.9987853491077009 
14500 0.0 0.9987910316529894 
14600 0.0 0.99879931169098 
14700 0.0234375 0.9988051762351767 
14800 0.0234375 0.9987958302366957 
14900 0.046875 0.9987813667427242 
15000 0.0703125 0.9987467849365598 
15100 0.0234375 0.9987069702889433 
15200 0.0234375 0.9986988589018266 
15300 0.0234375 0.998688981384659 
15400 0.0234375 0.9986809230461225 
15500 0.0234375 0.99867296867944 
15600 0.0234375 0.9986664516697648 
15700 0.0 0.9986595200942615 
15800 0.0 0.9986680036073666 
15900 0.0 0.998676380416326 
16000 0.0 0.9986846525217173 
16100 0.0 0.9986928218744178 
16200 0.0234375 0.9986865844186573 
16300 0.0 0.9986826600617549 
16400 0.0 0.9986906921325935 
16500 0.0 0.9986986268508979 
16600 0.0234375 0.998702230538321 
16700 0.0234375 0.9987070385006885 
16800 0.0234375 0.9986989241711803 
16900 0.0234375 0.9986915221978976 
17000 0.0234375 0.9986858922514362 
17100 0.0234375 0.9986786530514785 
17200 0.0234375 0.9986728605895006 
17300 0.0234375 0.9986668340462016 
17400 0.0234375 0.9986620740187345 
17500 0.0 0.9986622788221625 
17600 0.0 0.9986698790788402 
17700 0.0 0.998677393461763 
17800 0.0 0.99868482341816 
17900 0.0 0.9986872241774203 
18000 0.0 0.9986945169712794 
18100 0.0 0.9987017291862328 
18200 0.0 0.9987088621504313 
18300 0.0 0.9987159171629966 
18400 0.0 0.9987228954948101 
18500 0.0 0.9987295168729619 
18600 0.0 0.9987363470601939 
18700 0.0234375 0.9987418509259754 
18800 0.0234375 0.9987334450295197 
18900 0.0234375 0.9987285725622983 
19000 0.0234375 0.9987219696770345 
19100 0.0234375 0.998714072561646 
19200 0.0234375 0.9987089702359252 
19300 0.0234375 0.9987035160095332 
19400 0.0234375 0.9986982522378571 
19500 0.046875 0.9986846294207135 
19600 0.0234375 0.9986703484516096 
19700 0.0234375 0.9986633504221444 
19800 0.0234375 0.9986564230762756 
19900 0.0234375 0.9986491727802623 
20000 0.0234375 0.9986425157908771 
20100 0.0234375 0.9986341112797041 
20200 0.0234375 0.9986293995346766 
20300 0.0234375 0.9986253755972612 
20400 0.0 0.9986247099815369 
20500 0.0 0.998631418386095 
20600 0.0234375 0.9986292129831885 
20700 0.0234375 0.9986233807142972 
20800 0.0234375 0.9986181052994247 
20900 0.0234375 0.9986116344114316 
21000 0.0234375 0.9986070851784835 
21100 0.0 0.9986093668546514 
21200 0.0 0.9986144521484835 
21300 0.0234375 0.9986192451841072 
21400 0.0 0.9986196127906796 
21500 0.0 0.9986260328976947 
21600 0.0 0.9986323935620265 
21700 0.0 0.9986386956054253 
21800 0.0 0.99864470093115 
21900 0.0 0.9986508892288023 
22000 0.0 0.9986565478084329 
22100 0.0 0.9986626265025715 
22200 0.0 0.9986686504361666 
22300 0.0 0.9986746203458738 
22400 0.0 0.9986805369551954 
22500 0.0 0.9986864009747715 
22600 0.0 0.9986922131026651 
22700 0.0 0.9986979740246391 
22800 0.0 0.9987036844144263 
22900 0.0 0.9987091175057857 
23000 0.0 0.9987147297943567 
23100 0.0 0.9987202934937881 
23200 0.0 0.9987258092323607 
23300 0.0 0.9987312776275696 
23400 0.0 0.9987366992863553 
23500 0.0 0.9987420748053274 
23600 0.0 0.9987474047709842 
23700 0.0 0.9987526897599257 
23800 0.0 0.9987579303390614 
23900 0.0 0.9987631270658132 
24000 0.0234375 0.9987575387483855 
24100 0.0234375 0.9987495116039445 
24200 0.0234375 0.9987438105174717 
24300 0.0234375 0.9987393351439584 
24400 0.0234375 0.9987354300711719 
24500 0.0234375 0.9987298562643702 
24600 0.0234375 0.9987253863325339 
24700 0.0234375 0.9987205308826903 
24800 0.0234375 0.998715399580662 
24900 0.0 0.9987105186538693 
25000 0.0 0.9987156763729451 
25100 0.0 0.998720792996295 
25200 0.0 0.9987258690131344 
25300 0.0 0.9987309049049444 
25400 0.0 0.9987359011456242 
25500 0.0 0.9987396327594996 
25600 0.0 0.9987445558767236 
25700 0.0234375 0.998741739945268 
25800 0.0234375 0.9987376337157474 
25900 0.0234375 0.9987348662535552 
26000 0.0234375 0.9987289150737793 
26100 0.0234375 0.9987259029028261 
26200 0.0234375 0.9987196337926033 
26300 0.0234375 0.9987148975640977 
26400 0.0234375 0.9987105917705137 
26500 0.0234375 0.9987057288718665 
26600 0.0 0.9987091259100535 
26700 0.0 0.9987139604634033 
26800 0.0 0.998718758939343 
26900 0.0 0.998723521740208 
27000 0.0234375 0.9987250665098824 
27100 0.0 0.998729674796748 
27200 0.0234375 0.9987316642770486 
27300 0.0234375 0.9987249589453377 
27400 0.0234375 0.9987198231816357 
27500 0.0234375 0.9987147247675842 
27600 0.0 0.9987185322391701 
27700 0.0 0.9987229702898812 
27800 0.0 0.9987275637566994 
27900 0.0 0.9987321242966202 
28000 0.0 0.9987364662571575 
28100 0.0 0.9987409626585056 
28200 0.0 0.9987454271716133 
28300 0.0 0.9987498601345064 
28400 0.0234375 0.9987536200309848 
28500 0.0234375 0.9987495870027953 
28600 0.0234375 0.9987443074542848 
28700 0.0234375 0.9987390646957713 
28800 0.0 0.998734491279238 
28900 0.0 0.9987388700506327 
29000 0.0 0.9987432186246451 
29100 0.0234375 0.9987402888503258 
29200 0.0234375 0.9987366656963803 
29300 0.0234375 0.9987318230037655 
29400 0.0 0.9987275446980262 
29500 0.0 0.9987318579596172 
29600 0.0 0.9987361420785333 
29700 0.0 0.9987403973491352 
29800 0.0 0.9987446240618324 
29900 0.0 0.9987488225031493 
30000 0.0 0.9987529929557903 
30100 0.0 0.9987571356987033 
30200 0.0 0.9987612510071411 
30300 0.0 0.9987653391527233 
30400 0.0 0.9987694004034955 
30500 0.0 0.9987734350239883 
30600 0.0 0.9987774432752742 
30700 0.0 0.9987814254150245 
30800 0.0 0.9987853816975639 
30900 0.0 0.9987893123739253 
31000 0.0 0.9987932176919024 
31100 0.0 0.9987970978961019 
31200 0.0 0.9988009532279948 
31300 0.0 0.9988047839259662 
31400 0.0 0.9988085902253644 
31500 0.0 0.9988123723585495 
31600 0.0 0.9988159657394808 
31700 0.0 0.9988197007455075 
31800 0.0 0.9988234122616689 
31900 0.0 0.9988271005088659 
32000 0.0 0.9988307657052384 
32100 0.0 0.9988344080662077 
32200 0.0 0.9988380278045196 
32300 0.0 0.998841625130285 
32400 0.0 0.9988450395049535 
32500 0.0 0.9988482726172528 
32600 0.0234375 0.998851725535004 
32700 0.0234375 0.9988475919441812 
32800 0.0234375 0.9988440393077447 
32900 0.0234375 0.9988405082672259 
33000 0.0234375 0.9988366040675535 
33100 0.0234375 0.9988329594775586 
33200 0.0234375 0.9988296505878337 
33300 0.0234375 0.998826205169014 
33400 0.0234375 0.998822780380827 
33500 0.0234375 0.9988193760385262 
33600 0.0234375 0.9988158369542574 
33700 0.0234375 0.9988113143279626 
33800 0.0234375 0.9988079741230536 
33900 0.0234375 0.9988033477380215 
34000 0.0234375 0.9987993612932953 
34100 0.0 0.9988012020664105 
34200 0.0 0.9988047072210364 
34300 0.0 0.9988081919380387 
34400 0.0 0.9988116563956474 
34500 0.0 0.998815100770026 
34600 0.0 0.9988185252353015 
34700 0.0 0.9988219299635938 
34800 0.0 0.9988250158041435 
34900 0.0234375 0.998822114695854 
35000 0.0234375 0.9988184861384913 
35100 0.0234375 0.9988134686333723 
35200 0.0234375 0.9988090714752422 
35300 0.0234375 0.9988057320142016 
35400 0.0234375 0.9988020436098792 
35500 0.0234375 0.9987972756635963 
35600 0.0234375 0.9987926808001648 
35700 0.0234375 0.9987888411155617 
35800 0.0234375 0.9987856775415956 
35900 0.0234375 0.9987825315915063 
36000 0.046875 0.998778607422942 
36100 0.0234375 0.9987737672317479 
36200 0.0234375 0.9987685940996105 
36300 0.0234375 0.9987654581370577 
36400 0.046875 0.998758261563327 
36500 0.0234375 0.9987467523720811 
36600 0.046875 0.998740855782629 
36700 0.046875 0.998731585424557 
36800 0.046875 0.9987199594893255 
36900 0.0234375 0.998716371168803 
37000 0.0234375 0.9987132245299677 
37100 0.0234375 0.9987068660548233 
37200 0.0234375 0.9987004017589133 
37300 0.0234375 0.9986975326845572 
37400 0.0234375 0.998694191554593 
37500 0.0234375 0.998689618276846 
37600 0.0234375 0.9986863159667739 
37700 0.0234375 0.998683376546157 
37800 0.0234375 0.9986804526776187 
37900 0.046875 0.9986717039128256 
38000 0.0234375 0.9986647144154102 
38100 0.0234375 0.9986614524553161 
38200 0.0234375 0.9986581394029824 
38300 0.0 0.9986555235720564 
38400 0.0 0.9986590247215784 
38500 0.0 0.9986625076837831 
38600 0.0 0.998665972600019 
38700 0.0234375 0.9986669971921484 
38800 0.0234375 0.998664660704621 
38900 0.0234375 0.9986614659648853 
39000 0.0234375 0.9986584879233866 
39100 0.0234375 0.9986550589072744 
39200 0.0234375 0.9986525109903659 
39300 0.0234375 0.9986497109912386 
39400 0.0234375 0.9986468591110209 
39500 0.0234375 0.9986434942575293 
39600 0.0234375 0.9986409355193051 
39700 0.0234375 0.9986379961042123 
39800 0.0234375 0.9986338937254507 
39900 0.046875 0.9986278539384977 
40000 0.046875 0.9986189798380041 
40100 0.0234375 0.9986096954149107 
40200 0.0234375 0.9986077771697222 
40300 0.046875 0.9986048345574552 
40400 0.046875 0.9985972010800063 
40500 0.0234375 0.998593784721365 
40600 0.0234375 0.9985914114389629 
40700 0.0 0.998594808276619 
40800 0.0 0.9985982522895681 
40900 0.0 0.9986016794617899 
41000 0.0 0.9986050899165061 
41100 0.0 0.9986083570553839 
41200 0.0 0.9986117347475385 
41300 0.0 0.9986150960832264 
41400 0.0234375 0.9986133461953415 
41500 0.0234375 0.99861166748994 
41600 0.0 0.9986139405703388 
41700 0.0 0.9986172643741557 
41800 0.0 0.9986205722749855 
41900 0.0 0.9986238643866893 
42000 0.0 0.998627140822044 
42100 0.0 0.9986295357196583 
42200 0.0 0.9986327831883921 
42300 0.0 0.9986360153030267 
42400 0.0 0.9986392321721972 
42500 0.0 0.998642433903516 
42600 0.0234375 0.998644153501874 
42700 0.046875 0.9986411691178193 
42800 0.046875 0.9986326619121049 
42900 0.046875 0.9986240729625572 
43000 0.046875 0.9986138282636838 
43100 0.0234375 0.9986050207651794 
43200 0.0234375 0.9986032465490768 
43300 0.0 0.9986046078612503 
43400 0.0234375 0.9986043428338824 
43500 0.0 0.9986064736059708 
43600 0.0 0.9986096696941201 
43700 0.0234375 0.9986112422103232 
43800 0.0234375 0.998605197369923 
43900 0.0234375 0.9986036883176541 
44000 0.0 0.9986032514412552 
44100 0.0234375 0.9986063004996107 
44200 0.0 0.9986093357616344 
44300 0.0 0.9986124748877 
44400 0.0 0.9986155998738767 
44500 0.0 0.9986187108154873 
44600 0.0 0.9986218078069998 
44700 0.0 0.9986240753376137 
44800 0.0 0.9986271465294674 
44900 0.0 0.9986302040414838 
45000 0.0 0.9986332479648601 
45100 0.0 0.9986362783899839 
45200 0.0 0.9986392954064438 
45300 0.0 0.9986422991030367 
45400 0.0 0.9986452895677775 
45500 0.0 0.9986482668879072 
45600 0.0 0.9986512311499017 
45700 0.0 0.9986541824394798 
45800 0.0 0.998657120841612 
45900 0.0 0.9986600464405277 
46000 0.0 0.9986629593197249 
46100 0.0 0.9986658595619763 
46200 0.0 0.9986687472493381 
46300 0.0 0.9986715099745865 
46400 0.0 0.9986743730379374 
46500 0.0 0.9986772237873021 
46600 0.0 0.9986800623019535 
46700 0.0 0.9986828886604855 
46800 0.0 0.9986857029408204 
46900 0.0 0.9986885052202157 
47000 0.0 0.9986912955752715 
47100 0.0 0.9986940740819374 
47200 0.0 0.9986968408155195 
47300 0.0 0.9986995958506867 
47400 0.0 0.9987022293833463 
47500 0.0 0.9987049614744953 
47600 0.0 0.9987076820865108 
47700 0.0 0.9987103912915872 
47800 0.0 0.9987130891613146 
47900 0.0 0.9987157757666855 
48000 0.0 0.9987184511781004 
48100 0.0 0.9987211154653749 
48200 0.0 0.9987237686977448 
48300 0.0 0.9987264109438728 
48400 0.0 0.9987290422718539 
48500 0.0 0.9987316627492216 
48600 0.0 0.9987341652778063 
48700 0.0 0.9987367644743776 
48800 0.0 0.9987393530187223 
48900 0.0 0.99874193097619 
49000 0.0 0.9987444984115971 
49100 0.0 0.9987470553892317 
49200 0.0 0.9987496019728597 
49300 0.0 0.9987521382257291 
49400 0.0 0.9987542424917174 
49500 0.0 0.9987567591227113 
49600 0.0 0.9987592656062042 
49700 0.0 0.9987617620034472 
49800 0.0 0.9987642483752 
49900 0.0 0.9987667247817344 
