Coverage:8
26 3 -6 -12 10 -1 -14 9 4 53 10 12 13 -1 13 6 24 22 7 22 9 9 17 22 11 12 -10 14 -1 50 4 24 
 37 9 -3 -11 3 64 8 6 0 44 1 8 10 -2 3 5 13 -5 6 2 4 16 -4 34 15 10 -10 31 36 12 5 -18 
26 3 -6 -12 10 -1 -14 9 4 53 10 12 13 -1 13 6 24 22 7 22 9 9 17 22 11 12 -10 14 -1 50 4 30 
 37 9 -3 -11 3 64 8 6 0 44 1 8 10 -2 3 5 13 -5 6 2 4 16 -4 34 15 10 -10 31 36 12 5 -34 
26 3 -6 -12 10 -1 -14 9 4 53 10 12 13 -1 13 6 24 22 7 22 9 9 17 22 11 12 -10 14 -1 50 4 34 
 37 9 -3 -11 3 64 8 6 0 44 1 8 10 -2 3 5 13 -5 6 2 4 16 -4 34 15 10 -10 31 36 12 5 -34 
26 3 -6 -12 10 -1 -14 9 4 53 10 12 13 -1 13 6 24 22 7 22 9 9 17 22 11 12 -10 14 -1 50 4 28 
 37 9 -3 -11 3 64 8 6 0 44 1 8 10 -2 3 5 13 -5 6 2 4 16 -4 34 15 10 -10 31 36 12 5 -25 
26 3 -14 -12 10 -1 -14 9 4 53 10 12 13 -1 13 6 24 22 7 22 9 9 17 22 11 12 -10 14 -1 50 4 16 
 37 9 -5 -11 3 64 8 6 0 44 1 8 10 -2 3 5 13 -5 6 2 4 16 -4 34 15 10 -10 31 36 12 5 -32 
26 3 12 -12 10 -1 -14 9 4 53 10 12 13 -1 13 6 24 22 7 22 9 9 17 22 11 12 -10 14 -1 50 4 19 
 37 9 7 -11 3 64 8 6 0 44 1 8 10 -2 3 5 13 -5 6 2 4 16 -4 34 15 10 -10 31 36 12 5 -34 
26 3 4 -12 10 -1 -14 9 4 53 10 12 13 -1 13 6 24 22 7 22 9 9 17 22 11 12 -10 14 -1 50 4 17 
 37 9 12 -11 3 64 8 6 0 44 1 8 10 -2 3 5 13 -5 6 2 4 16 -4 34 15 10 -10 31 36 12 5 -34 
26 3 -1 -12 10 -1 -14 9 4 53 10 12 13 -1 13 6 24 22 7 22 9 9 17 22 11 12 -10 14 -1 50 4 21 
 37 9 15 -11 3 64 8 6 0 44 1 8 10 -2 3 5 13 -5 6 2 4 16 -4 34 15 10 -10 31 36 15 5 -27 
26 3 -9 -12 10 -1 -14 9 4 53 10 12 13 -1 13 6 24 22 7 22 9 9 17 22 11 12 -10 14 -1 54 4 12 
 37 9 7 -11 3 64 8 6 0 44 1 8 10 -2 3 5 13 -5 6 2 4 16 -4 34 15 10 -10 31 36 17 5 -34 
26 3 -10 -12 10 -1 -14 9 4 53 10 12 13 -1 13 6 24 22 7 22 9 9 17 22 11 12 -10 14 -1 54 4 19 
 37 9 6 -11 3 64 8 6 0 44 1 8 10 -2 3 5 13 -5 6 2 4 16 -4 34 15 10 -10 31 36 17 5 -32 
26 3 -21 -12 10 -1 -14 9 4 53 10 12 13 -1 13 6 24 22 7 22 9 9 17 22 11 12 -10 14 -1 54 4 17 
 37 9 14 -11 3 64 8 6 0 44 1 8 10 -2 3 5 13 -5 6 2 4 16 -4 34 15 10 -10 31 36 17 5 -25 
26 3 -8 -12 10 -1 -14 9 4 53 10 12 13 -1 13 6 24 22 7 22 9 9 17 22 11 12 -10 14 -1 54 4 17 
 37 9 16 -11 3 64 8 6 0 44 1 8 10 -2 3 5 13 -5 6 2 4 16 -4 34 15 10 -10 31 36 17 5 -30 
26 3 -12 -12 10 -1 -14 9 4 53 10 12 13 -1 13 6 24 22 7 22 9 9 17 22 11 12 -10 14 -1 54 4 14 
 37 9 22 -11 3 64 8 6 0 44 1 8 10 -2 3 5 13 -5 6 4 4 16 -4 34 15 10 -10 31 36 17 5 -34 
26 3 -6 -12 10 -1 -14 9 4 53 10 12 13 -1 13 6 24 22 7 20 9 9 17 22 11 12 -10 14 -1 54 4 9 
 37 9 -1 -11 3 64 8 6 0 44 1 8 10 -2 3 5 13 -5 6 1 4 16 -4 34 15 10 -10 31 36 17 5 -33 
26 3 -9 -12 10 -1 -14 9 4 53 10 12 13 -1 13 6 24 22 7 12 9 9 17 22 11 12 -10 14 -1 54 4 15 
 37 9 3 -11 3 64 8 6 0 44 1 8 10 -2 3 5 13 -5 6 -4 4 16 -4 34 15 10 -10 31 36 17 5 -34 
26 3 -4 -12 10 -1 -14 9 4 53 10 12 13 -1 13 6 24 22 7 12 9 9 17 22 11 12 -10 14 -1 54 4 22 
 37 9 3 -11 3 64 8 6 0 44 1 8 10 -2 3 5 13 -5 6 -4 4 16 -4 34 15 10 -10 31 36 17 5 -32 
26 3 -2 -12 10 -1 -14 9 4 53 10 12 12 -1 13 6 24 22 7 12 9 9 17 22 11 10 -10 14 -1 54 4 22 
 37 9 -3 -11 3 64 8 6 0 44 1 8 10 -2 3 5 13 -5 6 -4 4 16 -4 34 15 12 -10 31 36 17 5 -33 
26 3 -4 -12 10 -1 -14 9 4 53 10 12 12 -1 13 6 24 22 7 9 9 9 17 22 11 10 -10 14 -1 54 4 24 
 37 9 -8 -11 3 64 8 6 0 44 1 8 10 -2 3 5 13 -5 6 -13 4 16 -4 34 15 12 -10 31 36 17 5 -33 
26 3 -15 -12 10 -1 -14 9 4 53 10 12 12 -1 13 6 24 22 7 8 9 9 17 22 11 10 -10 14 -1 54 4 17 
 37 9 -8 -11 3 64 8 6 0 44 1 8 10 -2 3 5 13 -5 6 -7 4 16 -4 34 15 12 -10 31 36 17 5 -28 
26 3 -22 -12 10 -1 -14 9 4 53 10 12 12 -1 13 6 24 22 7 9 9 9 17 22 11 10 -10 14 -1 54 4 11 
 37 9 -12 -11 3 64 8 6 0 44 1 8 10 -2 3 5 13 -5 6 -2 4 16 -4 34 15 12 -10 31 36 17 5 -26 
26 3 -22 -12 10 -1 -14 9 4 53 12 12 13 -1 13 6 24 22 7 12 9 9 17 22 11 10 -8 14 -1 54 4 17 
 37 9 -12 -11 3 64 8 6 0 44 1 8 10 -2 3 5 13 -5 6 9 4 16 -4 34 15 12 -10 31 36 17 5 -26 
26 3 -20 -12 10 -1 -14 9 4 53 10 12 13 -1 13 6 24 22 7 23 9 9 17 22 11 10 -8 14 -1 54 4 18 
 37 9 2 -11 3 64 8 6 0 44 1 8 10 -2 3 5 13 -5 6 3 4 16 -4 34 15 12 -10 31 36 17 5 -31 
26 3 -16 -12 10 -1 -14 9 4 53 10 12 13 -1 13 6 24 22 7 22 9 9 17 22 11 10 -8 14 -1 54 4 15 
 37 9 7 -11 3 64 8 6 0 44 1 8 10 -2 3 5 13 -5 6 2 4 16 -4 34 15 12 -10 31 36 17 5 -19 
26 -8 -27 -12 10 -1 -14 9 4 53 10 12 13 -1 13 6 24 22 7 22 9 9 17 22 11 10 -8 14 -1 54 4 17 
 37 16 2 -11 3 64 8 6 0 44 1 8 10 -2 3 5 13 -5 6 2 4 16 -4 34 15 12 -10 31 36 17 5 -33 
26 -8 -29 -12 10 -1 -14 9 4 53 10 12 13 -1 13 6 24 22 7 22 9 9 17 22 11 10 -8 14 -1 54 4 21 
 37 16 -3 -11 3 64 8 6 0 44 1 8 10 -2 3 5 13 -6 6 2 4 16 -4 35 15 12 -10 31 36 17 5 -46 
26 -8 -26 -12 10 -1 -14 9 4 53 10 12 13 -1 13 6 24 22 7 22 9 9 17 22 11 10 -8 14 -1 54 4 28 
 37 16 1 -11 3 64 8 6 0 44 1 8 10 -2 3 5 13 -6 6 2 4 16 -4 35 15 12 -10 31 36 17 5 -41 
26 -8 -24 -12 10 -1 -14 10 4 53 10 12 13 -1 13 6 24 22 7 22 9 9 17 22 11 10 -8 14 -1 54 4 40 
 37 16 -4 -11 3 64 8 10 0 44 1 8 10 -2 3 5 13 -6 6 2 4 16 -4 35 15 12 -10 31 36 17 5 -46 
26 -8 -29 -12 10 -1 -14 10 4 53 10 12 13 -1 13 6 24 22 7 22 9 9 17 22 11 10 -8 14 -1 54 4 40 
 37 16 -2 -11 3 64 8 10 0 44 1 8 10 -2 3 5 13 -6 6 2 4 16 -4 35 15 12 -10 31 36 17 5 -40 
26 -6 -46 -12 10 -1 -14 10 4 53 10 12 13 -1 13 6 24 22 7 22 9 9 17 22 11 10 -8 14 -1 54 4 43 
 37 24 -2 -11 3 64 8 10 0 44 1 8 10 -2 3 5 13 -6 6 2 4 16 -4 35 15 12 -10 31 36 17 5 -31 
26 -6 -39 -12 10 -1 -14 10 4 53 10 12 13 -1 13 6 24 22 7 22 9 9 17 22 11 10 -8 14 -1 54 4 43 
 37 25 0 -11 3 64 8 10 0 44 1 8 10 -2 3 5 13 -6 6 2 4 16 -4 35 15 12 -10 31 36 17 5 -31 
26 -8 -40 -12 10 -1 -14 10 4 53 10 12 13 -1 13 6 24 22 7 22 9 9 17 22 11 10 -8 14 -1 54 4 43 
 37 16 3 -11 3 64 8 10 0 44 1 8 10 -2 3 5 13 -6 6 2 4 16 -4 35 15 12 -10 31 36 17 5 -31 
26 -8 -35 -12 10 -8 -14 10 4 53 10 12 13 -1 13 6 24 22 7 22 9 9 17 22 11 10 -8 14 -1 54 4 43 
 37 16 2 -11 3 65 8 10 0 43 1 8 10 -2 4 5 13 -6 6 2 4 16 -4 35 15 12 -10 31 36 17 5 -31 
26 -8 -34 -12 10 -16 -14 10 4 53 10 12 13 -1 13 6 24 22 7 22 9 9 17 22 11 10 -8 14 -1 54 4 43 
 37 16 6 -11 3 69 8 10 0 43 1 8 10 -2 4 5 13 -6 6 2 4 16 -4 35 15 12 -10 31 36 17 5 -31 
26 -8 -45 -12 10 -25 -14 10 4 53 10 12 13 -1 13 6 24 22 7 22 9 9 17 22 11 10 -8 14 -1 54 4 43 
 37 16 8 -11 3 63 8 10 0 43 1 8 10 -2 4 5 13 -6 6 2 4 16 -4 35 15 12 -10 31 36 17 5 -31 
26 -8 -27 -12 10 -21 -14 10 4 53 10 12 13 -1 13 6 24 22 7 22 9 9 17 22 11 10 -8 14 -1 54 4 43 
 37 16 11 -11 3 64 8 10 0 44 1 8 10 -2 3 5 13 -6 6 2 6 16 -4 35 15 12 -10 31 36 17 5 -31 
26 -8 -22 -12 10 -21 -14 10 4 53 10 12 13 -1 13 6 24 22 7 22 9 9 17 22 11 10 -8 14 -1 54 4 43 
 37 16 27 -11 3 64 8 10 0 44 1 8 10 -2 3 5 13 -6 6 2 6 16 -4 35 15 12 -10 31 36 17 5 -31 
26 -8 -25 -12 10 -21 -14 10 4 53 10 12 13 -1 13 6 24 22 7 22 9 9 17 22 11 10 -8 14 -1 54 4 43 
 37 16 38 -11 3 64 8 10 0 44 1 8 10 -2 3 5 13 -6 6 2 6 16 -4 35 15 12 -10 31 36 17 5 -31 
26 -8 -17 -12 10 -21 -14 10 4 53 10 12 13 1 13 6 24 22 7 22 9 9 17 22 11 10 -8 14 -1 54 4 43 
 37 16 53 -11 3 64 8 10 0 44 1 8 10 -5 3 5 13 -6 6 2 6 16 -4 35 15 12 -10 31 36 17 5 -31 
26 -8 -16 -12 10 -21 -14 10 4 53 10 12 13 -2 13 6 24 22 7 19 9 9 17 22 11 10 -8 14 -1 54 4 43 
 37 16 46 -11 3 64 8 10 0 44 1 8 10 -8 3 5 13 -6 6 -2 6 16 -4 35 15 12 -10 31 36 17 5 -31 
26 -8 -11 -12 10 -21 -14 10 4 53 10 12 13 2 13 6 24 22 7 19 9 9 17 22 11 10 -8 14 -1 54 4 43 
 37 16 40 -11 3 64 8 10 0 44 1 8 10 2 3 5 13 -6 6 -2 6 16 -4 35 15 12 -10 31 36 17 5 -31 
26 -8 0 -8 10 -21 -14 10 4 53 10 12 13 2 13 6 24 27 7 19 9 9 17 22 11 10 -8 14 -1 54 4 43 
 37 17 42 -24 3 64 8 10 0 44 1 8 10 2 3 5 13 0 6 -2 6 16 -4 34 15 12 -10 31 36 17 5 -31 
26 -10 6 -8 9 -21 -14 10 4 53 10 12 13 2 13 6 24 42 7 19 9 9 17 22 11 10 -8 14 -1 54 4 43 
 37 23 39 -24 4 64 8 10 0 44 1 8 10 2 3 5 13 15 6 -2 6 16 -4 34 15 12 -10 31 36 17 5 -31 
26 -10 2 -8 9 -21 -14 10 4 53 10 12 13 2 13 6 24 42 7 19 9 9 17 22 11 10 -8 14 -1 54 4 43 
 37 23 47 -24 4 64 8 10 0 44 1 8 10 2 3 5 13 15 6 -2 6 16 -4 34 15 12 -10 31 36 17 5 -31 
26 -10 -2 -8 9 -21 -14 10 4 53 10 12 13 2 1 6 24 42 7 19 9 9 17 22 11 10 -8 14 -1 54 4 43 
 37 23 43 -24 4 64 8 10 0 43 1 8 10 2 2 5 13 15 6 -2 6 16 -4 34 15 12 -10 31 36 17 5 -31 
26 -10 -7 -8 9 -21 -14 10 4 53 10 12 13 6 2 6 24 42 7 19 10 9 17 22 11 10 -8 14 -1 54 4 43 
 37 23 44 -24 4 64 8 10 0 43 1 8 10 6 2 5 13 15 6 -2 7 16 -4 34 15 12 -10 31 36 17 5 -31 
26 -10 -7 -8 9 -21 -14 10 4 53 10 12 13 8 2 6 24 42 7 19 9 9 17 22 11 10 -8 14 -1 54 4 43 
 37 23 44 -24 4 64 8 10 0 43 1 8 10 9 2 5 13 15 6 -2 6 16 -4 34 15 12 -10 31 36 17 5 -31 
26 -10 -7 -8 9 -21 -14 10 4 53 10 12 13 8 2 6 24 42 7 19 9 9 17 22 11 10 -8 14 -1 54 4 43 
 37 23 44 -24 4 64 8 10 0 43 1 8 10 9 2 5 13 15 6 -2 6 16 -4 34 15 12 -10 31 36 17 5 -31 
26 -10 -7 -8 9 -21 -14 10 4 53 10 12 13 8 2 6 24 42 7 19 9 9 17 22 11 10 -8 14 -1 54 4 43 
 37 23 44 -24 4 64 8 10 0 43 1 8 10 9 2 5 13 15 6 -2 6 16 -4 34 15 12 -10 31 36 17 5 -31 
26 -10 -7 -8 9 -21 -14 10 4 53 10 12 13 8 2 6 24 42 7 19 9 9 17 22 11 10 -8 14 -1 54 4 43 
 37 23 44 -24 4 64 8 10 0 43 1 8 10 9 2 5 13 15 6 -2 6 16 -4 34 15 12 -10 31 36 17 5 -31 
26 -10 -7 -8 9 -21 -14 10 4 53 10 12 13 8 2 6 24 42 7 19 9 9 17 22 11 10 -8 14 -1 54 4 43 
 37 23 44 -24 4 64 8 10 0 43 1 8 10 9 2 5 13 15 6 -2 6 16 -4 34 15 12 -10 31 36 17 5 -31 
26 -10 -7 -8 9 -21 -14 10 4 53 10 12 13 8 2 6 24 42 7 19 9 9 17 22 11 10 -8 14 -1 54 4 43 
 37 23 44 -24 4 64 8 10 0 43 1 8 10 9 2 5 13 15 6 -2 6 16 -4 34 15 12 -10 31 36 17 5 -31 
26 -10 -7 -8 9 -21 -14 10 4 53 10 12 13 8 2 6 24 42 7 19 9 9 17 22 11 10 -8 14 -1 54 4 43 
 37 23 44 -24 4 64 8 10 0 43 1 8 10 9 2 5 13 15 6 -2 6 16 -4 34 15 12 -10 31 36 17 5 -31 
26 -10 -7 -8 9 -21 -14 10 4 53 10 12 13 8 2 6 24 42 7 19 9 9 17 22 11 10 -8 14 -1 54 4 43 
 37 23 44 -24 4 64 8 10 0 43 1 8 10 9 2 5 13 15 6 -2 6 16 -4 34 15 12 -10 31 36 17 5 -31 
26 -10 -7 -8 9 -21 -14 10 4 53 10 12 13 8 2 6 24 42 7 19 9 9 17 22 11 10 -8 14 -1 54 4 43 
 37 23 44 -24 4 64 8 10 0 43 1 8 10 9 2 5 13 15 6 -2 6 16 -4 34 15 12 -10 31 36 17 5 -31 
26 -10 -7 -8 9 -21 -14 10 0 53 10 12 13 8 2 6 24 42 7 19 9 9 17 22 11 10 -8 14 -1 54 4 43 
 37 23 44 -24 4 64 8 10 -6 43 1 8 10 9 2 5 13 15 6 -2 6 16 -4 34 15 12 -10 31 36 17 5 -31 
26 -10 -7 -8 9 -21 -14 10 -7 53 10 12 13 8 2 6 24 42 7 19 9 9 17 22 11 10 -8 14 -1 54 4 43 
 37 23 44 -24 4 64 8 10 -4 43 1 8 10 9 2 5 13 15 6 -2 6 16 -4 34 15 12 -10 31 36 17 5 -31 
26 -10 -7 -8 9 -21 -14 10 1 53 10 12 13 8 2 6 24 42 7 19 9 9 17 22 11 10 -8 14 -1 54 4 43 
 37 23 44 -24 4 64 8 10 -15 43 1 8 10 9 2 5 13 15 6 -2 6 16 -4 34 15 12 -10 31 36 17 5 -31 
26 -10 -7 -8 9 -21 -14 10 1 53 10 12 13 8 2 6 24 42 7 19 9 9 17 22 11 10 -8 14 -1 54 4 43 
 37 23 44 -24 4 64 8 10 -11 43 1 8 10 9 2 5 13 15 6 -2 6 16 -4 34 15 12 -10 31 36 17 5 -31 
26 -10 -7 -8 9 -21 -14 10 5 53 10 12 13 8 2 6 24 42 7 19 9 9 17 22 11 10 -8 14 -1 54 4 43 
 37 23 44 -24 4 64 8 10 -8 43 1 8 10 9 2 5 13 15 6 -2 6 16 -4 34 15 12 -10 31 36 17 5 -31 
26 -10 -7 -8 9 -21 -14 10 7 53 10 12 13 8 2 6 24 42 7 19 9 9 17 22 11 10 -8 14 -1 54 4 43 
 37 23 44 -24 3 64 8 10 -10 43 1 8 10 9 2 5 13 15 6 -2 6 16 -4 34 15 12 -10 31 36 17 5 -31 
26 -10 -7 -8 9 -21 -14 10 13 53 10 12 13 8 2 6 24 42 7 19 9 9 17 22 11 10 -8 14 -1 54 4 43 
 37 23 44 -24 4 64 8 10 -14 43 1 8 10 7 2 5 13 15 6 -2 6 16 -4 34 15 12 -10 31 36 17 5 -31 
26 -10 -7 -8 9 -21 -14 10 11 53 10 12 13 8 2 6 24 42 7 19 9 9 17 22 11 10 -8 14 -1 54 4 43 
 37 23 44 -24 4 64 8 10 -13 43 1 8 10 9 2 5 13 15 6 -2 6 16 -4 34 15 12 -10 31 36 17 5 -31 
26 -10 -7 -8 9 -21 -14 10 16 53 10 12 13 8 2 6 24 42 7 19 9 9 17 22 11 10 -8 14 -1 54 4 43 
 37 23 44 -24 4 64 8 10 -11 43 1 8 10 9 2 5 13 15 6 -2 6 16 -4 34 15 12 -10 31 36 17 5 -31 
26 -10 -7 -8 9 -21 -14 10 23 53 10 12 13 8 2 6 24 42 7 19 9 9 17 22 11 10 -8 14 -1 54 4 43 
 37 23 44 -24 4 64 8 10 -12 43 1 8 10 9 2 5 13 15 6 -2 6 16 -4 34 15 12 -10 31 36 17 5 -31 
26 -10 -7 -8 9 -21 -14 10 20 53 10 12 13 8 2 6 24 42 7 19 9 9 17 22 11 10 -8 14 -1 54 4 43 
 37 23 44 -24 4 64 8 10 -9 43 1 8 10 9 2 5 13 15 6 -2 6 16 -4 34 15 12 -10 31 36 17 5 -31 
26 -10 -7 -8 9 -21 -14 10 24 53 10 12 13 8 2 6 24 42 7 19 9 9 17 22 11 10 -8 14 -1 54 4 43 
 37 23 44 -24 4 64 8 10 -16 43 1 8 10 9 2 5 13 14 6 -2 6 16 -4 35 15 12 -10 31 36 17 5 -31 
26 -10 -7 -8 9 -21 -14 10 26 53 10 12 13 8 2 6 24 42 7 19 9 9 17 22 11 10 -8 14 -1 54 4 43 
 37 23 44 -24 4 64 8 10 -20 43 1 8 10 9 2 5 13 14 6 -2 6 16 -4 35 15 12 -10 31 36 17 5 -31 
26 -10 -7 -8 9 -21 -14 10 24 53 10 12 13 8 2 6 24 42 7 19 9 9 17 22 11 10 -8 14 -1 54 4 43 
 37 23 44 -24 4 64 8 10 -20 43 1 8 10 9 2 5 13 14 6 -2 6 16 -4 35 15 12 -10 31 36 17 5 -31 
26 -10 -7 -8 9 -21 -14 10 24 53 10 12 13 11 2 6 24 42 7 19 9 9 17 22 11 10 -8 14 -1 54 4 43 
 37 23 44 -24 4 64 8 10 -20 43 1 8 10 6 2 5 13 14 6 -2 6 16 -4 35 15 12 -10 31 36 17 5 -31 
26 -10 -7 -8 9 -21 -14 10 24 53 10 16 13 11 2 6 24 42 7 19 9 9 17 22 11 12 -8 14 -1 54 4 43 
 37 23 44 -24 4 64 8 10 -20 43 1 0 10 11 2 5 13 14 6 -2 6 16 -4 35 15 12 -10 31 36 17 5 -31 
26 -10 -7 -8 9 -21 -14 10 24 53 10 24 13 10 2 6 24 42 -1 19 9 9 17 22 11 8 -8 14 -1 54 4 43 
 37 23 44 -24 4 64 8 10 -20 43 1 7 10 12 2 5 13 14 5 -2 6 16 -4 35 15 12 -10 31 36 17 5 -31 
26 -10 -7 -8 9 -21 -14 10 24 53 10 36 13 10 2 6 24 42 -6 19 9 9 17 22 11 9 -8 14 -1 54 4 43 
 37 23 44 -24 4 64 8 10 -20 43 1 15 10 12 2 5 13 14 2 -2 6 16 -4 35 15 12 -10 31 36 17 5 -31 
26 -10 -7 -8 9 -21 -14 10 24 53 10 30 13 10 2 4 24 42 1 19 9 9 17 22 11 10 -8 14 -1 54 4 43 
 37 23 44 -24 4 64 8 10 -20 43 1 19 10 12 2 7 13 14 -4 -2 6 16 -4 35 15 22 -10 31 36 17 5 -31 
26 -10 -7 -8 9 -21 -14 10 24 53 10 38 13 10 2 1 24 42 -12 19 9 9 17 22 11 15 -8 14 -1 54 4 40 
 37 23 44 -24 4 64 8 10 -20 43 1 10 10 12 2 3 13 14 -3 -2 6 16 -4 35 15 13 -10 31 36 17 5 -32 
26 -10 -7 -8 9 -21 -14 10 24 53 10 28 13 10 2 -6 24 42 -22 19 9 9 17 22 11 19 -8 14 -1 54 4 43 
 37 23 44 -24 4 64 8 10 -20 43 1 23 10 12 2 -6 13 14 0 -2 6 16 -4 35 15 10 -10 31 36 17 5 -31 
26 -10 -7 -8 9 -21 -14 10 24 53 10 25 13 10 2 2 24 42 -13 19 9 9 17 22 11 18 -8 14 -1 54 4 43 
 37 23 44 -24 4 64 8 10 -20 43 1 27 10 12 2 3 13 14 6 -2 6 16 -4 35 15 14 -10 31 36 17 5 -31 
26 -10 -7 -8 9 -21 -9 10 24 53 10 26 13 10 2 10 24 42 -13 19 9 9 17 22 11 2 -8 14 -1 54 4 43 
 37 23 44 -24 4 64 10 10 -20 43 1 25 10 12 2 -3 13 14 6 -2 6 16 -4 35 15 11 -10 31 36 17 5 -31 
26 -10 -7 -8 9 -21 -8 10 24 53 10 26 13 10 2 11 24 42 -13 19 9 9 17 22 11 -5 -8 14 -1 54 4 43 
 37 23 44 -24 4 64 8 10 -20 43 1 25 10 12 2 1 13 14 6 -2 6 16 -4 35 15 6 -10 31 36 17 5 -31 
26 -10 -7 -8 9 -21 -8 10 24 53 10 26 13 10 2 14 24 42 -13 19 13 9 17 22 11 -10 -8 14 -1 54 4 43 
 37 23 44 -24 4 64 8 10 -20 43 1 25 10 12 2 6 13 14 6 -2 -4 16 -4 35 15 4 -10 31 36 17 5 -31 
26 -10 -7 -8 9 -21 -8 10 24 53 10 26 13 10 2 9 24 42 -13 19 14 9 17 22 11 -6 -8 14 -1 61 4 43 
 37 23 44 -24 4 64 8 10 -20 43 1 25 10 12 2 6 13 14 6 -2 -15 16 -4 35 15 6 -10 31 36 17 5 -31 
26 -9 -7 -8 9 -21 -8 10 24 53 10 26 13 10 2 9 24 42 -13 19 15 9 17 22 11 -10 -8 14 -1 55 4 43 
 37 25 44 -24 4 64 8 10 -20 43 1 25 10 12 2 6 13 14 6 -2 -11 16 -4 35 15 3 -10 31 36 21 5 -31 
26 -14 -7 -8 9 -21 -8 10 24 53 10 26 13 10 2 9 24 42 -13 19 18 9 17 22 11 -10 -8 14 -1 51 4 43 
 37 28 44 -24 4 64 8 10 -20 43 1 25 10 12 2 6 13 14 6 -2 -13 16 -4 35 15 3 -10 31 36 22 5 -31 
26 -12 -7 -8 9 -21 -8 10 24 53 10 26 13 10 2 9 24 42 -13 19 12 9 17 22 11 -10 -8 14 -1 49 4 43 
 37 29 44 -24 4 64 8 10 -20 43 1 25 10 12 2 6 13 14 6 -2 -20 16 -4 35 15 3 -10 31 36 17 5 -31 
26 -12 -7 -8 9 -21 -8 10 24 53 10 26 13 10 2 9 24 39 -13 19 12 9 17 22 11 -10 -8 14 -1 54 4 43 
 37 29 44 -24 4 64 8 10 -20 43 1 25 10 12 2 6 13 11 6 -2 -23 16 -4 35 15 3 -10 31 36 17 5 -31 
26 -12 -7 -8 9 -21 -8 10 24 53 10 26 13 10 2 9 24 47 -15 19 11 9 22 22 11 -10 -8 14 -1 54 4 43 
 37 29 44 -24 4 64 8 10 -20 43 1 25 10 12 2 6 13 6 11 -2 -14 16 -6 35 15 3 -10 31 36 17 5 -31 
26 -12 -7 -8 9 -21 -8 10 24 53 10 26 13 10 2 9 24 47 -7 19 19 9 22 22 11 -10 -8 8 -1 54 4 43 
 37 29 44 -24 4 64 8 10 -20 43 1 25 10 12 2 6 13 6 9 -2 -15 16 -6 35 15 3 -10 30 36 17 5 -31 
26 -12 -7 -8 9 -21 -8 10 24 53 10 26 13 10 2 9 24 47 -8 19 25 9 22 22 11 -10 -8 6 -1 54 4 43 
 37 29 44 -24 4 64 8 10 -20 43 1 25 10 12 2 6 13 6 2 -2 -11 16 -6 35 15 3 -10 28 36 17 5 -31 
26 -12 -7 -8 9 -21 -8 10 24 53 10 26 13 10 2 9 24 47 -12 19 31 9 22 22 11 -10 -8 6 -1 54 4 43 
 37 29 44 -24 4 64 8 10 -20 43 1 25 10 12 2 6 13 6 2 -2 -22 16 -6 35 15 3 -10 28 36 17 5 -31 
26 -12 -7 -8 9 -21 -8 10 24 53 10 26 13 10 2 9 24 47 -10 19 35 9 22 22 11 -10 -8 6 -1 54 4 43 
 37 29 44 -24 4 64 8 10 -20 43 1 25 10 12 2 6 13 6 -2 -2 -15 16 -6 35 15 3 -10 28 36 17 5 -31 
26 -12 -7 -8 9 -21 -8 10 24 53 10 26 13 10 2 9 24 47 -3 19 38 9 22 22 11 -10 -8 6 -1 54 4 43 
 37 29 44 -24 4 64 8 10 -20 43 1 25 10 12 2 6 13 6 -4 -2 -13 16 -6 35 15 3 -10 28 36 17 5 -31 
26 -12 -7 -8 9 -21 -3 10 24 53 10 26 13 10 2 9 24 47 -3 19 32 9 22 22 11 -10 -8 6 -1 54 4 43 
 37 29 44 -24 4 64 5 10 -20 43 1 25 10 12 2 6 13 6 -4 -2 -16 16 -6 35 15 3 -10 28 36 17 5 -31 
26 -12 -7 -8 9 -21 -10 10 24 53 10 26 13 10 2 9 24 47 -3 19 32 9 22 22 11 -10 -8 6 -1 54 4 43 
 37 29 44 -24 4 64 8 10 -20 43 1 25 10 12 2 6 13 6 -4 -2 -12 16 -6 35 15 3 -10 28 36 17 5 -31 
26 -9 -7 -8 9 -21 -12 10 24 53 10 26 13 10 2 9 24 47 -3 19 32 9 22 22 11 -10 -8 6 -1 54 4 43 
 37 27 44 -24 4 64 9 10 -20 43 1 25 10 12 2 6 13 6 -4 -2 -12 16 -6 35 15 3 -10 28 36 17 5 -31 
26 -9 -7 -8 9 -21 -12 10 24 53 10 26 13 10 2 9 24 47 -3 19 32 9 22 22 11 -10 -8 6 -1 54 4 43 
 37 21 44 -24 4 64 9 10 -20 43 1 25 10 12 2 6 13 6 -4 -2 -12 16 -6 35 15 3 -10 28 36 17 5 -31 
26 -11 -7 -8 9 -21 -12 10 27 53 10 26 13 10 2 9 24 47 -3 19 32 9 22 22 11 -10 -8 6 -1 54 4 43 
 37 18 44 -24 4 64 9 10 -21 43 1 25 10 12 2 6 13 6 -4 -2 -12 16 -6 35 15 3 -10 28 36 17 5 -31 
26 -11 -7 -8 9 -21 -12 10 25 53 10 26 13 10 2 9 24 47 -3 19 32 9 22 22 11 -10 -8 6 -1 54 4 43 
 37 30 44 -24 4 64 9 10 -15 43 1 25 10 12 2 6 13 6 -4 -2 -12 16 -6 35 15 3 -10 28 36 17 5 -31 
26 -16 -7 -8 9 -21 -12 10 24 53 10 26 14 10 2 9 24 47 -3 19 32 9 22 22 11 -10 -8 6 -1 54 4 43 
 37 28 44 -24 4 64 9 10 -20 43 1 25 11 12 2 6 13 6 -4 -2 -12 16 -6 35 15 3 -10 28 36 17 5 -31 
26 -18 -7 -8 9 -21 -12 10 24 53 10 26 14 10 2 9 24 47 -3 19 32 9 22 22 11 -10 -7 6 -1 54 4 43 
 37 24 44 -24 4 64 9 10 -20 43 1 25 11 12 2 6 13 6 -4 -2 -12 16 -6 35 15 3 -10 28 36 17 5 -31 
26 -8 -7 -8 9 -21 -12 10 24 53 10 26 14 10 2 9 24 47 -3 19 32 9 22 22 11 -10 -8 6 -1 54 4 43 
 37 17 44 -24 4 64 9 10 -20 43 1 25 11 12 2 6 13 6 -4 -2 -12 16 -6 35 15 3 -10 28 36 17 5 -31 
26 -16 -7 -8 9 -21 -12 10 24 53 10 26 14 10 2 9 24 47 -3 19 32 9 22 22 11 -10 -8 6 -1 54 4 43 
 37 19 44 -24 4 64 9 10 -20 43 1 25 11 19 2 6 13 6 -4 -2 -12 16 -6 35 15 3 -10 28 36 17 5 -31 
26 -20 -7 -8 9 -21 -12 7 24 53 10 26 14 19 2 9 24 47 -3 19 32 9 22 22 10 -10 -8 6 -1 54 4 43 
 37 17 44 -24 4 64 9 9 -20 43 1 25 11 21 2 6 13 6 -4 -2 -12 16 -6 35 14 3 -10 28 36 17 5 -31 
26 -28 -7 -8 9 -21 -12 4 24 53 10 26 14 20 2 9 24 47 -3 19 32 9 22 22 11 -10 -7 6 -1 54 4 43 
 37 12 44 -24 4 64 9 8 -20 43 1 25 11 26 2 6 13 6 -4 -2 -12 16 -6 35 15 3 -10 28 36 17 5 -31 
26 -27 -7 -8 9 -21 -12 5 24 53 10 26 14 25 2 9 24 47 -3 19 32 9 23 22 11 -10 -8 6 -1 54 4 43 
 37 10 44 -24 4 64 9 0 -20 43 1 25 11 24 2 6 13 6 -4 -2 -12 16 -8 35 15 3 -10 28 36 17 5 -31 
26 -27 -7 -8 9 -21 -12 1 24 53 10 26 14 27 2 9 24 47 -3 19 32 9 22 22 11 -3 -8 6 -1 54 4 43 
 37 10 44 -24 4 64 9 -1 -20 43 1 25 11 28 2 6 13 6 -4 -2 -12 16 -6 35 15 10 -10 28 36 17 5 -31 
26 -27 -7 -8 9 -21 -12 -10 24 53 10 26 14 24 2 9 24 47 -3 19 32 9 22 22 11 -10 -8 6 -1 54 4 43 
 37 10 44 -24 4 64 9 -8 -20 43 1 25 11 30 2 6 13 6 -4 -2 -12 16 -6 35 15 10 -10 28 36 17 5 -31 
26 -27 -7 -8 9 -21 -12 -10 24 53 10 26 14 19 2 9 24 47 -3 19 32 9 22 22 11 -10 -8 6 -1 54 4 43 
 37 10 44 -24 4 64 9 -8 -20 43 1 25 11 26 2 6 13 6 -4 -2 -12 16 -6 35 15 10 -10 28 36 17 5 -31 
26 -27 -7 -8 9 -21 -12 -10 24 53 10 26 14 13 2 9 24 47 -3 19 32 9 22 22 11 -10 -8 6 -1 54 4 43 
 37 10 44 -24 4 64 9 -8 -20 43 1 25 11 42 2 6 13 6 -4 -2 -12 16 -6 35 15 10 -10 28 36 17 5 -31 
26 -27 -7 -8 9 -21 -12 -10 24 53 10 26 14 4 2 9 24 47 -3 19 32 9 22 22 11 -10 -8 6 -1 54 4 43 
 37 10 44 -24 4 64 9 -8 -20 43 1 25 11 32 2 6 13 6 -4 -2 -12 16 -6 35 15 10 -10 28 36 17 5 -31 
26 -27 -7 -8 9 -21 -12 -10 24 54 10 26 14 14 2 9 24 47 -3 19 32 9 22 22 11 -10 -8 6 -1 54 4 43 
 37 10 43 -24 4 64 9 -8 -20 42 1 25 11 24 2 6 13 6 -4 -2 -12 16 -6 35 15 10 -10 28 36 17 5 -31 
26 -28 -7 -8 9 -21 -12 -10 24 69 10 26 14 13 2 9 24 47 -3 19 32 9 22 22 11 -10 -7 6 -1 54 4 43 
 37 10 43 -24 4 64 9 -8 -20 41 1 25 11 24 2 6 13 6 -4 -2 -12 16 -6 35 15 10 -10 28 36 17 5 -31 
26 -28 -7 -8 9 -21 -12 -10 24 70 10 26 14 13 2 9 24 47 -3 19 32 9 22 22 11 -10 -7 6 -1 54 4 43 
 37 10 43 -24 4 64 9 -8 -20 43 1 25 11 24 2 6 13 6 -4 -2 -12 16 -6 35 15 10 -10 28 36 17 5 -31 
26 -28 -7 -8 7 -21 -12 -10 24 70 10 26 14 13 2 9 24 47 -3 19 31 9 22 22 11 -10 -7 6 -1 54 4 43 
 37 10 43 -24 -1 64 9 -8 -20 43 1 25 11 24 2 6 13 6 -4 -2 -13 16 -6 35 15 10 -10 28 36 17 5 -31 
26 -28 -7 4 -2 -21 -12 -10 24 70 10 26 14 13 2 9 24 47 -3 19 32 9 22 22 11 -10 -7 6 -1 54 4 43 
 37 10 43 -16 -12 64 9 -8 -20 43 1 25 11 24 2 6 13 6 -4 -2 -12 16 -6 35 15 10 -10 28 36 17 5 -31 
26 -28 -7 7 2 -21 -12 -10 24 70 10 26 14 13 2 9 24 47 -3 19 32 9 22 22 11 -10 -7 6 -1 54 4 43 
 37 10 43 -20 -11 64 9 -8 -20 43 1 25 11 24 2 6 13 6 -4 -2 -12 16 -6 35 15 10 -10 28 36 17 5 -31 
26 -28 -7 13 -2 -21 -12 -10 24 70 10 26 14 13 2 9 24 47 -3 19 32 9 22 22 11 -10 -7 6 -1 54 4 43 
 37 10 43 -18 -14 64 9 -8 -20 43 1 25 11 24 2 6 13 6 -4 -2 -12 16 -6 35 15 10 -10 28 36 17 5 -31 
26 -28 -7 25 -10 -21 -12 -10 24 70 10 26 14 13 2 9 24 47 -3 22 32 9 22 22 11 -10 -7 6 -1 54 4 43 
 37 10 43 -10 -11 64 9 -8 -20 43 1 25 11 24 2 6 13 6 -4 0 -12 16 -6 35 15 10 -10 28 36 17 5 -31 
26 -28 -7 27 -20 -21 -12 -10 24 70 10 26 14 13 2 9 24 47 -3 28 32 9 22 22 11 -10 -7 6 -1 54 4 43 
 37 10 43 -12 -7 64 9 -8 -20 43 1 25 11 24 2 6 13 6 -4 3 -12 16 -6 35 15 10 -10 28 36 17 5 -31 
26 -28 -7 29 -21 -21 -12 -10 24 70 17 26 14 13 2 7 24 47 -3 29 32 9 22 22 11 -10 -7 6 -1 54 4 43 
 37 10 43 -16 -2 64 9 -8 -20 43 2 25 11 24 2 11 13 6 -4 6 -12 16 -6 35 15 10 -10 28 36 17 5 -31 
26 -28 -7 29 -21 -21 -12 -10 24 70 14 26 14 13 2 14 24 47 -3 29 32 9 22 22 11 -10 -7 6 -1 54 4 43 
 37 10 43 -16 -2 64 9 -8 -20 43 4 25 11 24 2 16 13 6 -4 6 -12 16 -6 35 15 10 -10 28 36 17 5 -31 
26 -28 -7 29 -21 -21 -12 -10 24 70 22 26 14 13 2 12 24 47 -3 29 32 9 22 22 11 -15 -7 7 -1 54 4 43 
 37 10 43 -16 -2 64 9 -8 -20 43 10 25 11 24 2 16 13 6 -4 6 -12 16 -6 35 15 11 -10 22 36 17 5 -31 
26 -28 -7 29 -21 -21 -12 -10 24 70 26 26 14 13 2 12 24 47 -3 29 32 9 22 22 0 -18 -7 10 -1 54 4 43 
 37 10 43 -16 -2 64 9 -8 -20 43 8 25 11 24 2 16 13 6 -4 6 -12 16 -6 35 16 13 -10 21 36 17 5 -31 
26 -28 -7 29 -21 -21 -12 -10 24 70 26 26 14 13 2 12 24 47 -3 29 32 9 22 22 10 -18 -7 10 -1 54 4 43 
 37 10 43 -16 -2 64 9 -8 -20 43 8 25 11 24 2 16 13 6 -4 6 -12 16 -6 35 30 13 -10 21 36 17 5 -31 
26 -28 -7 29 -21 -21 -12 -10 24 70 26 26 14 13 2 12 24 47 -3 29 32 9 22 22 10 -25 -7 10 -1 54 4 43 
 37 10 43 -16 -2 64 9 -8 -20 43 8 25 11 24 2 16 13 6 -4 6 -12 16 -6 35 30 7 -10 21 36 17 5 -31 
26 -28 -7 29 -21 -19 -12 -10 24 70 26 20 14 13 2 12 24 47 -3 29 32 9 22 22 10 -25 -7 10 -1 54 4 43 
 37 10 43 -16 -2 66 9 -8 -20 43 8 34 11 24 2 16 13 6 -4 6 -12 16 -6 35 30 16 -10 21 36 17 5 -31 
26 -28 -7 29 -21 -19 -12 -10 24 70 26 15 19 13 2 12 24 47 -3 29 32 9 22 22 10 -13 -7 10 -1 54 4 43 
 37 10 43 -16 -2 56 9 -8 -20 43 8 26 15 24 2 16 13 6 -4 6 -12 16 -6 35 30 7 -10 21 36 17 5 -31 
26 -28 -7 29 -21 -17 -12 -10 24 70 26 18 14 13 2 12 24 47 -3 29 32 9 22 22 10 -14 -7 10 -1 54 4 43 
 37 10 43 -16 -2 52 9 -8 -20 43 8 31 11 24 2 16 13 6 -4 6 -12 16 -6 35 30 5 -10 21 36 17 5 -31 
26 -28 -7 29 -21 -9 -12 -10 24 70 26 33 14 13 2 12 24 47 -3 29 32 9 22 22 10 -14 -7 10 -1 54 4 43 
 37 10 43 -16 -2 63 9 -8 -20 43 8 33 11 24 2 16 13 6 -4 6 -12 16 -6 35 30 5 -10 21 36 17 5 -31 
26 -28 -7 29 -21 -9 -12 -10 24 70 26 24 14 13 2 12 24 47 -3 29 32 9 22 22 10 -14 -7 10 -1 54 4 43 
 37 10 43 -16 -2 67 9 -8 -20 43 8 26 11 24 2 16 13 6 -4 6 -12 16 -6 35 30 5 -10 21 36 17 5 -31 
26 -28 -7 29 -21 -11 -12 -10 24 70 26 17 14 13 2 12 24 47 -3 29 32 9 22 22 10 -14 -7 10 -1 54 4 43 
 37 10 43 -16 -2 71 9 -8 -20 43 8 30 11 24 2 16 13 6 -4 6 -12 16 -6 35 30 5 -10 21 36 17 5 -31 
26 -28 -7 29 -21 -9 -12 -10 24 70 26 13 14 13 -2 12 24 47 -3 29 32 9 22 22 10 -14 -7 10 -1 54 4 43 
 37 10 43 -16 -2 72 9 -8 -20 43 8 46 11 24 -3 16 13 6 -4 6 -12 16 -6 35 30 5 -10 21 36 17 5 -31 
26 -28 -7 29 -21 -12 -12 -10 24 70 26 5 14 13 -8 12 24 47 -3 29 32 9 22 22 10 -14 -7 10 -1 54 4 43 
 37 10 43 -16 -2 65 9 -8 -20 43 8 50 11 24 -8 16 13 6 -4 6 -12 16 -6 35 30 5 -10 21 36 17 5 -31 
26 -28 -7 29 -21 -4 -12 -10 24 70 26 9 14 13 -9 12 24 47 -3 29 32 9 22 22 10 -14 -7 10 -1 54 4 43 
 37 10 43 -16 -2 70 9 -8 -20 43 8 52 11 24 -5 16 13 6 -4 6 -12 16 -6 35 30 5 -10 21 36 17 5 -31 
26 -28 -7 29 -21 0 -12 -10 24 70 26 14 14 13 -9 12 24 47 -3 29 32 9 22 22 10 -14 -7 10 -1 54 4 43 
 37 10 43 -16 -2 73 9 -8 -20 43 8 52 11 24 -5 16 13 6 -4 6 -12 16 -6 35 30 5 -10 21 36 17 5 -31 
26 -28 -7 29 -21 -1 -12 -10 24 70 26 8 14 13 -9 12 24 47 -3 29 32 9 22 22 10 -14 -7 10 -1 54 4 43 
 37 10 43 -16 -2 71 9 -8 -20 43 8 58 11 24 -5 16 13 6 -4 6 -12 16 -6 35 30 5 -10 21 36 17 5 -31 
26 -28 -7 29 -21 -2 -12 -10 24 70 26 13 14 13 -9 12 24 47 -3 29 32 -1 22 22 10 -14 -7 10 -1 54 4 42 
 37 10 43 -16 -2 70 9 -8 -20 43 8 55 11 24 -5 16 13 6 -4 6 -12 24 -6 35 30 5 -10 21 36 17 5 -38 
26 -28 -7 29 -21 3 -12 -10 24 70 26 18 14 13 -9 12 24 47 -3 29 32 -1 22 22 10 -14 -7 10 -1 54 4 42 
 37 10 43 -16 -2 69 9 -8 -20 43 8 49 11 24 -5 16 13 6 -4 6 -12 24 -6 35 30 5 -10 21 36 17 5 -38 
26 -28 -7 29 -21 3 -12 -10 24 70 26 13 14 13 -9 12 24 47 -3 29 32 -1 22 22 10 -14 -7 8 -1 54 4 42 
 37 10 43 -16 -2 69 9 -8 -20 43 8 46 11 24 -5 16 13 6 -4 6 -12 24 -6 35 30 5 -10 28 36 17 5 -38 
26 -28 -7 29 -21 3 -12 -10 24 70 26 18 14 13 -9 12 24 47 -3 29 32 -1 22 22 10 -14 -7 -2 -1 54 4 42 
 37 10 43 -16 -2 69 9 -8 -20 43 8 44 11 24 -5 16 13 6 -4 6 -12 24 -6 35 30 5 -10 25 36 17 5 -38 
26 -28 -7 29 -21 3 -12 -10 24 70 26 17 14 13 -9 24 24 47 0 33 32 -1 22 22 10 -14 -7 -9 -1 54 4 42 
 37 10 43 -16 -2 69 9 -8 -20 43 8 56 11 24 -5 16 13 6 5 6 -12 24 -6 35 30 5 -10 24 36 17 5 -38 
26 -28 -7 29 -21 3 -12 -10 24 70 26 17 14 13 -9 12 24 47 1 30 32 -1 22 22 10 -14 -7 -10 -1 54 4 42 
 37 10 43 -16 -2 69 9 -8 -20 43 8 56 11 24 -5 16 13 6 -4 -3 -12 24 -6 35 30 5 -10 21 36 17 5 -38 
26 -27 -7 29 -21 3 -12 -10 24 70 26 17 14 13 -9 12 24 47 0 32 32 -5 22 22 10 -14 -11 -10 -1 54 4 42 
 37 10 43 -16 -2 69 9 -8 -20 43 8 56 11 24 -5 16 13 6 -13 -10 -12 35 -6 35 30 5 -4 21 36 17 5 -38 
26 -27 -7 29 -21 3 -12 -10 24 70 26 17 14 13 -9 12 24 47 -1 32 32 -3 22 22 10 -14 -11 -10 -1 54 4 42 
 37 10 43 -16 -2 69 9 -8 -20 43 8 56 11 24 -5 16 13 6 -16 -10 -12 34 -6 35 30 5 -4 21 36 17 5 -38 
26 -27 -7 29 -21 3 -12 -10 24 70 26 17 14 13 -9 12 24 47 -1 32 32 -14 22 22 10 -14 -11 -10 -1 54 4 42 
 37 10 43 -16 -2 69 9 -8 -20 43 8 56 11 24 -5 16 13 6 -16 -10 -12 41 -6 35 30 5 -4 21 36 17 5 -38 
26 -27 -7 29 -21 3 -12 -10 24 70 26 17 14 13 -9 12 24 47 -1 32 32 -3 22 22 10 -14 -11 -10 -1 54 4 42 
 37 10 43 -16 -2 69 9 -8 -20 43 8 56 11 24 -5 16 13 6 -16 -10 -12 43 -6 35 30 5 -4 21 36 17 5 -38 
26 -27 -7 29 -21 3 -12 -10 24 70 26 17 14 13 -9 12 24 47 -1 32 32 2 22 22 10 -14 -11 -10 -1 54 4 42 
 37 10 43 -16 -2 69 9 -8 -20 43 8 56 11 24 -5 16 13 6 -16 -10 -12 48 -6 35 30 5 -4 21 36 17 5 -38 
26 -27 -7 29 -21 3 -12 -10 24 70 26 17 14 13 -9 12 24 47 -1 32 32 9 22 22 10 -14 -11 -10 -1 54 4 42 
 37 10 43 -16 -2 69 9 -8 -20 43 8 56 11 24 -5 16 13 6 -16 -10 -12 46 -6 35 30 5 -4 21 36 17 5 -38 
26 -27 -7 29 -21 3 -12 -10 24 70 26 17 14 27 -9 12 24 47 -1 32 32 9 22 22 10 -14 -11 -10 -1 54 4 42 
 37 10 44 -16 -2 69 9 -8 -20 43 8 56 11 24 -5 16 13 6 -16 -10 -12 46 -6 35 30 5 -4 21 36 17 5 -38 
26 -27 -7 29 -21 3 -12 -10 24 70 26 17 14 21 -7 12 24 47 -1 32 32 9 22 22 10 -14 -11 -10 -1 54 4 42 
 37 10 43 -16 -2 69 9 -8 -20 43 8 56 11 23 4 16 13 6 -16 -10 -12 46 -6 35 30 5 -4 21 36 17 5 -38 
26 -27 -7 29 -21 3 -12 -10 24 70 26 17 14 11 -7 12 24 47 -1 32 32 9 22 22 10 -14 -11 -10 -1 54 4 42 
 37 10 43 -16 -2 69 9 -8 -20 43 8 56 11 26 4 16 13 6 -16 -10 -12 46 -6 35 30 5 -4 21 36 17 5 -38 
26 -27 -7 29 -21 3 -12 -10 24 70 26 17 14 10 -7 7 24 47 -1 32 32 9 22 22 10 -14 -11 -10 -1 54 4 42 
 37 10 43 -16 -2 69 9 -8 -20 43 8 56 11 26 4 19 13 6 -16 -10 -12 46 -6 35 30 5 -4 21 36 17 5 -38 
26 -27 -7 29 -21 3 -12 -10 24 70 26 17 14 8 -7 12 24 47 -1 32 32 9 22 22 10 -14 -11 -10 8 54 4 42 
 37 10 43 -16 -2 69 9 -8 -20 43 8 56 11 30 4 14 13 6 -16 -10 -12 46 -6 35 30 5 -4 21 36 17 5 -38 
26 -27 -7 29 -21 3 -12 -10 24 66 26 17 14 8 -7 19 24 47 -1 32 32 9 22 22 10 -14 -11 -10 4 54 4 42 
 37 10 43 -16 -2 69 9 -8 -20 44 8 56 11 32 4 16 13 6 -16 -10 -12 46 -6 35 30 5 -4 21 38 17 5 -38 
26 -27 -7 29 -21 3 -12 -10 24 70 26 17 14 4 -7 19 24 47 -1 32 32 9 22 22 10 -14 -11 -10 -2 54 4 42 
 37 10 43 -16 -2 69 9 -8 -20 43 8 56 11 35 4 16 13 6 -16 -10 -12 46 -6 35 30 5 -4 21 46 17 5 -38 
26 -27 -7 29 -21 3 -12 -10 24 70 26 17 14 10 -7 19 24 47 -1 32 32 9 22 22 10 -14 -11 -17 -8 54 4 42 
 37 10 43 -16 -2 69 9 -8 -20 43 8 56 11 41 4 16 13 6 -16 -10 -12 46 -6 35 30 5 -4 23 51 17 5 -38 
26 -27 -7 29 -21 3 -12 -10 24 70 26 17 14 10 -7 19 24 47 -1 32 24 9 22 22 10 -14 -11 -14 -13 54 4 42 
 37 10 43 -16 -2 69 9 -8 -20 43 8 56 11 41 4 16 13 6 -16 -10 -12 46 -6 35 30 5 -4 20 44 17 5 -38 
26 -27 -7 29 -21 3 -12 -10 24 70 26 17 14 10 -7 19 24 47 -1 32 31 9 22 22 10 -14 -11 -20 -22 54 4 42 
 37 10 43 -16 -2 69 9 -8 -20 43 8 56 11 41 4 16 13 6 -16 -10 -16 46 -6 35 30 5 -4 30 46 17 5 -38 
26 -27 -7 29 -21 3 -12 -10 25 70 26 17 14 10 -7 19 24 47 -1 32 23 9 22 22 10 -14 -11 -19 -15 53 4 42 
 37 10 43 -16 -2 69 9 -8 -18 43 8 56 11 41 4 16 13 6 -16 -10 -5 46 -6 35 30 5 -4 31 47 11 5 -38 
26 -27 -7 29 -16 3 -12 -10 29 70 26 17 14 10 -7 19 24 47 -1 32 24 9 22 22 9 -14 -11 -20 -28 51 4 42 
 37 10 43 -16 0 69 9 -8 -18 43 8 56 11 41 4 16 13 6 -16 -10 -3 46 -6 35 29 5 -4 33 48 15 5 -38 
26 -27 -7 29 -16 3 -12 -10 37 70 26 17 14 10 -7 19 24 47 -1 32 19 9 22 22 12 -14 -11 -24 -28 51 4 42 
 37 10 43 -16 0 69 9 -8 -19 43 8 56 11 41 4 16 13 6 -16 -10 -2 46 -6 35 36 5 -4 43 48 15 5 -38 
26 -27 -7 29 -16 3 -12 -10 34 70 26 17 14 10 -7 19 24 47 -1 32 19 9 22 22 12 -14 -11 -17 -28 51 4 42 
 37 10 43 -16 0 69 9 -8 -23 43 8 56 11 41 4 16 13 6 -16 -10 -2 46 -6 35 36 5 -4 44 48 15 5 -38 
26 -27 -7 29 -16 3 -12 -10 34 70 26 17 14 10 -7 19 24 47 -1 32 19 9 22 22 12 -14 -11 -10 -28 51 4 42 
 37 10 43 -16 0 69 9 -8 -23 43 8 56 11 41 4 16 13 6 -16 -10 -2 46 -6 35 36 5 -4 50 48 15 5 -38 
26 -27 -7 29 -16 3 -12 -10 34 70 26 17 14 10 -7 19 24 47 -1 32 19 9 22 22 12 -15 -11 -10 -28 51 4 42 
 37 10 43 -16 0 69 9 -8 -23 43 8 56 11 41 4 16 13 6 -16 -10 -2 46 -6 35 36 7 -4 50 48 15 5 -38 
26 -27 -7 29 -16 3 -12 -10 34 70 26 17 14 10 -7 19 24 47 -1 32 19 9 22 22 12 -21 -11 -10 -28 51 4 42 
 37 10 43 -16 0 69 9 -8 -23 43 8 56 11 41 4 16 13 6 -16 -10 -2 46 -6 35 36 13 -4 50 48 15 5 -38 
26 -27 -7 29 -16 3 -12 -10 34 70 26 17 14 10 -7 19 24 47 -1 32 19 9 22 22 12 -25 -11 -10 -28 51 4 42 
 37 10 43 -16 0 69 9 -8 -23 43 8 56 11 41 4 16 13 6 -16 -10 -2 46 -6 35 36 10 -4 50 48 15 5 -38 
26 -27 -7 29 -16 3 -12 -10 34 70 26 17 14 10 -7 19 24 47 -1 32 19 9 22 22 12 -25 -11 -10 -28 51 4 42 
 37 10 43 -16 0 69 9 -8 -23 43 8 56 11 41 4 16 13 6 -16 -10 -2 46 -6 35 36 4 -4 50 48 15 5 -38 
26 -27 -7 29 -16 3 -12 -10 34 70 26 17 14 10 -7 19 24 47 -1 32 19 9 22 22 12 -34 -11 -10 -28 51 4 42 
 37 10 43 -16 0 69 9 -8 -23 43 8 56 11 41 4 16 13 6 -16 -10 -2 46 -6 35 36 5 -4 50 48 15 5 -38 
26 -27 -7 29 -16 3 -14 -10 34 70 26 17 14 10 -7 19 24 47 -1 32 19 9 22 22 12 -34 -11 -10 -28 51 4 42 
 37 10 43 -16 0 69 16 -8 -23 43 8 56 11 41 4 16 13 6 -16 -10 -2 46 -6 35 36 5 -4 50 48 15 5 -38 
26 -27 -7 29 -16 3 -11 -10 34 70 26 17 14 10 -7 19 24 47 -1 32 19 9 22 22 12 -34 -11 -10 -28 51 4 42 
 37 10 43 -16 0 69 14 -8 -23 43 8 56 11 41 4 16 13 6 -16 -10 -2 46 -6 35 36 5 -4 50 48 15 5 -38 
26 -27 -7 29 -16 3 -3 -10 34 70 26 17 14 10 -7 19 24 47 -1 32 19 9 22 22 12 -34 -11 -10 -28 51 4 42 
 37 10 43 -16 0 69 19 -8 -23 43 8 56 11 41 4 16 13 6 -16 -10 -2 46 -6 35 36 5 -4 50 48 15 5 -38 
26 -27 -7 29 -16 3 15 -10 34 70 26 17 14 10 -7 19 24 47 -1 32 19 9 22 22 12 -34 -11 -10 -28 51 4 42 
 37 10 43 -16 0 69 26 -8 -23 43 8 56 11 41 4 16 13 6 -16 -10 -2 46 -6 35 36 5 -4 50 48 15 5 -38 
26 -27 -7 29 -16 3 28 -10 34 70 26 17 14 10 -7 19 24 47 -1 32 19 9 22 22 12 -34 -11 -10 -28 51 4 42 
 37 10 43 -16 0 69 29 -8 -23 43 8 56 11 41 4 16 13 6 -16 -10 -2 46 -6 35 36 5 -4 50 48 15 5 -38 
26 -27 -7 29 -16 3 28 -10 34 70 26 17 14 10 -7 19 24 47 -1 32 19 9 22 22 12 -34 -11 -10 -28 51 1 42 
 37 10 43 -16 0 69 29 -8 -23 43 8 56 11 41 4 16 13 6 -16 -10 -2 46 -6 35 36 5 -4 50 48 15 6 -38 
26 -27 -7 29 -16 3 28 -10 34 70 26 17 14 10 -2 19 24 47 -1 32 19 9 22 22 12 -34 -11 -10 -28 51 -1 42 
 37 10 44 -16 0 69 29 -8 -23 43 8 56 11 41 11 16 13 6 -16 -10 -2 46 -6 35 36 5 -4 50 48 15 8 -38 
26 -27 -7 29 -16 3 28 -10 34 70 26 17 14 10 -13 19 24 47 -1 32 19 9 22 22 12 -34 -11 -10 -28 51 -13 42 
 37 10 44 -16 0 69 29 -8 -23 43 8 56 11 41 5 16 13 6 -16 -10 -2 46 -6 35 36 5 -4 50 48 15 10 -38 
26 -27 -7 29 -16 3 28 -10 34 70 26 17 14 10 -25 19 24 47 -1 32 19 9 22 22 12 -34 -11 -10 -28 51 -9 42 
 37 10 44 -16 0 69 29 -8 -23 43 8 56 11 41 -2 16 13 6 -16 -10 -2 46 -6 35 36 5 -4 50 48 15 13 -38 
26 -27 -7 29 -16 3 28 -10 34 70 26 17 14 10 -16 19 24 47 -1 32 19 9 22 22 12 -34 -11 -10 -28 51 -16 42 
 37 10 43 -16 0 69 29 -8 -23 43 8 56 11 41 -3 16 13 6 -16 -10 -2 46 -6 35 36 5 -4 50 48 15 24 -38 
26 -27 -7 29 -16 3 28 -10 34 70 26 17 14 13 -14 19 27 47 -1 32 19 9 22 22 12 -34 -11 -10 -28 51 -16 42 
 37 10 44 -16 0 69 29 -8 -23 43 8 56 11 43 -4 16 21 6 -16 -10 -2 46 -6 35 36 5 -4 50 48 15 25 -38 
26 -27 -7 29 -16 3 28 -10 34 70 26 17 14 13 -12 19 29 47 -1 32 19 8 22 22 12 -34 -11 -10 -28 51 -16 42 
 37 10 44 -16 0 69 29 -8 -23 43 8 56 11 43 -2 16 25 6 -16 -10 -2 57 -6 35 36 5 -4 50 48 15 25 -38 
26 -27 -7 29 -16 3 28 -10 34 70 26 17 14 13 -8 19 29 47 -1 32 19 4 22 22 12 -34 -11 -10 -28 51 -18 42 
 37 10 44 -16 0 69 29 -8 -23 43 8 56 11 43 9 16 26 6 -16 -10 -2 53 -6 35 36 5 -4 50 48 15 17 -38 
26 -27 -7 29 -16 3 28 -10 34 70 26 17 14 13 -11 19 29 47 -1 32 19 4 22 22 12 -34 -11 -10 -28 51 -24 42 
 37 10 44 -16 0 69 29 -8 -23 43 8 56 11 43 -6 16 26 6 -16 -10 -2 53 -6 35 36 5 -4 50 48 15 14 -38 
26 -27 -7 29 -16 3 28 -10 34 70 26 17 14 13 -2 19 29 47 -1 32 19 4 22 22 12 -34 -11 -10 -28 51 -17 42 
 37 10 44 -16 -4 69 29 -8 -23 43 8 56 11 43 -3 16 26 6 -16 -10 -2 53 -6 35 36 5 -4 50 48 15 2 -38 
26 -27 -7 29 -15 3 28 -10 34 70 26 17 14 13 -1 19 29 47 -1 32 19 4 22 22 12 -34 -11 -10 -28 51 -16 42 
 37 10 44 -16 -5 69 29 -8 -23 43 8 56 11 43 -1 16 26 6 -16 -10 -2 53 -6 35 36 5 -4 50 48 15 5 -38 
26 -27 -7 29 -14 3 28 -10 34 70 26 28 14 13 4 19 29 47 -1 32 19 4 22 22 12 -34 -11 -10 -28 51 -16 42 
 37 10 44 -16 -4 69 29 -8 -23 43 8 50 11 43 0 16 26 6 -16 -10 -2 53 -6 35 36 5 -4 50 48 15 5 -38 
26 -27 -7 29 -13 3 28 -10 34 70 26 22 14 13 4 19 29 47 -1 32 19 4 22 22 12 -34 -11 -10 -28 51 -16 42 
 37 10 44 -12 -3 69 29 -8 -23 43 8 49 11 43 0 16 26 6 -16 -10 -2 53 -6 35 36 5 -4 50 48 15 5 -38 
26 -27 -7 29 -11 3 28 -10 34 70 26 26 14 13 4 19 29 47 -1 32 19 4 22 22 12 -34 -11 -10 -28 51 -16 42 
 37 10 44 -16 5 69 29 -8 -23 43 8 42 11 43 0 16 26 6 -16 -10 -2 53 -6 35 36 5 -4 50 48 15 5 -38 
26 -27 -7 29 -23 3 28 -10 34 70 26 37 14 13 4 19 29 47 -1 32 19 4 22 22 12 -34 -11 -10 -28 51 -16 42 
 37 10 44 -16 10 69 29 -8 -23 43 8 49 11 43 0 16 26 6 -16 -10 -2 53 -6 35 36 5 -4 50 48 15 5 -38 
26 -27 -7 29 -35 3 28 -10 34 70 26 47 14 13 4 19 29 47 -1 32 19 4 22 22 12 -34 -11 -10 -28 51 -16 42 
 37 10 44 -16 16 69 29 -8 -23 43 8 51 11 43 0 16 26 6 -16 -10 -2 53 -6 35 36 5 -4 50 48 15 5 -38 
26 -27 -7 29 -43 3 28 -10 34 70 26 38 14 13 4 19 29 47 -1 32 19 4 22 22 12 -34 -11 -10 -28 51 -16 42 
 37 10 44 -16 16 69 29 -8 -23 43 8 42 11 43 0 16 26 6 -16 -10 -2 53 -6 35 36 5 -4 50 48 15 5 -38 
26 -27 -7 29 -43 3 28 -10 34 70 26 45 14 13 4 19 29 47 -1 32 19 4 22 22 12 -34 -11 -10 -28 51 -16 42 
 37 10 44 -16 16 69 29 -8 -23 43 8 38 11 43 0 16 26 6 -16 -10 -2 53 -6 35 36 5 -4 50 48 15 5 -38 
26 -27 -7 29 -43 3 28 -10 34 70 26 37 14 13 4 19 29 47 -1 32 19 4 22 22 12 -34 -11 -10 -28 51 -16 42 
 37 10 44 -16 16 69 29 -8 -23 43 8 45 11 43 0 16 26 6 -16 -10 -2 53 -6 35 36 5 -4 50 48 15 5 -38 
26 -27 -7 29 -43 3 28 -10 34 70 26 28 16 13 4 19 29 47 -1 32 19 4 22 22 12 -34 -11 -10 -28 51 -16 42 
 37 10 44 -16 16 69 29 -8 -23 43 8 66 14 43 0 16 26 6 -16 -10 -2 53 -6 35 36 5 -4 50 48 15 5 -38 
26 -27 3 29 -43 3 28 -10 34 70 26 33 15 13 4 19 29 47 -1 32 19 4 22 22 12 -34 -11 -10 -28 51 -16 42 
 37 10 44 -16 16 69 29 -8 -23 43 8 66 16 44 0 16 26 6 -16 -10 -2 53 -6 35 36 5 -4 50 48 15 5 -38 
26 -27 -5 29 -43 3 28 -10 34 70 26 34 18 13 4 19 29 47 -1 32 19 4 22 22 12 -34 -11 -10 -28 51 -16 42 
 37 10 39 -16 16 69 29 -8 -23 43 8 71 11 43 0 16 26 6 -16 -10 -2 53 -6 35 36 5 -4 50 48 15 5 -38 
26 -27 -6 29 -43 3 28 -10 34 70 26 34 15 13 4 19 29 47 -1 32 19 4 22 22 12 -34 -11 -10 -28 51 -16 42 
 37 10 41 -16 16 69 29 -8 -23 43 8 71 19 44 0 16 26 6 -16 -10 -2 53 -6 35 36 5 -4 50 48 15 5 -38 
26 -28 -1 29 -43 3 28 -10 34 70 26 34 7 13 4 19 29 47 -1 40 19 4 22 22 12 -34 -11 -10 -28 51 -16 42 
 37 10 37 -16 16 69 29 -8 -23 43 8 71 9 44 0 16 26 6 -16 -11 -2 53 -6 35 36 5 -4 50 48 15 5 -38 
26 -28 -9 29 -43 3 28 -10 34 70 26 34 -1 13 4 19 29 47 -1 37 19 4 22 22 12 -34 -11 -10 -28 51 -16 42 
 37 10 40 -16 16 69 29 -8 -23 43 8 71 10 44 0 16 26 6 -16 -6 -2 53 -6 35 36 5 -4 50 48 15 5 -38 
26 -28 -10 29 -43 3 28 -10 34 70 26 33 0 13 4 19 29 47 -1 25 19 4 22 22 12 -34 -11 -10 -28 51 -16 42 
 37 10 41 -16 16 69 29 -8 -23 43 8 70 14 44 0 16 26 6 -16 2 -2 53 -6 35 36 5 -4 50 48 15 5 -38 
26 -28 -10 29 -43 3 28 -10 34 70 26 33 1 13 4 19 29 47 -1 29 19 4 22 22 12 -34 -11 -10 -28 51 -16 42 
 37 10 41 -16 16 69 29 -8 -23 43 8 70 8 43 0 16 26 6 -16 1 -2 53 -6 35 36 5 -4 50 48 15 5 -38 
26 -28 -10 29 -43 3 28 -10 34 70 26 33 0 13 4 19 29 47 -1 29 19 4 22 22 12 -34 -11 -10 -28 51 -16 42 
 37 10 41 -16 16 69 29 -8 -23 43 8 70 6 43 0 14 26 6 -16 -7 -2 53 -6 35 36 5 -4 50 48 15 5 -38 
26 -28 -10 29 -43 3 28 -10 34 70 29 33 -3 13 4 19 29 47 -1 35 19 4 22 22 12 -34 -11 -10 -28 51 -16 42 
 37 10 41 -16 16 69 29 -8 -23 43 8 70 14 44 0 16 26 6 -16 -14 -2 53 -6 35 36 5 -4 50 48 15 5 -38 
26 -28 -10 29 -43 3 28 -10 34 70 26 33 5 13 4 19 29 47 -1 34 19 4 22 22 12 -34 -11 -10 -28 51 -16 42 
 37 10 41 -16 16 69 29 -8 -23 43 8 70 6 43 0 16 26 6 -16 -9 -2 53 -6 35 36 5 -4 50 48 15 5 -38 
26 -28 -10 29 -43 3 28 -10 34 70 26 33 5 13 4 19 29 47 -1 34 19 4 22 22 12 -34 -11 -10 -28 51 -16 42 
 37 10 41 -16 16 69 29 -8 -23 43 8 70 10 43 0 16 26 6 -16 -9 -2 53 -6 35 36 5 -4 50 48 15 5 -38 
26 -28 -10 29 -43 3 28 -10 34 70 26 33 1 13 4 19 29 47 -1 34 19 4 22 22 12 -34 -11 -10 -28 51 -16 42 
 37 10 41 -16 16 69 29 -8 -23 43 8 70 13 43 0 16 26 6 -16 -9 -2 53 -6 35 36 5 -4 50 48 15 5 -38 
26 -28 -10 29 -43 3 28 -10 34 70 26 33 0 13 4 19 29 47 -1 34 19 4 22 22 12 -34 -11 -10 -28 51 -16 42 
 37 10 41 -16 16 69 29 -8 -23 43 8 70 6 44 0 16 26 6 -16 -9 -2 53 -6 35 36 5 -4 50 48 15 5 -38 
26 -28 -10 29 -43 3 28 -10 34 70 26 33 -8 13 4 19 29 47 -1 34 19 4 22 22 12 -34 -11 -10 -28 51 -16 42 
 37 10 41 -16 16 69 29 -8 -23 43 8 70 -6 43 0 16 26 6 -16 -9 -2 53 -6 35 36 5 -4 50 48 15 5 -38 
26 -28 -10 29 -43 3 28 -10 34 70 26 31 -7 13 4 19 29 47 -1 34 19 4 22 22 12 -34 -11 -10 -28 51 -16 42 
 37 10 41 -16 16 69 29 -8 -23 43 8 73 -10 44 0 16 26 6 -16 -9 -2 53 -6 35 36 5 -4 50 48 15 5 -38 
26 -28 -10 29 -43 3 28 -10 34 70 26 31 -7 13 4 19 29 47 -1 34 19 4 22 22 10 -34 -11 -10 -28 51 -16 42 
 37 10 41 -16 16 69 29 -8 -23 43 8 67 -10 48 0 16 26 6 -16 -9 -2 53 -6 35 36 5 -4 50 48 15 5 -38 
26 -28 -10 29 -43 3 28 -10 34 70 26 33 -7 14 4 19 29 47 -1 34 19 4 22 22 13 -34 -11 -10 -28 51 -16 42 
 37 10 41 -16 16 69 29 -8 -23 43 8 64 -10 36 0 16 26 6 -16 -9 -2 53 -6 35 41 5 -4 50 48 15 5 -38 
26 -28 -10 29 -43 3 28 -10 34 70 26 33 -7 17 4 19 29 47 -1 34 19 4 22 22 12 -34 -11 -10 -28 51 -16 42 
 37 10 41 -16 16 69 29 -8 -23 43 8 63 -10 39 0 16 26 6 -16 -9 -2 53 -6 35 36 5 -4 50 48 15 5 -38 
26 -28 -10 29 -43 3 28 -10 34 70 26 33 -7 17 4 19 29 47 -1 34 19 4 22 22 12 -34 -11 -10 -28 51 -16 42 
 37 10 41 -16 16 69 29 -8 -23 43 8 64 -10 42 0 16 26 6 -16 -9 -2 53 -6 35 36 5 -4 50 48 15 5 -38 
26 -28 -10 29 -43 3 28 -10 34 70 26 33 -7 19 4 19 29 47 -1 34 19 4 22 22 12 -34 -11 -10 -28 51 -16 42 
 37 10 41 -16 16 69 29 -8 -23 43 8 64 -10 45 0 16 26 6 -16 -9 -2 53 -6 35 36 5 -4 50 48 15 5 -38 
26 -28 -10 29 -43 3 28 -10 34 70 26 33 -7 20 4 19 29 47 -1 34 19 4 22 22 12 -34 -11 -10 -28 51 -16 42 
 37 10 41 -16 16 69 29 -8 -23 43 8 64 -10 45 0 16 26 6 -16 -9 -2 53 -6 35 36 5 -4 50 48 15 5 -38 
26 -28 -10 29 -43 3 28 -10 34 70 26 33 -7 20 4 19 29 47 -1 34 19 4 22 22 12 -34 -11 -10 -28 51 -16 42 
 37 10 41 -16 16 69 29 -8 -23 43 8 64 -10 55 0 16 26 6 -16 -9 -2 53 -6 35 36 5 -4 50 48 15 5 -38 
26 -28 -10 29 -43 3 28 -10 34 70 26 33 -7 13 4 19 29 47 -1 34 19 4 22 22 12 -34 -11 -10 -28 51 -16 42 
 37 10 41 -16 16 69 29 -8 -23 43 8 63 -10 46 0 16 26 6 -16 -9 -2 53 -6 35 36 5 -4 50 48 15 5 -38 
26 -28 -10 29 -43 3 28 -10 34 70 26 33 -7 15 4 19 29 47 -1 34 19 4 22 22 12 -34 -11 -10 -28 51 -16 42 
 37 10 41 -16 16 69 29 -8 -23 43 8 63 -10 59 0 16 26 6 -16 -9 -2 53 -6 35 36 5 -4 50 48 15 5 -38 
26 -28 -10 29 -43 3 28 -10 34 70 26 33 -7 22 4 19 29 53 -1 34 19 4 22 22 12 -34 -11 -10 -28 51 -16 42 
 37 10 41 -16 16 69 29 -8 -23 43 8 64 -10 61 0 16 26 3 -16 -9 -2 53 -6 35 36 5 -4 50 48 15 5 -38 
26 -28 -10 29 -43 3 28 -10 34 69 26 33 -7 28 4 19 29 53 -1 34 19 4 22 22 12 -34 -11 -10 -28 51 -16 42 
 37 10 41 -16 16 69 29 -8 -23 40 8 64 -10 54 0 16 26 3 -16 -9 -2 53 -6 35 36 5 -4 50 48 15 5 -38 
26 -28 -10 29 -43 3 28 -10 34 70 26 33 -7 27 4 17 29 53 -1 34 19 4 22 22 12 -34 -11 -10 -28 51 -16 42 
 37 10 41 -16 16 69 29 -8 -23 43 8 64 -10 66 0 4 26 3 -16 -9 -2 53 -6 35 36 5 -4 50 48 15 5 -38 
26 -28 -10 29 -43 3 28 -10 34 70 26 33 -7 27 4 11 29 53 -1 34 19 4 22 22 12 -34 -11 -10 -28 51 -16 42 
 37 10 41 -16 16 69 29 -8 -23 43 8 64 -10 66 0 3 26 3 -16 -9 -2 53 -6 35 36 5 -4 50 48 15 5 -38 
26 -28 -10 29 -43 3 28 -10 34 70 26 33 -7 27 8 8 29 53 -1 34 19 4 22 22 12 -34 -11 -10 -28 51 -16 42 
 37 10 41 -16 16 69 29 -8 -23 43 8 64 -10 66 -4 -15 26 3 -16 -9 -2 53 -6 35 36 5 -4 50 48 15 5 -38 
26 -28 -10 29 -43 3 28 -10 34 70 26 33 -7 27 4 2 29 53 -1 34 19 4 22 22 12 -34 -11 -10 -28 51 -16 42 
 37 10 41 -16 16 69 29 -8 -23 43 8 64 -10 66 0 -17 26 3 -16 -9 -2 53 -6 35 36 5 -4 50 48 15 5 -38 
26 -28 -10 29 -43 3 28 -10 34 70 26 33 -7 27 4 -3 29 53 -1 34 19 4 22 22 12 -34 -11 -10 -28 51 -16 42 
 37 10 41 -16 16 69 29 -8 -23 43 8 64 -10 66 0 -18 26 3 -16 -9 -2 53 -6 35 36 5 -4 50 48 17 5 -38 
26 -28 -10 29 -43 3 28 -10 34 70 26 33 -7 27 4 1 29 53 -1 34 21 4 22 22 12 -34 -11 -10 -28 59 -16 42 
 37 10 41 -16 16 69 29 -8 -23 43 8 64 -10 66 0 -25 26 3 -16 -9 -4 53 -6 35 36 5 -4 50 48 16 5 -38 
26 -28 -10 29 -43 3 28 -10 34 70 26 33 -7 27 4 7 29 53 -1 34 18 4 22 22 12 -34 -11 -10 -28 59 -16 42 
 37 10 41 -16 16 69 29 -8 -23 43 8 64 -10 66 0 -23 26 3 -16 -9 -9 53 -6 35 36 5 -4 50 48 16 5 -38 
26 -28 -10 29 -43 3 28 -10 34 70 26 33 -7 27 4 5 29 53 -1 34 16 4 22 22 12 -34 -11 -10 -28 59 -16 42 
 37 10 41 -16 16 69 29 -8 -23 43 8 64 -10 66 0 -21 26 3 -16 -9 -7 53 -6 35 36 5 -4 50 48 16 5 -38 
26 -28 -10 34 -43 3 28 -10 34 70 26 33 -7 27 4 14 29 53 -1 34 20 4 22 22 12 -34 -11 -10 -28 59 -16 42 
 37 10 41 -13 16 69 29 -8 -23 43 8 64 -10 66 0 -20 26 3 -16 -9 1 53 -6 35 36 5 -4 50 48 16 5 -38 
26 -28 -10 35 -43 3 28 -10 34 70 26 33 -7 27 4 16 29 53 -1 34 12 4 22 22 12 -34 -11 -10 -28 59 -16 42 
 37 10 41 -14 16 69 29 -8 -23 43 8 64 -10 66 0 -28 26 3 -16 -9 -9 53 -6 35 36 5 -4 50 48 16 5 -38 
26 -28 -10 32 -43 3 28 -10 34 70 26 33 -7 27 4 20 29 53 -1 34 4 4 22 23 12 -34 -11 -10 -28 59 -16 39 
 37 10 41 -16 16 69 29 -8 -23 43 8 64 -10 66 0 -29 26 3 -16 -9 -8 53 -6 34 36 5 -4 50 48 16 5 -42 
26 -28 -10 29 -43 3 28 -10 34 70 26 33 -7 27 4 14 29 53 -1 34 2 4 22 27 12 -33 -11 -10 -28 59 -16 39 
 37 10 41 -16 16 69 29 -8 -23 43 8 64 -10 66 0 -32 26 3 -16 -9 -6 53 -5 31 36 1 -4 50 49 16 5 -42 
26 -28 -10 29 -43 3 28 -10 34 70 26 29 -7 27 4 12 29 53 -1 34 2 4 22 31 12 -40 -11 -10 -35 62 -16 39 
 37 10 41 -16 16 69 29 -8 -23 43 8 70 -10 66 0 -32 26 3 -16 -9 -6 53 -5 35 36 2 -4 50 51 22 5 -42 
26 -28 -10 29 -43 3 28 -10 34 70 26 10 -7 27 4 12 29 53 -1 34 2 4 22 31 12 -54 -11 -10 -34 62 -16 39 
 37 10 41 -16 16 69 29 -8 -23 43 8 77 -10 66 0 -32 26 4 -16 -9 -6 53 -5 35 36 4 -4 50 45 22 5 -42 
26 -28 -10 29 -43 3 28 -10 34 70 26 4 -7 27 4 12 29 53 -1 34 2 4 22 31 12 -69 -11 -10 -34 62 -16 39 
 37 10 41 -16 16 69 29 -8 -23 43 8 77 -10 66 0 -32 26 4 -16 -9 -6 53 -5 35 36 0 -4 50 45 22 5 -42 
26 -28 -10 29 -43 3 28 -10 34 70 26 -1 -7 27 4 12 29 53 -1 34 2 4 22 31 12 -72 -11 -10 -34 62 -16 39 
 37 10 41 -16 16 69 29 -8 -23 43 8 76 -10 66 0 -32 26 4 -16 -9 -6 53 -5 35 36 -8 -4 50 45 22 5 -42 
26 -28 -10 29 -43 3 28 -10 34 70 26 -1 -7 27 4 12 29 53 -1 36 2 4 22 31 12 -69 -11 -10 -34 62 -16 39 
 37 10 41 -16 16 69 29 -8 -23 43 8 76 -10 66 0 -32 26 4 -16 -7 -6 53 -5 35 36 2 -4 50 45 22 5 -42 
26 -28 -10 29 -43 3 28 -10 34 70 26 -1 -7 27 4 12 29 53 -1 39 2 4 22 31 12 -83 -11 -10 -34 62 -16 39 
 37 10 41 -16 16 69 29 -8 -23 43 8 76 -10 66 0 -32 26 3 -16 -15 -6 53 -5 35 36 1 -4 50 45 22 5 -42 
26 -28 -10 29 -43 3 28 -10 34 70 26 -1 -7 27 4 12 29 53 -1 34 2 4 22 31 12 -83 -11 -10 -34 62 -16 39 
 37 10 41 -16 16 69 29 -8 -23 43 8 76 -10 66 0 -32 26 4 -16 -9 -6 53 -5 35 36 1 -4 50 45 22 5 -42 
26 -28 -10 29 -43 3 28 -10 34 70 26 -1 -7 27 4 12 29 53 -1 34 2 4 22 31 12 -87 -11 -10 -34 62 -16 39 
 37 10 41 -16 16 69 29 -8 -23 43 8 76 -10 66 0 -32 26 3 -16 -9 -6 53 -5 35 36 4 -4 50 45 22 5 -42 
26 -28 -10 29 -43 3 28 -10 34 70 26 -1 -7 27 4 12 29 53 -1 34 2 4 22 31 12 -87 -11 -10 -34 62 -16 39 
 37 10 41 -16 16 69 29 -8 -23 43 8 76 -10 66 0 -32 26 3 -16 -9 -6 53 -5 35 36 4 -4 50 45 22 5 -42 
26 -28 -10 29 -43 3 28 -10 34 70 29 -1 -7 27 4 12 29 53 -1 34 2 4 22 31 12 -87 -11 -10 -34 62 -16 39 
 37 10 41 -16 16 69 29 -8 -23 43 13 76 -10 66 0 -32 26 3 -16 -9 -6 53 -5 35 36 4 -4 50 45 22 5 -42 
26 -28 -10 29 -43 -3 28 -10 34 70 28 -1 -7 27 4 12 29 53 -1 34 2 4 22 31 12 -87 -11 -10 -34 62 -16 39 
 37 10 41 -16 16 72 29 -8 -23 43 14 76 -10 66 0 -32 26 3 -16 -9 -6 53 -3 35 36 4 -4 50 45 22 5 -42 
26 -28 -10 29 -43 6 28 -10 34 70 33 -1 -7 27 4 12 29 53 -1 34 2 4 22 31 12 -87 -11 -10 -34 62 -16 39 
 37 10 41 -16 16 88 29 -8 -23 43 18 76 -10 66 0 -32 26 3 -16 -9 -6 53 -5 35 36 4 -4 50 45 22 5 -42 
26 -28 -10 29 -43 6 28 -10 34 70 37 -1 -7 27 4 12 29 53 -1 34 2 4 22 31 12 -87 -11 -10 -34 62 -16 39 
 37 10 41 -16 16 88 29 -8 -23 43 20 76 -10 66 0 -32 26 3 -16 -9 -6 53 -5 35 36 4 -4 50 45 22 5 -42 
26 -28 -10 29 -43 6 28 -10 34 70 27 -1 -7 27 4 12 29 53 -1 34 2 4 22 31 12 -87 -11 -10 -34 62 -16 39 
 37 10 41 -16 16 88 29 -8 -23 43 18 76 -10 66 0 -32 26 3 -16 -9 -6 53 -5 35 36 4 -4 50 45 22 5 -42 
26 -28 -10 29 -43 6 28 -10 34 70 25 -1 -7 27 4 12 29 53 -1 34 2 4 22 31 12 -87 -11 -10 -34 62 -16 39 
 37 10 41 -16 16 88 29 -8 -23 43 19 76 -10 66 0 -32 26 3 -16 -9 -6 53 -5 35 36 4 -4 50 45 22 5 -42 
26 -28 -10 29 -43 6 28 -10 34 70 31 -1 -7 27 4 12 29 53 -1 34 2 4 22 31 12 -87 -11 -10 -34 62 -16 39 
 37 10 41 -16 16 88 29 -8 -23 43 14 76 -10 66 0 -32 26 3 -16 -9 -6 53 -5 35 36 4 -4 50 45 22 5 -42 
26 -28 -10 29 -43 6 28 -10 34 70 31 -1 -7 27 4 12 29 53 -1 34 2 4 22 31 12 -87 -11 -10 -34 62 -16 39 
 37 10 41 -16 16 88 29 -8 -23 43 19 76 -10 66 0 -32 26 3 -16 -9 -6 53 -5 35 36 4 -4 50 45 22 5 -42 
26 -28 -10 29 -43 6 28 -10 34 70 28 -1 -7 27 4 12 29 53 -1 34 2 4 22 31 12 -87 -11 -10 -34 62 -16 39 
 37 10 41 -16 16 88 29 -8 -23 43 21 76 -10 66 0 -32 26 3 -16 -9 -6 53 -5 35 36 4 -4 50 45 22 5 -42 
26 -28 -10 29 -43 6 28 -10 34 70 32 -1 -7 27 4 12 29 53 -1 34 2 4 22 31 12 -87 -11 -10 -34 62 -16 39 
 37 10 41 -16 16 88 29 -8 -23 43 18 76 -10 66 0 -32 26 3 -16 -9 -6 53 -5 35 36 4 -4 50 45 22 5 -42 
26 -28 -6 29 -43 6 28 -10 34 70 30 -1 -7 27 4 12 29 53 -1 34 2 4 22 31 12 -87 -11 -10 -34 62 -16 39 
 37 10 43 -16 16 88 29 -8 -23 43 21 76 -10 66 0 -32 26 3 -16 -9 -6 53 -5 35 36 4 -4 50 45 22 5 -42 
26 -28 3 29 -43 6 28 -10 34 70 30 -1 -7 27 4 12 29 53 -1 34 2 4 22 31 12 -87 -10 -10 -34 62 -16 39 
 37 10 46 -16 16 88 29 -8 -23 43 21 76 -10 66 0 -32 26 3 -16 -9 -6 53 -5 35 36 4 -4 50 45 22 5 -42 
26 -28 3 29 -43 6 28 -10 34 70 30 -1 -7 27 4 12 29 53 -1 34 2 4 22 31 12 -87 -11 -10 -34 62 -16 39 
 37 10 49 -16 16 88 29 -8 -23 43 21 76 -10 66 0 -32 26 3 -16 -9 -6 53 -5 35 36 4 -4 50 45 22 5 -42 
26 -28 2 29 -43 6 28 -10 34 70 30 -1 -7 27 4 12 29 53 -1 34 2 4 22 31 12 -87 -11 -10 -34 62 -16 39 
 37 10 49 -16 16 88 29 -8 -23 43 21 76 -10 66 0 -32 26 3 -16 -9 -6 53 -5 35 36 4 -4 50 45 22 5 -42 
26 -28 3 29 -43 6 28 -10 34 70 30 -1 -7 27 4 12 29 53 -1 34 2 6 22 31 12 -87 -11 -10 -34 62 -16 39 
 37 10 49 -16 16 88 29 -8 -23 43 21 76 -10 66 0 -32 26 3 -16 -9 -6 55 -5 35 36 4 -4 50 45 22 5 -42 
19 -28 3 29 -43 6 28 -10 34 70 30 -1 -7 27 4 12 29 53 -1 34 2 13 22 31 12 -87 -11 -10 -34 62 -16 43 
 26 10 49 -16 16 88 29 -8 -23 43 21 76 -10 66 0 -32 26 3 -16 -9 -6 48 -5 35 36 4 -4 50 45 22 5 -49 
6 -28 3 29 -43 6 28 -10 34 70 30 -1 -7 27 4 12 29 53 -1 34 2 21 22 31 12 -87 -11 -10 -34 62 -16 44 
 24 10 49 -16 16 88 29 -8 -23 43 21 76 -10 66 0 -32 26 3 -16 -9 -6 40 -5 35 36 4 -4 50 45 22 5 -47 
15 -28 3 29 -43 6 28 -10 34 70 30 -1 -7 27 4 12 29 53 -1 34 2 16 22 31 12 -87 -11 -10 -34 62 -16 44 
 20 10 49 -16 16 88 29 -8 -23 43 21 76 -10 66 0 -32 26 3 -16 -9 -6 33 -5 35 36 4 -4 50 45 22 5 -47 
16 -28 3 29 -43 6 28 -10 34 70 30 -1 -7 27 4 12 29 53 -1 34 2 18 22 31 12 -87 -11 -10 -34 62 -16 44 
 30 10 49 -16 16 88 29 -8 -23 43 21 76 -10 66 0 -32 26 3 -16 -9 -6 30 -5 35 36 4 -4 50 45 22 5 -47 
12 -28 3 29 -43 6 28 -10 34 70 30 -1 -7 27 4 12 29 53 -1 34 2 23 22 31 12 -87 -11 -10 -34 62 -16 44 
 33 10 45 -16 16 88 29 -8 -23 43 21 76 -10 66 0 -32 26 3 -16 -9 -6 29 -5 35 36 4 -4 50 45 22 5 -47 
6 -28 11 29 -43 6 28 -10 34 70 30 -1 -7 27 4 12 29 53 -1 34 2 23 22 31 12 -87 -11 -10 -34 62 -16 44 
 37 10 54 -16 16 88 29 -8 -23 43 21 76 -10 66 0 -32 26 3 -16 -9 -6 29 -5 35 36 4 -4 50 45 22 5 -47 
6 -28 9 29 -43 6 28 -10 34 70 30 -1 -7 27 4 12 29 53 -1 34 2 23 22 31 12 -87 -11 -10 -34 62 -16 44 
 37 10 59 -16 16 88 29 -8 -23 43 21 76 -10 66 0 -32 26 3 -16 -9 -6 29 -5 35 36 4 -4 50 45 22 5 -47 
6 -28 7 29 -43 6 28 -10 34 70 30 -1 -7 27 4 12 29 53 -1 34 2 23 22 31 12 -87 -11 -10 -34 62 -16 44 
 37 10 51 -16 16 88 29 -8 -23 43 21 76 -10 66 0 -32 26 3 -16 -9 -6 29 -5 35 36 4 -4 50 45 22 5 -47 
6 -28 10 29 -43 6 28 -10 34 70 30 -1 -7 27 4 12 29 53 -1 34 2 23 22 31 12 -87 -11 -10 -34 62 -16 44 
 37 10 57 -16 16 88 29 -8 -23 43 21 76 -10 66 0 -32 26 3 -16 -9 -6 29 -5 35 36 4 -4 50 45 22 5 -47 
6 -28 21 29 -43 6 28 -10 34 70 30 -1 -7 27 4 12 29 53 -1 34 2 23 22 31 12 -87 -11 -10 -34 62 -16 44 
 37 10 71 -16 16 88 29 -8 -23 43 21 76 -10 66 0 -32 26 3 -16 -9 -6 29 -5 35 36 4 -4 50 45 22 5 -47 
6 -28 19 29 -43 6 28 -10 34 70 30 -1 -7 27 4 12 29 53 -1 34 2 23 22 31 12 -87 -11 -10 -34 62 -16 44 
 37 10 58 -16 16 88 29 -8 -23 43 21 76 -10 66 0 -32 26 3 -16 -9 -6 29 -5 35 36 4 -4 50 45 22 5 -47 
6 -29 19 29 -43 6 28 -10 34 70 30 -1 -8 27 4 12 29 53 -1 34 2 23 22 31 12 -87 -11 -10 -34 62 -16 44 
 37 14 58 -16 16 88 29 -8 -23 43 21 76 -10 66 0 -32 26 3 -16 -9 -6 29 -5 35 36 4 -4 50 45 22 5 -47 
6 -25 19 29 -43 6 28 -10 34 70 30 -1 -8 27 4 12 29 53 -1 34 2 23 22 31 12 -87 -11 -10 -34 62 -16 44 
 37 11 58 -16 16 88 29 -8 -23 43 21 76 -10 66 0 -32 26 3 -16 -9 -6 29 -5 35 36 4 -4 50 45 22 5 -47 
6 -27 19 29 -43 6 28 -10 34 70 30 -1 -8 27 4 12 29 53 -1 34 2 23 26 31 12 -87 -11 -10 -34 62 -16 44 
 37 10 58 -16 16 88 29 -8 -23 43 21 76 -10 66 0 -32 26 3 -16 -9 -6 29 -9 35 36 4 -4 50 45 22 5 -47 
6 -27 19 29 -43 6 28 -10 34 70 30 -1 -8 27 4 12 29 53 -1 34 2 23 34 31 12 -87 -11 -10 -34 62 -16 44 
 37 10 58 -16 16 88 29 -8 -23 43 21 76 -10 66 0 -32 26 3 -16 -9 -5 29 -13 35 36 4 -4 50 45 22 5 -47 
6 -27 19 29 -43 6 28 -10 34 70 30 -1 -8 27 4 12 29 53 -1 34 2 23 38 31 12 -87 -11 -10 -34 62 -16 44 
 37 10 58 -16 16 88 29 -8 -23 43 21 76 -10 66 0 -32 26 3 -16 -9 -5 29 -6 35 36 4 -4 50 45 22 5 -47 
6 -27 19 29 -43 6 28 -10 34 70 30 -1 -8 27 4 12 29 53 -1 34 2 23 40 31 12 -87 -11 -10 -34 62 -16 44 
 37 10 58 -16 16 88 29 -8 -23 43 21 76 -10 66 0 -32 26 3 -16 -9 -5 29 1 35 36 4 -4 50 45 22 5 -47 
6 -27 19 29 -43 6 28 -10 34 70 30 -1 -8 27 4 12 29 53 -1 34 2 23 31 31 12 -87 -11 -10 -34 62 -16 44 
 37 10 58 -16 16 88 29 -8 -23 43 21 76 -10 66 0 -32 26 3 -16 -9 -5 29 -7 35 36 4 -4 50 45 22 5 -47 
6 -27 19 29 -43 6 28 -10 34 70 30 -1 -8 27 4 12 29 53 -1 34 2 23 23 31 12 -87 -11 -10 -43 62 -16 44 
 37 10 58 -16 16 88 29 -8 -23 43 21 76 -10 66 0 -32 26 3 -16 -9 -6 29 -5 35 36 4 -4 50 51 22 5 -47 
6 -27 19 29 -43 6 28 -10 34 70 30 -1 -8 27 4 12 29 53 -1 34 2 23 29 31 12 -87 -11 -10 -46 62 -16 44 
 37 10 58 -16 16 88 29 -8 -23 43 21 76 -10 66 0 -32 26 3 -16 -9 -5 29 -8 35 36 4 -4 50 55 22 5 -47 
6 -27 19 29 -43 6 28 -10 34 70 30 -1 -8 27 4 12 29 53 -1 34 2 23 36 31 12 -87 -11 -10 -47 62 -16 45 
 37 10 58 -16 16 88 29 -8 -23 43 21 76 -10 66 0 -32 26 3 -16 -9 -5 29 -3 35 36 4 -4 50 52 22 5 -47 
6 -27 17 29 -43 6 28 -10 34 70 30 -1 -8 27 4 12 29 53 -1 34 2 23 32 31 12 -87 -11 -10 -43 62 -16 44 
 37 10 58 -16 16 88 29 -8 -23 43 21 76 -10 66 0 -32 26 3 -16 -9 -5 29 -11 35 36 4 -4 50 41 22 5 -47 
6 -27 12 29 -43 6 28 -10 34 70 30 -1 -8 27 4 12 29 53 -1 34 2 23 31 31 12 -87 -11 -10 -45 62 -16 44 
 37 10 54 -16 16 88 29 -8 -23 43 21 76 -10 66 0 -32 26 3 -22 -9 -6 29 -16 35 36 4 -4 50 43 22 5 -47 
6 -27 15 29 -43 6 28 -10 33 70 30 -1 -8 27 4 12 29 53 -1 34 2 23 34 31 12 -87 -11 -10 -42 62 -15 44 
 37 10 58 -16 16 88 29 -8 -20 43 21 76 -10 66 0 -32 26 3 -22 -9 -5 29 -7 35 36 4 -4 50 48 22 8 -47 
6 -27 20 29 -43 6 28 -10 32 70 30 -1 -8 27 4 12 29 53 -1 34 2 23 49 31 12 -87 -11 -10 -41 62 -14 44 
 37 10 63 -16 16 88 29 -8 -8 43 21 76 -10 66 0 -32 26 3 -22 -9 -6 29 -11 35 36 4 -4 50 44 22 5 -47 
6 -28 21 29 -43 6 28 -10 36 70 30 -1 -7 27 4 12 29 53 -1 34 2 23 59 31 12 -87 -11 -10 -41 62 -14 44 
 37 10 69 -16 16 88 29 -8 3 43 21 76 -10 66 0 -32 26 3 -22 -9 -5 29 -5 35 36 4 -4 50 44 22 5 -47 
6 -28 22 29 -43 6 28 -10 39 70 30 -1 -7 27 5 12 29 53 -1 34 2 23 54 31 12 -87 -11 -10 -41 62 -14 44 
 37 10 74 -16 16 88 29 -8 2 43 21 76 -10 66 2 -32 26 3 -22 -9 -5 29 -3 35 36 4 -4 50 44 22 5 -47 
6 -28 22 29 -43 6 28 -10 37 70 30 -1 -7 27 4 12 29 53 -1 34 2 23 54 31 12 -87 -11 -10 -41 62 -14 44 
 37 10 74 -16 16 88 29 -8 8 43 21 76 -10 66 5 -32 26 3 -22 -9 -5 29 -3 35 36 4 -4 50 44 22 5 -47 
6 -28 22 29 -36 6 28 -10 40 70 30 -1 -7 27 4 12 29 53 -1 34 2 23 54 31 12 -87 -11 -10 -41 62 -14 44 
 37 10 74 -16 10 88 29 -8 2 43 21 76 -10 66 5 -32 26 3 -22 -9 -5 29 -3 35 36 4 -4 50 44 22 5 -47 
6 -28 22 29 -41 6 28 -10 51 70 30 -1 -7 27 4 12 29 53 -1 34 2 23 54 31 12 -87 -11 -10 -41 62 -14 44 
 37 10 74 -16 5 88 29 -8 6 43 21 76 -10 66 5 -32 26 3 -22 -9 -5 29 -3 35 36 4 -4 50 44 22 5 -47 
6 -28 22 29 -48 6 28 -10 44 70 30 -1 -7 27 4 12 29 53 -1 34 2 23 54 31 12 -87 -11 -10 -41 62 -14 44 
 37 10 74 -16 -1 88 29 -8 9 43 21 76 -10 66 5 -32 26 3 -22 -9 -5 29 -3 35 36 4 -4 50 44 22 5 -47 
6 -27 22 29 -46 6 28 -10 41 70 26 -1 -5 27 4 12 29 53 -1 34 2 23 54 31 12 -87 -11 -10 -41 62 -14 44 
 37 10 74 -16 6 88 29 -8 6 43 21 76 -11 66 5 -32 26 3 -22 -9 -5 29 -3 35 36 4 -4 50 44 22 5 -47 
6 -27 22 29 -47 6 28 -10 31 70 30 -1 -7 27 4 12 29 53 -1 34 2 23 54 31 12 -87 -11 -10 -41 62 -14 44 
 37 10 74 -16 13 88 29 -7 -2 43 21 76 -9 66 5 -32 26 3 -22 -9 -5 29 -3 35 36 4 -4 50 44 22 5 -47 
6 -28 22 29 -43 6 28 -16 34 70 30 -1 -7 27 4 12 29 53 -1 34 2 23 54 31 12 -87 -11 -10 -41 62 -14 44 
 37 10 74 -16 16 88 29 0 -2 43 21 76 -10 66 5 -32 26 3 -22 -9 -5 29 -3 35 36 4 -4 50 44 22 5 -47 
6 -28 22 29 -43 6 28 -16 43 70 30 -1 -7 27 4 12 29 53 -1 34 2 23 54 31 12 -84 -11 -10 -41 62 -14 44 
 37 10 74 -16 16 88 29 0 -7 43 21 76 -10 66 5 -32 26 3 -22 -9 -5 29 -3 35 36 6 -4 50 44 22 5 -47 
6 -28 15 29 -43 6 28 -16 37 70 30 -1 -7 27 4 12 29 53 -1 34 2 23 54 31 12 -76 -11 -10 -41 62 -14 44 
 37 10 74 -16 16 88 29 0 -15 43 21 76 -10 66 5 -32 26 4 -22 -9 -6 29 -3 35 36 10 -4 50 44 22 5 -47 
6 -28 22 29 -43 6 28 -16 33 70 30 -1 -7 27 4 12 29 53 -1 34 2 23 54 31 12 -78 -11 -10 -41 62 -14 44 
 37 10 77 -16 16 88 29 0 -16 43 21 76 -10 66 5 -32 26 3 -22 -9 -6 29 -3 35 36 -5 -4 50 44 22 5 -47 
6 -28 22 29 -43 6 28 -16 33 70 30 -1 -7 27 4 12 29 53 -1 35 2 23 54 31 12 -78 -11 -10 -41 62 -14 44 
 37 10 83 -16 16 88 29 0 -16 43 21 76 -10 66 5 -32 26 3 -22 2 -6 29 -3 35 36 -5 -4 50 44 22 5 -47 
6 -28 23 29 -43 6 28 -16 33 70 30 -1 -7 27 4 12 29 53 -1 37 2 23 54 31 12 -78 -11 -10 -41 62 -14 44 
 37 10 84 -16 16 88 29 0 -16 43 21 76 -10 66 5 -32 26 3 -22 5 -6 29 -3 35 36 -5 -4 50 44 22 5 -47 
6 -28 17 29 -43 6 28 -16 33 70 30 -1 -7 27 4 12 29 53 -1 30 2 23 54 31 12 -82 -11 -10 -41 62 -14 42 
 37 10 85 -16 16 88 29 0 -16 43 21 76 -10 66 5 -32 26 3 -22 2 -5 29 -3 35 36 0 -4 50 44 22 5 -46 
6 -28 26 29 -43 6 28 -16 33 70 30 -1 -7 27 4 12 29 53 -1 24 2 23 54 31 12 -86 -11 -10 -41 62 -14 42 
 37 10 89 -16 16 88 29 0 -16 43 21 76 -10 66 5 -32 26 3 -22 -7 -5 29 -3 35 36 -9 -4 50 44 22 5 -46 
6 -28 16 29 -43 6 28 -16 33 70 30 -1 -7 27 4 12 29 53 -1 24 2 23 54 31 12 -86 -11 -10 -41 62 -14 42 
 37 10 85 -16 16 88 29 0 -16 43 21 76 -10 66 5 -32 26 3 -22 -7 -5 29 -3 35 36 -9 -4 50 44 22 5 -46 
6 -28 24 29 -43 6 28 -16 33 70 30 -1 -7 27 4 12 29 53 -1 24 2 23 54 31 12 -86 -11 -10 -41 62 -14 42 
 37 10 83 -16 16 88 29 0 -16 43 21 76 -10 65 5 -32 26 3 -22 -7 -5 29 -3 35 36 -9 -4 50 44 22 5 -46 
6 -28 23 29 -43 6 28 -16 33 70 30 -1 -7 27 4 12 29 53 -1 24 2 23 54 31 12 -86 -11 -10 -41 62 -14 42 
 37 10 90 -16 16 88 29 0 -16 43 21 76 -10 66 5 -32 26 3 -22 -7 -5 29 -3 35 36 -9 -4 50 44 22 5 -46 
6 -28 29 29 -43 6 28 -16 33 70 30 -1 -7 27 4 12 29 53 -1 24 2 23 54 31 12 -86 -11 -10 -41 62 -14 29 
 37 10 98 -16 16 88 29 0 -16 43 21 76 -10 66 5 -32 26 3 -22 -7 -6 29 -3 35 36 -9 -4 50 44 22 5 -38 
6 -28 30 29 -43 6 28 -16 33 70 30 -1 -7 27 4 12 29 53 -1 24 2 23 54 31 12 -86 -11 -10 -41 62 -14 26 
 37 10 92 -16 16 88 29 0 -16 43 21 76 -10 66 5 -32 26 3 -22 -7 -5 29 -3 35 36 -9 -4 50 44 22 5 -29 
6 -28 21 29 -43 6 28 -16 33 70 30 -1 -7 27 4 12 29 53 -1 24 2 23 54 31 12 -86 -11 -10 -41 62 -14 30 
 37 10 98 -16 16 88 29 0 -16 43 21 76 -10 66 5 -32 26 3 -22 -7 -5 29 -3 35 36 -9 -4 50 44 22 5 -28 
6 -28 22 29 -43 6 28 -16 33 70 30 -1 -7 27 4 12 29 53 -1 24 2 23 54 31 12 -96 -11 -10 -41 62 -14 30 
 37 10 94 -16 16 88 29 0 -16 43 21 76 -10 66 5 -32 26 3 -22 -7 -5 29 -3 35 36 -12 -4 50 44 22 5 -28 
6 -28 22 29 -43 6 28 -16 33 70 30 -1 -7 27 1 12 29 53 -1 24 2 23 54 31 12 -101 -11 -10 -41 62 -14 30 
 37 10 94 -16 16 88 29 0 -16 43 21 76 -10 66 12 -32 26 3 -22 -7 -5 29 -3 35 36 -1 -4 50 44 22 5 -28 
6 -28 22 29 -43 6 28 -16 33 70 30 -1 -7 27 9 12 29 53 -1 24 2 23 54 31 12 -110 -11 -10 -41 62 -14 30 
 37 10 94 -16 16 88 29 0 -16 43 21 76 -10 66 14 -32 26 3 -22 -7 -5 29 -3 35 36 2 -4 50 44 22 5 -28 
6 -28 22 29 -43 6 28 -16 33 70 30 -1 -7 27 4 12 29 53 -1 24 2 23 54 31 12 -111 -11 -10 -41 62 -14 30 
 37 10 94 -16 16 88 29 0 -16 43 21 76 -10 66 14 -32 26 3 -22 -7 -5 29 -3 35 36 10 -4 50 44 22 5 -28 
6 -28 22 29 -43 6 28 -16 33 70 30 -1 -7 27 -2 12 29 53 -1 24 2 23 54 31 12 -113 -11 -14 -41 62 -14 30 
 37 10 94 -16 16 88 29 0 -16 43 21 76 -10 66 19 -32 26 3 -22 -7 -5 29 -3 35 36 0 -4 46 44 22 5 -28 
6 -28 22 29 -43 6 30 -16 33 70 30 -1 -7 27 0 12 29 53 -1 24 2 28 54 31 12 -123 -11 -16 -41 62 -14 30 
 37 10 94 -16 16 88 30 0 -16 43 21 76 -10 66 4 -32 26 3 -22 -7 -5 29 -3 35 36 3 -4 45 44 22 5 -28 
6 -28 22 29 -43 6 30 -16 33 70 30 -1 -7 27 -2 12 29 53 -1 24 2 28 54 31 12 -125 -11 -16 -41 62 -14 30 
 37 10 94 -16 16 88 30 0 -16 43 21 76 -10 66 1 -32 26 3 -22 -7 -5 29 -3 35 36 0 -4 45 44 22 5 -28 
6 -28 22 29 -43 6 30 -16 33 70 30 -1 -7 27 -7 12 29 53 -1 24 2 28 54 31 12 -127 -11 -16 -41 62 -14 30 
 37 10 94 -16 16 88 30 0 -16 43 21 76 -10 66 -1 -32 26 3 -22 -7 -5 29 -3 35 36 2 -4 45 44 22 5 -28 
6 -28 22 29 -43 6 30 -16 33 70 30 -1 -7 27 -8 12 29 53 -1 24 2 28 54 31 12 -122 -11 -16 -41 62 -14 30 
 37 10 94 -16 16 88 30 0 -16 43 21 76 -10 66 0 -32 26 3 -22 -7 -5 29 -3 35 36 6 -4 45 44 22 5 -28 
6 -28 22 29 -43 6 30 -16 33 70 30 -1 -7 27 1 12 29 53 -1 24 2 28 54 31 12 -121 -11 -16 -41 62 -14 30 
 37 10 94 -16 16 88 30 0 -16 43 21 76 -10 66 -8 -32 26 3 -22 -7 -5 29 -3 35 36 1 -4 45 44 22 5 -28 
6 -28 22 29 -43 6 30 -16 33 70 30 -1 -7 27 4 12 29 53 -1 24 2 28 54 31 12 -117 -11 -16 -41 62 -14 30 
 37 10 94 -16 16 88 30 0 -16 43 21 76 -10 66 -10 -32 26 3 -22 -7 -5 29 -3 35 36 9 -4 45 44 22 5 -28 
6 -28 22 29 -44 6 30 -16 33 70 30 -1 -7 27 8 12 29 53 -1 24 2 28 54 31 12 -117 -11 -16 -41 62 -14 30 
 37 10 94 -16 16 88 30 0 -16 43 21 76 -10 66 -6 -32 26 3 -22 -7 -5 29 -3 35 36 9 -5 45 44 22 5 -28 
6 -28 22 29 -43 6 30 -16 33 70 30 -1 -7 27 22 12 29 53 -1 24 2 28 54 31 12 -117 -11 -16 -41 62 -14 30 
 37 10 94 -16 16 88 30 0 -16 43 21 76 -10 66 0 -32 26 3 -22 -7 -5 29 -3 35 36 9 -4 45 44 22 5 -28 
6 -28 22 29 -43 6 30 -16 33 70 30 -1 -7 27 30 12 29 53 -1 24 2 28 54 31 12 -117 -11 -16 -41 62 -14 30 
 37 10 94 -16 16 88 30 0 -16 43 21 76 -10 66 -18 -32 26 3 -22 -7 -5 29 -3 35 36 9 -4 45 44 22 5 -28 
6 -28 22 29 -43 6 30 -16 33 70 30 -1 -7 27 46 12 29 53 -1 24 2 28 54 31 12 -117 -11 -16 -41 62 -14 30 
 37 10 94 -16 16 88 30 0 -16 43 21 76 -10 66 -21 -32 26 3 -22 -7 -5 29 -3 35 36 9 -4 45 44 22 5 -28 
6 -28 22 29 -43 6 30 -16 33 70 30 -1 -7 27 39 12 29 53 -1 24 2 28 54 31 12 -117 -11 -16 -41 62 -14 30 
 37 10 94 -16 16 88 30 0 -16 43 21 76 -10 66 -25 -32 26 3 -22 -7 -5 29 -3 35 36 9 -4 45 44 22 5 -28 
6 -28 22 29 -43 6 30 -16 41 70 30 -1 -7 27 34 12 29 53 -1 24 2 28 54 31 12 -117 -11 -16 -41 62 -14 30 
 37 10 94 -16 16 88 30 0 -15 43 21 76 -10 66 -31 -32 26 3 -22 -7 -5 29 -3 35 36 9 -4 45 44 22 5 -28 
6 -18 22 29 -43 6 30 -16 42 70 30 -1 -7 27 32 12 29 53 -1 24 2 28 54 31 12 -117 -11 -16 -41 62 -14 30 
 37 8 94 -16 16 88 30 0 -14 43 21 76 -10 66 -30 -32 26 4 -22 -7 -5 29 -3 35 36 9 -4 45 44 22 5 -28 
6 -5 22 29 -43 6 30 -16 48 70 30 -1 -7 27 32 12 29 53 -1 24 2 28 54 31 12 -117 -11 -16 -41 62 -14 30 
 37 18 94 -16 16 88 30 0 -20 43 21 76 -10 66 -30 -32 26 3 -22 -7 -5 29 -3 35 36 9 -4 45 44 22 5 -28 
6 -8 22 29 -43 6 30 -16 40 70 30 -1 -7 27 32 12 29 53 -1 24 2 28 54 31 12 -117 -11 -16 -41 62 -14 30 
 37 26 94 -16 16 88 30 0 -27 43 21 76 -10 66 -30 -32 26 3 -22 -7 -5 29 -3 35 36 9 -4 45 44 22 5 -28 
6 5 22 29 -43 6 30 -16 38 70 30 -1 -7 27 32 12 29 53 -1 24 2 28 54 31 12 -117 -11 -16 -41 62 -14 30 
 37 30 94 -16 16 88 30 0 -20 43 21 76 -10 66 -30 -32 26 4 -22 -7 -5 29 -3 35 36 9 -4 45 44 22 5 -28 
6 8 22 29 -43 6 30 -16 32 70 30 -1 -7 27 32 12 29 53 -1 24 2 28 54 31 12 -117 -11 -16 -41 62 -14 30 
 37 27 94 -16 16 88 30 0 -15 43 21 76 -10 66 -30 -32 26 3 -22 -7 -5 29 -3 35 36 9 -4 45 44 22 5 -28 
6 16 22 29 -43 6 30 -7 33 70 30 -1 -7 27 32 12 29 53 -1 24 2 28 54 31 12 -117 -11 -16 -41 62 -14 30 
 37 30 94 -16 16 88 30 -2 -17 43 21 76 -10 66 -30 -32 26 4 -22 -7 -5 29 -3 35 36 9 -4 45 44 22 5 -28 
6 14 22 29 -43 6 30 -2 33 70 30 -1 -7 27 32 12 29 53 -1 24 2 28 54 31 12 -117 -11 -16 -41 62 -14 30 
 37 31 94 -16 16 88 30 2 -17 43 21 76 -10 66 -30 -32 26 4 -22 -7 -5 29 -3 35 36 9 -4 45 44 22 5 -28 
6 14 22 29 -43 6 30 -2 33 70 30 -1 -7 27 32 12 29 53 -1 24 2 28 54 31 12 -117 -11 -16 -41 62 -14 30 
 37 31 94 -16 16 88 30 -1 -17 43 21 76 -10 66 -30 -32 26 4 -22 -7 -5 29 -3 35 36 9 -4 45 44 22 5 -28 
6 14 22 29 -43 6 30 2 33 70 30 -1 -7 27 32 12 29 53 -1 24 2 28 54 31 12 -117 -11 -16 -41 62 -14 30 
 37 31 94 -16 16 88 30 0 -17 43 21 76 -10 66 -30 -32 26 4 -22 -7 -5 29 -3 35 36 9 -4 45 44 22 5 -28 
6 14 22 29 -43 6 30 18 33 70 30 -1 -7 27 32 12 29 53 -1 24 2 28 54 31 9 -117 -13 -16 -41 62 -14 30 
 37 31 94 -16 16 88 30 1 -17 43 21 76 -10 66 -30 -32 26 4 -22 -7 -5 29 -3 35 36 9 -4 45 44 22 5 -28 
6 14 22 29 -43 6 30 27 33 70 30 -1 -2 27 33 12 29 44 -1 24 2 28 54 31 9 -117 -16 -16 -41 62 -14 30 
 37 31 94 -16 16 88 30 -7 -16 43 21 76 -13 66 -30 -32 26 0 -22 -7 -5 29 -3 35 36 9 -4 45 44 22 5 -28 
6 14 22 29 -43 6 30 25 33 70 30 -1 5 27 32 12 29 44 -1 24 2 31 54 31 9 -117 -23 -16 -41 62 -14 30 
 37 31 94 -16 16 88 30 -9 -17 43 21 76 -15 66 -30 -32 26 0 -22 -7 -5 30 -3 35 36 9 -6 45 44 22 5 -28 
6 14 22 29 -43 6 30 25 32 70 30 -1 8 27 32 12 29 44 -1 24 2 33 54 31 9 -117 -17 -16 -41 62 -14 30 
 37 31 94 -16 16 88 30 3 -17 43 21 76 -11 66 -30 -32 26 0 -22 -7 -5 30 -3 35 36 9 -7 45 44 22 5 -28 
6 14 22 29 -43 6 30 33 33 70 30 -1 8 27 32 12 29 44 -1 24 2 33 54 31 9 -117 -16 -16 -41 62 -14 30 
 37 31 94 -16 16 88 30 4 -17 43 21 76 -11 66 -30 -32 26 0 -22 -7 -5 30 -3 35 36 9 -6 45 44 22 5 -28 
6 14 22 29 -43 6 30 33 33 70 30 -1 8 27 32 12 29 44 -1 24 2 33 54 31 9 -117 -12 -16 -41 62 -14 30 
 37 31 94 -16 16 88 30 4 -17 43 21 76 -11 66 -30 -32 26 0 -22 -7 -5 30 -3 35 36 9 5 45 44 22 5 -28 
6 14 22 29 -43 6 30 33 33 70 30 -1 8 27 32 12 29 44 -1 24 2 33 54 31 9 -117 -3 -16 -41 62 -14 30 
 37 31 94 -16 16 88 30 4 -17 43 21 76 -11 66 -30 -32 26 0 -22 -7 -5 30 -3 35 36 9 9 45 44 22 5 -28 
6 14 22 29 -43 6 30 33 33 70 30 -1 8 27 32 12 29 44 -1 24 2 33 54 31 9 -117 -14 -16 -41 62 -14 30 
 37 31 94 -16 16 88 30 4 -17 43 21 76 -11 66 -30 -32 26 0 -22 -7 -5 30 -3 35 36 9 10 45 44 22 5 -28 
6 14 22 29 -43 6 30 33 33 70 30 -1 8 27 32 12 29 44 -1 24 2 33 54 31 9 -117 -18 -16 -41 62 -14 30 
 37 31 94 -16 16 88 30 4 -17 43 21 76 -11 66 -30 -32 26 0 -22 -7 -5 30 -3 35 36 9 8 45 44 22 5 -28 
6 14 22 29 -43 6 30 33 33 70 30 -1 8 27 32 12 29 44 -1 24 2 33 54 31 9 -117 -27 -16 -41 62 -14 30 
 37 31 94 -16 16 88 30 4 -17 43 21 76 -11 66 -30 -32 26 0 -22 -7 -5 30 -3 35 36 9 5 45 44 22 5 -28 
6 14 22 29 -43 6 30 33 33 70 30 -1 8 27 32 12 29 44 -1 24 2 33 54 31 9 -117 -27 -16 -41 62 -14 30 
 37 31 94 -16 16 88 30 4 -17 43 21 76 -11 66 -30 -32 26 0 -22 -7 -5 30 -3 35 36 9 5 45 44 22 5 -28 
6 14 22 29 -43 6 30 33 33 70 30 -1 8 27 32 12 29 44 -1 24 2 33 54 31 9 -117 -23 -16 -41 62 -14 30 
 37 31 94 -16 16 88 30 4 -17 43 21 76 -11 66 -30 -32 26 7 -22 -7 -5 30 -3 35 36 9 12 45 44 22 5 -28 
6 14 22 29 -43 6 30 33 33 70 30 -1 8 27 32 12 26 39 -1 24 4 33 54 31 9 -117 -31 -16 -41 62 -14 30 
 37 31 95 -16 16 88 30 4 -17 43 21 76 -11 66 -30 -32 30 11 -22 -7 -3 30 -3 35 36 9 6 45 44 22 5 -28 
6 14 22 29 -43 6 30 33 33 70 30 -1 8 27 32 12 26 48 -1 24 -1 33 54 31 9 -117 -31 -16 -41 62 -14 30 
 37 31 95 -16 16 88 30 4 -17 43 21 76 -11 66 -30 -32 33 12 -22 -7 3 30 -3 35 36 9 6 45 44 22 5 -28 
6 14 22 29 -43 6 30 33 33 70 30 -1 8 27 32 12 30 52 -1 24 -3 33 54 31 9 -117 -31 -16 -41 62 -14 30 
 37 31 95 -16 16 88 30 4 -17 43 21 76 -11 66 -30 -32 33 16 -22 -7 10 30 -3 35 36 9 6 45 44 22 5 -28 
6 14 22 29 -43 6 30 31 33 70 30 -1 8 27 32 12 36 52 -1 24 -1 33 54 31 9 -117 -31 -16 -41 62 -14 30 
 37 31 95 -16 16 88 30 9 -17 43 21 76 -11 66 -30 -32 38 16 -22 -7 1 30 -3 35 36 9 6 45 44 22 5 -28 
6 14 22 29 -43 6 30 35 33 70 30 -1 8 27 32 12 44 52 -1 24 5 33 54 31 9 -117 -31 -16 -41 62 -14 30 
 37 31 95 -16 16 88 30 15 -17 43 21 76 -11 66 -30 -32 40 16 -22 -7 6 30 -3 35 36 9 6 45 44 22 5 -28 
6 14 22 29 -43 6 30 42 33 70 30 -1 8 27 32 12 44 52 -1 24 2 33 54 31 9 -117 -31 -16 -41 62 -14 30 
 37 31 94 -16 16 88 30 15 -16 43 21 76 -11 66 -30 -32 40 16 -22 -7 0 30 -3 35 36 9 6 45 44 22 5 -28 
6 14 22 29 -43 6 30 42 33 70 30 -1 8 27 32 12 44 52 -1 24 0 33 54 31 9 -117 -31 -16 -41 62 -14 30 
 37 31 94 -16 16 88 30 15 -17 43 21 76 -11 66 -30 -32 40 16 -22 -7 4 30 -3 35 36 9 6 45 44 22 5 -28 
6 14 22 29 -43 6 30 42 33 70 30 -1 21 27 32 12 44 52 -1 24 -3 33 53 31 9 -117 -31 -16 -41 62 -14 30 
 37 31 94 -16 16 88 30 15 -17 43 21 76 -10 66 -30 -32 40 16 -22 -7 6 30 4 35 36 9 6 45 44 22 5 -28 
6 14 22 29 -43 6 30 42 33 70 30 -1 15 27 32 12 44 52 -1 24 -3 33 53 31 9 -117 -31 -16 -41 62 -14 30 
 37 31 94 -16 16 88 30 15 -17 43 21 76 -11 66 -30 -32 40 16 -22 -7 4 30 4 35 36 9 6 45 44 22 5 -28 
6 14 22 29 -43 6 30 42 33 70 30 -1 13 27 32 12 44 52 -1 24 -4 33 53 31 9 -117 -31 -16 -41 62 -14 30 
 37 31 94 -16 16 88 30 15 -17 43 21 76 -8 66 -30 -32 40 16 -22 -7 1 30 4 35 36 9 6 45 44 22 5 -28 
6 14 22 29 -43 6 30 42 33 70 30 -1 7 27 32 8 44 52 -1 24 -6 33 53 39 9 -117 -31 -16 -41 62 -14 30 
 37 31 94 -16 16 88 30 15 -17 43 21 76 -9 66 -30 -33 40 16 -22 -7 -3 30 4 34 36 9 6 45 44 22 5 -28 
6 14 22 29 -43 6 30 42 33 70 30 -1 11 23 32 7 44 52 -1 24 -5 33 53 32 9 -117 -31 -16 -41 62 -14 30 
 37 31 94 -16 16 88 30 15 -17 43 21 76 -5 53 -30 -34 40 16 -22 -7 -4 30 4 37 36 9 6 45 44 22 5 -28 
6 14 22 29 -43 6 30 42 33 70 30 -1 11 25 32 7 44 52 -1 24 -1 33 53 37 9 -117 -31 -16 -41 62 -14 30 
 37 31 94 -16 16 88 30 15 -17 43 21 76 -5 55 -30 -34 40 16 -22 -7 -7 30 4 47 36 9 6 45 44 22 5 -28 
6 14 22 29 -43 6 30 42 33 70 30 -1 11 25 32 7 44 52 -1 24 -3 33 53 34 9 -117 -31 -16 -41 62 -14 30 
 37 31 94 -16 16 88 30 15 -17 43 21 76 -5 43 -30 -34 40 16 -22 -7 -1 30 4 40 36 9 6 45 44 22 5 -28 
6 14 22 29 -43 6 30 42 33 70 30 -1 11 32 32 7 44 52 -1 24 -6 33 53 33 9 -117 -31 -10 -41 62 -14 30 
 37 31 94 -16 16 88 30 15 -17 43 21 76 -5 48 -30 -34 40 16 -22 -7 -3 30 4 52 36 9 6 39 44 22 5 -28 
6 14 22 29 -43 6 30 42 33 70 30 -1 11 32 32 7 44 52 -1 24 -6 33 53 48 9 -117 -31 -16 -41 62 -14 30 
 37 31 94 -16 16 88 30 15 -17 43 21 76 -5 48 -30 -34 40 16 -22 -7 -3 30 4 52 36 9 6 45 44 22 5 -28 
19 14 24 29 -43 6 30 42 33 70 30 -1 11 32 32 7 44 52 -1 24 -6 33 53 46 9 -117 -31 -16 -41 62 -14 30 
 32 31 92 -16 16 88 30 15 -17 43 21 76 -5 48 -30 -34 40 16 -22 -7 -3 30 4 50 36 9 6 45 44 22 5 -28 
23 14 23 29 -43 6 30 42 33 70 30 -1 11 32 32 7 44 52 -1 24 -6 33 53 29 9 -117 -31 -16 -41 62 -14 30 
 40 31 91 -16 16 88 30 14 -17 43 21 76 -5 48 -30 -34 40 16 -22 -7 -3 30 4 39 36 9 6 45 44 22 5 -28 
26 14 22 29 -43 6 30 42 33 70 30 -1 11 32 32 7 44 52 -1 24 -6 33 53 42 9 -117 -31 -16 -41 62 -14 30 
 43 31 93 -16 16 88 30 15 -17 43 21 76 -5 48 -30 -34 40 16 -22 -7 -3 30 4 34 36 9 6 45 44 22 5 -28 
38 14 27 29 -43 6 30 42 33 70 30 -1 11 32 32 7 44 52 -1 24 -6 33 53 42 9 -117 -31 -16 -41 62 -14 30 
 33 31 100 -16 16 88 30 15 -17 43 21 76 -5 48 -30 -34 40 16 -22 -7 -3 30 4 34 36 9 6 45 44 22 5 -28 
39 14 26 29 -43 6 30 42 33 70 30 -4 11 32 32 7 44 52 -1 24 -6 33 53 42 9 -117 -31 -16 -41 62 -14 30 
 36 31 97 -16 16 88 30 15 -17 43 21 74 -5 48 -30 -34 40 16 -22 -7 -3 30 4 34 36 9 6 45 44 22 5 -28 
39 14 34 34 -43 6 30 42 33 70 30 0 11 32 32 7 44 52 -1 24 -6 33 53 42 9 -117 -31 -16 -41 62 -14 30 
 36 31 101 -22 16 88 30 15 -17 43 21 79 -5 48 -30 -34 40 16 -22 -7 -3 30 4 34 36 9 6 45 44 22 5 -28 
39 14 46 43 -43 6 30 42 33 70 30 -4 11 32 32 7 44 52 -1 24 -6 33 53 42 9 -117 -31 -16 -41 62 -14 30 
 36 31 97 -26 16 88 30 15 -17 43 21 84 -5 48 -30 -34 40 16 -22 -7 -3 30 4 34 36 9 6 45 44 22 5 -28 
39 14 46 28 -43 6 30 42 33 70 30 -6 11 32 32 7 44 52 -1 24 -6 33 53 42 9 -117 -31 -16 -41 62 -14 30 
 36 31 97 -21 16 88 30 15 -17 43 21 80 -5 48 -30 -34 40 16 -22 -7 -3 30 4 34 36 9 6 45 44 22 5 -28 
39 14 46 29 -43 6 30 42 33 70 30 -11 11 32 32 7 44 52 -1 24 -6 33 53 42 9 -117 -31 -16 -41 62 -14 30 
 36 31 97 -16 16 88 30 15 -17 43 21 78 -5 48 -30 -34 40 16 -22 -7 -3 30 4 34 36 9 6 45 44 22 5 -28 
39 14 46 29 -43 6 30 42 33 70 30 -12 11 32 32 7 44 52 -1 24 -6 33 53 42 9 -117 -31 -16 -41 62 -14 30 
 36 31 97 -16 16 88 30 15 -17 43 21 69 -5 48 -30 -34 40 16 -22 -7 -3 30 4 34 36 9 6 45 44 22 5 -28 
39 14 46 29 -43 6 30 42 33 70 30 -12 11 32 32 7 44 46 -1 24 -6 33 53 42 9 -117 -31 -16 -41 62 -14 30 
 36 31 97 -16 16 88 30 15 -17 43 21 69 -5 48 -30 -34 40 20 -22 -7 -3 30 4 34 36 9 6 45 44 22 5 -28 
39 14 46 29 -43 6 30 42 33 70 30 -12 11 32 32 7 44 45 -1 24 -6 33 53 42 9 -117 -31 -16 -41 62 -14 30 
 36 31 97 -16 16 88 30 15 -17 43 21 69 -5 48 -30 -34 40 22 -22 -7 -3 30 4 34 36 9 6 45 44 22 5 -28 
39 14 46 29 -43 6 30 46 33 70 30 -12 11 32 32 7 44 42 -1 26 -6 33 53 42 9 -117 -31 -16 -41 62 -14 30 
 36 31 97 -16 16 88 30 11 -17 43 21 69 -5 48 -30 -34 40 15 -22 -5 -3 30 4 34 36 9 6 45 44 22 5 -28 
39 14 46 29 -43 6 30 44 33 70 30 -12 11 32 32 7 44 42 -1 24 -6 33 53 42 9 -117 -31 -16 -41 62 -14 30 
 36 31 97 -16 16 88 30 13 -17 43 21 69 -5 48 -30 -34 40 15 -22 -10 -3 30 4 34 36 9 6 45 44 22 5 -28 
39 14 46 29 -43 6 30 44 33 70 30 -12 11 32 32 7 44 45 -1 27 -6 33 53 42 9 -117 -31 -16 -41 62 -14 30 
 36 31 97 -16 16 88 30 13 -17 43 21 69 -5 48 -30 -34 40 20 -22 -12 -3 30 4 34 36 9 6 45 44 22 5 -28 
39 14 46 29 -43 6 30 44 33 70 30 -12 11 32 32 7 44 32 -1 36 -6 33 53 42 9 -117 -31 -16 -41 62 -14 30 
 36 31 97 -16 16 88 30 13 -17 43 21 69 -5 48 -30 -34 40 26 -22 -9 -3 30 4 35 36 9 6 45 44 22 5 -28 
39 14 46 29 -43 6 30 44 33 70 30 -12 11 32 32 7 44 40 -1 32 -6 33 53 42 9 -117 -31 -16 -41 62 -14 30 
 36 31 97 -16 16 88 30 13 -17 43 21 69 -5 48 -30 -34 40 21 -22 -15 -3 30 4 35 36 9 6 45 44 22 5 -28 
39 14 46 29 -43 6 30 44 37 70 30 -12 11 32 32 7 44 37 -1 33 -6 33 53 42 9 -117 -31 -16 -41 62 -14 30 
 36 31 97 -16 16 88 30 13 -9 43 21 69 -5 48 -30 -34 40 30 -22 -11 -3 30 4 34 36 9 6 45 44 22 5 -28 
39 14 46 29 -43 6 30 44 44 70 30 -12 11 32 27 7 44 30 -1 38 -6 32 53 42 9 -117 -31 -16 -41 62 -14 30 
 36 31 97 -16 16 88 30 13 -10 43 21 69 -5 48 -30 -34 40 29 -22 -20 -3 30 3 35 36 9 6 45 44 22 5 -28 
39 14 46 29 -43 6 30 44 38 70 30 -12 11 32 32 7 44 33 -1 40 -6 33 53 42 9 -117 -31 -16 -41 62 -14 30 
 36 31 97 -16 16 88 30 13 -23 43 21 69 -5 48 -30 -34 40 24 -22 -15 -3 30 3 35 36 9 6 45 44 22 5 -28 
39 14 46 29 -43 6 30 44 44 70 30 -12 11 32 32 7 44 33 -1 32 -6 33 53 42 9 -117 -31 -16 -41 58 -14 30 
 36 31 97 -16 16 88 30 13 -22 43 21 69 -5 48 -30 -34 40 24 -22 -13 -3 30 3 35 36 9 6 45 44 21 5 -28 
39 14 46 29 -43 6 30 44 42 70 30 -12 11 32 32 7 44 33 -1 23 -6 33 53 42 9 -117 -31 -16 -41 48 -14 30 
 36 31 97 -16 16 88 30 13 -25 43 21 69 -5 48 -30 -34 40 24 -22 -17 -3 30 3 34 36 9 6 45 44 30 5 -28 
39 14 46 29 -43 6 30 44 42 70 30 -12 11 32 32 7 44 33 -1 22 -6 33 53 42 9 -117 -31 -16 -41 56 -14 30 
 36 31 97 -16 16 88 30 13 -25 43 21 69 -5 48 -30 -34 40 24 -22 -18 -3 30 3 34 36 9 6 45 44 24 5 -28 
39 14 46 29 -43 6 30 44 42 70 30 -12 11 32 32 7 44 33 -1 22 -6 33 53 42 9 -117 -31 -16 -41 52 -14 30 
 36 31 97 -16 16 88 30 13 -25 43 21 69 -5 48 -30 -34 40 24 -22 -18 -3 30 3 34 36 9 6 45 44 19 5 -28 
39 14 46 29 -43 6 30 44 42 70 30 -12 11 32 32 7 44 33 -1 22 -6 33 53 42 9 -117 -31 -16 -41 52 -14 30 
 36 31 97 -16 16 88 30 13 -25 43 21 69 -5 48 -30 -34 40 24 -22 -18 -3 30 3 34 36 9 6 45 44 18 5 -28 
39 14 46 29 -43 6 30 44 42 70 30 -12 11 32 32 7 44 33 -1 22 -6 33 53 42 9 -117 -31 -16 -41 56 -14 30 
 36 31 97 -16 16 88 30 13 -25 43 21 69 -5 48 -30 -34 40 24 -22 -18 -3 30 3 34 36 9 6 45 44 22 5 -28 
39 14 46 29 -43 6 30 44 42 70 30 -12 11 32 32 2 44 33 -1 22 -6 33 53 42 9 -117 -31 -16 -41 52 -14 30 
 36 31 97 -16 16 88 30 13 -25 43 21 69 -5 48 -30 -36 40 24 -22 -18 -3 30 3 34 36 9 6 45 44 16 5 -28 
39 14 46 29 -43 6 30 44 42 70 30 -12 11 32 32 -1 44 33 -7 22 -6 33 53 42 9 -117 -31 -16 -41 52 -14 30 
 36 31 97 -16 16 88 30 13 -25 43 21 69 -5 48 -30 -28 40 23 -24 -18 -3 30 4 34 36 9 6 45 44 16 5 -28 
39 14 46 29 -43 6 30 44 42 70 30 -12 11 32 32 -9 44 33 -14 22 -6 33 53 42 9 -117 -31 -16 -41 52 -14 30 
 36 31 97 -16 16 88 30 13 -25 43 21 69 -5 48 -30 -22 40 23 -25 -18 -3 30 4 34 36 9 6 45 44 16 5 -28 
39 14 46 29 -43 6 30 44 42 70 30 -12 11 32 32 -9 44 33 -6 22 -6 33 53 42 9 -117 -31 -16 -41 52 -14 30 
 36 31 97 -16 16 88 30 13 -25 43 21 69 -5 48 -30 -12 40 23 -30 -18 -3 30 4 34 36 9 6 45 44 16 5 -28 
39 14 46 29 -43 6 30 44 42 70 30 -12 11 32 32 -6 44 33 6 22 -6 33 53 42 9 -117 -31 -16 -41 52 -17 30 
 36 31 97 -16 16 88 30 13 -25 43 21 69 -5 48 -30 -8 40 23 -22 -18 -3 30 4 34 36 9 6 45 44 16 2 -28 
39 14 47 29 -43 6 30 44 42 70 30 -12 11 32 32 2 44 33 11 22 -6 33 53 42 9 -117 -31 -16 -41 52 -14 30 
 36 31 99 -16 16 88 30 13 -25 43 21 69 -5 48 -30 -7 40 23 -18 -18 -3 30 4 34 36 9 6 45 44 16 5 -28 
39 14 47 29 -43 6 30 44 42 70 30 -12 11 32 32 -3 44 33 7 22 -6 33 53 42 9 -117 -31 -16 -41 52 -14 30 
 36 31 106 -16 16 88 30 13 -25 43 21 69 -5 48 -30 -14 40 23 -16 -18 -3 30 4 34 36 9 6 45 44 16 5 -28 
39 14 47 29 -43 6 30 44 42 70 30 -12 11 32 32 9 44 33 12 22 -6 33 53 42 9 -117 -31 -16 -41 52 -14 30 
 36 31 106 -16 16 88 30 13 -25 43 21 69 -5 48 -30 -5 40 23 -23 -18 -3 30 4 34 36 9 6 45 44 16 5 -28 
39 14 47 29 -43 6 30 44 42 70 30 -12 11 32 32 6 44 33 15 22 -6 33 53 42 9 -117 -31 -16 -41 52 -14 30 
 36 31 106 -16 16 88 30 13 -25 43 21 69 -5 48 -30 -3 40 23 -19 -18 -3 30 4 34 36 9 6 45 44 16 5 -28 
39 14 47 29 -43 6 30 44 42 70 30 -12 11 32 32 6 44 33 12 22 -6 33 53 42 9 -117 -31 -16 -41 52 -14 30 
 36 31 106 -16 16 88 30 13 -25 43 21 69 -5 48 -30 -3 40 23 -26 -18 -3 30 4 34 36 9 6 45 44 16 5 -28 
39 14 47 29 -43 6 30 44 42 70 30 -12 11 32 32 6 44 33 13 22 -6 33 53 42 9 -117 -31 -16 -41 52 -14 30 
 36 31 106 -16 16 88 30 13 -25 43 21 69 -5 48 -30 -3 40 23 -24 -18 -3 30 4 34 36 9 6 45 44 16 5 -28 
39 14 47 29 -43 6 30 44 42 70 30 -12 11 32 32 6 44 33 19 22 -6 33 53 42 9 -117 -31 -16 -41 52 -14 30 
 36 31 106 -16 16 88 30 13 -25 43 21 69 -5 48 -30 -3 40 23 -22 -18 -3 30 4 34 36 9 6 45 44 16 5 -28 
39 14 47 29 -43 6 30 44 42 70 30 -12 11 32 32 6 44 33 19 22 -6 33 53 42 9 -117 -31 -16 -41 52 -14 30 
 36 31 106 -16 16 88 30 13 -25 43 21 69 -5 48 -30 -3 40 23 -22 -18 -3 30 4 34 36 9 6 45 44 16 5 -28 
39 14 47 29 -43 6 30 44 42 70 30 -12 11 32 32 6 44 33 19 22 -6 33 53 42 9 -117 -31 -16 -41 52 -14 30 
 36 31 106 -16 16 88 30 13 -25 43 21 69 -5 48 -30 -3 40 23 -22 -18 -3 30 4 34 36 9 6 45 44 16 5 -28 
39 14 47 29 -43 6 30 44 42 70 30 -12 11 32 32 6 44 33 19 22 -6 33 53 42 9 -117 -31 -16 -41 52 -14 30 
 36 31 106 -16 16 88 30 16 -25 43 21 69 -5 48 -30 -3 40 23 -22 -18 -3 30 4 34 36 9 6 45 44 16 5 -28 
39 14 47 29 -43 6 30 57 42 70 30 -12 11 32 32 6 44 33 19 22 -6 33 53 42 9 -117 -31 -16 -41 52 -14 30 
 36 31 106 -16 16 88 30 21 -25 43 21 69 -5 48 -30 -3 40 23 -22 -18 -3 30 4 34 36 9 6 45 44 16 5 -28 
39 14 47 29 -43 6 30 59 42 70 30 -12 11 32 32 6 44 33 19 22 -6 33 53 42 9 -117 -31 -16 -41 55 -14 30 
 36 31 106 -16 16 88 30 23 -25 43 21 69 -5 48 -30 -3 40 23 -22 -18 -3 30 4 34 36 9 6 45 44 18 5 -28 
39 14 47 29 -43 6 30 61 42 70 30 -12 11 32 32 6 44 33 19 22 -8 33 53 42 9 -117 -31 -16 -41 54 -14 30 
 36 31 106 -16 16 88 30 33 -25 43 21 69 -5 48 -30 -3 40 23 -22 -18 -4 30 4 34 36 9 6 45 44 17 5 -28 
39 14 47 29 -43 6 30 64 42 70 30 -12 11 32 32 6 44 33 19 22 -8 33 53 42 9 -117 -31 -16 -41 54 -14 30 
 36 31 106 -16 16 88 30 33 -25 43 21 69 -5 48 -30 -3 40 23 -22 -18 -4 30 4 34 36 9 6 45 44 17 5 -28 
