0 0.0625 0.9659090909090909 
100 0.17045454545454544 0.9212421242124212 
200 0.1534090909090909 0.9209209633649932 
300 0.1534090909090909 0.9193597100573845 
400 0.16477272727272727 0.9192785082747676 
500 0.1590909090909091 0.919620985302123 
600 0.1590909090909091 0.9192538950234458 
700 0.17613636363636365 0.918509272467903 
800 0.1875 0.9180463341277948 
900 0.1534090909090909 0.9176956159822419 
1000 0.14204545454545456 0.9175824175824175 
1100 0.14204545454545456 0.9178019981834695 
1200 0.17045454545454544 0.9175545000378472 
1300 0.19318181818181818 0.9177359199217385 
1400 0.14772727272727273 0.9179117189020829 
1500 0.17045454545454544 0.9179581036884501 
1600 0.14772727272727273 0.9178283459201635 
1700 0.1534090909090909 0.9178624873069318 
1800 0.1590909090909091 0.918034803896825 
1900 0.13068181818181818 0.9179603438381713 
2000 0.16477272727272727 0.9182582004452319 
2100 0.17613636363636365 0.9181761390679762 
2200 0.17613636363636365 0.9181467101730618 
2300 0.16477272727272727 0.9179346430405753 
2400 0.17613636363636365 0.9180821911324827 
2500 0.14772727272727273 0.9180021173348842 
2600 0.16477272727272727 0.9180865750934956 
2700 0.16477272727272727 0.9181216552791895 
2800 0.17613636363636365 0.9180578770568952 
2900 0.1875 0.9179319043589985 
3000 0.14772727272727273 0.9178531398624701 
3100 0.1590909090909091 0.917818848758465 
3200 0.17045454545454544 0.9178284129959388 
3300 0.1590909090909091 0.9178313734130154 
3400 0.17045454545454544 0.917747286894229 
3500 0.16477272727272727 0.9177020851185376 
3600 0.16477272727272727 0.9177114627250006 
3700 0.16477272727272727 0.9176466434133281 
3800 0.1590909090909091 0.9176539965559303 
3900 0.1590909090909091 0.9176769942439001 
4000 0.1875 0.9177080729817546 
4100 0.14204545454545456 0.9177113120968278 
4200 0.14772727272727273 0.9177083107918028 
4300 0.14772727272727273 0.9177364936272748 
4400 0.18181818181818182 0.9177020718431761 
4500 0.1875 0.9177701672355638 
4600 0.1534090909090909 0.9178637055185631 
4700 0.1534090909090909 0.9179115662044826 
4800 0.19318181818181818 0.917876957452046 
4900 0.17045454545454544 0.9178252119233552 
5000 0.1590909090909091 0.9177596298922034 
5100 0.13068181818181818 0.9177567678351838 
5200 0.20454545454545456 0.9178982188739928 
5300 0.1590909090909091 0.9178617670765379 
5400 0.17045454545454544 0.917932390466412 
5500 0.1534090909090909 0.9179539670473137 
5600 0.14772727272727273 0.917939268150168 
5700 0.16477272727272727 0.9179948493884645 
5800 0.14772727272727273 0.9180098258920876 
5900 0.19318181818181818 0.9179496733989616 
6000 0.13636363636363635 0.9179445471209344 
6100 0.1875 0.9178906960110861 
6200 0.17045454545454544 0.9179118837137705 
6300 0.18181818181818182 0.9178327574266711 
6400 0.17045454545454544 0.917879486159833 
6500 0.17613636363636365 0.9178640349037211 
6600 0.17045454545454544 0.9178524948010632 
6700 0.1590909090909091 0.91788369442824 
6800 0.16477272727272727 0.9178513186563473 
6900 0.19318181818181818 0.9179145644241282 
7000 0.16477272727272727 0.9179159470724961 
7100 0.16477272727272727 0.917897687265558 
7200 0.18181818181818182 0.9178736223504311 
7300 0.1590909090909091 0.9178552751179788 
7400 0.1534090909090909 0.9178500908968076 
7500 0.17045454545454544 0.917881403691629 
7600 0.19318181818181818 0.9178621832055591 
7700 0.14204545454545456 0.9179050684090614 
7800 0.1590909090909091 0.9178871298551468 
7900 0.18181818181818182 0.9178789940283738 
8000 0.17045454545454544 0.9178440763086433 
8100 0.20454545454545456 0.91783071113555 
8200 0.16477272727272727 0.9178207895932868 
8300 0.17613636363636365 0.9178323257876926 
8400 0.1875 0.9178402057114413 
8500 0.17045454545454544 0.9178288516858979 
8600 0.13636363636363635 0.9178540946612973 
8700 0.16477272727272727 0.9178813694350701 
8800 0.18181818181818182 0.9178918847031845 
8900 0.14204545454545456 0.9178826944878512 
9000 0.17045454545454544 0.9178705522618699 
9100 0.17045454545454544 0.9178799033073288 
9200 0.14772727272727273 0.9178350179328334 
9300 0.19318181818181818 0.9178100350890911 
9400 0.14772727272727273 0.9178493462977826 
9500 0.1590909090909091 0.9178555367377597 
9600 0.1534090909090909 0.9178710669343155 
9700 0.1590909090909091 0.917881005707003 
9800 0.1534090909090909 0.9178936402593427 
9900 0.16477272727272727 0.9179166360606367 
10000 0.18181818181818182 0.9178908813664088 
10100 0.17045454545454544 0.9179159804159804 
10200 0.18181818181818182 0.9179046617533041 
10300 0.18181818181818182 0.9179261060267758 
10400 0.16477272727272727 0.9179097180341051 
10500 0.14772727272727273 0.9179123092173039 
10600 0.17613636363636365 0.9179148515148656 
10700 0.17045454545454544 0.9179128331251964 
10800 0.17045454545454544 0.917879552398347 
10900 0.17045454545454544 0.9178966587719225 
11000 0.17045454545454544 0.9178760092057747 
11100 0.17045454545454544 0.9178892564961387 
11200 0.17045454545454544 0.9178923756807428 
11300 0.19318181818181818 0.9179049923176549 
11400 0.14772727272727273 0.9178899777531476 
11500 0.17045454545454544 0.9178967145149434 
11600 0.17045454545454544 0.9178795813056868 
11700 0.14772727272727273 0.9178649260746945 
11800 0.1875 0.9178478711357281 
11900 0.1534090909090909 0.9178425609765413 
12000 0.16477272727272727 0.9178458613297377 
12100 0.1875 0.9178314996506675 
12200 0.17613636363636365 0.9178525325792968 
12300 0.16477272727272727 0.9178277264967372 
12400 0.17045454545454544 0.9177888879929038 
12500 0.19318181818181818 0.9178024848921177 
12600 0.13068181818181818 0.9178070733924436 
12700 0.1590909090909091 0.9178185235951357 
12800 0.19318181818181818 0.9178226931844813 
12900 0.1590909090909091 0.9178290002184468 
13000 0.1875 0.9178450433882709 
13100 0.1534090909090909 0.9178510835397714 
13200 0.1590909090909091 0.9178886671808609 
13300 0.1534090909090909 0.9178925798470382 
13400 0.1534090909090909 0.9178962221272496 
13500 0.1875 0.9179305320817986 
13600 0.1590909090909091 0.9179075235109718 
13700 0.16477272727272727 0.9178875463635701 
13800 0.17613636363636365 0.917883914867829 
13900 0.1534090909090909 0.9179118081759978 
14000 0.17045454545454544 0.9179246936907104 
14100 0.1590909090909091 0.9179160407708028 
14200 0.1534090909090909 0.9179065094647624 
14300 0.17045454545454544 0.9178901586665904 
14400 0.1590909090909091 0.9179148701794698 
14500 0.1590909090909091 0.9179071114217828 
14600 0.1875 0.9179196941678963 
14700 0.17613636363636365 0.9178944227665403 
14800 0.1590909090909091 0.9178777462824993 
14900 0.17045454545454544 0.9178874129863157 
15000 0.14772727272727273 0.9179009278169334 
15100 0.13636363636363635 0.9178854801909566 
15200 0.14204545454545456 0.9178623864458678 
15300 0.17045454545454544 0.9178661451123218 
15400 0.14772727272727273 0.9178794470252817 
15500 0.17045454545454544 0.9178896449495927 
15600 0.17045454545454544 0.9178609252903369 
15700 0.14772727272727273 0.9178568171685648 
15800 0.14772727272727273 0.9178734372393001 
15900 0.17613636363636365 0.9178721606988697 
16000 0.20454545454545456 0.9178662839254365 
16100 0.1534090909090909 0.9178357781278408 
16200 0.17613636363636365 0.9178466817424289 
16300 0.1534090909090909 0.917854488848983 
16400 0.16477272727272727 0.9178660114959731 
16500 0.16477272727272727 0.9178846254496973 
16600 0.14772727272727273 0.9178764901895285 
16700 0.1875 0.9178577357915422 
16800 0.19318181818181818 0.917876066630233 
16900 0.14772727272727273 0.9178785480686995 
17000 0.14204545454545456 0.9178925303859131 
17100 0.18181818181818182 0.9179055185502177 
17200 0.16477272727272727 0.9179087764453441 
17300 0.1590909090909091 0.9178954119835427 
17400 0.14772727272727273 0.9179109351082226 
17500 0.14772727272727273 0.9178913802328179 
17600 0.1590909090909091 0.9179115920583025 
17700 0.18181818181818182 0.9179172915243617 
17800 0.17613636363636365 0.917912393838957 
17900 0.18181818181818182 0.9179119945051317 
18000 0.1534090909090909 0.9179175967496755 
18100 0.1534090909090909 0.91791858561305 
18200 0.1590909090909091 0.9178939656162748 
18300 0.17045454545454544 0.9178924338461386 
18400 0.18181818181818182 0.9179003364441656 
18500 0.16477272727272727 0.9178966370368187 
18600 0.16477272727272727 0.91788549369291 
18700 0.1534090909090909 0.9178841919002872 
18800 0.14772727272727273 0.9179170534932861 
18900 0.14204545454545456 0.9179160494153749 
19000 0.14204545454545456 0.9179213354799508 
19100 0.16477272727272727 0.9178899783923735 
19200 0.16477272727272727 0.9178869116665325 
19300 0.17045454545454544 0.9178774003702116 
19400 0.20454545454545456 0.9178769194183992 
19500 0.1534090909090909 0.9178784829216218 
19600 0.1534090909090909 0.9178752475523049 
19700 0.18181818181818182 0.9178563270899954 
19800 0.17045454545454544 0.9178585447934218 
19900 0.1534090909090909 0.9178546018701664 
20000 0.14772727272727273 0.9178609251355614 
20100 0.1534090909090909 0.9178782093609092 
20200 0.20454545454545456 0.9178795716683692 
20300 0.17045454545454544 0.9178831595846152 
20400 0.17613636363636365 0.9178769645872974 
20500 0.1875 0.9178751258253478 
20600 0.1534090909090909 0.9178840612326851 
20700 0.14772727272727273 0.917883715542947 
20800 0.14772727272727273 0.9179003085515993 
20900 0.1590909090909091 0.9179151117171427 
21000 0.14772727272727273 0.9179040716675829 
21100 0.1590909090909091 0.9179265254554932 
21200 0.125 0.9179277296096667 
21300 0.1534090909090909 0.91793759149165 
21400 0.1875 0.9179412548691438 
21500 0.14204545454545456 0.9179312748667081 
21600 0.17045454545454544 0.9179257273442728 
21700 0.1590909090909091 0.9179259910519415 
21800 0.1590909090909091 0.917928858559449 
21900 0.1534090909090909 0.9179287164139454 
22000 0.17613636363636365 0.9179112726281037 
22100 0.16477272727272727 0.9179132680133766 
22200 0.14772727272727273 0.9179043685583369 
22300 0.17613636363636365 0.91789720497654 
22400 0.14772727272727273 0.917904309263791 
22500 0.17613636363636365 0.9179113504046285 
22600 0.14204545454545456 0.9179179521421015 
22700 0.19886363636363635 0.9179032211236189 
22800 0.17045454545454544 0.9178926063848875 
22900 0.19318181818181818 0.9178787349500419 
23000 0.17613636363636365 0.9178836345060096 
23100 0.17045454545454544 0.917872873468681 
23200 0.16477272727272727 0.9178799601114372 
23300 0.17045454545454544 0.9178869859272525 
23400 0.1590909090909091 0.9178803547633939 
23500 0.18181818181818182 0.9178827254933059 
23600 0.1590909090909091 0.9178817057058445 
23700 0.1590909090909091 0.9179045475641611 
23800 0.1534090909090909 0.9178870922153768 
23900 0.14204545454545456 0.9178958136023218 
24000 0.16477272727272727 0.9179083684013166 
24100 0.13636363636363635 0.9179327244060035 
24200 0.1590909090909091 0.9179328145718997 
24300 0.1875 0.9179251882638575 
24400 0.19318181818181818 0.9179118031675304 
24500 0.17613636363636365 0.9179000346924615 
24600 0.1590909090909091 0.9179073005162391 
24700 0.1590909090909091 0.9178979457953488 
24800 0.1590909090909091 0.9178970285289083 
24900 0.14772727272727273 0.9178988567454393 
25000 0.17613636363636365 0.9178976022777271 
25100 0.19318181818181818 0.9178849267142563 
25200 0.14204545454545456 0.9178854284281648 
25300 0.17613636363636365 0.9178794136775047 
25400 0.13636363636363635 0.9178868673745844 
25500 0.14204545454545456 0.9178901406718453 
25600 0.16477272727272727 0.9178974942385063 
25700 0.18181818181818182 0.9179070013193685 
25800 0.19318181818181818 0.9179039924456769 
25900 0.18181818181818182 0.9179026520562562 
26000 0.1590909090909091 0.9179077684075088 
26100 0.17045454545454544 0.9179049000212461 
26200 0.1534090909090909 0.9179218957638674 
26300 0.17613636363636365 0.9179274206649591 
26400 0.1534090909090909 0.9179247256474445 
26500 0.19318181818181818 0.9179267677720566 
26600 0.1590909090909091 0.9179359499471995 
26700 0.18181818181818182 0.9179419778285457 
26800 0.1534090909090909 0.9179198706968194 
26900 0.16477272727272727 0.9179130295933574 
27000 0.1590909090909091 0.9179249674254489 
27100 0.14204545454545456 0.9179209883231414 
27200 0.17613636363636365 0.9179118164104929 
27300 0.1590909090909091 0.9179179042725708 
27400 0.1590909090909091 0.9179133724382985 
27500 0.14772727272727273 0.9179202367847781 
27600 0.19318181818181818 0.9179033780067257 
27700 0.16477272727272727 0.9179020243771967 
27800 0.17613636363636365 0.9179198916978134 
27900 0.16477272727272727 0.9179190995109331 
28000 0.1590909090909091 0.9179052249757313 
28100 0.14204545454545456 0.9179164199915241 
28200 0.18181818181818182 0.9179309607009423 
28300 0.1590909090909091 0.9179388738271375 
28400 0.1534090909090909 0.9179309267279321 
28500 0.16477272727272727 0.9179440673532986 
28600 0.14772727272727273 0.9179664530165824 
28700 0.1590909090909091 0.9179669064429178 
28800 0.17613636363636365 0.9179754451392155 
28900 0.16477272727272727 0.9179790098486683 
29000 0.17045454545454544 0.9179815703847203 
29100 0.1534090909090909 0.9179984638141144 
29200 0.17045454545454544 0.9180193276382191 
29300 0.19886363636363635 0.9180253117330777 
29400 0.1590909090909091 0.9180164713012235 
29500 0.14772727272727273 0.9180310913959774 
29600 0.18181818181818182 0.9180301609896472 
29700 0.14204545454545456 0.9180300977010263 
29800 0.1534090909090909 0.9180327040581311 
29900 0.14772727272727273 0.9180293073202174 
30000 0.18181818181818182 0.9180285846532388 
30100 0.17045454545454544 0.9180223927927492 
30200 0.1534090909090909 0.9180191580050029 
30300 0.1875 0.9180226012642847 
30400 0.17613636363636365 0.9180294794429609 
30500 0.1590909090909091 0.918030444605393 
30600 0.16477272727272727 0.918034931270814 
30700 0.1590909090909091 0.9180264338443225 
30800 0.17613636363636365 0.9180327490842978 
30900 0.17045454545454544 0.9180316685838352 
31000 0.17045454545454544 0.9180260130904868 
31100 0.17045454545454544 0.918025509264537 
31200 0.14204545454545456 0.9180403964325152 
31300 0.13636363636363635 0.9180373993279332 
31400 0.1590909090909091 0.918032702345901 
31500 0.17613636363636365 0.9180195578206752 
31600 0.1590909090909091 0.9180178238030442 
31700 0.14204545454545456 0.9180307080935216 
31800 0.17613636363636365 0.9180267165698048 
31900 0.16477272727272727 0.9180205237225393 
32000 0.14204545454545456 0.9180171216240401 
32100 0.18181818181818182 0.9180130327290852 
32200 0.14204545454545456 0.9180108219394655 
32300 0.1590909090909091 0.9180082730340462 
32400 0.17613636363636365 0.9180194178911425 
32500 0.19318181818181818 0.9180114388088758 
32600 0.1534090909090909 0.9180113514365148 
32700 0.16477272727272727 0.9180040539488645 
32800 0.17613636363636365 0.9179948089165796 
32900 0.19318181818181818 0.9180002991066865 
33000 0.17045454545454544 0.9180004187200939 
33100 0.14204545454545456 0.9180022541203094 
33200 0.17613636363636365 0.9179951794989746 
33300 0.20454545454545456 0.9180035031708029 
33400 0.13636363636363635 0.9179933201510025 
33500 0.14772727272727273 0.9179916779960435 
33600 0.18181818181818182 0.9180043342865878 
33700 0.1590909090909091 0.918009075802984 
33800 0.16477272727272727 0.918015470225464 
33900 0.17045454545454544 0.9180047316920124 
34000 0.14204545454545456 0.9179987353313138 
34100 0.18181818181818182 0.9179817773938914 
34200 0.1590909090909091 0.9179769630606229 
34300 0.1590909090909091 0.9179683669439799 
34400 0.1534090909090909 0.9179817050772837 
34500 0.1534090909090909 0.917969192592573 
34600 0.1534090909090909 0.9179615145121922 
34700 0.17045454545454544 0.9179510971651328 
34800 0.18181818181818182 0.9179408213191366 
34900 0.19318181818181818 0.9179307671569713 
35000 0.13636363636363635 0.9179253157701988 
35100 0.17045454545454544 0.9179317929300124 
35200 0.1534090909090909 0.917941784324309 
35300 0.17045454545454544 0.9179504314840424 
35400 0.1534090909090909 0.9179593507887553 
35500 0.17045454545454544 0.9179701404057761 
35600 0.16477272727272727 0.9179680218379974 
35700 0.17613636363636365 0.9179791245979868 
35800 0.13636363636363635 0.9179731838369167 
35900 0.17613636363636365 0.917983102521834 
36000 0.17045454545454544 0.9179820762554576 
36100 0.1875 0.9179836525555827 
36200 0.17045454545454544 0.917985691003011 
36300 0.17045454545454544 0.9179917094695613 
36400 0.14772727272727273 0.9179816176378771 
36500 0.13636363636363635 0.9179873029630571 
36600 0.1590909090909091 0.9179967605207011 
36700 0.16477272727272727 0.9179908399820664 
36800 0.1590909090909091 0.9179929800573601 
36900 0.1590909090909091 0.9179946466097247 
37000 0.16477272727272727 0.9179907760478218 
37100 0.16477272727272727 0.917984858898682 
37200 0.1534090909090909 0.9179830209842844 
37300 0.1875 0.9179820307035396 
37400 0.1590909090909091 0.9179721586199688 
37500 0.1590909090909091 0.9179662027194426 
37600 0.17045454545454544 0.9179580118758931 
37700 0.19318181818181818 0.9179544610584238 
37800 0.14772727272727273 0.9179610748633393 
37900 0.1590909090909091 0.9179595585148869 
38000 0.13636363636363635 0.917975319429393 
38100 0.16477272727272727 0.9179827957271463 
38200 0.14772727272727273 0.9179824986732855 
38300 0.17045454545454544 0.9179791620679261 
38400 0.13636363636363635 0.9179953735816538 
38500 0.1875 0.9179977763269431 
38600 0.1590909090909091 0.9179959716069532 
38700 0.14204545454545456 0.9179924878614835 
38800 0.1590909090909091 0.9179868255504193 
38900 0.13636363636363635 0.917983164139272 
39000 0.1590909090909091 0.9179884810645881 
39100 0.16477272727272727 0.9179962410866033 
39200 0.14204545454545456 0.9179972217777376 
39300 0.1590909090909091 0.9179921977465297 
39400 0.17613636363636365 0.9179873434222943 
39500 0.1534090909090909 0.9179824417563652 
39600 0.1875 0.9179774931073825 
39700 0.1590909090909091 0.9179786517857347 
39800 0.14204545454545456 0.9179786625964171 
39900 0.1590909090909091 0.9179836572790383 
40000 0.18181818181818182 0.9179828032708274 
40100 0.14204545454545456 0.9179849998073047 
40200 0.17045454545454544 0.917981037332857 
40300 0.17613636363636365 0.9179877388560176 
40400 0.14204545454545456 0.9179922273526083 
40500 0.1590909090909091 0.9179886972487773 
40600 0.19318181818181818 0.9179886831045362 
40700 0.14204545454545456 0.9179800836923819 
40800 0.1590909090909091 0.9179766093077041 
40900 0.17613636363636365 0.9179770415704439 
41000 0.16477272727272727 0.917969988536865 
41100 0.1590909090909091 0.9179777615452842 
41200 0.16477272727272727 0.9179792911028196 
41300 0.1534090909090909 0.917986040949922 
41400 0.17045454545454544 0.9179919347578341 
41500 0.14772727272727273 0.9179902702234995 
41600 0.1590909090909091 0.9179857455349631 
41700 0.17045454545454544 0.9179828094377506 
41800 0.16477272727272727 0.9179768970294316 
41900 0.13636363636363635 0.917977182688198 
42000 0.16477272727272727 0.9179863277064831 
42100 0.13068181818181818 0.9179827433379902 
42200 0.16477272727272727 0.9179871868611472 
42300 0.1875 0.9179760955575949 
42400 0.16477272727272727 0.9179803327966107 
42500 0.17045454545454544 0.9179799379052044 
42600 0.1590909090909091 0.9179788780032906 
42700 0.17045454545454544 0.9179833450781438 
42800 0.1875 0.9179895170248783 
42900 0.19318181818181818 0.9179829459368398 
43000 0.17045454545454544 0.917973498502149 
43100 0.14772727272727273 0.9179785298168572 
43200 0.1590909090909091 0.9179859709686855 
43300 0.19318181818181818 0.9179889163802641 
43400 0.13636363636363635 0.9179950556229328 
43500 0.17613636363636365 0.9179967910873522 
43600 0.16477272727272727 0.9179944788589086 
43700 0.19318181818181818 0.9179969877951617 
43800 0.17045454545454544 0.9179900806540324 
43900 0.1590909090909091 0.9179861817187847 
44000 0.18181818181818182 0.9179762959932729 
44100 0.19318181818181818 0.9179678723013908 
44200 0.17045454545454544 0.9179582655472625 
44300 0.18181818181818182 0.9179608222469839 
44400 0.13636363636363635 0.9179519784566686 
44500 0.1590909090909091 0.9179579212724536 
44600 0.1590909090909091 0.9179579773996098 
44700 0.16477272727272727 0.9179608296336669 
44800 0.1875 0.9179651276047004 
44900 0.1534090909090909 0.9179676348572922 
45000 0.14204545454545456 0.9179640073654929 
45100 0.14204545454545456 0.917963797416304 
45200 0.16477272727272727 0.9179608229705296 
45300 0.18181818181818182 0.9179658260604321 
45400 0.17045454545454544 0.9179656134926943 
45500 0.1590909090909091 0.9179696475202344 
45600 0.1534090909090909 0.917966063343906 
45700 0.16477272727272727 0.9179613137568106 
45800 0.1590909090909091 0.9179637180410908 
45900 0.17045454545454544 0.9179566423587523 
46000 0.1534090909090909 0.9179461390167407 
46100 0.19886363636363635 0.9179393170331545 
46200 0.17045454545454544 0.9179427934460294 
46300 0.1875 0.9179495067846561 
46400 0.17045454545454544 0.9179490278422683 
46500 0.17045454545454544 0.9179576538920962 
46600 0.1590909090909091 0.9179664867706702 
46700 0.14204545454545456 0.9179667045284217 
46800 0.13068181818181818 0.917968378200932 
46900 0.1534090909090909 0.9179680458451167 
47000 0.1590909090909091 0.9179711601880811 
47100 0.1534090909090909 0.917976070764759 
47200 0.17045454545454544 0.9179821642838846 
47300 0.1534090909090909 0.9179895533632769 
47400 0.19318181818181818 0.91798270701999 
47500 0.14772727272727273 0.9179771454572249 
47600 0.13068181818181818 0.9179821709245986 
47700 0.1534090909090909 0.9179848526141057 
47800 0.1534090909090909 0.9179857995553535 
47900 0.13636363636363635 0.9179878693935029 
48000 0.17613636363636365 0.9179966776260343 
48100 0.19318181818181818 0.9179873174059885 
48200 0.1534090909090909 0.9179759921050299 
48300 0.16477272727272727 0.9179797707933771 
48400 0.13068181818181818 0.9179780165135581 
48500 0.1534090909090909 0.9179848213064024 
48600 0.14772727272727273 0.9179863957157635 
48700 0.1534090909090909 0.9179927470221817 
48800 0.21022727272727273 0.9179895833915475 
48900 0.14772727272727273 0.9179842250855624 
49000 0.1875 0.9179867154844706 
49100 0.17613636363636365 0.9179865921079186 
49200 0.17613636363636365 0.917987046641698 
49300 0.1875 0.917985770618704 
49400 0.17045454545454544 0.9179799566994411 
49500 0.13636363636363635 0.9179742236612299 
49600 0.16477272727272727 0.9179717784282209 
49700 0.14772727272727273 0.9179711149949424 
49800 0.17613636363636365 0.9179648637942648 
49900 0.16477272727272727 0.9179638183603535 
50000 0.1590909090909091 0.917966924752414 
50100 0.14772727272727273 0.9179742715169902 
50200 0.14204545454545456 0.9179742322228278 
50300 0.13636363636363635 0.9179738542158027 
50400 0.17613636363636365 0.917974097736156 
50500 0.17045454545454544 0.9179649457886523 
50600 0.16477272727272727 0.9179675078286271 
50700 0.1534090909090909 0.9179707321533913 
50800 0.17045454545454544 0.9179754536864879 
50900 0.1590909090909091 0.9179755800475433 
51000 0.19318181818181818 0.9179788809845083 
51100 0.1534090909090909 0.9179846151382912 
51200 0.17045454545454544 0.9179844454387432 
51300 0.17613636363636365 0.9179843871553097 
51400 0.18181818181818182 0.9179788021456958 
51500 0.17613636363636365 0.9179803547503932 
51600 0.14772727272727273 0.9179926371229592 
51700 0.14204545454545456 0.9180044323918475 
51800 0.1534090909090909 0.9180103687889494 
51900 0.1590909090909091 0.9180108086023916 
52000 0.1590909090909091 0.9180105365106616 
52100 0.1590909090909091 0.9180058487797302 
52200 0.13636363636363635 0.9180102131446455 
52300 0.16477272727272727 0.9180090203385647 
52400 0.1534090909090909 0.918008970595634 
52500 0.1534090909090909 0.9180055661277448 
52600 0.16477272727272727 0.9180089256858235 
52700 0.1534090909090909 0.9180127576499325 
52800 0.17613636363636365 0.9180074284061425 
52900 0.17045454545454544 0.918007919166333 
53000 0.14204545454545456 0.9180051920118145 
53100 0.13636363636363635 0.9180042941324509 
53200 0.17613636363636365 0.9180061764047497 
53300 0.17045454545454544 0.9180101302892151 
53400 0.1534090909090909 0.9180167293428281 
53500 0.18181818181818182 0.918020648721944 
53600 0.14204545454545456 0.9180237584610871 
53700 0.13068181818181818 0.9180226244305592 
53800 0.17045454545454544 0.9180207553593969 
53900 0.1534090909090909 0.918023373238142 
54000 0.1534090909090909 0.9180216675280424 
54100 0.16477272727272727 0.9180158722490426 
54200 0.17613636363636365 0.9180162308310313 
54300 0.1590909090909091 0.9180155940540188 
54400 0.18181818181818182 0.918011774098404 
54500 0.19886363636363635 0.9180093234319303 
54600 0.14772727272727273 0.9180090149864055 
54700 0.17045454545454544 0.9180125508757526 
54800 0.19886363636363635 0.9180153999346395 
54900 0.1534090909090909 0.9180120808364146 
55000 0.14772727272727273 0.9179991148921259 
55100 0.17613636363636365 0.917993878184029 
55200 0.1590909090909091 0.9180019383706817 
55300 0.17045454545454544 0.9180075549348935 
55400 0.14204545454545456 0.9180036646040193 
55500 0.1590909090909091 0.9180063401806028 
55600 0.1590909090909091 0.918008955038415 
55700 0.14772727272727273 0.9180086023427032 
55800 0.14772727272727273 0.918003872527537 
55900 0.17045454545454544 0.9180044957725589 
56000 0.19886363636363635 0.9180006525857493 
56100 0.1875 0.9179930757999777 
56200 0.18181818181818182 0.9179888622169453 
56300 0.1590909090909091 0.9179908700959615 
56400 0.16477272727272727 0.9179842576130984 
56500 0.1875 0.9179841044647641 
56600 0.17045454545454544 0.9179822955264202 
56700 0.1875 0.9179852527853445 
56800 0.1534090909090909 0.917981347559502 
56900 0.14204545454545456 0.9179858438340275 
57000 0.1534090909090909 0.917993862946583 
57100 0.18181818181818182 0.9180004609057953 
57200 0.18181818181818182 0.9179940731328601 
57300 0.17613636363636365 0.9179961360344338 
57400 0.18181818181818182 0.9179905204375597 
57500 0.17045454545454544 0.9179910507485245 
57600 0.13636363636363635 0.917995179613359 
57700 0.16477272727272727 0.9180010173921674 
57800 0.17045454545454544 0.9180092433128713 
57900 0.17613636363636365 0.9180117983517321 
58000 0.14772727272727273 0.9180107690149543 
58100 0.18181818181818182 0.9180049514090667 
58200 0.1534090909090909 0.9180009598398028 
58300 0.19318181818181818 0.918001952250936 
58400 0.1590909090909091 0.9180003144404439 
58500 0.1590909090909091 0.9179999933956063 
58600 0.17045454545454544 0.9180056848238706 
58700 0.18181818181818182 0.9180043877988759 
58800 0.16477272727272727 0.9179982637895768 
58900 0.17613636363636365 0.9179913406316609 
59000 0.17613636363636365 0.9179931561252429 
59100 0.14204545454545456 0.9179973208421331 
59200 0.17613636363636365 0.918001951364458 
59300 0.1590909090909091 0.9179914277852129 
59400 0.11931818181818182 0.9179973439381951 
59500 0.18181818181818182 0.9180034311875583 
59600 0.1875 0.9180006322346635 
59700 0.16477272727272727 0.9180006502099097 
59800 0.18181818181818182 0.9180032809576003 
59900 0.19318181818181818 0.9180007334070914 
60000 0.14772727272727273 0.9180012719484978 
60100 0.17045454545454544 0.9179976017643028 
60200 0.1590909090909091 0.9179971527202055 
60300 0.1534090909090909 0.9179974118475346 
60400 0.1534090909090909 0.9180051485451024 
60500 0.1590909090909091 0.9180108874984786 
60600 0.17613636363636365 0.9180121540148602 
60700 0.13068181818181818 0.9180155692357921 
60800 0.17613636363636365 0.918021169283998 
60900 0.18181818181818182 0.9180151355926385 
61000 0.16477272727272727 0.9180099133993332 
61100 0.1590909090909091 0.9180080559609946 
61200 0.16477272727272727 0.9180062974312659 
61300 0.17613636363636365 0.9180025518640509 
61400 0.1590909090909091 0.9180050184258177 
61500 0.1590909090909091 0.9180095556465453 
61600 0.14204545454545456 0.9180165223852623 
61700 0.17045454545454544 0.9180132910030926 
61800 0.1534090909090909 0.9180138395083339 
61900 0.17045454545454544 0.918011357211148 
62000 0.1534090909090909 0.9180114488622617 
62100 0.17045454545454544 0.9180150169591764 
62200 0.20454545454545456 0.9180089365707362 
62300 0.17045454545454544 0.9180014165101684 
62400 0.18181818181818182 0.9179973350514488 
62500 0.17045454545454544 0.917996766597189 
62600 0.16477272727272727 0.9179945662355089 
62700 0.1590909090909091 0.9179916932599306 
62800 0.16477272727272727 0.9179831296114277 
62900 0.1590909090909091 0.9179799677993268 
63000 0.1875 0.9179809645878637 
63100 0.13636363636363635 0.9179872257463143 
63200 0.1875 0.9179892417553808 
63300 0.17045454545454544 0.9179936748809081 
63400 0.18181818181818182 0.9179928514176002 
63500 0.17613636363636365 0.9179914042155385 
63600 0.13068181818181818 0.9179856734671125 
63700 0.1534090909090909 0.9179808972600687 
63800 0.1875 0.9179855313610075 
63900 0.1590909090909091 0.9179864609459804 
64000 0.1534090909090909 0.9179885861158419 
64100 0.1590909090909091 0.9179911478476438 
64200 0.1590909090909091 0.9179894093266743 
64300 0.1590909090909091 0.9179869693105296 
64400 0.14772727272727273 0.9179851544513001 
64500 0.14204545454545456 0.9179850629518077 
64600 0.19318181818181818 0.9179829048523032 
64700 0.1534090909090909 0.917978294560573 
64800 0.18181818181818182 0.9179764604502456 
64900 0.16477272727272727 0.9179709988359893 
65000 0.1590909090909091 0.917976524137391 
65100 0.16477272727272727 0.9179743957291537 
65200 0.18181818181818182 0.9179705745589513 
65300 0.1534090909090909 0.917970811041457 
65400 0.16477272727272727 0.9179695264598401 
65500 0.1590909090909091 0.9179673783606357 
65600 0.14772727272727273 0.9179706500455231 
65700 0.1534090909090909 0.9179677716957401 
65800 0.1875 0.9179646862233373 
65900 0.17045454545454544 0.9179597564390664 
66000 0.14204545454545456 0.9179635794085764 
66100 0.1590909090909091 0.9179624053273847 
66200 0.13636363636363635 0.9179645391239627 
66300 0.1590909090909091 0.9179657666619591 
66400 0.14204545454545456 0.9179706271537532 
66500 0.16477272727272727 0.9179685524209479 
66600 0.13636363636363635 0.9179734794454356 
66700 0.1534090909090909 0.9179740047511895 
66800 0.1534090909090909 0.9179825237373964 
66900 0.14772727272727273 0.9179823545238487 
67000 0.1590909090909091 0.9179852810880706 
67100 0.18181818181818182 0.9179810015024841 
67200 0.1534090909090909 0.9179790597677794 
67300 0.17045454545454544 0.9179824847260138 
67400 0.13636363636363635 0.9179782704869499 
67500 0.18181818181818182 0.9179764676886941 
67600 0.1534090909090909 0.9179745861747607 
67700 0.16477272727272727 0.9179715352667007 
67800 0.16477272727272727 0.9179785914259779 
67900 0.18181818181818182 0.917980062216248 
68000 0.1590909090909091 0.9179767242727714 
68100 0.13636363636363635 0.9179778180403171 
68200 0.1534090909090909 0.9179799916290217 
68300 0.14772727272727273 0.9179790393059598 
68400 0.1534090909090909 0.9179701984686561 
68500 0.17613636363636365 0.9179732445843525 
68600 0.17045454545454544 0.9179766545279621 
68700 0.1590909090909091 0.9179696752462251 
68800 0.17613636363636365 0.9179642853367618 
68900 0.1590909090909091 0.9179732184913532 
69000 0.1875 0.9179669744575507 
69100 0.1590909090909091 0.9179670798080807 
69200 0.1534090909090909 0.9179634490305579 
69300 0.21022727272727273 0.9179625343199823 
69400 0.1534090909090909 0.9179617041148215 
69500 0.1534090909090909 0.9179648821272682 
69600 0.17613636363636365 0.9179639284832637 
69700 0.17613636363636365 0.9179619178543154 
69800 0.16477272727272727 0.917963372496617 
69900 0.14772727272727273 0.9179584828413171 
70000 0.16477272727272727 0.9179569350307982 
70100 0.1590909090909091 0.9179553105843387 
70200 0.17613636363636365 0.9179577375872656 
70300 0.14772727272727273 0.9179595919364912 
70400 0.1590909090909091 0.9179611988982594 
70500 0.1875 0.9179679591907787 
70600 0.1534090909090909 0.9179695497488447 
70700 0.18181818181818182 0.9179700508929409 
70800 0.19318181818181818 0.9179697882413063 
70900 0.14204545454545456 0.9179674828281689 
71000 0.17045454545454544 0.9179700654024079 
71100 0.14772727272727273 0.9179668470971512 
71200 0.17045454545454544 0.9179640767302809 
71300 0.1534090909090909 0.9179695219753389 
71400 0.17613636363636365 0.9179680686290362 
71500 0.16477272727272727 0.9179674537291913 
71600 0.1590909090909091 0.9179649360534579 
71700 0.17045454545454544 0.9179597707525317 
71800 0.1875 0.9179580621186587 
71900 0.1590909090909091 0.9179542246219865 
72000 0.1534090909090909 0.9179570659372155 
72100 0.1534090909090909 0.9179593871475745 
72200 0.17045454545454544 0.9179591443583632 
72300 0.17045454545454544 0.9179590594119784 
72400 0.13636363636363635 0.9179537167367101 
72500 0.1534090909090909 0.9179601049389914 
72600 0.19318181818181818 0.9179669059780043 
72700 0.17613636363636365 0.9179689209601969 
72800 0.17045454545454544 0.9179687841450729 
72900 0.17613636363636365 0.9179711417476503 
73000 0.1875 0.9179721697461181 
73100 0.17045454545454544 0.9179741276390946 
73200 0.1534090909090909 0.9179761578021165 
73300 0.17613636363636365 0.9179732215609113 
73400 0.1875 0.917972267222022 
73500 0.19318181818181818 0.9179696534741024 
73600 0.17613636363636365 0.9179703663240741 
73700 0.14772727272727273 0.9179726190960774 
73800 0.1590909090909091 0.9179697845311285 
73900 0.14204545454545456 0.9179693026050822 
74000 0.13636363636363635 0.917969129102678 
74100 0.14772727272727273 0.9179661573699779 
74200 0.14772727272727273 0.9179673286074311 
74300 0.1590909090909091 0.9179764113660528 
74400 0.17045454545454544 0.9179811549453759 
74500 0.1534090909090909 0.9179825301307731 
74600 0.16477272727272727 0.9179818452348312 
74700 0.16477272727272727 0.9179859159728907 
74800 0.19318181818181818 0.9179883806852364 
74900 0.1590909090909091 0.9179912560337221 
75000 0.17613636363636365 0.9179915101131985 
75100 0.17613636363636365 0.9179943358095946 
75200 0.13636363636363635 0.9179984384274387 
75300 0.1590909090909091 0.9180058124303553 
75400 0.17045454545454544 0.9180057444379204 
75500 0.17613636363636365 0.9180007474314007 
75600 0.17045454545454544 0.9180005735854865 
75700 0.17045454545454544 0.9179961220039126 
75800 0.14772727272727273 0.9179981659512767 
75900 0.1590909090909091 0.9180031614148095 
76000 0.17045454545454544 0.9180045552630288 
76100 0.16477272727272727 0.9180045642095254 
76200 0.16477272727272727 0.9180039766240242 
76300 0.1534090909090909 0.9180050660601374 
76400 0.14772727272727273 0.9180099082472742 
76500 0.17613636363636365 0.91801094994599 
76600 0.14772727272727273 0.9180073159500647 
76700 0.17613636363636365 0.9180110251021973 
76800 0.13068181818181818 0.9180114694292569 
76900 0.14772727272727273 0.9180123928522032 
77000 0.1590909090909091 0.9180139410822291 
77100 0.17045454545454544 0.9180117269437609 
77200 0.1590909090909091 0.9180131616288532 
77300 0.16477272727272727 0.9180152173734081 
77400 0.1534090909090909 0.9180182955118034 
77500 0.19318181818181818 0.9180165637158934 
77600 0.1534090909090909 0.9180182410371938 
77700 0.14204545454545456 0.9180246671097014 
77800 0.14772727272727273 0.9180223130457542 
77900 0.14772727272727273 0.9180232106951597 
78000 0.17045454545454544 0.9180277846088221 
78100 0.1875 0.9180283819553003 
78200 0.17613636363636365 0.9180250179897723 
78300 0.14772727272727273 0.9180230776107585 
78400 0.1875 0.9180287516624904 
78500 0.14772727272727273 0.9180277523969006 
78600 0.10795454545454546 0.9180324301911496 
78700 0.18181818181818182 0.9180351829305623 
78800 0.14772727272727273 0.9180362342540647 
78900 0.14204545454545456 0.9180337543250402 
79000 0.1534090909090909 0.9180344811515619 
79100 0.17045454545454544 0.9180268020401995 
79200 0.14772727272727273 0.9180261010248952 
79300 0.16477272727272727 0.9180244703437191 
79400 0.1590909090909091 0.9180238455893045 
79500 0.1590909090909091 0.9180287969505243 
79600 0.1590909090909091 0.918028346777279 
79700 0.1875 0.9180298225412935 
79800 0.13068181818181818 0.9180327542033536 
79900 0.1590909090909091 0.9180282474562271 
80000 0.1590909090909091 0.918032203574728 
80100 0.16477272727272727 0.9180346602187466 
80200 0.1590909090909091 0.9180347728604609 
80300 0.1534090909090909 0.9180274911667577 
80400 0.1534090909090909 0.9180333365935068 
80500 0.16477272727272727 0.918030380198552 
80600 0.17613636363636365 0.9180282418106701 
80700 0.14772727272727273 0.9180299458382288 
80800 0.1590909090909091 0.918038501717463 
80900 0.19318181818181818 0.9180353779759999 
81000 0.18181818181818182 0.9180359094893329 
81100 0.13068181818181818 0.9180361594577356 
81200 0.17045454545454544 0.9180358490323115 
81300 0.13068181818181818 0.9180362032894597 
81400 0.1875 0.9180374291805662 
81500 0.1875 0.9180373623413433 
81600 0.1534090909090909 0.9180367734464039 
81700 0.17613636363636365 0.9180412974805027 
81800 0.1590909090909091 0.9180408788623389 
81900 0.17045454545454544 0.9180406693890961 
82000 0.17613636363636365 0.918040183268275 
82100 0.14772727272727273 0.9180386602532801 
82200 0.16477272727272727 0.918038385122499 
82300 0.1875 0.9180384213270357 
82400 0.1534090909090909 0.9180388366866686 
82500 0.16477272727272727 0.9180460002688673 
82600 0.14772727272727273 0.9180460271227181 
82700 0.17045454545454544 0.9180456416928013 
82800 0.1590909090909091 0.9180385324178123 
82900 0.1534090909090909 0.9180313032192835 
83000 0.14772727272727273 0.9180281645018515 
83100 0.1534090909090909 0.918029033126174 
83200 0.17045454545454544 0.9180295582111666 
83300 0.17045454545454544 0.9180259554343448 
83400 0.16477272727272727 0.9180256994956459 
83500 0.18181818181818182 0.9180245255636569 
83600 0.1590909090909091 0.9180245438016726 
83700 0.1590909090909091 0.9180277864063751 
83800 0.14204545454545456 0.9180283092195689 
83900 0.17613636363636365 0.9180253431804367 
84000 0.17045454545454544 0.9180273219149988 
84100 0.1534090909090909 0.9180287892479929 
84200 0.1590909090909091 0.9180305567521871 
84300 0.18181818181818182 0.918029152301655 
84400 0.14772727272727273 0.9180306459100549 
84500 0.14772727272727273 0.9180341531730125 
84600 0.1875 0.9180310032870878 
84700 0.17045454545454544 0.9180323552582292 
84800 0.18181818181818182 0.9180315264828567 
84900 0.1534090909090909 0.9180308335055481 
85000 0.17045454545454544 0.9180315793076231 
85100 0.16477272727272727 0.9180360288470064 
85200 0.19886363636363635 0.9180346661530862 
85300 0.1590909090909091 0.9180338728310763 
85400 0.17045454545454544 0.918032981570367 
85500 0.14204545454545456 0.9180348502037722 
85600 0.1534090909090909 0.9180360175274078 
85700 0.18181818181818182 0.9180351931822159 
85800 0.14204545454545456 0.9180358276180295 
85900 0.17045454545454544 0.9180391724723281 
86000 0.17045454545454544 0.9180400650732391 
86100 0.1590909090909091 0.9180400647337007 
86200 0.1534090909090909 0.9180386802093626 
86300 0.17613636363636365 0.9180339082766343 
86400 0.1534090909090909 0.9180326984851817 
86500 0.1534090909090909 0.9180341517334009 
86600 0.1875 0.9180342238332331 
86700 0.13636363636363635 0.9180375396739683 
86800 0.16477272727272727 0.9180390477801366 
86900 0.1590909090909091 0.9180413696986435 
87000 0.19886363636363635 0.9180386902553889 
87100 0.14772727272727273 0.9180383327192778 
87200 0.17045454545454544 0.9180353045367494 
87300 0.17045454545454544 0.9180343659501974 
87400 0.1590909090909091 0.9180318042959775 
87500 0.1590909090909091 0.9180298653729672 
87600 0.13636363636363635 0.9180327305313036 
87700 0.17045454545454544 0.9180345525758491 
87800 0.14772727272727273 0.9180373411568102 
87900 0.17045454545454544 0.9180364712988062 
88000 0.14204545454545456 0.9180383797291559 
88100 0.1590909090909091 0.9180344472924155 
88200 0.14204545454545456 0.9180299440018718 
88300 0.17613636363636365 0.9180327863578195 
88400 0.1534090909090909 0.918038000392838 
88500 0.14772727272727273 0.9180369751856938 
88600 0.17613636363636365 0.9180405374554566 
88700 0.17045454545454544 0.9180436433021664 
88800 0.17613636363636365 0.9180439268701929 
88900 0.18181818181818182 0.9180412379040629 
89000 0.18181818181818182 0.9180432472158127 
89100 0.18181818181818182 0.9180426056334435 
89200 0.18181818181818182 0.918038844346425 
89300 0.1534090909090909 0.9180357277379567 
89400 0.19318181818181818 0.9180339845191888 
89500 0.1590909090909091 0.9180290392895559 
89600 0.17613636363636365 0.9180312072917206 
89700 0.18181818181818182 0.9180347956493847 
89800 0.17045454545454544 0.9180334092250441 
89900 0.14772727272727273 0.9180361655396694 
90000 0.16477272727272727 0.9180345597170132 
90100 0.1534090909090909 0.9180312548241317 
90200 0.16477272727272727 0.918030413893819 
90300 0.18181818181818182 0.9180351433236922 
90400 0.1590909090909091 0.9180337342909521 
90500 0.1875 0.9180376334364965 
90600 0.1875 0.9180340611833504 
90700 0.14772727272727273 0.9180318436400922 
90800 0.16477272727272727 0.9180358571341325 
90900 0.18181818181818182 0.918039174236507 
91000 0.1534090909090909 0.918040361194832 
91100 0.13636363636363635 0.918039456207945 
91200 0.14772727272727273 0.9180359054575757 
91300 0.17045454545454544 0.9180349762175263 
91400 0.17045454545454544 0.9180346706471284 
91500 0.16477272727272727 0.9180316956297546 
91600 0.1590909090909091 0.918027486549869 
91700 0.16477272727272727 0.9180273760274251 
91800 0.14772727272727273 0.9180291225288693 
91900 0.17613636363636365 0.9180254864176965 
92000 0.1534090909090909 0.9180288060110019 
92100 0.17613636363636365 0.918032241778048 
92200 0.13636363636363635 0.9180351462861278 
92300 0.16477272727272727 0.9180367210145463 
92400 0.13068181818181818 0.9180329118830867 
92500 0.18181818181818182 0.9180376489787334 
92600 0.13636363636363635 0.9180346140479535 
92700 0.1590909090909091 0.9180340373399914 
92800 0.18181818181818182 0.9180363701018112 
92900 0.19318181818181818 0.918037260583358 
93000 0.1534090909090909 0.9180366217958555 
93100 0.17045454545454544 0.9180437655195579 
93200 0.13636363636363635 0.9180453767565896 
93300 0.17613636363636365 0.9180440614492098 
93400 0.13636363636363635 0.918042140633106 
93500 0.14204545454545456 0.9180360005872568 
93600 0.16477272727272727 0.9180331212467622 
93700 0.16477272727272727 0.9180333708964007 
93800 0.19318181818181818 0.9180305307851923 
93900 0.14772727272727273 0.9180325676655587 
94000 0.1590909090909091 0.9180312757794646 
94100 0.14772727272727273 0.918034575518954 
94200 0.14204545454545456 0.9180298160799296 
94300 0.1534090909090909 0.9180292241188998 
94400 0.18181818181818182 0.9180292653872119 
94500 0.14772727272727273 0.9180320121672594 
94600 0.14772727272727273 0.9180337921663331 
94700 0.16477272727272727 0.9180352384202528 
94800 0.17613636363636365 0.9180341044542107 
94900 0.17613636363636365 0.918032044877389 
95000 0.17045454545454544 0.918031634356002 
95100 0.16477272727272727 0.9180338833546344 
95200 0.17045454545454544 0.9180359187403494 
95300 0.16477272727272727 0.9180337764747294 
95400 0.1590909090909091 0.9180371775214858 
95500 0.17613636363636365 0.9180353656458619 
95600 0.1590909090909091 0.9180347759295024 
95700 0.1590909090909091 0.9180384027525124 
95800 0.1590909090909091 0.9180406875616216 
95900 0.14204545454545456 0.9180412494513756 
96000 0.1534090909090909 0.9180442367551096 
96100 0.16477272727272727 0.9180415419951169 
96200 0.14772727272727273 0.918036490359673 
96300 0.1534090909090909 0.9180381457853265 
96400 0.14772727272727273 0.9180402103524011 
96500 0.20454545454545456 0.9180420645664529 
96600 0.1590909090909091 0.918040591759355 
96700 0.1590909090909091 0.9180398270770914 
96800 0.1875 0.918038858539215 
96900 0.17613636363636365 0.9180362502122598 
97000 0.16477272727272727 0.9180351994965376 
97100 0.18181818181818182 0.9180363452393993 
97200 0.17045454545454544 0.9180383362124034 
97300 0.14772727272727273 0.9180369654240683 
97400 0.1590909090909091 0.9180390391735758 
97500 0.16477272727272727 0.918039651807767 
97600 0.17613636363636365 0.9180387204955985 
97700 0.1590909090909091 0.9180366570640851 
97800 0.17045454545454544 0.9180385483602603 
97900 0.14772727272727273 0.9180396813199977 
98000 0.16477272727272727 0.9180445225048725 
98100 0.17045454545454544 0.9180445466221733 
98200 0.17613636363636365 0.9180427192002303 
98300 0.13068181818181818 0.9180416468989958 
98400 0.14204545454545456 0.9180396240429929 
98500 0.17045454545454544 0.9180395088282445 
98600 0.1534090909090909 0.9180406327706431 
98700 0.16477272727272727 0.9180412363418995 
98800 0.17045454545454544 0.9180433338915414 
98900 0.16477272727272727 0.9180470932364871 
99000 0.1534090909090909 0.9180495823733644 
99100 0.1590909090909091 0.9180444124497413 
99200 0.13068181818181818 0.9180418303609476 
99300 0.1875 0.9180451755498206 
99400 0.17045454545454544 0.9180448557312849 
99500 0.1590909090909091 0.9180440226274564 
99600 0.17045454545454544 0.9180453304138056 
99700 0.11363636363636363 0.9180461226795391 
99800 0.16477272727272727 0.9180454616049575 
99900 0.17613636363636365 0.9180430103074771 
