0 0.9717261904761905 0.9337797619047619 
100 0.7767857142857143 0.9306636020744932 
200 0.6830357142857143 0.9347311063728975 
300 0.6339285714285714 0.9388546116120867 
400 0.6175595238095238 0.941580201282508 
500 0.5967261904761905 0.9436127744510978 
600 0.5922619047619048 0.9453626396482053 
700 0.5907738095238095 0.9464742120100537 
800 0.5863095238095238 0.9471809791332263 
900 0.5982142857142857 0.9477275580043338 
1000 0.6041666666666666 0.948489010989011 
1100 0.5997023809523809 0.9492486538212015 
1200 0.6101190476190477 0.9495218518298244 
1300 0.6026785714285714 0.949930913948977 
1400 0.5907738095238095 0.9501790812684817 
1500 0.5892857142857143 0.950477955172742 
1600 0.5967261904761905 0.9508115277653847 
1700 0.5952380952380952 0.9510481404495955 
1800 0.5744047619047619 0.951248562306655 
1900 0.5848214285714286 0.9513809304626638 
2000 0.5818452380952381 0.9514312784084148 
2100 0.6071428571428571 0.9515880334761225 
2200 0.6220238095238095 0.9515943104865754 
2300 0.5863095238095238 0.9517571940771093 
2400 0.6086309523809523 0.95185320848456 
2500 0.6011904761904762 0.951981112316978 
2600 0.5818452380952381 0.9520657119056773 
2700 0.5922619047619048 0.9522242092875655 
2800 0.6041666666666666 0.9523942342020707 
2900 0.6056547619047619 0.9524158336205906 
3000 0.5982142857142857 0.9524600430808778 
3100 0.6071428571428571 0.9524853253942661 
3200 0.6130952380952381 0.9525201852843606 
3300 0.5922619047619048 0.9525831367839471 
3400 0.6130952380952381 0.9525592525307682 
3500 0.5982142857142857 0.9525558598903715 
3600 0.5907738095238095 0.9526173285198556 
3700 0.5997023809523809 0.9526326539802628 
3800 0.6130952380952381 0.9526857358965686 
3900 0.6041666666666666 0.9526634272652922 
4000 0.6160714285714286 0.952580121338713 
4100 0.6116071428571429 0.9525767161900117 
4200 0.5907738095238095 0.9525899445710205 
4300 0.6086309523809523 0.9526575699449741 
4400 0.6041666666666666 0.9526458745847806 
4500 0.5729166666666666 0.9527080952909935 
4600 0.5758928571428571 0.9528031884890448 
4700 0.6026785714285714 0.9528366241731749 
4800 0.6026785714285714 0.9528637077097033 
4900 0.5967261904761905 0.9529141283120063 
5000 0.5922619047619048 0.9529537544871978 
5100 0.5818452380952381 0.9529889097375864 
5200 0.5997023809523809 0.953030152168539 
5300 0.5967261904761905 0.9530623995023401 
5400 0.5967261904761905 0.9530957946500207 
5500 0.5967261904761905 0.9531030883995117 
5600 0.6160714285714286 0.95307584848794 
5700 0.5729166666666666 0.9530814090677492 
5800 0.6160714285714286 0.9530916518908891 
5900 0.5684523809523809 0.9530951170503789 
6000 0.6026785714285714 0.9531056579855738 
6100 0.6011904761904762 0.9530770716744328 
6200 0.6026785714285714 0.953087803618464 
6300 0.5922619047619048 0.9531033906182692 
6400 0.5907738095238095 0.9531316256388511 
6500 0.5863095238095238 0.9531563596443038 
6600 0.5892857142857143 0.9532082981655016 
6700 0.5863095238095238 0.9532496926542592 
6800 0.6235119047619048 0.953265473039679 
6900 0.6011904761904762 0.953266132927595 
7000 0.5982142857142857 0.9532897298685222 
7100 0.59375 0.9532971546596388 
7200 0.6026785714285714 0.9533049931887767 
7300 0.6026785714285714 0.9532999801070956 
7400 0.5877976190476191 0.9533001291652994 
7500 0.59375 0.9533321152417773 
7600 0.5952380952380952 0.953387829608886 
7700 0.6041666666666666 0.9534008415728322 
7800 0.6220238095238095 0.9533835710928391 
7900 0.6026785714285714 0.9533978143212734 
8000 0.6026785714285714 0.9534289054641979 
8100 0.6086309523809523 0.9534378288100822 
8200 0.5833333333333334 0.9534617765835758 
8300 0.5684523809523809 0.9534723297824129 
8400 0.5803571428571429 0.9535227523934225 
8500 0.5907738095238095 0.9535673499196173 
8600 0.6011904761904762 0.9535919653584024 
8700 0.5803571428571429 0.9536139626808084 
8800 0.6026785714285714 0.9536183827865881 
8900 0.5982142857142857 0.9536151803435676 
9000 0.6011904761904762 0.9536357732738691 
9100 0.5773809523809523 0.9536309785423894 
9200 0.5833333333333334 0.9536489304992729 
9300 0.6220238095238095 0.953661536649925 
9400 0.6130952380952381 0.9536316900177793 
9500 0.6011904761904762 0.9536303509405025 
9600 0.6130952380952381 0.953612222933127 
9700 0.5967261904761905 0.9536217731603517 
9800 0.5922619047619048 0.9536299897726666 
9900 0.6220238095238095 0.9536380404095787 
10000 0.5863095238095238 0.9536167662995605 
10100 0.5922619047619048 0.9536388576567147 
10200 0.5848214285714286 0.9536464387244948 
10300 0.5833333333333334 0.953632853490877 
10400 0.6011904761904762 0.9536430648838711 
10500 0.6101190476190477 0.9536192131361639 
10600 0.6041666666666666 0.9536266934610841 
10700 0.6071428571428571 0.9536263160763792 
10800 0.5982142857142857 0.9536213991429365 
10900 0.5863095238095238 0.9536167089301549 
11000 0.5892857142857143 0.9536389549002039 
11100 0.5982142857142857 0.9536369390788475 
11200 0.5967261904761905 0.9536456539807245 
11300 0.5997023809523809 0.9536558606275888 
11400 0.5922619047619048 0.9536690207834735 
11500 0.5788690476190477 0.9536725714327119 
11600 0.5922619047619048 0.9537022285640401 
11700 0.5892857142857143 0.95372819936025 
11800 0.6145833333333334 0.953749820939307 
11900 0.5818452380952381 0.953781394920795 
12000 0.5997023809523809 0.9537949590510315 
12100 0.6145833333333334 0.9537763260415314 
12200 0.5863095238095238 0.9537625721545072 
12300 0.5952380952380952 0.9537653128278383 
12400 0.6071428571428571 0.9537630893821927 
12500 0.6011904761904762 0.9537587588231037 
12600 0.5907738095238095 0.9537377867780713 
12700 0.5922619047619048 0.9537363012286246 
12800 0.5922619047619048 0.9537117054657188 
12900 0.5997023809523809 0.9536930276722735 
13000 0.6026785714285714 0.9536980442896335 
13100 0.6011904761904762 0.9536985544542219 
13200 0.6205357142857143 0.9537021004902226 
13300 0.6130952380952381 0.9536958038421744 
13400 0.5758928571428571 0.953693099040228 
13500 0.6190476190476191 0.953695339145954 
13600 0.6071428571428571 0.9536937169360796 
13700 0.5714285714285714 0.9536967887293594 
13800 0.5997023809523809 0.9536974438532749 
13900 0.5922619047619048 0.9536922553533319 
14000 0.6011904761904762 0.9536956437635407 
14100 0.5833333333333334 0.953718401852621 
14200 0.5922619047619048 0.95373093695615 
14300 0.6309523809523809 0.9537200924177797 
14400 0.5892857142857143 0.9537086751581405 
14500 0.5907738095238095 0.9537094732382988 
14600 0.5967261904761905 0.9537049097256874 
14700 0.5922619047619048 0.9537029388995242 
14800 0.5997023809523809 0.953694258512134 
14900 0.5997023809523809 0.953693633936361 
15000 0.5967261904761905 0.9537080960475651 
15100 0.5907738095238095 0.9537178829216608 
15200 0.5877976190476191 0.9537207863047857 
15300 0.6086309523809523 0.9537193725277837 
15400 0.5997023809523809 0.9537158030863797 
15500 0.59375 0.9537215436945696 
15600 0.5952380952380952 0.9537125214806133 
15700 0.5922619047619048 0.9537178781454624 
15800 0.6041666666666666 0.9537119599121213 
15900 0.5758928571428571 0.9537052270596937 
16000 0.5907738095238095 0.9537241069010568 
16100 0.5982142857142857 0.9537258851121344 
16200 0.5922619047619048 0.9537357702787306 
16300 0.6101190476190477 0.953747359934097 
16400 0.6026785714285714 0.9537497804286034 
16500 0.6160714285714286 0.9537582588789713 
16600 0.6041666666666666 0.9537415362958629 
16700 0.5967261904761905 0.953727776138298 
16800 0.6145833333333334 0.9537318055756319 
16900 0.5907738095238095 0.9537324415151541 
17000 0.59375 0.9537364398732847 
17100 0.6056547619047619 0.9537252938424654 
17200 0.5967261904761905 0.9537221932694943 
17300 0.6056547619047619 0.953724461289053 
17400 0.5788690476190477 0.9537321336212204 
17500 0.5773809523809523 0.9537421841200912 
17600 0.5892857142857143 0.9537566436295557 
17700 0.6086309523809523 0.95374655991994 
17800 0.5669642857142857 0.9537621281308434 
17900 0.5744047619047619 0.9537733659465686 
18000 0.5803571428571429 0.9537849335751188 
18100 0.5848214285714286 0.9538002783981943 
18200 0.5922619047619048 0.9538009423867344 
18300 0.5982142857142857 0.9537984685978648 
18400 0.5863095238095238 0.9537993373807324 
18500 0.5907738095238095 0.953788332870038 
18600 0.5982142857142857 0.9537856067646133 
18700 0.5952380952380952 0.9537803236903553 
18800 0.5818452380952381 0.9537834866939702 
18900 0.6130952380952381 0.9537821679251035 
19000 0.5818452380952381 0.9537840740211668 
19100 0.5907738095238095 0.9537874403858188 
19200 0.59375 0.9537945304808033 
19300 0.5997023809523809 0.9537938371685651 
19400 0.5952380952380952 0.95380097460612 
19500 0.5892857142857143 0.9538070468303212 
19600 0.5833333333333334 0.9538188649267165 
19700 0.5997023809523809 0.9538265219797883 
19800 0.5907738095238095 0.953828051914165 
19900 0.5848214285714286 0.9538424651429337 
20000 0.6026785714285714 0.9538603798976718 
20100 0.5967261904761905 0.9538563513186977 
20200 0.5922619047619048 0.953856966651816 
20300 0.5863095238095238 0.9538539841457493 
20400 0.6130952380952381 0.9538612427962214 
20500 0.5922619047619048 0.9538649827766822 
20600 0.59375 0.9538591876607931 
20700 0.6086309523809523 0.9538737560987391 
20800 0.5982142857142857 0.9538731611460988 
20900 0.5833333333333334 0.9538719667092711 
21000 0.6101190476190477 0.9538609343432626 
21100 0.6056547619047619 0.9538482082207794 
21200 0.5922619047619048 0.9538378833208676 
21300 0.6116071428571429 0.9538343968872465 
21400 0.5848214285714286 0.9538308735016833 
21500 0.6130952380952381 0.9538200811811632 
21600 0.6175595238095238 0.9538144522079004 
21700 0.6101190476190477 0.953802977863649 
21800 0.5714285714285714 0.9538082637646591 
21900 0.5773809523809523 0.9538266830064294 
22000 0.5773809523809523 0.9538350597159003 
22100 0.5818452380952381 0.9538412396767222 
22200 0.6130952380952381 0.9538460904270721 
22300 0.5997023809523809 0.9538538336952646 
22400 0.5997023809523809 0.953850546903731 
22500 0.5982142857142857 0.9538422300278718 
22600 0.6145833333333334 0.9538433363146595 
22700 0.5907738095238095 0.9538462355339916 
22800 0.6220238095238095 0.9538447692352675 
22900 0.6026785714285714 0.9538417562343919 
23000 0.6011904761904762 0.9538313939766594 
23100 0.5922619047619048 0.9538308161778195 
23200 0.59375 0.9538325523735636 
23300 0.6041666666666666 0.9538320703587215 
23400 0.6056547619047619 0.9538197963151758 
23500 0.6130952380952381 0.9538154151495073 
23600 0.59375 0.9538104721147812 
23700 0.5907738095238095 0.9538047545713362 
23800 0.5892857142857143 0.9538190297126371 
23900 0.6071428571428571 0.9538238774129794 
24000 0.5907738095238095 0.953832714807518 
24100 0.5863095238095238 0.953839873518388 
24200 0.6041666666666666 0.9538474342362869 
24300 0.5848214285714286 0.9538431448049365 
24400 0.5863095238095238 0.9538474589253758 
24500 0.5907738095238095 0.9538431133034414 
24600 0.5833333333333334 0.9538485720189462 
24700 0.5967261904761905 0.9538513357855186 
24800 0.5922619047619048 0.9538529972389747 
24900 0.6145833333333334 0.9538435299022223 
25000 0.6279761904761905 0.9538456259368673 
25100 0.6264880952380952 0.9538410061446992 
25200 0.6101190476190477 0.9538427117404639 
25300 0.6086309523809523 0.953833875849063 
25400 0.6116071428571429 0.9538246701479695 
25500 0.6116071428571429 0.953820555122955 
25600 0.6220238095238095 0.9538243774424734 
25700 0.5907738095238095 0.953837781464868 
25800 0.6011904761904762 0.9538350476910271 
25900 0.6041666666666666 0.953843739486065 
26000 0.5982142857142857 0.9538524502720591 
26100 0.6086309523809523 0.953857074897696 
26200 0.5922619047619048 0.9538589096472145 
26300 0.6026785714285714 0.9538637291538797 
26400 0.6101190476190477 0.9538532653885765 
26500 0.5907738095238095 0.9538503769399538 
26600 0.5982142857142857 0.9538493562719625 
26700 0.5848214285714286 0.9538451665355855 
26800 0.6116071428571429 0.9538496142645708 
26900 0.5982142857142857 0.9538489673777395 
27000 0.5952380952380952 0.95385022666709 
27100 0.5967261904761905 0.9538582854085511 
27200 0.5818452380952381 0.9538628656859605 
27300 0.5997023809523809 0.9538652593834868 
27400 0.5922619047619048 0.9538663322158907 
27500 0.5863095238095238 0.9538705897707616 
27600 0.5982142857142857 0.9538768113129097 
27700 0.5907738095238095 0.9538775890848018 
27800 0.6086309523809523 0.953876541354285 
27900 0.6130952380952381 0.9538775011904336 
28000 0.6160714285714286 0.9538750263596028 
28100 0.5982142857142857 0.9538664263345992 
28200 0.5877976190476191 0.9538608422784738 
28300 0.6175595238095238 0.9538517747564027 
28400 0.5892857142857143 0.9538568655781738 
28500 0.5803571428571429 0.9538564906243892 
28600 0.5758928571428571 0.9538650933783535 
28700 0.5982142857142857 0.9538717955737398 
28800 0.6160714285714286 0.9538701843189968 
28900 0.6041666666666666 0.953861504421498 
29000 0.6041666666666666 0.9538589648386508 
29100 0.6175595238095238 0.9538605846878114 
29200 0.5967261904761905 0.9538629068883812 
29300 0.5729166666666666 0.9538675748105461 
29400 0.6190476190476191 0.953860924110129 
29500 0.6056547619047619 0.953857521577154 
29600 0.5863095238095238 0.9538543179847527 
29700 0.6205357142857143 0.9538545930391954 
29800 0.6086309523809523 0.9538473511195693 
29900 0.5892857142857143 0.9538401825229607 
30000 0.5907738095238095 0.953839931526092 
30100 0.5907738095238095 0.9538365676824532 
30200 0.5892857142857143 0.9538404446163088 
30300 0.5833333333333334 0.9538438294115705 
30400 0.5877976190476191 0.9538495170115018 
30500 0.5982142857142857 0.9538462878266286 
30600 0.5684523809523809 0.9538538510646244 
30700 0.5803571428571429 0.9538621163262869 
30800 0.5967261904761905 0.9538628152147194 
30900 0.5907738095238095 0.953867458442553 
31000 0.5952380952380952 0.9538670555558115 
31100 0.5877976190476191 0.9538623250898379 
31200 0.6041666666666666 0.9538577918748026 
31300 0.6130952380952381 0.953850031035065 
31400 0.5967261904761905 0.95384949921977 
31500 0.5877976190476191 0.9538518760175414 
31600 0.5982142857142857 0.9538455025534153 
31700 0.6130952380952381 0.9538463278911136 
31800 0.5892857142857143 0.9538431237562162 
31900 0.59375 0.9538441846128125 
32000 0.5952380952380952 0.9538493077225265 
32100 0.6041666666666666 0.9538507367371732 
32200 0.6026785714285714 0.9538568243591962 
32300 0.5833333333333334 0.9538661221973078 
32400 0.5892857142857143 0.9538669579201701 
32500 0.6190476190476191 0.9538620423400892 
32600 0.6116071428571429 0.95386386683289 
32700 0.6086309523809523 0.9538658621914868 
32800 0.59375 0.9538678453836338 
32900 0.6011904761904762 0.953867826422992 
33000 0.5848214285714286 0.9538628474101073 
33100 0.5803571428571429 0.9538731161553169 
33200 0.6145833333333334 0.9538771153622739 
33300 0.6116071428571429 0.9538749461978119 
33400 0.6145833333333334 0.9538707851632614 
33500 0.5848214285714286 0.9538723124469632 
33600 0.5907738095238095 0.953873697778269 
33700 0.5758928571428571 0.9538776800815576 
33800 0.6071428571428571 0.9538807142927583 
33900 0.6294642857142857 0.9538769048813001 
34000 0.5997023809523809 0.953873927552551 
34100 0.59375 0.9538715786159043 
34200 0.5863095238095238 0.9538707227649985 
34300 0.5892857142857143 0.9538732558123392 
34400 0.6175595238095238 0.9538756876184386 
34500 0.5982142857142857 0.9538789679664219 
34600 0.5818452380952381 0.9538848312944437 
34700 0.5833333333333334 0.9538878090860563 
34800 0.5818452380952381 0.9538964568615297 
34900 0.5833333333333334 0.9538998746113155 
35000 0.6041666666666666 0.953904250694878 
35100 0.59375 0.9539077751481778 
35200 0.5848214285714286 0.9539202205767964 
35300 0.5922619047619048 0.9539263987867604 
35400 0.5997023809523809 0.9539313651013356 
35500 0.5892857142857143 0.95393565372404 
35600 0.6041666666666666 0.9539345679495359 
35700 0.6086309523809523 0.953931008168372 
35800 0.6205357142857143 0.9539220023782257 
35900 0.5967261904761905 0.9539142280822527 
36000 0.5744047619047619 0.9539192694382828 
36100 0.6026785714285714 0.9539224279501557 
36200 0.6086309523809523 0.9539191975096716 
36300 0.6041666666666666 0.9539135047768591 
36400 0.5833333333333334 0.9539111955323049 
36500 0.6041666666666666 0.9539070032001733 
36600 0.5952380952380952 0.9539005976287404 
36700 0.6041666666666666 0.9538982816090388 
36800 0.5877976190476191 0.9539021851437784 
36900 0.6190476190476191 0.9539055836014252 
37000 0.59375 0.9539031723402585 
37100 0.59375 0.9539032809088703 
37200 0.59375 0.9539071890348569 
37300 0.5848214285714286 0.9539066878393404 
37400 0.5982142857142857 0.9539130526813009 
37500 0.6160714285714286 0.9539146218005615 
37600 0.5922619047619048 0.9539156087224124 
37700 0.6101190476190477 0.9539141432082766 
37800 0.6071428571428571 0.9539137680283086 
37900 0.5952380952380952 0.953914258607324 
38000 0.6041666666666666 0.9539079132942617 
38100 0.5848214285714286 0.9539019723266856 
38200 0.5952380952380952 0.9539058205282585 
38300 0.5952380952380952 0.9539075117397159 
38400 0.5788690476190477 0.9539106860746434 
38500 0.59375 0.9539075438362146 
38600 0.5744047619047619 0.9539136314936326 
38700 0.5863095238095238 0.9539183995799296 
38800 0.5773809523809523 0.9539282247266577 
38900 0.5818452380952381 0.9539309416087969 
39000 0.6071428571428571 0.9539328623747132 
39100 0.5848214285714286 0.9539272378857684 
39200 0.5982142857142857 0.9539313410372184 
39300 0.5863095238095238 0.9539340791340581 
39400 0.5833333333333334 0.9539345372549162 
39500 0.5967261904761905 0.9539383458947995 
39600 0.59375 0.9539351459378731 
39700 0.5773809523809523 0.953940714279717 
39800 0.5922619047619048 0.9539445908573726 
39900 0.5967261904761905 0.9539448117722316 
40000 0.5863095238095238 0.9539491609435955 
40100 0.5967261904761905 0.9539500373164902 
40200 0.6071428571428571 0.9539449496932675 
40300 0.6101190476190477 0.9539441705629425 
40400 0.6264880952380952 0.9539381097356148 
40500 0.5907738095238095 0.9539323544039477 
40600 0.5833333333333334 0.9539334446371834 
40700 0.6026785714285714 0.9539369060196251 
40800 0.5967261904761905 0.9539361926236635 
40900 0.6086309523809523 0.9539341001675358 
41000 0.5982142857142857 0.9539359376832853 
41100 0.5907738095238095 0.953935503394078 
41200 0.5833333333333334 0.9539356310410866 
41300 0.6041666666666666 0.9539410725671349 
41400 0.6056547619047619 0.9539372683084489 
41500 0.5907738095238095 0.9539356337942516 
41600 0.6011904761904762 0.9539378882547466 
41700 0.5788690476190477 0.9539340833153481 
41800 0.5892857142857143 0.9539346575212942 
41900 0.5922619047619048 0.953935477588329 
42000 0.5788690476190477 0.9539357623004441 
42100 0.5952380952380952 0.9539354447807483 
42200 0.6145833333333334 0.9539317436057146 
42300 0.5982142857142857 0.9539301354746764 
42400 0.6101190476190477 0.9539257623640952 
42500 0.6056547619047619 0.9539204469698752 
42600 0.6026785714285714 0.9539195578351056 
42700 0.59375 0.9539171046512795 
42800 0.5952380952380952 0.9539248846544529 
42900 0.5907738095238095 0.9539258818198266 
43000 0.6086309523809523 0.9539317884080215 
43100 0.5967261904761905 0.9539355097274287 
43200 0.6086309523809523 0.9539407122134519 
43300 0.6324404761904762 0.9539445675674487 
43400 0.5982142857142857 0.9539485937343993 
43500 0.6071428571428571 0.9539500015598985 
43600 0.6160714285714286 0.9539490820983791 
43700 0.6086309523809523 0.9539429228763426 
43800 0.5967261904761905 0.9539395266850833 
43900 0.5907738095238095 0.9539471115204015 
44000 0.6041666666666666 0.9539482868895837 
44100 0.6116071428571429 0.9539478203981985 
44200 0.5982142857142857 0.9539448646927833 
44300 0.5892857142857143 0.9539439041739357 
44400 0.6101190476190477 0.9539488801196027 
44500 0.6026785714285714 0.9539486505653698 
44600 0.5877976190476191 0.9539548447290847 
44700 0.6026785714285714 0.9539553019480762 
44800 0.6011904761904762 0.9539560394591532 
44900 0.5803571428571429 0.9539564422682282 
45000 0.6026785714285714 0.9539641843937859 
45100 0.5922619047619048 0.9539644353783729 
45200 0.5892857142857143 0.953961689374761 
45300 0.5863095238095238 0.9539581178435039 
45400 0.6101190476190477 0.9539572169587203 
45500 0.6011904761904762 0.9539548483235847 
45600 0.5877976190476191 0.9539576623998429 
45700 0.5863095238095238 0.9539594710337692 
45800 0.6041666666666666 0.9539583151386797 
45900 0.6205357142857143 0.953957520896422 
46000 0.5982142857142857 0.9539554199649904 
46100 0.5877976190476191 0.9539537961938642 
46200 0.6130952380952381 0.9539554003675451 
46300 0.5848214285714286 0.95395910275516 
46400 0.6041666666666666 0.9539602075232368 
46500 0.6011904761904762 0.9539579313962526 
46600 0.5758928571428571 0.9539557927685999 
46700 0.5818452380952381 0.9539580287105099 
46800 0.5818452380952381 0.9539572026594874 
46900 0.5907738095238095 0.9539552220431893 
47000 0.5982142857142857 0.9539527432800315 
47100 0.5952380952380952 0.9539540662871377 
47200 0.5907738095238095 0.9539563610183803 
47300 0.5877976190476191 0.953960360623605 
47400 0.5877976190476191 0.9539600267123157 
47500 0.5982142857142857 0.9539608063389141 
47600 0.5922619047619048 0.9539577062206577 
47700 0.5982142857142857 0.953963338469494 
47800 0.5758928571428571 0.9539649001166542 
47900 0.5803571428571429 0.9539718607375728 
48000 0.6056547619047619 0.9539721425694504 
48100 0.5818452380952381 0.9539702267104634 
48200 0.5907738095238095 0.9539750799232579 
48300 0.5997023809523809 0.9539753071266394 
48400 0.6056547619047619 0.9539744111937868 
48500 0.5922619047619048 0.9539725064578933 
48600 0.5952380952380952 0.9539757075594173 
48700 0.5848214285714286 0.9539773371721124 
48800 0.59375 0.9539794022565892 
48900 0.6026785714285714 0.9539808654950088 
49000 0.5907738095238095 0.9539859062643037 
49100 0.6101190476190477 0.9539839710858377 
49200 0.5863095238095238 0.9539844029012187 
49300 0.5922619047619048 0.9539883946621386 
49400 0.6101190476190477 0.9539868879172486 
49500 0.59375 0.9539881228950642 
49600 0.59375 0.9539893228919156 
49700 0.5907738095238095 0.9539928384836561 
49800 0.5684523809523809 0.9539917383089458 
49900 0.6011904761904762 0.9539955033585547 
50000 0.5818452380952381 0.9539986878833852 
50100 0.6145833333333334 0.9539970034340157 
50200 0.59375 0.9539961408708421 
50300 0.6205357142857143 0.9539943794310631 
50400 0.5952380952380952 0.9539987957296766 
50500 0.6056547619047619 0.9539964024757642 
50600 0.6116071428571429 0.9539921806551913 
50700 0.5982142857142857 0.9539895163850436 
50800 0.5877976190476191 0.9539911100362666 
50900 0.5833333333333334 0.9539899347098616 
51000 0.6101190476190477 0.9539914921136 
51100 0.6160714285714286 0.9539872775297473 
51200 0.5877976190476191 0.9539860293837267 
51300 0.6101190476190477 0.9539847861036775 
51400 0.6026785714285714 0.9539829107456683 
51500 0.6041666666666666 0.9539827185510036 
51600 0.5997023809523809 0.9539832624829161 
51700 0.5952380952380952 0.9539792422500808 
51800 0.5997023809523809 0.9539775357112981 
51900 0.5952380952380952 0.9539767819181391 
52000 0.6205357142857143 0.9539726828742304 
52100 0.6056547619047619 0.9539662146599873 
52200 0.5997023809523809 0.953963961760448 
52300 0.5952380952380952 0.9539645200492388 
52400 0.6101190476190477 0.9539661837378604 
52500 0.5848214285714286 0.9539693291556351 
52600 0.5848214285714286 0.9539734244822432 
52700 0.5744047619047619 0.9539770807186274 
52800 0.6145833333333334 0.9539763265441401 
52900 0.6086309523809523 0.9539725793958346 
53000 0.6116071428571429 0.9539705871452561 
53100 0.6190476190476191 0.9539700176034709 
53200 0.6071428571428571 0.9539644433599082 
53300 0.5982142857142857 0.953960132415098 
53400 0.5982142857142857 0.953958108729906 
53500 0.5773809523809523 0.953961669385797 
53600 0.5952380952380952 0.953965758123738 
53700 0.5848214285714286 0.9539699563322843 
53800 0.6205357142857143 0.9539668645519954 
53900 0.5818452380952381 0.9539652612682333 
54000 0.6011904761904762 0.9539657306831179 
54100 0.5833333333333334 0.9539663358920397 
54200 0.6041666666666666 0.9539659504832542 
54300 0.5803571428571429 0.9539683206526934 
54400 0.5818452380952381 0.9539729935374087 
54500 0.59375 0.9539735127184211 
54600 0.6116071428571429 0.953976428349036 
54700 0.6071428571428571 0.9539750214586483 
54800 0.5982142857142857 0.9539746244203051 
54900 0.5952380952380952 0.9539771019653558 
55000 0.6145833333333334 0.9539763779186698 
55100 0.59375 0.9539714164508293 
55200 0.6130952380952381 0.9539713118766827 
55300 0.6071428571428571 0.9539676556912344 
55400 0.6071428571428571 0.9539633546239925 
55500 0.6011904761904762 0.9539593103642062 
55600 0.6056547619047619 0.9539557222549098 
55700 0.59375 0.9539534293861528 
55800 0.5997023809523809 0.9539517714309609 
55900 0.5952380952380952 0.9539519961309151 
56000 0.6056547619047619 0.9539588100467594 
56100 0.6071428571428571 0.9539609842707159 
56200 0.6041666666666666 0.9539573917723884 
56300 0.6205357142857143 0.9539549089249028 
56400 0.6116071428571429 0.9539524348816848 
56500 0.5967261904761905 0.9539521556087082 
56600 0.5997023809523809 0.9539511806118183 
56700 0.5729166666666666 0.953952138032335 
56800 0.6160714285714286 0.953950760424238 
56900 0.5863095238095238 0.953949662258007 
57000 0.6220238095238095 0.9539439732051485 
57100 0.5877976190476191 0.9539414313693113 
57200 0.5863095238095238 0.9539422934039614 
57300 0.5952380952380952 0.9539467232766652 
57400 0.5714285714285714 0.9539464194459861 
57500 0.5952380952380952 0.9539519783713907 
57600 0.6086309523809523 0.9539541078362561 
57700 0.6026785714285714 0.9539534446254542 
57800 0.6205357142857143 0.9539510330394679 
57900 0.5997023809523809 0.9539470620418596 
58000 0.6175595238095238 0.9539449776522736 
58100 0.5967261904761905 0.9539409795217032 
58200 0.5982142857142857 0.9539402934289298 
58300 0.6086309523809523 0.9539393544462604 
58400 0.5997023809523809 0.9539372593098129 
58500 0.5892857142857143 0.953936061634274 
58600 0.6071428571428571 0.9539368868441218 
58700 0.59375 0.9539367712767123 
58800 0.6116071428571429 0.9539353654294833 
58900 0.5967261904761905 0.953931867415138 
59000 0.6071428571428571 0.9539300837112527 
59100 0.5952380952380952 0.9539342608416101 
59200 0.6026785714285714 0.9539350555934947 
59300 0.6011904761904762 0.9539319330116492 
59400 0.6041666666666666 0.9539301737344489 
59500 0.5952380952380952 0.9539305086709227 
59600 0.5818452380952381 0.9539306302586805 
59700 0.5877976190476191 0.9539323342274717 
59800 0.5907738095238095 0.9539345550639781 
59900 0.6175595238095238 0.9539355263565836 
60000 0.5818452380952381 0.9539346591247289 
60100 0.5758928571428571 0.953935800331347 
60200 0.5877976190476191 0.9539396197342078 
60300 0.5907738095238095 0.9539398481901509 
60400 0.5907738095238095 0.9539405809467046 
60500 0.6116071428571429 0.9539383720339923 
60600 0.6160714285714286 0.9539410201466109 
60700 0.6026785714285714 0.9539404725622312 
60800 0.5729166666666666 0.9539427658614638 
60900 0.6026785714285714 0.9539451127161099 
61000 0.5907738095238095 0.953946902997687 
61100 0.5892857142857143 0.9539454117148733 
61200 0.5877976190476191 0.9539456881345698 
61300 0.5818452380952381 0.9539484518624337 
61400 0.5818452380952381 0.9539494737366616 
61500 0.6026785714285714 0.9539520650457871 
61600 0.5967261904761905 0.9539502996820552 
61700 0.6026785714285714 0.9539513738875884 
61800 0.6026785714285714 0.9539482910201021 
61900 0.5877976190476191 0.953949581359175 
62000 0.6026785714285714 0.9539513955612083 
62100 0.6101190476190477 0.9539529283517404 
62200 0.6011904761904762 0.9539548389973825 
62300 0.5744047619047619 0.9539586065843169 
62400 0.5907738095238095 0.9539623740194945 
62500 0.6190476190476191 0.9539579747676418 
62600 0.6175595238095238 0.9539515333696936 
62700 0.5982142857142857 0.9539531699388101 
62800 0.5892857142857143 0.9539519104563849 
62900 0.5892857142857143 0.9539485849267292 
63000 0.6026785714285714 0.9539498050295498 
63100 0.6071428571428571 0.9539461985924305 
63200 0.59375 0.9539458646110934 
63300 0.6041666666666666 0.9539478942633118 
63400 0.6130952380952381 0.9539461738623621 
63500 0.59375 0.9539457126097002 
63600 0.59375 0.9539492888514032 
63700 0.5952380952380952 0.9539497469016335 
63800 0.5892857142857143 0.9539521860569434 
63900 0.6116071428571429 0.9539501813072454 
64000 0.6264880952380952 0.9539483572057282 
64100 0.5773809523809523 0.9539473629227981 
64200 0.5907738095238095 0.9539486664278334 
64300 0.5758928571428571 0.9539494220263182 
64400 0.5758928571428571 0.9539494820769568 
64500 0.59375 0.9539519413135714 
64600 0.5922619047619048 0.9539536788461921 
64700 0.5848214285714286 0.9539546405222264 
64800 0.6041666666666666 0.9539549332718998 
64900 0.6056547619047619 0.9539587446741227 
65000 0.5997023809523809 0.9539581717057832 
65100 0.6160714285714286 0.9539532460001712 
65200 0.6011904761904762 0.9539462927277628 
65300 0.6056547619047619 0.9539445792597065 
65400 0.6026785714285714 0.953940368157324 
65500 0.5982142857142857 0.9539379760468942 
65600 0.5967261904761905 0.9539372017957043 
65700 0.5803571428571429 0.9539394989095622 
65800 0.5758928571428571 0.9539412462793662 
65900 0.6026785714285714 0.9539417689846458 
66000 0.6041666666666666 0.9539417264420957 
66100 0.5922619047619048 0.9539415151849154 
66200 0.6071428571428571 0.9539404166675658 
66300 0.59375 0.9539404885798606 
66400 0.6086309523809523 0.9539402353198926 
66500 0.6071428571428571 0.9539382597898636 
66600 0.6116071428571429 0.9539367929195972 
66700 0.5877976190476191 0.9539345942196912 
66800 0.5833333333333334 0.9539347411394611 
66900 0.6056547619047619 0.9539370563362638 
67000 0.5773809523809523 0.953939564512541 
67100 0.5922619047619048 0.9539424754864912 
67200 0.5952380952380952 0.9539460088993857 
67300 0.5892857142857143 0.9539511790845816 
67400 0.5877976190476191 0.9539532208968216 
67500 0.59375 0.9539560723439018 
67600 0.5982142857142857 0.9539566590308258 
67700 0.5967261904761905 0.9539552877287456 
67800 0.5863095238095238 0.9539530645003831 
67900 0.5818452380952381 0.9539564143981328 
68000 0.6011904761904762 0.9539588353392562 
68100 0.5892857142857143 0.9539569116878921 
68200 0.625 0.9539551245932018 
68300 0.6011904761904762 0.9539510441700289 
68400 0.6086309523809523 0.9539480199398366 
68500 0.6190476190476191 0.953946123309983 
68600 0.6190476190476191 0.9539466617174122 
68700 0.5967261904761905 0.9539457148159624 
68800 0.6116071428571429 0.9539465226142201 
68900 0.5788690476190477 0.9539438508564048 
69000 0.6190476190476191 0.9539414995538367 
69100 0.6130952380952381 0.9539419653840031 
69200 0.5848214285714286 0.953940247216356 
69300 0.5982142857142857 0.9539407457186422 
69400 0.5922619047619048 0.9539417681129886 
69500 0.6086309523809523 0.9539409355021271 
69600 0.5982142857142857 0.953941976066299 
69700 0.5833333333333334 0.9539451699640847 
69800 0.5967261904761905 0.9539481734979919 
69900 0.5982142857142857 0.9539514664787819 
70000 0.5922619047619048 0.9539522841000231 
70100 0.5803571428571429 0.9539547445488517 
70200 0.5967261904761905 0.953956837628144 
70300 0.5892857142857143 0.9539577922924621 
70400 0.5803571428571429 0.9539598116842226 
70500 0.5818452380952381 0.953962342479438 
70600 0.5892857142857143 0.9539656670517954 
70700 0.5818452380952381 0.9539662354913819 
70800 0.5788690476190477 0.9539696082278902 
70900 0.6011904761904762 0.9539723942707504 
71000 0.5803571428571429 0.9539739358969458 
71100 0.5758928571428571 0.9539782149269885 
71200 0.5952380952380952 0.953982408787731 
71300 0.59375 0.953986997861514 
71400 0.6026785714285714 0.9539903027568641 
71500 0.5952380952380952 0.9539908303813267 
71600 0.6145833333333334 0.9539889560766975 
71700 0.6026785714285714 0.9539850219595795 
71800 0.6116071428571429 0.9539806324822376 
71900 0.5967261904761905 0.9539814603711055 
72000 0.6041666666666666 0.9539809838950649 
72100 0.6175595238095238 0.9539823249760092 
72200 0.5907738095238095 0.9539824875463405 
72300 0.5967261904761905 0.9539830921787948 
72400 0.5952380952380952 0.9539856682787202 
72500 0.6130952380952381 0.953985076396319 
72600 0.6041666666666666 0.9539829898709253 
72700 0.5863095238095238 0.95398090908555 
72800 0.5967261904761905 0.9539842303317393 
72900 0.6011904761904762 0.9539875934976396 
73000 0.5818452380952381 0.9539871355317376 
73100 0.5967261904761905 0.9539885719920449 
73200 0.5982142857142857 0.9539871788116348 
73300 0.5967261904761905 0.9539881646680581 
73400 0.5848214285714286 0.9539899689150466 
73500 0.5982142857142857 0.9539903206694305 
73600 0.6071428571428571 0.9539889427938674 
73700 0.5967261904761905 0.9539882753416152 
73800 0.5922619047619048 0.9539886077972876 
73900 0.6011904761904762 0.9539865733339519 
74000 0.6175595238095238 0.9539830462394009 
74100 0.5922619047619048 0.9539827116593118 
74200 0.5818452380952381 0.953986489239973 
74300 0.5877976190476191 0.9539911979650341 
74400 0.5773809523809523 0.9539958640308854 
74500 0.5952380952380952 0.9539987598440672 
74600 0.6071428571428571 0.9539976284947029 
74700 0.5863095238095238 0.9539987711326616 
74800 0.5892857142857143 0.9540011441469143 
74900 0.5848214285714286 0.9540021300338669 
75000 0.5982142857142857 0.9540033712248916 
75100 0.59375 0.9540046586469904 
75200 0.6101190476190477 0.9540094154807972 
75300 0.5892857142857143 0.9540106025278865 
75400 0.5997023809523809 0.9540067242066387 
75500 0.6071428571428571 0.9540052902957451 
75600 0.6175595238095238 0.9540033188808916 
75700 0.59375 0.95400552007239 
75800 0.6101190476190477 0.9540039167406386 
75900 0.59375 0.9540062975988145 
76000 0.5907738095238095 0.9540066750374838 
76100 0.5877976190476191 0.9540080683033387 
76200 0.6041666666666666 0.9540085205418501 
76300 0.5922619047619048 0.9540089618434758 
76400 0.6101190476190477 0.9540069575722332 
76500 0.59375 0.9540075262010269 
76600 0.5818452380952381 0.9540085304431559 
76700 0.5967261904761905 0.9540084843992225 
76800 0.6071428571428571 0.9540103663859784 
76900 0.6041666666666666 0.9540069800628018 
77000 0.5803571428571429 0.9540074096904122 
77100 0.6026785714285714 0.9540095945577879 
77200 0.59375 0.9540094799691097 
77300 0.5922619047619048 0.9540081817613398 
77400 0.5863095238095238 0.9540108762591353 
77500 0.5773809523809523 0.9540127573622706 
77600 0.5892857142857143 0.9540140295657702 
77700 0.5967261904761905 0.9540148771603724 
77800 0.6041666666666666 0.9540121936552413 
77900 0.6101190476190477 0.9540135762973885 
78000 0.5922619047619048 0.9540163194641583 
78100 0.5833333333333334 0.9540193509350835 
78200 0.6145833333333334 0.9540189018408607 
78300 0.6101190476190477 0.9540162113267422 
78400 0.6116071428571429 0.9540111645958111 
78500 0.6086309523809523 0.9540076851462614 
78600 0.6056547619047619 0.954006600015994 
78700 0.6056547619047619 0.9540041184355981 
78800 0.6130952380952381 0.9540020963747741 
78900 0.5997023809523809 0.9540014656703608 
79000 0.5788690476190477 0.954000017178806 
79100 0.6026785714285714 0.954000331327459 
79200 0.59375 0.9539987000374575 
79300 0.6101190476190477 0.9539993903577748 
79400 0.5982142857142857 0.9539996104013324 
79500 0.5773809523809523 0.9539996707888071 
79600 0.59375 0.9539996282051972 
79700 0.6130952380952381 0.953996859766353 
79800 0.6116071428571429 0.9539944712173913 
79900 0.6041666666666666 0.953990757014186 
80000 0.6011904761904762 0.9539917767396955 
80100 0.6011904761904762 0.9539910011675735 
80200 0.6071428571428571 0.9539931684292026 
80300 0.5610119047619048 0.9539963124606762 
80400 0.59375 0.953997940235285 
80500 0.5833333333333334 0.9539972717730214 
80600 0.5788690476190477 0.9539976942564224 
80700 0.5982142857142857 0.9540009461734409 
80800 0.5982142857142857 0.9540027259062682 
80900 0.6354166666666666 0.9540011903143231 
81000 0.6264880952380952 0.9539955525240429 
81100 0.5997023809523809 0.9539948736026389 
81200 0.59375 0.953995708254238 
81300 0.5967261904761905 0.9539948752314298 
81400 0.5863095238095238 0.9539933861377624 
81500 0.6041666666666666 0.9539918550517347 
81600 0.5967261904761905 0.9539897350405954 
81700 0.5997023809523809 0.9539881028879404 
81800 0.6116071428571429 0.9539836641157606 
81900 0.6041666666666666 0.9539817253961083 
82000 0.6086309523809523 0.9539827221909605 
82100 0.5982142857142857 0.9539828374864641 
82200 0.5997023809523809 0.9539822645825766 
82300 0.6056547619047619 0.9539802013775219 
82400 0.59375 0.9539788384589646 
82500 0.5818452380952381 0.9539797335068377 
82600 0.5952380952380952 0.9539802030241764 
82700 0.5952380952380952 0.9539831275432266 
82800 0.6011904761904762 0.9539838254627705 
82900 0.5907738095238095 0.9539865859794902 
83000 0.5788690476190477 0.9539883268761535 
83100 0.6011904761904762 0.9539890518336551 
83200 0.5952380952380952 0.9539887913435107 
83300 0.6041666666666666 0.9539893442941576 
83400 0.6071428571428571 0.9539904311984383 
83500 0.5922619047619048 0.9539919164783313 
83600 0.5877976190476191 0.9539930066056398 
83700 0.5877976190476191 0.953993871894345 
83800 0.5952380952380952 0.9539956318710824 
83900 0.5773809523809523 0.9539976625654613 
84000 0.59375 0.9539988115220851 
84100 0.5952380952380952 0.9540004089470654 
84200 0.5729166666666666 0.9540027713588969 
84300 0.5907738095238095 0.9540035482971733 
84400 0.5773809523809523 0.9540053989007127 
84500 0.5863095238095238 0.9540101156171158 
84600 0.5788690476190477 0.9540131237894858 
84700 0.5952380952380952 0.9540119522679499 
84800 0.5744047619047619 0.954010160552352 
84900 0.5818452380952381 0.95401018714514 
85000 0.6205357142857143 0.9540120431356269 
85100 0.6041666666666666 0.9540114292065283 
85200 0.5952380952380952 0.9540149124255751 
85300 0.6190476190476191 0.9540148286515929 
85400 0.6041666666666666 0.954013856409064 
85500 0.5967261904761905 0.9540140438346307 
85600 0.5818452380952381 0.9540156476253894 
85700 0.5818452380952381 0.9540174734028218 
85800 0.5877976190476191 0.9540226162171492 
85900 0.5848214285714286 0.9540257635312189 
86000 0.5744047619047619 0.9540278220740512 
86100 0.5833333333333334 0.9540286400910116 
86200 0.5997023809523809 0.9540315191487669 
86300 0.5863095238095238 0.9540327189554169 
86400 0.5848214285714286 0.9540351732729063 
86500 0.5922619047619048 0.9540360392200256 
86600 0.59375 0.9540359494914004 
86700 0.5952380952380952 0.9540380998104597 
86800 0.5967261904761905 0.9540418309724323 
86900 0.5863095238095238 0.9540459473999149 
87000 0.6101190476190477 0.9540490879688849 
87100 0.5982142857142857 0.9540465748302053 
87200 0.59375 0.954045065764864 
87300 0.5892857142857143 0.9540461851743366 
87400 0.6086309523809523 0.9540473445874271 
87500 0.5907738095238095 0.9540501765013842 
87600 0.6056547619047619 0.9540492477798416 
87700 0.6056547619047619 0.9540479394001589 
87800 0.5729166666666666 0.9540498796385333 
87900 0.6086309523809523 0.9540522725512088 
88000 0.5818452380952381 0.9540525970078262 
88100 0.5952380952380952 0.954053621695554 
88200 0.5848214285714286 0.9540549814924892 
88300 0.6101190476190477 0.9540566752601087 
88400 0.5997023809523809 0.9540575487726114 
88500 0.5788690476190477 0.9540560915103999 
88600 0.5744047619047619 0.9540576271309418 
88700 0.6011904761904762 0.9540586140517018 
88800 0.6011904761904762 0.9540582748960892 
88900 0.5877976190476191 0.9540571163027252 
89000 0.5997023809523809 0.9540585853502984 
89100 0.6026785714285714 0.9540596586217567 
89200 0.5877976190476191 0.9540606627568237 
89300 0.5967261904761905 0.9540609897585534 
89400 0.5818452380952381 0.9540625311264762 
89500 0.6116071428571429 0.9540626308511584 
89600 0.5877976190476191 0.9540611608953131 
89700 0.5654761904761905 0.9540642812152118 
89800 0.59375 0.9540657374825077 
89900 0.5907738095238095 0.954065858025839 
90000 0.5863095238095238 0.9540678053312636 
90100 0.5892857142857143 0.9540681049864147 
90200 0.5744047619047619 0.9540711590675006 
90300 0.5803571428571429 0.9540736131303719 
90400 0.6116071428571429 0.9540738889055694 
90500 0.6145833333333334 0.9540736132355285 
90600 0.6130952380952381 0.9540709648032898 
90700 0.5877976190476191 0.9540712015696787 
90800 0.5892857142857143 0.9540687255122531 
90900 0.5952380952380952 0.9540669997605977 
91000 0.5907738095238095 0.9540661363088109 
91100 0.6056547619047619 0.9540660016407744 
91200 0.6026785714285714 0.9540642763942124 
91300 0.5848214285714286 0.9540633780154706 
91400 0.6026785714285714 0.954062212966827 
91500 0.59375 0.9540600746752183 
91600 0.6086309523809523 0.9540588507949331 
91700 0.6101190476190477 0.954060818324669 
91800 0.5892857142857143 0.9540604311162707 
91900 0.5922619047619048 0.9540604414636661 
92000 0.5729166666666666 0.9540619236928584 
92100 0.6071428571428571 0.954063071480533 
92200 0.6160714285714286 0.9540644185245383 
92300 0.5773809523809523 0.9540670201813838 
92400 0.6086309523809523 0.9540676836366954 
92500 0.6145833333333334 0.9540664071327929 
92600 0.5744047619047619 0.9540662984586714 
92700 0.6011904761904762 0.9540677551508409 
92800 0.5892857142857143 0.9540677815586962 
92900 0.5982142857142857 0.9540683204881182 
93000 0.5982142857142857 0.9540689702645286 
93100 0.6056547619047619 0.9540669573647872 
93200 0.6026785714285714 0.9540657710600898 
93300 0.6279761904761905 0.954063773878808 
93400 0.6071428571428571 0.954061549955364 
93500 0.6041666666666666 0.9540646226218105 
93600 0.6071428571428571 0.9540638095416156 
93700 0.6101190476190477 0.9540645863285496 
93800 0.6116071428571429 0.9540643620029434 
93900 0.5997023809523809 0.9540636785778943 
94000 0.6101190476190477 0.9540667326360763 
94100 0.6071428571428571 0.9540653760574378 
94200 0.5877976190476191 0.9540690458118684 
94300 0.5997023809523809 0.9540714690320408 
94400 0.6011904761904762 0.9540736112561358 
94500 0.5922619047619048 0.9540740797779413 
94600 0.5967261904761905 0.9540737843931983 
94700 0.5997023809523809 0.954074251742703 
94800 0.5758928571428571 0.9540744591050627 
94900 0.6294642857142857 0.9540754500554713 
95000 0.6175595238095238 0.9540754442559752 
95100 0.5863095238095238 0.9540751724607572 
95200 0.5877976190476191 0.9540745104593239 
95300 0.6011904761904762 0.954074068452787 
95400 0.6116071428571429 0.9540738769459839 
95500 0.5848214285714286 0.9540730080238502 
95600 0.6071428571428571 0.954073417305856 
95700 0.6101190476190477 0.9540693241748481 
95800 0.5997023809523809 0.9540684549594621 
95900 0.5892857142857143 0.9540676573832837 
96000 0.5639880952380952 0.9540695586132287 
96100 0.5967261904761905 0.9540706274549445 
96200 0.5967261904761905 0.9540722818815367 
96300 0.6101190476190477 0.9540735774637162 
96400 0.59375 0.9540728173018359 
96500 0.5848214285714286 0.9540726909565704 
96600 0.5877976190476191 0.9540728421548431 
96700 0.6011904761904762 0.9540712925975553 
96800 0.5922619047619048 0.9540729668278712 
96900 0.6130952380952381 0.9540736394066404 
97000 0.5982142857142857 0.9540742185524842 
97100 0.5818452380952381 0.9540730341039104 
97200 0.6145833333333334 0.9540736432997701 
97300 0.5922619047619048 0.9540723548209018 
97400 0.5967261904761905 0.9540689529808288 
97500 0.5982142857142857 0.9540690226742485 
97600 0.5818452380952381 0.9540689092642005 
97700 0.6101190476190477 0.9540682934594908 
97800 0.5952380952380952 0.9540689037652259 
97900 0.5982142857142857 0.9540695736241811 
98000 0.5982142857142857 0.9540679264813139 
98100 0.6086309523809523 0.9540672535132645 
98200 0.6011904761904762 0.9540667637585885 
98300 0.6160714285714286 0.9540663128457251 
98400 0.5967261904761905 0.9540675792832148 
98500 0.6101190476190477 0.9540660105094413 
98600 0.6041666666666666 0.9540649505027718 
98700 0.6116071428571429 0.9540632820336167 
98800 0.5997023809523809 0.9540609768264346 
98900 0.6026785714285714 0.95405891702188 
99000 0.5967261904761905 0.9540613256191255 
99100 0.5892857142857143 0.954059630002292 
99200 0.5922619047619048 0.954058020308455 
99300 0.5848214285714286 0.9540573729416238 
99400 0.5863095238095238 0.9540582763371643 
99500 0.5952380952380952 0.9540592826059178 
99600 0.6235119047619048 0.95406145221816 
99700 0.6026785714285714 0.9540603711645439 
99800 0.5788690476190477 0.9540612530244711 
99900 0.5684523809523809 0.9540604201135314 
