0 0.47690217391304346 0.9748641304347826 
100 0.46059782608695654 0.959945383125269 
200 0.4429347826086957 0.9604862913692408 
300 0.422554347826087 0.9621461071789686 
400 0.41440217391304346 0.9635676433915212 
500 0.40353260869565216 0.9642088106395904 
600 0.39945652173913043 0.9654018664544599 
700 0.39809782608695654 0.9663504775786144 
800 0.4048913043478261 0.966736552135917 
900 0.421195652173913 0.9668589851855426 
1000 0.39266304347826086 0.967227066411849 
1100 0.40353260869565216 0.9674042619357895 
1200 0.41440217391304346 0.9675564746768996 
1300 0.4157608695652174 0.9674518764829729 
1400 0.40896739130434784 0.9675581106662943 
1500 0.3953804347826087 0.9676090034180111 
1600 0.39809782608695654 0.9678194504793199 
1700 0.4157608695652174 0.9676908404263477 
1800 0.39809782608695654 0.9677123065688145 
1900 0.391304347826087 0.9678473000480297 
2000 0.3967391304347826 0.9679273814179866 
2100 0.389945652173913 0.9679523079072078 
2200 0.38722826086956524 0.968035465598641 
2300 0.39809782608695654 0.9681116905693177 
2400 0.40217391304347827 0.968072349836119 
2500 0.4048913043478261 0.9680331671679154 
2600 0.39945652173913043 0.9680327800344349 
2700 0.4076086956521739 0.9680812158942743 
2800 0.41440217391304346 0.9681734881175977 
2900 0.38722826086956524 0.9682488609624867 
3000 0.38722826086956524 0.9684283228054417 
3100 0.389945652173913 0.9685134003056518 
3200 0.38179347826086957 0.9685628132512938 
3300 0.4008152173913043 0.9686263138311184 
3400 0.40353260869565216 0.9686223601114762 
3500 0.40625 0.9686380366479143 
3600 0.40896739130434784 0.9686358635282469 
3700 0.40217391304347827 0.9686661140349847 
3800 0.40217391304347827 0.9686627803896 
3900 0.4008152173913043 0.9687242262296178 
4000 0.4116847826086957 0.9687077211675342 
4100 0.40217391304347827 0.9686935119218006 
4200 0.39945652173913043 0.9686646166026722 
4300 0.41983695652173914 0.9686170051454162 
4400 0.4076086956521739 0.9685920875196349 
4500 0.4048913043478261 0.9685856343517866 
4600 0.39809782608695654 0.968597179960878 
4700 0.38858695652173914 0.9686332348344016 
4800 0.4048913043478261 0.9686331199116126 
4900 0.4048913043478261 0.9686420195967105 
5000 0.3967391304347826 0.9686452655121149 
5100 0.39402173913043476 0.9686646320414583 
5200 0.4008152173913043 0.9687063733562944 
5300 0.40217391304347827 0.9687320583483018 
5400 0.38858695652173914 0.9688013189988971 
5500 0.3953804347826087 0.9688571939489263 
5600 0.4008152173913043 0.9688862091784852 
5700 0.41032608695652173 0.9689181388848638 
5800 0.4157608695652174 0.9689298790313514 
5900 0.3953804347826087 0.9689015034297798 
6000 0.40896739130434784 0.9689491289495229 
6100 0.4157608695652174 0.9689297192904941 
6200 0.39809782608695654 0.9689103878757284 
6300 0.391304347826087 0.9689360901996232 
6400 0.3967391304347826 0.9689713903398246 
6500 0.391304347826087 0.9689926466162396 
6600 0.375 0.9690391936663088 
6700 0.38858695652173914 0.9690513015578467 
6800 0.4116847826086957 0.9690726427699251 
6900 0.39809782608695654 0.9690664908362367 
7000 0.40353260869565216 0.9690739055911267 
7100 0.4116847826086957 0.9690730752863956 
7200 0.3953804347826087 0.9690972683443725 
7300 0.39266304347826086 0.9691390361951608 
7400 0.39402173913043476 0.9691655394688145 
7500 0.4266304347826087 0.9691857208893887 
7600 0.4048913043478261 0.9691848147840959 
7700 0.39402173913043476 0.9691804918051298 
7800 0.3953804347826087 0.9692232183164923 
7900 0.4171195652173913 0.9692011502396505 
8000 0.40896739130434784 0.9692031532743189 
8100 0.39266304347826086 0.9692363026840487 
8200 0.40353260869565216 0.9692223376788621 
8300 0.41032608695652173 0.9691836663209775 
8400 0.41304347826086957 0.9691773721296119 
8500 0.389945652173913 0.9691813750811925 
8600 0.39945652173913043 0.969199423221769 
8700 0.40625 0.9691884803345943 
8800 0.39945652173913043 0.9691663620240782 
8900 0.40625 0.9691742775604109 
9000 0.38722826086956524 0.969174092371379 
9100 0.391304347826087 0.969180330756773 
9200 0.39266304347826086 0.9691887962319785 
9300 0.41304347826086957 0.9691781622359447 
9400 0.39945652173913043 0.9691743304366326 
9500 0.4076086956521739 0.969178587608627 
9600 0.421195652173913 0.9691487214873451 
9700 0.38722826086956524 0.969142230406547 
9800 0.41304347826086957 0.9691417634846489 
9900 0.40217391304347827 0.9691491279976111 
10000 0.3953804347826087 0.9691601492024711 
10100 0.39266304347826086 0.9691668496016322 
10200 0.40217391304347827 0.9691527072154051 
10300 0.38858695652173914 0.9691604049627938 
10400 0.4008152173913043 0.9691759885128102 
10500 0.39266304347826086 0.9691932807641508 
10600 0.3858695652173913 0.9691964688524052 
10700 0.391304347826087 0.9692133734961788 
10800 0.3845108695652174 0.9692221030258873 
10900 0.4048913043478261 0.9692385870063775 
11000 0.41847826086956524 0.9692250062247305 
11100 0.40625 0.9692135060296174 
11200 0.4048913043478261 0.969207305830613 
11300 0.3953804347826087 0.9692151617979171 
11400 0.4116847826086957 0.9692266339146451 
11500 0.41304347826086957 0.9692208947804161 
11600 0.40217391304347827 0.9692195879852936 
11700 0.39809782608695654 0.9692236449504502 
11800 0.39402173913043476 0.9692078301212499 
11900 0.38315217391304346 0.9692185964460421 
12000 0.41032608695652173 0.969217352358318 
12100 0.41440217391304346 0.9691965360390625 
12200 0.40353260869565216 0.9691822413879119 
12300 0.41983695652173914 0.9691856308960388 
12400 0.39945652173913043 0.9691804197943363 
12500 0.40353260869565216 0.9691852369201768 
12600 0.40353260869565216 0.9691869045934932 
12700 0.4116847826086957 0.9691861925456058 
12800 0.40625 0.9691811398905656 
12900 0.39402173913043476 0.969165001954685 
13000 0.4116847826086957 0.9691527177675295 
13100 0.3804347826086957 0.9691671706939066 
13200 0.3953804347826087 0.9691813531912932 
13300 0.3858695652173913 0.9691849542205064 
13400 0.40625 0.9691825196367565 
13500 0.39809782608695654 0.9691742338731753 
13600 0.3953804347826087 0.9691832521905359 
13700 0.40353260869565216 0.9691966014064349 
13800 0.41032608695652173 0.9692007983038406 
13900 0.41304347826086957 0.9691926194706042 
14000 0.41440217391304346 0.9691795112460911 
14100 0.41440217391304346 0.9691593623486463 
14200 0.4171195652173913 0.969146529408523 
14300 0.40353260869565216 0.9691490770636288 
14400 0.38722826086956524 0.9691514949897803 
14500 0.3845108695652174 0.969160110397184 
14600 0.38179347826086957 0.9691552544048502 
14700 0.4076086956521739 0.9691512038518527 
14800 0.40896739130434784 0.9691430312434823 
14900 0.42527173913043476 0.9691414878050204 
15000 0.41304347826086957 0.9691259260252215 
15100 0.4008152173913043 0.9691184880500283 
15200 0.4048913043478261 0.9691276836049115 
15300 0.41847826086956524 0.9691217521304376 
15400 0.38722826086956524 0.9691283368810043 
15500 0.39402173913043476 0.9691399204960128 
15600 0.4048913043478261 0.9691436916669222 
15700 0.4076086956521739 0.9691485830312664 
15800 0.3967391304347826 0.969154573320896 
15900 0.3953804347826087 0.9691594628995168 
16000 0.4048913043478261 0.9691724430266586 
16100 0.40353260869565216 0.9691717601931287 
16200 0.39945652173913043 0.969179556146561 
16300 0.39945652173913043 0.969175295660709 
16400 0.40625 0.9691871171031459 
16500 0.38315217391304346 0.9691918786871941 
16600 0.3967391304347826 0.9691950687884177 
16700 0.38858695652173914 0.9691888649599217 
16800 0.38858695652173914 0.9691903367553174 
16900 0.40625 0.9691939617028064 
17000 0.3953804347826087 0.9692025788764344 
17100 0.4048913043478261 0.9692016405727608 
17200 0.41032608695652173 0.9691933671702606 
17300 0.3804347826086957 0.969200778165625 
17400 0.39402173913043476 0.9692192305914453 
17500 0.4157608695652174 0.9692260597531073 
17600 0.40625 0.9692247831150897 
17700 0.4008152173913043 0.9692271285336372 
17800 0.3953804347826087 0.9692317374084993 
17900 0.40625 0.9692271108245106 
18000 0.391304347826087 0.9692252528845016 
18100 0.4320652173913043 0.9692170727415973 
18200 0.4171195652173913 0.9692032344735 
18300 0.40625 0.96919775113263 
18400 0.39945652173913043 0.9692011879671001 
18500 0.39809782608695654 0.9691986390864888 
18600 0.40625 0.9691981628500571 
18700 0.39945652173913043 0.9692174898226786 
18800 0.39402173913043476 0.9692232779014992 
18900 0.38858695652173914 0.969231089394856 
19000 0.4116847826086957 0.9692323830782361 
19100 0.38858695652173914 0.9692262654698252 
19200 0.39809782608695654 0.9692464641787226 
19300 0.41440217391304346 0.9692408297722803 
19400 0.4157608695652174 0.9692352534495084 
19500 0.39266304347826086 0.969234123723867 
19600 0.40896739130434784 0.9692346691495332 
19700 0.3967391304347826 0.9692274503832293 
19800 0.4076086956521739 0.9692259654760519 
19900 0.39402173913043476 0.9692370235382535 
20000 0.39402173913043476 0.9692415854750741 
20100 0.41440217391304346 0.9692441756088276 
20200 0.41983695652173914 0.9692375928978979 
20300 0.41847826086956524 0.9692295022412689 
20400 0.39945652173913043 0.9692243213781081 
20500 0.4076086956521739 0.969218031251922 
20600 0.39809782608695654 0.9692100874166092 
20700 0.39809782608695654 0.969207110084999 
20800 0.41440217391304346 0.9692099094316118 
20900 0.4171195652173913 0.9691984456225311 
21000 0.389945652173913 0.9691953074698306 
21100 0.4116847826086957 0.9691893337014731 
21200 0.4048913043478261 0.9691920359068379 
21300 0.389945652173913 0.9691913002145235 
21400 0.389945652173913 0.9691931108968902 
21500 0.39945652173913043 0.9691986330767224 
21600 0.4008152173913043 0.9691972480641999 
21700 0.4076086956521739 0.9692015420046762 
21800 0.3845108695652174 0.9692039268741163 
21900 0.3967391304347826 0.9692091437158915 
22000 0.391304347826087 0.9692157644020134 
22100 0.3967391304347826 0.9692316081507231 
22200 0.4116847826086957 0.9692352222187406 
22300 0.4116847826086957 0.9692237857826613 
22400 0.38858695652173914 0.9692143317068531 
22500 0.39402173913043476 0.9692115133047227 
22600 0.39402173913043476 0.9692128378313387 
22700 0.41440217391304346 0.9692093326189423 
22800 0.38858695652173914 0.9692117574934738 
22900 0.3953804347826087 0.9692168013358065 
23000 0.3967391304347826 0.969226172586069 
23100 0.3967391304347826 0.9692260228241578 
23200 0.389945652173913 0.9692336045297898 
23300 0.38722826086956524 0.969241529333505 
23400 0.39266304347826086 0.9692466284885632 
23500 0.39402173913043476 0.9692496318380531 
23600 0.4116847826086957 0.9692510265777242 
23700 0.4008152173913043 0.9692547599349137 
23800 0.3967391304347826 0.9692580623210936 
23900 0.39266304347826086 0.9692637814863122 
24000 0.391304347826087 0.9692585555764887 
24100 0.3858695652173913 0.9692655782368763 
24200 0.421195652173913 0.9692718691556044 
24300 0.40217391304347827 0.9692708678118452 
24400 0.4048913043478261 0.9692693456968086 
24500 0.391304347826087 0.9692694441930498 
24600 0.40896739130434784 0.9692718891331742 
24700 0.39945652173913043 0.9692796498293503 
24800 0.4008152173913043 0.9692829104454063 
24900 0.4116847826086957 0.9692851627226425 
25000 0.39809782608695654 0.9692870165628158 
25100 0.40217391304347827 0.9692886391153652 
25200 0.39402173913043476 0.9692920279647288 
25300 0.391304347826087 0.9692994713218072 
25400 0.4116847826086957 0.9693079258690602 
25500 0.40217391304347827 0.9693130640230647 
25600 0.391304347826087 0.9693122445115085 
25700 0.391304347826087 0.9693176695036397 
25800 0.3858695652173913 0.9693300826307709 
25900 0.391304347826087 0.9693422425355408 
26000 0.41032608695652173 0.9693423685209431 
26100 0.42934782608695654 0.9693366373185769 
26200 0.40625 0.969331312860611 
26300 0.43478260869565216 0.9693172726115555 
26400 0.40217391304347827 0.9693065552111827 
26500 0.389945652173913 0.9693044550820887 
26600 0.40217391304347827 0.9693131734995252 
26700 0.40217391304347827 0.9693156440159382 
26800 0.38722826086956524 0.9693113028715671 
26900 0.38722826086956524 0.9693230805627073 
27000 0.37907608695652173 0.9693371360642037 
27100 0.391304347826087 0.9693465255974831 
27200 0.391304347826087 0.9693471297810342 
27300 0.40217391304347827 0.9693528057978447 
27400 0.40353260869565216 0.9693550933558439 
27500 0.38858695652173914 0.9693558821181206 
27600 0.38722826086956524 0.9693648613471787 
27700 0.38722826086956524 0.9693702442464014 
27800 0.40217391304347827 0.9693743666164651 
27900 0.41032608695652173 0.9693789707552948 
28000 0.4076086956521739 0.969378422820303 
28100 0.4116847826086957 0.9693725602369094 
28200 0.3967391304347826 0.9693674860049675 
28300 0.4048913043478261 0.9693703210671616 
28400 0.3953804347826087 0.9693658406087967 
28500 0.4008152173913043 0.9693673029016526 
28600 0.40217391304347827 0.9693609878721176 
28700 0.4008152173913043 0.9693650842343018 
28800 0.39945652173913043 0.9693666518599143 
28900 0.40896739130434784 0.969367479950295 
29000 0.41032608695652173 0.9693703637280874 
29100 0.4116847826086957 0.9693689556462276 
29200 0.389945652173913 0.969363439384893 
29300 0.4076086956521739 0.9693667943147808 
29400 0.4076086956521739 0.9693629634750667 
29500 0.3953804347826087 0.9693600797246372 
29600 0.3858695652173913 0.9693685298895601 
29700 0.38858695652173914 0.9693785471284088 
29800 0.39266304347826086 0.9693825701428169 
29900 0.40896739130434784 0.9693836808206211 
30000 0.4048913043478261 0.9693776964680887 
30100 0.4157608695652174 0.9693763785111863 
30200 0.4076086956521739 0.9693674662370811 
30300 0.3953804347826087 0.9693648679624578 
30400 0.39402173913043476 0.9693674487609818 
30500 0.4008152173913043 0.9693715717446185 
30600 0.40353260869565216 0.9693710057429211 
30700 0.39266304347826086 0.9693729660059225 
30800 0.39266304347826086 0.9693765015746242 
30900 0.4157608695652174 0.9693759910682502 
31000 0.4116847826086957 0.9693689097336271 
31100 0.40625 0.9693615681307605 
31200 0.39809782608695654 0.969363222402292 
31300 0.3953804347826087 0.9693668845487643 
31400 0.389945652173913 0.9693690954871279 
31500 0.40353260869565216 0.9693705375812776 
31600 0.40217391304347827 0.9693740343247256 
31700 0.3967391304347826 0.9693658940261108 
31800 0.38722826086956524 0.9693695756422754 
31900 0.3953804347826087 0.9693687834169026 
32000 0.39809782608695654 0.9693718385838486 
32100 0.3967391304347826 0.9693774142550077 
32200 0.38722826086956524 0.9693788624576877 
32300 0.41304347826086957 0.9693798389940815 
32400 0.38315217391304346 0.9693804949994834 
32500 0.41304347826086957 0.9693821084769298 
32600 0.4116847826086957 0.9693823784079709 
32700 0.4076086956521739 0.9693828128843288 
32800 0.389945652173913 0.9693858750329722 
32900 0.3953804347826087 0.9693892695874183 
33000 0.38179347826086957 0.9693969459752867 
33100 0.39945652173913043 0.9693996092985501 
33200 0.39945652173913043 0.9693972434696179 
33300 0.40896739130434784 0.9693966462686197 
33400 0.40625 0.9693863101924832 
33500 0.38722826086956524 0.9693877364789889 
33600 0.39945652173913043 0.9693910345577189 
33700 0.41032608695652173 0.9693925794680328 
33800 0.4116847826086957 0.9693902965309747 
33900 0.3858695652173913 0.9693936380291462 
34000 0.389945652173913 0.9693949418687174 
34100 0.39945652173913043 0.9694005012921972 
34200 0.3967391304347826 0.969404180910042 
34300 0.40625 0.9694109287281522 
34400 0.3967391304347826 0.9694112587412146 
34500 0.38722826086956524 0.9694184588852497 
34600 0.41440217391304346 0.9694192560720161 
34700 0.39402173913043476 0.9694136860797146 
34800 0.4048913043478261 0.9694106467767668 
34900 0.4048913043478261 0.9694140872692074 
35000 0.4076086956521739 0.9694102295835025 
35100 0.3804347826086957 0.9694175031245239 
35200 0.4157608695652174 0.9694220141658525 
35300 0.3736413043478261 0.9694307334254603 
35400 0.39809782608695654 0.9694380217397445 
35500 0.4076086956521739 0.9694400639969726 
35600 0.37907608695652173 0.9694409880096186 
35700 0.40896739130434784 0.969440936376158 
35800 0.3967391304347826 0.9694390823428541 
35900 0.39266304347826086 0.969437295406571 
36000 0.38858695652173914 0.9694367827041036 
36100 0.40625 0.9694411843342892 
36200 0.4076086956521739 0.9694398004859343 
36300 0.40625 0.96943692711783 
36400 0.39945652173913043 0.9694358051857151 
36500 0.39809782608695654 0.9694347080127644 
36600 0.3953804347826087 0.9694388138896182 
36700 0.3967391304347826 0.9694428233503886 
36800 0.3763586956521739 0.9694461095397927 
36900 0.4116847826086957 0.9694550297918166 
37000 0.40217391304347827 0.9694571085329069 
37100 0.4048913043478261 0.9694595056619826 
37200 0.4076086956521739 0.9694573975629454 
37300 0.4048913043478261 0.9694549000901014 
37400 0.391304347826087 0.9694542686896305 
37500 0.391304347826087 0.9694559594352846 
37600 0.41440217391304346 0.9694604054818153 
37700 0.39809782608695654 0.9694593140188877 
37800 0.39945652173913043 0.9694617148384619 
37900 0.4008152173913043 0.9694582596765257 
38000 0.38722826086956524 0.9694574148792423 
38100 0.39402173913043476 0.9694600157419125 
38200 0.39945652173913043 0.9694600065955478 
38300 0.41032608695652173 0.9694605473463629 
38400 0.4076086956521739 0.9694583608839443 
38500 0.40353260869565216 0.9694532743644152 
38600 0.3967391304347826 0.9694552010930106 
38700 0.4116847826086957 0.9694482532189371 
38800 0.39945652173913043 0.9694442650794522 
38900 0.39945652173913043 0.9694417993054834 
39000 0.41032608695652173 0.9694432653900736 
39100 0.4008152173913043 0.9694394943474147 
39200 0.3858695652173913 0.9694461058003179 
39300 0.40217391304347827 0.9694453025866141 
39400 0.39809782608695654 0.9694466586866588 
39500 0.391304347826087 0.9694493665818037 
39600 0.389945652173913 0.9694521980395752 
39700 0.39266304347826086 0.9694562986038026 
39800 0.39809782608695654 0.9694605663174292 
39900 0.4048913043478261 0.9694584620032406 
40000 0.3953804347826087 0.9694599346972848 
40100 0.3953804347826087 0.9694607224096113 
40200 0.3953804347826087 0.9694623849395916 
40300 0.40353260869565216 0.9694606341357372 
40400 0.41440217391304346 0.9694536624954397 
40500 0.39809782608695654 0.969449123907837 
40600 0.3953804347826087 0.9694497277589008 
40700 0.40896739130434784 0.9694461224646761 
40800 0.4008152173913043 0.9694393046898894 
40900 0.39809782608695654 0.9694337659704291 
41000 0.3967391304347826 0.969432379963161 
41100 0.4048913043478261 0.9694283726303073 
41200 0.39266304347826086 0.9694325466192779 
41300 0.38858695652173914 0.9694372432028702 
41400 0.4076086956521739 0.9694414084200865 
41500 0.4048913043478261 0.9694466175775754 
41600 0.41440217391304346 0.9694461514825626 
41700 0.40217391304347827 0.9694457202048121 
41800 0.38858695652173914 0.9694450797151722 
41900 0.40896739130434784 0.9694460473860228 
42000 0.4048913043478261 0.9694468648779584 
42100 0.3967391304347826 0.9694419662912066 
42200 0.39266304347826086 0.9694421617610545 
42300 0.3967391304347826 0.9694459858334112 
42400 0.40625 0.9694483819341833 
42500 0.40217391304347827 0.9694502712468146 
42600 0.3967391304347826 0.9694495842616473 
42700 0.39402173913043476 0.9694527346625627 
42800 0.39809782608695654 0.9694553465583392 
42900 0.3967391304347826 0.9694535282445023 
43000 0.40217391304347827 0.9694526346960587 
43100 0.40353260869565216 0.9694507838262605 
43200 0.40625 0.9694465512825287 
43300 0.38858695652173914 0.9694465586194917 
43400 0.41032608695652173 0.9694499156250658 
43500 0.41983695652173914 0.9694447928733273 
43600 0.3953804347826087 0.9694462064840954 
43700 0.40896739130434784 0.9694426235644792 
43800 0.3804347826086957 0.9694448576963202 
43900 0.41032608695652173 0.9694492790349433 
44000 0.40217391304347827 0.9694519665066901 
44100 0.38722826086956524 0.9694541026379171 
44200 0.38858695652173914 0.9694541849584359 
44300 0.3967391304347826 0.9694559997418843 
44400 0.40217391304347827 0.96945392007916 
44500 0.40217391304347827 0.9694521856128294 
44600 0.40625 0.9694546019391259 
44700 0.38858695652173914 0.9694526457437486 
44800 0.41983695652173914 0.9694562481864244 
44900 0.3953804347826087 0.9694572322394291 
45000 0.40625 0.9694557210322863 
45100 0.3845108695652174 0.9694593529450326 
45200 0.39809782608695654 0.9694676880465323 
45300 0.4076086956521739 0.9694699728290862 
45400 0.39945652173913043 0.9694715143460736 
45500 0.39809782608695654 0.969473093878491 
45600 0.3858695652173913 0.9694798359685095 
45700 0.389945652173913 0.9694855674597549 
45800 0.39402173913043476 0.9694903246369218 
45900 0.40353260869565216 0.9694919678267879 
46000 0.3845108695652174 0.969498506885011 
46100 0.3967391304347826 0.9695045018121836 
46200 0.38858695652173914 0.9695082063441126 
46300 0.3953804347826087 0.9695110292011723 
46400 0.40217391304347827 0.9695131956957449 
46500 0.39945652173913043 0.969512109604001 
46600 0.40217391304347827 0.969515182894004 
46700 0.40625 0.9695151736579517 
46800 0.4171195652173913 0.9695120000455212 
46900 0.40625 0.9695081736692367 
47000 0.39402173913043476 0.969509783788134 
47100 0.39945652173913043 0.9695091082022629 
47200 0.4116847826086957 0.9695082195891207 
47300 0.3953804347826087 0.9695057261635245 
47400 0.4116847826086957 0.9695054790396094 
47500 0.4008152173913043 0.9695050327315764 
47600 0.4076086956521739 0.9695041886907747 
47700 0.4008152173913043 0.9695027927588794 
47800 0.422554347826087 0.9695039324036335 
47900 0.38722826086956524 0.9695065422524537 
48000 0.40353260869565216 0.969511603811696 
48100 0.40625 0.9695120683561672 
48200 0.39266304347826086 0.9695152793149701 
48300 0.38858695652173914 0.9695211774353398 
48400 0.39809782608695654 0.9695217877505226 
48500 0.38858695652173914 0.9695244965814241 
48600 0.4116847826086957 0.9695262856910262 
48700 0.38722826086956524 0.969526951504433 
48800 0.4116847826086957 0.9695281714202222 
48900 0.39402173913043476 0.9695279554388058 
49000 0.3845108695652174 0.9695299031164404 
49100 0.4008152173913043 0.9695319397107824 
49200 0.4048913043478261 0.969533291453956 
49300 0.3953804347826087 0.969533245974374 
49400 0.4048913043478261 0.9695329806516855 
49500 0.3845108695652174 0.9695362022769852 
49600 0.4076086956521739 0.9695406846636156 
49700 0.41304347826086957 0.9695423879363813 
49800 0.4048913043478261 0.9695428430152006 
49900 0.3967391304347826 0.9695443853830584 
50000 0.39402173913043476 0.9695426200171648 
50100 0.41440217391304346 0.9695412142472206 
50200 0.41847826086956524 0.9695375541410486 
50300 0.4171195652173913 0.9695359074242624 
50400 0.39809782608695654 0.9695314232033009 
50500 0.41983695652173914 0.969527508280077 
50600 0.41032608695652173 0.9695212862050329 
50700 0.39402173913043476 0.9695214666463143 
50800 0.4048913043478261 0.9695239598587155 
50900 0.389945652173913 0.9695245747713165 
51000 0.391304347826087 0.9695257600447732 
51100 0.39945652173913043 0.9695261962030863 
51200 0.4008152173913043 0.9695253303688871 
51300 0.3967391304347826 0.9695246930308165 
51400 0.39266304347826086 0.9695270715634867 
51500 0.41847826086956524 0.9695268554304137 
51600 0.41440217391304346 0.9695256527300196 
51700 0.4048913043478261 0.9695204470016979 
51800 0.389945652173913 0.9695211629286995 
51900 0.4116847826086957 0.9695214048820371 
52000 0.41304347826086957 0.9695199475678979 
52100 0.40896739130434784 0.9695150665763738 
52200 0.39809782608695654 0.9695125468194429 
52300 0.389945652173913 0.9695165962409896 
52400 0.40353260869565216 0.9695171816750925 
52500 0.39945652173913043 0.9695178942761339 
52600 0.40896739130434784 0.9695204510287868 
52700 0.40353260869565216 0.9695222890952486 
52800 0.4116847826086957 0.9695206849260924 
52900 0.37907608695652173 0.9695212442560879 
53000 0.41032608695652173 0.9695231088748941 
53100 0.42391304347826086 0.9695204247770656 
53200 0.40353260869565216 0.9695183126257025 
53300 0.4157608695652174 0.969515953489738 
53400 0.41847826086956524 0.9695132597052816 
53500 0.41032608695652173 0.9695074650169074 
53600 0.40625 0.9695061405814136 
53700 0.40353260869565216 0.9695060102313696 
53800 0.4008152173913043 0.9695071178166237 
53900 0.4116847826086957 0.9695072634169084 
54000 0.4171195652173913 0.9695027286129162 
54100 0.40896739130434784 0.9695003703821274 
54200 0.40217391304347827 0.9694976949727383 
54300 0.42391304347826086 0.9694928275201914 
54400 0.4048913043478261 0.9694924735638651 
54500 0.39809782608695654 0.9694922330902584 
54600 0.40217391304347827 0.9694958505298915 
54700 0.3967391304347826 0.9694986971663343 
54800 0.39809782608695654 0.9694986078086484 
54900 0.39945652173913043 0.9694965141800695 
55000 0.4008152173913043 0.9694980595214474 
55100 0.391304347826087 0.9694984773021558 
55200 0.40625 0.969499250466477 
55300 0.4048913043478261 0.9695015809722758 
55400 0.41304347826086957 0.9695019533472555 
55500 0.40896739130434784 0.969501381878744 
55600 0.39402173913043476 0.9694983565943058 
55700 0.40217391304347827 0.9694959275963354 
55800 0.4008152173913043 0.9694942012493153 
55900 0.4008152173913043 0.9694932953093318 
56000 0.4116847826086957 0.969493824062148 
56100 0.391304347826087 0.9694949927266273 
56200 0.38179347826086957 0.9694960726174607 
56300 0.38315217391304346 0.9694998153365103 
56400 0.38858695652173914 0.9695037615930338 
56500 0.38858695652173914 0.9695082349446682 
56600 0.39945652173913043 0.969510928136928 
56700 0.38179347826086957 0.9695117547386252 
56800 0.39402173913043476 0.9695177930501836 
56900 0.3967391304347826 0.9695218879396175 
57000 0.3967391304347826 0.9695261114793562 
57100 0.391304347826087 0.9695306890422234 
57200 0.41440217391304346 0.9695281365748395 
57300 0.40353260869565216 0.9695227476301727 
57400 0.40217391304347827 0.9695235672306876 
57500 0.389945652173913 0.9695218792981294 
57600 0.3953804347826087 0.9695251271301902 
57700 0.4008152173913043 0.9695281635537927 
57800 0.39945652173913043 0.9695312247305786 
57900 0.3967391304347826 0.9695322103395376 
58000 0.38858695652173914 0.9695363315512551 
58100 0.3953804347826087 0.9695347092357162 
58200 0.4076086956521739 0.9695331975470315 
58300 0.389945652173913 0.969535093551233 
58400 0.39945652173913043 0.9695382626339781 
58500 0.4048913043478261 0.9695405151008195 
58600 0.38858695652173914 0.9695439075642721 
58700 0.39945652173913043 0.969547543075705 
58800 0.40896739130434784 0.9695451007192276 
58900 0.421195652173913 0.9695396563541033 
59000 0.4116847826086957 0.9695382719194885 
59100 0.38858695652173914 0.9695386278684316 
59200 0.3845108695652174 0.969541449799247 
59300 0.39945652173913043 0.9695448464649398 
59400 0.40896739130434784 0.9695429022202086 
59500 0.3804347826086957 0.969544914937491 
59600 0.4048913043478261 0.9695485850470849 
59700 0.4048913043478261 0.969548351185582 
59800 0.421195652173913 0.9695479022635218 
59900 0.389945652173913 0.9695465135226747 
60000 0.4076086956521739 0.969549816832763 
60100 0.39809782608695654 0.9695499328847165 
60200 0.41032608695652173 0.9695474530792858 
60300 0.4048913043478261 0.9695449364348273 
60400 0.3967391304347826 0.9695452399470783 
60500 0.40625 0.9695435100605595 
60600 0.38858695652173914 0.969546023329361 
60700 0.39945652173913043 0.9695517739124705 
60800 0.40625 0.9695540195098336 
60900 0.41440217391304346 0.9695562577326138 
61000 0.389945652173913 0.9695555374003134 
61100 0.4008152173913043 0.9695554309400757 
61200 0.38179347826086957 0.9695565680583509 
61300 0.40353260869565216 0.9695591975590157 
61400 0.4008152173913043 0.9695573375274301 
61500 0.38858695652173914 0.9695597694417128 
61600 0.38722826086956524 0.9695608149359518 
61700 0.40896739130434784 0.9695591374919581 
61800 0.39809782608695654 0.9695621482837973 
61900 0.40896739130434784 0.9695620873934044 
62000 0.3845108695652174 0.9695643057650543 
62100 0.40896739130434784 0.9695653136580451 
62200 0.3858695652173913 0.969566405684796 
62300 0.40217391304347827 0.9695664910117292 
62400 0.4076086956521739 0.9695678062747044 
62500 0.41304347826086957 0.9695644869682085 
62600 0.40625 0.9695606031088544 
62700 0.3967391304347826 0.9695588552432768 
62800 0.40217391304347827 0.9695600228430314 
62900 0.39402173913043476 0.9695576766423151 
63000 0.3967391304347826 0.96955717102144 
63100 0.3953804347826087 0.9695573883277534 
63200 0.39945652173913043 0.9695573577192986 
63300 0.389945652173913 0.969555771064129 
63400 0.4008152173913043 0.9695546394481502 
63500 0.40217391304347827 0.9695551803189679 
63600 0.40353260869565216 0.9695512012560644 
63700 0.4048913043478261 0.9695494529298905 
63800 0.40896739130434784 0.9695453036547744 
63900 0.40896739130434784 0.9695430597296225 
64000 0.4008152173913043 0.9695409608069983 
64100 0.3953804347826087 0.9695424505857942 
64200 0.40353260869565216 0.9695442214261867 
64300 0.39809782608695654 0.9695450042023824 
64400 0.39266304347826086 0.9695479470343088 
64500 0.39945652173913043 0.9695513441652067 
64600 0.39945652173913043 0.9695501247456797 
64700 0.4076086956521739 0.9695499590759635 
64800 0.3967391304347826 0.9695503600320178 
64900 0.40217391304347827 0.9695474939087828 
65000 0.39945652173913043 0.9695500085951855 
65100 0.38858695652173914 0.9695517433446224 
65200 0.3845108695652174 0.9695535040306797 
65300 0.3858695652173913 0.9695559147339777 
65400 0.3858695652173913 0.9695607071724073 
65500 0.40625 0.9695626016828154 
65600 0.389945652173913 0.9695632063038541 
65700 0.40217391304347827 0.9695638297643541 
65800 0.40896739130434784 0.969563212416489 
65900 0.40625 0.9695626278680207 
66000 0.391304347826087 0.9695642889633425 
66100 0.39402173913043476 0.9695669933297069 
66200 0.391304347826087 0.9695659849811805 
66300 0.40353260869565216 0.9695663014624345 
66400 0.391304347826087 0.9695657166635128 
66500 0.38858695652173914 0.9695678407581971 
66600 0.3654891304347826 0.9695720087275096 
66700 0.3953804347826087 0.9695758382802422 
66800 0.4048913043478261 0.9695757817020443 
66900 0.4008152173913043 0.9695731155802572 
67000 0.39402173913043476 0.9695731240708283 
67100 0.4116847826086957 0.9695694776790083 
67200 0.4116847826086957 0.9695676516847899 
67300 0.3967391304347826 0.9695693136060386 
67400 0.40896739130434784 0.9695694385581946 
67500 0.41440217391304346 0.969565094607294 
67600 0.4048913043478261 0.9695587033861732 
67700 0.38722826086956524 0.9695568064468896 
67800 0.40625 0.9695548449650928 
67900 0.4157608695652174 0.9695540598428787 
68000 0.3858695652173913 0.9695540962313214 
68100 0.391304347826087 0.9695544517318586 
68200 0.3953804347826087 0.9695576052212673 
68300 0.38315217391304346 0.969562161862803 
68400 0.4048913043478261 0.9695645400397782 
68500 0.3845108695652174 0.9695663162327685 
68600 0.39402173913043476 0.9695662948252117 
68700 0.4008152173913043 0.9695664910263315 
68800 0.39945652173913043 0.9695659559738452 
68900 0.39945652173913043 0.9695664281707276 
69000 0.39945652173913043 0.9695670269901571 
69100 0.3845108695652174 0.9695697279596407 
69200 0.37771739130434784 0.969571724114316 
69300 0.40625 0.9695730087024279 
69400 0.3858695652173913 0.9695747105041088 
69500 0.3967391304347826 0.9695763487606998 
69600 0.3953804347826087 0.9695753567071438 
69700 0.39266304347826086 0.9695743577535847 
69800 0.40217391304347827 0.9695734784539651 
69900 0.3858695652173913 0.9695765280306371 
70000 0.3967391304347826 0.9695780937601512 
70100 0.40353260869565216 0.9695779591000067 
70200 0.4076086956521739 0.9695803602450851 
70300 0.39809782608695654 0.9695819814858222 
70400 0.40217391304347827 0.9695809637554555 
70500 0.40353260869565216 0.9695787540478921 
70600 0.41847826086956524 0.9695747608421608 
70700 0.40625 0.9695774089659884 
70800 0.41304347826086957 0.9695771710575201 
70900 0.3967391304347826 0.9695759564929176 
71000 0.40625 0.9695724585630453 
71100 0.39402173913043476 0.9695710247302827 
71200 0.39266304347826086 0.9695727340022704 
71300 0.40353260869565216 0.9695733999401192 
71400 0.41983695652173914 0.9695708956700765 
71500 0.40896739130434784 0.9695663366368241 
71600 0.39945652173913043 0.9695645323601868 
71700 0.39809782608695654 0.9695622120060178 
71800 0.39266304347826086 0.9695636543453736 
71900 0.40625 0.9695651304662268 
72000 0.39809782608695654 0.9695659231484104 
72100 0.389945652173913 0.9695644523111602 
72200 0.41032608695652173 0.9695650743726902 
72300 0.40625 0.9695675457462553 
72400 0.39266304347826086 0.9695702448711073 
72500 0.40217391304347827 0.9695721119738678 
72600 0.3967391304347826 0.9695719714754198 
72700 0.4076086956521739 0.9695736254898712 
72800 0.38858695652173914 0.9695742764821076 
72900 0.391304347826087 0.9695726425891457 
73000 0.38858695652173914 0.9695709573364987 
73100 0.38722826086956524 0.9695730218851464 
73200 0.41440217391304346 0.9695715541721632 
73300 0.41847826086956524 0.969569098796327 
73400 0.40896739130434784 0.9695680476601729 
73500 0.40896739130434784 0.9695661213275418 
73600 0.3953804347826087 0.9695648555696609 
73700 0.41304347826086957 0.9695687366786953 
73800 0.4076086956521739 0.9695678666278235 
73900 0.4008152173913043 0.9695668794268243 
74000 0.40217391304347827 0.9695665007905299 
74100 0.40625 0.9695668566052327 
74200 0.4048913043478261 0.9695654261368797 
74300 0.39266304347826086 0.9695659835902495 
74400 0.391304347826087 0.9695680552739181 
74500 0.3858695652173913 0.9695704223112266 
74600 0.40625 0.9695713168695139 
74700 0.40217391304347827 0.9695724363884308 
74800 0.40625 0.9695698383478947 
74900 0.4076086956521739 0.9695676735319607 
75000 0.39266304347826086 0.9695667463564254 
75100 0.39402173913043476 0.9695671875642251 
75200 0.3845108695652174 0.9695700576801997 
75300 0.40625 0.9695701685352063 
75400 0.4157608695652174 0.9695711710662355 
75500 0.41304347826086957 0.96956877874638 
75600 0.39266304347826086 0.9695663927553293 
75700 0.40217391304347827 0.9695663642804099 
75800 0.40217391304347827 0.9695655830512733 
75900 0.4048913043478261 0.9695663433574513 
76000 0.4076086956521739 0.9695658591877796 
76100 0.41440217391304346 0.969562403624931 
76200 0.39809782608695654 0.9695597238396392 
76300 0.39402173913043476 0.9695616096831599 
76400 0.3953804347826087 0.9695631793745016 
76500 0.3953804347826087 0.9695630133138357 
76600 0.4076086956521739 0.9695650914564062 
76700 0.39809782608695654 0.9695649941925818 
76800 0.4048913043478261 0.9695644018307054 
76900 0.3953804347826087 0.9695632367956994 
77000 0.40353260869565216 0.9695640157553007 
77100 0.3953804347826087 0.9695655856970219 
77200 0.3967391304347826 0.9695659900074509 
77300 0.39809782608695654 0.9695662262932647 
77400 0.38722826086956524 0.9695689897417346 
77500 0.4076086956521739 0.9695717109961555 
77600 0.391304347826087 0.9695734272390035 
77700 0.4116847826086957 0.9695734778747741 
77800 0.389945652173913 0.9695755978323739 
77900 0.40217391304347827 0.9695739014205879 
78000 0.3967391304347826 0.9695725838659817 
78100 0.41032608695652173 0.9695717828864854 
78200 0.40217391304347827 0.9695714791259759 
78300 0.389945652173913 0.9695741607220297 
78400 0.41304347826086957 0.9695732741457934 
78500 0.40625 0.9695711955760187 
78600 0.4008152173913043 0.9695715077609921 
78700 0.39945652173913043 0.9695714048161368 
78800 0.39945652173913043 0.9695737677545474 
78900 0.41847826086956524 0.9695737999683698 
79000 0.4048913043478261 0.9695693433022037 
79100 0.3967391304347826 0.9695707465771608 
79200 0.4076086956521739 0.9695692985733052 
79300 0.39266304347826086 0.9695698159955217 
79400 0.4048913043478261 0.9695706401271915 
79500 0.39945652173913043 0.9695723167004189 
79600 0.38722826086956524 0.9695743560409718 
79700 0.3858695652173913 0.9695759726024932 
79800 0.39402173913043476 0.9695788365270567 
79900 0.38858695652173914 0.9695843800317022 
80000 0.3804347826086957 0.9695874300891891 
80100 0.38858695652173914 0.9695903877197429 
80200 0.4076086956521739 0.969591779390694 
80300 0.389945652173913 0.9695912979317491 
80400 0.39402173913043476 0.9695914006855852 
80500 0.389945652173913 0.9695947353205983 
80600 0.3953804347826087 0.9695990562475489 
80700 0.39809782608695654 0.9695980630728674 
80800 0.40353260869565216 0.9695999225553062 
80900 0.4048913043478261 0.9695993422314875 
81000 0.39402173913043476 0.9696034264606502 
81100 0.39809782608695654 0.9696071320489803 
81200 0.3953804347826087 0.9696078919567814 
81300 0.39402173913043476 0.9696073966013574 
81400 0.39402173913043476 0.9696066604378859 
81500 0.3967391304347826 0.969603525470213 
81600 0.422554347826087 0.9696023046659168 
81700 0.39402173913043476 0.9696021345462751 
81800 0.3845108695652174 0.9696051539180716 
81900 0.4008152173913043 0.9696085060011477 
82000 0.4008152173913043 0.9696108971762274 
82100 0.41304347826086957 0.9696110153029963 
82200 0.38315217391304346 0.9696129843839835 
82300 0.39809782608695654 0.9696121834459194 
82400 0.39809782608695654 0.9696111618527213 
82500 0.3845108695652174 0.969610233314695 
82600 0.4008152173913043 0.9696111904240553 
82700 0.4076086956521739 0.9696087608424903 
82800 0.39945652173913043 0.9696100373971539 
82900 0.38722826086956524 0.969611646854315 
83000 0.3967391304347826 0.9696146192974102 
83100 0.39945652173913043 0.9696146497740047 
83200 0.4008152173913043 0.9696144760488351 
83300 0.4116847826086957 0.9696148573037643 
83400 0.40896739130434784 0.9696102199796374 
83500 0.39809782608695654 0.9696088236771963 
83600 0.389945652173913 0.9696088852822127 
83700 0.38722826086956524 0.9696113410675578 
83800 0.40896739130434784 0.9696106861337651 
83900 0.421195652173913 0.9696068344394506 
84000 0.4048913043478261 0.9696038815272903 
84100 0.41440217391304346 0.9696016787914945 
84200 0.39266304347826086 0.9696023858283207 
84300 0.39809782608695654 0.9696070801934888 
84400 0.40625 0.9696068293673628 
84500 0.4048913043478261 0.9696057751824908 
84600 0.4048913043478261 0.9696039606377352 
84700 0.3953804347826087 0.969604548519267 
84800 0.41847826086956524 0.9696050629145575 
84900 0.4048913043478261 0.9696037277176538 
85000 0.4171195652173913 0.9696015964390189 
85100 0.39402173913043476 0.9695987038163859 
85200 0.39809782608695654 0.9695987362747834 
85300 0.39809782608695654 0.9695988721907027 
85400 0.4116847826086957 0.9695968759020742 
85500 0.40896739130434784 0.9695965687281562 
85600 0.4076086956521739 0.9695954845229866 
85700 0.39266304347826086 0.9695945613870874 
85800 0.3845108695652174 0.9695931970109805 
85900 0.40896739130434784 0.9695920651579194 
86000 0.39945652173913043 0.9695899406250584 
86100 0.41032608695652173 0.9695869846737123 
86200 0.40217391304347827 0.9695890557609793 
86300 0.3967391304347826 0.9695911377922468 
86400 0.3967391304347826 0.9695935609642199 
86500 0.39945652173913043 0.9695932925882234 
86600 0.41440217391304346 0.9695922874422075 
86700 0.4171195652173913 0.9695889417929586 
86800 0.3967391304347826 0.9695867073886646 
86900 0.4048913043478261 0.9695861354349752 
87000 0.3967391304347826 0.9695862441361244 
87100 0.389945652173913 0.9695870467468302 
87200 0.39266304347826086 0.9695872008971775 
87300 0.3967391304347826 0.9695874169477614 
87400 0.39402173913043476 0.9695898399704909 
87500 0.4076086956521739 0.9695917528023282 
87600 0.39945652173913043 0.9695915751656597 
87700 0.41847826086956524 0.9695913049799144 
87800 0.4157608695652174 0.9695875458608721 
87900 0.39809782608695654 0.9695848231928904 
88000 0.40353260869565216 0.9695831797612972 
88100 0.421195652173913 0.9695803140096618 
88200 0.39945652173913043 0.9695797192233352 
88300 0.3763586956521739 0.9695826417348171 
88400 0.38722826086956524 0.9695876709662442 
88500 0.37771739130434784 0.9695922589673514 
88600 0.39402173913043476 0.9695935165860823 
88700 0.40217391304347827 0.9695938599657962 
88800 0.389945652173913 0.9695960003755344 
88900 0.39945652173913043 0.9695963936802198 
89000 0.3953804347826087 0.9695985035341567 
89100 0.37907608695652173 0.9696009517533352 
89200 0.3953804347826087 0.9696042398505963 
89300 0.41032608695652173 0.9696063338304308 
89400 0.4076086956521739 0.969605619137613 
89500 0.4008152173913043 0.9696070313520908 
89600 0.4116847826086957 0.9696061810014737 
89700 0.4116847826086957 0.9696062413632149 
89800 0.3953804347826087 0.9696064453262117 
89900 0.4008152173913043 0.969604570764556 
90000 0.4157608695652174 0.969604172272482 
90100 0.40353260869565216 0.9696060215395959 
90200 0.40896739130434784 0.9696053436576187 
90300 0.40217391304347827 0.9696037268834714 
90400 0.3953804347826087 0.9696035865922029 
90500 0.391304347826087 0.9696060889070166 
90600 0.3858695652173913 0.9696068910963167 
90700 0.389945652173913 0.9696092344507011 
90800 0.4171195652173913 0.9696105401659529 
90900 0.3953804347826087 0.9696120447926387 
91000 0.4116847826086957 0.9696097761467504 
91100 0.3953804347826087 0.9696078182218207 
91200 0.422554347826087 0.9696057975503701 
91300 0.39945652173913043 0.9696049569436593 
91400 0.39266304347826086 0.9696060655196903 
91500 0.39809782608695654 0.9696048775066844 
91600 0.4076086956521739 0.9696069849602933 
91700 0.39809782608695654 0.9696071098034585 
91800 0.41032608695652173 0.9696087810211407 
91900 0.38722826086956524 0.9696095319727325 
92000 0.391304347826087 0.969612119941513 
92100 0.391304347826087 0.9696121206492117 
92200 0.3953804347826087 0.9696148991357728 
92300 0.4279891304347826 0.9696161480538861 
92400 0.3967391304347826 0.9696161076390571 
92500 0.40353260869565216 0.9696172644197031 
92600 0.39402173913043476 0.969617648391439 
92700 0.4008152173913043 0.9696186837602708 
92800 0.40625 0.9696175500357708 
92900 0.40625 0.9696166966307752 
93000 0.41440217391304346 0.969614756655258 
93100 0.40353260869565216 0.9696130397539279 
93200 0.40217391304347827 0.9696111880447261 
93300 0.4048913043478261 0.9696097334923014 
93400 0.3953804347826087 0.9696092276034658 
93500 0.3845108695652174 0.9696102413226922 
93600 0.39266304347826086 0.9696120875357612 
93700 0.3858695652173913 0.9696128857842453 
93800 0.39809782608695654 0.9696137692399682 
93900 0.40896739130434784 0.9696133702678538 
94000 0.40353260869565216 0.9696140706528099 
94100 0.391304347826087 0.9696159751802296 
94200 0.391304347826087 0.9696179261458961 
94300 0.39945652173913043 0.9696187923683782 
94400 0.39266304347826086 0.9696186780445859 
94500 0.40625 0.9696171046384142 
94600 0.3953804347826087 0.9696170569710864 
94700 0.38722826086956524 0.969618214570527 
94800 0.391304347826087 0.9696184811387515 
94900 0.39402173913043476 0.9696189046319665 
95000 0.39266304347826086 0.9696190697992653 
95100 0.4076086956521739 0.9696183059726433 
95200 0.3967391304347826 0.9696184000624765 
95300 0.38722826086956524 0.9696185367255146 
95400 0.4076086956521739 0.9696198907882198 
95500 0.421195652173913 0.9696178915495081 
95600 0.39402173913043476 0.9696182983464335 
95700 0.39266304347826086 0.9696189598445885 
95800 0.42527173913043476 0.969620173078433 
95900 0.3967391304347826 0.9696185785794499 
96000 0.39402173913043476 0.9696191811068091 
96100 0.39945652173913043 0.9696186866693239 
96200 0.4171195652173913 0.9696164984387309 
96300 0.40896739130434784 0.9696163675893023 
96400 0.41032608695652173 0.9696149826269166 
96500 0.4076086956521739 0.9696152267288962 
96600 0.39266304347826086 0.9696166095926633 
96700 0.4157608695652174 0.9696151935504467 
96800 0.4076086956521739 0.9696142787107391 
96900 0.40625 0.969613786403694 
97000 0.4008152173913043 0.9696160965171583 
97100 0.42391304347826086 0.9696134834728339 
97200 0.41032608695652173 0.9696119101923715 
97300 0.40353260869565216 0.9696118971139758 
97400 0.40353260869565216 0.969610544910038 
97500 0.39402173913043476 0.969612073098024 
97600 0.389945652173913 0.9696117745140708 
97700 0.4048913043478261 0.9696123665682742 
97800 0.38315217391304346 0.9696140132380615 
97900 0.37907608695652173 0.9696156079699857 
98000 0.39266304347826086 0.9696167973884916 
98100 0.40625 0.9696182890813948 
98200 0.39402173913043476 0.9696198123259172 
98300 0.3967391304347826 0.9696186994205463 
98400 0.4008152173913043 0.9696189833591299 
98500 0.40625 0.9696162734829883 
98600 0.3967391304347826 0.9696180406275093 
98700 0.4008152173913043 0.9696169684417981 
98800 0.4279891304347826 0.9696157884117526 
98900 0.39266304347826086 0.969614102464344 
99000 0.389945652173913 0.9696151784588913 
99100 0.4157608695652174 0.9696155804815728 
99200 0.40353260869565216 0.9696157351587006 
99300 0.4076086956521739 0.9696151438227121 
99400 0.39945652173913043 0.9696142666310329 
99500 0.41032608695652173 0.9696127972058834 
99600 0.4048913043478261 0.9696130768287206 
99700 0.391304347826087 0.9696126608777637 
99800 0.40896739130434784 0.9696138726391607 
99900 0.39402173913043476 0.9696172852428252 
