0 0.0 1.0 
100 0.06818181818181818 0.9916741674167416 
200 0.06818181818181818 0.9879720714608774 
300 0.06818181818181818 0.9862012987012987 
400 0.11931818181818182 0.9844989798231694 
500 0.13636363636363635 0.9837654236980584 
600 0.11931818181818182 0.983233436696415 
700 0.05113636363636364 0.9835381273505381 
800 0.11931818181818182 0.9841178640335944 
900 0.05113636363636364 0.9842346887296943 
1000 0.05113636363636364 0.984861729179911 
1100 0.08522727272727272 0.9854858186772356 
1200 0.11931818181818182 0.9851023768072061 
1300 0.13636363636363635 0.9843826427223814 
1400 0.05113636363636364 0.984300986308481 
1500 0.10227272727272728 0.9844402973775059 
1600 0.11931818181818182 0.9844166997899041 
1700 0.10227272727272728 0.9845495296884186 
1800 0.10227272727272728 0.9846108222704558 
1900 0.06818181818181818 0.9845774950982736 
2000 0.10227272727272728 0.9845957702966699 
2100 0.10227272727272728 0.9844527497728355 
2200 0.05113636363636364 0.9845047189294123 
2300 0.08522727272727272 0.9847904567184228 
2400 0.06818181818181818 0.9849044905531786 
2500 0.10227272727272728 0.9847765439278834 
2600 0.11931818181818182 0.9847141396665618 
2700 0.11931818181818182 0.9844007690754266 
2800 0.11931818181818182 0.9842172844114115 
2900 0.10227272727272728 0.983964189464448 
3000 0.11931818181818182 0.9837715079821877 
3100 0.11931818181818182 0.9835344536952889 
3200 0.06818181818181818 0.9833920862798557 
3300 0.06818181818181818 0.9835414888050453 
3400 0.08522727272727272 0.983698811846783 
3500 0.10227272727272728 0.983614259562203 
3600 0.10227272727272728 0.9837190111332711 
3700 0.17045454545454544 0.983486496278647 
3800 0.05113636363636364 0.98351958814666 
3900 0.06818181818181818 0.983584482999697 
4000 0.08522727272727272 0.9837810433755197 
4100 0.08522727272727272 0.9838073030968056 
4200 0.10227272727272728 0.9837924141438186 
4300 0.08522727272727272 0.9838152068229375 
4400 0.05113636363636364 0.9839647755675363 
4500 0.10227272727272728 0.9839978742097716 
4600 0.11931818181818182 0.9839560569836597 
4700 0.10227272727272728 0.9839305225193866 
4800 0.08522727272727272 0.9839439226676261 
4900 0.08522727272727272 0.9838709864406151 
5000 0.10227272727272728 0.983823689807493 
5100 0.11931818181818182 0.9839007725757872 
5200 0.11931818181818182 0.983954134694377 
5300 0.08522727272727272 0.9839240237691002 
5400 0.08522727272727272 0.9839570954873677 
5500 0.05113636363636364 0.9839574622795856 
5600 0.03409090909090909 0.9840612877570564 
5700 0.10227272727272728 0.9842172824544339 
5800 0.08522727272727272 0.9842665253639654 
5900 0.10227272727272728 0.9842500693256921 
6000 0.06818181818181818 0.9842753480480526 
6100 0.10227272727272728 0.9843328589947996 
6200 0.08522727272727272 0.9843605686766064 
6300 0.05113636363636364 0.9844536761841555 
6400 0.08522727272727272 0.9845114754796835 
6500 0.08522727272727272 0.98453209995665 
6600 0.06818181818181818 0.9845762005756703 
6700 0.03409090909090909 0.9846244963438293 
6800 0.08522727272727272 0.9846855743139378 
6900 0.08522727272727272 0.9846621372396622 
7000 0.11931818181818182 0.9846320655490775 
7100 0.17045454545454544 0.9845040231209433 
7200 0.06818181818181818 0.9844761933317342 
7300 0.08522727272727272 0.9844148840133979 
7400 0.05113636363636364 0.9844807519868323 
7500 0.05113636363636364 0.9845816012410467 
7600 0.06818181818181818 0.9846861507457153 
7700 0.13636363636363635 0.9846363665875743 
7800 0.05113636363636364 0.9846064315763713 
7900 0.06818181818181818 0.9846186040892407 
8000 0.1534090909090909 0.9846237260115213 
8100 0.08522727272727272 0.9845421019851646 
8200 0.13636363636363635 0.9844853316114442 
8300 0.10227272727272728 0.9844617570719848 
8400 0.10227272727272728 0.9844424635595329 
8500 0.08522727272727272 0.9843958865801884 
8600 0.13636363636363635 0.9844078648360127 
8700 0.11931818181818182 0.9843545935158968 
8800 0.10227272727272728 0.9843060835029077 
8900 0.05113636363636364 0.9842944102296984 
9000 0.10227272727272728 0.9842905712496591 
9100 0.08522727272727272 0.9842805735633446 
9200 0.05113636363636364 0.9843464396162472 
9300 0.05113636363636364 0.9844005043445964 
9400 0.08522727272727272 0.9844253150051735 
9500 0.10227272727272728 0.9844295696146818 
9600 0.05113636363636364 0.9844597745499996 
9700 0.06818181818181818 0.9844996064135844 
9800 0.08522727272727272 0.9845136975818795 
9900 0.13636363636363635 0.9844506064584845 
10000 0.11931818181818182 0.9844237167192371 
10100 0.05113636363636364 0.9844299844299844 
10200 0.10227272727272728 0.984474282824322 
10300 0.10227272727272728 0.9844780074308761 
10400 0.10227272727272728 0.9844813872791952 
10500 0.1534090909090909 0.9844213970963804 
10600 0.10227272727272728 0.9843960368232842 
10700 0.06818181818181818 0.9843650444733287 
10800 0.08522727272727272 0.9843509334152561 
10900 0.10227272727272728 0.9843464632102142 
11000 0.08522727272727272 0.9843423325152258 
11100 0.13636363636363635 0.984289908362064 
11200 0.11931818181818182 0.9842582034071633 
11300 0.05113636363636364 0.9842851296345456 
11400 0.08522727272727272 0.9843417343773672 
11500 0.10227272727272728 0.9843454818158105 
11600 0.06818181818181818 0.9843219824309817 
11700 0.08522727272727272 0.9843413733091966 
11800 0.11931818181818182 0.9843293807920747 
11900 0.13636363636363635 0.984282737890628 
12000 0.10227272727272728 0.9842622016347122 
12100 0.11931818181818182 0.9842253363734027 
12200 0.10227272727272728 0.9841706808681852 
12300 0.11931818181818182 0.9841284614702426 
12400 0.08522727272727272 0.9841146425141667 
12500 0.03409090909090909 0.9841385416439412 
12600 0.13636363636363635 0.9841293710455881 
12700 0.10227272727272728 0.9840890302123669 
12800 0.1534090909090909 0.9840433275809418 
12900 0.17045454545454544 0.9839597969854346 
13000 0.11931818181818182 0.9839168840159148 
13100 0.08522727272727272 0.9838917570483863 
13200 0.10227272727272728 0.9839042410698914 
13300 0.11931818181818182 0.9839099162058902 
13400 0.06818181818181818 0.983928862160897 
13500 0.11931818181818182 0.9839450023903953 
13600 0.13636363636363635 0.9839147439025205 
13700 0.10227272727272728 0.9838990269456112 
13800 0.10227272727272728 0.9838736570472495 
13900 0.11931818181818182 0.9838323027774326 
14000 0.11931818181818182 0.9838071631247118 
14100 0.10227272727272728 0.9837976916530743 
14200 0.08522727272727272 0.9838147601641369 
14300 0.1534090909090909 0.9837658364640743 
14400 0.06818181818181818 0.983743237527697 
14500 0.11931818181818182 0.9837693403589721 
14600 0.11931818181818182 0.9837701807472714 
14700 0.08522727272727272 0.9837555500244263 
14800 0.11931818181818182 0.9837177002782367 
14900 0.08522727272727272 0.9836952294232846 
15000 0.10227272727272728 0.9837026016447389 
15100 0.06818181818181818 0.98371533191661 
15200 0.05113636363636364 0.9837305111505822 
15300 0.1534090909090909 0.9837445636351754 
15400 0.08522727272727272 0.9837414630691041 
15500 0.10227272727272728 0.9837330876013864 
15600 0.08522727272727272 0.9837561403406542 
15700 0.10227272727272728 0.9837689478377173 
15800 0.1534090909090909 0.9837562424127356 
15900 0.13636363636363635 0.9836934926905684 
16000 0.11931818181818182 0.9836318823823511 
16100 0.11931818181818182 0.9836331453156495 
16200 0.08522727272727272 0.9836414068155165 
16300 0.08522727272727272 0.9836370189224308 
16400 0.08522727272727272 0.9836501793127913 
16500 0.10227272727272728 0.9836497512547449 
16600 0.10227272727272728 0.9836406007852758 
16700 0.05113636363636364 0.9836415960394315 
16800 0.06818181818181818 0.9836720013960208 
16900 0.08522727272727272 0.9836973403940595 
17000 0.13636363636363635 0.983666903283764 
17100 0.06818181818181818 0.9836565910552811 
17200 0.10227272727272728 0.983688184090777 
17300 0.13636363636363635 0.9836548793816438 
17400 0.10227272727272728 0.9836426916425911 
17500 0.06818181818181818 0.9836450904104181 
17600 0.08522727272727272 0.9836503672312007 
17700 0.06818181818181818 0.9836573498672392 
17800 0.08522727272727272 0.983669201423822 
17900 0.10227272727272728 0.9836777465453936 
18000 0.10227272727272728 0.9836667849260899 
18100 0.08522727272727272 0.983648253988981 
18200 0.10227272727272728 0.9836481886609627 
18300 0.10227272727272728 0.9836475031170676 
18400 0.08522727272727272 0.9836546988552993 
18500 0.10227272727272728 0.9836432367292186 
18600 0.06818181818181818 0.98365526535719 
18700 0.11931818181818182 0.9836547085474282 
18800 0.1534090909090909 0.9836206125399519 
18900 0.11931818181818182 0.9835787608640235 
19000 0.08522727272727272 0.9835723359057658 
19100 0.06818181818181818 0.9835823386210146 
19200 0.10227272727272728 0.9835793649478484 
19300 0.11931818181818182 0.9835531661100932 
19400 0.08522727272727272 0.9835497877335283 
19500 0.08522727272727272 0.9835350809515596 
19600 0.06818181818181818 0.9835318293129757 
19700 0.10227272727272728 0.9835350997411298 
19800 0.08522727272727272 0.9835270027684552 
19900 0.11931818181818182 0.9835141335976721 
20000 0.13636363636363635 0.9834950013862943 
20100 0.08522727272727272 0.983482278131798 
20200 0.08522727272727272 0.9834979478963688 
20300 0.08522727272727272 0.9834734406276449 
20400 0.08522727272727272 0.9834803663813271 
20500 0.10227272727272728 0.9834700413727047 
20600 0.08522727272727272 0.98346974551103 
20700 0.11931818181818182 0.9834863324564909 
20800 0.11931818181818182 0.9834677965657246 
20900 0.08522727272727272 0.9834853214939694 
21000 0.11931818181818182 0.983475895087247 
21100 0.10227272727272728 0.9834606341362537 
21200 0.08522727272727272 0.9834546290698123 
21300 0.08522727272727272 0.9834572160504629 
21400 0.08522727272727272 0.9834649559706216 
21500 0.10227272727272728 0.9834738130573208 
21600 0.10227272727272728 0.9834808784105113 
21700 0.06818181818181818 0.9835046353121557 
21800 0.20454545454545456 0.9834837382355271 
21900 0.08522727272727272 0.9834776898937782 
22000 0.10227272727272728 0.9834815101379689 
22100 0.17045454545454544 0.9834581734269531 
22200 0.08522727272727272 0.9834190515578741 
22300 0.10227272727272728 0.9834160769390692 
22400 0.08522727272727272 0.9834207381163991 
22500 0.13636363636363635 0.9834126059043841 
22600 0.05113636363636364 0.9834254115867761 
22700 0.08522727272727272 0.9834590036081711 
22800 0.10227272727272728 0.9834732378165232 
22900 0.06818181818181818 0.9834697323657958 
23000 0.08522727272727272 0.9834987411614515 
23100 0.08522727272727272 0.9835043789918579 
23200 0.1534090909090909 0.9834906214857511 
23300 0.13636363636363635 0.9834733243988748 
23400 0.08522727272727272 0.9834528973120806 
23500 0.10227272727272728 0.9834533153328098 
23600 0.13636363636363635 0.9834508408734607 
23700 0.11931818181818182 0.983426332222269 
23800 0.13636363636363635 0.9834201723762561 
23900 0.11931818181818182 0.9833996818314943 
24000 0.1534090909090909 0.9833872925749306 
24100 0.17045454545454544 0.9833534349762929 
24200 0.10227272727272728 0.9833400479319037 
24300 0.13636363636363635 0.9833298105951495 
24400 0.11931818181818182 0.9833049875005123 
24500 0.10227272727272728 0.9833026295772714 
24600 0.10227272727272728 0.9832920917848867 
24700 0.13636363636363635 0.9832880799820397 
24800 0.1875 0.9832561507783777 
24900 0.11931818181818182 0.9832257329935636 
25000 0.08522727272727272 0.9832308980368059 
25100 0.06818181818181818 0.9832413413446042 
25200 0.10227272727272728 0.9832455016215085 
25300 0.06818181818181818 0.9832636645694924 
25400 0.03409090909090909 0.9832933161185494 
25500 0.11931818181818182 0.9833059131370963 
25600 0.08522727272727272 0.9833014335377525 
25700 0.06818181818181818 0.9833067160457145 
25800 0.11931818181818182 0.9833112969546635 
25900 0.08522727272727272 0.9833159521745387 
26000 0.11931818181818182 0.9832869190345825 
26100 0.13636363636363635 0.9832765028159841 
26200 0.08522727272727272 0.9832952246791413 
26300 0.13636363636363635 0.9832922011261238 
26400 0.10227272727272728 0.9832883396290085 
26500 0.13636363636363635 0.9832618880591127 
26600 0.11931818181818182 0.9832532568837125 
26700 0.06818181818181818 0.9832553300693538 
26800 0.08522727272727272 0.9832881278174831 
26900 0.05113636363636364 0.9832994549036703 
27000 0.08522727272727272 0.9833128023877904 
27100 0.10227272727272728 0.983319552113139 
27200 0.05113636363636364 0.9833230145282091 
27300 0.06818181818181818 0.9833321748121114 
27400 0.06818181818181818 0.9833513251009419 
27500 0.13636363636363635 0.9833523615670174 
27600 0.06818181818181818 0.9833589486217561 
27700 0.11931818181818182 0.9833713338212273 
27800 0.08522727272727272 0.9833752505632564 
27900 0.11931818181818182 0.9833743536399803 
28000 0.11931818181818182 0.9833784345364289 
28100 0.05113636363636364 0.9833733877150926 
28200 0.10227272727272728 0.9833916471369487 
28300 0.13636363636363635 0.9833753465184333 
28400 0.06818181818181818 0.9833820672127422 
28500 0.06818181818181818 0.983407579797838 
28600 0.06818181818181818 0.9834217891300686 
28700 0.06818181818181818 0.9834317421629275 
28800 0.05113636363636364 0.9834568165246788 
28900 0.03409090909090909 0.9834760160862631 
29000 0.05113636363636364 0.9835118342314215 
29100 0.13636363636363635 0.9835189004751477 
29200 0.08522727272727272 0.9834957590182154 
29300 0.11931818181818182 0.983496820617354 
29400 0.06818181818181818 0.9834923672973399 
29500 0.10227272727272728 0.9835060483311814 
29600 0.08522727272727272 0.983500826139166 
29700 0.10227272727272728 0.9835077866983358 
29800 0.11931818181818182 0.9835146052145901 
29900 0.11931818181818182 0.9835009508651277 
30000 0.11931818181818182 0.9835050005908894 
30100 0.05113636363636364 0.9835234634306924 
30200 0.10227272727272728 0.9835360659339998 
30300 0.11931818181818182 0.9835467101295787 
30400 0.10227272727272728 0.9835518643226449 
30500 0.13636363636363635 0.9835427340683316 
30600 0.10227272727272728 0.9835358915781124 
30700 0.08522727272727272 0.9835385322065316 
30800 0.08522727272727272 0.9835393110022992 
30900 0.10227272727272728 0.9835376944258938 
31000 0.08522727272727272 0.9835348053288604 
31100 0.06818181818181818 0.9835331222907185 
31200 0.08522727272727272 0.9835381878785936 
31300 0.11931818181818182 0.9835389553339858 
31400 0.11931818181818182 0.9835286803257568 
31500 0.08522727272727272 0.9835225288663275 
31600 0.08522727272727272 0.9835238779842985 
31700 0.13636363636363635 0.9835201104926429 
31800 0.05113636363636364 0.9835249427548018 
31900 0.06818181818181818 0.9835508505005542 
32000 0.13636363636363635 0.9835600840598732 
32100 0.13636363636363635 0.9835518257714996 
32200 0.11931818181818182 0.9835481182120261 
32300 0.06818181818181818 0.9835502383827126 
32400 0.06818181818181818 0.9835665495733857 
32500 0.05113636363636364 0.9835803129134488 
32600 0.05113636363636364 0.9835970417806481 
32700 0.11931818181818182 0.9835962063990259 
32800 0.05113636363636364 0.9836029978298888 
32900 0.11931818181818182 0.9836130291701551 
33000 0.13636363636363635 0.983601650500949 
33100 0.08522727272727272 0.9835831312429452 
33200 0.08522727272727272 0.9835866286886211 
33300 0.06818181818181818 0.9836003423320621 
33400 0.10227272727272728 0.9835993444670954 
33500 0.10227272727272728 0.9835881764723441 
33600 0.10227272727272728 0.9835763985649778 
33700 0.10227272727272728 0.9835706756745821 
33800 0.11931818181818182 0.9835726350215567 
33900 0.11931818181818182 0.9835855606297481 
34000 0.08522727272727272 0.9835918930191893 
34100 0.08522727272727272 0.9836033534073915 
34200 0.06818181818181818 0.9836115903043771 
34300 0.11931818181818182 0.9836132361632711 
34400 0.11931818181818182 0.9836095046127095 
34500 0.11931818181818182 0.9836118880612156 
34600 0.08522727272727272 0.9836060472503422 
34700 0.06818181818181818 0.9836145670415576 
34800 0.03409090909090909 0.9836447522406618 
34900 0.06818181818181818 0.9836651593728755 
35000 0.11931818181818182 0.9836692977603237 
35100 0.11931818181818182 0.9836680708397326 
35200 0.06818181818181818 0.9836674158275462 
35300 0.11931818181818182 0.9836788360360639 
35400 0.1534090909090909 0.9836669193987844 
35500 0.06818181818181818 0.9836488280739851 
35600 0.10227272727272728 0.9836443243422682 
35700 0.1534090909090909 0.9836217027279602 
35800 0.11931818181818182 0.9836124594031147 
35900 0.10227272727272728 0.9835904482275754 
36000 0.10227272727272728 0.9835869458171617 
36100 0.10227272727272728 0.983585272757491 
36200 0.08522727272727272 0.983576624578427 
36300 0.08522727272727272 0.9835851629431696 
36400 0.10227272727272728 0.9835828061666637 
36500 0.08522727272727272 0.9835849765012664 
36600 0.10227272727272728 0.9835920249322547 
36700 0.08522727272727272 0.9835889720616976 
36800 0.11931818181818182 0.983586784944085 
36900 0.05113636363636364 0.983596311753069 
37000 0.10227272727272728 0.9835980323627617 
37100 0.11931818181818182 0.9835881812791127 
37200 0.10227272727272728 0.9835876998663281 
37300 0.06818181818181818 0.9835970458993301 
37400 0.08522727272727272 0.9835928214121645 
37500 0.13636363636363635 0.9835852862105495 
37600 0.13636363636363635 0.9835826265500676 
37700 0.06818181818181818 0.9835780971568152 
37800 0.10227272727272728 0.9835778003708415 
37900 0.08522727272727272 0.9835817026895428 
38000 0.10227272727272728 0.9835899204805615 
38100 0.08522727272727272 0.9835989153231482 
38200 0.11931818181818182 0.9835941051043404 
38300 0.11931818181818182 0.9835789357505501 
38400 0.1534090909090909 0.9835710954496923 
38500 0.17045454545454544 0.9835538510215791 
38600 0.08522727272727272 0.9835509737147649 
38700 0.11931818181818182 0.9835505336953942 
38800 0.10227272727272728 0.983549510204751 
38900 0.10227272727272728 0.9835545534001229 
39000 0.11931818181818182 0.9835506111731401 
39100 0.13636363636363635 0.9835422571150237 
39200 0.11931818181818182 0.9835308294547217 
39300 0.06818181818181818 0.9835282788316744 
39400 0.08522727272727272 0.9835343934510199 
39500 0.10227272727272728 0.9835401175114094 
39600 0.10227272727272728 0.9835422974856007 
39700 0.11931818181818182 0.9835388134258125 
39800 0.20454545454545456 0.9835207857956972 
39900 0.08522727272727272 0.9835191530857053 
40000 0.08522727272727272 0.9835149007638445 
40100 0.13636363636363635 0.9835149202808363 
40200 0.11931818181818182 0.9835134556806593 
40300 0.06818181818181818 0.9835115753951514 
40400 0.10227272727272728 0.983516947150273 
40500 0.06818181818181818 0.983519907477032 
40600 0.08522727272727272 0.9835206141362394 
40700 0.17045454545454544 0.9835147561708334 
40800 0.10227272727272728 0.9835012677942385 
40900 0.11931818181818182 0.9834875675411359 
41000 0.1534090909090909 0.9834712318546555 
41100 0.11931818181818182 0.9834689379378073 
41200 0.08522727272727272 0.9834701027777348 
41300 0.10227272727272728 0.9834601875147201 
41400 0.08522727272727272 0.983454025594463 
41500 0.08522727272727272 0.9834650753212957 
41600 0.06818181818181818 0.9834722477169474 
41700 0.11931818181818182 0.983481156981193 
41800 0.10227272727272728 0.9834791495853731 
41900 0.11931818181818182 0.9834817622057187 
42000 0.11931818181818182 0.983481048070284 
42100 0.05113636363636364 0.9834766260140657 
42200 0.17045454545454544 0.9834733693298953 
42300 0.10227272727272728 0.9834675088274294 
42400 0.10227272727272728 0.9834580579145861 
42500 0.08522727272727272 0.9834562716171384 
42600 0.10227272727272728 0.9834632963161343 
42700 0.05113636363636364 0.98346855832629 
42800 0.11931818181818182 0.9834738621230175 
42900 0.11931818181818182 0.9834696054976468 
43000 0.1534090909090909 0.9834635188188012 
43100 0.08522727272727272 0.9834568012554022 
43200 0.10227272727272728 0.983461754357538 
43300 0.11931818181818182 0.983459008399974 
43400 0.10227272727272728 0.9834549004945424 
43500 0.11931818181818182 0.9834482645122056 
43600 0.10227272727272728 0.9834484352944365 
43700 0.08522727272727272 0.9834545210115849 
43800 0.08522727272727272 0.9834587628758995 
43900 0.10227272727272728 0.9834592321359422 
44000 0.13636363636363635 0.9834475611091483 
44100 0.1534090909090909 0.9834464431851679 
44200 0.10227272727272728 0.9834462301346535 
44300 0.13636363636363635 0.9834490320349838 
44400 0.10227272727272728 0.9834513094504423 
44500 0.11931818181818182 0.9834562578777596 
44600 0.1534090909090909 0.9834543049381281 
44700 0.08522727272727272 0.9834418743936988 
44800 0.06818181818181818 0.9834498545081177 
44900 0.13636363636363635 0.9834466634677098 
45000 0.08522727272727272 0.9834450017272344 
45100 0.03409090909090909 0.9834510951178265 
45200 0.05113636363636364 0.9834678461458013 
45300 0.06818181818181818 0.9834753045788674 
45400 0.13636363636363635 0.9834740324101792 
45500 0.08522727272727272 0.9834728282695085 
45600 0.10227272727272728 0.9834650256872357 
45700 0.08522727272727272 0.9834609870283324 
45800 0.11931818181818182 0.9834631687279555 
45900 0.08522727272727272 0.9834544479126024 
46000 0.11931818181818182 0.983445888528115 
46100 0.10227272727272728 0.9834275065025212 
46200 0.10227272727272728 0.9834174437389195 
46300 0.08522727272727272 0.9834077312290526 
46400 0.10227272727272728 0.9834147750538291 
46500 0.08522727272727272 0.9834202001520984 
46600 0.06818181818181818 0.9834209688243132 
46700 0.08522727272727272 0.9834250799574079 
46800 0.05113636363636364 0.9834377324882335 
46900 0.11931818181818182 0.9834482110286464 
47000 0.11931818181818182 0.9834423252116493 
47100 0.10227272727272728 0.9834424959130379 
47200 0.10227272727272728 0.9834452539526319 
47300 0.05113636363636364 0.9834516640047971 
47400 0.05113636363636364 0.9834667373722457 
47500 0.10227272727272728 0.9834704436844391 
47600 0.06818181818181818 0.9834709712935749 
47700 0.10227272727272728 0.9834628014278336 
47800 0.11931818181818182 0.9834631645210922 
47900 0.10227272727272728 0.9834634667904067 
48000 0.10227272727272728 0.9834664902814525 
48100 0.08522727272727272 0.983468083729123 
48200 0.06818181818181818 0.9834703778307127 
48300 0.11931818181818182 0.9834666631219756 
48400 0.10227272727272728 0.9834646659253847 
48500 0.08522727272727272 0.9834670700322955 
48600 0.10227272727272728 0.9834650217634878 
48700 0.11931818181818182 0.9834613485629379 
48800 0.13636363636363635 0.9834503554323589 
48900 0.08522727272727272 0.9834477729587237 
49000 0.10227272727272728 0.9834501290326172 
49100 0.1875 0.9834357544097417 
49200 0.06818181818181818 0.9834284826065989 
49300 0.11931818181818182 0.9834340904020018 
49400 0.05113636363636364 0.9834382953234292 
49500 0.05113636363636364 0.9834516658065677 
49600 0.06818181818181818 0.9834633786708845 
49700 0.11931818181818182 0.9834625263621913 
49800 0.08522727272727272 0.9834637311043407 
49900 0.05113636363636364 0.9834793914678336 
