0 0.05357142857142857 0.9553571428571429 
100 0.1875 0.8887022630834512 
200 0.16071428571428573 0.8861940298507462 
300 0.16071428571428573 0.8845218319886095 
400 0.19642857142857142 0.8839656810355064 
500 0.16517857142857142 0.8842909419256725 
600 0.1875 0.8845822438792489 
700 0.18303571428571427 0.8844974865837919 
800 0.15625 0.8841849473871946 
900 0.1875 0.8838823265155119 
1000 0.19642857142857142 0.8840564197707055 
1100 0.20535714285714285 0.8839420872799619 
1200 0.1875 0.8837650172475319 
1300 0.16964285714285715 0.883358954650269 
1400 0.20982142857142858 0.8831999252234798 
1500 0.18303571428571427 0.8832742457409346 
1600 0.17410714285714285 0.8830548615448678 
1700 0.20535714285714285 0.8830712326082697 
1800 0.17410714285714285 0.8833154861056027 
1900 0.20535714285714285 0.883147340998472 
2000 0.20535714285714285 0.8831387877489827 
2100 0.17857142857142858 0.8828619024954103 
2200 0.18303571428571427 0.8828008372817551 
2300 0.17410714285714285 0.8828459675917303 
2400 0.19196428571428573 0.8829059320521211 
2500 0.19196428571428573 0.882808781249405 
2600 0.20535714285714285 0.8828094963475587 
2700 0.20089285714285715 0.8828112603797535 
2800 0.17410714285714285 0.8827725217184339 
2900 0.17410714285714285 0.8826718208827826 
3000 0.20535714285714285 0.8826403103727329 
3100 0.16964285714285715 0.8825973956173891 
3200 0.19642857142857142 0.8826231757932789 
3300 0.16517857142857142 0.8826591148425441 
3400 0.16517857142857142 0.8826334341440193 
3500 0.17410714285714285 0.8826644768161478 
3600 0.19196428571428573 0.8826913159043123 
3700 0.15178571428571427 0.8826370929349854 
3800 0.18303571428571427 0.8825489219628919 
3900 0.18303571428571427 0.882487396394087 
4000 0.16964285714285715 0.8824594446626438 
4100 0.15625 0.8825743721043647 
4200 0.16964285714285715 0.8826476972602895 
4300 0.14732142857142858 0.8826740182238904 
4400 0.16517857142857142 0.8827167256359485 
4500 0.15178571428571427 0.8826927349477893 
4600 0.18303571428571427 0.8825333002142391 
4700 0.16964285714285715 0.8825598150342886 
4800 0.17857142857142858 0.8825517501314211 
4900 0.20535714285714285 0.8825051495807464 
5000 0.17410714285714285 0.8824383932737262 
5100 0.17857142857142858 0.8824629391062443 
5200 0.19196428571428573 0.8824848243469663 
5300 0.16071428571428573 0.8824811805499412 
5400 0.19642857142857142 0.882510183299389 
5500 0.1875 0.8825235238614624 
5600 0.20089285714285715 0.8825071628365683 
5700 0.16964285714285715 0.8824339506018158 
5800 0.16964285714285715 0.8824120020357737 
5900 0.17410714285714285 0.8824089540917197 
6000 0.18303571428571427 0.8823241761293753 
6100 0.1875 0.8822821785655748 
6200 0.19196428571428573 0.8822914506876771 
6300 0.20089285714285715 0.8822857860808186 
6400 0.17857142857142858 0.8822291531829104 
6500 0.16964285714285715 0.8822443067366925 
6600 0.16964285714285715 0.8822351050706603 
6700 0.1875 0.8822021944130585 
6800 0.20535714285714285 0.8821741900700877 
6900 0.19642857142857142 0.8821508787546318 
7000 0.16071428571428573 0.8821120792267771 
7100 0.1875 0.8820718577530998 
7200 0.16964285714285715 0.8820335799921969 
7300 0.17410714285714285 0.8820020577742123 
7400 0.17410714285714285 0.8819657575231147 
7500 0.16071428571428573 0.8819947022936624 
7600 0.16964285714285715 0.8820005669680054 
7700 0.14285714285714285 0.8820105304815082 
7800 0.17857142857142858 0.8820904371234457 
7900 0.20535714285714285 0.8820933606957528 
8000 0.14732142857142858 0.8820552936835276 
8100 0.20982142857142858 0.882057476737146 
8200 0.1875 0.8820588807404439 
8300 0.1875 0.8820118488306056 
8400 0.19196428571428573 0.8820130540015078 
8500 0.16517857142857142 0.8819932248867081 
8600 0.14285714285714285 0.8820184945272145 
8700 0.1875 0.8820602859003618 
8800 0.18303571428571427 0.8820338327354575 
8900 0.19196428571428573 0.8820293733716383 
9000 0.17857142857142858 0.8820312954645251 
9100 0.18303571428571427 0.8820828820485451 
9200 0.17410714285714285 0.8821229964651875 
9300 0.17857142857142858 0.882093771279074 
9400 0.1875 0.8820987255661759 
9500 0.16964285714285715 0.8820913588043364 
9600 0.18303571428571427 0.8820785657248005 
9700 0.17857142857142858 0.8820764673254108 
9800 0.16517857142857142 0.8820883801944408 
9900 0.16517857142857142 0.8821096714617571 
10000 0.15178571428571427 0.882117443017603 
10100 0.16964285714285715 0.8821247660533375 
10200 0.17410714285714285 0.8820654254251451 
10300 0.18303571428571427 0.8820332399535875 
10400 0.16517857142857142 0.8820417336245141 
10500 0.1875 0.8821019313353377 
10600 0.16071428571428573 0.8820543097910799 
10700 0.19642857142857142 0.8820551372590901 
10800 0.18303571428571427 0.8820272924464666 
10900 0.18303571428571427 0.8820335399548316 
11000 0.16071428571428573 0.8820229005155376 
11100 0.16517857142857142 0.8820247854118677 
11200 0.16517857142857142 0.8820237138690848 
11300 0.18303571428571427 0.881991321880491 
11400 0.19196428571428573 0.8819871690453218 
11500 0.19642857142857142 0.8819414253833 
11600 0.16071428571428573 0.8819339260572775 
11700 0.19196428571428573 0.8819685232438416 
11800 0.16964285714285715 0.8819596604000468 
11900 0.17410714285714285 0.8819526970522685 
12000 0.18303571428571427 0.8819545295828523 
12100 0.17410714285714285 0.881941083184782 
12200 0.16517857142857142 0.8819451762345787 
12300 0.16517857142857142 0.8819523480475842 
12400 0.17410714285714285 0.8819570042354495 
12500 0.16964285714285715 0.8819689662922204 
12600 0.17410714285714285 0.8819920754588638 
12700 0.16071428571428573 0.8819885760776242 
12800 0.16964285714285715 0.8819565342737361 
12900 0.20089285714285715 0.8819443675462588 
13000 0.18303571428571427 0.8819243757806176 
13100 0.18303571428571427 0.8819305869053979 
13200 0.17410714285714285 0.8819170896144232 
13300 0.17857142857142858 0.8818787345025974 
13400 0.16964285714285715 0.8818815937687664 
13500 0.19642857142857142 0.8818804427185288 
13600 0.17410714285714285 0.8819106000609199 
13700 0.17857142857142858 0.8819307593119724 
13800 0.16517857142857142 0.8819241014281228 
13900 0.16517857142857142 0.8819535079696219 
14000 0.16964285714285715 0.8819584740545743 
14100 0.15625 0.8819424745289932 
14200 0.17410714285714285 0.8819185268643054 
14300 0.14732142857142858 0.8818924167807113 
14400 0.18303571428571427 0.8819040757751612 
14500 0.17410714285714285 0.8819124953615678 
14600 0.15625 0.8819002123142251 
14700 0.18303571428571427 0.8818961942984118 
14800 0.19196428571428573 0.8819063062019619 
14900 0.19196428571428573 0.8819021014888742 
15000 0.19196428571428573 0.8819094600042536 
15100 0.15178571428571427 0.8819259840880925 
15200 0.16517857142857142 0.8819387665598442 
15300 0.18303571428571427 0.881942434512528 
15400 0.15178571428571427 0.881946248079129 
15500 0.18303571428571427 0.881930236451719 
15600 0.1875 0.8819293100869602 
15700 0.20089285714285715 0.8819519002429327 
15800 0.17857142857142858 0.881957440909406 
15900 0.16964285714285715 0.8819548635755163 
16000 0.16964285714285715 0.8819400424378239 
16100 0.18303571428571427 0.8819448141345849 
16200 0.16071428571428573 0.8819432809850068 
16300 0.22321428571428573 0.8819114588354205 
16400 0.18303571428571427 0.8818874647596981 
16500 0.16964285714285715 0.8818765673653256 
16600 0.21875 0.8818722552571417 
16700 0.16517857142857142 0.8818815383167817 
16800 0.15625 0.8818976194727638 
16900 0.15625 0.8819038250765663 
17000 0.17410714285714285 0.8819139840513583 
17100 0.16517857142857142 0.8819114936191423 
17200 0.1875 0.8819029762942907 
17300 0.17857142857142858 0.8819000622039463 
17400 0.18303571428571427 0.8819086409921707 
17500 0.20982142857142858 0.8819154211596072 
17600 0.22321428571428573 0.8819111332959978 
17700 0.16517857142857142 0.8819030267324149 
17800 0.19642857142857142 0.8818853140941788 
17900 0.18303571428571427 0.8818950657185951 
18000 0.17410714285714285 0.8818883408593703 
18100 0.15625 0.8818943507462098 
18200 0.17857142857142858 0.881893590357411 
18300 0.16964285714285715 0.8818848696792525 
18400 0.16964285714285715 0.8818773759707677 
18500 0.17857142857142858 0.8818850847187153 
18600 0.18303571428571427 0.881904870705876 
18700 0.20089285714285715 0.8818903878325834 
18800 0.17410714285714285 0.8818831825054898 
18900 0.16517857142857142 0.881888020538092 
19000 0.16517857142857142 0.8818995428812018 
19100 0.16517857142857142 0.8819012841511663 
19200 0.19196428571428573 0.8818876621009323 
19300 0.1875 0.8818741812045268 
19400 0.17410714285714285 0.881871577557367 
19500 0.16517857142857142 0.8818534336456494 
19600 0.18303571428571427 0.8818508105757481 
19700 0.15625 0.8818601485058771 
19800 0.19196428571428573 0.8818723982194262 
19900 0.1875 0.8818629896559398 
20000 0.17857142857142858 0.8818910244963942 
20100 0.15178571428571427 0.8818789517697532 
20200 0.16071428571428573 0.8818641993206371 
20300 0.12946428571428573 0.8818585350006216 
20400 0.16517857142857142 0.8818650346271542 
20500 0.17410714285714285 0.8818967309376314 
20600 0.16964285714285715 0.8818840567147688 
20700 0.1875 0.8818772557571408 
20800 0.17857142857142858 0.88186551241813 
20900 0.18303571428571427 0.8818570141323837 
21000 0.17410714285714285 0.8818667365046109 
21100 0.1875 0.8818731226910934 
21200 0.19196428571428573 0.881867235597602 
21300 0.16517857142857142 0.8818759347314344 
21400 0.18303571428571427 0.8818860823148006 
21500 0.16517857142857142 0.8818666518279327 
21600 0.17410714285714285 0.8818774373320459 
21700 0.16071428571428573 0.8818774261006186 
21800 0.17857142857142858 0.8818888823361095 
21900 0.19196428571428573 0.8818873241274044 
22000 0.1875 0.8818875386616626 
22100 0.14732142857142858 0.8819032375178024 
22200 0.17857142857142858 0.8818952009883725 
22300 0.16517857142857142 0.8819005820793857 
22400 0.20089285714285715 0.8818901048210007 
22500 0.17410714285714285 0.8818840855750326 
22600 0.15625 0.8818833869550652 
22700 0.21428571428571427 0.881894493844408 
22800 0.18303571428571427 0.8819017179697632 
22900 0.18303571428571427 0.8818987422050607 
23000 0.15625 0.8818911341328844 
23100 0.16964285714285715 0.8818750888953477 
23200 0.16964285714285715 0.8818859921883498 
23300 0.19642857142857142 0.8818791754288084 
23400 0.13839285714285715 0.8819042124776922 
23500 0.1875 0.8819128264045502 
23600 0.17410714285714285 0.8819209890218533 
23700 0.16964285714285715 0.8819314686340339 
23800 0.16964285714285715 0.8819242288739368 
23900 0.18303571428571427 0.8819288792459371 
24000 0.16964285714285715 0.8819362189273859 
24100 0.16071428571428573 0.8819368293352775 
24200 0.16071428571428573 0.8819362049187263 
24300 0.17857142857142858 0.8819391373272901 
24400 0.17410714285714285 0.8819472904115951 
24500 0.18303571428571427 0.8819341193070837 
24600 0.19642857142857142 0.8819335160591614 
24700 0.17410714285714285 0.881919663942659 
24800 0.20089285714285715 0.8819108436487776 
24900 0.16964285714285715 0.8819136877272092 
25000 0.17410714285714285 0.8819043666824755 
25100 0.18303571428571427 0.8818935785142311 
25200 0.18303571428571427 0.8818826397667515 
25300 0.20535714285714285 0.8818854327233443 
25400 0.18303571428571427 0.8818841028006021 
25500 0.18303571428571427 0.8818546564933961 
25600 0.16517857142857142 0.8818525271520272 
25700 0.18303571428571427 0.8818519197881869 
25800 0.20535714285714285 0.8818550083883792 
25900 0.16517857142857142 0.8818475017511734 
26000 0.1875 0.8818520716236189 
26100 0.17410714285714285 0.8818602553085906 
26200 0.16071428571428573 0.8818574718158704 
26300 0.14732142857142858 0.8818614990195919 
26400 0.19196428571428573 0.881874514132762 
26500 0.19196428571428573 0.8818722698694209 
26600 0.17857142857142858 0.8818777623827246 
26700 0.17857142857142858 0.8818761915462413 
26800 0.20982142857142858 0.8818764091958189 
26900 0.16964285714285715 0.8818643447490888 
27000 0.1875 0.8818552355203776 
27100 0.17410714285714285 0.8818478407930826 
27200 0.17410714285714285 0.8818491442016313 
27300 0.16071428571428573 0.8818336499099109 
27400 0.16964285714285715 0.8818208754981136 
27500 0.18303571428571427 0.8818264833659728 
27600 0.19196428571428573 0.8818359324455118 
27700 0.17857142857142858 0.881831775885691 
27800 0.19642857142857142 0.8818397462578428 
27900 0.18303571428571427 0.8818405126288357 
28000 0.17857142857142858 0.8818356402237335 
28100 0.17410714285714285 0.8818260365247127 
28200 0.1875 0.881823255169945 
28300 0.20089285714285715 0.8818215450909526 
28400 0.19196428571428573 0.8818151314256205 
28500 0.16517857142857142 0.8817979026633986 
28600 0.16964285714285715 0.8817820430854066 
28700 0.1875 0.8817884850536152 
28800 0.19196428571428573 0.8817841353061484 
28900 0.18303571428571427 0.8817752845922286 
29000 0.20089285714285715 0.8817711129829677 
29100 0.16517857142857142 0.8817738222054224 
29200 0.1875 0.8817729456427618 
29300 0.17410714285714285 0.8817638476502508 
29400 0.17410714285714285 0.8817741460041042 
29500 0.19196428571428573 0.8817645003155664 
29600 0.16071428571428573 0.8817792513444688 
29700 0.17410714285714285 0.8817859868434765 
29800 0.17857142857142858 0.8818013657259823 
29900 0.19196428571428573 0.8818021096602917 
30000 0.20535714285714285 0.8818083048025384 
30100 0.16964285714285715 0.8818142610354663 
30200 0.1875 0.8818062828257027 
30300 0.18303571428571427 0.8818115188717645 
30400 0.18303571428571427 0.881806245408594 
30500 0.20535714285714285 0.8817968107212723 
30600 0.17857142857142858 0.8818129192790152 
30700 0.16964285714285715 0.8818123459605007 
30800 0.17410714285714285 0.8818131291346447 
30900 0.17857142857142858 0.8818117883378717 
31000 0.17857142857142858 0.8818142003099746 
31100 0.1875 0.8818189891306512 
31200 0.15625 0.8818207902371872 
31300 0.19642857142857142 0.8818066059048775 
31400 0.16071428571428573 0.8818176286469493 
31500 0.17410714285714285 0.8818315102619569 
31600 0.17857142857142858 0.8818305177202047 
31700 0.17410714285714285 0.8818088771422262 
31800 0.1875 0.8818160105776848 
31900 0.16964285714285715 0.8818203937479195 
32000 0.16517857142857142 0.8818143331830404 
32100 0.15625 0.8818058071177133 
32200 0.1875 0.8818106432660329 
32300 0.17857142857142858 0.8818148966344843 
32400 0.19196428571428573 0.8818013038986157 
32500 0.1875 0.8817948458728743 
32600 0.17410714285714285 0.8817918965383768 
32700 0.1875 0.8817945169872481 
32800 0.17857142857142858 0.8818009323176849 
32900 0.1875 0.8817991673432998 
33000 0.19642857142857142 0.8818016517536986 
33100 0.16517857142857142 0.8818052900142566 
33200 0.18303571428571427 0.8818078306591454 
33300 0.16964285714285715 0.8818071386387654 
33400 0.19642857142857142 0.881799233270746 
33500 0.19642857142857142 0.8817928853580774 
33600 0.17857142857142858 0.8817977356116102 
33700 0.17410714285714285 0.8818032635742051 
33800 0.18303571428571427 0.8817950229705799 
33900 0.17857142857142858 0.8817875333077687 
34000 0.19642857142857142 0.8817912043203211 
34100 0.17857142857142858 0.8817981702812793 
34200 0.16964285714285715 0.8818009185195086 
34300 0.19196428571428573 0.8817995726905088 
34400 0.19196428571428573 0.8818020413304707 
34500 0.18303571428571427 0.8818130357850221 
34600 0.18303571428571427 0.88180986029856 
34700 0.13392857142857142 0.8818089330484506 
34800 0.19196428571428573 0.881804932397947 
34900 0.18303571428571427 0.8818011252235917 
35000 0.16071428571428573 0.8817925780351854 
35100 0.18303571428571427 0.8817800096592011 
35200 0.17857142857142858 0.8817855215152167 
35300 0.15178571428571427 0.8817970723883446 
35400 0.19196428571428573 0.8817983013662514 
35500 0.1875 0.8817883734998746 
35600 0.16517857142857142 0.8817984814498255 
35700 0.17857142857142858 0.881807282309019 
35800 0.20089285714285715 0.881806640144396 
35900 0.17857142857142858 0.8818056699574623 
36000 0.16964285714285715 0.8818045398209838 
36100 0.16071428571428573 0.8818048998774602 
36200 0.15625 0.8817978587805388 
36300 0.1875 0.8818003669058048 
36400 0.18303571428571427 0.8818066222670492 
36500 0.16071428571428573 0.8818085218800268 
36600 0.16071428571428573 0.8818176480996486 
36700 0.16964285714285715 0.8818199127829656 
36800 0.16964285714285715 0.8818255618053857 
36900 0.16071428571428573 0.8818283573422323 
37000 0.16071428571428573 0.8818293681895342 
37100 0.18303571428571427 0.8818372723877292 
37200 0.17410714285714285 0.8818347337053152 
37300 0.1875 0.8818313309613811 
37400 0.18303571428571427 0.8818270710867165 
37500 0.17857142857142858 0.8818218815752215 
37600 0.18303571428571427 0.8818256638311291 
37700 0.17857142857142858 0.8818239000860152 
37800 0.16517857142857142 0.8818325384438054 
37900 0.19642857142857142 0.8818258972938269 
38000 0.16071428571428573 0.8818255565956284 
38100 0.16071428571428573 0.8818246708935273 
38200 0.16517857142857142 0.8818138175141264 
38300 0.16517857142857142 0.8818208153212461 
38400 0.16071428571428573 0.881828319202997 
38500 0.17857142857142858 0.8818282085437484 
38600 0.17857142857142858 0.8818336497574082 
38700 0.17410714285714285 0.8818239900285584 
38800 0.17857142857142858 0.8818245817179479 
38900 0.19642857142857142 0.8818188203020855 
39000 0.16517857142857142 0.8818065257178997 
39100 0.16071428571428573 0.8818135512305738 
39200 0.16964285714285715 0.8818203890571304 
39300 0.1875 0.8818185590818602 
39400 0.17857142857142858 0.881818777865198 
39500 0.1875 0.881817865370497 
39600 0.18303571428571427 0.8818207152056045 
39700 0.17410714285714285 0.8818245252308626 
39800 0.1875 0.8818212870937677 
39900 0.15625 0.8818223167816537 
40000 0.20089285714285715 0.8818222252777014 
40100 0.16517857142857142 0.8818216889259382 
40200 0.17857142857142858 0.8818170834414212 
40300 0.16964285714285715 0.8818117623218613 
40400 0.16964285714285715 0.8818073515389175 
40500 0.19196428571428573 0.881801125427826 
40600 0.16071428571428573 0.8818056322797585 
40700 0.16964285714285715 0.8818041940001474 
40800 0.19196428571428573 0.8817948118685233 
40900 0.19196428571428573 0.8817948623913026 
41000 0.1875 0.8817902670202005 
41100 0.17410714285714285 0.8817954695807424 
41200 0.16071428571428573 0.8817942901293426 
41300 0.16964285714285715 0.8817962150115125 
41400 0.19642857142857142 0.8818002872026326 
41500 0.1875 0.8818031923499262 
41600 0.16964285714285715 0.8817917752663913 
41700 0.17410714285714285 0.8817842669069258 
41800 0.16964285714285715 0.8817741601078124 
41900 0.19196428571428573 0.8817819298550665 
42000 0.18303571428571427 0.8817730105065525 
42100 0.19196428571428573 0.8817754441982489 
42200 0.17857142857142858 0.8817828735721677 
42300 0.16964285714285715 0.8817871017346207 
42400 0.16517857142857142 0.8817862561642189 
42500 0.16071428571428573 0.8817936776837744 
42600 0.15625 0.881793519266818 
42700 0.17410714285714285 0.8817989374621538 
42800 0.17857142857142858 0.8818037045195873 
42900 0.1875 0.8817949215303007 
43000 0.16517857142857142 0.8818029979369251 
43100 0.17410714285714285 0.8818067556713411 
43200 0.17410714285714285 0.8818037446223136 
43300 0.1875 0.8817995790265484 
43400 0.17857142857142858 0.8817972841310437 
43500 0.17410714285714285 0.8817908263739969 
43600 0.16517857142857142 0.8817983232145178 
43700 0.18303571428571427 0.8817974771199526 
43800 0.14732142857142858 0.8818092052692861 
43900 0.18303571428571427 0.8818051519598751 
44000 0.15625 0.8818049725060361 
44100 0.16964285714285715 0.8818113399868915 
44200 0.16071428571428573 0.8818157259962875 
44300 0.1875 0.8818149192590514 
44400 0.17410714285714285 0.8818161940797129 
44500 0.16964285714285715 0.8818113102862322 
44600 0.16964285714285715 0.8818084502696395 
44700 0.17857142857142858 0.8818145913429016 
44800 0.16964285714285715 0.8818112053196091 
44900 0.17857142857142858 0.8818031945412181 
45000 0.19642857142857142 0.8818097031706174 
45100 0.19196428571428573 0.8818038429091953 
45200 0.17857142857142858 0.8818107822098331 
45300 0.17857142857142858 0.8818153257417843 
45400 0.19196428571428573 0.881808901838747 
45500 0.21428571428571427 0.8818142798536086 
45600 0.17410714285714285 0.8818121287022737 
45700 0.18303571428571427 0.8818189739518048 
45800 0.17857142857142858 0.8818138978042692 
45900 0.16964285714285715 0.8818242755371032 
46000 0.1875 0.8818269090423501 
46100 0.15178571428571427 0.8818252702916267 
46200 0.16517857142857142 0.881832335107156 
46300 0.20089285714285715 0.8818338413959999 
46400 0.19642857142857142 0.8818379709591645 
46500 0.17857142857142858 0.8818400346741135 
46600 0.19196428571428573 0.8818433668396652 
46700 0.19196428571428573 0.881839101028733 
46800 0.18303571428571427 0.8818461093118686 
46900 0.18303571428571427 0.8818521358565814 
47000 0.15178571428571427 0.8818496516284862 
47100 0.18303571428571427 0.8818472411363221 
47200 0.19196428571428573 0.8818563796570089 
47300 0.16964285714285715 0.8818562302619194 
47400 0.1875 0.8818637415726612 
47500 0.17857142857142858 0.8818642038613723 
47600 0.16964285714285715 0.8818642890655558 
47700 0.18303571428571427 0.8818679302919675 
47800 0.17410714285714285 0.8818627150657339 
47900 0.17410714285714285 0.8818569624254787 
48000 0.17410714285714285 0.8818543958905618 
48100 0.19196428571428573 0.8818566043078008 
48200 0.20982142857142858 0.8818573216718484 
48300 0.16071428571428573 0.8818629038539082 
48400 0.20535714285714285 0.8818652654756247 
48500 0.16517857142857142 0.8818733855266607 
48600 0.18303571428571427 0.8818723478156926 
48700 0.14732142857142858 0.8818626365352819 
48800 0.16517857142857142 0.8818613811582706 
48900 0.1875 0.8818551402688231 
49000 0.19642857142857142 0.8818500181240227 
49100 0.19642857142857142 0.8818519480254985 
49200 0.1875 0.8818512085023437 
49300 0.19642857142857142 0.8818472121206853 
49400 0.16517857142857142 0.8818502806478759 
49500 0.16071428571428573 0.8818577859417943 
49600 0.17410714285714285 0.8818698811755907 
49700 0.16964285714285715 0.8818753407280298 
49800 0.15625 0.8818819735882144 
49900 0.19196428571428573 0.8818867309654067 
50000 0.18303571428571427 0.8818861122777545 
50100 0.16964285714285715 0.8818783081983916 
50200 0.13839285714285715 0.8818783016084862 
50300 0.16517857142857142 0.881878709218126 
50400 0.17410714285714285 0.8818738006898956 
50500 0.16071428571428573 0.8818725065321668 
50600 0.16071428571428573 0.8818720409252216 
50700 0.17410714285714285 0.8818746295978007 
50800 0.16071428571428573 0.8818765050556747 
50900 0.17857142857142858 0.8818775545620303 
51000 0.1875 0.8818786583082872 
51100 0.15625 0.8818867466949207 
51200 0.18303571428571427 0.8818766676804117 
51300 0.1875 0.8818774186152503 
51400 0.16964285714285715 0.8818756768675058 
51500 0.14732142857142858 0.8818749242964307 
51600 0.17857142857142858 0.8818790195095887 
51700 0.14285714285714285 0.8818896037748187 
51800 0.19196428571428573 0.8818803254395714 
51900 0.1875 0.8818765878444401 
52000 0.16071428571428573 0.8818667406579177 
52100 0.17857142857142858 0.8818601873101787 
52200 0.17857142857142858 0.8818598165880785 
52300 0.1875 0.8818575125122801 
52400 0.19196428571428573 0.8818552172304963 
52500 0.1875 0.8818478854371028 
52600 0.19642857142857142 0.881840638101213 
52700 0.1875 0.8818408727222128 
52800 0.16071428571428573 0.8818450520868563 
52900 0.15625 0.8818488218334157 
53000 0.17410714285714285 0.8818466250861394 
53100 0.16964285714285715 0.8818526195811934 
53200 0.16964285714285715 0.8818489135095026 
53300 0.16517857142857142 0.8818548253807442 
53400 0.19196428571428573 0.8818558663517091 
53500 0.18303571428571427 0.8818683073124579 
53600 0.16964285714285715 0.8818644330551758 
53700 0.19642857142857142 0.881863843095943 
53800 0.17857142857142858 0.8818643616997737 
53900 0.20982142857142858 0.8818660931284074 
54000 0.16517857142857142 0.8818607636013795 
54100 0.14732142857142858 0.8818615050685622 
54200 0.17857142857142858 0.8818560389414709 
54300 0.17857142857142858 0.8818497160010208 
54400 0.19196428571428573 0.8818485041854097 
54500 0.18303571428571427 0.8818530852644906 
54600 0.17857142857142858 0.8818461483785837 
54700 0.16964285714285715 0.8818499008897722 
54800 0.18303571428571427 0.8818477743280667 
54900 0.17857142857142858 0.8818485286502717 
55000 0.18303571428571427 0.8818507953535044 
55100 0.17410714285714285 0.8818515954684082 
55200 0.17857142857142858 0.8818524465999149 
55300 0.17857142857142858 0.8818516801125614 
55400 0.1875 0.881855052900025 
55500 0.1875 0.8818513351539784 
55600 0.15625 0.8818465067003762 
55700 0.20089285714285715 0.881838863711945 
55800 0.17857142857142858 0.8818352483015751 
55900 0.18303571428571427 0.8818320185089116 
56000 0.17410714285714285 0.8818281093619927 
56100 0.18303571428571427 0.8818293600572437 
56200 0.19196428571428573 0.8818283821419887 
56300 0.20535714285714285 0.8818310551872123 
56400 0.16517857142857142 0.8818323467753443 
56500 0.18303571428571427 0.8818286296660574 
56600 0.19196428571428573 0.8818306045408923 
56700 0.16964285714285715 0.8818228094574632 
56800 0.17410714285714285 0.8818160373601739 
56900 0.13392857142857142 0.8818138395760055 
57000 0.15625 0.8818089344297217 
57100 0.16517857142857142 0.8818054016233557 
57200 0.1875 0.8818040144153324 
57300 0.18303571428571427 0.8818041382972623 
57400 0.17410714285714285 0.8818026544253004 
57500 0.17857142857142858 0.8817972937944765 
57600 0.15625 0.8817935018489262 
57700 0.1875 0.8817868345931118 
57800 0.17857142857142858 0.8817890467375338 
57900 0.16964285714285715 0.8817851344783091 
58000 0.16964285714285715 0.881784673663262 
58100 0.15178571428571427 0.8817882611642616 
58200 0.1875 0.8817918363372909 
58300 0.16964285714285715 0.8817907538137466 
58400 0.16964285714285715 0.8817955865074065 
58500 0.15178571428571427 0.8817912453266977 
58600 0.19196428571428573 0.8817927595092234 
58700 0.17857142857142858 0.8817936094217589 
58800 0.17410714285714285 0.8817900023566169 
58900 0.20089285714285715 0.8817841337482345 
59000 0.19196428571428573 0.8817845904145288 
59100 0.20089285714285715 0.881786002331763 
59200 0.16517857142857142 0.8817815778530125 
59300 0.20089285714285715 0.8817813338890134 
59400 0.16964285714285715 0.8817832451914791 
59500 0.19196428571428573 0.881780998478617 
59600 0.16517857142857142 0.8817789091106653 
59700 0.16071428571428573 0.8817796682834538 
59800 0.15178571428571427 0.8817839086939938 
59900 0.18303571428571427 0.8817904701487613 
60000 0.16071428571428573 0.8817879821050602 
60100 0.16517857142857142 0.8817905038423416 
60200 0.20089285714285715 0.8817968733314824 
60300 0.19196428571428573 0.8817877240446933 
60400 0.17410714285714285 0.8817920568170978 
60500 0.18303571428571427 0.8817939156456288 
60600 0.16964285714285715 0.8817934601110621 
60700 0.16964285714285715 0.8817973207470498 
60800 0.19642857142857142 0.8817961758147774 
60900 0.16517857142857142 0.8817945459492806 
61000 0.16517857142857142 0.8817949217850449 
61100 0.17857142857142858 0.881792568666556 
61200 0.17857142857142858 0.8817883266768906 
61300 0.16517857142857142 0.8817850209854419 
61400 0.20089285714285715 0.8817888513526614 
61500 0.1875 0.8817889430369309 
61600 0.17410714285714285 0.8817869086076988 
61700 0.16964285714285715 0.8817900902277573 
61800 0.18303571428571427 0.8817941765466887 
61900 0.1875 0.8817968553473634 
62000 0.14732142857142858 0.8817967413736031 
62100 0.1875 0.8817961964418946 
62200 0.20089285714285715 0.8817951747828278 
62300 0.17410714285714285 0.8818012265338552 
62400 0.15625 0.8817978630531714 
62500 0.15178571428571427 0.8818002721480266 
62600 0.18303571428571427 0.881799155421981 
62700 0.19196428571428573 0.8817996086490608 
62800 0.17857142857142858 0.8817969326390769 
62900 0.19196428571428573 0.8817978137981 
63000 0.1875 0.8818061088977424 
63100 0.18303571428571427 0.8818008883717035 
63200 0.16964285714285715 0.8817967674562112 
63300 0.17857142857142858 0.8817923304453928 
63400 0.16964285714285715 0.8817912872787795 
63500 0.15178571428571427 0.8817920752654064 
63600 0.15625 0.8817917377010395 
63700 0.20089285714285715 0.8817877569388535 
63800 0.14732142857142858 0.8817904593225513 
63900 0.15178571428571427 0.881786399870037 
64000 0.15178571428571427 0.8817867243145754 
64100 0.1875 0.8817890442241076 
64200 0.17410714285714285 0.881788065532283 
64300 0.19196428571428573 0.8817864418904838 
64400 0.16964285714285715 0.8817828361139024 
64500 0.14285714285714285 0.8817880084546493 
64600 0.16071428571428573 0.8817829371652068 
64700 0.20089285714285715 0.8817851034171107 
64800 0.17857142857142858 0.8817854717850474 
64900 0.16964285714285715 0.8817862517343265 
65000 0.16517857142857142 0.881784511007523 
65100 0.18303571428571427 0.8817846500053763 
65200 0.17410714285714285 0.8817839669417866 
65300 0.1875 0.8817858838302629 
65400 0.16964285714285715 0.8817887960064685 
65500 0.18303571428571427 0.881788836738952 
65600 0.16071428571428573 0.8817878338817425 
65700 0.16071428571428573 0.8817846144256701 
65800 0.19196428571428573 0.8817875560582739 
65900 0.18303571428571427 0.8817805983867576 
66000 0.20089285714285715 0.8817752851508022 
66100 0.20982142857142858 0.8817758412270976 
66200 0.19642857142857142 0.8817777443298583 
66300 0.16517857142857142 0.8817768136801787 
66400 0.19196428571428573 0.8817772304777395 
66500 0.17857142857142858 0.881778585857284 
66600 0.19642857142857142 0.8817798477929332 
66700 0.20535714285714285 0.8817808828453346 
66800 0.15625 0.8817802217816814 
66900 0.18303571428571427 0.8817713326941515 
67000 0.20535714285714285 0.8817777062318188 
67100 0.18303571428571427 0.8817721739297051 
67200 0.16517857142857142 0.8817702454115974 
67300 0.17410714285714285 0.8817769017088121 
67400 0.16071428571428573 0.8817811096486488 
67500 0.19196428571428573 0.8817760900896706 
67600 0.18303571428571427 0.8817736829055078 
67700 0.17410714285714285 0.8817690847923045 
67800 0.19642857142857142 0.8817645441386242 
67900 0.17857142857142858 0.8817559405464959 
68000 0.17410714285714285 0.8817618490904545 
68100 0.16517857142857142 0.8817663855016463 
68200 0.18303571428571427 0.8817657592648062 
68300 0.17410714285714285 0.8817609952723274 
68400 0.1875 0.8817611619434692 
68500 0.1875 0.8817562882293689 
68600 0.21428571428571427 0.8817563311238695 
68700 0.17857142857142858 0.8817506122112314 
68800 0.17857142857142858 0.8817452992446815 
68900 0.20535714285714285 0.8817457898530742 
69000 0.16517857142857142 0.881745588918311 
69100 0.17857142857142858 0.8817461207576763 
69200 0.17857142857142858 0.8817458769175507 
69300 0.20089285714285715 0.8817411244666984 
69400 0.15625 0.8817396020093027 
69500 0.16964285714285715 0.881738469333432 
69600 0.20089285714285715 0.8817422573977796 
69700 0.16517857142857142 0.8817417646532365 
69800 0.20089285714285715 0.8817434905080498 
69900 0.16071428571428573 0.881746914513792 
70000 0.19196428571428573 0.8817485855644239 
70100 0.15625 0.8817494451882691 
70200 0.19642857142857142 0.8817500055961759 
70300 0.20089285714285715 0.8817493366957457 
70400 0.18303571428571427 0.8817452877089814 
70500 0.16964285714285715 0.8817439941750235 
70600 0.18303571428571427 0.881741355343004 
70700 0.1875 0.8817376294940261 
70800 0.19196428571428573 0.8817406399290836 
70900 0.15625 0.8817423405942961 
71000 0.20089285714285715 0.881738880605974 
71100 0.16517857142857142 0.8817448485420807 
71200 0.17857142857142858 0.8817418963484328 
71300 0.14732142857142858 0.8817430430749318 
71400 0.19196428571428573 0.881747396161585 
71500 0.19642857142857142 0.8817453685296442 
71600 0.16517857142857142 0.8817408941481929 
71700 0.19642857142857142 0.88174419430957 
71800 0.17410714285714285 0.881748728794731 
71900 0.20982142857142858 0.8817496908778671 
72000 0.1875 0.8817461033940667 
72100 0.17857142857142858 0.8817447961556573 
72200 0.19642857142857142 0.8817478207332572 
72300 0.18303571428571427 0.8817451974911761 
72400 0.19642857142857142 0.8817443079910103 
72500 0.20089285714285715 0.8817413273774221 
72600 0.17410714285714285 0.8817439301308325 
72700 0.19196428571428573 0.8817428822948005 
72800 0.19642857142857142 0.881741878218575 
72900 0.1875 0.8817491643918922 
73000 0.15625 0.8817501521505576 
73100 0.17410714285714285 0.8817501600851008 
73200 0.18303571428571427 0.8817493548422771 
73300 0.16071428571428573 0.8817455472250427 
73400 0.16071428571428573 0.8817385467695068 
73500 0.16517857142857142 0.8817385704502887 
73600 0.1875 0.8817333777167883 
73700 0.20089285714285715 0.8817365581393546 
73800 0.18303571428571427 0.8817351326378982 
73900 0.16517857142857142 0.8817381812605152 
74000 0.17410714285714285 0.8817417042626837 
74100 0.1875 0.8817361005345985 
74200 0.15178571428571427 0.8817357261903157 
74300 0.18303571428571427 0.8817386374342203 
74400 0.16517857142857142 0.8817404207956754 
74500 0.16517857142857142 0.8817387638133333 
74600 0.17410714285714285 0.8817421779102923 
74700 0.16964285714285715 0.8817447063563246 
74800 0.16071428571428573 0.8817512068529769 
74900 0.17857142857142858 0.8817500608740044 
75000 0.17410714285714285 0.8817494734990835 
75100 0.17410714285714285 0.8817542376266627 
75200 0.21875 0.8817557042364558 
75300 0.17857142857142858 0.8817539259897264 
75400 0.17857142857142858 0.8817534550192273 
75500 0.17857142857142858 0.8817531823924123 
75600 0.16964285714285715 0.8817572408654206 
75700 0.18303571428571427 0.8817569246427518 
75800 0.17857142857142858 0.8817567270440584 
75900 0.19196428571428573 0.8817619411501574 
76000 0.1875 0.8817579781218418 
76100 0.16964285714285715 0.8817619254111547 
76200 0.17857142857142858 0.8817595350892158 
76300 0.1875 0.881760895600819 
76400 0.19196428571428573 0.8817633043322171 
76500 0.18303571428571427 0.8817602213105213 
76600 0.17857142857142858 0.8817584673456333 
76700 0.16964285714285715 0.8817579208317269 
76800 0.17857142857142858 0.8817541593270425 
76900 0.1875 0.8817499044844919 
77000 0.19642857142857142 0.8817531590498825 
77100 0.16964285714285715 0.8817496885655859 
77200 0.1875 0.881755479357842 
77300 0.22321428571428573 0.8817547484447007 
77400 0.18303571428571427 0.8817551729674958 
77500 0.1875 0.8817510265612548 
77600 0.22321428571428573 0.8817547147465576 
77700 0.1875 0.8817568230107966 
77800 0.19196428571428573 0.8817549857052884 
77900 0.15178571428571427 0.8817580051237193 
78000 0.17857142857142858 0.8817628482785019 
78100 0.16517857142857142 0.8817628394490407 
78200 0.14285714285714285 0.8817638582139675 
78300 0.16071428571428573 0.8817682192224024 
78400 0.17410714285714285 0.8817645972688638 
78500 0.16517857142857142 0.8817616290602304 
78600 0.19196428571428573 0.8817651432400291 
78700 0.17857142857142858 0.8817654719096568 
78800 0.1875 0.8817638357864688 
78900 0.20535714285714285 0.8817636371921171 
79000 0.17857142857142858 0.8817628363354051 
79100 0.1875 0.8817654613962499 
79200 0.16964285714285715 0.8817608273344312 
79300 0.18303571428571427 0.8817663756717173 
79400 0.19642857142857142 0.881764151045237 
79500 0.15178571428571427 0.8817679966289732 
79600 0.18303571428571427 0.8817668598324621 
79700 0.16964285714285715 0.8817664727275334 
79800 0.17857142857142858 0.8817727251299512 
79900 0.17410714285714285 0.8817766524764873 
80000 0.16517857142857142 0.8817752873327178 
80100 0.1875 0.8817808736708002 
80200 0.1875 0.8817857038951539 
80300 0.20089285714285715 0.8817913004107759 
80400 0.18303571428571427 0.8817918487154567 
80500 0.16964285714285715 0.8817841511581341 
80600 0.18303571428571427 0.8817833776728518 
80700 0.1875 0.8817817578822709 
80800 0.1875 0.8817812471085636 
80900 0.18303571428571427 0.8817813629945124 
81000 0.16071428571428573 0.8817810376826624 
81100 0.19196428571428573 0.8817801627130427 
81200 0.17410714285714285 0.8817814890269355 
81300 0.18303571428571427 0.881784935287506 
81400 0.16964285714285715 0.8817840221923096 
81500 0.17410714285714285 0.8817810663731266 
81600 0.19196428571428573 0.8817815826836856 
81700 0.1875 0.8817840648333849 
81800 0.14285714285714285 0.8817862862312197 
81900 0.17410714285714285 0.8817828333394383 
82000 0.18303571428571427 0.8817865026036268 
82100 0.17857142857142858 0.8817862478909543 
82200 0.19196428571428573 0.8817840024539152 
82300 0.1875 0.881784908590476 
82400 0.15625 0.8817877268017437 
82500 0.16964285714285715 0.8817893477193062 
82600 0.19642857142857142 0.881787685897957 
82700 0.1875 0.8817888351093814 
82800 0.17410714285714285 0.8817897299376992 
82900 0.17857142857142858 0.881787606962062 
83000 0.18303571428571427 0.8817861345330894 
83100 0.17410714285714285 0.8817839135509802 
83200 0.16964285714285715 0.8817857400408993 
83300 0.16964285714285715 0.8817854184566469 
83400 0.16071428571428573 0.8817861682028478 
83500 0.15625 0.881786417157251 
83600 0.16071428571428573 0.8817926463057801 
83700 0.17857142857142858 0.8817894734147228 
83800 0.17857142857142858 0.8817863436110832 
83900 0.18303571428571427 0.8817852786816208 
84000 0.17857142857142858 0.881783791122668 
84100 0.17410714285714285 0.8817845365634631 
84200 0.16071428571428573 0.8817851388485941 
84300 0.13839285714285715 0.8817857044005014 
84400 0.20535714285714285 0.8817834828745541 
84500 0.14285714285714285 0.8817858805277593 
84600 0.17410714285714285 0.8817863728392268 
84700 0.17410714285714285 0.8817823663744905 
84800 0.19642857142857142 0.8817811419564348 
84900 0.16517857142857142 0.8817785532841893 
85000 0.1875 0.8817781765592674 
85100 0.17410714285714285 0.8817780804993058 
85200 0.15625 0.8817800106862148 
85300 0.18303571428571427 0.8817777146027987 
85400 0.17410714285714285 0.8817744132582366 
85500 0.19196428571428573 0.8817755403584809 
85600 0.16964285714285715 0.8817779164796139 
85700 0.1875 0.8817735846278395 
85800 0.18303571428571427 0.8817743618816741 
85900 0.19196428571428573 0.8817753452063588 
86000 0.17410714285714285 0.8817783680256209 
86100 0.16517857142857142 0.881778825919283 
86200 0.14732142857142858 0.8817798696954682 
86300 0.17857142857142858 0.8817812214282128 
86400 0.17857142857142858 0.8817802965794598 
86500 0.18303571428571427 0.881781575880488 
86600 0.14732142857142858 0.8817824398266598 
86700 0.16964285714285715 0.8817829928363544 
86800 0.1875 0.8817804244081016 
86900 0.16071428571428573 0.8817862869132417 
87000 0.17857142857142858 0.881783720603102 
87100 0.17410714285714285 0.8817875498668486 
87200 0.14732142857142858 0.8817906536130811 
87300 0.1875 0.8817903752261607 
87400 0.16964285714285715 0.8817871349407029 
87500 0.19642857142857142 0.8817897523348033 
87600 0.16964285714285715 0.8817900195203251 
87700 0.19642857142857142 0.8817924579781629 
87800 0.1875 0.8817885860395343 
87900 0.19642857142857142 0.881787905603761 
88000 0.16964285714285715 0.8817909469102353 
88100 0.16964285714285715 0.8817904004656992 
88200 0.17857142857142858 0.8817926559519625 
88300 0.1875 0.8817953444953706 
88400 0.17410714285714285 0.8817936839219122 
88500 0.16517857142857142 0.8817927333078291 
88600 0.18303571428571427 0.8817907771115128 
88700 0.15625 0.8817948648777783 
88800 0.16517857142857142 0.8817982731318448 
88900 0.1875 0.8817991628997692 
89000 0.18303571428571427 0.8817966397916343 
89100 0.19196428571428573 0.8817960596882831 
89200 0.17410714285714285 0.8817945133008865 
89300 0.16071428571428573 0.8817973696236537 
89400 0.16964285714285715 0.881802949365113 
89500 0.17857142857142858 0.8818023315514963 
89600 0.17410714285714285 0.8818045052643438 
89700 0.18303571428571427 0.8818018631740051 
89800 0.17410714285714285 0.8818060873752068 
89900 0.1875 0.8818136126988364 
90000 0.16964285714285715 0.8818161279689485 
90100 0.17410714285714285 0.8818099503150169 
90200 0.16964285714285715 0.8818073168336746 
90300 0.1875 0.8818093692998179 
90400 0.16071428571428573 0.8818109233937046 
90500 0.20089285714285715 0.8818098103099098 
90600 0.19196428571428573 0.8818051190962362 
90700 0.17857142857142858 0.8818064430433643 
90800 0.19642857142857142 0.8818065840999234 
90900 0.1875 0.8818124872637474 
91000 0.18303571428571427 0.881812327023094 
91100 0.19642857142857142 0.8818143559659843 
91200 0.19642857142857142 0.8818141940277389 
91300 0.17857142857142858 0.8818120439926335 
91400 0.17410714285714285 0.8818117546906072 
91500 0.16964285714285715 0.8818102950735381 
91600 0.16964285714285715 0.8818104306929484 
91700 0.18303571428571427 0.8818106633827019 
91800 0.15625 0.8818070700028685 
91900 0.17857142857142858 0.8818094756210229 
92000 0.16517857142857142 0.8818121348059881 
92100 0.16964285714285715 0.8818124292637327 
92200 0.19642857142857142 0.8818139819782969 
92300 0.16517857142857142 0.8818174337480738 
92400 0.20535714285714285 0.8818170129059621 
92500 0.17857142857142858 0.8818116380723812 
92600 0.17857142857142858 0.8818068533662857 
92700 0.16071428571428573 0.88180583529946 
92800 0.19196428571428573 0.8818015482181277 
92900 0.17410714285714285 0.8817985518121954 
93000 0.17410714285714285 0.8818006501210176 
93100 0.15625 0.8818022644122794 
93200 0.16071428571428573 0.8818030449806128 
93300 0.18303571428571427 0.881803185899605 
93400 0.17410714285714285 0.8818088709665085 
93500 0.17857142857142858 0.8818115836296123 
93600 0.17857142857142858 0.8818055146439726 
93700 0.19642857142857142 0.8818085744879482 
93800 0.16517857142857142 0.8818118816379762 
93900 0.16517857142857142 0.8818141041147186 
94000 0.19642857142857142 0.8818128707850625 
94100 0.17410714285714285 0.8818168270060386 
94200 0.19642857142857142 0.8818178049874104 
94300 0.15625 0.8818183706075934 
94400 0.16964285714285715 0.8818210788727521 
94500 0.17410714285714285 0.8818202856004044 
94600 0.16964285714285715 0.8818172917733176 
94700 0.20982142857142858 0.881812292925956 
94800 0.17857142857142858 0.8818146822341134 
94900 0.1875 0.8818154984567877 
95000 0.17857142857142858 0.8818152478094216 
95100 0.16517857142857142 0.8818160304257979 
95200 0.16964285714285715 0.8818151857648554 
95300 0.17410714285714285 0.8818184651537659 
95400 0.14732142857142858 0.8818222056172916 
95500 0.17857142857142858 0.881824161901072 
95600 0.16071428571428573 0.8818285112080417 
95700 0.16517857142857142 0.8818300525296795 
95800 0.18303571428571427 0.8818306275757137 
95900 0.16517857142857142 0.881827260106032 
96000 0.17410714285714285 0.8818295109525148 
96100 0.16517857142857142 0.8818280407864544 
96200 0.17857142857142858 0.8818239749512553 
96300 0.17857142857142858 0.8818235334548769 
96400 0.16071428571428573 0.8818218888264843 
96500 0.17857142857142858 0.881817502754721 
96600 0.16964285714285715 0.881813372236608 
96700 0.16517857142857142 0.8818178371130254 
96800 0.19196428571428573 0.8818164203832999 
96900 0.18303571428571427 0.8818175251029401 
97000 0.19196428571428573 0.8818184127704133 
97100 0.16964285714285715 0.8818160496606136 
97200 0.1875 0.8818181617767012 
97300 0.16964285714285715 0.8818201777890013 
97400 0.19642857142857142 0.8818178812576971 
97500 0.18303571428571427 0.8818145210720671 
97600 0.1875 0.881811442212975 
97700 0.18303571428571427 0.8818116595774962 
97800 0.16517857142857142 0.8818129111543801 
97900 0.17857142857142858 0.8818126401744036 
98000 0.17410714285714285 0.8818125823303067 
98100 0.16964285714285715 0.8818124639280897 
98200 0.15178571428571427 0.8818085876828914 
98300 0.16964285714285715 0.881812015912254 
98400 0.16517857142857142 0.8818115052547375 
98500 0.17857142857142858 0.8818115395009284 
98600 0.18303571428571427 0.881811362388385 
98700 0.17410714285714285 0.8818094367259269 
98800 0.16517857142857142 0.8818135395776311 
98900 0.1875 0.8818164605201643 
99000 0.18303571428571427 0.8818166098370339 
99100 0.19196428571428573 0.8818122240369494 
99200 0.18303571428571427 0.88181192729912 
99300 0.17410714285714285 0.8818109118452268 
99400 0.19196428571428573 0.8818090001968937 
99500 0.17410714285714285 0.8818053874548282 
99600 0.20089285714285715 0.8818058159198058 
99700 0.16964285714285715 0.8818081241483464 
99800 0.16517857142857142 0.881806073848864 
99900 0.18303571428571427 0.881806798254081 
