0 0.04261363636363636 0.9573863636363636 
100 0.14488636363636365 0.9091190369036903 
200 0.12357954545454546 0.9087940976933514 
300 0.1534090909090909 0.907948882512836 
400 0.12357954545454546 0.9082195080480616 
500 0.14914772727272727 0.9077413355107966 
600 0.11931818181818182 0.9073939267886856 
700 0.14914772727272727 0.9074293217481519 
800 0.1278409090909091 0.9077325218476904 
900 0.11931818181818182 0.9078422964383008 
1000 0.13210227272727273 0.9078733766233766 
1100 0.14488636363636365 0.9077620551564693 
1200 0.140625 0.9077686208462645 
1300 0.13636363636363635 0.9074488155963943 
1400 0.13210227272727273 0.907314580494452 
1500 0.1747159090909091 0.9068991884198413 
1600 0.140625 0.9067095849185168 
1700 0.1278409090909091 0.9064821495377051 
1800 0.13636363636363635 0.9063635732673767 
1900 0.15767045454545456 0.9064382980249629 
2000 0.14488636363636365 0.9063678388078688 
2100 0.12357954545454546 0.9063257215178919 
2200 0.140625 0.9064087604807732 
2300 0.12357954545454546 0.9064487772114891 
2400 0.11505681818181818 0.9065351558062928 
2500 0.14488636363636365 0.906503307767802 
2600 0.14488636363636365 0.906424757960225 
2700 0.14914772727272727 0.906490861970314 
2800 0.14488636363636365 0.9065035620395313 
2900 0.1278409090909091 0.9064732772398233 
3000 0.13210227272727273 0.9064355442125352 
3100 0.14914772727272727 0.9063351997889244 
3200 0.1278409090909091 0.906440813950186 
3300 0.17045454545454544 0.906367905042549 
3400 0.15767045454545456 0.9064170631632408 
3500 0.140625 0.9063676611877126 
3600 0.14488636363636365 0.9063959506197773 
3700 0.140625 0.9063398098793938 
3800 0.13636363636363635 0.9063755650426921 
3900 0.14488636363636365 0.906421139101862 
4000 0.14914772727272727 0.9064587546295244 
4100 0.14914772727272727 0.9064134856243489 
4200 0.14914772727272727 0.9063710480188699 
4300 0.14488636363636365 0.9063748388324069 
4400 0.1278409090909091 0.906368774658652 
4500 0.14914772727272727 0.9063617175981095 
4600 0.13636363636363635 0.9063753433048152 
4700 0.1278409090909091 0.9063769072344375 
4800 0.15767045454545456 0.9063257417962167 
4900 0.13636363636363635 0.906335789542023 
5000 0.13636363636363635 0.9063318018214539 
5100 0.14914772727272727 0.9063268565878349 
5200 0.1278409090909091 0.9062620169198231 
5300 0.15767045454545456 0.9062666135034556 
5400 0.13636363636363635 0.9062457920250458 
5500 0.13636363636363635 0.90625 
5600 0.1534090909090909 0.9062560865754492 
5700 0.13210227272727273 0.9062764108370143 
5800 0.140625 0.9063371714908088 
5900 0.13210227272727273 0.9063289542604489 
6000 0.16193181818181818 0.9063451545954462 
6100 0.140625 0.9063491826973223 
6200 0.1278409090909091 0.9063631599008958 
6300 0.13636363636363635 0.9063487397382811 
6400 0.13636363636363635 0.9063560736248597 
6500 0.16193181818181818 0.9064046964802618 
6600 0.14914772727272727 0.9064445297544449 
6700 0.16193181818181818 0.9064200051552685 
6800 0.13210227272727273 0.9063874296560667 
6900 0.13636363636363635 0.906399023198219 
7000 0.13210227272727273 0.9063851268000676 
7100 0.140625 0.9063324147687265 
7200 0.14488636363636365 0.9063573083283888 
7300 0.14488636363636365 0.90640875782894 
7400 0.1534090909090909 0.9064162091117908 
7500 0.1534090909090909 0.9064280065688212 
7600 0.13636363636363635 0.9064353823061558 
7700 0.11505681818181818 0.9064890480575132 
7800 0.13636363636363635 0.9065205801121068 
7900 0.13210227272727273 0.9065236276190586 
8000 0.09801136363636363 0.9065546494188227 
8100 0.14488636363636365 0.9065452777995983 
8200 0.14914772727272727 0.9065676580461363 
8300 0.16193181818181818 0.9065600666951408 
8400 0.13636363636363635 0.906543863825735 
8500 0.1534090909090909 0.9065621290543359 
8600 0.1278409090909091 0.9066196055426958 
8700 0.11931818181818182 0.9066160106988748 
8800 0.14488636363636365 0.9066099151955873 
8900 0.1278409090909091 0.9066052333241413 
9000 0.14914772727272727 0.9066091772631324 
9100 0.14914772727272727 0.9065559104394123 
9200 0.140625 0.9065278848148917 
9300 0.13636363636363635 0.9065581902239251 
9400 0.14914772727272727 0.9065724391022232 
9500 0.16619318181818182 0.9065684473404714 
9600 0.1278409090909091 0.9065642428345532 
9700 0.13636363636363635 0.9065809171500595 
9800 0.1534090909090909 0.9066001497991856 
9900 0.1278409090909091 0.9065854229600316 
10000 0.13636363636363635 0.9066059303160593 
10100 0.14914772727272727 0.9066105628605629 
10200 0.17045454545454544 0.9066086992362603 
10300 0.140625 0.9065754317762618 
10400 0.13210227272727273 0.9065537295364956 
10500 0.14488636363636365 0.9065300058003134 
10600 0.140625 0.9065118213547607 
10700 0.13210227272727273 0.9065351262838647 
10800 0.13636363636363635 0.9065290671739149 
10900 0.1534090909090909 0.9065215555703814 
11000 0.1534090909090909 0.9065343233259786 
11100 0.140625 0.9065018200653504 
11200 0.13636363636363635 0.9064769988069247 
11300 0.140625 0.906456387608498 
11400 0.11079545454545454 0.9064752593472661 
11500 0.14914772727272727 0.9064962730513553 
11600 0.1278409090909091 0.906515700057205 
11700 0.13636363636363635 0.9065367373417967 
11800 0.140625 0.9065306965511397 
11900 0.140625 0.9065180733475414 
12000 0.15767045454545456 0.9065094480762966 
12100 0.13636363636363635 0.9065115298510266 
12200 0.140625 0.9065042638084807 
12300 0.140625 0.9064629353858888 
12400 0.1534090909090909 0.9064788580099845 
12500 0.13210227272727273 0.9064872537469729 
12600 0.13210227272727273 0.9064946144245406 
12700 0.14488636363636365 0.9064989514068327 
12800 0.14914772727272727 0.9064972285545874 
12900 0.11931818181818182 0.9065221776324598 
13000 0.1534090909090909 0.9065246729272574 
13100 0.15767045454545456 0.9064993737466258 
13200 0.140625 0.9064852180619926 
13300 0.140625 0.9064751197791007 
13400 0.1534090909090909 0.906464112243998 
13500 0.14488636363636365 0.9064667347873222 
13600 0.16619318181818182 0.9064603371409856 
13700 0.12357954545454546 0.9064415918546092 
13800 0.11505681818181818 0.9064498784673047 
13900 0.14914772727272727 0.906454571613553 
14000 0.1534090909090909 0.9064425592977124 
14100 0.1534090909090909 0.9064305158886217 
14200 0.13210227272727273 0.9064350461875285 
14300 0.13636363636363635 0.9064262035077013 
14400 0.1278409090909091 0.9064208372524635 
14500 0.13210227272727273 0.9064414052949327 
14600 0.1534090909090909 0.9064395106810866 
14700 0.140625 0.9064451784356042 
14800 0.12357954545454546 0.90642754482191 
14900 0.13210227272727273 0.9064118637553307 
15000 0.13210227272727273 0.90643256358667 
15100 0.13210227272727273 0.9064383153433547 
15200 0.15767045454545456 0.9064436176447722 
15300 0.16193181818181818 0.9064269417922773 
15400 0.13636363636363635 0.9064342781755612 
15500 0.140625 0.9064175111869616 
15600 0.14914772727272727 0.9064404743868401 
15700 0.13636363636363635 0.9064305762227073 
15800 0.11931818181818182 0.9064139712101076 
15900 0.16193181818181818 0.9064224091109193 
16000 0.16193181818181818 0.9064353577333235 
16100 0.12357954545454546 0.9064193853007436 
16200 0.12357954545454546 0.9064134298668433 
16300 0.14488636363636365 0.9064244524875774 
16400 0.13636363636363635 0.9064235620333572 
16500 0.11505681818181818 0.9064109750924186 
16600 0.14488636363636365 0.9064230112096204 
16700 0.14488636363636365 0.9064316712118491 
16800 0.12357954545454546 0.9064343099166176 
16900 0.13636363636363635 0.9064283447456041 
17000 0.13636363636363635 0.9064282983353921 
17100 0.13210227272727273 0.9064008417902196 
17200 0.1278409090909091 0.9064037635232624 
17300 0.14488636363636365 0.9064058304564634 
17400 0.1534090909090909 0.9063967718678655 
17500 0.140625 0.9064272625979815 
17600 0.13210227272727273 0.9064206062672059 
17700 0.14914772727272727 0.9064173955246494 
17800 0.13210227272727273 0.9064185298578732 
17900 0.14488636363636365 0.9064067967254241 
18000 0.12357954545454546 0.906408924251683 
18100 0.14914772727272727 0.9064292341960012 
18200 0.140625 0.906445574918461 
18300 0.11931818181818182 0.9064486975376408 
18400 0.12357954545454546 0.9064460738299795 
18500 0.13636363636363635 0.9064442462569591 
18600 0.1534090909090909 0.9064519075220785 
18700 0.1278409090909091 0.906462525095887 
18800 0.13636363636363635 0.9064567104747813 
18900 0.13210227272727273 0.9064753067418271 
19000 0.1278409090909091 0.9064844374219538 
19100 0.14488636363636365 0.9064851435669717 
19200 0.16193181818181818 0.9064825873178953 
19300 0.14914772727272727 0.9064921271154108 
19400 0.12357954545454546 0.9064936612920609 
19500 0.13210227272727273 0.9065069798285402 
19600 0.14914772727272727 0.9065042194043903 
19700 0.13636363636363635 0.9064915371162516 
19800 0.11931818181818182 0.9064921824425763 
19900 0.14914772727272727 0.90649310678769 
20000 0.1278409090909091 0.9064870620105359 
20100 0.14488636363636365 0.9065010051512589 
20200 0.13636363636363635 0.9065045441044772 
20300 0.140625 0.9065052494055376 
20400 0.1278409090909091 0.9065183413469037 
20500 0.11931818181818182 0.9065180024477741 
20600 0.14914772727272727 0.9065082895358124 
20700 0.14914772727272727 0.9065203536500213 
20800 0.15767045454545456 0.9065148200916914 
20900 0.1278409090909091 0.9064983297884833 
21000 0.12357954545454546 0.906510945366238 
21100 0.13210227272727273 0.9065106511539738 
21200 0.14488636363636365 0.9065230896055504 
21300 0.1278409090909091 0.9065328772443462 
21400 0.13210227272727273 0.9065307589704814 
21500 0.11079545454545454 0.9065365881502341 
21600 0.1278409090909091 0.9065309213378169 
21700 0.15767045454545456 0.9065397070097314 
21800 0.1534090909090909 0.9065550579414622 
21900 0.13210227272727273 0.9065653394822154 
22000 0.140625 0.9065840498985583 
22100 0.1278409090909091 0.9065987347343395 
22200 0.140625 0.9066159745056529 
22300 0.1278409090909091 0.9066124225982528 
22400 0.1278409090909091 0.9066066196314287 
22500 0.14914772727272727 0.9066205643385546 
22600 0.13210227272727273 0.9066196789361693 
22700 0.13210227272727273 0.9066106669309723 
22800 0.13210227272727273 0.906614193556104 
22900 0.13210227272727273 0.9066168210201222 
23000 0.11931818181818182 0.9066337530779294 
23100 0.13636363636363635 0.906622130683048 
23200 0.140625 0.9066135472217106 
23300 0.140625 0.9066143035218933 
23400 0.12357954545454546 0.9066115327239318 
23500 0.13636363636363635 0.9066201486590513 
23600 0.14914772727272727 0.9066115986995928 
23700 0.12357954545454546 0.9066025215660252 
23800 0.12357954545454546 0.906597578978729 
23900 0.1278409090909091 0.9065838819980906 
24000 0.1534090909090909 0.9065858051369071 
24100 0.16193181818181818 0.9065873586912652 
24200 0.14914772727272727 0.9065858473166022 
24300 0.140625 0.9065965065036605 
24400 0.14488636363636365 0.9066032362682602 
24500 0.1534090909090909 0.9066041135612276 
24600 0.1278409090909091 0.9066007109836629 
24700 0.12357954545454546 0.9066030865515198 
24800 0.140625 0.9066064738958473 
24900 0.13210227272727273 0.9066204442318856 
25000 0.11931818181818182 0.9066198715687737 
25100 0.11931818181818182 0.9066318663508517 
25200 0.140625 0.9066212199371598 
25300 0.11931818181818182 0.90662368267873 
25400 0.11931818181818182 0.9066161720547867 
25500 0.140625 0.9066219773912609 
25600 0.1278409090909091 0.9066085397942552 
25700 0.1534090909090909 0.9066103503224141 
25800 0.13210227272727273 0.906606421174655 
25900 0.15767045454545456 0.9066048257175048 
26000 0.13210227272727273 0.9066012758250557 
26100 0.140625 0.9066018891648178 
26200 0.140625 0.9066057506479628 
26300 0.13636363636363635 0.9066146594840846 
26400 0.13210227272727273 0.9066070370957023 
26500 0.14914772727272727 0.9066113714405288 
26600 0.1278409090909091 0.9066051002867288 
26700 0.14914772727272727 0.906598663311895 
26800 0.1278409090909091 0.9066002243810442 
26900 0.1278409090909091 0.906598288843605 
27000 0.16619318181818182 0.9065984719421166 
27100 0.1278409090909091 0.9066035805455015 
27200 0.13636363636363635 0.9065955964185809 
27300 0.11505681818181818 0.9065960995434733 
27400 0.14488636363636365 0.9065905856123366 
27500 0.13636363636363635 0.9065915165068378 
27600 0.14488636363636365 0.9065933670058067 
27700 0.140625 0.9065901788908178 
27800 0.14914772727272727 0.9065834371556288 
27900 0.1278409090909091 0.9065867222093701 
28000 0.13636363636363635 0.9065883604806322 
28100 0.12357954545454546 0.9065966594524297 
28200 0.13636363636363635 0.9065976464406484 
28300 0.1278409090909091 0.906598626453932 
28400 0.17045454545454544 0.9065885964322639 
28500 0.14914772727272727 0.9065878071263848 
28600 0.14914772727272727 0.9065878179720354 
28700 0.14488636363636365 0.906583968407816 
28800 0.14914772727272727 0.9065913904504579 
28900 0.14914772727272727 0.9065801828184618 
29000 0.15767045454545456 0.9065712075759144 
29100 0.1278409090909091 0.9065822089837587 
29200 0.14488636363636365 0.9065891462309821 
29300 0.11931818181818182 0.906599817412375 
29400 0.11931818181818182 0.9066110923870864 
29500 0.12357954545454546 0.9066094831916329 
29600 0.13636363636363635 0.9066131634066417 
29700 0.12357954545454546 0.9066317402842268 
29800 0.13636363636363635 0.9066257881828249 
29900 0.140625 0.9066191158094439 
30000 0.14488636363636365 0.9066165597510386 
30100 0.13210227272727273 0.9066170408110875 
30200 0.14914772727272727 0.906626737224234 
30300 0.14488636363636365 0.9066251188829652 
30400 0.13210227272727273 0.9066147270873267 
30500 0.13210227272727273 0.9066085016586639 
30600 0.16193181818181818 0.9066105794225382 
30700 0.11931818181818182 0.9066090347960238 
30800 0.13210227272727273 0.906612204149216 
30900 0.1278409090909091 0.9066150771819682 
31000 0.15767045454545456 0.9066028111996387 
31100 0.16193181818181818 0.9066004893148715 
31200 0.14914772727272727 0.9066083801218492 
31300 0.1534090909090909 0.9066158574660699 
31400 0.140625 0.9066135162169126 
31500 0.140625 0.9066151579603533 
31600 0.14914772727272727 0.9066149913265116 
31700 0.13210227272727273 0.9066126749658027 
31800 0.17045454545454544 0.9066179665590848 
31900 0.140625 0.9066063937864587 
32000 0.14488636363636365 0.9066102515262308 
32100 0.12357954545454546 0.9066059433152748 
32200 0.140625 0.9066127781181273 
32300 0.13636363636363635 0.9066120068053057 
32400 0.11505681818181818 0.90660580411379 
32500 0.14914772727272727 0.9065998144113048 
32600 0.15767045454545456 0.9066023142067589 
32700 0.13636363636363635 0.906617308756196 
32800 0.1534090909090909 0.9066115985931693 
32900 0.13636363636363635 0.9066036781142325 
33000 0.13210227272727273 0.9066014011972089 
33100 0.1278409090909091 0.9065999104668632 
33200 0.14914772727272727 0.9066027070652308 
33300 0.14488636363636365 0.9066153828304364 
33400 0.1278409090909091 0.9066089304620711 
33500 0.1278409090909091 0.9066110814873911 
33600 0.11505681818181818 0.9066009601986954 
33700 0.13210227272727273 0.9066008460768631 
33800 0.1278409090909091 0.9065982111879423 
33900 0.14914772727272727 0.9065928264384799 
34000 0.140625 0.9065879746852366 
34100 0.16193181818181818 0.9065941481321529 
34200 0.14914772727272727 0.9065905668627445 
34300 0.13210227272727273 0.9065897396312326 
34400 0.1278409090909091 0.9065883391339047 
34500 0.13210227272727273 0.9065902404673383 
34600 0.15767045454545456 0.9065881076742396 
34700 0.13636363636363635 0.9065876245379357 
34800 0.14488636363636365 0.9065869809122518 
34900 0.13636363636363635 0.9065910621211687 
35000 0.14488636363636365 0.9065990160021402 
35100 0.140625 0.906599883194211 
35200 0.14488636363636365 0.9066111564495843 
35300 0.13210227272727273 0.9066283211137465 
35400 0.13636363636363635 0.9066301414187067 
35500 0.14488636363636365 0.9066330717956729 
35600 0.13210227272727273 0.9066351877245532 
35700 0.13210227272727273 0.9066251168161829 
35800 0.14488636363636365 0.9066223232718232 
35900 0.14488636363636365 0.9066188331041678 
36000 0.13210227272727273 0.9066273569421052 
36100 0.1534090909090909 0.906630246329112 
36200 0.11505681818181818 0.90663586641253 
36300 0.14914772727272727 0.9066299513411852 
36400 0.14488636363636365 0.906621337201026 
36500 0.13210227272727273 0.9066260793602168 
36600 0.15767045454545456 0.9066203947482806 
36700 0.1278409090909091 0.906620314408079 
36800 0.16193181818181818 0.9066196941288651 
36900 0.140625 0.906621001894504 
37000 0.1534090909090909 0.9066171583814688 
37100 0.14914772727272727 0.9066211459627406 
37200 0.13210227272727273 0.9066086933146958 
37300 0.1534090909090909 0.9066081886666455 
37400 0.13210227272727273 0.9066008504877118 
37500 0.13636363636363635 0.9066122630669243 
37600 0.13636363636363635 0.9066085041258574 
37700 0.14914772727272727 0.9066014495636721 
37800 0.11079545454545454 0.9065993173581266 
37900 0.14488636363636365 0.9065946478984723 
38000 0.14488636363636365 0.9065935166777908 
38100 0.13210227272727273 0.9065886632658174 
38200 0.1534090909090909 0.9065975932329234 
38300 0.13636363636363635 0.9066027679077926 
38400 0.14488636363636365 0.9065975584205904 
38500 0.13210227272727273 0.9066032966085886 
38600 0.16193181818181818 0.9066091522593621 
38700 0.1534090909090909 0.9066047007242002 
38800 0.14914772727272727 0.9065965380461141 
38900 0.14488636363636365 0.9065924339407027 
39000 0.1278409090909091 0.9065894435107724 
39100 0.13210227272727273 0.9065926441081489 
39200 0.12357954545454546 0.9065898858099631 
39300 0.13636363636363635 0.9065869969767135 
39400 0.1534090909090909 0.9065851322416828 
39500 0.140625 0.9065888147825947 
39600 0.1278409090909091 0.9065860940150731 
39700 0.140625 0.9065883959872776 
39800 0.12357954545454546 0.9065928277270329 
39900 0.14914772727272727 0.9065983052372805 
40000 0.140625 0.9065964402026313 
40100 0.140625 0.9065996852266209 
40200 0.14914772727272727 0.9066032674447266 
40300 0.140625 0.9065986547818574 
40400 0.14914772727272727 0.9065961744871301 
40500 0.11931818181818182 0.9066037370569975 
40600 0.14488636363636365 0.9066033556047657 
40700 0.11931818181818182 0.9066068149989613 
40800 0.13636363636363635 0.9066052441896477 
40900 0.140625 0.9066079874686327 
41000 0.13636363636363635 0.9066092623018064 
41100 0.1534090909090909 0.9066159223066902 
41200 0.12357954545454546 0.9066084836864066 
41300 0.13210227272727273 0.9066119491933939 
41400 0.12357954545454546 0.9066083301676947 
41500 0.140625 0.9066172556630618 
41600 0.16193181818181818 0.9066153485165348 
41700 0.140625 0.9066085454676256 
41800 0.14914772727272727 0.9066144839945108 
41900 0.140625 0.9066166651479353 
42000 0.13636363636363635 0.9066120043678614 
42100 0.14914772727272727 0.9066112794772744 
42200 0.14488636363636365 0.9066093462886489 
42300 0.140625 0.9066113174844351 
42400 0.14488636363636365 0.9066073162939983 
42500 0.13636363636363635 0.9066106867004199 
42600 0.13210227272727273 0.9066145080887986 
42700 0.15767045454545456 0.9066182450485512 
42800 0.12357954545454546 0.9066163890605784 
42900 0.13636363636363635 0.9066216272771772 
43000 0.15767045454545456 0.9066245948825714 
43100 0.15767045454545456 0.9066166071869246 
43200 0.12357954545454546 0.9066144433735751 
43300 0.14914772727272727 0.9066044821555664 
43400 0.14488636363636365 0.9066057600264762 
43500 0.1278409090909091 0.9066058565006865 
43600 0.140625 0.9066082981833194 
43700 0.15767045454545456 0.9065978571324559 
43800 0.1534090909090909 0.9065947928752146 
43900 0.14488636363636365 0.9065896070911618 
44000 0.12357954545454546 0.906597809760522 
44100 0.12357954545454546 0.9065976008583603 
44200 0.1278409090909091 0.9065982927165367 
44300 0.1278409090909091 0.9065950696782958 
44400 0.14488636363636365 0.9065916052259265 
44500 0.14488636363636365 0.9065904545556688 
44600 0.14914772727272727 0.9065960608302708 
44700 0.13636363636363635 0.9065979559131279 
44800 0.14914772727272727 0.9065967987727547 
44900 0.11079545454545454 0.9065956467865668 
45000 0.14488636363636365 0.9066016336000614 
45100 0.14488636363636365 0.9066072159254683 
45200 0.13636363636363635 0.906599260676051 
45300 0.15767045454545456 0.9065973608850698 
45400 0.14488636363636365 0.906593029088266 
45500 0.140625 0.906584970160496 
45600 0.140625 0.9065859799725285 
45700 0.13636363636363635 0.9065879178096361 
45800 0.1278409090909091 0.9065940650362934 
45900 0.14914772727272727 0.9065997522335619 
46000 0.1534090909090909 0.9066012769485249 
46100 0.140625 0.9065994673749929 
46200 0.1534090909090909 0.9065939147322667 
46300 0.1534090909090909 0.9065928651648992 
46400 0.13636363636363635 0.9065935956513477 
46500 0.14488636363636365 0.9065931622193854 
46600 0.14488636363636365 0.9065975466776952 
46700 0.12357954545454546 0.9065992965889381 
46800 0.13636363636363635 0.9065939369011151 
46900 0.13636363636363635 0.9065968379235954 
47000 0.15767045454545456 0.9065937426863259 
47100 0.13210227272727273 0.9065957873891888 
47200 0.15767045454545456 0.9065967400536583 
47300 0.13210227272727273 0.9065946856783731 
47400 0.13636363636363635 0.9065922204364695 
47500 0.1534090909090909 0.9065872536654731 
47600 0.11505681818181818 0.9065930504706738 
47700 0.140625 0.9065926886419381 
47800 0.13636363636363635 0.9065931603751157 
47900 0.13210227272727273 0.9065858608000212 
48000 0.13210227272727273 0.9065886529826083 
48100 0.14914772727272727 0.9065953316033876 
48200 0.13210227272727273 0.9065920807942498 
48300 0.13210227272727273 0.9065842557372236 
48400 0.1534090909090909 0.9065835651404648 
48500 0.140625 0.9065824673718068 
48600 0.13636363636363635 0.906583653815578 
48700 0.11931818181818182 0.9065833770447126 
48800 0.14914772727272727 0.9065896213937494 
48900 0.12357954545454546 0.9065957240138238 
49000 0.1278409090909091 0.906599134804299 
49100 0.140625 0.9066000437872955 
49200 0.14914772727272727 0.9066079934628084 
49300 0.11079545454545454 0.9066063453442766 
49400 0.13636363636363635 0.9066098220315746 
49500 0.13210227272727273 0.9066168429104279 
49600 0.13636363636363635 0.9066159314969823 
49700 0.13210227272727273 0.9066131374711685 
49800 0.1278409090909091 0.9066106398922256 
49900 0.14488636363636365 0.9066108280759541 
50000 0.15767045454545456 0.9066114132262809 
50100 0.15767045454545456 0.9066104650424325 
50200 0.11505681818181818 0.9066105958591915 
50300 0.13210227272727273 0.9066066597266276 
50400 0.140625 0.9065971589669036 
50500 0.1534090909090909 0.906599115499063 
50600 0.14488636363636365 0.9065963482575803 
50700 0.13636363636363635 0.9066053027464045 
50800 0.140625 0.9066027579092036 
50900 0.13636363636363635 0.9066021765066233 
51000 0.1278409090909091 0.906602377226115 
51100 0.140625 0.9066005201819569 
51200 0.140625 0.9066027208275407 
51300 0.13636363636363635 0.9066034177076115 
51400 0.13636363636363635 0.9066051067276725 
51500 0.11931818181818182 0.9066092714881088 
51600 0.1278409090909091 0.9066116032811203 
51700 0.13210227272727273 0.9066084861203669 
51800 0.14914772727272727 0.9066091103014859 
51900 0.11505681818181818 0.9066103889222663 
52000 0.140625 0.906607455975497 
52100 0.140625 0.9066114592112173 
52200 0.14488636363636365 0.9066058143260927 
52300 0.13210227272727273 0.9066031785416931 
52400 0.14488636363636365 0.9066062995848448 
52500 0.12357954545454546 0.9066117355340417 
52600 0.12357954545454546 0.9066137482695628 
52700 0.140625 0.9066125729027049 
52800 0.13636363636363635 0.9066179122812756 
52900 0.16619318181818182 0.9066192574981398 
53000 0.17045454545454544 0.9066155055393466 
53100 0.14914772727272727 0.9066143357170127 
53200 0.14488636363636365 0.9066145052810012 
53300 0.140625 0.9066127554318442 
53400 0.1278409090909091 0.9066158532952225 
53500 0.12357954545454546 0.9066233999874259 
53600 0.14488636363636365 0.9066181452686601 
53700 0.11931818181818182 0.9066214803008578 
53800 0.13210227272727273 0.9066241692871542 
53900 0.13210227272727273 0.9066228953417966 
54000 0.1534090909090909 0.9066314638954498 
54100 0.1278409090909091 0.9066383729253871 
54200 0.16619318181818182 0.9066349308382435 
54300 0.1534090909090909 0.9066329140096198 
54400 0.14488636363636365 0.9066364400888353 
54500 0.140625 0.9066386500831511 
54600 0.14488636363636365 0.9066368456455176 
54700 0.1278409090909091 0.9066392545590823 
54800 0.14488636363636365 0.9066305608225463 
54900 0.13636363636363635 0.9066386127260474 
55000 0.13636363636363635 0.906641108591414 
55100 0.1278409090909091 0.9066443687707367 
55200 0.140625 0.9066464849121639 
55300 0.13210227272727273 0.9066468981326986 
55400 0.12357954545454546 0.9066457714908329 
55500 0.11505681818181818 0.9066495628252398 
55600 0.14488636363636365 0.9066531361437253 
55700 0.11505681818181818 0.9066622559412186 
55800 0.1534090909090909 0.906652251263011 
55900 0.1278409090909091 0.9066478726189644 
56000 0.140625 0.9066492420589892 
56100 0.11505681818181818 0.906658151855987 
56200 0.1278409090909091 0.9066680914768582 
56300 0.13210227272727273 0.906661495597527 
56400 0.14488636363636365 0.9066639896778104 
56500 0.1278409090909091 0.9066614468609566 
56600 0.140625 0.9066678471790572 
56700 0.14488636363636365 0.9066677615915063 
56800 0.1278409090909091 0.9066693768195502 
56900 0.14488636363636365 0.9066670421194067 
57000 0.11931818181818182 0.9066647156110499 
57100 0.1534090909090909 0.9066645863549595 
57200 0.14914772727272727 0.9066643582200565 
57300 0.1534090909090909 0.9066650232980227 
57400 0.1278409090909091 0.9066642012888594 
57500 0.13636363636363635 0.9066628386699994 
57600 0.140625 0.9066612835004443 
57700 0.15767045454545456 0.9066653957470407 
57800 0.140625 0.9066682650190072 
57900 0.13636363636363635 0.9066604282230956 
58000 0.11931818181818182 0.9066611900108306 
58100 0.13636363636363635 0.9066648829389574 
58200 0.14914772727272727 0.9066666595075686 
58300 0.13636363636363635 0.9066691121780228 
58400 0.140625 0.90668167458216 
58500 0.13636363636363635 0.906680402510602 
58600 0.11931818181818182 0.9066832554827641 
58700 0.15767045454545456 0.906685034016766 
58800 0.13636363636363635 0.9066803324309575 
58900 0.12357954545454546 0.9066797947557612 
59000 0.14488636363636365 0.9066765624927775 
59100 0.14914772727272727 0.9066730527556064 
59200 0.1534090909090909 0.9066766570282135 
59300 0.13636363636363635 0.9066700450398659 
59400 0.1534090909090909 0.9066716335507055 
59500 0.140625 0.9066739329056349 
59600 0.12357954545454546 0.9066779881667635 
59700 0.14914772727272727 0.9066794602191832 
59800 0.14488636363636365 0.9066806898182 
59900 0.13636363636363635 0.9066816781780848 
60000 0.13636363636363635 0.9066821897665341 
60100 0.11931818181818182 0.9066772637272712 
60200 0.140625 0.906674100098005 
60300 0.140625 0.9066730670077837 
60400 0.14488636363636365 0.9066724136114543 
60500 0.10227272727272728 0.9066742980206187 
60600 0.140625 0.9066690506157264 
60700 0.14488636363636365 0.906670700347905 
60800 0.1278409090909091 0.9066709429121231 
60900 0.1278409090909091 0.9066753363506496 
61000 0.14488636363636365 0.9066817645314309 
61100 0.12357954545454546 0.9066891480722679 
61200 0.14914772727272727 0.9066852740077034 
61300 0.13210227272727273 0.9066852127579114 
61400 0.14488636363636365 0.9066757130103004 
61500 0.15767045454545456 0.906677515221482 
61600 0.140625 0.9066766828608154 
61700 0.140625 0.9066764517592908 
61800 0.16619318181818182 0.9066730495681888 
61900 0.13636363636363635 0.9066748444363507 
62000 0.13210227272727273 0.9066774582814646 
62100 0.1534090909090909 0.9066805211744504 
62200 0.140625 0.9066822497007502 
62300 0.1534090909090909 0.9066878030558388 
62400 0.140625 0.9066898330592021 
62500 0.13210227272727273 0.9066885384379304 
62600 0.11931818181818182 0.9066906515434694 
62700 0.13636363636363635 0.9066905377759671 
62800 0.140625 0.9066925957316835 
62900 0.140625 0.9066998410922792 
63000 0.14914772727272727 0.9066981350223878 
63100 0.14488636363636365 0.9066946334952191 
63200 0.1534090909090909 0.906694514327305 
63300 0.13636363636363635 0.9066921515673313 
63400 0.1278409090909091 0.9066958902282872 
63500 0.13210227272727273 0.9066941590755192 
63600 0.14488636363636365 0.9066970341375421 
63700 0.13636363636363635 0.9067018178678514 
63800 0.1534090909090909 0.9067006644238976 
63900 0.13636363636363635 0.9067031601440296 
64000 0.13210227272727273 0.9067048046834495 
64100 0.13636363636363635 0.9067007269068275 
64200 0.13210227272727273 0.906706308383755 
64300 0.14488636363636365 0.9067048034740023 
64400 0.1534090909090909 0.9067023327559849 
64500 0.1278409090909091 0.9067078417388877 
64600 0.14914772727272727 0.9067076167551585 
64700 0.14488636363636365 0.9067075241917014 
64800 0.140625 0.9067097554611251 
64900 0.1278409090909091 0.906709659887577 
65000 0.13210227272727273 0.9067119684172691 
65100 0.1534090909090909 0.9067096005367883 
65200 0.140625 0.9067084599232303 
65300 0.140625 0.9067057566290924 
65400 0.14914772727272727 0.9067124008390197 
65500 0.11931818181818182 0.9067092226905626 
65600 0.14914772727272727 0.9067074400196228 
65700 0.140625 0.9067089922527816 
65800 0.14914772727272727 0.9067119213441078 
65900 0.16619318181818182 0.9067098409321972 
66000 0.13636363636363635 0.9067120281235408 
66100 0.1278409090909091 0.9067105125627312 
66200 0.14914772727272727 0.9067077570923812 
66300 0.13210227272727273 0.9067055241179689 
66400 0.140625 0.9067027844597083 
66500 0.1278409090909091 0.9066995831231519 
66600 0.13636363636363635 0.9067006143096404 
66700 0.14488636363636365 0.9066984480265391 
66800 0.13210227272727273 0.9066936089688369 
66900 0.14488636363636365 0.9066983388616286 
67000 0.13636363636363635 0.9066951680504091 
67100 0.1278409090909091 0.9066968331998846 
67200 0.1534090909090909 0.9066997616377462 
67300 0.1534090909090909 0.906702892433045 
67400 0.15767045454545456 0.9067027262881182 
67500 0.14488636363636365 0.9067020555924424 
67600 0.12357954545454546 0.9067004623385077 
67700 0.1534090909090909 0.9067009299580643 
67800 0.11931818181818182 0.9066978346390707 
67900 0.140625 0.9067009824463691 
68000 0.12357954545454546 0.9067017814577593 
68100 0.13636363636363635 0.9066975721889012 
68200 0.13636363636363635 0.9066968742793694 
68300 0.13636363636363635 0.9066997970880235 
68400 0.13210227272727273 0.9067004270272497 
68500 0.12357954545454546 0.9067008477646643 
68600 0.15767045454545456 0.9066993209083886 
68700 0.140625 0.9066977984970445 
68800 0.14488636363636365 0.9066950830524397 
68900 0.14488636363636365 0.90669299396631 
69000 0.1534090909090909 0.9066899228074429 
69100 0.14914772727272727 0.906690396205291 
69200 0.11931818181818182 0.9066879534715079 
69300 0.14488636363636365 0.9066864606440154 
69400 0.14488636363636365 0.9066837850122673 
69500 0.14914772727272727 0.9066825068573244 
69600 0.140625 0.9066792731556887 
69700 0.1534090909090909 0.906686972014227 
69800 0.13210227272727273 0.9066915149040584 
69900 0.14914772727272727 0.90669275280234 
70000 0.140625 0.9066948800082076 
70100 0.13210227272727273 0.9066938401215908 
70200 0.13210227272727273 0.9066905369775877 
70300 0.13636363636363635 0.9066896678697186 
70400 0.11931818181818182 0.9066892854698603 
70500 0.13210227272727273 0.9066910801394178 
70600 0.1278409090909091 0.9066968533796199 
70700 0.13210227272727273 0.9067001190030745 
70800 0.14488636363636365 0.9067031747753947 
70900 0.14914772727272727 0.9066992499785231 
71000 0.14488636363636365 0.9066909348908018 
71100 0.14488636363636365 0.9066948297620159 
71200 0.14488636363636365 0.9066871427367593 
71300 0.15767045454545456 0.9066914304402208 
71400 0.140625 0.9066907326227924 
71500 0.16193181818181818 0.9066883679948532 
71600 0.140625 0.9066875176959184 
71700 0.1278409090909091 0.90668801690353 
71800 0.13636363636363635 0.9066861011685075 
71900 0.140625 0.9066881023907873 
72000 0.140625 0.9066910844672612 
72100 0.12357954545454546 0.9066883450109757 
72200 0.140625 0.9066837244762412 
72300 0.13210227272727273 0.9066824173185081 
72400 0.13210227272727273 0.906679583468837 
72500 0.14914772727272727 0.9066846335034877 
72600 0.11931818181818182 0.9066889652784648 
72700 0.14914772727272727 0.9066875799507572 
72800 0.13210227272727273 0.9066861984288428 
72900 0.13636363636363635 0.906684586880589 
73000 0.14914772727272727 0.906680605869658 
73100 0.15767045454545456 0.9066827760719602 
73200 0.1534090909090909 0.9066819131879719 
73300 0.1278409090909091 0.906681207685372 
73400 0.1278409090909091 0.9066808137367462 
73500 0.13636363636363635 0.9066806527678659 
73600 0.13636363636363635 0.9066858188685677 
73700 0.13210227272727273 0.9066826063788452 
73800 0.12357954545454546 0.9066817892341936 
73900 0.12357954545454546 0.9066775145126589 
74000 0.1534090909090909 0.9066799312294306 
74100 0.15767045454545456 0.9066798494315498 
74200 0.14914772727272727 0.9066762454806416 
74300 0.13636363636363635 0.9066754423958566 
74400 0.12357954545454546 0.9066712431162338 
74500 0.140625 0.9066727749841064 
74600 0.11931818181818182 0.9066739600127223 
74700 0.1534090909090909 0.9066759024766615 
74800 0.13636363636363635 0.9066710793851808 
74900 0.13210227272727273 0.906671920571518 
75000 0.14914772727272727 0.9066736307152268 
75100 0.13210227272727273 0.906673596223752 
75200 0.17045454545454544 0.9066734862689205 
75300 0.13210227272727273 0.9066734143335051 
75400 0.13210227272727273 0.9066716471086108 
75500 0.140625 0.9066704489765939 
75600 0.13210227272727273 0.9066691412812 
75700 0.14488636363636365 0.9066657729992759 
75800 0.14488636363636365 0.9066695345228115 
75900 0.14914772727272727 0.9066675220472601 
76000 0.13636363636363635 0.9066705985327944 
76100 0.13636363636363635 0.9066731816330212 
76200 0.11931818181818182 0.9066752360085945 
76300 0.15767045454545456 0.9066741202009744 
76400 0.13210227272727273 0.906673676629649 
76500 0.13636363636363635 0.9066728628621611 
76600 0.11931818181818182 0.9066743506196809 
76700 0.14914772727272727 0.9066760567303259 
76800 0.11931818181818182 0.9066762417866244 
76900 0.13636363636363635 0.9066742098163991 
77000 0.140625 0.9066703015073003 
77100 0.13210227272727273 0.906669608989861 
77200 0.13210227272727273 0.9066695070483072 
77300 0.15767045454545456 0.9066677883150989 
77400 0.12357954545454546 0.9066667346910011 
77500 0.1278409090909091 0.9066644008112505 
77600 0.140625 0.9066632810495647 
77700 0.13636363636363635 0.9066612501184611 
77800 0.14488636363636365 0.9066671116636734 
77900 0.13210227272727273 0.9066693113403842 
78000 0.140625 0.9066770414365317 
78100 0.13636363636363635 0.9066806413839422 
78200 0.12357954545454546 0.9066795457742345 
78300 0.14488636363636365 0.9066828430729434 
78400 0.14488636363636365 0.9066818923923744 
78500 0.11931818181818182 0.9066768909139548 
78600 0.14914772727272727 0.9066765646631838 
78700 0.13636363636363635 0.9066733875392596 
78800 0.1278409090909091 0.9066751575602986 
78900 0.14914772727272727 0.9066724223451483 
79000 0.1278409090909091 0.9066718876400874 
79100 0.13636363636363635 0.906669414879251 
79200 0.12357954545454546 0.9066691364089755 
79300 0.14914772727272727 0.9066704349136948 
79400 0.15767045454545456 0.9066695833920113 
79500 0.14488636363636365 0.9066689841522863 
79600 0.1534090909090909 0.9066737755121852 
79700 0.1278409090909091 0.9066729942934445 
79800 0.13636363636363635 0.9066722506325393 
79900 0.140625 0.9066733221566233 
80000 0.13210227272727273 0.9066721538139865 
80100 0.15767045454545456 0.9066701726570205 
80200 0.1534090909090909 0.9066732618387211 
80300 0.11505681818181818 0.9066700106191364 
80400 0.13636363636363635 0.906673233654941 
80500 0.140625 0.906673625454681 
80600 0.1534090909090909 0.9066739810356514 
80700 0.13636363636363635 0.9066737020832231 
80800 0.12357954545454546 0.9066775023036393 
80900 0.13210227272727273 0.9066797480309828 
81000 0.17045454545454544 0.9066756400874961 
81100 0.16193181818181818 0.9066722778891865 
81200 0.13636363636363635 0.9066698685976774 
81300 0.140625 0.9066700859656205 
81400 0.1534090909090909 0.9066638462672448 
81500 0.140625 0.9066653602130927 
81600 0.140625 0.9066647815701903 
81700 0.12357954545454546 0.9066668122455384 
81800 0.140625 0.9066676224229311 
81900 0.14914772727272727 0.9066684306218927 
82000 0.12357954545454546 0.9066717659208147 
82100 0.1278409090909091 0.9066728439250547 
82200 0.14488636363636365 0.9066741957905843 
82300 0.15767045454545456 0.906674646889301 
82400 0.14914772727272727 0.906670752837289 
82500 0.140625 0.9066697951870556 
82600 0.14914772727272727 0.9066681175992807 
82700 0.14488636363636365 0.9066665127716385 
82800 0.14488636363636365 0.9066682055882066 
82900 0.14488636363636365 0.9066671528252209 
83000 0.15767045454545456 0.9066671636486308 
83100 0.1278409090909091 0.9066689179432257 
83200 0.12357954545454546 0.906663531688321 
83300 0.140625 0.9066697196694136 
83400 0.14488636363636365 0.906670136122196 
83500 0.16193181818181818 0.906665992568407 
83600 0.12357954545454546 0.906666752300701 
83700 0.14488636363636365 0.9066681890408608 
83800 0.140625 0.9066677578158646 
83900 0.12357954545454546 0.9066670567367817 
84000 0.11931818181818182 0.9066683188836496 
84100 0.1534090909090909 0.906664916426245 
84200 0.140625 0.9066618594467135 
84300 0.13636363636363635 0.9066599555057581 
84400 0.14488636363636365 0.9066584263327341 
84500 0.14914772727272727 0.9066594558859443 
84600 0.11505681818181818 0.9066624306504006 
84700 0.14488636363636365 0.9066635872067627 
84800 0.13210227272727273 0.9066620944650096 
84900 0.13210227272727273 0.906662679848508 
85000 0.13210227272727273 0.9066633641208499 
85100 0.13210227272727273 0.9066622441142129 
85200 0.14914772727272727 0.9066587593402126 
85300 0.1278409090909091 0.9066577139669043 
85400 0.140625 0.9066515814164408 
85500 0.1278409090909091 0.9066559960489564 
85600 0.13636363636363635 0.9066537959943118 
85700 0.1534090909090909 0.9066525623971715 
85800 0.13210227272727273 0.9066554704808484 
85900 0.13210227272727273 0.9066540393751369 
86000 0.14488636363636365 0.9066575996473614 
86100 0.14914772727272727 0.9066582480828541 
86200 0.12357954545454546 0.9066587631866747 
86300 0.15767045454545456 0.9066579274336861 
86400 0.14488636363636365 0.9066579813891043 
86500 0.11505681818181818 0.90666085967477 
86600 0.16193181818181818 0.9066566455247735 
86700 0.13210227272727273 0.9066536862319927 
86800 0.14488636363636365 0.9066525665812396 
86900 0.13210227272727273 0.9066495207189791 
87000 0.12357954545454546 0.9066475267786891 
87100 0.13210227272727273 0.9066452764867536 
87200 0.1534090909090909 0.9066435200388653 
87300 0.13636363636363635 0.9066418652394901 
87400 0.14914772727272727 0.9066429445887347 
87500 0.13210227272727273 0.9066443136753761 
87600 0.13636363636363635 0.906648565915084 
87700 0.14914772727272727 0.9066446453912105 
87800 0.13210227272727273 0.9066461372877302 
87900 0.140625 0.9066429071548467 
88000 0.11079545454545454 0.906640814257276 
88100 0.11931818181818182 0.9066407576118731 
88200 0.14914772727272727 0.9066407010949165 
88300 0.14914772727272727 0.9066403229758543 
88400 0.140625 0.9066386602475702 
88500 0.14914772727272727 0.9066374185807865 
88600 0.140625 0.9066371095749997 
88700 0.12357954545454546 0.9066358404281596 
88800 0.140625 0.9066351819850513 
88900 0.15767045454545456 0.9066376566988202 
89000 0.15767045454545456 0.9066376999339129 
89100 0.14488636363636365 0.906638731480414 
89200 0.13636363636363635 0.9066364166321005 
89300 0.13636363636363635 0.9066363020469077 
89400 0.140625 0.9066350119634619 
89500 0.11505681818181818 0.9066347404955354 
89600 0.140625 0.9066355476450648 
89700 0.14488636363636365 0.9066321407686749 
89800 0.14488636363636365 0.9066343726178389 
89900 0.13636363636363635 0.9066315750355695 
90000 0.15767045454545456 0.9066288152353863 
90100 0.13210227272727273 0.90662937223984 
90200 0.13636363636363635 0.906628416234047 
90300 0.15767045454545456 0.9066260151654416 
90400 0.14488636363636365 0.9066271705059578 
90500 0.1278409090909091 0.9066271304385386 
90600 0.1278409090909091 0.9066284387790221 
90700 0.13210227272727273 0.9066281155063941 
90800 0.13636363636363635 0.9066290444338319 
90900 0.140625 0.9066308463953292 
91000 0.14488636363636365 0.9066303030136532 
91100 0.11931818181818182 0.9066287005631113 
91200 0.12357954545454546 0.9066323971228386 
91300 0.13636363636363635 0.9066322894501803 
91400 0.14914772727272727 0.9066314671313522 
91500 0.13636363636363635 0.9066309570883975 
91600 0.1534090909090909 0.906631471619504 
91700 0.1534090909090909 0.9066308697436629 
91800 0.13636363636363635 0.9066291241628384 
91900 0.13636363636363635 0.9066273823808426 
92000 0.140625 0.9066247797701804 
92100 0.140625 0.9066274574059506 
92200 0.14488636363636365 0.9066300059849479 
92300 0.16193181818181818 0.9066298712906685 
92400 0.13210227272727273 0.9066278921617338 
92500 0.14488636363636365 0.9066293877904023 
92600 0.13210227272727273 0.9066291928420173 
92700 0.140625 0.906630959654255 
92800 0.14914772727272727 0.9066332430782975 
92900 0.11931818181818182 0.906634848827344 
93000 0.14488636363636365 0.9066366649527717 
93100 0.1278409090909091 0.9066393620906328 
93200 0.1278409090909091 0.9066399502151264 
93300 0.13636363636363635 0.906640080346016 
93400 0.16619318181818182 0.906639480208018 
93500 0.1534090909090909 0.9066367241089303 
93600 0.12357954545454546 0.9066352486521608 
93700 0.13210227272727273 0.9066347768676186 
93800 0.14488636363636365 0.9066386370662844 
93900 0.13636363636363635 0.906640340987752 
94000 0.17045454545454544 0.9066398652915685 
94100 0.1534090909090909 0.9066402963063864 
94200 0.16193181818181818 0.9066367153986977 
94300 0.12357954545454546 0.9066326901960936 
94400 0.140625 0.9066364678821777 
94500 0.1534090909090909 0.9066390952091897 
94600 0.1534090909090909 0.9066409962512408 
94700 0.14488636363636365 0.9066416933295319 
94800 0.140625 0.9066428384433997 
94900 0.140625 0.9066400595932028 
95000 0.16619318181818182 0.9066353727377032 
95100 0.14914772727272727 0.9066352961110246 
95200 0.12357954545454546 0.9066341155220867 
95300 0.14914772727272727 0.9066328479811812 
95400 0.14914772727272727 0.9066308981895559 
95500 0.15767045454545456 0.9066288929863657 
95600 0.14914772727272727 0.9066257330419708 
95700 0.16193181818181818 0.90662480609588 
95800 0.13210227272727273 0.9066245631332374 
95900 0.14488636363636365 0.9066233134833176 
96000 0.11931818181818182 0.9066206755895535 
96100 0.13636363636363635 0.9066187822281672 
96200 0.13636363636363635 0.9066172176437403 
96300 0.11931818181818182 0.9066205238593765 
96400 0.14488636363636365 0.9066215540483831 
96500 0.14914772727272727 0.9066201975297477 
96600 0.1534090909090909 0.9066186673674562 
96700 0.14488636363636365 0.9066213120857075 
96800 0.14914772727272727 0.9066208991548735 
96900 0.12357954545454546 0.9066252365347576 
97000 0.14914772727272727 0.9066218623800505 
97100 0.13636363636363635 0.9066232055938006 
97200 0.1534090909090909 0.9066230262314922 
97300 0.13636363636363635 0.9066246574593739 
97400 0.11931818181818182 0.9066285603750568 
97500 0.140625 0.9066274728184606 
97600 0.140625 0.9066288325100991 
97700 0.13210227272727273 0.9066270781168146 
97800 0.14488636363636365 0.9066271282781083 
97900 0.14488636363636365 0.9066298770279066 
98000 0.13210227272727273 0.9066278950307557 
98100 0.14488636363636365 0.9066260329104235 
98200 0.11079545454545454 0.9066291215327376 
98300 0.12357954545454546 0.9066325795723894 
98400 0.13636363636363635 0.9066294769269714 
98500 0.14488636363636365 0.9066293512479338 
98600 0.140625 0.9066271513473494 
98700 0.14914772727272727 0.9066280932494928 
98800 0.1278409090909091 0.9066335763532022 
98900 0.13210227272727273 0.906631809725244 
99000 0.10653409090909091 0.9066319405864587 
99100 0.12357954545454546 0.9066333325230183 
99200 0.13636363636363635 0.9066288222442772 
99300 0.13210227272727273 0.9066286982370405 
99400 0.13636363636363635 0.90663103238398 
99500 0.15767045454545456 0.9066290220016062 
99600 0.1278409090909091 0.9066277002056387 
99700 0.140625 0.9066299143530064 
99800 0.13210227272727273 0.9066253492176705 
99900 0.140625 0.9066306040707574 
