0 0.009868421052631578 0.9967105263157895 
100 0.24671052631578946 0.9133989056800417 
200 0.29605263157894735 0.9110041895784237 
300 0.3157894736842105 0.909719793670222 
400 0.27631578947368424 0.9078865336658354 
500 0.3355263157894737 0.9069623910074588 
600 0.28618421052631576 0.9062198966634556 
700 0.28618421052631576 0.9058910203468729 
800 0.29605263157894735 0.9060179709573559 
900 0.3651315789473684 0.9059634032361703 
1000 0.26644736842105265 0.9058408696566591 
1100 0.29605263157894735 0.9060692432716669 
1200 0.29605263157894735 0.906054165388492 
1300 0.3256578947368421 0.9055180225737287 
1400 0.26644736842105265 0.9055397460460574 
1500 0.3059210526315789 0.9051049300466356 
1600 0.3059210526315789 0.905049064729281 
1700 0.29605263157894735 0.9050055694792537 
1800 0.3256578947368421 0.9050655337677899 
1900 0.375 0.9049132727927129 
2000 0.28618421052631576 0.9051148767721402 
2100 0.3059210526315789 0.9050499135749893 
2200 0.29605263157894735 0.9050102824075181 
2300 0.28618421052631576 0.9051713785768202 
2400 0.3059210526315789 0.905377967513536 
2500 0.3059210526315789 0.9057600643952946 
2600 0.3256578947368421 0.9060027519779842 
2700 0.3256578947368421 0.9059205654825698 
2800 0.3256578947368421 0.9058313290366222 
2900 0.27631578947368424 0.9059001886826684 
3000 0.34539473684210525 0.9058986916641821 
3100 0.3355263157894737 0.9059376007739439 
3200 0.3355263157894737 0.9056657870073497 
3300 0.3848684210526316 0.9054762113554107 
3400 0.39473684210526316 0.9054264225692134 
3500 0.28618421052631576 0.905385115530901 
3600 0.4342105263157895 0.905346102690773 
3700 0.28618421052631576 0.9052914219485487 
3800 0.24671052631578946 0.9053590467882413 
3900 0.3157894736842105 0.9053608049218149 
4000 0.34539473684210525 0.9054496244359963 
4100 0.29605263157894735 0.905480370641307 
4200 0.24671052631578946 0.9055237474786705 
4300 0.27631578947368424 0.9054779182319901 
4400 0.3059210526315789 0.9054588371063993 
4500 0.3157894736842105 0.9054888387375905 
4600 0.3059210526315789 0.9054245930518537 
4700 0.28618421052631576 0.9055457125583583 
4800 0.375 0.9056014920137252 
4900 0.34539473684210525 0.9055489481201473 
5000 0.35526315789473684 0.9055248160894137 
5100 0.28618421052631576 0.9055809490399199 
5200 0.27631578947368424 0.9055634543964217 
5300 0.2565789473684211 0.9055112491188356 
5400 0.29605263157894735 0.9055870501564038 
5500 0.3256578947368421 0.9055787703671103 
5600 0.3355263157894737 0.9055725481352014 
5700 0.27631578947368424 0.905531347224402 
5800 0.3059210526315789 0.9054830609967428 
5900 0.28618421052631576 0.9054910407691827 
6000 0.23684210526315788 0.9055190363009674 
6100 0.3355263157894737 0.9055461140969125 
6200 0.21710526315789475 0.9057192600514349 
6300 0.3256578947368421 0.9057475212789949 
6400 0.27631578947368424 0.9057127175852457 
6500 0.3157894736842105 0.9058378670487941 
6600 0.3256578947368421 0.9058565687814446 
6700 0.28618421052631576 0.9058094235738577 
6800 0.2565789473684211 0.9057539912861112 
6900 0.24671052631578946 0.9058546053584912 
7000 0.3157894736842105 0.9058842157887219 
7100 0.29605263157894735 0.9058763962080952 
7200 0.3256578947368421 0.9058491510681996 
7300 0.24671052631578946 0.9058798722597481 
7400 0.27631578947368424 0.9058182037989176 
7500 0.3355263157894737 0.9057489703127303 
7600 0.29605263157894735 0.9057464738019235 
7700 0.3651315789473684 0.9056816783876325 
7800 0.3256578947368421 0.9056872769348059 
7900 0.21710526315789475 0.9057647599571007 
8000 0.3256578947368421 0.9057547905196061 
8100 0.28618421052631576 0.9057223279777026 
8200 0.3355263157894737 0.9057809060512517 
8300 0.27631578947368424 0.9057239457516215 
8400 0.34539473684210525 0.9056781304230699 
8500 0.24671052631578946 0.9056349407809607 
8600 0.3256578947368421 0.9056581548045209 
8700 0.29605263157894735 0.9056434075938035 
8800 0.2565789473684211 0.9057041215412124 
8900 0.3157894736842105 0.9057028630727476 
9000 0.23684210526315788 0.9057027289365509 
9100 0.3157894736842105 0.9057119952116309 
9200 0.29605263157894735 0.9057189149920776 
9300 0.2565789473684211 0.9056952704576191 
9400 0.21710526315789475 0.9057386112339673 
9500 0.3157894736842105 0.9056650546479872 
9600 0.29605263157894735 0.9056440803863632 
9700 0.22697368421052633 0.9056767750476077 
9800 0.29605263157894735 0.9056970556173108 
9900 0.22697368421052633 0.9056886864165767 
10000 0.24671052631578946 0.9056890363595219 
10100 0.3256578947368421 0.9057242248031722 
10200 0.27631578947368424 0.9057258318327924 
10300 0.3256578947368421 0.9057178275997732 
10400 0.29605263157894735 0.9056192091853517 
10500 0.3059210526315789 0.9055769751251761 
10600 0.26644736842105265 0.9056168360482377 
10700 0.2565789473684211 0.9056645591410543 
10800 0.24671052631578946 0.9056410468816241 
10900 0.28618421052631576 0.905627018766989 
11000 0.3059210526315789 0.9056509216865453 
11100 0.28618421052631576 0.9056435764440378 
11200 0.29605263157894735 0.9056149239494594 
11300 0.3355263157894737 0.9056231632971465 
11400 0.24671052631578946 0.9055888449305001 
11500 0.29605263157894735 0.9055682801037896 
11600 0.29605263157894735 0.9055568598895739 
11700 0.28618421052631576 0.9055498517895456 
11800 0.3059210526315789 0.9055499310941535 
11900 0.28618421052631576 0.9055602359819387 
12000 0.3157894736842105 0.905557760537499 
12100 0.22697368421052633 0.9055675585749764 
12200 0.27631578947368424 0.9056281517045626 
12300 0.3256578947368421 0.9056243822710177 
12400 0.3157894736842105 0.9056265093222533 
12500 0.26644736842105265 0.9056278129328601 
12600 0.34539473684210525 0.9055588737735936 
12700 0.24671052631578946 0.9055627613242223 
12800 0.3256578947368421 0.9055827772501326 
12900 0.24671052631578946 0.9056088573305211 
13000 0.24671052631578946 0.9056368133625349 
13100 0.27631578947368424 0.9056673556458125 
13200 0.27631578947368424 0.9057103927533401 
13300 0.3256578947368421 0.905682546622929 
13400 0.3157894736842105 0.9056286058778017 
13500 0.28618421052631576 0.905643197969741 
13600 0.2565789473684211 0.9056795843184905 
13700 0.24671052631578946 0.9057228823097815 
13800 0.3355263157894737 0.905753158619322 
13900 0.3059210526315789 0.9057356721780713 
14000 0.26644736842105265 0.9057644848676223 
14100 0.3256578947368421 0.9057359687069599 
14200 0.27631578947368424 0.9056976621364693 
14300 0.2565789473684211 0.9056647216425793 
14400 0.28618421052631576 0.9056527964066823 
14500 0.26644736842105265 0.9056419430238931 
14600 0.28618421052631576 0.9056479098403498 
14700 0.3651315789473684 0.9056551380321425 
14800 0.27631578947368424 0.9056389326467984 
14900 0.34539473684210525 0.905638839145377 
15000 0.26644736842105265 0.9055896273581762 
15100 0.3355263157894737 0.9055981391960797 
15200 0.3059210526315789 0.9056361856387565 
15300 0.26644736842105265 0.9056401972351308 
15400 0.3059210526315789 0.9056546225638117 
15500 0.27631578947368424 0.905635969156489 
15600 0.3157894736842105 0.9056158680786319 
15700 0.2565789473684211 0.9055666920310138 
15800 0.3059210526315789 0.9055662283199931 
15900 0.28618421052631576 0.905590181352381 
16000 0.21710526315789475 0.9055792976754742 
16100 0.2565789473684211 0.9056165602659527 
16200 0.35526315789473684 0.9056359012926427 
16300 0.2565789473684211 0.9056273589931518 
16400 0.29605263157894735 0.9056443926718204 
16500 0.29605263157894735 0.9056125785040141 
16600 0.28618421052631576 0.9056096810908665 
16700 0.3157894736842105 0.9056166665090966 
16800 0.3157894736842105 0.9056300298541127 
16900 0.27631578947368424 0.9056864433434334 
17000 0.27631578947368424 0.9056785359375145 
17100 0.3059210526315789 0.9056799540808632 
17200 0.3256578947368421 0.905682503159241 
17300 0.29605263157894735 0.9056608760065588 
17400 0.27631578947368424 0.9056349604832148 
17500 0.26644736842105265 0.9056224982632571 
17600 0.26644736842105265 0.9056163450641261 
17700 0.2565789473684211 0.9056438976091151 
17800 0.26644736842105265 0.9056615314337751 
17900 0.28618421052631576 0.9056865023712289 
18000 0.28618421052631576 0.905681409512337 
18100 0.3059210526315789 0.9056641970929201 
18200 0.26644736842105265 0.9056760906717097 
18300 0.27631578947368424 0.9056851581305595 
18400 0.35526315789473684 0.9056785743909799 
18500 0.21710526315789475 0.9056439694582654 
18600 0.34539473684210525 0.9056265367736313 
18700 0.24671052631578946 0.9056224828956515 
18800 0.28618421052631576 0.9056184721417394 
18900 0.29605263157894735 0.9056195509009548 
19000 0.29605263157894735 0.9056133472199525 
19100 0.35526315789473684 0.9056023864829342 
19200 0.34539473684210525 0.9055663561930711 
19300 0.26644736842105265 0.9055760336933728 
19400 0.3059210526315789 0.9055725559452985 
19500 0.26644736842105265 0.905598127221546 
19600 0.27631578947368424 0.9056158856019698 
19700 0.3355263157894737 0.9056007376061594 
19800 0.29605263157894735 0.9055759411406654 
19900 0.3157894736842105 0.9055647825155573 
20000 0.26644736842105265 0.9055624521405509 
20100 0.3059210526315789 0.9055840374529678 
20200 0.34539473684210525 0.9055751213462596 
20300 0.26644736842105265 0.9055980519497354 
20400 0.3256578947368421 0.9055978615599338 
20500 0.24671052631578946 0.9056109907347267 
20600 0.29605263157894735 0.9056243117988652 
20700 0.22697368421052633 0.9056824740223585 
20800 0.26644736842105265 0.9057044954822516 
20900 0.29605263157894735 0.9057231585494524 
21000 0.3157894736842105 0.9056872918332209 
21100 0.3355263157894737 0.9056801373843595 
21200 0.3355263157894737 0.9056881006109444 
21300 0.2565789473684211 0.9056833259619638 
21400 0.3256578947368421 0.9056616882142743 
21500 0.29605263157894735 0.9056497372215245 
21600 0.3355263157894737 0.9056648510424712 
21700 0.3059210526315789 0.9056504187291878 
21800 0.27631578947368424 0.9056736895217264 
21900 0.3059210526315789 0.905682779445303 
22000 0.3059210526315789 0.9056814702202531 
22100 0.26644736842105265 0.9056801728428578 
22200 0.26644736842105265 0.9056980008012916 
22300 0.24671052631578946 0.9057161113851396 
22400 0.29605263157894735 0.9057299486160157 
22500 0.35526315789473684 0.9056998051548586 
22600 0.28618421052631576 0.9056712383476279 
22700 0.3157894736842105 0.905679873828883 
22800 0.27631578947368424 0.9056706884970419 
22900 0.24671052631578946 0.9056499486347414 
23000 0.3651315789473684 0.9056834485457154 
23100 0.27631578947368424 0.9056417585021382 
23200 0.3157894736842105 0.9056480664399674 
23300 0.28618421052631576 0.9056197328327901 
23400 0.3157894736842105 0.9056124457119467 
23500 0.3256578947368421 0.9056091398126396 
23600 0.27631578947368424 0.9056097645282648 
23700 0.28618421052631576 0.9056031668661548 
23800 0.3157894736842105 0.9055912345567081 
23900 0.27631578947368424 0.9055738969300998 
24000 0.3059210526315789 0.9055634195066433 
24100 0.35526315789473684 0.9055351492294489 
24200 0.26644736842105265 0.9055273651154041 
24300 0.34539473684210525 0.9055101696053227 
24400 0.3157894736842105 0.9054626482089819 
24500 0.24671052631578946 0.9054457229457874 
24600 0.3157894736842105 0.9054338826620227 
24700 0.3059210526315789 0.905451036501825 
24800 0.26644736842105265 0.9054553190766926 
24900 0.28618421052631576 0.9054517732325271 
25000 0.29605263157894735 0.9054750967856022 
25100 0.3059210526315789 0.9054729419461166 
25200 0.29605263157894735 0.9054765475054248 
25300 0.2565789473684211 0.9054677732729516 
25400 0.3355263157894737 0.9054619171644713 
25500 0.26644736842105265 0.9054521081732605 
25600 0.3355263157894737 0.9054738558732286 
25700 0.27631578947368424 0.9055079773672537 
25800 0.2565789473684211 0.9055091958900002 
25900 0.2565789473684211 0.9055031659009305 
26000 0.23684210526315788 0.905498573941488 
26100 0.29605263157894735 0.9055023350587496 
26200 0.2565789473684211 0.9055090806096192 
26300 0.3059210526315789 0.9054855078554147 
26400 0.28618421052631576 0.9054702124520801 
26500 0.29605263157894735 0.9054652108460653 
26600 0.27631578947368424 0.9054502304028934 
26700 0.2565789473684211 0.9054407828210652 
26800 0.29605263157894735 0.905436683430901 
26900 0.27631578947368424 0.9054379948700791 
27000 0.3256578947368421 0.9054614692633216 
27100 0.26644736842105265 0.9054743318852091 
27200 0.3256578947368421 0.9054782718901588 
27300 0.3059210526315789 0.9054900148249823 
27400 0.3256578947368421 0.9054780223157434 
27500 0.3059210526315789 0.9054710211494702 
27600 0.28618421052631576 0.9054920778995421 
27700 0.28618421052631576 0.9055011076932431 
27800 0.29605263157894735 0.9054987136017447 
27900 0.3355263157894737 0.9055118992150819 
28000 0.3059210526315789 0.9055110108849496 
28100 0.3059210526315789 0.905503924752631 
28200 0.29605263157894735 0.9054949059290544 
28300 0.26644736842105265 0.9054721192667545 
28400 0.3157894736842105 0.9054955904073059 
28500 0.2565789473684211 0.9054901582400617 
28600 0.3256578947368421 0.9054970704005565 
28700 0.26644736842105265 0.9055035905589206 
28800 0.3256578947368421 0.9055134918560942 
28900 0.3059210526315789 0.9055154711455987 
29000 0.29605263157894735 0.905528665980665 
29100 0.29605263157894735 0.9055504739392207 
29200 0.26644736842105265 0.9055478002736027 
29300 0.23684210526315788 0.9055569326715991 
29400 0.3355263157894737 0.9055628702210272 
29500 0.29605263157894735 0.905540445551355 
29600 0.29605263157894735 0.9055625121128553 
29700 0.3059210526315789 0.9055710289747465 
29800 0.27631578947368424 0.9055652494882722 
29900 0.28618421052631576 0.9055811810553774 
30000 0.3355263157894737 0.9055618102203611 
30100 0.28618421052631576 0.9055591788347651 
30200 0.3157894736842105 0.9055576540686174 
30300 0.3157894736842105 0.9055469117746678 
30400 0.2565789473684211 0.9055569068884507 
30500 0.3157894736842105 0.9055431098894083 
30600 0.26644736842105265 0.9055490747636387 
30700 0.3157894736842105 0.9055424647577055 
30800 0.2565789473684211 0.9055321597555787 
30900 0.3651315789473684 0.905540550552784 
31000 0.2565789473684211 0.9055467650449306 
31100 0.3059210526315789 0.9055594971561246 
31200 0.24671052631578946 0.905543892823948 
31300 0.27631578947368424 0.9055529796424866 
31400 0.29605263157894735 0.9055504853181008 
31500 0.23684210526315788 0.9055548988419749 
31600 0.26644736842105265 0.9055586598691914 
31700 0.3157894736842105 0.9055696607611581 
31800 0.28618421052631576 0.9055565945460172 
31900 0.21710526315789475 0.9055449507439958 
32000 0.24671052631578946 0.9055239227721502 
32100 0.22697368421052633 0.9055208560480982 
32200 0.29605263157894735 0.9055208730032902 
32300 0.3256578947368421 0.9055003185496946 
32400 0.26644736842105265 0.9054823275434969 
32500 0.2565789473684211 0.9054848919628384 
32600 0.3355263157894737 0.9054612063885673 
32700 0.2565789473684211 0.9054602989768541 
32800 0.3157894736842105 0.905461904242329 
32900 0.29605263157894735 0.9054574009108666 
33000 0.3157894736842105 0.9054651852655182 
33100 0.27631578947368424 0.9054535440970936 
33200 0.3059210526315789 0.9054633738045303 
33300 0.28618421052631576 0.9054462763090725 
33400 0.27631578947368424 0.905450553796845 
33500 0.27631578947368424 0.9054695342951271 
33600 0.26644736842105265 0.9054544311807763 
33700 0.3059210526315789 0.9054525947223181 
33800 0.3256578947368421 0.9054512557242934 
33900 0.34539473684210525 0.9054580752935405 
34000 0.27631578947368424 0.9054342828926084 
34100 0.28618421052631576 0.9054329129104101 
34200 0.2565789473684211 0.9054323203845994 
34300 0.29605263157894735 0.9054469794497322 
34400 0.29605263157894735 0.9054533298450627 
34500 0.26644736842105265 0.9054757566142247 
34600 0.3157894736842105 0.9054554629543715 
34700 0.3355263157894737 0.9054584161839716 
34800 0.29605263157894735 0.9054552084861446 
34900 0.26644736842105265 0.9054519249184535 
35000 0.3355263157894737 0.9054636972778222 
35100 0.3059210526315789 0.9054637819585287 
35200 0.28618421052631576 0.9054851723710002 
35300 0.3059210526315789 0.9054940481781492 
35400 0.3059210526315789 0.9054871702999766 
35500 0.3157894736842105 0.90549043095895 
35600 0.29605263157894735 0.9054915481380623 
35700 0.3256578947368421 0.9054806809185648 
35800 0.2565789473684211 0.9054848512023334 
35900 0.35526315789473684 0.90549367119227 
36000 0.3157894736842105 0.9054822490310942 
36100 0.24671052631578946 0.9054785441138093 
36200 0.3059210526315789 0.9054705889194686 
36300 0.26644736842105265 0.905469292566973 
36400 0.2565789473684211 0.9054619487029708 
36500 0.35526315789473684 0.9054723987374534 
36600 0.24671052631578946 0.905474433399145 
36700 0.375 0.9054792354718572 
36800 0.24671052631578946 0.9054797209457981 
36900 0.2565789473684211 0.9054679020251911 
37000 0.3256578947368421 0.9054803284121766 
37100 0.3157894736842105 0.9054609465768407 
37200 0.3059210526315789 0.9054855274122512 
37300 0.26644736842105265 0.9054848430760287 
37400 0.3157894736842105 0.9055047430479624 
37500 0.28618421052631576 0.9054998007070688 
37600 0.29605263157894735 0.9054947971708479 
37700 0.3256578947368421 0.9054862428610717 
37800 0.3059210526315789 0.9054985317848734 
37900 0.29605263157894735 0.905504072937945 
38000 0.3059210526315789 0.9054970333190678 
38100 0.29605263157894735 0.9054881312688298 
38200 0.3355263157894737 0.9054710954108394 
38300 0.23684210526315788 0.9054630805297099 
38400 0.35526315789473684 0.9054510813177836 
38500 0.26644736842105265 0.905448542689937 
38600 0.29605263157894735 0.9054437163476812 
38700 0.22697368421052633 0.9054452047342718 
38800 0.35526315789473684 0.9054522808012273 
38900 0.22697368421052633 0.9054523865575097 
39000 0.28618421052631576 0.9054571306538699 
39100 0.29605263157894735 0.9054607568254412 
39200 0.3256578947368421 0.9054487566777969 
39300 0.3059210526315789 0.9054600860564683 
39400 0.26644736842105265 0.905462424811553 
39500 0.27631578947368424 0.9054700813703583 
39600 0.2565789473684211 0.9054790283073659 
39700 0.2565789473684211 0.9054856930555906 
39800 0.2565789473684211 0.9054930681456034 
39900 0.29605263157894735 0.9054971910742246 
40000 0.2565789473684211 0.9054792544660067 
40100 0.3256578947368421 0.9054614073149508 
40200 0.3256578947368421 0.9054602595641114 
40300 0.27631578947368424 0.9054485881896622 
40400 0.29605263157894735 0.9054627035026491 
40500 0.3256578947368421 0.9054710637424157 
40600 0.3256578947368421 0.9054760609992754 
40700 0.26644736842105265 0.9054786899067526 
40800 0.3157894736842105 0.9054784035221015 
40900 0.24671052631578946 0.9054722474936271 
41000 0.2565789473684211 0.9054759896741928 
41100 0.3059210526315789 0.9054696293725726 
41200 0.3355263157894737 0.9054589087643504 
41300 0.29605263157894735 0.9054620188882899 
41400 0.27631578947368424 0.9054608234736258 
41500 0.27631578947368424 0.9054722365599307 
41600 0.3256578947368421 0.9054664361560134 
41700 0.34539473684210525 0.905471943749929 
41800 0.29605263157894735 0.9054833270168555 
41900 0.27631578947368424 0.905498973771509 
42000 0.29605263157894735 0.9054922251224595 
42100 0.2565789473684211 0.9054875399884238 
42200 0.3059210526315789 0.9054928543723708 
42300 0.2565789473684211 0.9054896674086341 
42400 0.2565789473684211 0.9054930897856183 
42500 0.26644736842105265 0.9055132913281297 
42600 0.3059210526315789 0.9055177232063987 
42700 0.26644736842105265 0.9055183596094755 
42800 0.23684210526315788 0.9055143817348095 
42900 0.2565789473684211 0.9055318149865235 
43000 0.29605263157894735 0.905527594829496 
43100 0.26644736842105265 0.9055275155418302 
43200 0.29605263157894735 0.9055339088154636 
43300 0.28618421052631576 0.9055238635548711 
43400 0.29605263157894735 0.9055245513382544 
43500 0.27631578947368424 0.9055138175891904 
43600 0.2565789473684211 0.9055235032030893 
43700 0.29605263157894735 0.9055088315454662 
43800 0.3355263157894737 0.9055090967641931 
43900 0.29605263157894735 0.905507787258173 
44000 0.19736842105263158 0.9055187441912206 
44100 0.34539473684210525 0.9055189851286342 
44200 0.27631578947368424 0.905509103747355 
44300 0.3256578947368421 0.9054936980156085 
44400 0.26644736842105265 0.9054977720985421 
44500 0.3059210526315789 0.9054944359618176 
44600 0.3059210526315789 0.9054950974665426 
44700 0.28618421052631576 0.9055028204950084 
44800 0.29605263157894735 0.9055094811088569 
44900 0.3256578947368421 0.905513108370579 
45000 0.3256578947368421 0.9055103600036958 
45100 0.34539473684210525 0.9055099577673036 
45200 0.23684210526315788 0.9055026437468198 
45300 0.2565789473684211 0.9055048017994258 
45400 0.34539473684210525 0.9055036899256799 
45500 0.3355263157894737 0.9055020045828952 
45600 0.3059210526315789 0.9054996774078131 
45700 0.3256578947368421 0.9055033346039877 
45800 0.24671052631578946 0.9055065449042138 
45900 0.3157894736842105 0.905508666248528 
46000 0.29605263157894735 0.9055087046162612 
46100 0.3256578947368421 0.9055186609720762 
46200 0.22697368421052633 0.9055250854675052 
46300 0.34539473684210525 0.9055289245770525 
46400 0.3157894736842105 0.9055236729244719 
46500 0.3256578947368421 0.9055252348845921 
46600 0.28618421052631576 0.905535331295127 
46700 0.35526315789473684 0.905537777281902 
46800 0.35526315789473684 0.905536698496096 
46900 0.28618421052631576 0.9055419365988157 
47000 0.35526315789473684 0.9055215370557625 
47100 0.29605263157894735 0.9055088365539228 
47200 0.26644736842105265 0.9055033680151736 
47300 0.27631578947368424 0.9055128048922967 
47400 0.2565789473684211 0.9055167890084487 
47500 0.29605263157894735 0.9055060059677414 
47600 0.29605263157894735 0.9055095038914486 
47700 0.27631578947368424 0.9055024362283037 
47800 0.28618421052631576 0.9055056517205652 
47900 0.3355263157894737 0.9055012998300223 
48000 0.28618421052631576 0.9054980625403637 
48100 0.3355263157894737 0.9054997625610147 
48200 0.28618421052631576 0.905495859443842 
48300 0.3059210526315789 0.9054892483429023 
48400 0.3651315789473684 0.9054786547472378 
48500 0.3059210526315789 0.905482890206279 
48600 0.3059210526315789 0.9054888003170825 
48700 0.29605263157894735 0.9054936729927733 
48800 0.2565789473684211 0.9054965035229002 
48900 0.3059210526315789 0.9054945464466877 
49000 0.35526315789473684 0.9054790369476885 
49100 0.22697368421052633 0.9054815450215935 
49200 0.29605263157894735 0.905481903448689 
49300 0.26644736842105265 0.9054751211409184 
49400 0.27631578947368424 0.9054838145189902 
49500 0.26644736842105265 0.9054762583212035 
49600 0.3059210526315789 0.9054806699567814 
49700 0.3059210526315789 0.905493403182611 
49800 0.29605263157894735 0.9054928747995972 
49900 0.23684210526315788 0.9054993360538076 
50000 0.3059210526315789 0.9055054425227285 
50100 0.34539473684210525 0.9055109993602397 
50200 0.3355263157894737 0.9055009388573723 
50300 0.3059210526315789 0.9055005969327804 
50400 0.3059210526315789 0.9055003216310453 
50500 0.27631578947368424 0.9055101436240449 
50600 0.2565789473684211 0.9055115407538232 
50700 0.28618421052631576 0.9055188364394349 
50800 0.3059210526315789 0.905506936767718 
50900 0.3059210526315789 0.9055074918391636 
51000 0.27631578947368424 0.9055054003069083 
51100 0.3157894736842105 0.905508209232696 
51200 0.3059210526315789 0.9055039400957424 
51300 0.3256578947368421 0.9054953273712731 
51400 0.24671052631578946 0.9054898199809752 
51500 0.3059210526315789 0.9054995355225601 
51600 0.3355263157894737 0.9054879852389641 
51700 0.29605263157894735 0.9054969032462978 
51800 0.26644736842105265 0.9054999446261452 
51900 0.28618421052631576 0.9055074742500652 
52000 0.19736842105263158 0.9055055494884208 
52100 0.24671052631578946 0.9055062838474663 
52200 0.2565789473684211 0.9054985713119027 
52300 0.28618421052631576 0.9055036559631042 
52400 0.3157894736842105 0.9054930902282902 
52500 0.3355263157894737 0.9055088800313578 
52600 0.3355263157894737 0.9055119774589037 
52700 0.2565789473684211 0.9055246754530774 
52800 0.34539473684210525 0.905522871875433 
52900 0.4144736842105263 0.9055145460388272 
53000 0.29605263157894735 0.9055000451828615 
53100 0.28618421052631576 0.9055002804982363 
53200 0.2565789473684211 0.9054917967509515 
53300 0.27631578947368424 0.9054944535453566 
53400 0.34539473684210525 0.9054760949676677 
53500 0.3651315789473684 0.9054712700893933 
53600 0.28618421052631576 0.9054554780498008 
53700 0.34539473684210525 0.9054510158097615 
53800 0.28618421052631576 0.9054558636652225 
53900 0.34539473684210525 0.9054567267085173 
54000 0.2565789473684211 0.9054499112589532 
54100 0.28618421052631576 0.9054575311867958 
54200 0.29605263157894735 0.9054548056503133 
54300 0.22697368421052633 0.9054547556069046 
54400 0.34539473684210525 0.9054591803169253 
54500 0.27631578947368424 0.9054584585121084 
54600 0.3059210526315789 0.9054608118802528 
54700 0.28618421052631576 0.9054570228197503 
54800 0.34539473684210525 0.9054496460398821 
54900 0.3157894736842105 0.9054561967522402 
55000 0.3059210526315789 0.9054529750176791 
55100 0.3059210526315789 0.905451854441461 
55200 0.3355263157894737 0.9054385218040482 
55300 0.3059210526315789 0.9054369555513891 
55400 0.22697368421052633 0.905432901173169 
55500 0.2565789473684211 0.9054334250971295 
55600 0.3157894736842105 0.9054293324902335 
55700 0.3256578947368421 0.9054208253844068 
55800 0.28618421052631576 0.9054205428312453 
55900 0.26644736842105265 0.9054194374641636 
56000 0.28618421052631576 0.9054256784888239 
56100 0.26644736842105265 0.9054267373974946 
56200 0.24671052631578946 0.9054273828242427 
56300 0.3059210526315789 0.9054212484774039 
56400 0.27631578947368424 0.9054252840795096 
56500 0.26644736842105265 0.905425579333016 
56600 0.29605263157894735 0.9054414488678366 
56700 0.2565789473684211 0.9054447893335215 
56800 0.29605263157894735 0.9054514190354321 
56900 0.28618421052631576 0.9054547880483093 
57000 0.29605263157894735 0.9054525474622329 
57100 0.26644736842105265 0.9054484712683619 
57200 0.24671052631578946 0.9054637317713438 
57300 0.3256578947368421 0.9054700409380199 
57400 0.24671052631578946 0.9054689928380122 
57500 0.28618421052631576 0.9054617127940109 
57600 0.3256578947368421 0.9054512599836078 
57700 0.26644736842105265 0.9054529293025114 
57800 0.3157894736842105 0.9054486172612202 
57900 0.27631578947368424 0.9054365936775931 
58000 0.3256578947368421 0.9054342529484519 
58100 0.3256578947368421 0.9054313541120318 
58200 0.3355263157894737 0.9054230959135265 
58300 0.34539473684210525 0.9054101829976736 
58400 0.26644736842105265 0.9054111140851049 
58500 0.28618421052631576 0.9054135601820572 
58600 0.3157894736842105 0.9054164469979405 
58700 0.29605263157894735 0.9054158496358441 
58800 0.24671052631578946 0.9054108348497475 
58900 0.28618421052631576 0.9054154987092525 
59000 0.3157894736842105 0.9054243282228044 
59100 0.27631578947368424 0.9054206046918789 
59200 0.29605263157894735 0.9054256729304893 
59300 0.2565789473684211 0.9054288380687643 
59400 0.22697368421052633 0.9054160992327792 
59500 0.2565789473684211 0.905411474729748 
59600 0.3355263157894737 0.9054077488102902 
59700 0.2565789473684211 0.9054042006701818 
59800 0.3256578947368421 0.9054023146066031 
59900 0.3059210526315789 0.9054128456690381 
60000 0.29605263157894735 0.9054162693779665 
60100 0.3256578947368421 0.90541284014015 
60200 0.3256578947368421 0.9054170174651759 
60300 0.3256578947368421 0.9054150166838466 
60400 0.2565789473684211 0.905416725847167 
60500 0.27631578947368424 0.9054233227114993 
60600 0.29605263157894735 0.9054276722895835 
60700 0.2565789473684211 0.9054287018595896 
60800 0.3059210526315789 0.9054417387525655 
60900 0.29605263157894735 0.9054406353192714 
61000 0.21710526315789475 0.9054320938655881 
61100 0.29605263157894735 0.9054340246821699 
61200 0.4440789473684211 0.9054326705187996 
61300 0.26644736842105265 0.9054270278925647 
61400 0.3256578947368421 0.9054278324800128 
61500 0.29605263157894735 0.9054259066390876 
61600 0.28618421052631576 0.9054216908645536 
61700 0.23684210526315788 0.905417755320864 
61800 0.23684210526315788 0.9054289489439363 
61900 0.3059210526315789 0.9054292656610428 
62000 0.27631578947368424 0.9054334013288411 
62100 0.29605263157894735 0.905432120764222 
62200 0.26644736842105265 0.9054230702840282 
62300 0.26644736842105265 0.9054295191679782 
62400 0.34539473684210525 0.905416600948534 
62500 0.3059210526315789 0.9054078292642055 
62600 0.3157894736842105 0.9054096474833511 
62700 0.3059210526315789 0.905409046611361 
62800 0.3157894736842105 0.9054077667217837 
62900 0.27631578947368424 0.9053969730210967 
63000 0.26644736842105265 0.905405689049213 
63100 0.28618421052631576 0.9054005629237671 
63200 0.3157894736842105 0.9053976910758408 
63300 0.28618421052631576 0.9054017397247404 
63400 0.3256578947368421 0.9053872012644661 
63500 0.29605263157894735 0.9053971590998567 
63600 0.3059210526315789 0.9053992241101804 
63700 0.3157894736842105 0.9053918326490785 
63800 0.27631578947368424 0.9053981788769191 
63900 0.3059210526315789 0.905388598646426 
64000 0.40460526315789475 0.9053832629259905 
64100 0.3059210526315789 0.9053790728283244 
64200 0.24671052631578946 0.9053738198044136 
64300 0.28618421052631576 0.9053771775670183 
64400 0.3157894736842105 0.90537000283585 
64500 0.28618421052631576 0.905375855045903 
64600 0.34539473684210525 0.9053700284906784 
64700 0.35526315789473684 0.9053720494843079 
64800 0.34539473684210525 0.9053665005981877 
64900 0.34539473684210525 0.9053652769927314 
65000 0.27631578947368424 0.9053700287202059 
65100 0.3157894736842105 0.9053760795977748 
65200 0.3157894736842105 0.905369801803169 
65300 0.3059210526315789 0.9053680265233304 
65400 0.3651315789473684 0.9053680170671783 
65500 0.26644736842105265 0.905367153896405 
65600 0.3059210526315789 0.9053733636120759 
65700 0.3059210526315789 0.9053712432479198 
65800 0.28618421052631576 0.9053710789869615 
65900 0.3059210526315789 0.9053654744477162 
66000 0.26644736842105265 0.9053698050029545 
66100 0.28618421052631576 0.9053738736335704 
66200 0.3157894736842105 0.9053697809462252 
66300 0.3157894736842105 0.9053678836311908 
66400 0.34539473684210525 0.9053765934882084 
66500 0.3157894736842105 0.9053732076842532 
66600 0.29605263157894735 0.9053630161235132 
66700 0.3256578947368421 0.9053676994505724 
66800 0.3059210526315789 0.9053575958916468 
66900 0.3256578947368421 0.9053586839627131 
67000 0.3059210526315789 0.905356430265377 
67100 0.375 0.9053539871944806 
67200 0.26644736842105265 0.9053474885633751 
67300 0.27631578947368424 0.9053442351290627 
67400 0.28618421052631576 0.9053528508479103 
67500 0.27631578947368424 0.9053506712181262 
67600 0.28618421052631576 0.905351709605666 
67700 0.28618421052631576 0.9053544455146818 
67800 0.3355263157894737 0.9053497017975981 
67900 0.3059210526315789 0.9053530623919189 
68000 0.3157894736842105 0.9053579610671361 
68100 0.29605263157894735 0.9053518806045819 
68200 0.29605263157894735 0.90535652548697 
68300 0.21710526315789475 0.9053557145267966 
68400 0.28618421052631576 0.9053515395665961 
68500 0.3059210526315789 0.9053530432517697 
68600 0.29605263157894735 0.9053554056677093 
68700 0.27631578947368424 0.9053493820284544 
68800 0.3355263157894737 0.9053570977778016 
68900 0.3355263157894737 0.9053574388577357 
69000 0.3355263157894737 0.9053487687821458 
69100 0.27631578947368424 0.9053515011207851 
69200 0.3059210526315789 0.9053502801526294 
69300 0.3157894736842105 0.9053527176261602 
69400 0.3355263157894737 0.905357328386744 
69500 0.3651315789473684 0.9053562462940707 
69600 0.29605263157894735 0.9053562543339139 
69700 0.27631578947368424 0.9053526284075061 
69800 0.3157894736842105 0.905347127812224 
69900 0.3157894736842105 0.9053491253419309 
70000 0.3355263157894737 0.9053450552210156 
70100 0.2565789473684211 0.9053502878178027 
70200 0.3157894736842105 0.9053487579649113 
70300 0.3059210526315789 0.9053463902212966 
70400 0.3059210526315789 0.9053345907915482 
70500 0.3355263157894737 0.9053297302987117 
70600 0.34539473684210525 0.9053256756464609 
70700 0.29605263157894735 0.9053221442561298 
70800 0.28618421052631576 0.9053231760033125 
70900 0.28618421052631576 0.9053117708977455 
71000 0.3059210526315789 0.9053096639113312 
71100 0.3157894736842105 0.9053145488367549 
71200 0.3059210526315789 0.9053064840898893 
71300 0.28618421052631576 0.9053070230800631 
71400 0.28618421052631576 0.9053144711226955 
71500 0.3059210526315789 0.9053181258414494 
71600 0.28618421052631576 0.9053217703516343 
71700 0.23684210526315788 0.9053265057596642 
71800 0.28618421052631576 0.9053262342776343 
71900 0.3157894736842105 0.9053213885466785 
72000 0.3157894736842105 0.905326150440893 
72100 0.26644736842105265 0.9053275230141344 
72200 0.3059210526315789 0.9053374114952483 
72300 0.29605263157894735 0.9053365808436805 
72400 0.27631578947368424 0.9053311182093298 
72500 0.29605263157894735 0.9053289373867075 
72600 0.26644736842105265 0.9053267625717784 
72700 0.35526315789473684 0.905321245490723 
72800 0.2565789473684211 0.9053278078164051 
72900 0.27631578947368424 0.9053233422543479 
73000 0.3059210526315789 0.9053188438658735 
73100 0.29605263157894735 0.905323087595461 
73200 0.3355263157894737 0.9053238595388761 
73300 0.3157894736842105 0.9053201417514948 
73400 0.3355263157894737 0.9053097566432122 
73500 0.2565789473684211 0.9053083058662288 
73600 0.3059210526315789 0.9053064120982338 
73700 0.29605263157894735 0.9053088974726473 
73800 0.2565789473684211 0.9053090137845801 
73900 0.2565789473684211 0.9053141151141748 
74000 0.3059210526315789 0.9053147574819401 
74100 0.3651315789473684 0.9053127346104428 
74200 0.3059210526315789 0.9053093429014647 
74300 0.29605263157894735 0.9053071556733316 
74400 0.23684210526315788 0.9053080692180849 
74500 0.3256578947368421 0.9053074349408238 
74600 0.3059210526315789 0.9053065818928631 
74700 0.3256578947368421 0.9053015037493333 
74800 0.3059210526315789 0.9053036073258238 
74900 0.3256578947368421 0.9053008743471207 
75000 0.3355263157894737 0.905292710132286 
75100 0.3256578947368421 0.9052956492274614 
75200 0.3157894736842105 0.9052946436882489 
75300 0.3355263157894737 0.9052864765897426 
75400 0.27631578947368424 0.9052898921485755 
75500 0.26644736842105265 0.9052902488569339 
75600 0.27631578947368424 0.9053013518339704 
75700 0.3157894736842105 0.9052946095407208 
75800 0.23684210526315788 0.9052979095540331 
75900 0.35526315789473684 0.905297863768524 
76000 0.29605263157894735 0.9053007179960928 
76100 0.375 0.9052907700915473 
76200 0.26644736842105265 0.9052875825638426 
76300 0.28618421052631576 0.9052897923666586 
76400 0.29605263157894735 0.90527744366807 
76500 0.2565789473684211 0.9052818968998685 
76600 0.3157894736842105 0.9052794676309709 
76700 0.3059210526315789 0.9052749003478305 
76800 0.3059210526315789 0.9052738999423664 
76900 0.35526315789473684 0.9052661863954955 
77000 0.26644736842105265 0.9052664387817246 
77100 0.3256578947368421 0.9052674158093382 
77200 0.3256578947368421 0.905262851108419 
77300 0.24671052631578946 0.9052620855316776 
77400 0.3256578947368421 0.905262979398471 
77500 0.3157894736842105 0.905265823395148 
77600 0.27631578947368424 0.9052624711835645 
77700 0.34539473684210525 0.9052645464835174 
77800 0.2565789473684211 0.9052629803161778 
77900 0.29605263157894735 0.9052629383177975 
78000 0.3157894736842105 0.9052603660951715 
78100 0.20723684210526316 0.9052594851875339 
78200 0.3059210526315789 0.9052581438250554 
78300 0.3256578947368421 0.905259578589774 
78400 0.27631578947368424 0.9052566461625422 
78500 0.3059210526315789 0.9052550621212334 
78600 0.28618421052631576 0.9052544028166242 
78700 0.24671052631578946 0.9052594295932841 
78800 0.29605263157894735 0.9052609371107366 
78900 0.3256578947368421 0.9052664014664613 
79000 0.3651315789473684 0.905266605552628 
79100 0.3059210526315789 0.9052655199648152 
79200 0.27631578947368424 0.9052673444447472 
79300 0.3059210526315789 0.9052746812776636 
79400 0.3059210526315789 0.9052745010502983 
79500 0.27631578947368424 0.9052715904268666 
79600 0.2565789473684211 0.9052788942746686 
79700 0.3059210526315789 0.9052809794369614 
79800 0.26644736842105265 0.9052774121020776 
79900 0.27631578947368424 0.9052810171666384 
80000 0.26644736842105265 0.9052826806770179 
80100 0.3059210526315789 0.9052824920380126 
80200 0.3256578947368421 0.905278981624458 
80300 0.26644736842105265 0.9052856390986807 
80400 0.2565789473684211 0.9052919117921419 
80500 0.3157894736842105 0.9052867273959984 
80600 0.27631578947368424 0.9052833515843802 
80700 0.3059210526315789 0.9052794950039751 
80800 0.3256578947368421 0.9052757701018552 
80900 0.27631578947368424 0.9052807964119889 
81000 0.35526315789473684 0.9052754546889934 
81100 0.24671052631578946 0.9052737359978039 
81200 0.24671052631578946 0.9052786652225568 
81300 0.375 0.9052784843068545 
81400 0.27631578947368424 0.9052791524609487 
81500 0.34539473684210525 0.9052737648036608 
81600 0.3059210526315789 0.9052711315457306 
81700 0.3157894736842105 0.905266491616736 
81800 0.27631578947368424 0.9052623053765267 
81900 0.3256578947368421 0.9052584105071656 
82000 0.3059210526315789 0.9052527199604112 
82100 0.28618421052631576 0.9052516508870012 
82200 0.3651315789473684 0.905250904554241 
82300 0.28618421052631576 0.9052487611265195 
82400 0.3157894736842105 0.9052401957308899 
82500 0.3355263157894737 0.9052362762429036 
82600 0.27631578947368424 0.9052521187777133 
82700 0.28618421052631576 0.905252410554445 
82800 0.34539473684210525 0.9052499604314466 
82900 0.3157894736842105 0.9052481907716179 
83000 0.3651315789473684 0.9052505074447422 
83100 0.24671052631578946 0.9052554310892452 
83200 0.34539473684210525 0.9052537798444983 
83300 0.3059210526315789 0.9052555681077943 
83400 0.2565789473684211 0.9052577859409738 
83500 0.3059210526315789 0.9052583832907138 
83600 0.29605263157894735 0.9052554379543433 
83700 0.29605263157894735 0.9052501416382499 
83800 0.28618421052631576 0.9052501964239844 
83900 0.28618421052631576 0.905253191574782 
84000 0.29605263157894735 0.9052542607575473 
84100 0.28618421052631576 0.9052549753773501 
84200 0.27631578947368424 0.9052571337757583 
84300 0.23684210526315788 0.9052518341232139 
84400 0.27631578947368424 0.9052551603591626 
84500 0.3355263157894737 0.905260347277111 
84600 0.27631578947368424 0.9052710432065317 
84700 0.2565789473684211 0.9052714222599746 
84800 0.29605263157894735 0.9052669903967121 
84900 0.22697368421052633 0.905263770062841 
85000 0.28618421052631576 0.9052712769942645 
85100 0.29605263157894735 0.9052756353286714 
85200 0.3256578947368421 0.9052777055371848 
85300 0.29605263157894735 0.9052739864220757 
85400 0.3059210526315789 0.9052767085187589 
85500 0.24671052631578946 0.9052749229156446 
85600 0.29605263157894735 0.9052734873362891 
85700 0.3256578947368421 0.9052800388007509 
85800 0.24671052631578946 0.9052785239283802 
85900 0.23684210526315788 0.9052801909664675 
86000 0.3059210526315789 0.9052836135932324 
86100 0.29605263157894735 0.9052819470279396 
86200 0.29605263157894735 0.9052785289461167 
86300 0.22697368421052633 0.9052833519035883 
86400 0.3059210526315789 0.9052899911611647 
86500 0.3157894736842105 0.9052897699996166 
86600 0.29605263157894735 0.9052868904516114 
86700 0.29605263157894735 0.9052844728313095 
86800 0.3059210526315789 0.9052871010460103 
86900 0.29605263157894735 0.9052850672786152 
87000 0.26644736842105265 0.905287008195308 
87100 0.2565789473684211 0.9052897377454727 
87200 0.28618421052631576 0.9052952902519829 
87300 0.29605263157894735 0.9052902043685519 
87400 0.3059210526315789 0.9052887055971297 
87500 0.3059210526315789 0.9052953680529365 
87600 0.3157894736842105 0.9052932659985257 
87700 0.2565789473684211 0.9052912062456229 
87800 0.3157894736842105 0.9052908745794167 
87900 0.27631578947368424 0.9052955957030607 
88000 0.26644736842105265 0.9052967923809478 
88100 0.29605263157894735 0.9052916389622198 
88200 0.3059210526315789 0.905287466904242 
88300 0.29605263157894735 0.9052845708965566 
88400 0.35526315789473684 0.9052820535490489 
88500 0.26644736842105265 0.9052849313626549 
88600 0.29605263157894735 0.9052832360808569 
88700 0.3157894736842105 0.9052786890790409 
88800 0.3256578947368421 0.9052723372010391 
88900 0.28618421052631576 0.9052843153738724 
89000 0.29605263157894735 0.9052795976863655 
89100 0.3157894736842105 0.9052778809854458 
89200 0.29605263157894735 0.9052794133178823 
89300 0.2565789473684211 0.9052866149315237 
89400 0.24671052631578946 0.9052899737963604 
89500 0.26644736842105265 0.9052815640401548 
89600 0.29605263157894735 0.9052847741948369 
89700 0.22697368421052633 0.9052888206374511 
89800 0.2565789473684211 0.9052797076459704 
89900 0.3059210526315789 0.9052826164336325 
90000 0.28618421052631576 0.9052857380532029 
90100 0.3157894736842105 0.9052835589767974 
90200 0.26644736842105265 0.9052859067964587 
90300 0.29605263157894735 0.9052819473934834 
90400 0.3059210526315789 0.9052862931185554 
90500 0.26644736842105265 0.9052914652295205 
90600 0.24671052631578946 0.9052901269243572 
90700 0.23684210526315788 0.9052930711029125 
90800 0.2565789473684211 0.9052955740691472 
90900 0.28618421052631576 0.9052933309748779 
91000 0.29605263157894735 0.9052949244629469 
91100 0.3355263157894737 0.9052940591096406 
91200 0.3651315789473684 0.9052869197533038 
91300 0.26644736842105265 0.9052790394294408 
91400 0.3355263157894737 0.9052762508644671 
91500 0.3157894736842105 0.9052722820400583 
91600 0.29605263157894735 0.9052768327626853 
91700 0.3256578947368421 0.9052777505152616 
91800 0.28618421052631576 0.9052751905007341 
91900 0.2565789473684211 0.9052721349461291 
92000 0.27631578947368424 0.9052773096287855 
92100 0.28618421052631576 0.9052812230166082 
92200 0.29605263157894735 0.905278741696488 
92300 0.29605263157894735 0.905280079077663 
92400 0.28618421052631576 0.9052753971676087 
92500 0.3059210526315789 0.9052757039895444 
92600 0.23684210526315788 0.9052753707331795 
92700 0.26644736842105265 0.905276386617075 
92800 0.29605263157894735 0.9052753444126906 
92900 0.3355263157894737 0.9052732776090451 
93000 0.2565789473684211 0.9052772989424562 
93100 0.24671052631578946 0.9052836082375734 
93200 0.35526315789473684 0.9052837274729941 
93300 0.35526315789473684 0.9052891701956147 
93400 0.27631578947368424 0.9052902341291286 
93500 0.28618421052631576 0.9052957286130912 
93600 0.34539473684210525 0.905289262541617 
93700 0.28618421052631576 0.9052925697585658 
93800 0.28618421052631576 0.9052983247288914 
93900 0.24671052631578946 0.9052941886163423 
94000 0.3355263157894737 0.9052905162263112 
94100 0.29605263157894735 0.9052944722328025 
94200 0.3157894736842105 0.9052989436362001 
94300 0.26644736842105265 0.9052967429602521 
94400 0.29605263157894735 0.9052989026655047 
94500 0.2565789473684211 0.9052998742981834 
94600 0.3059210526315789 0.9052994877655126 
94700 0.375 0.9053042776183656 
94800 0.29605263157894735 0.9053084327891278 
94900 0.3256578947368421 0.9053085237302696 
95000 0.3157894736842105 0.9053035591315105 
95100 0.2565789473684211 0.9053075981823203 
95200 0.28618421052631576 0.9053162588407132 
95300 0.3157894736842105 0.9053211390061076 
95400 0.2565789473684211 0.9053216988788046 
95500 0.3355263157894737 0.9053235664658237 
95600 0.29605263157894735 0.9053228495187509 
95700 0.27631578947368424 0.905321652856292 
95800 0.2565789473684211 0.9053147588284707 
95900 0.34539473684210525 0.905317929290019 
96000 0.2565789473684211 0.9053159191324213 
96100 0.2565789473684211 0.905315453478495 
96200 0.2565789473684211 0.9053104068291226 
96300 0.3157894736842105 0.9053138760651226 
96400 0.35526315789473684 0.9053154272258587 
96500 0.3059210526315789 0.9053068852845266 
96600 0.3157894736842105 0.9053085426270514 
96700 0.35526315789473684 0.9053069649309673 
96800 0.28618421052631576 0.9053102159122975 
96900 0.3157894736842105 0.9053087415859594 
97000 0.27631578947368424 0.9053176133832587 
97100 0.23684210526315788 0.9053134243291981 
97200 0.34539473684210525 0.9053230175777919 
97300 0.3059210526315789 0.905328365208558 
97400 0.28618421052631576 0.9053289399384746 
97500 0.3157894736842105 0.9053302557220736 
97600 0.3157894736842105 0.9053264796143697 
97700 0.28618421052631576 0.9053205564345352 
97800 0.29605263157894735 0.9053241302559063 
97900 0.23684210526315788 0.9053205399762059 
98000 0.27631578947368424 0.9053171919835404 
98100 0.28618421052631576 0.9053247820854876 
98200 0.29605263157894735 0.9053248868191395 
98300 0.29605263157894735 0.9053273003058812 
98400 0.35526315789473684 0.9053247947843919 
98500 0.29605263157894735 0.9053280717427928 
98600 0.24671052631578946 0.9053259041357006 
98700 0.34539473684210525 0.9053316395770533 
98800 0.29605263157894735 0.9053316701461044 
98900 0.3651315789473684 0.9053325986805519 
99000 0.24671052631578946 0.9053267803249196 
99100 0.26644736842105265 0.9053264173870463 
99200 0.2565789473684211 0.9053242645580292 
99300 0.29605263157894735 0.9053267868718129 
99400 0.27631578947368424 0.9053271861608932 
99500 0.3059210526315789 0.9053318162896009 
99600 0.28618421052631576 0.9053300630040176 
99700 0.3651315789473684 0.9053366935558372 
99800 0.3355263157894737 0.9053323679912499 
99900 0.2565789473684211 0.9053302572178035 
