0 0.019230769230769232 0.9935897435897436 
100 0.27884615384615385 0.9147626301091648 
200 0.25 0.9121539737211379 
300 0.25 0.9114277195672544 
400 0.25 0.9112475222200908 
500 0.2403846153846154 0.9117022365525359 
600 0.3269230769230769 0.9112750117325824 
700 0.3269230769230769 0.9102884158162332 
800 0.25 0.9099923172956881 
900 0.27884615384615385 0.909808190329833 
1000 0.28846153846153844 0.9100578908271216 
1100 0.3076923076923077 0.9103932322597172 
1200 0.22115384615384615 0.9105686500565768 
1300 0.34615384615384615 0.9108452078282978 
1400 0.27884615384615385 0.9109839125899083 
1500 0.27884615384615385 0.9108222723312663 
1600 0.3076923076923077 0.9105466935729272 
1700 0.21153846153846154 0.9108556053000497 
1800 0.25 0.910662167741568 
1900 0.19230769230769232 0.910851576093554 
2000 0.20192307692307693 0.9107449480388011 
2100 0.28846153846153844 0.9106271128522437 
2200 0.28846153846153844 0.9104923170120808 
2300 0.25961538461538464 0.9103775950255741 
2400 0.3269230769230769 0.9102884481893229 
2500 0.33653846153846156 0.9101167225417526 
2600 0.2403846153846154 0.9101800096609786 
2700 0.22115384615384615 0.9102528503213435 
2800 0.34615384615384615 0.910212927617426 
2900 0.25961538461538464 0.9101580798840364 
3000 0.25 0.9102072813335725 
3100 0.3557692307692308 0.9103308279380514 
3200 0.27884615384615385 0.9104636772162545 
3300 0.3173076923076923 0.9104340953401844 
3400 0.2692307692307692 0.9103383997165237 
3500 0.28846153846153844 0.9103735928928731 
3600 0.2980769230769231 0.9102350486688171 
3700 0.2980769230769231 0.9100849389284947 
3800 0.3173076923076923 0.9099098415396758 
3900 0.2692307692307692 0.9096927809437423 
4000 0.23076923076923078 0.9098021968866757 
4100 0.2692307692307692 0.9098851749729584 
4200 0.27884615384615385 0.9098627310957709 
4300 0.2403846153846154 0.9098554897787634 
4400 0.23076923076923078 0.9099308723541852 
4500 0.22115384615384615 0.9100876443411435 
4600 0.2980769230769231 0.9100592680520957 
4700 0.28846153846153844 0.9099475561664457 
4800 0.28846153846153844 0.909978690336949 
4900 0.27884615384615385 0.9100314430859218 
5000 0.25 0.9099968467844892 
5100 0.28846153846153844 0.9099365886025365 
5200 0.2980769230769231 0.9098687875605777 
5300 0.34615384615384615 0.9098386129370849 
5400 0.25961538461538464 0.909963254667939 
5500 0.27884615384615385 0.9100087862812822 
5600 0.25961538461538464 0.9099645667669235 
5700 0.27884615384615385 0.9098533095858127 
5800 0.25961538461538464 0.9099005918519796 
5900 0.2980769230769231 0.9098159155988338 
6000 0.2692307692307692 0.9097960169031657 
6100 0.27884615384615385 0.9098329824030529 
6200 0.375 0.9097777860477425 
6300 0.23076923076923078 0.9095569893260737 
6400 0.27884615384615385 0.9095263560581479 
6500 0.25 0.909529204579966 
6600 0.3173076923076923 0.9095339090036864 
6700 0.25961538461538464 0.9095609533976942 
6800 0.2692307692307692 0.9094755107657622 
6900 0.2692307692307692 0.9094668554167178 
7000 0.3557692307692308 0.9094552426576423 
7100 0.28846153846153844 0.9093771552580171 
7200 0.25 0.9093181502569088 
7300 0.2692307692307692 0.9093015884722501 
7400 0.2692307692307692 0.909320119595758 
7500 0.33653846153846156 0.9093868680757096 
7600 0.2980769230769231 0.9093510806607767 
7700 0.28846153846153844 0.9092433883045492 
7800 0.2692307692307692 0.9092325441511443 
7900 0.27884615384615385 0.9092438801969241 
8000 0.23076923076923078 0.9092833748345559 
8100 0.2692307692307692 0.9092502824912404 
8200 0.27884615384615385 0.9092430097642876 
8300 0.2403846153846154 0.9091918953230843 
8400 0.3173076923076923 0.9091973177796294 
8500 0.27884615384615385 0.9091641556498632 
8600 0.3076923076923077 0.9090937547512364 
8700 0.28846153846153844 0.9090352862476756 
8800 0.2403846153846154 0.9090342297932344 
8900 0.27884615384615385 0.9090256352642602 
9000 0.23076923076923078 0.9090546207116588 
9100 0.2692307692307692 0.9091438951481804 
9200 0.27884615384615385 0.9091995295940519 
9300 0.2692307692307692 0.9092370823098702 
9400 0.25 0.909279291073781 
9500 0.2692307692307692 0.9092828285281711 
9600 0.2692307692307692 0.9092388880431793 
9700 0.3076923076923077 0.9091621535184055 
9800 0.3076923076923077 0.9091386540881491 
9900 0.2980769230769231 0.9091055940995341 
10000 0.27884615384615385 0.9091090890910909 
10100 0.25 0.9091175918098995 
10200 0.28846153846153844 0.9091322117741096 
10300 0.2692307692307692 0.9090759174488909 
10400 0.3269230769230769 0.909033956301046 
10500 0.2980769230769231 0.9089595252222621 
10600 0.18269230769230768 0.9089385012057402 
10700 0.2692307692307692 0.9090017348007255 
10800 0.2403846153846154 0.9090026683189353 
10900 0.27884615384615385 0.9089897657001592 
11000 0.2692307692307692 0.9090315798796846 
11100 0.2692307692307692 0.9090281771796951 
11200 0.3269230769230769 0.9090339919283763 
11300 0.25 0.908988653148462 
11400 0.2692307692307692 0.9089994917224985 
11500 0.3173076923076923 0.9090410755809417 
11600 0.2980769230769231 0.9090117673321707 
11700 0.25961538461538464 0.9089747424611966 
11800 0.25961538461538464 0.9089649616829517 
11900 0.27884615384615385 0.9089410715324504 
12000 0.21153846153846154 0.9089461561963853 
12100 0.25961538461538464 0.9089106325181856 
12200 0.3076923076923077 0.908890139311826 
12300 0.20192307692307693 0.908930428837347 
12400 0.25 0.9089160510215264 
12500 0.25 0.9089419000326128 
12600 0.2692307692307692 0.9089569102167309 
12700 0.3076923076923077 0.9089209612003093 
12800 0.25 0.9089303920567103 
12900 0.25 0.9089344594634883 
13000 0.23076923076923078 0.9089719922925061 
13100 0.3076923076923077 0.908956108263413 
13200 0.3173076923076923 0.9089382797340528 
13300 0.2692307692307692 0.9088865016896743 
13400 0.22115384615384615 0.9089256637947034 
13500 0.20192307692307693 0.908944779019218 
13600 0.3173076923076923 0.9089640844658858 
13700 0.2403846153846154 0.9089919975895452 
13800 0.28846153846153844 0.9090048751576901 
13900 0.28846153846153844 0.9089783708606095 
14000 0.2692307692307692 0.9089774265208163 
14100 0.23076923076923078 0.9089653579760665 
14200 0.25 0.9089868626080865 
14300 0.3173076923076923 0.9089959640620433 
14400 0.2403846153846154 0.9090314240998222 
14500 0.25 0.909029262349723 
14600 0.2692307692307692 0.9089990323809926 
14700 0.28846153846153844 0.9089899256809671 
14800 0.3076923076923077 0.9090056285178236 
14900 0.3076923076923077 0.9089989658240111 
15000 0.3269230769230769 0.9090304236127847 
15100 0.3173076923076923 0.9090489422503859 
15200 0.28846153846153844 0.9090193543272288 
15300 0.25961538461538464 0.909027858075306 
15400 0.2692307692307692 0.909014191552663 
15500 0.27884615384615385 0.9090019419756211 
15600 0.2980769230769231 0.9089764955895332 
15700 0.25961538461538464 0.9089795440107522 
15800 0.2403846153846154 0.9089845822805762 
15900 0.23076923076923078 0.9089756490077224 
16000 0.2980769230769231 0.9089576132260965 
16100 0.3173076923076923 0.9089716517050223 
16200 0.25961538461538464 0.908982747187179 
16300 0.27884615384615385 0.9089962626172061 
16400 0.22115384615384615 0.9090393174900218 
16500 0.2692307692307692 0.9090193057452618 
16600 0.27884615384615385 0.9090116983993859 
16700 0.28846153846153844 0.9090617558598518 
16800 0.2692307692307692 0.9090295678370793 
16900 0.25961538461538464 0.9090093288365579 
17000 0.3269230769230769 0.9090409840145149 
17100 0.38461538461538464 0.9090285993171789 
17200 0.28846153846153844 0.9090239983065982 
17300 0.3269230769230769 0.9090472390064899 
17400 0.25 0.9090359528409065 
17500 0.25961538461538464 0.909051167772098 
17600 0.25961538461538464 0.9090507313832693 
17700 0.23076923076923078 0.9090680448301487 
17800 0.27884615384615385 0.9090423110773092 
17900 0.3557692307692308 0.9090220572121025 
18000 0.23076923076923078 0.9090059455386381 
18100 0.23076923076923078 0.9090371122717402 
18200 0.2980769230769231 0.9090401133214715 
18300 0.25 0.9090653235986824 
18400 0.28846153846153844 0.9090423597379741 
18500 0.34615384615384615 0.9090142736567254 
18600 0.2980769230769231 0.9089851110844606 
18700 0.28846153846153844 0.9089819686044487 
18800 0.25 0.908978859553297 
18900 0.3269230769230769 0.9089632348851437 
19000 0.2692307692307692 0.9089187613607381 
19100 0.25961538461538464 0.9088871706273937 
19200 0.25 0.9089038164411842 
19300 0.22115384615384615 0.9089166364437076 
19400 0.2403846153846154 0.9089389061362155 
19500 0.3076923076923077 0.9089205155817125 
19600 0.2980769230769231 0.9089407395488718 
19700 0.25961538461538464 0.9089145546431978 
19800 0.25961538461538464 0.9089342807084335 
19900 0.25 0.9089343210430091 
20000 0.3173076923076923 0.9089625646922782 
20100 0.23076923076923078 0.9089761767178314 
20200 0.2403846153846154 0.9089896539775258 
20300 0.27884615384615385 0.9089736327249258 
20400 0.2980769230769231 0.9090177831906179 
20500 0.3076923076923077 0.9090058458686818 
20600 0.27884615384615385 0.9089859342152921 
20700 0.23076923076923078 0.9089813882396366 
20800 0.3076923076923077 0.9089750369496535 
20900 0.23076923076923078 0.9089529515824908 
21000 0.25961538461538464 0.908954427078564 
21100 0.23076923076923078 0.908954977221884 
21200 0.36538461538461536 0.90896217401453 
21300 0.3269230769230769 0.9089533535803664 
21400 0.25961538461538464 0.9089498573634829 
21500 0.23076923076923078 0.9089425178793115 
21600 0.3173076923076923 0.9089300530958324 
21700 0.21153846153846154 0.9089558084880881 
21800 0.3269230769230769 0.9089642735748419 
21900 0.23076923076923078 0.9089764663596909 
22000 0.25961538461538464 0.9089948125901037 
22100 0.27884615384615385 0.9090305404442773 
22200 0.28846153846153844 0.9090157061532225 
22300 0.27884615384615385 0.9090104905034729 
22400 0.2980769230769231 0.9090144785203041 
22500 0.2403846153846154 0.9090379458918635 
22600 0.3173076923076923 0.9090281630379413 
22700 0.25 0.909019737072466 
22800 0.23076923076923078 0.909060162678425 
22900 0.25961538461538464 0.9090784021300156 
23000 0.2980769230769231 0.9090868680180014 
23100 0.28846153846153844 0.9090819411747078 
23200 0.25961538461538464 0.9090646236512794 
23300 0.28846153846153844 0.9090829435074317 
23400 0.3269230769230769 0.9090616607442812 
23500 0.2980769230769231 0.9090675628642099 
23600 0.25 0.9090818348635814 
23700 0.25961538461538464 0.9091201929162352 
23800 0.22115384615384615 0.9090993806551977 
23900 0.33653846153846156 0.9090783402475382 
24000 0.2692307692307692 0.909072965976845 
24100 0.27884615384615385 0.9090698970890664 
24200 0.28846153846153844 0.9090697671954645 
24300 0.2980769230769231 0.9090606696569414 
24400 0.3076923076923077 0.9090563753692315 
24500 0.2980769230769231 0.9090483224651218 
24600 0.25 0.909039553322306 
24700 0.2692307692307692 0.909029687368621 
24800 0.19230769230769232 0.9090363136722155 
24900 0.2980769230769231 0.9090306588449233 
25000 0.27884615384615385 0.9090255620544408 
25100 0.3076923076923077 0.9090270180266595 
25200 0.27884615384615385 0.9090110384305059 
25300 0.3076923076923077 0.9089978454282237 
25400 0.25961538461538464 0.9089881631956747 
25500 0.25961538461538464 0.9089727753260556 
25600 0.2692307692307692 0.9089660209587166 
25700 0.23076923076923078 0.9089782748152072 
25800 0.34615384615384615 0.9090131668520103 
25900 0.25961538461538464 0.9090125220390461 
26000 0.2692307692307692 0.9090302493296609 
26100 0.23076923076923078 0.909057296164112 
26200 0.27884615384615385 0.909044991432114 
26300 0.28846153846153844 0.909041188840436 
26400 0.34615384615384615 0.9090250320743484 
26500 0.28846153846153844 0.9090207287775304 
26600 0.23076923076923078 0.9090179037032539 
26700 0.28846153846153844 0.9090160600918625 
26800 0.3076923076923077 0.9089846915394469 
26900 0.28846153846153844 0.908964517571075 
27000 0.28846153846153844 0.908949834716473 
27100 0.2403846153846154 0.9089656545931222 
27200 0.22115384615384615 0.9089788836948868 
27300 0.20192307692307693 0.908995537873601 
27400 0.2692307692307692 0.9089846992295808 
27500 0.2692307692307692 0.9089852443594125 
27600 0.25961538461538464 0.9090138874566975 
27700 0.25961538461538464 0.9090115463757209 
27800 0.2403846153846154 0.9090199439422489 
27900 0.33653846153846156 0.909013807059576 
28000 0.27884615384615385 0.9089985568280986 
28100 0.3173076923076923 0.9090263007338912 
28200 0.33653846153846156 0.9090061136220847 
28300 0.28846153846153844 0.9089970545572821 
28400 0.23076923076923078 0.9090091627326232 
28500 0.28846153846153844 0.9090182620672779 
28600 0.2980769230769231 0.9090128415807588 
28700 0.33653846153846156 0.9090343720713743 
28800 0.2403846153846154 0.9090344975557294 
28900 0.25961538461538464 0.9090573567235275 
29000 0.2692307692307692 0.9090526498202096 
29100 0.2980769230769231 0.9090560153453181 
29200 0.25961538461538464 0.9090629799295599 
29300 0.25961538461538464 0.9090474727824989 
29400 0.23076923076923078 0.9090523477746701 
29500 0.28846153846153844 0.9090532785068564 
29600 0.2692307692307692 0.9090460821230052 
29700 0.22115384615384615 0.9090564161268851 
29800 0.25 0.9090768981250844 
29900 0.25961538461538464 0.9090568319900115 
30000 0.33653846153846156 0.9090540999060716 
30100 0.2403846153846154 0.9090582006390451 
30200 0.25 0.9090584536596258 
30300 0.25 0.9090690710893015 
30400 0.22115384615384615 0.9090778263872898 
30500 0.34615384615384615 0.9090770668300914 
30600 0.33653846153846156 0.9090510700588803 
30700 0.22115384615384615 0.9090325505140984 
30800 0.25961538461538464 0.9090443283975962 
30900 0.2403846153846154 0.9090395381777537 
31000 0.2692307692307692 0.9090599021206098 
31100 0.25961538461538464 0.9090493215240008 
31200 0.25 0.9090537039000229 
31300 0.27884615384615385 0.9090506856912084 
31400 0.23076923076923078 0.9090644263329847 
31500 0.23076923076923078 0.9090761465447983 
31600 0.2980769230769231 0.9090869811812187 
31700 0.3173076923076923 0.9090626640427909 
31800 0.27884615384615385 0.9090578509464708 
31900 0.28846153846153844 0.9090617085389977 
32000 0.2980769230769231 0.9090501178248436 
32100 0.27884615384615385 0.9090433918904994 
32200 0.23076923076923078 0.9090503440329533 
32300 0.27884615384615385 0.909053284053284 
32400 0.25961538461538464 0.9090468084634932 
32500 0.2980769230769231 0.9090213397773165 
32600 0.3173076923076923 0.909017951313433 
32700 0.2692307692307692 0.9090097809288354 
32800 0.3076923076923077 0.9090023443625468 
32900 0.2692307692307692 0.908976346288282 
33000 0.2980769230769231 0.9089774086099955 
33100 0.20192307692307693 0.9090060607046498 
33200 0.25 0.9090209284706439 
33300 0.3076923076923077 0.9090146288053258 
33400 0.2980769230769231 0.9090139324862836 
33500 0.2403846153846154 0.9090186936631819 
33600 0.27884615384615385 0.9090381162343306 
33700 0.2980769230769231 0.909050385783272 
33800 0.25961538461538464 0.9090484540360284 
33900 0.2980769230769231 0.9090432246533836 
34000 0.34615384615384615 0.9090359521854183 
34100 0.2692307692307692 0.9090220491315767 
34200 0.23076923076923078 0.9090306251354174 
34300 0.27884615384615385 0.909024948065355 
34400 0.2980769230769231 0.9090199561879164 
34500 0.22115384615384615 0.9090327370667071 
34600 0.21153846153846154 0.9090331241352888 
34700 0.38461538461538464 0.9090215939982518 
34800 0.22115384615384615 0.9090239449352693 
34900 0.25 0.9090223335015748 
35000 0.27884615384615385 0.9090319031177864 
35100 0.2980769230769231 0.9090334740992841 
35200 0.21153846153846154 0.9090338524765104 
35300 0.27884615384615385 0.9090557469498576 
35400 0.2692307692307692 0.9090587764071564 
35500 0.25961538461538464 0.9090532119355251 
35600 0.2692307692307692 0.9090415567410596 
35700 0.3269230769230769 0.9090292486240779 
35800 0.18269230769230768 0.9090320496705793 
35900 0.28846153846153844 0.909035192220201 
36000 0.23076923076923078 0.909054698623044 
36100 0.3076923076923077 0.9090551863397491 
36200 0.25 0.9090408856817244 
36300 0.2403846153846154 0.9090355814171962 
36400 0.22115384615384615 0.9090387591493331 
36500 0.28846153846153844 0.9090442025121896 
36600 0.27884615384615385 0.9090504918248695 
36700 0.33653846153846156 0.9090375340852167 
36800 0.3076923076923077 0.9090396268496048 
36900 0.3269230769230769 0.9090237287711611 
37000 0.3173076923076923 0.9090226424926838 
37100 0.21153846153846154 0.9090151692642191 
37200 0.33653846153846156 0.9090114409662271 
37300 0.25 0.9090256052803973 
37400 0.27884615384615385 0.909016470147857 
37500 0.27884615384615385 0.9090134519489736 
37600 0.27884615384615385 0.9090100236013908 
37700 0.2692307692307692 0.9090128194926476 
37800 0.2403846153846154 0.9090163636967954 
37900 0.28846153846153844 0.9090110943558082 
38000 0.2980769230769231 0.9090196850420266 
38100 0.25 0.9090139299123315 
38200 0.3076923076923077 0.9090282574157342 
38300 0.3173076923076923 0.9090202505256942 
38400 0.23076923076923078 0.9090110333665189 
38500 0.25961538461538464 0.9090131025567767 
38600 0.3076923076923077 0.9090203920583962 
38700 0.22115384615384615 0.9090206043837733 
38800 0.25 0.9090190809250885 
38900 0.2980769230769231 0.9090224264223647 
39000 0.3269230769230769 0.9090135098442578 
39100 0.28846153846153844 0.9089981632052168 
39200 0.3269230769230769 0.9089734105422481 
39300 0.3269230769230769 0.9089708848016524 
39400 0.25 0.908952183954722 
39500 0.25 0.9089593804506085 
39600 0.25 0.9089575567568547 
39700 0.3173076923076923 0.9089637346860087 
39800 0.22115384615384615 0.908983249357863 
39900 0.25 0.909006280929917 
40000 0.25961538461538464 0.9090074831462547 
40100 0.3173076923076923 0.9089977294510847 
40200 0.25 0.9089881040081284 
40300 0.27884615384615385 0.9089714481857357 
40400 0.3076923076923077 0.9089697893997293 
40500 0.3173076923076923 0.9089718582447157 
40600 0.3173076923076923 0.9089661805727912 
40700 0.21153846153846154 0.9089532072229057 
40800 0.3173076923076923 0.9089399832457601 
40900 0.2692307692307692 0.9089315257165677 
41000 0.3173076923076923 0.9089284251353469 
41100 0.2980769230769231 0.9089156699038454 
41200 0.3269230769230769 0.9088962086431808 
41300 0.2403846153846154 0.9088894910969437 
41400 0.3173076923076923 0.9088949604214936 
41500 0.2980769230769231 0.9088833355266694 
41600 0.27884615384615385 0.9088683765614609 
41700 0.27884615384615385 0.9088553339740362 
41800 0.2692307692307692 0.9088563087988939 
41900 0.2403846153846154 0.9088545252270461 
42000 0.2692307692307692 0.9088649598696978 
42100 0.2980769230769231 0.9088635448698155 
42200 0.2980769230769231 0.9088664656749537 
42300 0.2692307692307692 0.908874903848427 
42400 0.27884615384615385 0.9088784644048671 
42500 0.3076923076923077 0.9088771817737018 
42600 0.2692307692307692 0.908881472627042 
42700 0.33653846153846156 0.9088693803483855 
42800 0.28846153846153844 0.9088586924940047 
42900 0.25 0.9088457384592673 
43000 0.25 0.9088567707727727 
43100 0.25961538461538464 0.9088551845129419 
43200 0.23076923076923078 0.9088532346414109 
43300 0.27884615384615385 0.9088548467229098 
43400 0.28846153846153844 0.9088605869296407 
43500 0.2980769230769231 0.9088565750625244 
43600 0.27884615384615385 0.9088541253170505 
43700 0.25 0.9088579942135925 
43800 0.27884615384615385 0.9088750169033725 
43900 0.25 0.9088757542465886 
44000 0.3076923076923077 0.9088893813019401 
44100 0.23076923076923078 0.9088746752065044 
44200 0.2692307692307692 0.9088735229914162 
44300 0.2980769230769231 0.9088783085871188 
44400 0.2692307692307692 0.9088894249898507 
44500 0.3269230769230769 0.908895665842139 
44600 0.28846153846153844 0.9088948362086857 
44700 0.25 0.9088955160183991 
44800 0.25961538461538464 0.9089044916007484 
44900 0.2692307692307692 0.9089047899681293 
45000 0.25 0.9089092891952828 
45100 0.25 0.9088979919144439 
45200 0.3269230769230769 0.9089051807907585 
45300 0.3269230769230769 0.9089037062067459 
45400 0.27884615384615385 0.9089186163865136 
45500 0.3269230769230769 0.9089116243711747 
45600 0.2692307692307692 0.9089055064581917 
45700 0.25 0.9089003270421621 
45800 0.3076923076923077 0.9089127350819235 
45900 0.2403846153846154 0.9089027444237571 
46000 0.25961538461538464 0.9088960719360059 
46100 0.25961538461538464 0.9089124408558911 
46200 0.28846153846153844 0.9089296407725662 
46300 0.27884615384615385 0.9089330600934022 
46400 0.3076923076923077 0.9089334944704441 
46500 0.25961538461538464 0.9089335823492078 
46600 0.2980769230769231 0.908941304219839 
46700 0.28846153846153844 0.9089401396445143 
46800 0.3076923076923077 0.9089407606346347 
46900 0.22115384615384615 0.9089372786868576 
47000 0.2403846153846154 0.908940221675589 
47100 0.2403846153846154 0.9089421994960094 
47200 0.27884615384615385 0.9089640647552556 
47300 0.3269230769230769 0.9089764188863574 
47400 0.25 0.9089759412194592 
47500 0.2403846153846154 0.9089820106351337 
47600 0.23076923076923078 0.90898563055398 
47700 0.2980769230769231 0.9089880258383015 
47800 0.2692307692307692 0.9089918191819826 
47900 0.3173076923076923 0.9089774636683887 
48000 0.28846153846153844 0.9089727831524878 
48100 0.2692307692307692 0.90897778392581 
48200 0.2980769230769231 0.9089858227220523 
48300 0.27884615384615385 0.9089863962045698 
48400 0.3076923076923077 0.9089846496072607 
48500 0.3076923076923077 0.9089784165169209 
48600 0.2692307692307692 0.9089737258756415 
48700 0.25961538461538464 0.9089763596703906 
48800 0.27884615384615385 0.9089932346909663 
48900 0.27884615384615385 0.9090103684104829 
49000 0.2403846153846154 0.9090052583960871 
49100 0.2980769230769231 0.9090051954657563 
49200 0.3173076923076923 0.908996012693092 
49300 0.25 0.908998504217161 
49400 0.28846153846153844 0.9089967684657063 
49500 0.28846153846153844 0.9089879173640107 
49600 0.28846153846153844 0.9089839483178327 
49700 0.2692307692307692 0.9089806401253857 
49800 0.27884615384615385 0.9089799839257682 
49900 0.2692307692307692 0.9089795230453734 
50000 0.2692307692307692 0.908985410035389 
50100 0.2980769230769231 0.9089870512846102 
50200 0.28846153846153844 0.908985876775363 
50300 0.27884615384615385 0.9089884026366403 
50400 0.23076923076923078 0.9089866577738842 
50500 0.2980769230769231 0.909001675011259 
50600 0.3173076923076923 0.9090087152427818 
50700 0.2980769230769231 0.9090086474802752 
50800 0.25 0.9090017660665877 
50900 0.3269230769230769 0.9089746360330435 
51000 0.27884615384615385 0.9089754524672468 
51100 0.3076923076923077 0.9089580764890446 
51200 0.25961538461538464 0.908961676429597 
51300 0.28846153846153844 0.9089697606734312 
51400 0.27884615384615385 0.9089684601566667 
51500 0.28846153846153844 0.9089769354739938 
51600 0.2980769230769231 0.9089811542113823 
51700 0.22115384615384615 0.9089771114877012 
51800 0.27884615384615385 0.908979828624237 
51900 0.28846153846153844 0.9089786447472233 
52000 0.25961538461538464 0.9089780201465554 
52100 0.2403846153846154 0.9089716152896322 
52200 0.2980769230769231 0.9089699627524573 
52300 0.25 0.9089609013702243 
52400 0.2692307692307692 0.9089756679139516 
52500 0.25 0.9089752991273915 
52600 0.22115384615384615 0.9089790142431727 
52700 0.25 0.9089827760773284 
52800 0.28846153846153844 0.9089817889035707 
52900 0.28846153846153844 0.9089703238608742 
53000 0.23076923076923078 0.9089665216766593 
53100 0.25961538461538464 0.9089829541092229 
53200 0.27884615384615385 0.9089876973586867 
53300 0.3557692307692308 0.9089859284883769 
53400 0.21153846153846154 0.9089924490034038 
53500 0.3269230769230769 0.9089954105818295 
53600 0.3076923076923077 0.9090014107084684 
53700 0.22115384615384615 0.9090026733971912 
53800 0.33653846153846156 0.9089932676878086 
53900 0.25961538461538464 0.9089850861432094 
54000 0.27884615384615385 0.9089788935532533 
54100 0.27884615384615385 0.9089731978033488 
54200 0.28846153846153844 0.9089583572826502 
54300 0.28846153846153844 0.9089570881964208 
54400 0.25 0.9089583571946028 
54500 0.25961538461538464 0.9089657964403381 
54600 0.22115384615384615 0.9089713887084815 
54700 0.3076923076923077 0.9089668824317185 
54800 0.3173076923076923 0.9089547308466671 
54900 0.3076923076923077 0.9089670848085996 
55000 0.28846153846153844 0.9089610958122439 
55100 0.28846153846153844 0.9089591421627138 
55200 0.3173076923076923 0.9089531892538179 
55300 0.25 0.9089432008230945 
55400 0.3076923076923077 0.9089403065482017 
55500 0.33653846153846156 0.9089410031420085 
55600 0.28846153846153844 0.9089456747457503 
55700 0.3076923076923077 0.9089376704096368 
55800 0.28846153846153844 0.9089285459915019 
55900 0.3269230769230769 0.9089240410817843 
56000 0.25961538461538464 0.908917205690924 
56100 0.34615384615384615 0.9089185073258441 
56200 0.27884615384615385 0.9089186067042333 
56300 0.25961538461538464 0.9089101664633182 
56400 0.2692307692307692 0.9089135194456909 
56500 0.3076923076923077 0.9089063660774781 
56600 0.27884615384615385 0.9089073356047438 
56700 0.27884615384615385 0.9089145196643301 
56800 0.27884615384615385 0.9089046373777276 
56900 0.25 0.9088896076361147 
57000 0.3173076923076923 0.9088926802453758 
57100 0.27884615384615385 0.9088918690633196 
57200 0.25961538461538464 0.9088919012084691 
57300 0.3269230769230769 0.9088848854385232 
57400 0.27884615384615385 0.9088823611131585 
57500 0.25961538461538464 0.9088862557128327 
57600 0.27884615384615385 0.9088859635182616 
57700 0.2403846153846154 0.9088938377728867 
57800 0.25 0.9088929235098852 
57900 0.2692307692307692 0.9088938944856805 
58000 0.27884615384615385 0.9088929832774767 
58100 0.2403846153846154 0.9088993569553284 
58200 0.22115384615384615 0.9089000365224141 
58300 0.27884615384615385 0.90889642566715 
58400 0.25 0.9088950773147105 
58500 0.33653846153846156 0.9089009107448963 
58600 0.3076923076923077 0.9088979185180616 
58700 0.23076923076923078 0.9088982125408251 
58800 0.25 0.9088980694990797 
58900 0.2692307692307692 0.9089006477187492 
59000 0.2692307692307692 0.9088992515989516 
59100 0.2692307692307692 0.9089026325642457 
59200 0.3076923076923077 0.9088995053357987 
59300 0.2980769230769231 0.9088870382693421 
59400 0.28846153846153844 0.9088899910603249 
59500 0.28846153846153844 0.9088874395129752 
59600 0.3173076923076923 0.9088876391249674 
59700 0.2692307692307692 0.9088842410834505 
59800 0.28846153846153844 0.9088860532732709 
59900 0.3076923076923077 0.9088925680364054 
60000 0.2403846153846154 0.9088836233071329 
60100 0.27884615384615385 0.9088829743436156 
60200 0.3173076923076923 0.9088766840486081 
60300 0.2692307692307692 0.9088623354887596 
60400 0.23076923076923078 0.9088527040858128 
60500 0.2692307692307692 0.908856719469354 
60600 0.23076923076923078 0.9088624140500348 
60700 0.27884615384615385 0.9088731060486056 
60800 0.3076923076923077 0.9088871893554382 
60900 0.28846153846153844 0.9088788593004452 
61000 0.28846153846153844 0.9088757056946103 
61100 0.3557692307692308 0.9088716706554385 
61200 0.2403846153846154 0.9088650302764452 
61300 0.2403846153846154 0.9088733128124818 
61400 0.2980769230769231 0.9088773923752181 
61500 0.28846153846153844 0.9088711398897412 
61600 0.25 0.908882077755148 
61700 0.25 0.9088823831554905 
61800 0.34615384615384615 0.9088860067404104 
61900 0.25 0.9088927253153195 
62000 0.3076923076923077 0.9088913578316975 
62100 0.27884615384615385 0.9088835949212594 
62200 0.23076923076923078 0.9088807006565564 
62300 0.25961538461538464 0.9088950500444698 
62400 0.2403846153846154 0.9088841340067282 
62500 0.25 0.9088832014585203 
62600 0.2692307692307692 0.9088778175494042 
62700 0.34615384615384615 0.9088781248734839 
62800 0.2980769230769231 0.9088752159344188 
62900 0.28846153846153844 0.9088758321481172 
63000 0.2980769230769231 0.9088818899496508 
63100 0.2692307692307692 0.908878125382222 
63200 0.27884615384615385 0.9088850225105981 
63300 0.34615384615384615 0.9088952396344855 
63400 0.28846153846153844 0.9089042112496001 
63500 0.3269230769230769 0.9089012428231495 
63600 0.28846153846153844 0.9088929419348752 
63700 0.25961538461538464 0.908893019430923 
63800 0.2403846153846154 0.908891187703432 
63900 0.2403846153846154 0.9088992427789943 
64000 0.25961538461538464 0.9089057202231215 
64100 0.25961538461538464 0.9089098273997885 
64200 0.25961538461538464 0.9089077812111721 
64300 0.28846153846153844 0.9089103271911471 
64400 0.2692307692307692 0.9089024636900447 
64500 0.27884615384615385 0.9088887113258829 
64600 0.28846153846153844 0.9088849739961952 
64700 0.23076923076923078 0.9088937316785418 
64800 0.25961538461538464 0.9089108212559239 
64900 0.27884615384615385 0.9089143760970851 
65000 0.33653846153846156 0.9089179693093479 
65100 0.3076923076923077 0.9089058461034314 
65200 0.25 0.9089077700161119 
65300 0.2692307692307692 0.9089087063888368 
65400 0.25 0.908910326000661 
65500 0.2692307692307692 0.9089138001024842 
65600 0.25 0.9089083226139064 
65700 0.34615384615384615 0.9088985200631142 
65800 0.2403846153846154 0.908910179449381 
65900 0.25961538461538464 0.9089220952641083 
66000 0.25961538461538464 0.9089279533060688 
66100 0.3076923076923077 0.9089207017699023 
66200 0.25 0.9089254306717034 
66300 0.22115384615384615 0.9089216371025846 
66400 0.28846153846153844 0.9089319495883403 
66500 0.28846153846153844 0.9089267599214818 
66600 0.28846153846153844 0.9089312588284075 
66700 0.23076923076923078 0.9089335338454542 
66800 0.2980769230769231 0.9089340267821877 
66900 0.19230769230769232 0.9089262300705329 
67000 0.28846153846153844 0.908931707486953 
67100 0.2980769230769231 0.908925991396819 
67200 0.25 0.9089207692651093 
67300 0.28846153846153844 0.9089205631493265 
67400 0.28846153846153844 0.9089235437045559 
67500 0.3269230769230769 0.9089228117798065 
67600 0.25 0.90892065964735 
67700 0.25961538461538464 0.9089155313010943 
67800 0.25961538461538464 0.9089132071647079 
67900 0.25 0.908923917891017 
68000 0.3076923076923077 0.9089305436307686 
68100 0.23076923076923078 0.9089361144966055 
68200 0.25 0.9089351366755657 
68300 0.23076923076923078 0.9089392767084162 
68400 0.21153846153846154 0.9089438263573144 
68500 0.25 0.9089554279387274 
68600 0.2692307692307692 0.9089585858619837 
68700 0.2403846153846154 0.9089623877381697 
68800 0.27884615384615385 0.9089606814748891 
68900 0.2692307692307692 0.9089533049834787 
69000 0.25961538461538464 0.908959745659576 
69100 0.3076923076923077 0.9089658893948991 
69200 0.2692307692307692 0.9089586763048851 
69300 0.2692307692307692 0.9089628151293928 
69400 0.2980769230769231 0.9089689740670994 
69500 0.25 0.908970042489704 
69600 0.3269230769230769 0.9089705552418014 
69700 0.27884615384615385 0.9089768145179832 
69800 0.27884615384615385 0.90897212735546 
69900 0.27884615384615385 0.9089652985412703 
70000 0.28846153846153844 0.908960778582284 
70100 0.2980769230769231 0.9089594263076096 
70200 0.3173076923076923 0.9089518686087823 
70300 0.2403846153846154 0.9089437853128981 
70400 0.25961538461538464 0.9089452855965405 
70500 0.33653846153846156 0.9089397349883017 
70600 0.2980769230769231 0.9089387852790638 
70700 0.20192307692307693 0.9089357075789375 
70800 0.2692307692307692 0.9089358527095989 
70900 0.3173076923076923 0.9089340535864562 
71000 0.2980769230769231 0.908938534271276 
71100 0.28846153846153844 0.9089317327211309 
71200 0.27884615384615385 0.9089356188817572 
71300 0.25961538461538464 0.9089332907547238 
71400 0.2403846153846154 0.9089362660653679 
71500 0.2980769230769231 0.9089359607306908 
71600 0.2403846153846154 0.9089347609741878 
71700 0.3173076923076923 0.9089349503046662 
71800 0.23076923076923078 0.9089372371429725 
71900 0.2980769230769231 0.9089361743479906 
72000 0.2692307692307692 0.9089265231002845 
72100 0.20192307692307693 0.9089268561657987 
72200 0.28846153846153844 0.90893762036821 
72300 0.25 0.9089403310022666 
72400 0.25961538461538464 0.908945247604244 
72500 0.2692307692307692 0.9089433426028783 
72600 0.3076923076923077 0.9089450629167712 
72700 0.3269230769230769 0.908938842939063 
72800 0.25 0.9089406967853005 
72900 0.2692307692307692 0.9089501515754242 
73000 0.25 0.9089486919568014 
73100 0.27884615384615385 0.9089464471179496 
73200 0.2692307692307692 0.9089533595414663 
73300 0.28846153846153844 0.908957410942377 
73400 0.25961538461538464 0.9089587440120812 
73500 0.25961538461538464 0.9089625590302451 
73600 0.375 0.9089554332978336 
73700 0.25961538461538464 0.9089536324699349 
73800 0.2692307692307692 0.9089552240102368 
73900 0.25 0.9089538186742555 
74000 0.25961538461538464 0.9089417190827983 
74100 0.28846153846153844 0.9089381298359585 
74200 0.28846153846153844 0.9089447011392133 
74300 0.3942307692307692 0.908937839122157 
74400 0.3173076923076923 0.9089317278958547 
74500 0.2980769230769231 0.9089326885648411 
74600 0.2692307692307692 0.9089255265362154 
74700 0.2403846153846154 0.9089258493433137 
74800 0.28846153846153844 0.9089323415051013 
74900 0.3076923076923077 0.9089199024763971 
75000 0.33653846153846156 0.90892429126586 
75100 0.25 0.9089248273862993 
75200 0.2403846153846154 0.9089283029174121 
75300 0.3173076923076923 0.9089282363873671 
75400 0.2692307692307692 0.908925236997809 
75500 0.2692307692307692 0.908926533151709 
75600 0.25961538461538464 0.9089285889923447 
75700 0.28846153846153844 0.9089281413821381 
75800 0.2403846153846154 0.9089229169224816 
75900 0.27884615384615385 0.9089192264282184 
76000 0.2692307692307692 0.9089166421224552 
76100 0.2980769230769231 0.9089165494978165 
76200 0.21153846153846154 0.9089173824692387 
76300 0.3269230769230769 0.908920271569516 
76400 0.28846153846153844 0.9089223560303782 
76500 0.27884615384615385 0.9089190303863969 
76600 0.28846153846153844 0.9089280567737116 
76700 0.25961538461538464 0.9089364746021765 
76800 0.25 0.9089464146266792 
76900 0.27884615384615385 0.9089462842502465 
77000 0.2692307692307692 0.9089506080340615 
77100 0.27884615384615385 0.9089532577814182 
77200 0.27884615384615385 0.9089487182808513 
77300 0.27884615384615385 0.9089468441546681 
77400 0.2692307692307692 0.9089523457425681 
77500 0.33653846153846156 0.9089506371960792 
77600 0.2692307692307692 0.9089455462343698 
77700 0.2980769230769231 0.9089348996927407 
77800 0.3173076923076923 0.9089290593127305 
77900 0.2692307692307692 0.908927019139019 
78000 0.28846153846153844 0.908928435828732 
78100 0.2403846153846154 0.9089303003113326 
78200 0.2692307692307692 0.9089335945274488 
78300 0.2403846153846154 0.9089377399312777 
78400 0.28846153846153844 0.9089391357187686 
78500 0.2403846153846154 0.9089472239288802 
78600 0.2980769230769231 0.9089508876216424 
78700 0.2403846153846154 0.9089520170303769 
78800 0.27884615384615385 0.908955502647207 
78900 0.22115384615384615 0.9089571514318983 
79000 0.25961538461538464 0.908961311427736 
79100 0.25 0.9089664333719403 
79200 0.25961538461538464 0.908961506248788 
79300 0.25961538461538464 0.9089653216776457 
79400 0.27884615384615385 0.908965050495069 
79500 0.25961538461538464 0.9089663926175416 
79600 0.2980769230769231 0.9089688185208342 
79700 0.27884615384615385 0.908970997050193 
79800 0.2692307692307692 0.9089758209443426 
79900 0.25 0.9089675556834916 
80000 0.2980769230769231 0.9089733734097555 
80100 0.28846153846153844 0.9089697334038853 
80200 0.21153846153846154 0.9089706583363146 
80300 0.34615384615384615 0.9089742551981503 
80400 0.3076923076923077 0.9089721425202327 
80500 0.3173076923076923 0.9089795906341663 
80600 0.25961538461538464 0.9089808168696768 
80700 0.3076923076923077 0.9089808088674274 
80800 0.21153846153846154 0.9089827048979783 
80900 0.23076923076923078 0.9089892711541393 
81000 0.3076923076923077 0.9089974435263383 
81100 0.3173076923076923 0.9090003395576076 
81200 0.23076923076923078 0.9090030310982024 
81300 0.25961538461538464 0.9090034689074061 
81400 0.25 0.9090044962592597 
81500 0.3076923076923077 0.9090066615511089 
81600 0.2403846153846154 0.9090059149601925 
81700 0.22115384615384615 0.9090109762332257 
81800 0.28846153846153844 0.9090147321250853 
81900 0.21153846153846154 0.9090070516655662 
82000 0.3173076923076923 0.9090115458254261 
82100 0.3269230769230769 0.9090096657056864 
82200 0.27884615384615385 0.909008569987451 
82300 0.3076923076923077 0.9090080610915716 
82400 0.27884615384615385 0.9090108596516285 
82500 0.25961538461538464 0.909004094433665 
82600 0.3269230769230769 0.9090044076575716 
82700 0.25961538461538464 0.9090094483091545 
82800 0.2980769230769231 0.9090162960994835 
82900 0.22115384615384615 0.9090213489120016 
83000 0.22115384615384615 0.9090255013918584 
83100 0.25 0.9090265969214477 
83200 0.3173076923076923 0.9090256866365327 
83300 0.2692307692307692 0.9090228162373155 
83400 0.28846153846153844 0.9090228734267775 
83500 0.28846153846153844 0.9090264234514004 
83600 0.2692307692307692 0.9090319202414153 
83700 0.23076923076923078 0.9090308558639284 
83800 0.3269230769230769 0.9090336187163791 
83900 0.27884615384615385 0.909035916567114 
84000 0.2692307692307692 0.9090378655443357 
84100 0.27884615384615385 0.9090399242181029 
84200 0.28846153846153844 0.9090439954577554 
84300 0.2980769230769231 0.9090483231789385 
84400 0.2980769230769231 0.9090500963197969 
84500 0.3076923076923077 0.9090548996689161 
84600 0.28846153846153844 0.9090581383683711 
84700 0.2980769230769231 0.9090606504509529 
84800 0.2980769230769231 0.9090606998768459 
84900 0.2692307692307692 0.9090562567744815 
85000 0.2980769230769231 0.9090514093499352 
85100 0.3173076923076923 0.9090481928110158 
85200 0.3173076923076923 0.9090500623111742 
85300 0.25961538461538464 0.9090608325450238 
85400 0.27884615384615385 0.9090568656645166 
85500 0.27884615384615385 0.9090571815174452 
85600 0.2692307692307692 0.9090600801751957 
85700 0.3557692307692308 0.909063308658996 
85800 0.28846153846153844 0.9090689203610381 
85900 0.27884615384615385 0.909072019101297 
86000 0.27884615384615385 0.9090682532314025 
86100 0.2403846153846154 0.9090743980161641 
86200 0.3173076923076923 0.9090720882231421 
86300 0.28846153846153844 0.9090690410040707 
86400 0.25961538461538464 0.909064108944608 
86500 0.25961538461538464 0.9090667471163072 
86600 0.28846153846153844 0.909065234042717 
86700 0.3076923076923077 0.9090725597167276 
86800 0.3173076923076923 0.9090721142584024 
86900 0.2692307692307692 0.9090779767368644 
87000 0.25961538461538464 0.9090697896487485 
87100 0.2692307692307692 0.9090719247534325 
87200 0.25961538461538464 0.909070563175734 
87300 0.23076923076923078 0.9090673323270888 
87400 0.2980769230769231 0.9090714798487021 
87500 0.3269230769230769 0.9090641894495565 
87600 0.3076923076923077 0.909064196667934 
87700 0.22115384615384615 0.9090589777796879 
87800 0.2692307692307692 0.9090558515337276 
87900 0.25 0.9090520396051619 
88000 0.27884615384615385 0.9090504944728193 
88100 0.28846153846153844 0.9090536095082014 
88200 0.27884615384615385 0.9090500674595526 
88300 0.25961538461538464 0.9090543374512412 
88400 0.25 0.9090568937177007 
88500 0.2403846153846154 0.9090646954880127 
88600 0.2980769230769231 0.909067487517505 
88700 0.25 0.9090656480905746 
88800 0.27884615384615385 0.909067169490757 
88900 0.2980769230769231 0.9090636400790393 
89000 0.2403846153846154 0.9090688695805492 
89100 0.3173076923076923 0.9090733319347476 
89200 0.2980769230769231 0.9090730772536469 
89300 0.27884615384615385 0.9090699159483384 
89400 0.2692307692307692 0.9090588744633442 
89500 0.27884615384615385 0.909063507097328 
89600 0.2980769230769231 0.9090590077548929 
89700 0.21153846153846154 0.9090600567869495 
89800 0.2692307692307692 0.9090658147545042 
89900 0.3076923076923077 0.9090639660891938 
90000 0.22115384615384615 0.9090659320309546 
90100 0.28846153846153844 0.9090669687208571 
90200 0.23076923076923078 0.9090760691435851 
90300 0.28846153846153844 0.9090829487931956 
90400 0.27884615384615385 0.9090891041311944 
90500 0.3269230769230769 0.9090907835272538 
90600 0.2692307692307692 0.9090891692201281 
90700 0.33653846153846156 0.9090860389688407 
90800 0.2980769230769231 0.9090851394102459 
90900 0.3173076923076923 0.9090870978542731 
91000 0.25961538461538464 0.9090888758900649 
91100 0.19230769230769232 0.9090942737829161 
91200 0.25 0.9090987812493059 
91300 0.25961538461538464 0.9091027522657515 
91400 0.28846153846153844 0.9091078367262435 
91500 0.34615384615384615 0.9090957461863244 
91600 0.2980769230769231 0.9090890005399672 
91700 0.28846153846153844 0.9090929998526426 
91800 0.25 0.9090985964903461 
91900 0.25961538461538464 0.9091035183066282 
92000 0.2692307692307692 0.9091067572007997 
92100 0.25961538461538464 0.9091148262818495 
92200 0.27884615384615385 0.9091092509981676 
92300 0.2980769230769231 0.9091075075165171 
92400 0.28846153846153844 0.9091061146801885 
92500 0.3076923076923077 0.9091052792499263 
92600 0.2692307692307692 0.9091045148485133 
92700 0.25961538461538464 0.9091063452141003 
92800 0.2692307692307692 0.9091040271173029 
92900 0.28846153846153844 0.9091079585961234 
93000 0.28846153846153844 0.909100232999976 
93100 0.25961538461538464 0.9090962420464789 
93200 0.27884615384615385 0.9091007882329863 
93300 0.2692307692307692 0.9091009618991635 
93400 0.28846153846153844 0.9090974634049654 
93500 0.25 0.909102027977762 
93600 0.27884615384615385 0.909105555523596 
93700 0.23076923076923078 0.9091031237112922 
93800 0.25961538461538464 0.909103738164729 
93900 0.2692307692307692 0.9091068771556732 
94000 0.2980769230769231 0.9091123621434469 
94100 0.22115384615384615 0.9091093884666748 
94200 0.27884615384615385 0.9091072717122335 
94300 0.25961538461538464 0.9091133506211289 
94400 0.33653846153846156 0.9091158516628056 
94500 0.27884615384615385 0.9091125138005595 
94600 0.2980769230769231 0.9091127065659576 
94700 0.25 0.9091080929749477 
94800 0.27884615384615385 0.909110048065597 
94900 0.25961538461538464 0.9091132486512936 
95000 0.25 0.9091125289099521 
95100 0.3269230769230769 0.9091098222429649 
95200 0.28846153846153844 0.90910850160753 
95300 0.33653846153846156 0.9091086299037947 
95400 0.2403846153846154 0.909102777775538 
95500 0.28846153846153844 0.9091073754362621 
95600 0.22115384615384615 0.9091059287814552 
95700 0.2980769230769231 0.909106561595825 
95800 0.3269230769230769 0.9091055202839005 
95900 0.27884615384615385 0.9091053500952772 
96000 0.25 0.9091101214490555 
96100 0.2692307692307692 0.9091169506760916 
96200 0.25 0.9091141037768412 
96300 0.3076923076923077 0.9091088331750422 
96400 0.28846153846153844 0.9091049034229084 
96500 0.27884615384615385 0.9091000518395053 
96600 0.23076923076923078 0.9090950444054967 
96700 0.27884615384615385 0.9090939915504811 
96800 0.2403846153846154 0.9090977750017946 
96900 0.25 0.9090972176466651 
97000 0.2403846153846154 0.9091071027816525 
97100 0.2403846153846154 0.9091083854268579 
97200 0.2980769230769231 0.9091092367679028 
97300 0.28846153846153844 0.9091135450949327 
97400 0.2980769230769231 0.9091112961773941 
97500 0.2692307692307692 0.9091048441580744 
97600 0.28846153846153844 0.909101163843687 
97700 0.3076923076923077 0.9090984096165722 
97800 0.25 0.9090985777241541 
97900 0.3269230769230769 0.9090988109652373 
98000 0.34615384615384615 0.9090948901881953 
98100 0.2980769230769231 0.9090931990813236 
98200 0.25961538461538464 0.9090944488789215 
98300 0.2980769230769231 0.9090975546326967 
98400 0.2980769230769231 0.9090964196997164 
98500 0.28846153846153844 0.9090924236354232 
98600 0.2692307692307692 0.9090891183035279 
98700 0.28846153846153844 0.9090899762270873 
98800 0.28846153846153844 0.9090834035988943 
98900 0.28846153846153844 0.9090815757482424 
99000 0.3269230769230769 0.9090789098478415 
99100 0.2692307692307692 0.9090784809281596 
99200 0.28846153846153844 0.9090743049788321 
99300 0.28846153846153844 0.9090739461141069 
99400 0.3076923076923077 0.909066300731123 
99500 0.28846153846153844 0.9090624395219324 
99600 0.3173076923076923 0.9090555611762728 
99700 0.2692307692307692 0.9090588230604378 
99800 0.25 0.9090592522709936 
99900 0.2692307692307692 0.9090605147814285 
