0 0.03260869565217391 0.9538043478260869 
100 0.07336956521739131 0.9270609126130004 
200 0.07880434782608696 0.9270765736534717 
300 0.07608695652173914 0.9280297558861765 
400 0.07336956521739131 0.9277892225956847 
500 0.07608695652173914 0.9276447105788423 
600 0.07880434782608696 0.927751754322506 
700 0.06793478260869565 0.927979439310302 
800 0.0625 0.9283232915377517 
900 0.06793478260869565 0.9285184336244752 
1000 0.07065217391304347 0.9284764148894583 
1100 0.06521739130434782 0.9283260277218339 
1200 0.06793478260869565 0.9283862180067335 
1300 0.07065217391304347 0.9280528356114026 
1400 0.07065217391304347 0.9280793222232567 
1500 0.07608695652173914 0.9280515887958752 
1600 0.07336956521739131 0.928103698775222 
1700 0.07880434782608696 0.9280809881655292 
1800 0.07065217391304347 0.9280079907297878 
1900 0.07065217391304347 0.9280298698625438 
2000 0.07336956521739131 0.9280875866414618 
2100 0.07336956521739131 0.9281980112989674 
2200 0.07065217391304347 0.9281909902613437 
2300 0.07336956521739131 0.9282991327022277 
2400 0.06793478260869565 0.928308856816906 
2500 0.07880434782608696 0.9283580046242372 
2600 0.07608695652173914 0.9283208381391772 
2700 0.07065217391304347 0.9282934661880463 
2800 0.06793478260869565 0.9282340934138429 
2900 0.06793478260869565 0.9282322062856886 
3000 0.07880434782608696 0.9282458383437405 
3100 0.08152173913043478 0.9281183839715099 
3200 0.07336956521739131 0.9280744468440569 
3300 0.059782608695652176 0.9281014975699063 
3400 0.06793478260869565 0.9281005906191274 
3500 0.07336956521739131 0.9281106019398184 
3600 0.07608695652173914 0.9281208118517803 
3700 0.07336956521739131 0.9281253304042386 
3800 0.07336956521739131 0.9281267515413564 
3900 0.07065217391304347 0.9281524804119345 
4000 0.07336956521739131 0.928162660421851 
4100 0.06793478260869565 0.928154453314674 
4200 0.07608695652173914 0.9281556927439637 
4300 0.07880434782608696 0.9281347613800632 
4400 0.06793478260869565 0.9281252778518716 
4500 0.07608695652173914 0.9281403649430562 
4600 0.07065217391304347 0.9280892386343234 
4700 0.059782608695652176 0.9280749701728587 
4800 0.07336956521739131 0.9280346938590692 
4900 0.07336956521739131 0.9280232295095056 
5000 0.07880434782608696 0.9280149404901629 
5100 0.06521739130434782 0.9279867332066176 
5200 0.06793478260869565 0.928015515410916 
5300 0.06521739130434782 0.92801553029371 
5400 0.07336956521739131 0.9280069914589085 
5500 0.06793478260869565 0.9279804857614821 
5600 0.07065217391304347 0.9279884026920658 
5700 0.07336956521739131 0.9279846022436948 
5800 0.07065217391304347 0.9280348028450867 
5900 0.07880434782608696 0.9280464622797905 
6000 0.0625 0.9280052056541301 
6100 0.059782608695652176 0.9280517092707539 
6200 0.07336956521739131 0.9280743638824033 
6300 0.07880434782608696 0.928062660861285 
6400 0.07880434782608696 0.9280199085740679 
6500 0.07608695652173914 0.9280403349317496 
6600 0.07336956521739131 0.9280037444919412 
6700 0.07065217391304347 0.9279966325597088 
6800 0.059782608695652176 0.9280304846473983 
6900 0.06521739130434782 0.9280495737857778 
7000 0.07336956521739131 0.9280533681523757 
7100 0.07608695652173914 0.9280482540732169 
7200 0.07065217391304347 0.9280202628861933 
7300 0.0625 0.9280291413326346 
7400 0.07608695652173914 0.9280443888311215 
7500 0.07880434782608696 0.927999817415649 
7600 0.07608695652173914 0.9280218420917157 
7700 0.07608695652173914 0.9280133014910542 
7800 0.057065217391304345 0.9280628040998088 
7900 0.0625 0.9280639352200877 
8000 0.07065217391304347 0.9280534905962842 
8100 0.06793478260869565 0.9280607466603693 
8200 0.07336956521739131 0.9280655063274362 
8300 0.07336956521739131 0.928054110819545 
8400 0.07336956521739131 0.9280682165166673 
8500 0.08152173913043478 0.9280855065644451 
8600 0.06793478260869565 0.928094812028935 
8700 0.07880434782608696 0.928123266690985 
8800 0.06521739130434782 0.9281072308976747 
8900 0.07065217391304347 0.9280970506489257 
9000 0.07608695652173914 0.9280834738169189 
9100 0.0625 0.9280672095278588 
9200 0.07065217391304347 0.9280693142994854 
9300 0.06521739130434782 0.9280649462657125 
9400 0.07065217391304347 0.9280450622736711 
9500 0.07608695652173914 0.9280642083442018 
9600 0.07065217391304347 0.9280543693365274 
9700 0.07336956521739131 0.9280522962670814 
9800 0.06793478260869565 0.9280530380662133 
9900 0.06793478260869565 0.9280482757560721 
10000 0.07608695652173914 0.9280343704759959 
10100 0.059782608695652176 0.9280368818412297 
10200 0.07336956521739131 0.9280523968238408 
10300 0.07608695652173914 0.9280538930369783 
10400 0.07608695652173914 0.9280684236047537 
10500 0.07065217391304347 0.9280661158564609 
10600 0.07065217391304347 0.928045908302334 
10700 0.07608695652173914 0.9280446159034303 
10800 0.06793478260869565 0.9280403283914935 
10900 0.07880434782608696 0.9280291397279069 
11000 0.07608695652173914 0.9280381625385834 
11100 0.08152173913043478 0.928040168727455 
11200 0.07336956521739131 0.9280535414151687 
11300 0.0625 0.9280481623403855 
11400 0.08152173913043478 0.9280528881905858 
11500 0.07336956521739131 0.9280568230361821 
11600 0.0625 0.9280613927584953 
11700 0.06521739130434782 0.928076567220193 
11800 0.07880434782608696 0.9280857278123077 
11900 0.06521739130434782 0.9280938211257366 
12000 0.07608695652173914 0.9281284983497752 
12100 0.07608695652173914 0.9281410447573503 
12200 0.07065217391304347 0.9281393542225691 
12300 0.07065217391304347 0.9281323893780287 
12400 0.07065217391304347 0.9281485451734257 
12500 0.07065217391304347 0.9281483568271061 
12600 0.06793478260869565 0.9281570130734966 
12700 0.06793478260869565 0.9281798677269506 
12800 0.07608695652173914 0.9281902653664965 
12900 0.059782608695652176 0.9281807022037388 
13000 0.06793478260869565 0.9281957407958585 
13100 0.07608695652173914 0.9281806815277958 
13200 0.07336956521739131 0.9281874643884027 
13300 0.06521739130434782 0.9281882205653057 
13400 0.07880434782608696 0.9281753795141829 
13500 0.07608695652173914 0.9281532688399893 
13600 0.08152173913043478 0.9281402742125738 
13700 0.06793478260869565 0.9281449227761858 
13800 0.07065217391304347 0.9281311924466721 
13900 0.059782608695652176 0.9281237195947742 
14000 0.06521739130434782 0.9281243109964196 
14100 0.06793478260869565 0.9281198835728579 
14200 0.07065217391304347 0.9281099692918136 
14300 0.07065217391304347 0.9280931631415256 
14400 0.06793478260869565 0.9280914972692114 
14500 0.07336956521739131 0.9280962257475497 
14600 0.07880434782608696 0.9280992144671449 
14700 0.07336956521739131 0.92809587783144 
14800 0.0625 0.9281021332283659 
14900 0.07608695652173914 0.928089521275199 
15000 0.0625 0.9280906635209827 
15100 0.07880434782608696 0.9280901711087374 
15200 0.07336956521739131 0.9280955843866108 
15300 0.06793478260869565 0.9281025252683115 
15400 0.06521739130434782 0.9281132577500614 
15500 0.07336956521739131 0.9281114051547866 
15600 0.07608695652173914 0.9281031316275713 
15700 0.06521739130434782 0.9281255970957264 
15800 0.07336956521739131 0.9281195741601385 
15900 0.06521739130434782 0.928106449416635 
16000 0.07336956521739131 0.9280953568119383 
16100 0.06793478260869565 0.9280867647972175 
16200 0.07336956521739131 0.9280876717218207 
16300 0.06793478260869565 0.9281049042069972 
16400 0.07608695652173914 0.9281106600074757 
16500 0.07336956521739131 0.9280979018399412 
16600 0.06521739130434782 0.9281003567097844 
16700 0.06793478260869565 0.9281019686402533 
16800 0.07880434782608696 0.9281032379025058 
16900 0.07065217391304347 0.9280987039614327 
17000 0.07608695652173914 0.9281006168435105 
17100 0.07336956521739131 0.9280915430829115 
17200 0.07608695652173914 0.9280983726931953 
17300 0.07336956521739131 0.9281008825828112 
17400 0.07608695652173914 0.9281061745576841 
17500 0.07065217391304347 0.9281022450891006 
17600 0.07880434782608696 0.9281022199825603 
17700 0.07608695652173914 0.9280971291231397 
17800 0.06793478260869565 0.9280936219997411 
17900 0.06521739130434782 0.9281036643568613 
18000 0.07336956521739131 0.9280883851863302 
18100 0.07336956521739131 0.9280819820187691 
18200 0.07065217391304347 0.9280822183683171 
18300 0.07336956521739131 0.9280836400006652 
18400 0.06793478260869565 0.928094349787228 
18500 0.07336956521739131 0.9280955436016385 
18600 0.07065217391304347 0.9280997924375267 
18700 0.07065217391304347 0.928084669966498 
18800 0.06793478260869565 0.928070431036277 
18900 0.08152173913043478 0.9280677005817498 
19000 0.07608695652173914 0.9280612805275695 
19100 0.07065217391304347 0.9280613295912119 
19200 0.07065217391304347 0.928057557011297 
19300 0.07336956521739131 0.9280408708266974 
19400 0.0625 0.9280418647178653 
19500 0.06793478260869565 0.9280473074959367 
19600 0.07608695652173914 0.9280363357681396 
19700 0.07336956521739131 0.9280297513037299 
19800 0.07065217391304347 0.9280398387872374 
19900 0.06793478260869565 0.9280419052571096 
20000 0.06521739130434782 0.9280443586516326 
20100 0.07065217391304347 0.9280513839891158 
20200 0.06521739130434782 0.9280494616065068 
20300 0.07336956521739131 0.9280526446544719 
20400 0.06521739130434782 0.9280555300997607 
20500 0.06521739130434782 0.9280667379958135 
20600 0.07608695652173914 0.9280521154523946 
20700 0.06793478260869565 0.9280529926090527 
20800 0.05434782608695652 0.9280541226069817 
20900 0.057065217391304345 0.9280678530047449 
21000 0.07880434782608696 0.928066572399244 
21100 0.07336956521739131 0.9280680083161111 
21200 0.07608695652173914 0.9280736603892762 
21300 0.07608695652173914 0.9280823210994381 
21400 0.07880434782608696 0.9280827744741713 
21500 0.07336956521739131 0.9280784210238957 
21600 0.0625 0.9280558669787832 
21700 0.06521739130434782 0.9280539315960195 
21800 0.08152173913043478 0.9280445352526709 
21900 0.07065217391304347 0.9280457711877361 
22000 0.07065217391304347 0.928038473547645 
22100 0.07065217391304347 0.9280296435534099 
22200 0.06793478260869565 0.9280249322885965 
22300 0.07336956521739131 0.928030620580477 
22400 0.057065217391304345 0.9280301927514882 
22500 0.07880434782608696 0.9280279572115635 
22600 0.07880434782608696 0.92802489982167 
22700 0.07065217391304347 0.9280300092123887 
22800 0.07608695652173914 0.9280266121051136 
22900 0.07065217391304347 0.928021583450884 
23000 0.07065217391304347 0.9280282946110093 
23100 0.0625 0.9280345947756826 
23200 0.0625 0.9280407235070453 
23300 0.07880434782608696 0.9280380530412018 
23400 0.07065217391304347 0.9280455080886547 
23500 0.07065217391304347 0.9280541716078686 
23600 0.07336956521739131 0.9280510175508407 
23700 0.07336956521739131 0.9280430746822277 
23800 0.06793478260869565 0.9280388520394649 
23900 0.07336956521739131 0.9280486490468837 
24000 0.07608695652173914 0.9280419475275486 
24100 0.07065217391304347 0.9280383458741565 
24200 0.07336956521739131 0.9280342125639796 
24300 0.07608695652173914 0.9280216147841474 
24400 0.0625 0.9280221498406159 
24500 0.06793478260869565 0.9280174677874727 
24600 0.07608695652173914 0.9280180153510904 
24700 0.07608695652173914 0.9280141580256388 
24800 0.07880434782608696 0.9280126327304474 
24900 0.07608695652173914 0.9280065363186043 
25000 0.07608695652173914 0.928009618745685 
25100 0.08152173913043478 0.9280114857713966 
25200 0.059782608695652176 0.9280132301513225 
25300 0.07880434782608696 0.9280102350310951 
25400 0.07880434782608696 0.9280089751687284 
25500 0.06793478260869565 0.9280033562196197 
25600 0.07608695652173914 0.9280012839172382 
25700 0.07336956521739131 0.9280034569793427 
25800 0.07336956521739131 0.9280029801676039 
25900 0.07336956521739131 0.9280071232770936 
26000 0.07608695652173914 0.9280085172309426 
26100 0.07065217391304347 0.928007297738051 
26200 0.07336956521739131 0.9279984127721643 
26300 0.07608695652173914 0.9279941414031208 
26400 0.07065217391304347 0.9279948429160292 
26500 0.07065217391304347 0.9279874385380044 
26600 0.0625 0.9279868319759146 
26700 0.07065217391304347 0.9279840927631761 
26800 0.07608695652173914 0.9279884713905873 
26900 0.06521739130434782 0.9279792815201633 
27000 0.06521739130434782 0.9279791167154839 
27100 0.07608695652173914 0.9279739396749358 
27200 0.08152173913043478 0.9279656038860464 
27300 0.06521739130434782 0.9279682779576477 
27400 0.08423913043478261 0.9279710316824362 
27500 0.07336956521739131 0.9279671450682426 
27600 0.06793478260869565 0.9279685046067959 
27700 0.07608695652173914 0.9279726991491439 
27800 0.07608695652173914 0.9279746153954425 
27900 0.06793478260869565 0.9279734012961979 
28000 0.07065217391304347 0.927970449036758 
28100 0.07336956521739131 0.9279739000468806 
28200 0.07336956521739131 0.9279736649795027 
28300 0.07336956521739131 0.9279763120983588 
28400 0.07336956521739131 0.9279731041313609 
28500 0.07608695652173914 0.9279652468334444 
28600 0.07608695652173914 0.9279601047698242 
28700 0.07065217391304347 0.9279604899389963 
28800 0.07608695652173914 0.9279627594452488 
28900 0.07065217391304347 0.9279667997045385 
29000 0.07608695652173914 0.9279745600976278 
29100 0.07608695652173914 0.9279757307010218 
29200 0.059782608695652176 0.9279666568893561 
29300 0.07065217391304347 0.9279654352203441 
29400 0.0625 0.9279616339580287 
29500 0.06793478260869565 0.9279562925648799 
29600 0.07880434782608696 0.9279583313137189 
29700 0.07065217391304347 0.927959532909886 
29800 0.07065217391304347 0.9279709391135109 
29900 0.06521739130434782 0.9279759983307233 
30000 0.07608695652173914 0.9279643577098154 
30100 0.07065217391304347 0.9279610095287893 
30200 0.07336956521739131 0.9279646117390297 
30300 0.07336956521739131 0.9279695353719134 
30400 0.07880434782608696 0.9279733539943623 
30500 0.08152173913043478 0.9279816912631518 
30600 0.07608695652173914 0.9279707042821845 
30700 0.06793478260869565 0.9279641259383988 
30800 0.07608695652173914 0.9279659716017126 
30900 0.06793478260869565 0.9279649912835239 
31000 0.07336956521739131 0.927959371577074 
31100 0.07065217391304347 0.9279586809035918 
31200 0.07880434782608696 0.9279609558222075 
31300 0.06521739130434782 0.9279613930934281 
31400 0.07065217391304347 0.927962519886517 
31500 0.07065217391304347 0.9279644158984601 
31600 0.07065217391304347 0.9279638061811473 
31700 0.07065217391304347 0.9279670576843687 
31800 0.07336956521739131 0.9279724249852684 
31900 0.07336956521739131 0.9279792067306054 
32000 0.07336956521739131 0.9279820399634251 
32100 0.07065217391304347 0.9279767290196838 
32200 0.07336956521739131 0.9279778645815753 
32300 0.07608695652173914 0.927973020084181 
32400 0.04891304347826087 0.9279813726897854 
32500 0.07608695652173914 0.9279758783341784 
32600 0.07065217391304347 0.9279729182753796 
32700 0.07336956521739131 0.9279754607956412 
32800 0.07608695652173914 0.9279727685926861 
32900 0.07336956521739131 0.927966706443441 
33000 0.0625 0.9279717149546193 
33100 0.07880434782608696 0.9279737378221858 
33200 0.059782608695652176 0.9279721472506721 
33300 0.07336956521739131 0.9279739934693174 
33400 0.06521739130434782 0.9279721675867554 
33500 0.06521739130434782 0.9279658913491227 
33600 0.07880434782608696 0.9279650709153325 
33700 0.06521739130434782 0.9279667549537299 
33800 0.07336956521739131 0.9279732526565332 
33900 0.08152173913043478 0.9279723376122033 
34000 0.07065217391304347 0.9279663130112541 
34100 0.07065217391304347 0.9279681330268269 
34200 0.07336956521739131 0.9279690684101533 
34300 0.07336956521739131 0.9279662749089581 
34400 0.07608695652173914 0.9279775581599625 
34500 0.07880434782608696 0.9279813723105694 
34600 0.07608695652173914 0.9279814732672969 
34700 0.06793478260869565 0.927974134312631 
34800 0.07065217391304347 0.9279658224463815 
34900 0.07608695652173914 0.9279606726106017 
35000 0.0625 0.9279519032375473 
35100 0.06793478260869565 0.9279602928443758 
35200 0.07880434782608696 0.9279575956957744 
35300 0.07608695652173914 0.9279562994274088 
35400 0.08152173913043478 0.9279514027483872 
35500 0.07336956521739131 0.9279520448291108 
35600 0.07336956521739131 0.9279580263378043 
35700 0.08423913043478261 0.9279566672715294 
35800 0.07336956521739131 0.9279502303190462 
35900 0.06521739130434782 0.9279559398248565 
36000 0.07880434782608696 0.9279547488415177 
36100 0.07608695652173914 0.9279485965100328 
36200 0.07880434782608696 0.9279529871262264 
36300 0.06793478260869565 0.9279539849782554 
36400 0.07336956521739131 0.9279516926792504 
36500 0.07880434782608696 0.9279505296460013 
36600 0.07336956521739131 0.9279410576807714 
36700 0.07336956521739131 0.9279418550377136 
36800 0.059782608695652176 0.927934230284385 
36900 0.07065217391304347 0.9279369564628271 
37000 0.08152173913043478 0.9279407695209178 
37100 0.07336956521739131 0.9279398744672299 
37200 0.07336956521739131 0.9279335057612991 
37300 0.08152173913043478 0.9279277540058957 
37400 0.07608695652173914 0.9279245759529796 
37500 0.07880434782608696 0.9279277914907776 
37600 0.07065217391304347 0.9279232571289154 
37700 0.07336956521739131 0.927916656575826 
37800 0.07336956521739131 0.9279111692467303 
37900 0.06793478260869565 0.9279041335378325 
38000 0.07608695652173914 0.9279071460362027 
38100 0.07880434782608696 0.9279032246101038 
38200 0.07608695652173914 0.9279055835096509 
38300 0.07065217391304347 0.9279053759522683 
38400 0.07336956521739131 0.9279043910767723 
38500 0.07608695652173914 0.9279067285660565 
38600 0.07336956521739131 0.927908561165908 
38700 0.07336956521739131 0.927911577950463 
38800 0.06521739130434782 0.9279259947356803 
38900 0.07608695652173914 0.9279261570340764 
39000 0.0625 0.9279261094754538 
39100 0.07065217391304347 0.9279221008469705 
39200 0.07336956521739131 0.9279205388504952 
39300 0.07880434782608696 0.9279251385350301 
39400 0.07608695652173914 0.9279151627138132 
39500 0.08152173913043478 0.9279089522224534 
39600 0.07336956521739131 0.9279034592890166 
39700 0.07065217391304347 0.9279001843125186 
39800 0.06793478260869565 0.9279029339441984 
39900 0.06793478260869565 0.9279006982499076 
40000 0.07608695652173914 0.9279080522986926 
40100 0.07336956521739131 0.9279067636825711 
40200 0.07336956521739131 0.9279016961507555 
40300 0.07336956521739131 0.9278980023151869 
40400 0.07336956521739131 0.9278959410173876 
40500 0.07336956521739131 0.9278969762421325 
40600 0.06793478260869565 0.9278974040048275 
40700 0.07608695652173914 0.9278962940767399 
40800 0.07336956521739131 0.9278931249553772 
40900 0.07608695652173914 0.9278970137862048 
41000 0.07336956521739131 0.9278918700816416 
41100 0.06793478260869565 0.9278943546279949 
41200 0.07336956521739131 0.9278966952047386 
41300 0.06793478260869565 0.9278980375251468 
41400 0.07608695652173914 0.9279008173505576 
41500 0.06793478260869565 0.927905024289619 
41600 0.07608695652173914 0.9279008500004703 
41700 0.07880434782608696 0.9279009313716802 
41800 0.07336956521739131 0.9279025725409107 
41900 0.07065217391304347 0.9279034924973255 
42000 0.07608695652173914 0.9279035022975644 
42100 0.06793478260869565 0.9278973157717001 
42200 0.057065217391304345 0.9278970182037722 
42300 0.07608695652173914 0.9278960796486464 
42400 0.07608695652173914 0.9279014261353558 
42500 0.06793478260869565 0.9279001619399236 
42600 0.07065217391304347 0.9279063667621601 
42700 0.07336956521739131 0.9279057969317489 
42800 0.06793478260869565 0.9278998332017842 
42900 0.07065217391304347 0.9278987745294272 
43000 0.07336956521739131 0.9279033450182655 
43100 0.07336956521739131 0.9279070746870596 
43200 0.06521739130434782 0.9279062582085962 
43300 0.07608695652173914 0.9279141058093848 
43400 0.06521739130434782 0.9279065148769363 
43500 0.07065217391304347 0.9279081415419735 
43600 0.07065217391304347 0.9279065822183975 
43700 0.07065217391304347 0.927909693639485 
43800 0.06793478260869565 0.9279118602612805 
43900 0.07880434782608696 0.9279116648823489 
44000 0.07608695652173914 0.9279132613586846 
44100 0.06793478260869565 0.9279010482854081 
44200 0.059782608695652176 0.9278994646983199 
44300 0.07880434782608696 0.927892306386253 
44400 0.07880434782608696 0.9278879343688891 
44500 0.07065217391304347 0.927887123689453 
44600 0.07336956521739131 0.9278863775719592 
44700 0.07336956521739131 0.9278841758233207 
44800 0.07608695652173914 0.9278785872403857 
44900 0.07608695652173914 0.9278755653742582 
45000 0.07608695652173914 0.9278735231004528 
45100 0.07880434782608696 0.9278761894800366 
45200 0.06793478260869565 0.9278723513235086 
45300 0.0625 0.9278675703482887 
45400 0.06793478260869565 0.9278689753050833 
45500 0.07880434782608696 0.9278657755252393 
45600 0.07065217391304347 0.9278659864438519 
45700 0.07608695652173914 0.9278648883146882 
45800 0.07608695652173914 0.9278672954738979 
45900 0.07608695652173914 0.9278671464958138 
46000 0.0625 0.9278688294110808 
46100 0.08423913043478261 0.9278688545848764 
46200 0.07065217391304347 0.9278696442670636 
46300 0.0625 0.9278712521938206 
46400 0.0625 0.9278714476730731 
46500 0.06521739130434782 0.9278701229426576 
46600 0.059782608695652176 0.9278703200061951 
46700 0.07880434782608696 0.927867723249572 
46800 0.07336956521739131 0.9278719889857426 
46900 0.06521739130434782 0.9278680092108911 
47000 0.07336956521739131 0.9278702904563547 
47100 0.08423913043478261 0.9278714658509051 
47200 0.07608695652173914 0.9278697577335778 
47300 0.06521739130434782 0.9278705271420863 
47400 0.07608695652173914 0.9278721532200292 
47500 0.07880434782608696 0.9278739440725733 
47600 0.07065217391304347 0.9278738435345256 
47700 0.07880434782608696 0.9278723762057672 
47800 0.07880434782608696 0.9278780778644798 
47900 0.07065217391304347 0.9278810894389969 
48000 0.06793478260869565 0.9278803521303451 
48100 0.08152173913043478 0.9278835159352197 
48200 0.07608695652173914 0.9278834531666761 
48300 0.07336956521739131 0.9278805776818015 
48400 0.06793478260869565 0.9278758613503314 
48500 0.08152173913043478 0.9278755346147054 
48600 0.06793478260869565 0.9278800176772173 
48700 0.07065217391304347 0.9278842033419544 
48800 0.06521739130434782 0.9278820239784823 
48900 0.07880434782608696 0.9278810760516145 
49000 0.0625 0.9278791337887514 
49100 0.06521739130434782 0.9278811287824652 
49200 0.07065217391304347 0.927888583477006 
49300 0.07608695652173914 0.9278880157647389 
49400 0.07336956521739131 0.9278888255210465 
49500 0.07336956521739131 0.9278874910739616 
49600 0.06521739130434782 0.9278914213686085 
49700 0.06521739130434782 0.9278939143031852 
49800 0.07065217391304347 0.9278919774616016 
49900 0.06521739130434782 0.927892988987761 
50000 0.07065217391304347 0.9278919312918089 
50100 0.07336956521739131 0.9278910947711709 
50200 0.07336956521739131 0.927893725917464 
50300 0.0625 0.9278878650523846 
50400 0.07336956521739131 0.9278832135835814 
50500 0.06793478260869565 0.9278775581714697 
50600 0.06793478260869565 0.9278758453819868 
50700 0.06793478260869565 0.9278776231152288 
50800 0.07336956521739131 0.9278811055585178 
50900 0.06521739130434782 0.927881050854899 
51000 0.07880434782608696 0.9278803037110099 
51100 0.07065217391304347 0.9278792404300775 
51200 0.07608695652173914 0.9278783935945545 
51300 0.059782608695652176 0.9278763847301901 
51400 0.06521739130434782 0.9278800403984696 
51500 0.06793478260869565 0.9278820989546003 
51600 0.07065217391304347 0.9278778828013949 
51700 0.07608695652173914 0.9278792017310237 
51800 0.06793478260869565 0.9278806204849159 
51900 0.06521739130434782 0.9278795206258068 
52000 0.07065217391304347 0.9278786862794445 
52100 0.06793478260869565 0.9278742563565917 
52200 0.06793478260869565 0.9278729147284368 
52300 0.06793478260869565 0.9278738643288057 
52400 0.07608695652173914 0.9278723729965326 
52500 0.07880434782608696 0.9278752350886899 
52600 0.06793478260869565 0.9278759682201446 
52700 0.07065217391304347 0.9278750485718034 
52800 0.06793478260869565 0.9278760366033911 
52900 0.07336956521739131 0.9278790755989654 
53000 0.0625 0.9278784116460477 
53100 0.07608695652173914 0.9278801553724936 
53200 0.07336956521739131 0.9278812796098145 
53300 0.06793478260869565 0.9278841839985056 
53400 0.07336956521739131 0.9278870775095402 
53500 0.06521739130434782 0.9278877253818092 
53600 0.07608695652173914 0.927885075554236 
53700 0.07065217391304347 0.9278838018561714 
53800 0.07065217391304347 0.9278783407129171 
53900 0.06793478260869565 0.9278748155838038 
54000 0.07336956521739131 0.9278786503953631 
54100 0.07608695652173914 0.9278806628182554 
54200 0.06521739130434782 0.9278802613139658 
54300 0.07608695652173914 0.927877459218863 
54400 0.06793478260869565 0.9278777144441878 
54500 0.06521739130434782 0.9278750270238361 
54600 0.07608695652173914 0.9278805114255751 
54700 0.07336956521739131 0.9278803622539291 
54800 0.07336956521739131 0.9278782301655872 
54900 0.07608695652173914 0.927876006851859 
55000 0.07065217391304347 0.9278780899635817 
55100 0.07065217391304347 0.9278745434273662 
55200 0.07880434782608696 0.9278680561079943 
55300 0.08152173913043478 0.9278655233060492 
55400 0.06793478260869565 0.9278666783600673 
55500 0.06793478260869565 0.9278698856189822 
55600 0.06793478260869565 0.9278664346043197 
55700 0.06521739130434782 0.9278653864617215 
55800 0.0625 0.9278663873874786 
55900 0.07608695652173914 0.9278650514146515 
56000 0.07336956521739131 0.9278622159697458 
56100 0.08152173913043478 0.9278583250085444 
56200 0.07336956521739131 0.9278532391114811 
56300 0.07065217391304347 0.9278493296512611 
56400 0.0625 0.9278513119949308 
56500 0.07065217391304347 0.9278527582813079 
56600 0.07336956521739131 0.9278491104397448 
56700 0.07336956521739131 0.9278493573842345 
56800 0.07065217391304347 0.9278532871818699 
56900 0.07880434782608696 0.927847651871328 
57000 0.07065217391304347 0.9278468512756832 
57100 0.07065217391304347 0.9278468625006948 
57200 0.07336956521739131 0.9278464461323647 
57300 0.07880434782608696 0.9278447982165877 
57400 0.07336956521739131 0.9278485055176284 
57500 0.06793478260869565 0.9278504041139549 
57600 0.059782608695652176 0.9278528622314075 
57700 0.06793478260869565 0.9278546525077178 
57800 0.0625 0.9278538978940488 
57900 0.07336956521739131 0.9278519725949015 
58000 0.07336956521739131 0.9278530055328881 
58100 0.07065217391304347 0.9278534269035256 
58200 0.08423913043478261 0.9278540335852589 
58300 0.07065217391304347 0.9278534263339505 
58400 0.06793478260869565 0.9278519370945851 
58500 0.07336956521739131 0.927851242602319 
58600 0.07065217391304347 0.9278526835496946 
58700 0.07336956521739131 0.9278541658797014 
58800 0.07336956521739131 0.9278583697556164 
58900 0.07065217391304347 0.9278579920027932 
59000 0.07065217391304347 0.9278513978760861 
59100 0.06793478260869565 0.9278519527735498 
59200 0.07608695652173914 0.9278512664665624 
59300 0.07336956521739131 0.9278479246995615 
59400 0.07880434782608696 0.9278469272585808 
59500 0.07065217391304347 0.9278501347803435 
59600 0.07065217391304347 0.9278480883381734 
59700 0.08152173913043478 0.9278456846182025 
59800 0.07336956521739131 0.9278422892448359 
59900 0.07065217391304347 0.9278457552788187 
60000 0.07608695652173914 0.9278440015130183 
60100 0.06793478260869565 0.927845508972939 
60200 0.07336956521739131 0.9278450253245829 
60300 0.06521739130434782 0.9278440025149197 
60400 0.07065217391304347 0.9278433430054066 
60500 0.07336956521739131 0.9278428204205033 
60600 0.07880434782608696 0.9278449900023173 
60700 0.07608695652173914 0.9278454512961967 
60800 0.07065217391304347 0.9278453747542768 
60900 0.06793478260869565 0.9278443614476238 
61000 0.07065217391304347 0.9278484297834034 
61100 0.0625 0.9278501721668257 
61200 0.07336956521739131 0.9278511984387865 
61300 0.06793478260869565 0.9278524873344147 
61400 0.07608695652173914 0.9278551882386847 
61500 0.07880434782608696 0.927854787444248 
61600 0.06521739130434782 0.9278548731916407 
61700 0.07608695652173914 0.9278563239409128 
61800 0.07608695652173914 0.9278585174856464 
61900 0.07065217391304347 0.9278609234380564 
62000 0.06793478260869565 0.9278591579518704 
62100 0.06793478260869565 0.9278580107580708 
62200 0.07336956521739131 0.9278534159593408 
62300 0.07608695652173914 0.9278512348535127 
62400 0.07880434782608696 0.9278501929665286 
62500 0.07336956521739131 0.9278465892371809 
62600 0.07065217391304347 0.9278449937943761 
62700 0.07336956521739131 0.9278501643063733 
62800 0.07608695652173914 0.9278482220928357 
62900 0.07880434782608696 0.9278433483811345 
63000 0.06793478260869565 0.9278425445972908 
63100 0.07336956521739131 0.9278393748324805 
63200 0.07336956521739131 0.9278417185886575 
63300 0.07336956521739131 0.927846287200628 
63400 0.06521739130434782 0.9278465553622457 
63500 0.07336956521739131 0.9278439555556468 
63600 0.07608695652173914 0.9278451237777913 
63700 0.07065217391304347 0.9278467575759851 
63800 0.07608695652173914 0.9278470659107837 
63900 0.06521739130434782 0.9278452470295423 
64000 0.07065217391304347 0.9278481891926961 
64100 0.06521739130434782 0.9278426013159938 
64200 0.07608695652173914 0.9278415174353914 
64300 0.07880434782608696 0.9278439868066154 
64400 0.07608695652173914 0.9278420602434609 
64500 0.07336956521739131 0.9278421197379482 
64600 0.07880434782608696 0.9278418425344068 
64700 0.059782608695652176 0.9278400122167321 
64800 0.08152173913043478 0.9278377262696563 
64900 0.07336956521739131 0.9278346099711735 
65000 0.0625 0.9278353493558293 
65100 0.07065217391304347 0.9278342915990738 
65200 0.07608695652173914 0.9278344457240253 
65300 0.051630434782608696 0.9278385526421794 
65400 0.07065217391304347 0.927836414547577 
65500 0.07336956521739131 0.9278371455331249 
65600 0.07608695652173914 0.9278354303321198 
65700 0.06793478260869565 0.9278339685121595 
65800 0.06521739130434782 0.9278384992166764 
65900 0.07336956521739131 0.9278382742097335 
66000 0.06521739130434782 0.9278418377060164 
66100 0.0625 0.9278390184191122 
66200 0.07065217391304347 0.9278375211723453 
66300 0.07336956521739131 0.9278410286945636 
66400 0.07880434782608696 0.9278454259790483 
66500 0.07880434782608696 0.9278432311903777 
66600 0.07065217391304347 0.9278389213375174 
66700 0.07880434782608696 0.9278376798991997 
66800 0.07880434782608696 0.9278331471866798 
66900 0.059782608695652176 0.9278335021963018 
67000 0.06521739130434782 0.9278313821403055 
67100 0.07608695652173914 0.927834371029266 
67200 0.07608695652173914 0.9278353696211818 
67300 0.07880434782608696 0.9278345079180295 
67400 0.08423913043478261 0.9278340922564045 
67500 0.07608695652173914 0.9278360127353991 
67600 0.07608695652173914 0.9278364804225304 
67700 0.07336956521739131 0.927836023551126 
67800 0.07065217391304347 0.9278365700005707 
67900 0.07065217391304347 0.9278380352981931 
68000 0.0625 0.9278348608044766 
68100 0.07880434782608696 0.9278325335834308 
68200 0.07065217391304347 0.9278335999153398 
68300 0.06793478260869565 0.9278327136339591 
68400 0.08152173913043478 0.9278306778505018 
68500 0.07065217391304347 0.9278299570999599 
68600 0.06793478260869565 0.9278289611699158 
68700 0.05434782608695652 0.9278285218935488 
68800 0.06793478260869565 0.9278323890009182 
68900 0.06793478260869565 0.9278381379584949 
69000 0.057065217391304345 0.9278384355488232 
69100 0.07336956521739131 0.9278396760759141 
69200 0.07880434782608696 0.9278388318087889 
69300 0.07608695652173914 0.9278409700468593 
69400 0.06521739130434782 0.9278375029679437 
69500 0.06793478260869565 0.9278381121197505 
69600 0.07336956521739131 0.9278382510121357 
69700 0.07880434782608696 0.9278353485665167 
69800 0.07608695652173914 0.9278297292987581 
69900 0.07065217391304347 0.9278335726987795 
70000 0.08152173913043478 0.9278336008243361 
70100 0.07880434782608696 0.9278323884234114 
70200 0.06793478260869565 0.9278323794470907 
70300 0.07880434782608696 0.9278330662622771 
70400 0.07336956521739131 0.9278293122689092 
70500 0.06793478260869565 0.92782965459016 
70600 0.07065217391304347 0.927831381560675 
70700 0.07608695652173914 0.9278316046818107 
70800 0.07336956521739131 0.9278309060360852 
70900 0.07608695652173914 0.9278290595643772 
71000 0.06793478260869565 0.9278311220968719 
71100 0.07065217391304347 0.9278303506402099 
71200 0.07608695652173914 0.9278317567596449 
71300 0.07065217391304347 0.9278330827118102 
71400 0.07065217391304347 0.9278364220328177 
71500 0.07065217391304347 0.9278352294251889 
71600 0.07336956521739131 0.9278360515975305 
71700 0.07336956521739131 0.9278363787904238 
71800 0.06521739130434782 0.9278363266104445 
71900 0.07065217391304347 0.9278373327939443 
72000 0.06793478260869565 0.9278355056059004 
72100 0.07608695652173914 0.92783571867483 
72200 0.06793478260869565 0.9278347644227498 
72300 0.07336956521739131 0.9278342638234002 
72400 0.06521739130434782 0.9278307620060496 
72500 0.07608695652173914 0.9278330793638229 
72600 0.0625 0.9278361389201131 
72700 0.07336956521739131 0.9278359382055028 
72800 0.07336956521739131 0.9278358873474624 
72900 0.07608695652173914 0.927835426602963 
73000 0.06521739130434782 0.9278322869907083 
73100 0.07608695652173914 0.9278353267040301 
73200 0.06521739130434782 0.9278378755220141 
73300 0.07065217391304347 0.9278428270448887 
73400 0.07336956521739131 0.9278445072126135 
73500 0.06793478260869565 0.9278451476259122 
73600 0.07336956521739131 0.92784936759484 
73700 0.0625 0.9278451696425569 
73800 0.07336956521739131 0.9278406885025123 
73900 0.07336956521739131 0.9278406319735627 
74000 0.07065217391304347 0.9278411264125103 
74100 0.06521739130434782 0.9278409227593596 
74200 0.07065217391304347 0.9278417084499623 
74300 0.07336956521739131 0.9278417605708391 
74400 0.07065217391304347 0.9278414473157502 
74500 0.07065217391304347 0.9278390558515993 
74600 0.06521739130434782 0.9278362336907712 
74700 0.07336956521739131 0.9278359290923874 
74800 0.07336956521739131 0.9278334092836471 
74900 0.06793478260869565 0.9278340888233337 
75000 0.07336956521739131 0.9278350926335475 
75100 0.06793478260869565 0.9278346464442377 
75200 0.07336956521739131 0.9278333342005743 
75300 0.059782608695652176 0.9278346597972311 
75400 0.07880434782608696 0.927838576699767 
75500 0.07065217391304347 0.9278389560633519 
75600 0.07336956521739131 0.9278406643459397 
75700 0.06793478260869565 0.9278390656490093 
75800 0.07065217391304347 0.9278384749426846 
75900 0.07880434782608696 0.9278386018285834 
76000 0.07880434782608696 0.9278387998899328 
76100 0.07336956521739131 0.9278376762460414 
76200 0.0625 0.927837233107177 
76300 0.06793478260869565 0.9278378951669105 
76400 0.07608695652173914 0.9278377018739227 
76500 0.06793478260869565 0.927838610236979 
76600 0.0625 0.9278378134466402 
76700 0.07065217391304347 0.927839959288553 
76800 0.07608695652173914 0.9278430194806114 
76900 0.07065217391304347 0.9278456123429163 
77000 0.059782608695652176 0.9278484807933042 
77100 0.07336956521739131 0.9278525753627511 
77200 0.07608695652173914 0.927854582588759 
77300 0.07065217391304347 0.9278558112471688 
77400 0.07336956521739131 0.9278563696795289 
77500 0.07065217391304347 0.927860397874249 
77600 0.07336956521739131 0.9278597583625939 
77700 0.07336956521739131 0.9278616035382008 
77800 0.07336956521739131 0.9278603703540191 
77900 0.07065217391304347 0.9278600472840947 
78000 0.06521739130434782 0.9278625120748173 
78100 0.07336956521739131 0.9278611084977479 
78200 0.07608695652173914 0.9278602297424197 
78300 0.057065217391304345 0.9278586244386906 
78400 0.07065217391304347 0.9278576471129749 
78500 0.07880434782608696 0.9278564991971855 
78600 0.07880434782608696 0.9278592608347167 
78700 0.0625 0.9278568017201041 
78800 0.07065217391304347 0.9278554178577517 
78900 0.07336956521739131 0.9278553462429252 
79000 0.07336956521739131 0.9278567882740064 
79100 0.07336956521739131 0.9278568525215148 
79200 0.08152173913043478 0.9278561617853969 
79300 0.07608695652173914 0.9278592764058571 
79400 0.07880434782608696 0.9278595426188369 
79500 0.06793478260869565 0.9278599790650706 
79600 0.0625 0.927857171337699 
79700 0.0625 0.927853006863151 
79800 0.07065217391304347 0.9278558335054099 
79900 0.0625 0.9278536196695585 
80000 0.07065217391304347 0.927857117818636 
80100 0.07880434782608696 0.9278571469280903 
80200 0.06793478260869565 0.9278549058533911 
80300 0.07065217391304347 0.9278544977240524 
80400 0.07065217391304347 0.9278557467109159 
80500 0.07608695652173914 0.9278535494833172 
80600 0.07336956521739131 0.9278560102555637 
80700 0.07880434782608696 0.9278538518190874 
80800 0.07065217391304347 0.9278506225439526 
80900 0.07065217391304347 0.9278498196668714 
81000 0.07065217391304347 0.927847073009834 
81100 0.07336956521739131 0.9278475497273126 
81200 0.07065217391304347 0.9278471886456742 
81300 0.07336956521739131 0.9278501374120752 
81400 0.07336956521739131 0.9278476709238163 
81500 0.06793478260869565 0.9278489447715499 
81600 0.07065217391304347 0.9278517806420744 
81700 0.07065217391304347 0.9278533789432624 
81800 0.06521739130434782 0.9278549733366712 
81900 0.057065217391304345 0.9278591186177586 
82000 0.07608695652173914 0.9278585149809944 
82100 0.06793478260869565 0.9278572508516816 
82200 0.06521739130434782 0.9278579402133582 
82300 0.059782608695652176 0.927857967545431 
82400 0.06793478260869565 0.9278590500959518 
82500 0.06521739130434782 0.9278559469371386 
82600 0.06793478260869565 0.9278562068676924 
82700 0.07336956521739131 0.9278541332500579 
82800 0.07608695652173914 0.9278528850995813 
82900 0.07880434782608696 0.9278533444553824 
83000 0.07608695652173914 0.9278544247502518 
83100 0.07608695652173914 0.9278536385529814 
83200 0.06793478260869565 0.9278520703921306 
83300 0.07880434782608696 0.9278559211408809 
83400 0.08152173913043478 0.9278529529674079 
83500 0.08152173913043478 0.9278538645462721 
83600 0.06793478260869565 0.9278542213713898 
83700 0.07608695652173914 0.927853116398277 
83800 0.07065217391304347 0.9278521437691675 
83900 0.06521739130434782 0.9278518536080049 
84000 0.07608695652173914 0.9278527287201033 
84100 0.06521739130434782 0.9278522769982056 
84200 0.07608695652173914 0.9278507936237461 
84300 0.06793478260869565 0.927850861019236 
84400 0.06793478260869565 0.9278543732482049 
84500 0.07336956521739131 0.9278551758842062 
84600 0.07336956521739131 0.927850837409158 
84700 0.07065217391304347 0.9278514177492899 
84800 0.07065217391304347 0.927854880710492 
84900 0.06521739130434782 0.9278560310397327 
85000 0.07336956521739131 0.9278556761224804 
85100 0.07608695652173914 0.9278556732843787 
85200 0.07880434782608696 0.9278564040124044 
85300 0.07336956521739131 0.9278555402021385 
85400 0.07336956521739131 0.927853278370124 
85500 0.07880434782608696 0.927853246567673 
85600 0.057065217391304345 0.9278522942387406 
85700 0.06521739130434782 0.9278514392556934 
85800 0.07336956521739131 0.9278503012278665 
85900 0.07880434782608696 0.92785055774519 
86000 0.07065217391304347 0.9278516667905277 
86100 0.08423913043478261 0.9278519526865062 
86200 0.07065217391304347 0.9278533412554983 
86300 0.07880434782608696 0.9278555767654463 
86400 0.07065217391304347 0.9278574296895719 
86500 0.06793478260869565 0.92785861862366 
86600 0.06793478260869565 0.927860306864616 
86700 0.06793478260869565 0.9278617091322853 
86800 0.07880434782608696 0.9278606976076713 
86900 0.06521739130434782 0.9278578747530298 
87000 0.0625 0.9278575883435622 
87100 0.06793478260869565 0.9278592368779274 
87200 0.07065217391304347 0.9278611309303892 
87300 0.07065217391304347 0.927860686141849 
87400 0.07880434782608696 0.9278618591071737 
87500 0.0625 0.9278602965034437 
87600 0.07880434782608696 0.9278617774365292 
87700 0.07608695652173914 0.9278622324964814 
87800 0.07336956521739131 0.9278607676549192 
87900 0.06521739130434782 0.9278594916316429 
88000 0.08423913043478261 0.9278613681761522 
88100 0.08152173913043478 0.927859076514455 
88200 0.07065217391304347 0.9278590083026762 
88300 0.07336956521739131 0.9278590325679507 
88400 0.06793478260869565 0.9278569972403421 
88500 0.07065217391304347 0.927854690170536 
88600 0.07608695652173914 0.9278565900963921 
88700 0.07065217391304347 0.9278575666761268 
88800 0.07336956521739131 0.9278601323036413 
88900 0.06793478260869565 0.9278597577764812 
89000 0.07336956521739131 0.9278604527159685 
89100 0.06793478260869565 0.9278613595807006 
89200 0.06521739130434782 0.9278611677194104 
89300 0.07880434782608696 0.9278580550488017 
89400 0.07336956521739131 0.9278572594023119 
89500 0.06793478260869565 0.9278594409681116 
89600 0.06521739130434782 0.9278588275169677 
89700 0.07608695652173914 0.9278599118908567 
89800 0.07336956521739131 0.927864382985955 
89900 0.0625 0.9278675746219393 
90000 0.06521739130434782 0.9278668642812181 
90100 0.06521739130434782 0.9278675428492567 
90200 0.07336956521739131 0.9278681295348601 
90300 0.07608695652173914 0.9278676014950964 
90400 0.08152173913043478 0.9278705314437172 
90500 0.07608695652173914 0.9278688308992983 
90600 0.07608695652173914 0.9278695935307365 
90700 0.07065217391304347 0.9278679876498174 
90800 0.07065217391304347 0.9278671634051148 
90900 0.06521739130434782 0.9278694499462626 
91000 0.06793478260869565 0.9278712835453791 
91100 0.07608695652173914 0.9278732324324221 
91200 0.07608695652173914 0.9278732105340187 
91300 0.07065217391304347 0.9278751530413258 
91400 0.07336956521739131 0.9278785778197651 
91500 0.07336956521739131 0.9278790847142084 
91600 0.07336956521739131 0.9278784038811044 
91700 0.07065217391304347 0.9278796210557658 
91800 0.0625 0.927878053094998 
91900 0.07608695652173914 0.9278807760051814 
92000 0.0625 0.9278791806610798 
92100 0.07336956521739131 0.9278784739154511 
92200 0.07336956521739131 0.9278759414096707 
92300 0.07065217391304347 0.9278750630616371 
92400 0.07608695652173914 0.9278718045118088 
92500 0.07336956521739131 0.9278704625049882 
92600 0.07336956521739131 0.9278691527418006 
92700 0.06793478260869565 0.9278691942256615 
92800 0.059782608695652176 0.9278679764976295 
92900 0.07065217391304347 0.9278689551710727 
93000 0.07336956521739131 0.9278675065672506 
93100 0.07065217391304347 0.9278664697012081 
93200 0.07336956521739131 0.9278693711534164 
93300 0.07336956521739131 0.9278691500114403 
93400 0.07065217391304347 0.9278698603450387 
93500 0.07336956521739131 0.9278710050996897 
93600 0.06793478260869565 0.9278701732562314 
93700 0.07065217391304347 0.9278672551404259 
93800 0.07336956521739131 0.927867790646526 
93900 0.07608695652173914 0.9278708426960309 
94000 0.07065217391304347 0.9278726162950163 
94100 0.07336956521739131 0.9278685817689873 
94200 0.07608695652173914 0.9278696039874035 
94300 0.07880434782608696 0.9278679729524746 
94400 0.07608695652173914 0.9278665468724309 
94500 0.07608695652173914 0.9278672804474579 
94600 0.07608695652173914 0.9278645942248059 
94700 0.08152173913043478 0.9278641231463971 
94800 0.07336956521739131 0.9278643983300489 
94900 0.07880434782608696 0.9278635848433356 
95000 0.07608695652173914 0.9278610854439518 
95100 0.07336956521739131 0.9278623344608913 
95200 0.07065217391304347 0.9278606693937723 
95300 0.07608695652173914 0.9278622583913759 
95400 0.06793478260869565 0.9278627331861894 
95500 0.06793478260869565 0.927865227225028 
95600 0.08152173913043478 0.9278651578594548 
95700 0.06793478260869565 0.9278654009794092 
95800 0.0625 0.9278635729499056 
95900 0.07336956521739131 0.9278633638494045 
96000 0.07065217391304347 0.927865759324065 
96100 0.07065217391304347 0.9278679518785263 
96200 0.07336956521739131 0.9278655356109017 
96300 0.07336956521739131 0.9278661436537523 
96400 0.06793478260869565 0.9278654819564834 
96500 0.0625 0.9278671588444904 
96600 0.08152173913043478 0.9278666943766448 
96700 0.07608695652173914 0.9278661746674981 
96800 0.07608695652173914 0.9278664981901462 
96900 0.07065217391304347 0.927867101474701 
97000 0.07336956521739131 0.9278688801056735 
97100 0.06521739130434782 0.9278699274578733 
97200 0.0625 0.9278739639912454 
97300 0.07065217391304347 0.9278749760380496 
97400 0.07065217391304347 0.9278774646541884 
97500 0.07880434782608696 0.9278791120537002 
97600 0.06793478260869565 0.9278788349905538 
97700 0.07608695652173914 0.9278798100949526 
97800 0.07065217391304347 0.9278774768018287 
97900 0.06793478260869565 0.9278774520667062 
98000 0.07880434782608696 0.927878231499856 
98100 0.06793478260869565 0.9278783999453979 
98200 0.0625 0.927878042285056 
98300 0.07608695652173914 0.9278767731143431 
98400 0.06793478260869565 0.9278773015297211 
98500 0.07608695652173914 0.927878518558408 
98600 0.08152173913043478 0.9278779968718899 
98700 0.07065217391304347 0.927877063269259 
98800 0.07880434782608696 0.9278793769909915 
98900 0.07336956521739131 0.9278789384465713 
99000 0.07336956521739131 0.9278788576136473 
99100 0.07065217391304347 0.9278810802593577 
99200 0.07608695652173914 0.927879956504646 
99300 0.07880434782608696 0.9278776856750425 
99400 0.07065217391304347 0.927878125843367 
99500 0.07608695652173914 0.9278795209836214 
99600 0.07336956521739131 0.9278810497362738 
99700 0.06793478260869565 0.9278818940370839 
99800 0.06793478260869565 0.9278834718045432 
99900 0.07880434782608696 0.9278849104091311 
