0 0.0 1.0 
100 0.10454545454545454 0.9801417641764176 
200 0.11761363636363636 0.9785306422433289 
300 0.1568181818181818 0.9763855330715796 
400 0.13068181818181818 0.9752748809793698 
500 0.15681818181818183 0.974273044819452 
600 0.11761363636363636 0.9737889502344578 
700 0.10454545454545454 0.973130916872001 
800 0.1568181818181818 0.9727755078878675 
900 0.16988636363636364 0.9721395419231157 
1000 0.14375 0.9719399918263555 
1100 0.13068181818181815 0.9715676864007927 
1200 0.13068181818181818 0.9716476799636666 
1300 0.1568181818181818 0.9717393962686046 
1400 0.16988636363636364 0.9712684932840179 
1500 0.16988636363636364 0.9711423444976076 
1600 0.1568181818181818 0.9707302964056556 
1700 0.14375 0.9709896584896585 
1800 0.1568181818181818 0.9708053606582202 
1900 0.13068181818181818 0.9705657309549998 
2000 0.16988636363636364 0.9705048044159739 
2100 0.11761363636363634 0.9703536735753537 
2200 0.13068181818181815 0.97045893395564 
2300 0.20909090909090908 0.970252558176287 
2400 0.2221590909090909 0.9699190204838893 
2500 0.14375 0.9698211624441133 
2600 0.1568181818181818 0.9698083778966132 
2700 0.14375 0.9697229140722291 
2800 0.19602272727272727 0.9696161679270391 
2900 0.11761363636363636 0.9696783632603178 
3000 0.1568181818181818 0.9697865862894187 
3100 0.14375000000000002 0.9699739453548709 
3200 0.10454545454545454 0.9700253471926387 
3300 0.14375000000000002 0.9701812123048112 
3400 0.11761363636363636 0.9701742134666275 
3500 0.10454545454545454 0.9701205499727351 
3600 0.13068181818181815 0.9702773535129131 
3700 0.14375 0.9702928876716367 
3800 0.14375 0.9701611119083495 
3900 0.13068181818181818 0.9700674069585887 
4000 0.14375 0.9699847765331394 
4100 0.11761363636363636 0.9699421981334929 
4200 0.11761363636363636 0.9700686795351756 
4300 0.11761363636363636 0.9701258692481664 
4400 0.19602272727272727 0.970018435892669 
4500 0.19602272727272727 0.9699599583930844 
4600 0.15681818181818183 0.9699373653948746 
4700 0.1568181818181818 0.9698976039914138 
4800 0.18295454545454548 0.9697985504913749 
4900 0.1568181818181818 0.9697087560980134 
5000 0.13068181818181818 0.969791837087128 
5100 0.11761363636363636 0.9698560665466665 
5200 0.13068181818181818 0.9698703046616909 
5300 0.14375 0.9698556018589974 
5400 0.1568181818181818 0.9699135050748178 
5500 0.14375 0.9698143725934127 
5600 0.14375 0.9697263881449741 
5700 0.09147727272727271 0.9696923187319609 
5800 0.16988636363636364 0.9697363111375782 
5900 0.13068181818181818 0.969705153980065 
6000 0.14375 0.9697072268258321 
6100 0.14375000000000002 0.9696947966801269 
6200 0.10454545454545454 0.9697162114614944 
6300 0.18295454545454548 0.9696986228737141 
6400 0.14375 0.9696540668361477 
6500 0.1568181818181818 0.9696113185384067 
6600 0.18295454545454548 0.9695844982165237 
6700 0.18295454545454543 0.9695224423763075 
6800 0.14375 0.9695486793385999 
6900 0.19602272727272727 0.9695226976327541 
7000 0.14375 0.9695380367739673 
7100 0.14375000000000002 0.9695373410915236 
7200 0.14375 0.969498791203242 
7300 0.11761363636363636 0.9694542933097583 
7400 0.14375 0.9693637837638648 
7500 0.1568181818181818 0.9693366642023488 
7600 0.18295454545454543 0.9693162382940044 
7700 0.15681818181818183 0.9693583182821593 
7800 0.13068181818181818 0.9694069670555057 
7900 0.14375000000000002 0.9693691678843874 
8000 0.14375 0.9693049732419812 
8100 0.11761363636363636 0.9692518319848279 
8200 0.14375 0.9692488305195597 
8300 0.14375 0.9692537728203612 
8400 0.15681818181818183 0.9691977280843189 
8500 0.11761363636363636 0.9691470121162217 
8600 0.13068181818181818 0.9691605627252645 
8700 0.13068181818181818 0.9691346214123768 
8800 0.18295454545454548 0.9690892563861545 
8900 0.18295454545454548 0.9691084249982127 
9000 0.13068181818181818 0.9690791932209553 
9100 0.13068181818181818 0.9690702695008541 
9200 0.15681818181818177 0.9690843880605863 
9300 0.13068181818181818 0.9690954540567486 
9400 0.11761363636363638 0.9690911750200656 
9500 0.16988636363636364 0.9690819028618997 
9600 0.14375 0.9690426423383928 
9700 0.14375 0.969146807733036 
9800 0.14375 0.9691262371186614 
9900 0.11761363636363638 0.9691034996465003 
10000 0.1698863636363636 0.9691238262537383 
10100 0.2090909090909091 0.969046719046719 
10200 0.10454545454545454 0.9690524436106978 
10300 0.14375 0.9690668822973939 
10400 0.20909090909090908 0.9690837747244583 
10500 0.14375 0.9690743738691553 
10600 0.16988636363636364 0.9690415676908697 
10700 0.14375 0.9690523825300948 
10800 0.14375 0.9690843019585729 
10900 0.1568181818181818 0.9690424043665719 
11000 0.15681818181818183 0.9690361310128831 
11100 0.0784090909090909 0.9690141039709772 
11200 0.14375 0.9690464934137374 
11300 0.10454545454545454 0.9690750416294616 
11400 0.1698863636363636 0.9690726889985727 
11500 0.1568181818181818 0.9690619788002625 
11600 0.0784090909090909 0.9690632077172031 
11700 0.10454545454545454 0.9691030195554382 
11800 0.14375 0.9690802878800718 
11900 0.14375 0.9691154677605396 
12000 0.11761363636363638 0.9691405924506291 
12100 0.13068181818181815 0.9691481639383672 
12200 0.11761363636363636 0.9691556113135287 
12300 0.16988636363636364 0.9691262166416625 
12400 0.11761363636363636 0.9691243283166313 
12500 0.20909090909090908 0.9691151980568827 
12600 0.16988636363636364 0.9690893038792016 
12700 0.13068181818181818 0.969065606859875 
12800 0.16988636363636364 0.9690371757178061 
12900 0.11761363636363636 0.9690190947142927 
13000 0.14375 0.9690218322366811 
13100 0.19602272727272727 0.9689761711458529 
13200 0.1568181818181818 0.968964343266006 
13300 0.11761363636363636 0.9689802458461769 
13400 0.1568181818181818 0.9689810716296613 
13500 0.1568181818181818 0.9689999814828532 
13600 0.1568181818181818 0.9689582483908269 
13700 0.10454545454545454 0.9689791222936613 
13800 0.09147727272727271 0.9690005170903294 
13900 0.1698863636363636 0.9690103638717947 
14000 0.14375 0.9690245339618598 
14100 0.09147727272727274 0.9690356825112338 
14200 0.15681818181818183 0.9690330706544353 
14300 0.16988636363636364 0.9690175830043671 
14400 0.1698863636363636 0.9690285475756103 
14500 0.14375 0.9690135006363197 
14600 0.14375 0.9690132525169509 
14700 0.15681818181818177 0.9690431541453581 
14800 0.14375 0.9690227472345234 
14900 0.1568181818181818 0.969010430965585 
15000 0.16988636363636364 0.968995627564223 
15100 0.16988636363636364 0.9689528011389974 
15200 0.13068181818181815 0.9689299747026212 
15300 0.14375 0.9689206290735602 
15400 0.1568181818181818 0.9689241327304603 
15500 0.14375 0.9689019330131194 
15600 0.10454545454545454 0.9688838419448637 
15700 0.11761363636363636 0.9689094064651353 
15800 0.14375 0.9689312313374873 
15900 0.15681818181818183 0.9689397393531568 
16000 0.18295454545454548 0.9689188459812171 
16100 0.15681818181818183 0.9689040347578637 
16200 0.11761363636363636 0.9688874774845548 
16300 0.13068181818181818 0.9688725175811858 
16400 0.13068181818181818 0.968914381606443 
16500 0.10454545454545454 0.9689667568356739 
16600 0.1568181818181818 0.9689803393552414 
16700 0.13068181818181818 0.9689997128642269 
16800 0.10454545454545454 0.9690257885082598 
16900 0.14375 0.9690478575770126 
17000 0.18295454545454548 0.969048612113726 
17100 0.1568181818181818 0.9690305856648468 
17200 0.14375 0.9690117778564671 
17300 0.16988636363636364 0.9689981136140318 
17400 0.1568181818181818 0.9689702394324256 
17500 0.18295454545454548 0.968929372867005 
17600 0.14375 0.9689110833062171 
17700 0.14375 0.9689265436980962 
17800 0.06534090909090909 0.9689528422815878 
17900 0.14375 0.9689598029058814 
18000 0.1568181818181818 0.9689395412376081 
18100 0.18295454545454548 0.9689202881809644 
18200 0.11761363636363636 0.9689220060336345 
18300 0.18295454545454548 0.9689075609380511 
18400 0.1568181818181818 0.9688556019682725 
18500 0.14375000000000002 0.9688410577315231 
18600 0.09147727272727271 0.9688587429317095 
18700 0.09147727272727271 0.9688689472123513 
18800 0.23522727272727273 0.9688764741720701 
18900 0.1568181818181818 0.9688613757809832 
19000 0.1568181818181818 0.968829092727177 
19100 0.14375 0.9688448903198785 
19200 0.20909090909090908 0.9688554928483838 
19300 0.13068181818181818 0.9688219757808121 
19400 0.16988636363636364 0.9688265834469638 
19500 0.13068181818181818 0.9688132251959107 
19600 0.16988636363636364 0.9688376868527115 
19700 0.13068181818181815 0.9688499314755596 
19800 0.14375 0.9688554526630886 
19900 0.1568181818181818 0.9688453583876553 
20000 0.14375 0.9688181784092613 
20100 0.16988636363636364 0.9688069566869129 
20200 0.13068181818181818 0.9687899395169456 
20300 0.11761363636363634 0.9687964598698676 
20400 0.14375 0.9688251968486393 
20500 0.1568181818181818 0.9688191485116026 
20600 0.13068181818181818 0.9688317755978306 
20700 0.1568181818181818 0.9688372816859967 
20800 0.10454545454545454 0.968826755488154 
20900 0.14375 0.9688667571364572 
21000 0.09147727272727274 0.9688540264316418 
21100 0.10454545454545454 0.968883960691221 
21200 0.11761363636363636 0.9689028926594372 
21300 0.18295454545454548 0.9689059092402832 
21400 0.1568181818181818 0.9688873926876824 
21500 0.16988636363636364 0.9689007593727141 
21600 0.13068181818181818 0.968897036542921 
21700 0.10454545454545455 0.9688862788057525 
21800 0.13068181818181818 0.9688993363523775 
21900 0.1568181818181818 0.9689099397702886 
22000 0.18295454545454548 0.9689194137869767 
22100 0.11761363636363636 0.968902965106474 
22200 0.20909090909090908 0.9688865366424936 
22300 0.11761363636363636 0.9688963703217548 
22400 0.14375 0.9689289439188997 
22500 0.10454545454545454 0.9689348402697254 
22600 0.20909090909090908 0.968948226345576 
22700 0.1568181818181818 0.9689404701835321 
22800 0.14375 0.968939011845573 
22900 0.14375 0.9689549334884145 
23000 0.11761363636363636 0.9689703461509579 
23100 0.13068181818181818 0.9689807062661593 
23200 0.1568181818181818 0.9689779976176576 
23300 0.1568181818181818 0.9689912840260465 
23400 0.15681818181818177 0.9690099199334916 
23500 0.1568181818181818 0.9690195726680876 
23600 0.13068181818181815 0.9690446716433433 
23700 0.13068181818181818 0.9690592504727457 
23800 0.10454545454545454 0.9690842105564701 
23900 0.10454545454545454 0.9690948172575511 
24000 0.18295454545454543 0.969082017415941 
24100 0.1568181818181818 0.9690769856776973 
24200 0.16988636363636364 0.9690797431360838 
24300 0.14375 0.9690748790734388 
24400 0.11761363636363636 0.9690794853787661 
24500 0.16988636363636364 0.969095301304956 
24600 0.18295454545454548 0.9690790008536239 
24700 0.11761363636363636 0.9690632924320326 
24800 0.14375000000000002 0.9690694748378914 
24900 0.16988636363636364 0.9690562126019036 
