0 0.0 1.0 
100 0.078125 0.980069100660066 
200 0.09375 0.9758628731343284 
300 0.0859375 0.9753080011074197 
400 0.0625 0.9740557460515378 
500 0.09375 0.9743013972055888 
600 0.0703125 0.9736636855241264 
700 0.078125 0.9733565145030908 
800 0.078125 0.9732755930087391 
900 0.09375 0.9735305678875323 
1000 0.0703125 0.9734900516150516 
1100 0.078125 0.9732960566151984 
1200 0.0625 0.9732688037746322 
1300 0.0625 0.9733898603638227 
1400 0.0859375 0.9734880591244349 
1500 0.078125 0.9733719187208527 
1600 0.078125 0.9731759447220487 
1700 0.078125 0.9729846413874191 
1800 0.078125 0.9729953266703684 
1900 0.109375 0.972962421094161 
2000 0.0703125 0.9730213018490754 
2100 0.078125 0.9730733380929716 
2200 0.078125 0.973136027184613 
2300 0.046875 0.9730416123424598 
2400 0.09375 0.9729116774260724 
2500 0.0703125 0.9728941756630681 
2600 0.0703125 0.9729821462898885 
2700 0.0859375 0.9730848142663211 
2800 0.0703125 0.9730760219564442 
2900 0.078125 0.9731611944157187 
3000 0.0703125 0.9731304842830167 
3100 0.0703125 0.9731756557024616 
3200 0.09375 0.9731480396751016 
3300 0.078125 0.9731765311016863 
3400 0.0859375 0.9731719531020289 
3500 0.0703125 0.9731133366657145 
3600 0.078125 0.9731664526057576 
3700 0.078125 0.9731568889038998 
3800 0.078125 0.9731074059458037 
3900 0.1015625 0.9730604599248056 
4000 0.0703125 0.9730425466550029 
4100 0.0625 0.9730540823376412 
4200 0.046875 0.9732367789415218 
4300 0.09375 0.9732123827791986 
4400 0.0703125 0.9732802204044535 
4500 0.078125 0.9733028077093979 
4600 0.0703125 0.9733957291893067 
4700 0.078125 0.9733445454867758 
4800 0.078125 0.9733470240574881 
4900 0.0703125 0.9733153948173842 
5000 0.0859375 0.9733318961207759 
5100 0.078125 0.9732578987780174 
5200 0.1015625 0.9732278047490868 
5300 0.078125 0.9731958985725964 
5400 0.078125 0.973172888508301 
5500 0.078125 0.9731246780888323 
5600 0.078125 0.9731042261798488 
5700 0.0859375 0.9730867757118634 
5800 0.0859375 0.9731211034017123 
5900 0.0859375 0.9731057236061684 
6000 0.078125 0.9731568176137311 
6100 0.0703125 0.9731601376823471 
6200 0.0625 0.9731839286674192 
6300 0.0859375 0.973233828625086 
6400 0.0703125 0.9732679301411238 
6500 0.0859375 0.9732849593652259 
6600 0.0703125 0.9732738568651215 
6700 0.0859375 0.9733027253395016 
6800 0.0859375 0.9732648844532666 
6900 0.1015625 0.9732473856445926 
7000 0.0625 0.973194305575394 
7100 0.078125 0.9731716923672722 
7200 0.09375 0.9731207760496228 
7300 0.0625 0.973110133315071 
7400 0.0859375 0.9731173715263703 
7500 0.0859375 0.9730980313735946 
7600 0.0625 0.9731220261588388 
7700 0.0703125 0.9731122581482924 
7800 0.078125 0.9731294465453147 
7900 0.09375 0.9730908271104923 
8000 0.078125 0.973092556138816 
8100 0.0703125 0.9731196380076533 
8200 0.09375 0.9730841386213064 
8300 0.0703125 0.9730818074127615 
8400 0.0625 0.9730959607983176 
8500 0.0703125 0.9731388831706074 
8600 0.0859375 0.9731487133279076 
8700 0.0859375 0.97313826475884 
8800 0.0859375 0.9730774556868538 
8900 0.078125 0.9730741864210014 
9000 0.0859375 0.9731062868014665 
9100 0.078125 0.973117938047101 
9200 0.046875 0.9731641488244032 
9300 0.09375 0.9731385290112174 
9400 0.09375 0.9731250886430521 
9500 0.0546875 0.9731291991193909 
9600 0.0625 0.9731150509495539 
9700 0.0859375 0.9731390449438202 
9800 0.078125 0.9731298677005747 
9900 0.0625 0.9731424435242232 
10000 0.0703125 0.9731513827783889 
10100 0.078125 0.9731472543972544 
10200 0.078125 0.9731595452243245 
10300 0.078125 0.9731574402161602 
10400 0.1015625 0.9731708990321444 
10500 0.078125 0.9731712059168968 
10600 0.0703125 0.973194107081093 
10700 0.09375 0.9731966249260193 
10800 0.0859375 0.9732019893991297 
10900 0.078125 0.9731991331070544 
11000 0.1171875 0.9731754973032755 
11100 0.0625 0.9731579174548839 
11200 0.09375 0.9731392565395947 
11300 0.0703125 0.9731400521340294 
11400 0.0703125 0.9731294129900886 
11500 0.0703125 0.9731323182042141 
11600 0.0859375 0.973138989454932 
11700 0.0703125 0.9731451015582714 
11800 0.0703125 0.9731581716238736 
11900 0.0703125 0.9731804312662802 
12000 0.0859375 0.9731962440629948 
12100 0.078125 0.9731969465333443 
12200 0.09375 0.9732187679288583 
12300 0.0859375 0.9731887905454841 
12400 0.09375 0.9731773563287907 
12500 0.09375 0.9731873533450657 
12600 0.09375 0.9731841718911197 
12700 0.0625 0.9732091305146576 
12800 0.078125 0.9732162038122022 
12900 0.09375 0.9732104504172803 
13000 0.0859375 0.9732033833935851 
13100 0.09375 0.9732013936595171 
13200 0.0703125 0.9732286300911547 
13300 0.0625 0.9732513454502167 
13400 0.078125 0.9732624508743128 
13500 0.0703125 0.9732569963953287 
13600 0.1015625 0.9732472183417886 
13700 0.078125 0.9732387234508431 
13800 0.0625 0.9732512967055528 
13900 0.078125 0.9732696838356952 
14000 0.078125 0.9732606525129157 
14100 0.0859375 0.9732641228163488 
14200 0.09375 0.9732629597680914 
14300 0.0625 0.9732507050788989 
14400 0.078125 0.9732259623174316 
14500 0.0859375 0.9732211356113372 
14600 0.0625 0.9732408097048147 
14700 0.0703125 0.9732518904609664 
14800 0.09375 0.9732404764317726 
14900 0.0625 0.9732353323602443 
15000 0.109375 0.9732224448925627 
15100 0.0859375 0.9732133495574244 
15200 0.09375 0.9732132822950245 
15300 0.1171875 0.9732101523865543 
15400 0.0859375 0.9731723995195117 
15500 0.1015625 0.9731741097348559 
15600 0.0546875 0.9731664503343803 
15700 0.0625 0.973204997558542 
15800 0.09375 0.9732025135539945 
15900 0.09375 0.9731972766387859 
16000 0.0859375 0.9731880364248068 
16100 0.078125 0.9731824692565679 
16200 0.0703125 0.9732018856860688 
16300 0.0546875 0.9732109993251947 
16400 0.0625 0.9732263530679024 
16500 0.0859375 0.9732236872007757 
16600 0.0859375 0.9732276419091219 
16700 0.078125 0.9732342000479013 
16800 0.078125 0.9732513751661608 
16900 0.0703125 0.9732456967536438 
17000 0.0625 0.9732598450091171 
17100 0.0859375 0.973268650225133 
17200 0.078125 0.9732569145689204 
17300 0.109375 0.9732240910930005 
17400 0.078125 0.9732079573970844 
17500 0.0703125 0.9732122450145706 
17600 0.0546875 0.9732281724049769 
17700 0.0546875 0.973263633881325 
17800 0.078125 0.9732574422317098 
17900 0.0625 0.9732591754650578 
18000 0.1015625 0.9732565494046627 
18100 0.1015625 0.9732444570281569 
18200 0.078125 0.9732476638188378 
18300 0.0859375 0.9732289219168352 
18400 0.109375 0.9732074117348695 
18500 0.0859375 0.973186556357314 
18600 0.078125 0.9731760053222945 
18700 0.0703125 0.9731682129297898 
18800 0.09375 0.9731618885520273 
18900 0.0859375 0.9731560444332751 
19000 0.0703125 0.9731446426065294 
19100 0.0859375 0.9731450851177076 
19200 0.0703125 0.9731346728903009 
19300 0.0859375 0.9731433928293871 
19400 0.078125 0.973143969168256 
19500 0.078125 0.9731436048151377 
19600 0.0859375 0.9731189310069214 
19700 0.0703125 0.9731257032214947 
19800 0.078125 0.9731364840580442 
19900 0.0546875 0.9731440160042208 
20000 0.0703125 0.9731521236438178 
20100 0.0703125 0.9731540615723927 
20200 0.0703125 0.9731535309720641 
20300 0.0859375 0.9731535187100799 
20400 0.1015625 0.9731430393526461 
20500 0.1015625 0.9731270730696063 
20600 0.0859375 0.9731180879164442 
20700 0.09375 0.9731093153712381 
20800 0.09375 0.9731036318366104 
20900 0.078125 0.9731024881185908 
21000 0.0703125 0.973107059386061 
21100 0.09375 0.9731120809835236 
21200 0.0859375 0.9731157040548402 
21300 0.0703125 0.9731140361172402 
21400 0.1015625 0.9731222401990561 
21500 0.0703125 0.973103358564718 
21600 0.0859375 0.9731045437711217 
21700 0.0625 0.9731012779749013 
21800 0.0859375 0.9731065232099445 
21900 0.1015625 0.9730919821012739 
22000 0.0859375 0.9730859771525536 
22100 0.0703125 0.9730948731580773 
22200 0.0703125 0.9730879708871972 
22300 0.0625 0.973090355626803 
22400 0.109375 0.9730956253813073 
22500 0.078125 0.9730890432647438 
22600 0.109375 0.9730858608763624 
22700 0.0859375 0.9730817887978503 
22800 0.0859375 0.973069757539874 
22900 0.078125 0.9730555570717436 
23000 0.046875 0.9730688792516268 
23100 0.0703125 0.9730736313723792 
23200 0.0859375 0.9730713834173814 
23300 0.078125 0.9730728429037381 
23400 0.078125 0.9730829701009929 
23500 0.0703125 0.9730856975944286 
23600 0.078125 0.9730834366128553 
23700 0.046875 0.9730885563900258 
23800 0.09375 0.9730895848213661 
23900 0.0859375 0.9730814523102241 
24000 0.09375 0.9730840208046887 
24100 0.0390625 0.9730957524238275 
24200 0.0859375 0.9731151347051775 
24300 0.09375 0.9731244984774289 
24400 0.09375 0.9731270619032006 
24500 0.0859375 0.973111003972627 
24600 0.0859375 0.9731028040865547 
24700 0.0859375 0.9730967791452437 
24800 0.1015625 0.9730917478125882 
24900 0.0859375 0.973071069769621 
25000 0.1015625 0.9730512862818821 
25100 0.0859375 0.9730362253163884 
25200 0.0859375 0.9730281040434904 
25300 0.0859375 0.9730323982583033 
25400 0.09375 0.9730427074721467 
25500 0.1015625 0.9730311842346052 
25600 0.0859375 0.9730197510188404 
25700 0.078125 0.973022693669507 
25800 0.0859375 0.973023695786985 
25900 0.0703125 0.9730269021144615 
26000 0.0625 0.9730350915990411 
26100 0.1015625 0.9730302478832229 
26200 0.0859375 0.9730231551276669 
26300 0.0859375 0.9730302753063889 
26400 0.0859375 0.973025110317791 
26500 0.0625 0.9730337416512584 
26600 0.125 0.9730281129782088 
26700 0.0859375 0.9730079943947169 
26800 0.078125 0.9730103743019539 
26900 0.0859375 0.9730129301265132 
27000 0.078125 0.9730183604310951 
27100 0.0703125 0.9730157750944 
27200 0.078125 0.9730106238434861 
27300 0.0625 0.9730216307705456 
27400 0.0546875 0.9730380696264127 
27500 0.1015625 0.9730427416275772 
27600 0.0859375 0.9730399260896344 
27700 0.0625 0.9730264137576261 
27800 0.09375 0.9730267683716413 
27900 0.0546875 0.973031880577757 
28000 0.0625 0.9730481165851219 
28100 0.09375 0.9730407911047056 
28200 0.0703125 0.9730396122182429 
28300 0.0859375 0.9730192101574738 
28400 0.0859375 0.9730180238665305 
28500 0.0703125 0.9730155667052618 
28600 0.1015625 0.9730116699008193 
28700 0.0859375 0.9730101593440414 
28800 0.1015625 0.9730059466974527 
28900 0.0859375 0.9729977985190824 
29000 0.0703125 0.9730010207981334 
29100 0.0703125 0.973001625803237 
29200 0.0859375 0.973000710592103 
29300 0.0703125 0.9729985573586795 
29400 0.078125 0.9730014674954367 
29500 0.078125 0.9730076240353435 
29600 0.0859375 0.9729996628773803 
29700 0.078125 0.9730006109502486 
29800 0.09375 0.9729983194076262 
29900 0.078125 0.9730004849336142 
30000 0.0703125 0.9730008131673389 
30100 0.0859375 0.9730047728203935 
30200 0.078125 0.9729975828614946 
30300 0.09375 0.9729931905437664 
30400 0.09375 0.9729859146628949 
30500 0.0859375 0.9729807356042971 
30600 0.09375 0.9729881001982505 
30700 0.09375 0.9729828629360607 
30800 0.078125 0.9729774060366005 
30900 0.1015625 0.9729820131225526 
31000 0.078125 0.9729854984516628 
31100 0.09375 0.9729872029838269 
31200 0.09375 0.9729843895227717 
31300 0.078125 0.9729848387431711 
31400 0.078125 0.9729784846289397 
31500 0.0703125 0.9729791977503359 
31600 0.078125 0.9729705118772612 
31700 0.0859375 0.9729634416106747 
31800 0.078125 0.9729596913881114 
31900 0.0703125 0.9729643728514258 
32000 0.09375 0.9729638168859307 
32100 0.0859375 0.9729619663977238 
32200 0.078125 0.9729646562477355 
32300 0.0703125 0.9729788583686779 
32400 0.046875 0.9729979559530055 
32500 0.0703125 0.972997225085382 
32600 0.0859375 0.9729846764669795 
32700 0.0859375 0.9729861408417684 
32800 0.0859375 0.9729860878225257 
32900 0.0703125 0.9729851644580205 
33000 0.0703125 0.9729861405714978 
33100 0.0859375 0.9729839638530557 
33200 0.1015625 0.9729691719877915 
33300 0.0859375 0.9729626018487934 
33400 0.0625 0.9729602032873267 
33500 0.0859375 0.9729550983552729 
33600 0.078125 0.9729552164866125 
33700 0.078125 0.9729540975539797 
33800 0.078125 0.9729541409031291 
33900 0.09375 0.972962710662419 
34000 0.0859375 0.9729700811495741 
34100 0.09375 0.9729659534666627 
34200 0.078125 0.9729616976355467 
34300 0.078125 0.9729607312226077 
34400 0.0703125 0.972963101242212 
34500 0.1015625 0.9729560224099785 
34600 0.09375 0.9729522207932333 
34700 0.1015625 0.9729432629222982 
34800 0.078125 0.9729339075505493 
34900 0.0859375 0.9729401258798698 
35000 0.078125 0.9729377523737417 
35100 0.09375 0.972940585738298 
35200 0.0859375 0.9729408876878498 
35300 0.0859375 0.9729445075918529 
35400 0.078125 0.9729374405619426 
35500 0.078125 0.9729308534736111 
35600 0.078125 0.9729328617875902 
35700 0.078125 0.9729313575483414 
35800 0.0625 0.9729354626965727 
35900 0.0703125 0.9729467987196271 
36000 0.0546875 0.972950042475672 
36100 0.078125 0.9729575242606391 
36200 0.0859375 0.972956835906927 
36300 0.0859375 0.9729541426774285 
36400 0.078125 0.9729550412992317 
36500 0.078125 0.9729574332438381 
36600 0.078125 0.9729614485715327 
36700 0.0859375 0.9729597655150177 
36800 0.078125 0.9729537750332872 
36900 0.046875 0.97294929902532 
37000 0.078125 0.9729596272172825 
37100 0.0859375 0.9729581777894576 
37200 0.0703125 0.9729665365178355 
37300 0.0625 0.972969893568537 
37400 0.078125 0.9729672446369526 
37500 0.078125 0.9729650264881825 
37600 0.0859375 0.9729723084714059 
37700 0.078125 0.9729838344252584 
37800 0.078125 0.9729848967840357 
37900 0.0703125 0.9729904196679068 
38000 0.0703125 0.972989129123795 
38100 0.109375 0.9729818306387409 
38200 0.1015625 0.9729723207507657 
38300 0.0703125 0.9729692517819378 
38400 0.0546875 0.9729768457635651 
38500 0.078125 0.9729863618260998 
38600 0.0625 0.9729830104790032 
38700 0.078125 0.9729868764157688 
38800 0.0859375 0.972983943712791 
38900 0.0703125 0.9729817624654036 
39000 0.0625 0.9729813952420023 
39100 0.0859375 0.9729819623112793 
39200 0.0859375 0.9729917604142752 
39300 0.078125 0.9729912380304149 
39400 0.078125 0.9729961379998816 
39500 0.078125 0.9729960027383273 
39600 0.0625 0.9730010632096833 
39700 0.0859375 0.9730046551094431 
39800 0.109375 0.9729974984925002 
39900 0.0703125 0.9729924662498016 
40000 0.0625 0.9729981359841003 
40100 0.078125 0.9729903997614358 
40200 0.0859375 0.9729887912199531 
40300 0.09375 0.972986156774439 
40400 0.078125 0.9729855335676509 
40500 0.078125 0.9729863280124771 
40600 0.09375 0.9729862847179462 
40700 0.0859375 0.9729863056190265 
40800 0.078125 0.9729882411991536 
40900 0.0703125 0.972990676674572 
41000 0.0546875 0.9729949421965318 
41100 0.09375 0.9730003274453988 
41200 0.09375 0.972997406515214 
41300 0.109375 0.9729876899671517 
41400 0.09375 0.9729914182829722 
41500 0.078125 0.9729832689774544 
41600 0.0625 0.972985675424469 
41700 0.0703125 0.9729911303086257 
41800 0.078125 0.9729903914778754 
41900 0.0703125 0.9729999731509987 
42000 0.078125 0.972999030777045 
42100 0.078125 0.9729980928798208 
42200 0.078125 0.9730009236550476 
42300 0.09375 0.9729962303885645 
42400 0.09375 0.9729888568862369 
42500 0.0859375 0.9729872777503275 
42600 0.0703125 0.9729837498924125 
42700 0.0859375 0.9729825560291329 
42800 0.09375 0.9729785080956053 
42900 0.0859375 0.9729801242978019 
43000 0.078125 0.9729748896343496 
43100 0.1015625 0.9729690750601301 
43200 0.0859375 0.9729773929808724 
43300 0.0859375 0.9729715393408929 
43400 0.0625 0.9729745930393309 
43500 0.1015625 0.9729694312582853 
43600 0.0703125 0.9729666822435266 
43700 0.078125 0.9729648396680473 
43800 0.0859375 0.9729649675045471 
43900 0.09375 0.9729591628512638 
44000 0.0625 0.9729578234017409 
44100 0.078125 0.9729609187811312 
44200 0.1015625 0.972949860203012 
44300 0.0625 0.9729469636689917 
44400 0.0703125 0.9729516461716328 
44500 0.0703125 0.9729518016449069 
44600 0.0703125 0.9729607730207843 
44700 0.0625 0.972969820772093 
44800 0.1015625 0.9729695858723392 
44900 0.078125 0.9729688880351588 
45000 0.09375 0.9729709710154589 
45100 0.0703125 0.9729766824275885 
45200 0.0859375 0.9729768953304868 
45300 0.0546875 0.972980096557839 
45400 0.078125 0.972980587799094 
45500 0.078125 0.9729854266023458 
45600 0.078125 0.9729863608619694 
45700 0.0546875 0.9729936161134329 
45800 0.078125 0.973000953399853 
45900 0.046875 0.9730014505856808 
46000 0.078125 0.9730018323877018 
46100 0.078125 0.9730013652089976 
46200 0.09375 0.972994981620167 
46300 0.0546875 0.9729959936070495 
46400 0.078125 0.9729973379704461 
46500 0.0859375 0.9729948683899271 
46600 0.09375 0.9729960976338133 
46700 0.1015625 0.9729957044995468 
46800 0.0625 0.9729908615734707 
46900 0.0703125 0.9729922580719672 
47000 0.078125 0.9729957540797004 
47100 0.0703125 0.9729894490916683 
47200 0.046875 0.9729943155335692 
47300 0.078125 0.9729970142456467 
47400 0.0859375 0.972998163277146 
47500 0.0546875 0.9729920159575588 
47600 0.0859375 0.9729940459934315 
47700 0.0546875 0.9729924097503198 
47800 0.09375 0.9729915430639526 
47900 0.0859375 0.9729874180601658 
48000 0.0625 0.9729936181885099 
48100 0.0859375 0.9729962734662481 
48200 0.0703125 0.9730011328430254 
48300 0.0625 0.9730031684989269 
48400 0.0703125 0.9730100381018298 
48500 0.078125 0.9730027581046439 
48600 0.0703125 0.9730087429613931 
48700 0.09375 0.973007858753756 
48800 0.0625 0.9730059642732731 
48900 0.0859375 0.9730053023796378 
49000 0.0703125 0.9730090010918144 
49100 0.0703125 0.9730088130418254 
49200 0.078125 0.9730078318191364 
49300 0.078125 0.9730102351710243 
49400 0.09375 0.9730087806083547 
49500 0.09375 0.9730045436792523 
49600 0.0859375 0.9729951261063285 
49700 0.0703125 0.9729903049402091 
49800 0.0859375 0.9729886406230129 
49900 0.0625 0.9729965331356085 
50000 0.0859375 0.9729977796277408 
50100 0.09375 0.9729971499238206 
50200 0.078125 0.9729944477367649 
50300 0.0703125 0.9729951214521911 
50400 0.1015625 0.972996567528422 
50500 0.0625 0.972998987643809 
50600 0.09375 0.9730043831478956 
50700 0.109375 0.9730048264991487 
50800 0.078125 0.9730040378142163 
50900 0.078125 0.9730037638422296 
51000 0.0703125 0.9730051248995117 
51100 0.0703125 0.9730081623484211 
51200 0.1015625 0.9730036604102784 
51300 0.078125 0.9730008004229938 
51400 0.078125 0.9729937971375395 
51500 0.078125 0.9729961250752412 
51600 0.078125 0.9729964757627436 
51700 0.0703125 0.9729992428418535 
51800 0.078125 0.972997675800982 
51900 0.09375 0.9730003295537016 
52000 0.09375 0.9729965128875727 
52100 0.0625 0.9729988088040536 
52200 0.09375 0.9729979031372323 
52300 0.09375 0.9729991419858129 
52400 0.0859375 0.972995853689179 
52500 0.0859375 0.9729929747369891 
52600 0.0859375 0.9729931267149547 
52700 0.0859375 0.9729954029177182 
52800 0.0859375 0.9729945139927906 
52900 0.09375 0.9729968774219769 
53000 0.0859375 0.9729907808343239 
53100 0.09375 0.9729886795917214 
53200 0.078125 0.9729888868786928 
53300 0.0703125 0.9729913408441367 
53400 0.0703125 0.9729954924377197 
53500 0.078125 0.9730023543173648 
53600 0.09375 0.9730071986374632 
53700 0.0859375 0.9730006288678671 
53800 0.0859375 0.9729986334671599 
53900 0.0859375 0.9729950994261084 
54000 0.09375 0.9729892154774912 
54100 0.09375 0.9729916325483817 
54200 0.109375 0.9729911579122157 
54300 0.09375 0.9729861769734136 
54400 0.078125 0.9729816451750274 
54500 0.0703125 0.9729805225286386 
54600 0.0703125 0.9729824564415792 
54700 0.0625 0.9729936190989805 
54800 0.078125 0.9729977555154103 
54900 0.078125 0.9729980347200718 
55000 0.0703125 0.9729905952467531 
55100 0.09375 0.9729861602632741 
55200 0.0859375 0.9729762217471906 
55300 0.0546875 0.9729735711530232 
55400 0.0859375 0.9729725283237968 
55500 0.0703125 0.972970926199528 
55600 0.0859375 0.9729693298381924 
55700 0.0859375 0.9729716196746917 
55800 0.078125 0.9729658275986691 
55900 0.0703125 0.9729656464851553 
56000 0.078125 0.9729623038725499 
56100 0.0625 0.9729631509093718 
56200 0.09375 0.9729594076024745 
56300 0.0703125 0.9729618756771639 
56400 0.09375 0.9729618416931142 
56500 0.109375 0.9729518061627228 
56600 0.0546875 0.9729548266962303 
56700 0.078125 0.9729550808921653 
56800 0.0703125 0.9729528584443936 
56900 0.0703125 0.9729516506739776 
57000 0.1015625 0.9729533710665895 
57100 0.09375 0.9729512088959329 
57200 0.0625 0.9729490542851815 
57300 0.078125 0.9729517700389173 
57400 0.0703125 0.9729478979750643 
57500 0.0859375 0.9729463491214646 
57600 0.0859375 0.972946794905181 
57700 0.09375 0.9729399277453308 
57800 0.0859375 0.9729350667231824 
57900 0.078125 0.9729337306350495 
58000 0.078125 0.9729300644241766 
58100 0.0703125 0.9729316101128495 
58200 0.0703125 0.9729337769110497 
58300 0.0625 0.9729402243672207 
58400 0.0703125 0.9729415663544574 
58500 0.1015625 0.9729456191632052 
58600 0.0703125 0.9729410814235252 
58700 0.078125 0.9729421932760941 
58800 0.0625 0.9729432127713248 
58900 0.1015625 0.9729414434106948 
59000 0.09375 0.9729302787240894 
59100 0.0703125 0.9729247037557176 
59200 0.0546875 0.9729247781569005 
59300 0.046875 0.9729391244807564 
59400 0.0625 0.9729414540580125 
59500 0.109375 0.9729445198400027 
59600 0.0859375 0.9729433370804741 
59700 0.078125 0.9729475235618611 
59800 0.0625 0.9729483429067518 
59900 0.0703125 0.9729525505278154 
60000 0.0859375 0.9729530549490841 
60100 0.0859375 0.9729532977127391 
60200 0.0703125 0.9729516363238706 
60300 0.0546875 0.9729536944522755 
60400 0.0546875 0.9729620836161653 
60500 0.09375 0.9729638594127921 
60600 0.078125 0.9729653715147715 
60700 0.1015625 0.9729646906558377 
60800 0.0625 0.972967866825107 
60900 0.0703125 0.9729717167342627 
61000 0.078125 0.9729747429003897 
61100 0.09375 0.972973156126741 
61200 0.0703125 0.9729749786223537 
61300 0.0859375 0.9729715274492532 
61400 0.0625 0.97296817234247 
61500 0.0703125 0.9729739319956857 
61600 0.0625 0.9729739235834917 
61700 0.0703125 0.9729773761095174 
61800 0.0703125 0.9729817023591851 
61900 0.0859375 0.9729836166486271 
62000 0.1015625 0.9729816185760445 
62100 0.09375 0.9729781592352243 
62200 0.09375 0.9729745016827168 
62300 0.0859375 0.9729735310562163 
62400 0.078125 0.9729756934985017 
62500 0.0546875 0.9729811406350831 
62600 0.09375 0.972981786433124 
62700 0.078125 0.9729794397883075 
62800 0.078125 0.9729773079515719 
62900 0.0859375 0.9729714153988013 
63000 0.09375 0.9729722378745311 
63100 0.078125 0.9729667434615404 
63200 0.0859375 0.9729599890956366 
63300 0.09375 0.9729600029357093 
63400 0.0546875 0.972959482763153 
63500 0.078125 0.9729580620121467 
63600 0.0625 0.9729588158336084 
63700 0.078125 0.9729593628828432 
63800 0.0625 0.9729567653067088 
63900 0.0859375 0.9729595960287528 
64000 0.078125 0.9729619296313079 
64100 0.0859375 0.972957999550189 
64200 0.078125 0.9729466181731333 
64300 0.0859375 0.9729456806011312 
64400 0.0546875 0.9729421984260079 
64500 0.078125 0.9729423607127539 
64600 0.0546875 0.9729442558938716 
64700 0.0625 0.9729469099524479 
64800 0.078125 0.9729485913283231 
64900 0.0859375 0.9729475791333467 
65000 0.078125 0.9729439258626791 
65100 0.078125 0.9729440840002458 
65200 0.0703125 0.972940886642843 
65300 0.1015625 0.9729337111351026 
65400 0.0625 0.9729301014128224 
65500 0.09375 0.9729253894978702 
65600 0.1015625 0.9729197392189144 
65700 0.0859375 0.9729196949057092 
65800 0.0859375 0.9729227376863574 
65900 0.0703125 0.9729201994279297 
66000 0.078125 0.972925954720383 
66100 0.1015625 0.9729272801596547 
66200 0.0703125 0.9729215995604296 
66300 0.0859375 0.9729232025157991 
66400 0.0859375 0.9729258987690949 
66500 0.0859375 0.9729280386761101 
66600 0.0703125 0.9729287645205528 
66700 0.09375 0.9729295662733692 
66800 0.109375 0.9729243231139254 
66900 0.0859375 0.972920886209972 
67000 0.0703125 0.9729210353825565 
67100 0.078125 0.9729227364967239 
67200 0.09375 0.9729215261553648 
67300 0.078125 0.9729199711618945 
67400 0.09375 0.9729173775858914 
67500 0.0703125 0.9729189197197079 
67600 0.0703125 0.9729227301248009 
67700 0.0625 0.972925144507959 
67800 0.09375 0.9729277438140047 
67900 0.0859375 0.972927305623874 
68000 0.0859375 0.9729310046911075 
68100 0.0546875 0.9729323220290451 
68200 0.078125 0.9729320699720923 
68300 0.0703125 0.972934945132575 
68400 0.078125 0.9729400581375516 
68500 0.0703125 0.9729392636603845 
68600 0.0703125 0.9729377122782467 
68700 0.09375 0.9729387051013328 
68800 0.0703125 0.972939392232671 
68900 0.0859375 0.972941589200447 
69000 0.0859375 0.9729377412404651 
69100 0.0703125 0.9729368816418479 
69200 0.0859375 0.9729425724820933 
69300 0.0546875 0.9729452406891675 
69400 0.0703125 0.9729453496107164 
69500 0.078125 0.9729465073644025 
69600 0.09375 0.9729447807861956 
69700 0.078125 0.9729427602664715 
69800 0.0859375 0.9729416782472076 
69900 0.0703125 0.9729415679556325 
70000 0.0859375 0.9729394118774494 
70100 0.0703125 0.9729398252164734 
70200 0.09375 0.9729384196806313 
70300 0.125 0.972930498558579 
70400 0.0703125 0.9729265209301005 
70500 0.0703125 0.9729286862952299 
70600 0.046875 0.9729321734111415 
70700 0.09375 0.9729335879855542 
70800 0.078125 0.9729302905326196 
70900 0.0703125 0.9729348992491879 
71000 0.0546875 0.9729350202814044 
71100 0.0859375 0.9729330899002827 
71200 0.078125 0.9729274708805588 
71300 0.0859375 0.9729239129418474 
71400 0.078125 0.9729245228241434 
71500 0.0703125 0.972924220465448 
71600 0.078125 0.9729258829602008 
71700 0.0625 0.9729309548797552 
71800 0.0859375 0.9729263287883642 
71900 0.078125 0.9729229470035188 
72000 0.0703125 0.9729213106993885 
72100 0.0859375 0.9729174395986186 
72200 0.0859375 0.9729150219526045 
72300 0.1015625 0.9729112783133474 
72400 0.0625 0.9729133719377725 
72500 0.046875 0.9729154597867615 
72600 0.0546875 0.9729161429709416 
72700 0.0859375 0.9729157138485027 
72800 0.0703125 0.9729149639656964 
72900 0.0703125 0.9729147876915268 
73000 0.0703125 0.9729147545924028 
73100 0.0859375 0.9729155053168447 
73200 0.0546875 0.9729121628005992 
73300 0.1015625 0.9729183861748134 
73400 0.0703125 0.9729161486787192 
73500 0.09375 0.9729184523566573 
73600 0.0703125 0.9729213158901826 
73700 0.0859375 0.9729229349556542 
73800 0.0859375 0.9729157986228733 
73900 0.078125 0.9729143197769088 
74000 0.09375 0.9729105223240226 
74100 0.078125 0.9729120066418357 
74200 0.09375 0.9729117672493183 
74300 0.0703125 0.9729100564483205 
74400 0.09375 0.9729110103806848 
74500 0.0859375 0.972909200323933 
74600 0.0859375 0.9729084074498554 
74700 0.0859375 0.9729121137936574 
74800 0.078125 0.9729168894800871 
74900 0.109375 0.9729174802405842 
75000 0.0703125 0.9729119931178696 
75100 0.0625 0.9729136984416541 
75200 0.078125 0.9729133214651401 
75300 0.109375 0.9729152971629416 
75400 0.0703125 0.9729145391528848 
75500 0.0625 0.9729110238054242 
75600 0.0859375 0.9729126157943238 
75700 0.078125 0.9729162332179672 
75800 0.0625 0.9729181920423213 
75900 0.09375 0.9729179498623206 
76000 0.0859375 0.9729152755117257 
76100 0.1015625 0.972917672730976 
76200 0.0625 0.9729186966597114 
76300 0.078125 0.9729153492418186 
76400 0.0703125 0.9729207705614673 
76500 0.078125 0.9729229438177279 
76600 0.0859375 0.9729225956580201 
76700 0.078125 0.9729262547641708 
76800 0.0859375 0.9729300399734379 
76900 0.078125 0.9729347973910178 
77000 0.0625 0.9729436346605889 
77100 0.0859375 0.9729435321310143 
77200 0.0859375 0.9729461284504086 
77300 0.078125 0.9729470673083143 
77400 0.078125 0.9729412410692369 
77500 0.0625 0.9729404701229661 
77600 0.0703125 0.9729413119676292 
77700 0.078125 0.9729439279524502 
77800 0.078125 0.9729447966607113 
77900 0.078125 0.9729476688895735 
78000 0.0703125 0.9729463604633274 
78100 0.109375 0.9729443218289991 
78200 0.09375 0.9729424216122556 
78300 0.078125 0.9729436525395588 
78400 0.0703125 0.9729451792706726 
78500 0.0859375 0.9729463372016492 
78600 0.0859375 0.9729481216842025 
78700 0.078125 0.972947486107758 
78800 0.078125 0.9729470173813362 
78900 0.0625 0.9729480350903875 
79000 0.0546875 0.9729540277443746 
79100 0.1015625 0.9729513796707163 
79200 0.0546875 0.9729518290488757 
79300 0.09375 0.9729521130986158 
79400 0.078125 0.9729545938758118 
79500 0.0625 0.9729543823872236 
79600 0.0859375 0.9729565269280537 
79700 0.078125 0.9729572610966822 
79800 0.0703125 0.9729557743637298 
79900 0.0625 0.9729595387312633 
80000 0.0859375 0.9729550255621805 
80100 0.0859375 0.972952799434464 
80200 0.0703125 0.9729539882607449 
80300 0.09375 0.9729558875875353 
80400 0.0859375 0.9729547375550884 
80500 0.078125 0.9729564047858619 
80600 0.078125 0.9729580678796376 
80700 0.1171875 0.972954692837346 
80800 0.09375 0.9729526153244803 
80900 0.0859375 0.9729511545489755 
81000 0.046875 0.9729551949975926 
81100 0.09375 0.9729553080418244 
81200 0.0703125 0.9729562225732031 
81300 0.0859375 0.9729552770466128 
81400 0.1171875 0.972953917949411 
81500 0.078125 0.9729521148513515 
81600 0.078125 0.9729529011592996 
81700 0.0703125 0.9729519324528871 
81800 0.0703125 0.9729555185755675 
81900 0.1015625 0.9729569973708094 
82000 0.0859375 0.9729537406556018 
82100 0.078125 0.9729574383482946 
82200 0.0625 0.9729602399909977 
82300 0.0546875 0.9729595542075228 
82400 0.0703125 0.9729605134747555 
82500 0.078125 0.972960839111041 
82600 0.0625 0.9729603442553157 
82700 0.1015625 0.9729595986848204 
82800 0.0625 0.972958288798847 
82900 0.0546875 0.9729606259775716 
83000 0.109375 0.9729593180102247 
83100 0.0859375 0.9729577311544586 
83200 0.0703125 0.9729579321963278 
83300 0.0703125 0.9729583515904171 
83400 0.078125 0.9729580205872831 
83500 0.0703125 0.9729594992375341 
83600 0.0859375 0.972960756300762 
83700 0.078125 0.972963223756785 
83800 0.09375 0.9729603092445197 
83900 0.0703125 0.9729571223326698 
84000 0.078125 0.9729556480974433 
84100 0.078125 0.9729574596318712 
84200 0.0625 0.9729599782069096 
84300 0.09375 0.9729617185244935 
84400 0.0703125 0.9729599681382132 
84500 0.0859375 0.9729579445312284 
84600 0.0625 0.9729593117004133 
84700 0.0859375 0.9729535734524976 
84800 0.0859375 0.9729529464569994 
84900 0.078125 0.9729542533362386 
85000 0.1015625 0.9729516049811179 
85100 0.0625 0.9729517475313647 
85200 0.078125 0.9729525010465448 
85300 0.09375 0.9729525506246507 
85400 0.09375 0.9729491848260949 
85500 0.078125 0.9729487203853366 
85600 0.0625 0.9729503561582225 
85700 0.078125 0.972953264353197 
85800 0.0703125 0.9729527967817003 
85900 0.078125 0.972951360189831 
86000 0.1015625 0.9729531064076774 
86100 0.0703125 0.9729511888654022 
86200 0.0859375 0.9729521759705031 
86300 0.078125 0.9729537341205007 
86400 0.0625 0.9729543543091708 
86500 0.078125 0.9729556955988948 
86600 0.078125 0.9729550791849979 
86700 0.078125 0.972957197485227 
86800 0.0625 0.9729606309739135 
86900 0.0859375 0.9729598012393413 
87000 0.0859375 0.9729577461753314 
87100 0.09375 0.9729539617321653 
87200 0.0703125 0.9729512312072109 
87300 0.09375 0.9729504757009274 
87400 0.0859375 0.9729486790768984 
87500 0.078125 0.9729505472318412 
87600 0.078125 0.9729504788282478 
87700 0.0859375 0.9729513013914702 
87800 0.0859375 0.9729463384054092 
87900 0.0703125 0.9729442900725437 
88000 0.0703125 0.9729429862065961 
88100 0.078125 0.9729453210425156 
88200 0.078125 0.9729474143811673 
88300 0.0859375 0.9729496799300121 
88400 0.0859375 0.9729502022978624 
88500 0.0546875 0.972953195208717 
88600 0.078125 0.9729570631256984 
88700 0.0703125 0.9729589846318907 
88800 0.078125 0.9729567961884814 
88900 0.09375 0.9729558722624042 
89000 0.0625 0.9729570278704733 
89100 0.078125 0.9729613081877121 
89200 0.078125 0.972960031978341 
89300 0.0859375 0.9729580004236608 
89400 0.0859375 0.9729581289638818 
89500 0.0625 0.9729618360874925 
89600 0.078125 0.9729592280406096 
89700 0.0390625 0.9729626353570937 
89800 0.078125 0.972965397100255 
89900 0.078125 0.9729633152022781 
90000 0.078125 0.9729595597085958 
90100 0.0625 0.9729602346718312 
90200 0.0859375 0.9729629002172925 
90300 0.078125 0.9729588115949251 
90400 0.09375 0.9729559419051411 
90500 0.078125 0.9729546324073767 
90600 0.078125 0.9729517449218735 
90700 0.0703125 0.9729504716504412 
90800 0.1015625 0.9729466486694346 
90900 0.0703125 0.9729490507988544 
91000 0.0703125 0.9729535366827471 
91100 0.078125 0.9729489797038452 
91200 0.0703125 0.9729460317503829 
91300 0.078125 0.9729471119794234 
91400 0.078125 0.9729479619114306 
91500 0.078125 0.9729480130909316 
91600 0.0546875 0.9729481494470584 
91700 0.109375 0.9729463828093478 
91800 0.078125 0.9729460100289394 
91900 0.0703125 0.9729431160977574 
92000 0.0703125 0.9729435402423162 
92100 0.078125 0.972942889011339 
92200 0.0625 0.9729432559932466 
92300 0.0625 0.972946358923522 
92400 0.078125 0.972953541718524 
92500 0.078125 0.9729587664367593 
92600 0.0703125 0.9729575960752763 
92700 0.0859375 0.9729595183708913 
92800 0.0859375 0.9729557680323129 
92900 0.0625 0.9729580806001371 
93000 0.09375 0.9729592961366007 
93100 0.0703125 0.9729615999470109 
93200 0.078125 0.9729652120595987 
93300 0.078125 0.9729661090181241 
93400 0.046875 0.972967199226989 
93500 0.0703125 0.9729688441389218 
93600 0.0703125 0.9729668964986129 
93700 0.0859375 0.9729670652305382 
93800 0.0859375 0.9729632080148399 
93900 0.0625 0.9729662922918819 
94000 0.0703125 0.9729700071896398 
94100 0.09375 0.9729705593369535 
94200 0.0625 0.9729701980339911 
94300 0.09375 0.9729697822663599 
94400 0.0546875 0.9729674363442478 
94500 0.1015625 0.972969366726278 
94600 0.0703125 0.9729709076366353 
94700 0.09375 0.9729735727447439 
94800 0.0859375 0.9729699691107337 
94900 0.046875 0.9729711477838309 
95000 0.0625 0.9729727899794037 
95100 0.078125 0.9729721285352765 
95200 0.09375 0.9729708119750142 
95300 0.0625 0.972975947043228 
95400 0.09375 0.9729744927551424 
95500 0.078125 0.9729757683601917 
95600 0.0703125 0.9729736635425711 
95700 0.0546875 0.9729737128312835 
95800 0.0703125 0.9729763715931984 
95900 0.0859375 0.972975168837308 
96000 0.078125 0.9729776035319077 
96100 0.0859375 0.9729736108798729 
96200 0.09375 0.9729729290755813 
96300 0.0703125 0.9729757641405593 
96400 0.0625 0.9729749194337541 
96500 0.09375 0.972974616195687 
96600 0.0859375 0.9729761736852276 
96700 0.0625 0.9729778895340621 
96800 0.09375 0.9729796287400613 
96900 0.0859375 0.972976876313626 
97000 0.09375 0.9729763041532218 
97100 0.0546875 0.9729757063521488 
97200 0.078125 0.9729773066892315 
97300 0.078125 0.97297863609658 
97400 0.0546875 0.9729806846610062 
97500 0.078125 0.9729788294906377 
97600 0.0703125 0.9729774050300031 
97700 0.078125 0.9729796617997769 
97800 0.0703125 0.9729818074457316 
97900 0.0625 0.9729843477083993 
98000 0.078125 0.9729868296411941 
98100 0.09375 0.9729862537503865 
98200 0.078125 0.9729851221389463 
98300 0.0703125 0.9729863241048752 
98400 0.09375 0.9729857504835655 
98500 0.0859375 0.9729843320118577 
98600 0.0546875 0.9729881458267834 
98700 0.0625 0.9729922685264925 
98800 0.0546875 0.9729941688343235 
98900 0.09375 0.9729939324846733 
99000 0.078125 0.9729951170526897 
99100 0.078125 0.9729971401230395 
99200 0.0859375 0.9729977415382237 
99300 0.0859375 0.972996060168914 
99400 0.0703125 0.9729959017011901 
99500 0.0625 0.972997915850092 
99600 0.0703125 0.9729968407278374 
99700 0.0625 0.9729978051039274 
99800 0.078125 0.9730012203451536 
99900 0.0546875 0.9730023348114634 
