0 0.0171875 0.99609375 
100 0.275 0.9511525371287128 
200 0.24062500000000003 0.9447489116915423 
300 0.30937500000000007 0.9398878737541528 
400 0.240625 0.9358439837905237 
500 0.3265625 0.9364396207584831 
600 0.34375 0.9359725977537438 
700 0.37812500000000004 0.9343515959343794 
800 0.3265625 0.9330573111735331 
900 0.29218750000000004 0.9326616259711432 
1000 0.3609375 0.9322591471028971 
1100 0.41250000000000003 0.931252128746594 
1200 0.3265625 0.9304290695253955 
1300 0.34375 0.9295704025749424 
1400 0.275 0.9295397260885082 
1500 0.29218750000000004 0.9295677881412392 
1600 0.3609375 0.9288847790443473 
1700 0.29218750000000004 0.9288883377425045 
1800 0.275 0.9289045148528595 
1900 0.39531250000000007 0.9290340610205156 
2000 0.3265625 0.9285025456021989 
2100 0.275 0.9282874970252261 
2200 0.3953125 0.9282268713084961 
2300 0.34375 0.9280781453715776 
2400 0.275 0.9280556929404414 
2500 0.2578125 0.9281334341263494 
2600 0.30937500000000007 0.9280430002883506 
2700 0.2578125 0.9281573954091077 
2800 0.32656250000000003 0.9278508233666548 
2900 0.2578125 0.9277754438124785 
3000 0.34375 0.9275658113962013 
3100 0.309375 0.9276682420993227 
3200 0.309375 0.9278997286004373 
3300 0.29218750000000004 0.9278805191608603 
3400 0.240625 0.9281116767127315 
3500 0.34375 0.9283307447872037 
3600 0.29218750000000004 0.9283467266037212 
3700 0.3265625 0.9285708254525804 
3800 0.32656250000000003 0.9285179886871876 
3900 0.30937500000000007 0.9286240707510894 
4000 0.20625 0.9286115971007248 
4100 0.37812500000000004 0.9285702039136796 
4200 0.37812500000000004 0.9285298515234468 
4300 0.24062500000000003 0.9286739275749826 
4400 0.309375 0.9286401528061804 
4500 0.3609375 0.9285861822372806 
4600 0.309375 0.9285897427189741 
4700 0.39531250000000007 0.9286139252286747 
4800 0.34375 0.9285134281920433 
4900 0.3609375 0.9285708592634156 
5000 0.41250000000000003 0.9284971130773845 
5100 0.41250000000000003 0.9285472517643599 
5200 0.37812500000000004 0.9283979342914824 
5300 0.309375 0.9283817322203358 
5400 0.29218750000000004 0.9284312222273653 
5500 0.34375 0.9282772450463552 
5600 0.2921875 0.9281217918675236 
5700 0.37812500000000004 0.928024551613752 
5800 0.29218750000000004 0.9278794873728667 
5900 0.32656250000000003 0.9278743804016268 
6000 0.2578125 0.9277958881853025 
6100 0.39531250000000007 0.9277705499098509 
6200 0.29218750000000004 0.9277655569666183 
6300 0.309375 0.9277960591572766 
6400 0.29218750000000004 0.9276809775816278 
6500 0.275 0.9277082371942778 
6600 0.3609375 0.9277583415391607 
6700 0.275 0.9277480739814953 
6800 0.4125 0.927591071166005 
6900 0.41250000000000003 0.9274425807853934 
7000 0.3609375 0.9274238724825025 
7100 0.3609375 0.927435396423039 
7200 0.39531250000000007 0.9273668587696153 
7300 0.30937500000000007 0.927322669839748 
7400 0.34375 0.9272253116132955 
7500 0.275 0.9271841879416078 
7600 0.32656250000000003 0.9272027323707407 
7700 0.3609375 0.9271173183677445 
7800 0.2234375 0.9272268779643635 
7900 0.2578125 0.927385576192887 
8000 0.309375 0.9274441280777402 
8100 0.37812500000000004 0.9275349879644489 
8200 0.29218750000000004 0.9275726664431166 
8300 0.3265625 0.9275656735634261 
8400 0.3953125 0.927612784192358 
8500 0.240625 0.9276440823138454 
8600 0.309375 0.9276006242006744 
8700 0.2578125 0.9277458230375819 
8800 0.2234375 0.9278127130439723 
8900 0.29218750000000004 0.9278974097011572 
9000 0.3609375 0.927962431257638 
9100 0.24062500000000003 0.928074524777497 
9200 0.34375 0.9280810170090208 
9300 0.3265625 0.9280756101494463 
9400 0.41250000000000003 0.9280595149452185 
9500 0.39531250000000007 0.9280084004315335 
9600 0.3609375 0.9279262088584522 
9700 0.37812500000000004 0.9280011403463561 
9800 0.2578125 0.9279210986123865 
9900 0.275 0.9280296813453186 
10000 0.275 0.9279884511548845 
10100 0.32656250000000003 0.9279000841500842 
10200 0.2578125 0.9279038207038526 
10300 0.2578125 0.9279241699834967 
10400 0.34375 0.927898684621671 
10500 0.309375 0.9278000309494334 
10600 0.3609375 0.9278797401188568 
10700 0.2578125 0.9278995537800205 
10800 0.37812500000000004 0.9279070658966763 
10900 0.275 0.9279807328456104 
11000 0.275 0.9279639350968094 
11100 0.3609375 0.9279467362174579 
11200 0.4125 0.9278342893491652 
11300 0.32656250000000003 0.9278513793027166 
11400 0.3953125 0.9278102660950793 
11500 0.30937500000000007 0.9277338655334318 
11600 0.3609375 0.9277443081415395 
11700 0.3265625 0.9277328727245534 
11800 0.24062500000000003 0.9277544011100755 
11900 0.275 0.9278799444374423 
12000 0.4125 0.9278653862178152 
12100 0.34375 0.9278452581398231 
12200 0.41250000000000003 0.9279083809728711 
12300 0.2578125 0.927955234838631 
12400 0.34375 0.9279578637811466 
12500 0.309375 0.9279592007639389 
12600 0.309375 0.9279651664550432 
12700 0.3265625 0.9280051767577356 
12800 0.275 0.9280601246972893 
12900 0.3609375 0.9280884839353538 
13000 0.3953125 0.9281043886047227 
13100 0.3265625 0.9281069312457064 
13200 0.29218750000000004 0.9280771816529051 
13300 0.30937500000000007 0.928104266126607 
13400 0.34375000000000006 0.9281114165920453 
13500 0.240625 0.9280805588474927 
13600 0.2921875 0.9281179348025881 
13700 0.275 0.9281379438544631 
13800 0.41250000000000003 0.9280719014926455 
13900 0.29218750000000004 0.9280388438781383 
14000 0.30937500000000007 0.9280681960217128 
14100 0.29218750000000004 0.9280636125097511 
14200 0.30937500000000007 0.9280368129885219 
14300 0.4296875 0.9279688701839032 
14400 0.32656250000000003 0.9279224858516769 
14500 0.2578125 0.9279774886214743 
14600 0.4125000000000001 0.9279271325594137 
14700 0.34375 0.9279593012380111 
14800 0.3609375 0.9279744084014594 
14900 0.29218750000000004 0.9279630981142205 
15000 0.3265625 0.9279636565895607 
15100 0.275 0.9280143906032713 
15200 0.34375 0.9280156321952503 
15300 0.3265625 0.9280434081105811 
15400 0.3265625 0.9280444451658983 
15500 0.37812500000000004 0.9279751608767176 
15600 0.3609375 0.9280109247804628 
15700 0.275 0.9280031924718171 
15800 0.2578125 0.9280521703531422 
15900 0.275 0.9280575415854349 
16000 0.309375 0.9280267151271796 
16100 0.309375 0.9280224733712191 
16200 0.29218750000000004 0.9280163550861058 
16300 0.37812500000000004 0.9279916205294154 
16400 0.39531250000000007 0.9279440849643315 
16500 0.34375 0.9278791342191383 
16600 0.34375 0.9277992007258599 
16700 0.3609375 0.9277913279893419 
16800 0.2578125 0.927819121629665 
16900 0.309375 0.9278613783947696 
17000 0.37812500000000004 0.9278388035997882 
17100 0.3953125 0.927804614861704 
17200 0.30937500000000007 0.9277669630399396 
17300 0.29218750000000004 0.9277773864227501 
17400 0.41250000000000003 0.9278054242572266 
17500 0.29218750000000004 0.9278166247642992 
17600 0.29218750000000004 0.9278035072581103 
17700 0.3609375 0.9278106198096153 
17800 0.275 0.9278042666142352 
17900 0.2578125 0.9278086768895593 
18000 0.240625 0.9278944138520082 
18100 0.37812500000000004 0.9279248211424783 
18200 0.309375 0.9279493142547113 
18300 0.2921875 0.9279472860089613 
18400 0.4296875 0.9279495255013315 
18500 0.378125 0.9279411839224907 
18600 0.3265625 0.9279293619966669 
18700 0.378125 0.9278771439361532 
18800 0.34375 0.9278689049119727 
18900 0.309375 0.9278665397994815 
19000 0.29218750000000004 0.9279046990947845 
19100 0.2578125 0.9279213948222607 
19200 0.309375 0.9279385269647414 
19300 0.3609375 0.9279483980752292 
19400 0.275 0.9279881674913665 
19500 0.34375 0.9279986843623403 
19600 0.2578125 0.9279674426687414 
19700 0.309375 0.9279894580224354 
19800 0.309375 0.9280236793596283 
19900 0.37812500000000004 0.9280357692452641 
20000 0.3265625 0.9280215676716164 
20100 0.309375 0.9280428756653898 
20200 0.34375 0.9280104094475521 
20300 0.29218750000000004 0.928011935988375 
20400 0.240625 0.9280094266212441 
20500 0.37812500000000004 0.9280442874737818 
20600 0.29218750000000004 0.9280351985340517 
20700 0.275 0.9280494073353944 
20800 0.2578125 0.9280552166963126 
20900 0.29218750000000004 0.928071623367303 
21000 0.32656250000000003 0.9280629493833626 
21100 0.32656250000000003 0.9280643541775271 
21200 0.2578125 0.9281060961157492 
21300 0.309375 0.9281417612436036 
21400 0.34375 0.9281108359422456 
21500 0.3609375 0.9281121735616948 
21600 0.309375 0.9281382734016944 
21700 0.3609375 0.9281274120432238 
21800 0.32656250000000003 0.9280888778037705 
21900 0.32656250000000003 0.9280931450047943 
22000 0.39531250000000007 0.9280822817712832 
22100 0.29218750000000004 0.9280745215148636 
22200 0.39531250000000007 0.9280824906535742 
22300 0.34375 0.9280777767813102 
22400 0.34375 0.9281191408865676 
22500 0.39531250000000007 0.9281193405293098 
22600 0.309375 0.9281257604752002 
22700 0.2578125 0.9281507078432668 
22800 0.3265625 0.9281531648831192 
22900 0.34375 0.9281774335727697 
23000 0.30937500000000007 0.9281997929437851 
23100 0.3609375 0.9282195914137916 
23200 0.32656250000000003 0.9281910666566097 
23300 0.240625 0.9282241440817991 
23400 0.32656250000000003 0.9282212165078415 
23500 0.309375 0.9282337719671503 
23600 0.37812500000000004 0.9282417522032965 
23700 0.2234375 0.9282448855006118 
23800 0.34375 0.9282337139195832 
23900 0.32656250000000003 0.9281976303292749 
24000 0.32656250000000003 0.9282310177180118 
24100 0.2578125 0.9282511617775197 
24200 0.275 0.9282503176521631 
24300 0.49843750000000003 0.9282382283650878 
24400 0.3953125 0.9282499308429982 
24500 0.3609375 0.9282388984123097 
24600 0.34375 0.9282120772529572 
24700 0.34375 0.9281881616634954 
24800 0.34375 0.9281704240756421 
24900 0.37812500000000004 0.9281321219529336 
25000 0.3265625000000001 0.9281253749850006 
25100 0.29218750000000004 0.9281477829568543 
25200 0.34375 0.9281413373973255 
25300 0.30937500000000007 0.9281554768092171 
25400 0.37812500000000004 0.9281447457777253 
25500 0.275 0.9281353243500254 
25600 0.2578125 0.9281802956915746 
25700 0.3609375 0.9282118460857555 
25800 0.37812500000000004 0.928215597263672 
25900 0.3609375 0.9281911171383345 
26000 0.515625 0.9281665248451982 
26100 0.29218750000000004 0.9281400257652963 
26200 0.32656250000000003 0.9281368375729934 
26300 0.39531250000000007 0.9281305546842326 
26400 0.309375 0.9281213602230977 
26500 0.29218750000000004 0.9281306601637674 
26600 0.309375 0.9281447361001466 
26700 0.309375 0.9281200844537658 
26800 0.3609375 0.9281320543076751 
26900 0.3609375 0.9281208470410022 
27000 0.309375 0.9281247685270916 
27100 0.240625 0.9281452367993801 
27200 0.29218750000000004 0.9281825001838168 
27300 0.3265625 0.9281552472894766 
27400 0.3609375 0.9281518580526258 
27500 0.24062500000000003 0.9281602828078979 
27600 0.275 0.928130293060034 
27700 0.32656250000000003 0.9281775138984152 
27800 0.29218750000000004 0.9281712831822596 
27900 0.2578125 0.9281711172986631 
28000 0.3953125 0.9281229632423842 
28100 0.32656250000000003 0.9281289478132451 
28200 0.240625 0.9281258864933868 
28300 0.34375 0.9281552827196918 
28400 0.3609375 0.9281287685732896 
28500 0.32656250000000003 0.9281227248605312 
28600 0.41250000000000003 0.928098012307262 
28700 0.34375 0.928098786845406 
28800 0.275 0.9281246473646748 
28900 0.275 0.9281349207207363 
29000 0.2921875 0.9281443150667218 
29100 0.34375 0.9281786117745094 
29200 0.275 0.9281728097924729 
29300 0.3609375 0.9281538492713559 
29400 0.29218750000000004 0.9281473738138158 
29500 0.309375 0.9281552426188943 
29600 0.30937500000000007 0.9281775742373568 
29700 0.275 0.9282146171425204 
29800 0.42968750000000006 0.9282263755830341 
29900 0.275 0.928223293117287 
30000 0.3609375 0.9282223144645179 
30100 0.32656250000000003 0.9282116094564965 
30200 0.32656250000000003 0.9282144268815602 
30300 0.30937500000000007 0.9282030450727699 
30400 0.3609375 0.9281856990723989 
30500 0.3265625 0.9281728211779942 
30600 0.3953125 0.9281392203277671 
30700 0.34375 0.9281087647796489 
30800 0.24062500000000003 0.9280963889159443 
30900 0.4296875 0.9281020436231837 
31000 0.34375 0.92806633253766 
31100 0.37812500000000004 0.9280643859924118 
31200 0.29218750000000004 0.9280520606310695 
31300 0.34375 0.9280328254289001 
31400 0.24062500000000003 0.9280196838874558 
31500 0.25781250000000006 0.9280067497857211 
31600 0.275 0.9280448255197621 
31700 0.39531249999999996 0.9280427372164916 
31800 0.309375 0.928027641622905 
31900 0.275 0.9280252529309426 
32000 0.29218750000000004 0.9280353299506265 
32100 0.3953125 0.9280236840363228 
32200 0.3609375 0.9280172054051117 
32300 0.309375 0.9280131855437912 
32400 0.275 0.9280199202956699 
32500 0.275 0.928047526422264 
32600 0.34375 0.9280730460722064 
32700 0.32656250000000003 0.9280634097581114 
32800 0.309375 0.9280782455184293 
32900 0.275 0.9280997585559709 
33000 0.3265625 0.9280780553998363 
33100 0.309375 0.928082445583215 
33200 0.29218750000000004 0.9280804559727117 
33300 0.275 0.9280763668883817 
33400 0.275 0.9281075042663394 
33500 0.309375 0.9281179339795828 
33600 0.4296875 0.9281430658685753 
33700 0.275 0.9281190190943889 
33800 0.37812500000000004 0.9281072490458863 
33900 0.309375 0.9281011944706646 
34000 0.2921875 0.9280713940398811 
34100 0.32656250000000003 0.9280729258306208 
34200 0.29218750000000004 0.9280786746001579 
34300 0.37812500000000004 0.928043620266173 
34400 0.39531250000000007 0.9280159234106566 
34500 0.37812500000000004 0.9280084272919625 
34600 0.29218750000000004 0.9279984908311899 
34700 0.3265625 0.9279957034739633 
34800 0.309375 0.9280028097252953 
34900 0.309375 0.9279883858986848 
35000 0.309375 0.9280055168066627 
35100 0.3609375 0.9280089732130139 
35200 0.24062500000000003 0.9280160719865913 
35300 0.3265625 0.9280150526897255 
35400 0.3609375 0.9280067565181774 
35500 0.2234375 0.9280157821258556 
35600 0.34375 0.9280194903233056 
35700 0.30937499999999996 0.928010923188426 
35800 0.275 0.9280301178738024 
35900 0.37812500000000004 0.9280327758976074 
36000 0.29218750000000004 0.9280532137996167 
36100 0.29218750000000004 0.9280659642392177 
36200 0.3609375 0.9280724936811138 
36300 0.39531250000000007 0.9280535918431999 
36400 0.34375 0.9280562561811488 
36500 0.32656250000000003 0.9280567655680666 
36600 0.3265625 0.9280601537526297 
36700 0.32656250000000003 0.9280674615473693 
36800 0.275 0.9280775955476753 
36900 0.34375 0.9280853457562126 
37000 0.3609375 0.9280785907813303 
37100 0.34375 0.9280515518449638 
37200 0.3609375 0.9280222431856671 
37300 0.32656250000000003 0.9280183297699793 
37400 0.2234375 0.9280472321929895 
37500 0.34375 0.9280470229127223 
37600 0.29218750000000004 0.9280608394723544 
37700 0.309375 0.9280660866091085 
37800 0.29218750000000004 0.9280637623673977 
37900 0.30937500000000007 0.9280588737764175 
38000 0.3265625 0.9280456846530355 
38100 0.275 0.9280424070234377 
38200 0.309375 0.9280554051268292 
38300 0.34375 0.9280674174629905 
38400 0.3609375 0.9280585141011953 
38500 0.3265625 0.9280405257330978 
38600 0.309375 0.928054810756198 
38700 0.29218750000000004 0.9280651864615901 
38800 0.37812500000000004 0.92807117970542 
38900 0.29218750000000004 0.9280691089239351 
39000 0.3609375 0.9280916875528833 
39100 0.34375 0.9280966679240941 
39200 0.309375 0.9280815939006658 
39300 0.37812500000000004 0.9280774304407012 
39400 0.30937500000000007 0.9280801288355626 
39500 0.34375 0.928080736880079 
39600 0.2234375 0.9280843010593167 
39700 0.32656250000000003 0.9281010317750182 
39800 0.275 0.928090688676164 
39900 0.3265625 0.9281046762612466 
40000 0.32656250000000003 0.9281113675283118 
40100 0.24062500000000003 0.9281307861711678 
40200 0.32656250000000003 0.9281144475572747 
40300 0.3953125 0.9281161214982259 
40400 0.275 0.9281270691010124 
40500 0.3609375 0.928120891305153 
40600 0.34375 0.9281102220388661 
40700 0.29218750000000004 0.9281090106815557 
40800 0.3609375 0.9281023481348496 
40900 0.37812500000000004 0.928085117112051 
41000 0.3609375 0.9280814035023536 
41100 0.3609375 0.9280644023259774 
41200 0.2578125 0.9280642649753647 
41300 0.34375 0.9280741537735164 
41400 0.3609375 0.9280884293253786 
41500 0.3609375 0.9280770342883304 
41600 0.3265625 0.9280658818297637 
41700 0.309375 0.9280793251360878 
41800 0.275 0.9280970962118131 
41900 0.2578125 0.9281035953795852 
42000 0.29218750000000004 0.9281254092164473 
42100 0.32656250000000003 0.9281330164366642 
42200 0.32656250000000003 0.928129017233004 
42300 0.37812500000000004 0.9281073068603579 
42400 0.275 0.9281125076649136 
42500 0.29218750000000004 0.9281079415778453 
42600 0.309375 0.9281329223492406 
42700 0.275 0.9281492785590502 
42800 0.2921875 0.9281626378472465 
42900 0.37812500000000004 0.9281639159052236 
43000 0.42968750000000006 0.9281843554510361 
43100 0.32656250000000003 0.9281750640936405 
43200 0.3265625 0.9281544227853522 
43300 0.34375 0.9281659921248931 
43400 0.34375 0.9281711178889888 
43500 0.378125 0.9281733465897336 
43600 0.29218750000000004 0.9281674123013234 
43700 0.34375 0.9281435386203977 
43800 0.275 0.9281251248544554 
43900 0.32656250000000003 0.9281333995808752 
44000 0.34375 0.9281296518829117 
44100 0.3609375 0.9281264526314597 
44200 0.29218750000000004 0.9281321937003688 
44300 0.32656250000000003 0.9281471672479177 
44400 0.275 0.928162513231684 
44500 0.309375 0.9281644478494865 
44600 0.37812500000000004 0.9281576155803681 
44700 0.34375 0.9281362203865685 
44800 0.309375 0.928099051918484 
44900 0.29218750000000004 0.9281117242656065 
45000 0.34375000000000006 0.9281033338148041 
45100 0.3609375 0.9281050274661315 
45200 0.275 0.9281134543483551 
45300 0.41250000000000003 0.9280895082338139 
45400 0.3609375 0.9280903607574723 
45500 0.3609375 0.9280900076371947 
45600 0.3953125 0.9280624157090853 
45700 0.34375 0.9280608431708278 
45800 0.275 0.92807607912491 
45900 0.3609375 0.9280646118820941 
46000 0.2578125 0.928060836992674 
46100 0.34375 0.9280832608023687 
46200 0.39531250000000007 0.9280888468323196 
46300 0.3265625 0.928071292331699 
46400 0.20625000000000002 0.9280647574944505 
46500 0.37812500000000004 0.9280804277058557 
46600 0.309375 0.9280908336194502 
46700 0.275 0.9280960926960878 
46800 0.34375 0.9281058364137519 
46900 0.34375 0.9281091254717383 
47000 0.37812500000000004 0.9281078294876705 
47100 0.2578125 0.9280841469660941 
47200 0.34375 0.9280803439016122 
47300 0.309375 0.9280664818132809 
47400 0.39531250000000007 0.9280396576549018 
47500 0.29218750000000004 0.9280411530809878 
47600 0.2578125 0.9280374722957501 
47700 0.32656250000000003 0.9280384746913063 
47800 0.275 0.9280583499822179 
47900 0.309375 0.9280775714494478 
48000 0.29218750000000004 0.9280886563561176 
48100 0.34375 0.9281072476403817 
48200 0.275 0.92811060714508 
48300 0.37812500000000004 0.9281106369433345 
48400 0.275 0.9281189793341047 
48500 0.3609375 0.9281186695892868 
48600 0.3953125 0.9281067872831835 
48700 0.34375 0.9280963173240796 
48800 0.37812500000000004 0.9280731632036229 
48900 0.3609375 0.9280767839614732 
49000 0.34375 0.9280735342135875 
49100 0.4296875 0.9280772190230342 
49200 0.24062500000000003 0.9280785864362513 
49300 0.37812500000000004 0.928096032534837 
49400 0.275 0.9281082683042854 
49500 0.2578125 0.9281135892456718 
49600 0.275 0.9281147935525493 
49700 0.34375 0.9281067188034446 
49800 0.39531250000000007 0.928111618617096 
49900 0.32656250000000003 0.9281102363930582 
50000 0.37812500000000004 0.9281148752024959 
50100 0.2578125 0.9281063969531547 
50200 0.2578125 0.9281111805541722 
50300 0.29218750000000004 0.9281275161030595 
50400 0.32656250000000003 0.9281266585732426 
50500 0.275 0.9281187655937506 
50600 0.29218750000000004 0.9281256484555641 
50700 0.34375 0.9281187131417526 
50800 0.309375 0.9281084987254188 
50900 0.2578125 0.92810047322253 
51000 0.2921875 0.9280911771337816 
51100 0.2234375 0.9281102008766952 
51200 0.275 0.9281151124978028 
51300 0.34375 0.9281327209752247 
51400 0.446875 0.9281206226532558 
51500 0.32656250000000003 0.9281085713141493 
51600 0.446875 0.9281004274384217 
51700 0.37812500000000004 0.9280981327730605 
51800 0.309375 0.9280923027547731 
51900 0.37812500000000004 0.9280887531068766 
52000 0.32656250000000003 0.9280833391425165 
52100 0.3953125 0.928082594383985 
52200 0.29218750000000004 0.9280800565362732 
52300 0.30937500000000007 0.928071329300587 
52400 0.275 0.928072698994294 
52500 0.3609375 0.9280762955705606 
52600 0.29218750000000004 0.9280682193541948 
52700 0.275 0.9280746273789872 
52800 0.32656250000000003 0.9280858938514422 
52900 0.24062500000000003 0.9280985207037674 
53000 0.24062500000000003 0.9280979810522443 
53100 0.309375 0.9281068594517994 
53200 0.32656250000000003 0.9280883906082592 
53300 0.34375 0.9280966673936699 
53400 0.2921875 0.9280911610971705 
53500 0.32656250000000003 0.9280764757901722 
53600 0.37812500000000004 0.928073359755415 
53700 0.37812500000000004 0.9280586168088117 
53800 0.37812500000000004 0.9280554729465995 
53900 0.3609375 0.9280450211962672 
54000 0.3609375 0.928037429283717 
54100 0.3609375 0.9280231505656088 
54200 0.378125 0.9280259329855538 
54300 0.275 0.9280218711441778 
54400 0.3609375 0.9280036068960129 
54500 0.4296875 0.9279754471248234 
54600 0.32656250000000003 0.92795275613084 
54700 0.275 0.9279486435348531 
54800 0.3609375 0.9279387722167479 
54900 0.30937500000000007 0.9279174104296826 
55000 0.3609375 0.9279190662442501 
55100 0.275 0.9279022130950436 
55200 0.39531250000000007 0.9278977339631529 
55300 0.29218750000000004 0.9279115657944703 
55400 0.32656250000000003 0.9279080730717857 
55500 0.41250000000000003 0.9279083935424587 
55600 0.3609375 0.9278976828204528 
55700 0.39531250000000007 0.9278907273881977 
55800 0.3953125 0.9278810667595563 
55900 0.275 0.9278676672823384 
56000 0.41250000000000003 0.9278591983848503 
56100 0.309375 0.9278426827284718 
56200 0.4125 0.9278285890153201 
56300 0.32656250000000003 0.9278164880508339 
56400 0.30937500000000007 0.9278175891163277 
56500 0.37812500000000004 0.9278012640263004 
56600 0.34375 0.9278000416291231 
56700 0.29218750000000004 0.9278117063632034 
56800 0.275 0.927825324378092 
56900 0.37812500000000004 0.9278270867383701 
57000 0.32656250000000003 0.9278099287731795 
57100 0.25781250000000006 0.9278080178105462 
57200 0.2921875 0.927819634927711 
57300 0.2578125 0.9278341428378213 
57400 0.34375 0.9278285248732601 
57500 0.3609375 0.9278279535355907 
57600 0.378125 0.9278159911503272 
57700 0.32656250000000003 0.9278058303798894 
57800 0.30937500000000007 0.9278112483996817 
57900 0.275 0.9278196835978654 
58000 0.29218750000000004 0.927819738560542 
58100 0.309375 0.9278153560179687 
58200 0.2921875 0.927821458716345 
58300 0.4125 0.9278249274240579 
58400 0.3609375 0.9278260432184381 
58500 0.37812500000000004 0.9278180073844892 
58600 0.34375 0.9277895348415556 
58700 0.275 0.9277885757908724 
58800 0.309375 0.9277972525977449 
58900 0.39531250000000007 0.9278006607485442 
59000 0.24062500000000003 0.9277996877171574 
59100 0.34375 0.9277941574592646 
59200 0.3609375 0.9277875901589501 
59300 0.34375 0.9277879615225713 
59400 0.29218750000000004 0.9277858327300887 
59500 0.309375 0.9277881753037764 
59600 0.29218750000000004 0.9277888715164175 
59700 0.37812500000000004 0.9277830878042244 
59800 0.2578125 0.9277820265338372 
59900 0.3265625 0.9277819469833559 
60000 0.275 0.9277756178022033 
60100 0.32656250000000003 0.9277845834511905 
60200 0.41250000000000003 0.9277893016727297 
60300 0.29218750000000004 0.9277853238337672 
60400 0.39531250000000007 0.9277757327072399 
60500 0.3609375 0.9277739856572619 
60600 0.3609375 0.927781461939572 
60700 0.37812500000000004 0.9277768797054414 
60800 0.29218750000000004 0.9277661448824854 
60900 0.34375 0.9277716729815603 
61000 0.2578125 0.9277530414460419 
61100 0.34375 0.9277546731027315 
61200 0.37812500000000004 0.9277416831424323 
61300 0.446875 0.9277309021263928 
61400 0.34375 0.9277147486400873 
61500 0.3609375 0.9277186549812199 
61600 0.2921875 0.9277247680638301 
61700 0.32656250000000003 0.9277325706836194 
61800 0.4125 0.9277255576366078 
61900 0.3609375 0.9277265815576485 
62000 0.2578125 0.9277290512451412 
62100 0.240625 0.9277548494589459 
62200 0.275 0.9277478456937991 
62300 0.2578125 0.9277525265445178 
62400 0.29218750000000004 0.927759007768305 
62500 0.29218750000000004 0.9277689681965089 
62600 0.20625 0.9277986773374227 
62700 0.32656250000000003 0.9278232454426564 
62800 0.29218750000000004 0.9278242857398767 
62900 0.2578125 0.9278395439857872 
63000 0.20625000000000002 0.9278644882620911 
63100 0.29218750000000004 0.9278780868171661 
63200 0.275 0.9278924458275977 
63300 0.29218750000000004 0.9278862103284309 
63400 0.29218750000000004 0.9278883120928691 
63500 0.37812500000000004 0.9278974814373002 
63600 0.39531250000000007 0.9279052707504599 
63700 0.39531250000000007 0.9279026109283999 
63800 0.275 0.9279020411122083 
63900 0.32656250000000003 0.9279021455063301 
64000 0.34375 0.9278946202989016 
64100 0.446875 0.9278909577268686 
64200 0.3953125 0.9278831083238579 
64300 0.2578125 0.9278774095659477 
64400 0.275 0.9278828283916399 
64500 0.309375 0.92788544460551 
64600 0.309375 0.9278880527197721 
64700 0.41250000000000003 0.927873144348619 
64800 0.446875 0.9278720259911113 
64900 0.32656250000000003 0.9278458729449469 
65000 0.32656250000000003 0.9278354852233043 
65100 0.30937500000000007 0.9278397701264189 
65200 0.3609375 0.927826487994816 
65300 0.37812500000000004 0.9278130072663512 
65400 0.29218750000000004 0.9278149177764866 
65500 0.29218750000000004 0.927817836273492 
65600 0.275 0.9278237826976723 
65700 0.29218750000000004 0.9278413641915648 
65800 0.240625 0.9278406079504871 
65900 0.41250000000000003 0.9278270507086387 
66000 0.309375 0.9278227673633733 
66100 0.41250000000000003 0.9278137693643062 
66200 0.275 0.9277940594741771 
66300 0.2578125 0.9277935570353388 
66400 0.3609375 0.9278019391650728 
66500 0.34375 0.9277904420610217 
66600 0.275 0.9277878358620741 
66700 0.34375 0.9277640960217988 
66800 0.34375 0.9277624726800497 
66900 0.3609375 0.9277672185393342 
67000 0.2578125 0.927775973026522 
67100 0.3265625 0.9277842939188685 
67200 0.34375 0.9277840452523028 
67300 0.32656250000000003 0.9277902979710554 
67400 0.3953125 0.9277969957789943 
67500 0.29218750000000004 0.9277901901453312 
67600 0.34375 0.9277854848670878 
67700 0.309375 0.9277929101859648 
67800 0.37812500000000004 0.9277890789774487 
67900 0.30937500000000007 0.9277931980015022 
68000 0.34375 0.9277981665710798 
68100 0.275 0.9278109788218969 
68200 0.2578125 0.9278257008694887 
68300 0.34375 0.9278392931655466 
68400 0.29218750000000004 0.9278386829139925 
68500 0.2234375 0.9278295207369236 
68600 0.34375 0.9278264780214575 
68700 0.275 0.9278356687857527 
68800 0.30937500000000007 0.9278320014425663 
68900 0.275 0.9278494347868681 
69000 0.24062500000000003 0.9278521552223881 
69100 0.30937500000000007 0.9278537371926601 
69200 0.34375 0.9278379286426497 
69300 0.24062500000000003 0.9278323680394223 
69400 0.275 0.9278362230911659 
69500 0.275 0.9278337721759399 
69600 0.34375 0.9278519256188847 
69700 0.34375 0.9278635259895841 
69800 0.309375 0.9278703362953252 
69900 0.29218750000000004 0.927873215333114 
70000 0.3609375 0.9278706732760961 
70100 0.2234375 0.9278800075070256 
70200 0.309375 0.927886310380194 
70300 0.37812500000000004 0.9278928731454744 
70400 0.3265625 0.9278956997237255 
70500 0.29218750000000004 0.9278940303151728 
70600 0.3609375 0.9278837343840739 
70700 0.275 0.9278967279458565 
70800 0.41250000000000003 0.927896002086835 
70900 0.3609375 0.9278909809100012 
71000 0.37812500000000004 0.9278699089625498 
71100 0.34375 0.9278668614892899 
71200 0.18906250000000002 0.9278773186998778 
71300 0.3609375 0.927877282576682 
71400 0.34375 0.9278803649458691 
71500 0.275 0.9278807617201158 
71600 0.37812500000000004 0.927882084834709 
71700 0.3265625 0.9278755591797883 
71800 0.32656250000000003 0.9278604558954611 
71900 0.34375000000000006 0.9278429498546613 
72000 0.29218750000000004 0.9278361259739448 
72100 0.29218750000000004 0.9278407524687591 
72200 0.30937500000000007 0.9278422823091093 
72300 0.29218750000000004 0.9278415927857153 
72400 0.29218750000000004 0.927835294056712 
72500 0.3609375 0.9278285816747355 
72600 0.4296875 0.9278171530006474 
72700 0.309375 0.9278126332512621 
72800 0.34375 0.9278135988860043 
72900 0.34375 0.9278023449609745 
73000 0.39531250000000007 0.9278058369919591 
73100 0.39531250000000007 0.9277935557482114 
73200 0.30937500000000007 0.9277817883293944 
73300 0.309375 0.9277852941126314 
73400 0.34375 0.9277936331759785 
73500 0.37812500000000004 0.9277913735867539 
73600 0.34375 0.9277843435381313 
73700 0.41250000000000003 0.9277777035759353 
73800 0.275 0.927766953107004 
73900 0.3265625 0.9277758948627217 
74000 0.32656250000000003 0.9277637506587749 
74100 0.275 0.9277645544594539 
74200 0.41250000000000003 0.9277685147437366 
74300 0.37812500000000004 0.9277709397417262 
74400 0.3265625 0.9277719406493192 
74500 0.3609375 0.9277748788606864 
74600 0.275 0.9277796942232678 
74700 0.29218750000000004 0.9277744566672468 
74800 0.34375 0.9277765964024545 
74900 0.29218750000000004 0.9277857709676773 
75000 0.39531250000000007 0.9277773171357715 
75100 0.240625 0.9277789763951212 
75200 0.275 0.9277927342222843 
75300 0.3265625 0.9277877804577629 
75400 0.24062500000000003 0.9277910770414185 
75500 0.275 0.9277962791883552 
75600 0.37812500000000004 0.9278015192424703 
75700 0.24062500000000003 0.9278114411467484 
75800 0.30937500000000007 0.9278226251962375 
75900 0.275 0.9278284788737962 
76000 0.30937500000000007 0.9278175102136814 
76100 0.29218750000000004 0.9278105741054651 
76200 0.3265625 0.9278146263664518 
76300 0.3953125 0.9278046405027457 
76400 0.309375 0.9278015830944621 
76500 0.3953125 0.9277991974778107 
76600 0.275 0.9277786129587081 
76700 0.2578125 0.927773666167977 
76800 0.32656250000000003 0.9277690374311532 
76900 0.32656250000000003 0.9277652842615831 
77000 0.309375 0.9277753393624758 
77100 0.275 0.9277887628727254 
77200 0.3609375 0.9277989133074701 
77300 0.34375 0.9277904413429322 
77400 0.29218750000000004 0.9277980904639475 
77500 0.29218750000000004 0.9278026452884479 
77600 0.37812500000000004 0.9277985303024445 
77700 0.37812500000000004 0.9277972411873721 
77800 0.309375 0.9277939972654593 
77900 0.24062500000000003 0.9278078105544216 
78000 0.4125 0.9278021575845181 
78100 0.32656250000000003 0.9278024709190663 
78200 0.37812500000000004 0.9277995366107851 
78300 0.20625000000000002 0.9277914713732902 
78400 0.41250000000000003 0.927792444850831 
78500 0.37812500000000004 0.9277825182959453 
78600 0.3265625 0.9277874764634038 
78700 0.30937500000000007 0.9277901388641822 
78800 0.34375 0.9277821367273258 
78900 0.32656250000000003 0.9277731152013282 
79000 0.3609375 0.9277771207010038 
79100 0.4296875 0.9277624986567806 
79200 0.446875 0.9277397262976478 
79300 0.275 0.9277418869245029 
79400 0.275 0.927757275963149 
79500 0.32656250000000003 0.9277687446541553 
79600 0.4296875 0.9277708606832828 
79700 0.46406250000000004 0.9277696876450735 
79800 0.309375 0.927758825468979 
79900 0.29218750000000004 0.9277610926333838 
80000 0.2578125 0.927758715516056 
80100 0.32656250000000003 0.9277711206008664 
80200 0.2578125 0.9277738510118327 
80300 0.32656250000000003 0.9277750179792281 
80400 0.37812500000000004 0.9277788541964652 
80500 0.3609375 0.9277757904404914 
80600 0.34375 0.9277682755952159 
80700 0.3609375 0.9277678463556833 
80800 0.3609375 0.9277502076861672 
80900 0.309375 0.927744104291047 
81000 0.32656250000000003 0.9277397038308169 
81100 0.34375 0.9277300642100591 
81200 0.2578125 0.9277243449126242 
81300 0.378125 0.9277253181848931 
81400 0.29218750000000004 0.9277292643057211 
81500 0.37812500000000004 0.9277235670421222 
81600 0.34375 0.9277222399235303 
81700 0.29218750000000004 0.9277147005544608 
81800 0.34375 0.9277047442115622 
81900 0.3265625 0.9277028725992357 
82000 0.3265625 0.9277060550328654 
82100 0.34375 0.9277101812858553 
82200 0.34375 0.9277150103100935 
82300 0.3609375 0.927713230246291 
82400 0.275 0.9277094160720137 
82500 0.309375 0.9277178742530393 
82600 0.4125 0.9277141582729023 
82700 0.29218750000000004 0.9277142299518748 
82800 0.3265625 0.9277173207449185 
82900 0.3609375 0.9277192260949808 
83000 0.34375 0.9277248448060866 
83100 0.29218750000000004 0.9277161601545107 
83200 0.29218750000000004 0.9277139284684078 
83300 0.2578125 0.9277110456357066 
83400 0.37812500000000004 0.9277161788377837 
83500 0.34375 0.9277115693225231 
83600 0.3609375 0.9277051018378967 
83700 0.37812500000000004 0.9276942162429361 
83800 0.32656250000000003 0.9276836829214449 
83900 0.2234375 0.9276839761296052 
84000 0.29218750000000004 0.9276901279449055 
84100 0.41250000000000003 0.9276860467622263 
84200 0.3609375 0.9276761298856309 
84300 0.2578125 0.9276755502603765 
84400 0.3265625 0.9276812663653274 
84500 0.309375 0.9276922388492443 
84600 0.34375 0.9277027698401911 
84700 0.34375 0.9276978725162631 
84800 0.34375 0.9276984683258452 
84900 0.3609375 0.9276961181258171 
85000 0.3265625 0.927688442635969 
85100 0.275 0.927691663802423 
85200 0.309375 0.9276909345254164 
85300 0.275 0.9276898864022696 
85400 0.2578125 0.9276872855704266 
85500 0.34375 0.9276946961877639 
85600 0.3609375 0.9276959290049182 
85700 0.30937500000000007 0.9277059103015134 
85800 0.2234375 0.9276987047062388 
85900 0.29218750000000004 0.9277143437649155 
86000 0.29218750000000004 0.9277260856705155 
86100 0.32656250000000003 0.9277319477996772 
86200 0.3609375 0.9277318146686233 
86300 0.3265625 0.9277301881641 
86400 0.3265625 0.927730283431326 
86500 0.3265625 0.927727668972035 
86600 0.309375 0.9277352094664034 
86700 0.3609375 0.9277385875739611 
86800 0.29218750000000004 0.9277362425980116 
86900 0.29218750000000004 0.927735970745446 
87000 0.3609375 0.9277387526436478 
87100 0.29218750000000004 0.927728432724653 
87200 0.29218750000000004 0.9277323367851286 
87300 0.3265625 0.9277322943752077 
87400 0.29218750000000004 0.9277261290631686 
87500 0.37812500000000004 0.9277240402966823 
87600 0.3953125 0.9277196821383318 
87700 0.34375 0.9277303440810253 
87800 0.2578125 0.9277343527550939 
87900 0.3265625 0.9277403965114163 
88000 0.34375000000000006 0.9277431417682753 
88100 0.34375000000000006 0.927740382841852 
88200 0.4125000000000001 0.9277444505306063 
88300 0.37812500000000004 0.9277396614279566 
88400 0.3265625 0.927734618033167 
88500 0.37812500000000004 0.9277314839662829 
88600 0.41250000000000003 0.9277148660144919 
88700 0.2921875 0.9277070491736282 
88800 0.3609375 0.9277041766843842 
88900 0.3953125 0.927701969747247 
89000 0.3265625 0.9276911214480736 
89100 0.39531250000000007 0.927695554062244 
89200 0.34375 0.9276896857238147 
89300 0.34375 0.9276931476831166 
89400 0.24062500000000003 0.927693150104585 
89500 0.34375 0.9276924105596586 
89600 0.42968750000000006 0.9276836509916184 
89700 0.309375 0.9276886719490307 
89800 0.39531250000000007 0.927685547418737 
89900 0.3265625 0.9276834726532519 
90000 0.34375 0.927686350359996 
90100 0.34375 0.9276901321156258 
90200 0.275 0.9276904410012085 
90300 0.275 0.92769317165646 
90400 0.34375 0.9276945999629429 
90500 0.20625000000000002 0.9276951618628524 
90600 0.275 0.9277062425497511 
90700 0.34375 0.9277179448131774 
90800 0.309375 0.9277171025098843 
90900 0.3609375 0.92771707853874 
91000 0.29218750000000004 0.9277239656020263 
91100 0.2578125 0.9277249632276264 
91200 0.34375 0.927726129990351 
91300 0.3609375 0.9277239142369744 
91400 0.275 0.9277256779192787 
91500 0.275 0.9277326887137846 
91600 0.2234375 0.927746891068329 
91700 0.3265625 0.9277453439030109 
91800 0.3609375 0.9277400130445203 
91900 0.3265625 0.9277371165710928 
92000 0.32656250000000003 0.9277352454049412 
92100 0.29218750000000004 0.9277390191881738 
92200 0.24062500000000003 0.9277433779188946 
92300 0.41250000000000003 0.9277531019436409 
92400 0.3953125 0.9277506720030086 
92500 0.3609375 0.9277497253408071 
92600 0.30937500000000007 0.9277401330709172 
92700 0.34375 0.9277459840643575 
92800 0.2578125 0.9277389841569595 
92900 0.378125 0.9277430577980861 
93000 0.3609375 0.9277461146251116 
93100 0.3953125 0.9277368294916274 
93200 0.32656250000000003 0.9277362820007296 
93300 0.3953125 0.9277271529110085 
93400 0.41250000000000003 0.9277173323893748 
93500 0.2578125 0.9277193977203453 
93600 0.446875 0.9277253398067329 
93700 0.29218750000000004 0.9277242655494605 
93800 0.3609375 0.92771690533683 
93900 0.3609375 0.9277184631287206 
94000 0.3953125 0.927710750749992 
94100 0.309375 0.9277160477837643 
94200 0.30937500000000007 0.927719550482479 
94300 0.39531250000000007 0.927717909274557 
94400 0.378125 0.9277170577509772 
94500 0.34375 0.9277110824224082 
94600 0.29218750000000004 0.927721264838638 
94700 0.39531250000000007 0.9277150914457081 
94800 0.3953125 0.9277058407216169 
94900 0.29218750000000004 0.9277045947882531 
95000 0.32656250000000003 0.9276935242786918 
95100 0.41250000000000003 0.9276836682185255 
95200 0.275 0.927686757820296 
95300 0.37812500000000004 0.9276858240600833 
95400 0.309375 0.9276840733456673 
95500 0.3609375 0.927686784693354 
95600 0.39531250000000007 0.9276795205463332 
95700 0.309375 0.9276788023374887 
95800 0.24062500000000003 0.9276848134414046 
95900 0.37812500000000004 0.927678796037059 
96000 0.37812500000000004 0.9276710415125884 
96100 0.29218750000000004 0.9276674085077159 
96200 0.275 0.9276672750932943 
96300 0.2578125 0.9276859225890697 
96400 0.24062500000000003 0.9276841899331957 
96500 0.3609375 0.9276840395436317 
96600 0.309375 0.927680573635366 
96700 0.34375 0.92767368130888 
96800 0.29218750000000004 0.9276828638779558 
96900 0.30937500000000007 0.927689528165344 
97000 0.41250000000000003 0.9276750368552902 
97100 0.446875 0.9276732876721147 
97200 0.4296875 0.9276662775460129 
97300 0.24062500000000003 0.9276602051880248 
97400 0.4296875 0.9276497738729582 
97500 0.29218750000000004 0.927633154083035 
97600 0.2921875 0.9276346585844407 
97700 0.309375 0.9276321218564805 
97800 0.275 0.9276363403109376 
97900 0.2578125 0.9276409890476093 
98000 0.24062500000000003 0.9276403668712564 
98100 0.3953125 0.9276332157037135 
98200 0.3609375 0.9276203112748342 
98300 0.3609375 0.9276118439792067 
98400 0.3265625 0.9276086339315658 
98500 0.32656250000000003 0.9276135204211124 
98600 0.24062500000000003 0.9276274692320565 
98700 0.34375 0.9276336327646123 
98800 0.34375 0.9276360673854516 
98900 0.3609375 0.9276277145200756 
99000 0.39531250000000007 0.9276248235497622 
99100 0.275 0.9276161835526382 
99200 0.309375 0.9276115380641324 
99300 0.32656250000000003 0.9276112290535845 
99400 0.18906250000000002 0.927618623052082 
99500 0.37812500000000004 0.9276251385036332 
99600 0.37812500000000004 0.9276253266156966 
99700 0.3265625 0.9276306077045365 
99800 0.309375 0.92762699334175 
99900 0.446875 0.9276292904975926 
