0 0.013750000000000002 0.996875 
100 0.23375000000000004 0.965625 
200 0.20625 0.9561100746268657 
300 0.11000000000000001 0.9571324750830564 
400 0.16499999999999998 0.9580034289276808 
500 0.165 0.9581274950099801 
600 0.17875000000000002 0.9572691347753743 
700 0.2475 0.956490727532097 
800 0.20625 0.9559847066167291 
900 0.24750000000000005 0.9554904273029967 
1000 0.17875000000000002 0.9545829170829171 
1100 0.20625 0.9546094459582198 
1200 0.20625 0.9544754371357203 
1300 0.23375000000000004 0.9545902190622598 
1400 0.22000000000000003 0.9543495717344753 
1500 0.23375000000000004 0.9540556295802798 
1600 0.15125 0.9542180668332292 
1700 0.20625 0.9541133891828336 
1800 0.19250000000000003 0.9546154913936702 
1900 0.275 0.9539814571278274 
2000 0.20625000000000004 0.9535997626186906 
2100 0.22000000000000003 0.953394217039505 
2200 0.20625 0.9536517492049068 
2300 0.16500000000000004 0.9535935462842242 
2400 0.17875000000000002 0.9538239275301957 
2500 0.19250000000000003 0.953920931627349 
2600 0.165 0.9540297001153403 
2700 0.23375000000000004 0.9542507404664939 
2800 0.17875000000000002 0.9543165387361656 
2900 0.16499999999999998 0.9544585918648741 
3000 0.22000000000000003 0.9544735088303898 
3100 0.28875 0.9544995565946469 
3200 0.30250000000000005 0.9543082239925024 
3300 0.23375000000000004 0.9543765146925174 
3400 0.17875000000000002 0.9543525801234931 
3500 0.19250000000000003 0.9545210297057983 
3600 0.22000000000000003 0.9547434740349903 
3700 0.20625 0.9545452242637125 
3800 0.23375000000000004 0.9545736319389634 
3900 0.28875 0.9544483786208664 
4000 0.22000000000000003 0.954213009247688 
4100 0.26125000000000004 0.9541392343330894 
4200 0.275 0.9541850154725066 
4300 0.20625 0.9541807137874913 
4400 0.20625 0.9542043001590548 
4500 0.22000000000000003 0.9542407242834926 
4600 0.275 0.9541567050641165 
4700 0.2475 0.9541686609232078 
4800 0.22000000000000003 0.9540902936888148 
4900 0.2475 0.9540980157110793 
5000 0.16499999999999998 0.9539823285342931 
5100 0.1925 0.9540316849637326 
5200 0.22000000000000003 0.9538195779657758 
5300 0.22000000000000003 0.953764030371628 
5400 0.19250000000000003 0.9536688807628217 
5500 0.23375000000000004 0.9537044401017997 
5600 0.26125000000000004 0.9537348241385467 
5700 0.20625 0.9537274162427645 
5800 0.1925 0.9537251120496466 
5900 0.1925 0.9537043509574649 
6000 0.22000000000000003 0.9536832402932844 
6100 0.17875000000000002 0.9536715292574988 
6200 0.1925 0.953650620867602 
6300 0.22000000000000003 0.9536298801777495 
6400 0.26125000000000004 0.9535248398687705 
6500 0.20625 0.9534874442393478 
6600 0.1925 0.9535160392364793 
6700 0.23375000000000004 0.9535918146545291 
6800 0.22000000000000003 0.9535734634612557 
6900 0.24750000000000005 0.9535225873061876 
7000 0.20625 0.9535378874446507 
7100 0.17875000000000002 0.9536165680890015 
7200 0.22000000000000003 0.9536435911678933 
7300 0.2475 0.953628355704698 
7400 0.22000000000000003 0.9535666632887447 
7500 0.20625 0.9534537061725104 
7600 0.22000000000000003 0.9534563708722537 
7700 0.20625 0.9535153713803403 
7800 0.1925 0.9535488238687347 
7900 0.1925 0.9535371313757752 
8000 0.2475 0.9535128421447319 
8100 0.23375000000000004 0.9534274317985434 
8200 0.22000000000000003 0.9534100262163151 
8300 0.20625 0.9534009456691965 
8400 0.165 0.953396173074634 
8500 0.1925 0.9534999558875427 
8600 0.17875000000000002 0.953569715730729 
8700 0.22000000000000003 0.9535750201126307 
8800 0.16499999999999998 0.9536299142142939 
8900 0.20625 0.9536642652510954 
9000 0.30250000000000005 0.9535926563715142 
9100 0.23375000000000004 0.9535291451488848 
9200 0.23375000000000004 0.9535057330724921 
9300 0.2475 0.9535503574884421 
9400 0.24750000000000005 0.9535438384214445 
9500 0.20625 0.9534874618461214 
9600 0.19250000000000003 0.9533779033434018 
9700 0.1375 0.9533801283372848 
9800 0.19250000000000003 0.9533685975920825 
9900 0.23375000000000004 0.9532960685789315 
10000 0.23375000000000004 0.953245300469953 
10100 0.17875000000000002 0.9531816156816156 
10200 0.16499999999999998 0.9531740148024703 
10300 0.23375000000000004 0.9531383482186195 
10400 0.20625 0.9531397221421017 
10500 0.20625 0.953160413293972 
10600 0.22000000000000003 0.9531839567021979 
10700 0.20625 0.9531942108214185 
10800 0.20625 0.9531614549578743 
10900 0.165 0.9531972410788001 
11000 0.22000000000000003 0.9531846536678483 
11100 0.23374999999999999 0.9531086726421043 
11200 0.26125000000000004 0.9531651749843764 
11300 0.20625000000000004 0.9531720091142377 
11400 0.28875 0.9532009253574247 
11500 0.19250000000000003 0.9531864077036779 
11600 0.165 0.9531834540125851 
11700 0.17875000000000002 0.9531733398854799 
11800 0.1925 0.9531912020167782 
11900 0.26125 0.9532008864801277 
12000 0.22000000000000003 0.9531971294058829 
12100 0.275 0.9531714837616726 
12200 0.1925 0.9531629067289566 
12300 0.275 0.9531305889765059 
12400 0.23375000000000004 0.9531519635513265 
12500 0.19250000000000003 0.9531622470202383 
12600 0.15125000000000002 0.95316641536386 
12700 0.2475 0.9531801137705692 
12800 0.17875000000000002 0.953194574642606 
12900 0.20625 0.953188706301837 
13000 0.1925 0.9531656218752403 
13100 0.1925 0.9531882108236013 
13200 0.22000000000000003 0.9531908094083782 
13300 0.23375000000000004 0.9531642357717465 
13400 0.275 0.9531434221326767 
13500 0.23375000000000004 0.9531407395748464 
13600 0.17875000000000002 0.9531415429012573 
13700 0.24750000000000005 0.953123859572294 
13800 0.17875000000000002 0.9531091496992972 
13900 0.23375000000000004 0.9531317441191282 
14000 0.20625 0.9531502214127562 
14100 0.22000000000000003 0.953157799092263 
14200 0.17875000000000002 0.953155367579748 
14300 0.17875000000000002 0.9531728550451017 
14400 0.23375000000000004 0.9531920526352337 
14500 0.20625 0.9531821081304738 
14600 0.275 0.9531686613930552 
14700 0.165 0.9531755917964765 
14800 0.165 0.9532124096344842 
14900 0.17875000000000002 0.9531709281256292 
15000 0.20625 0.9531987450836611 
15100 0.24750000000000005 0.9531845987020727 
15200 0.1925 0.9531437076508125 
15300 0.1925 0.9531713613489314 
15400 0.165 0.9531655817804039 
15500 0.165 0.9531854799690342 
15600 0.20625 0.9532059242997244 
15700 0.20625 0.9531994379338896 
15800 0.22000000000000003 0.9532045044617429 
15900 0.165 0.9531794384001007 
16000 0.22000000000000003 0.9531808558840072 
16100 0.19250000000000003 0.9531768213154462 
16200 0.2475 0.9531834454663293 
16300 0.1925 0.9531581651432427 
16400 0.20625 0.9531981662703494 
16500 0.20625 0.9531992379249743 
16600 0.1375 0.9532426510451177 
16700 0.15125000000000002 0.953291719058739 
16800 0.17875000000000002 0.953332762930778 
16900 0.2475 0.9533609327850423 
17000 0.23375000000000004 0.9533698385389094 
17100 0.19250000000000003 0.9533479401789369 
17200 0.2475 0.9533457357130399 
17300 0.26125000000000004 0.9533419311022484 
17400 0.20625 0.9533232644675593 
17500 0.23375000000000004 0.953306239643449 
17600 0.22000000000000003 0.9533133770808476 
17700 0.23374999999999999 0.9533347339133382 
17800 0.23375000000000004 0.953308276220437 
17900 0.20625 0.953327851795989 
18000 0.22000000000000003 0.953340092217099 
18100 0.17875000000000002 0.9533280274570466 
18200 0.20625 0.9533736127135871 
18300 0.1925 0.9533626919294028 
18400 0.19250000000000003 0.9533670045106244 
18500 0.24750000000000005 0.9533690746446138 
18600 0.23375000000000004 0.953362386430837 
18700 0.16499999999999998 0.9533662972568312 
18800 0.20625 0.9533724934843891 
18900 0.23374999999999999 0.9533384477011798 
19000 0.17875000000000002 0.9533654478711647 
19100 0.23375000000000004 0.9533327770797341 
19200 0.19250000000000003 0.9533303929482839 
19300 0.22000000000000003 0.9533649487073209 
19400 0.19250000000000003 0.9533385843513221 
19500 0.20625 0.9533488667247834 
19600 0.17875000000000002 0.9533509132187133 
19700 0.17875000000000002 0.9533470699456881 
19800 0.275 0.953371988788445 
19900 0.22000000000000003 0.9533724750012562 
20000 0.17875000000000002 0.9533898305084746 
20100 0.275 0.9533628613004328 
20200 0.20625 0.9533567335775457 
20300 0.1925 0.9533403526919856 
20400 0.19250000000000003 0.9533432797411892 
20500 0.2475 0.9533228562021365 
20600 0.17875000000000002 0.953309457065191 
20700 0.20625 0.9533156610791749 
20800 0.20625 0.953320753809913 
20900 0.26125000000000004 0.9533162288885699 
21000 0.20625 0.9533089198133422 
21100 0.15125000000000002 0.953335298090138 
21200 0.15125000000000002 0.9533685026649686 
21300 0.20625 0.9533862846814704 
21400 0.20625 0.9533767405728705 
21500 0.165 0.9533501348774476 
21600 0.28875 0.9533584961344382 
21700 0.26125000000000004 0.9533320757107967 
21800 0.26125000000000004 0.9532868331727903 
21900 0.23375000000000004 0.9532860942422721 
22000 0.20625 0.9533110710876779 
22100 0.17875000000000002 0.9533457196506946 
22200 0.22000000000000003 0.9533572530516643 
22300 0.23375000000000004 0.9533455618582126 
22400 0.19250000000000003 0.9533839170126334 
22500 0.20625 0.9534158204079819 
22600 0.19250000000000003 0.9534620979160214 
22700 0.22000000000000003 0.9534507015109467 
22800 0.23375000000000004 0.9534466690057454 
22900 0.22000000000000003 0.9534550892974106 
23000 0.1925 0.9534393885048477 
23100 0.1925 0.9534430327691442 
23200 0.20625 0.9534580944786862 
23300 0.165 0.9534871089223639 
23400 0.23375000000000004 0.953494108157771 
23500 0.23375000000000004 0.9535079624271308 
23600 0.19250000000000003 0.9535178594127367 
23700 0.19250000000000003 0.9535462638707227 
23800 0.23375000000000004 0.9535623503214151 
23900 0.17875000000000002 0.953543915526547 
24000 0.20625 0.9535679502937378 
24100 0.165 0.953537327289324 
24200 0.2475 0.9535223234577084 
24300 0.2475 0.9535123297395169 
24400 0.22000000000000003 0.9535049793041269 
24500 0.275 0.9535173309252684 
24600 0.20625 0.9535123064103085 
24700 0.24750000000000005 0.9535085877089996 
24800 0.19250000000000003 0.9535240514495383 
24900 0.2475 0.9535083932372194 
25000 0.22000000000000003 0.9534867355305787 
25100 0.1375 0.9534870373690292 
25200 0.23375000000000004 0.9535137494543867 
25300 0.275 0.9535153007786253 
25400 0.23375000000000004 0.9535115497421361 
25500 0.17875000000000002 0.9535221657974197 
25600 0.2475 0.9535311120659349 
25700 0.19250000000000003 0.9535127524220848 
25800 0.26125000000000004 0.9535177900081392 
25900 0.20625 0.9535161528512412 
26000 0.16499999999999998 0.9535109226568209 
26100 0.23374999999999999 0.9535165079881996 
26200 0.22000000000000003 0.9534899669859929 
26300 0.165 0.9535060453975134 
26400 0.20625 0.9534975000946934 
26500 0.19250000000000003 0.9534855996000151 
26600 0.20625 0.9534909401902184 
26700 0.22000000000000003 0.9534984644769858 
26800 0.20625 0.9535139780232081 
26900 0.165 0.9535012638935355 
27000 0.19250000000000003 0.9535237120847376 
27100 0.22000000000000003 0.9535303125345929 
27200 0.20625 0.953545480864674 
27300 0.275 0.9535431394454416 
27400 0.20625 0.9535489124484507 
27500 0.22000000000000003 0.9535398712774081 
27600 0.23375000000000004 0.9535415383500597 
27700 0.17875000000000002 0.9535276253564853 
27800 0.17875000000000002 0.9535301113269307 
27900 0.23375000000000004 0.9535091708182503 
28000 0.17875000000000002 0.953506682797043 
28100 0.16499999999999998 0.9535234511227358 
28200 0.23374999999999999 0.9535312355944825 
28300 0.19250000000000003 0.9535321190063956 
28400 0.22000000000000003 0.9535232034083307 
28500 0.20625 0.9535281656783973 
28600 0.20625 0.9535162669137442 
28700 0.23375000000000004 0.9535263361903766 
28800 0.26125 0.953506822679768 
28900 0.165 0.9534941481263625 
29000 0.1375 0.9535072066480467 
29100 0.19250000000000003 0.9535049268066389 
29200 0.09625 0.9535207484332728 
29300 0.2475 0.9535384884474932 
29400 0.23375000000000004 0.9535231582259107 
29500 0.20625 0.9535223382258229 
29600 0.23374999999999999 0.9535244797473058 
29700 0.23375000000000004 0.9535040907713545 
29800 0.1375 0.953506803462971 
29900 0.17875000000000002 0.9535066761981205 
30000 0.22000000000000003 0.953544673510883 
30100 0.26125000000000004 0.9535592671339823 
30200 0.1925 0.9535500687063342 
30300 0.23375000000000004 0.9535490784132536 
30400 0.23375000000000004 0.9535381237459294 
30500 0.23374999999999999 0.9535238598734468 
30600 0.22000000000000003 0.9535147952681285 
30700 0.20625 0.953522381192795 
30800 0.2475 0.9535254537190351 
30900 0.17875000000000002 0.9535310345943497 
31000 0.15125000000000002 0.9535299264539854 
31100 0.275 0.9535467107166972 
31200 0.1375 0.9535439569244576 
31300 0.26125 0.953555697102329 
31400 0.20625 0.9535436769529633 
31500 0.22000000000000003 0.9535299474619854 
31600 0.23375000000000004 0.9535429060789216 
31700 0.19250000000000003 0.9535510512286679 
31800 0.23375000000000004 0.9535545265872143 
31900 0.165 0.9535379964577912 
32000 0.165 0.9535554552982719 
32100 0.2475 0.9535588844584281 
32200 0.17875000000000002 0.9535527817459085 
32300 0.26125 0.9535253359029132 
32400 0.26125000000000004 0.9534903436622326 
32500 0.22000000000000003 0.9534816236423495 
32600 0.12375 0.9534754493727187 
32700 0.20625 0.9534929168832758 
32800 0.15125000000000002 0.9534901756044023 
32900 0.20625 0.9534770979605484 
33000 0.23375000000000004 0.953474042453259 
33100 0.22000000000000003 0.9534645856620646 
33200 0.23375000000000004 0.9534481265624529 
33300 0.20625 0.9534267927389568 
33400 0.1925 0.9534317834795365 
33500 0.15125 0.9534729373750037 
33600 0.15125000000000002 0.9534687397696497 
33700 0.23375000000000004 0.9534983197827958 
33800 0.2475 0.9535098813644567 
33900 0.26125000000000004 0.9535126176218991 
34000 0.15125000000000002 0.953534546778036 
34100 0.17875000000000002 0.9535605627400956 
34200 0.19250000000000003 0.9535844163913336 
34300 0.15125000000000002 0.9536053978018133 
34400 0.20625 0.9536180815964652 
34500 0.17875000000000002 0.953608500478247 
34600 0.17875000000000002 0.9536255274414034 
34700 0.2475 0.9536207530042362 
34800 0.15125000000000002 0.953637197925347 
34900 0.26125000000000004 0.9536462959514054 
35000 0.23375000000000004 0.9536306105539841 
35100 0.1925 0.9536378949317683 
35200 0.15125000000000002 0.9536580992017272 
35300 0.2475 0.9536777463811223 
35400 0.15125000000000002 0.9536911033586621 
35500 0.17875000000000002 0.9537050892932594 
35600 0.16499999999999998 0.9537192599926968 
35700 0.16500000000000004 0.9537332637741239 
35800 0.165 0.9537357545878606 
35900 0.1925 0.9537456303445586 
36000 0.1925 0.9537688189216966 
36100 0.26125000000000004 0.9537668624137835 
36200 0.17875000000000002 0.9537846848153366 
36300 0.17875000000000002 0.9538099845734277 
36400 0.22000000000000003 0.9537984018296201 
36500 0.22000000000000003 0.9537866257088847 
36600 0.17875000000000002 0.9537822566323324 
36700 0.22000000000000003 0.9537885548077709 
36800 0.19250000000000003 0.9537767316105541 
36900 0.165 0.9537803006693586 
37000 0.1375 0.953789255695792 
37100 0.1375 0.9537899921834991 
37200 0.20625 0.9537882886212736 
37300 0.26125 0.9537855050802928 
37400 0.275 0.9537645216705436 
37500 0.2475 0.9537399002693262 
37600 0.165 0.9537314499614372 
37700 0.23375000000000004 0.9537417774064348 
37800 0.2475 0.9537367563027433 
37900 0.22000000000000003 0.9537274742091237 
38000 0.17875000000000002 0.9537273690166048 
38100 0.2475 0.9537290687908454 
38200 0.2475 0.9537204523441795 
38300 0.1375 0.9537330944361766 
38400 0.20625 0.9537289067993021 
38500 0.1375 0.9537701131139451 
38600 0.26125000000000004 0.9537715991813683 
38700 0.17875000000000002 0.953766294798584 
38800 0.22000000000000003 0.9537669776552151 
38900 0.17875000000000002 0.953765166705226 
39000 0.1925 0.9537660092048922 
39100 0.165 0.9537873072299942 
39200 0.22000000000000003 0.9537948649269151 
39300 0.1375 0.9538011119309941 
39400 0.23375000000000004 0.9537955096317352 
39500 0.23375000000000004 0.9538025936052252 
39600 0.1925 0.9538091683290826 
39700 0.19250000000000003 0.9538039029243596 
39800 0.275 0.9537996846812894 
39900 0.22000000000000003 0.9537876556978522 
40000 0.22000000000000003 0.9537798273793155 
40100 0.26125 0.9537703236827012 
40200 0.30250000000000005 0.9537474192184274 
40300 0.1925 0.9537294359941441 
40400 0.2475 0.9537355975099626 
40500 0.165 0.9537284573220415 
40600 0.22000000000000003 0.9537267401049235 
40700 0.17875000000000002 0.95371965676519 
40800 0.20625 0.9537347430210044 
40900 0.26125000000000004 0.9537270635192293 
41000 0.23375000000000004 0.9537187355186458 
41100 0.23374999999999999 0.9537331056421985 
41200 0.26125000000000004 0.953735422077134 
41300 0.19250000000000003 0.9537299338999056 
41400 0.22000000000000003 0.9537332280621241 
41500 0.17875000000000002 0.9537413255102287 
41600 0.22000000000000003 0.9537544920795173 
41700 0.23375000000000004 0.9537493855063428 
41800 0.22000000000000003 0.9537520782995622 
41900 0.165 0.9537673623541204 
42000 0.2475 0.9537702971357824 
42100 0.20625 0.9537713623191848 
42200 0.26125000000000004 0.9537702009431056 
42300 0.22000000000000003 0.953753383489752 
42400 0.26125000000000004 0.9537589030919083 
42500 0.22000000000000003 0.9537488823792382 
42600 0.23374999999999999 0.9537394221966621 
42700 0.23375000000000004 0.9537316895388867 
42800 0.17875000000000002 0.9537361130581061 
42900 0.17875000000000002 0.95374663469383 
43000 0.30250000000000005 0.9537375584288738 
43100 0.20625 0.9537346146261108 
43200 0.23375000000000004 0.9537152641142567 
43300 0.1925 0.953702498210203 
43400 0.23375000000000004 0.9536929592636114 
43500 0.17875000000000002 0.9536854756212501 
43600 0.1925 0.9536896372789615 
43700 0.22000000000000003 0.9536873441111188 
43800 0.23374999999999999 0.9536884859934704 
43900 0.1925 0.9536755284617663 
44000 0.22000000000000003 0.9537024016499625 
44100 0.20625 0.953710445908256 
44200 0.17875000000000002 0.9537333714169363 
44300 0.275 0.9537543593824067 
44400 0.165 0.9537675812481701 
44500 0.22000000000000003 0.953771404013393 
44600 0.22000000000000003 0.9537573428846887 
44700 0.17875000000000002 0.9537535513746896 
44800 0.20625 0.9537672150175219 
44900 0.165 0.9537689862141155 
45000 0.19250000000000003 0.9537806798737806 
45100 0.15125000000000002 0.9537916287887187 
45200 0.1925 0.953803082343311 
45300 0.20625 0.9538084838083044 
45400 0.12375 0.9538190926411313 
45500 0.1925 0.9538230615810641 
45600 0.23375000000000004 0.9538260537049627 
45700 0.20625 0.9538443496860025 
45800 0.2475 0.9538423014781336 
45900 0.22000000000000003 0.9538383559181717 
46000 0.26125000000000004 0.9538291287145931 
46100 0.15125000000000002 0.9538219073338973 
46200 0.165 0.9538309506287743 
46300 0.165 0.9538367826828794 
46400 0.22000000000000003 0.9538312751880348 
46500 0.22000000000000003 0.9538263962065332 
46600 0.17875000000000002 0.9538225440441193 
46700 0.20625 0.9538223217918246 
46800 0.165 0.9538448029956624 
46900 0.1925 0.9538533959830281 
47000 0.1925 0.9538562344418204 
47100 0.22000000000000003 0.9538564069764973 
47200 0.20625 0.9538513484883795 
47300 0.19250000000000003 0.9538440651360436 
47400 0.20625 0.9538357576844371 
47500 0.16499999999999998 0.9538260378728869 
47600 0.1375 0.9538280445788954 
47700 0.275 0.9538300428712186 
47800 0.15125 0.9538231417752767 
47900 0.22000000000000003 0.9538199881004572 
48000 0.275 0.9538104674902607 
48100 0.22000000000000003 0.9538029354899067 
48200 0.2475 0.9537951105786187 
48300 0.17875000000000002 0.9537959229622575 
48400 0.1925 0.9538006058759116 
48500 0.15125000000000002 0.9538073957237995 
48600 0.23375000000000004 0.95380567015082 
48700 0.28875 0.9537881024003614 
48800 0.22000000000000003 0.9537859751849347 
48900 0.23375000000000004 0.9537913974151858 
49000 0.23375000000000004 0.9537804075427032 
49100 0.24750000000000005 0.9537730265167715 
49200 0.165 0.9537416668360399 
49300 0.1925 0.9537373734812681 
49400 0.17875000000000002 0.9537403721584583 
49500 0.17875000000000002 0.9537449369709703 
49600 0.17875000000000002 0.9537561616701277 
49700 0.23375000000000004 0.9537455861049073 
49800 0.20625 0.953750677697235 
49900 0.22000000000000003 0.9537505510911605 
50000 0.165 0.9537605497890043 
50100 0.2475 0.9537670780024351 
50200 0.17875000000000002 0.9537506100476086 
50300 0.23375000000000004 0.9537520377328482 
50400 0.22000000000000003 0.9537419892462451 
50500 0.23375000000000004 0.953728020237223 
50600 0.26125 0.9537197263888065 
50700 0.19250000000000003 0.953720649001006 
50800 0.20625 0.9537287651817877 
50900 0.19250000000000003 0.9537283157501817 
51000 0.26125000000000004 0.9537154295994196 
51100 0.23374999999999999 0.9537121949668304 
51200 0.17875000000000002 0.9537050057616062 
51300 0.17875000000000002 0.9537031441882224 
51400 0.17875000000000002 0.9537186168557032 
51500 0.1925 0.9537263839537097 
51600 0.1925 0.95372497626015 
51700 0.22000000000000003 0.9537288930581613 
51800 0.22000000000000003 0.9537270033397038 
51900 0.165 0.9537153065451532 
52000 0.20625 0.9537204212418992 
52100 0.20625 0.9537147799466421 
52200 0.20625 0.9537195767322465 
52300 0.22000000000000003 0.9537166473872393 
52400 0.30250000000000005 0.9537076463235434 
52500 0.22000000000000003 0.9536926677587093 
52600 0.26125000000000004 0.9536866575730499 
52700 0.19250000000000003 0.9536772309823343 
52800 0.20625 0.9536706809530122 
52900 0.275 0.9536614383471012 
53000 0.17875000000000002 0.9536530560744136 
53100 0.23375000000000004 0.9536407035649046 
53200 0.2475 0.9536369734591456 
53300 0.165 0.9536275116789553 
53400 0.26125000000000004 0.9536205431546225 
53500 0.16499999999999998 0.9536230631203155 
53600 0.22000000000000003 0.9536214343015988 
53700 0.23375000000000004 0.9536211499785852 
53800 0.22000000000000003 0.953623306258248 
53900 0.1925 0.953637455705831 
54000 0.23375000000000004 0.9536376641173312 
54100 0.165 0.9536375829467107 
54200 0.22000000000000003 0.9536440748325676 
54300 0.1925 0.9536495069151582 
54400 0.20625 0.9536400410838036 
54500 0.23374999999999999 0.9536272270233573 
54600 0.275 0.9536062182927053 
54700 0.22000000000000003 0.9536002541087 
54800 0.2475 0.9535973910147625 
54900 0.23375000000000004 0.9535902123822881 
55000 0.20625 0.9535964118834203 
55100 0.26125000000000004 0.9536055947260486 
55200 0.23375000000000004 0.953604724099201 
55300 0.19250000000000003 0.9536158365129022 
55400 0.22000000000000003 0.9536175452609159 
55500 0.23375000000000004 0.9536144619015874 
55600 0.2475 0.9536159983633388 
55700 0.17875000000000002 0.9536276839733577 
55800 0.2475 0.9536326633931291 
55900 0.26125000000000004 0.9536197362301211 
56000 0.275 0.9536120448741987 
56100 0.28875 0.9536034896882408 
56200 0.22000000000000003 0.9535912950837173 
56300 0.17875000000000002 0.9536043431733007 
56400 0.19250000000000003 0.9536029392209358 
56500 0.1375 0.9536186306437054 
56600 0.2475 0.9536186418967862 
56700 0.23374999999999999 0.9536195900425036 
56800 0.1925 0.9536140428865689 
56900 0.24750000000000005 0.9536127440642519 
57000 0.20625 0.9536165483938879 
57100 0.23374999999999999 0.9536174388364477 
57200 0.22000000000000003 0.9536130815020717 
57300 0.23375000000000004 0.9536026312804314 
57400 0.22000000000000003 0.95360974765248 
57500 0.20625 0.9536103176466496 
57600 0.1925 0.9536038870852936 
57700 0.20625 0.9536118849759969 
57800 0.23375000000000004 0.9536028788429266 
57900 0.1925 0.9536028091051968 
58000 0.1925 0.9536070498784504 
58100 0.19250000000000003 0.9536213877558045 
58200 0.23375000000000004 0.9536155413996323 
58300 0.2475 0.9536142711960344 
58400 0.17875000000000002 0.9536132728891629 
58500 0.165 0.9536162843370198 
58600 0.17875000000000002 0.9536262713093633 
58700 0.17875000000000002 0.9536264820871876 
58800 0.20625 0.9536387029982484 
58900 0.23375000000000004 0.9536388919542962 
59000 0.20625 0.9536399806782936 
59100 0.17875000000000002 0.9536436566217154 
59200 0.20625 0.9536380297630107 
59300 0.20625 0.9536430667273739 
59400 0.1375 0.9536508749852696 
59500 0.16499999999999998 0.95365671375271 
59600 0.22000000000000003 0.953664368047516 
59700 0.20625 0.9536640403845832 
59800 0.17875000000000002 0.9536654382869851 
59900 0.22000000000000003 0.9536636491878265 
60000 0.1925 0.953672647122548 
60100 0.23375000000000004 0.9536744396931831 
60200 0.20625 0.9536807943389645 
60300 0.24750000000000005 0.9536732910731165 
60400 0.2475 0.9536795231039221 
60500 0.17875000000000002 0.9536848047966149 
60600 0.22000000000000003 0.9536859952806059 
60700 0.22000000000000003 0.9536764221347259 
60800 0.19250000000000003 0.9536699643097976 
60900 0.26125000000000004 0.9536543940165186 
61000 0.19250000000000003 0.9536600834412551 
61100 0.16499999999999998 0.9536616626569123 
61200 0.23375000000000004 0.9536661982647342 
61300 0.16499999999999998 0.9536652644328804 
61400 0.15125000000000002 0.9536699829807332 
61500 0.20625 0.9536755499910571 
61600 0.23374999999999999 0.9536681121248032 
61700 0.20625 0.9536621164973015 
61800 0.30250000000000005 0.9536621070047411 
61900 0.23375000000000004 0.9536559889985622 
62000 0.19250000000000003 0.9536554853953968 
62100 0.22000000000000003 0.9536560904816348 
62200 0.22000000000000003 0.9536602104467774 
62300 0.20625 0.9536587494582751 
62400 0.15125 0.9536715156808384 
62500 0.30250000000000005 0.9536751411977409 
62600 0.26125 0.9536670240890721 
62700 0.165 0.9536692995327029 
62800 0.1925 0.9536701246795434 
62900 0.2475 0.9536665752531757 
63000 0.23375000000000004 0.9536590689036682 
63100 0.20625 0.9536605501497599 
63200 0.17875000000000002 0.9536627189443205 
63300 0.22000000000000003 0.9536516998151688 
63400 0.23375000000000004 0.9536463344426744 
63500 0.22000000000000003 0.9536354742445001 
63600 0.1925 0.95363811103599 
63700 0.22000000000000003 0.9536337243528359 
63800 0.24750000000000005 0.9536314085986113 
63900 0.20625 0.9536309095319322 
64000 0.28875 0.9536272870736395 
64100 0.2475 0.9536183620380337 
64200 0.20625 0.9536069336926216 
64300 0.19250000000000003 0.9536203266667703 
64400 0.28875 0.9536189752488315 
64500 0.15125000000000002 0.9536130253794515 
64600 0.2475 0.9536213158465039 
64700 0.23375000000000004 0.9536157188451492 
64800 0.17875000000000002 0.9536127914692675 
64900 0.23375000000000004 0.9536066470470409 
65000 0.26125000000000004 0.9535965312072122 
65100 0.2475 0.9535879345171349 
65200 0.22000000000000003 0.9535879913651631 
65300 0.17875000000000002 0.9535918764643727 
65400 0.17875000000000002 0.9536066440115595 
65500 0.30250000000000005 0.9536107750263355 
65600 0.20625 0.9535994115943355 
65700 0.17875000000000002 0.9535944087609016 
65800 0.23374999999999999 0.9535890411999818 
65900 0.23375000000000004 0.9535874834979743 
66000 0.17875000000000002 0.95359923523886 
66100 0.19250000000000003 0.9535994633212811 
66200 0.20625 0.9535944981948913 
66300 0.1925 0.9535882283072653 
66400 0.17875000000000002 0.9535949665667686 
66500 0.17875000000000002 0.9536015435858107 
66600 0.23375000000000004 0.9535880654945121 
66700 0.26125000000000004 0.9535942114810873 
66800 0.17875000000000002 0.9535930412718372 
66900 0.1925 0.9535901929717044 
67000 0.2475 0.953580310368502 
67100 0.22000000000000003 0.9535674766396924 
67200 0.17875000000000002 0.9535546346036518 
67300 0.17875000000000002 0.9535598003744372 
67400 0.17875000000000002 0.9535636062521328 
67500 0.2475 0.9535671693752685 
67600 0.20625 0.9535576859070132 
67700 0.2475 0.9535562620936175 
67800 0.20625 0.9535478827745903 
67900 0.16499999999999998 0.9535476281645336 
68000 0.22000000000000003 0.9535504992573639 
68100 0.22000000000000003 0.9535598779753601 
68200 0.1925 0.9535587821292943 
68300 0.2475 0.9535589705860822 
68400 0.22000000000000003 0.9535554578880425 
68500 0.22000000000000003 0.9535503131341149 
68600 0.26125000000000004 0.9535378948557601 
68700 0.275 0.9535225560763307 
68800 0.1925 0.9535240676007616 
68900 0.15125000000000002 0.9535302009404798 
69000 0.15125000000000002 0.9535346408023072 
69100 0.22000000000000003 0.953542414364481 
69200 0.23375000000000004 0.9535455593127267 
69300 0.26125 0.9535431036348682 
69400 0.26125000000000004 0.9535440321465108 
69500 0.20625 0.9535371793211609 
69600 0.19250000000000003 0.9535407627045589 
69700 0.2475 0.9535446496463466 
69800 0.23375000000000004 0.953539929585536 
69900 0.275 0.95353643009399 
70000 0.22000000000000003 0.9535304406365623 
70100 0.15125000000000002 0.9535302188984466 
70200 0.20625 0.9535343602655233 
70300 0.19250000000000003 0.953530310735267 
70400 0.19250000000000003 0.9535346177611114 
70500 0.19250000000000003 0.9535449408519028 
70600 0.12375 0.9535560314301497 
70700 0.17875000000000002 0.9535715548577813 
70800 0.20625 0.9535697765568283 
70900 0.23375000000000004 0.9535698985204722 
71000 0.20625 0.953578294671906 
71100 0.19250000000000003 0.9535827994683619 
71200 0.15125000000000002 0.9535858871364167 
71300 0.22000000000000003 0.9535945761630271 
71400 0.2475 0.9535887102421535 
71500 0.20625 0.9535817243814771 
71600 0.23375000000000004 0.9535706554377732 
71700 0.17875000000000002 0.9535701210582838 
71800 0.20625000000000004 0.9535787280121447 
71900 0.22000000000000003 0.9535803570186785 
72000 0.22000000000000003 0.9535707403369398 
72100 0.20625 0.9535778803345307 
72200 0.23375000000000004 0.9535795037464855 
72300 0.22000000000000003 0.9535693230384089 
72400 0.26125000000000004 0.95357880933965 
72500 0.1925 0.9535764592902167 
72600 0.17875000000000002 0.9535756222366083 
72700 0.17875000000000002 0.9535812351274398 
72800 0.23375000000000004 0.9535834415049244 
72900 0.1925 0.9535851702994472 
73000 0.26125 0.9535752934891303 
73100 0.20625 0.9535679658964994 
73200 0.17875000000000002 0.9535752158440458 
73300 0.1925 0.9535843218373555 
73400 0.165 0.9535902950913475 
73500 0.20625 0.9535972724860886 
73600 0.20625 0.9535978196627763 
73700 0.1925 0.9535901819513982 
73800 0.17875000000000002 0.9535812099429547 
73900 0.17875000000000002 0.9535810577664714 
74000 0.23374999999999999 0.9535862691044715 
74100 0.19250000000000003 0.9535772965277122 
74200 0.2475 0.9535800561987036 
74300 0.20625 0.9535807896259808 
74400 0.15125000000000002 0.9535892494724534 
74500 0.22000000000000003 0.9535887941101462 
74600 0.22000000000000003 0.953585240144234 
74700 0.165 0.953588430877766 
74800 0.26125 0.9535815864761167 
74900 0.1925 0.9535860252199571 
75000 0.165 0.953588702150638 
75100 0.2475 0.9535882511551111 
75200 0.23375000000000004 0.9535956137551362 
75300 0.1925 0.9536020437975591 
75400 0.23375000000000004 0.95359589892707 
75500 0.15125000000000002 0.953597220566615 
75600 0.22000000000000003 0.9536023415695559 
75700 0.2475 0.9535956014451592 
75800 0.165 0.953588672972652 
75900 0.23374999999999999 0.9535945260932004 
76000 0.19250000000000003 0.9535983079170011 
76100 0.20625 0.9535941134150668 
76200 0.26125000000000004 0.9535916523405205 
76300 0.30250000000000005 0.9535830542850028 
76400 0.23375000000000004 0.9535746832502192 
76500 0.23375000000000004 0.9535718895831427 
76600 0.23375000000000004 0.9535701231054425 
76700 0.17875000000000002 0.9535594793418599 
76800 0.1925 0.9535578556919831 
76900 0.23374999999999999 0.9535593652878376 
77000 0.2475 0.9535521454266828 
77100 0.1925 0.953558765450513 
77200 0.15125000000000002 0.9535592965117032 
77300 0.23375000000000004 0.9535624539139209 
77400 0.23375000000000004 0.9535620906060646 
77500 0.26125000000000004 0.9535573734532458 
77600 0.23375000000000004 0.9535454601100501 
77700 0.19250000000000003 0.9535478549182121 
77800 0.26125 0.9535551037261731 
77900 0.165 0.9535534685048972 
78000 0.24750000000000005 0.9535530393841105 
78100 0.165 0.9535653352709953 
78200 0.23375000000000004 0.9535624144831908 
78300 0.22000000000000003 0.953558024482446 
78400 0.23375000000000004 0.9535500583538475 
78500 0.165 0.9535470089553 
78600 0.22000000000000003 0.9535504875892165 
78700 0.22000000000000003 0.9535506219743078 
78800 0.22000000000000003 0.9535523819494677 
78900 0.20625 0.9535594051406192 
79000 0.22000000000000003 0.9535675576891431 
79100 0.19250000000000003 0.9535731612116155 
79200 0.23375000000000004 0.9535723191626369 
79300 0.23375000000000004 0.9535685237260564 
79400 0.19250000000000003 0.9535681225677258 
79500 0.275 0.9535668969572709 
79600 0.22000000000000003 0.9535590005150689 
79700 0.22000000000000003 0.9535541037753604 
79800 0.165 0.9535483186300924 
79900 0.22000000000000003 0.9535504874782543 
80000 0.17875000000000002 0.9535530805864927 
80100 0.2475 0.9535583201208474 
80200 0.23375000000000004 0.9535447266866997 
80300 0.23375000000000004 0.9535354089612832 
80400 0.17875000000000002 0.9535369584955411 
80500 0.23375000000000004 0.9535340399498143 
80600 0.17875000000000002 0.9535379136114936 
80700 0.15125000000000002 0.9535450691441246 
80800 0.23375000000000004 0.9535389413497358 
80900 0.23375000000000004 0.9535359961557953 
81000 0.20625 0.9535405041295787 
81100 0.26125 0.9535443844712149 
81200 0.20625 0.9535429828450388 
81300 0.2475 0.9535338971845365 
81400 0.23374999999999999 0.9535427620668051 
81500 0.15125000000000002 0.9535427479417431 
81600 0.19250000000000003 0.9535526525410227 
81700 0.30250000000000005 0.9535493751606468 
81800 0.1925 0.9535429349885698 
81900 0.26125000000000004 0.9535397919439323 
82000 0.165 0.953539286106267 
82100 0.275 0.9535357745338059 
82200 0.2475 0.9535332219194413 
82300 0.2475 0.9535361052721109 
82400 0.2475 0.9535305245081978 
82500 0.17875000000000002 0.9535282905661749 
82600 0.2475 0.9535192143557584 
82700 0.22000000000000003 0.9535176040797572 
82800 0.22000000000000003 0.9535155070590935 
82900 0.26125 0.9535144705733345 
83000 0.17875000000000002 0.9535162979964097 
83100 0.23374999999999999 0.9535037183668067 
83200 0.165 0.9535052914027475 
83300 0.20625000000000004 0.9535100118846113 
83400 0.19250000000000003 0.9535079015839139 
83500 0.20625 0.9535191569562042 
83600 0.1925 0.9535154708077654 
83700 0.17875000000000002 0.9535214633039032 
83800 0.2475 0.9535215122731232 
83900 0.22000000000000003 0.9535183951919525 
84000 0.09625 0.9535198241687599 
84100 0.2475 0.9535248912022449 
84200 0.23375000000000004 0.9535146182943195 
84300 0.15125000000000002 0.9535151940664998 
84400 0.2475 0.9535208039596688 
84500 0.275 0.9535131980686619 
84600 0.165 0.9535150293731752 
84700 0.16499999999999998 0.9535251576132513 
84800 0.19250000000000003 0.953525791264254 
84900 0.165 0.9535315764831981 
85000 0.20625 0.9535372377972023 
85100 0.22000000000000003 0.9535447953020528 
85200 0.22000000000000003 0.9535420652339761 
85300 0.2475 0.953540403981196 
85400 0.1375 0.9535419301296237 
85500 0.23375000000000004 0.9535506163670601 
85600 0.23374999999999999 0.9535515429142183 
85700 0.16499999999999998 0.9535521391232308 
85800 0.15125000000000002 0.9535545185953543 
85900 0.22000000000000003 0.9535583476909466 
86000 0.20625 0.9535623859024895 
86100 0.2475 0.9535619142054099 
86200 0.2475 0.9535601022609946 
86300 0.1925 0.9535604309335929 
86400 0.22000000000000003 0.9535671245124477 
86500 0.26125000000000004 0.9535637593785043 
86600 0.23375000000000004 0.9535574069583492 
86700 0.22000000000000003 0.9535568000945779 
86800 0.17875000000000002 0.9535568786649924 
86900 0.22000000000000003 0.953555698438453 
87000 0.22000000000000003 0.9535607708532086 
87100 0.26125000000000004 0.9535589071882068 
87200 0.23375000000000004 0.9535628175135606 
87300 0.20625 0.9535641057948935 
87400 0.22000000000000003 0.9535641397123603 
87500 0.23375000000000004 0.9535634235608735 
87600 0.165 0.9535662763552928 
87700 0.20625 0.9535626375411911 
87800 0.165 0.9535610357513012 
87900 0.2475 0.9535662990182137 
88000 0.24750000000000005 0.9535600092612584 
88100 0.165 0.9535516764849434 
88200 0.23375000000000004 0.9535536374304147 
88300 0.20625 0.953550780851859 
88400 0.17875000000000002 0.9535545765885002 
88500 0.1925 0.9535606589191082 
88600 0.23375000000000004 0.9535604493741605 
88700 0.20625 0.9535620722990722 
88800 0.20625 0.9535640434792401 
88900 0.17875000000000002 0.9535661859821599 
89000 0.22000000000000003 0.9535685694542758 
89100 0.22000000000000003 0.9535619690014703 
89200 0.2475 0.9535501283617897 
89300 0.22000000000000003 0.9535517169460588 
89400 0.24750000000000005 0.953553057292424 
89500 0.20625 0.9535520552842985 
89600 0.23375000000000004 0.953554368812848 
89700 0.22000000000000003 0.9535607532246018 
89800 0.165 0.9535653486598145 
89900 0.165 0.9535767469216138 
90000 0.17875000000000002 0.9535746825035277 
90100 0.22000000000000003 0.9535719290018979 
90200 0.2475 0.953571398875844 
90300 0.20625 0.9535728424934387 
90400 0.2475 0.953568717436754 
90500 0.23375000000000004 0.9535731304073988 
90600 0.17875000000000002 0.9535798101014338 
90700 0.19250000000000003 0.9535799632859616 
90800 0.17875000000000002 0.9535730608693737 
90900 0.20625 0.953573668056457 
91000 0.22000000000000003 0.9535748233535896 
91100 0.16499999999999998 0.9535762162325331 
91200 0.1925 0.9535797647503865 
91300 0.165 0.9535733110809301 
91400 0.1925 0.9535712478528682 
91500 0.1925 0.9535787518715643 
91600 0.19250000000000003 0.9535774036309648 
91700 0.22000000000000003 0.953575104142812 
91800 0.20625 0.9535772349974401 
91900 0.17875000000000002 0.9535814694617033 
92000 0.24750000000000005 0.9535854909185769 
92100 0.1375 0.9535866535108196 
92200 0.165 0.953593100942506 
92300 0.1925 0.9535966227343149 
92400 0.22000000000000003 0.953602673401803 
92500 0.22000000000000003 0.9536084745029784 
92600 0.165 0.9536108546343992 
92700 0.20625 0.9536060155769625 
92800 0.20625000000000004 0.9536106157261236 
92900 0.1925 0.9536152059719486 
93000 0.24750000000000005 0.9536181398587112 
93100 0.1925 0.9536209331800948 
93200 0.17875000000000002 0.953621004602955 
93300 0.26125 0.9536126689424551 
93400 0.1925 0.9536067600989283 
93500 0.22000000000000003 0.9535997943872258 
93600 0.24750000000000005 0.9535923761498275 
93700 0.23375000000000004 0.953582872648104 
93800 0.23375000000000004 0.9535731895182354 
93900 0.26125 0.9535705157559557 
94000 0.1375 0.9535750617014712 
94100 0.2475 0.9535833506020127 
94200 0.22000000000000003 0.9535762292863134 
94300 0.24750000000000005 0.9535757839259392 
94400 0.15125000000000002 0.9535764319233906 
94500 0.19250000000000003 0.9535803853927471 
94600 0.22000000000000003 0.9535800361518377 
94700 0.17875000000000002 0.9535691280979082 
94800 0.23375000000000004 0.9535689562873809 
94900 0.15125000000000002 0.9535740864163708 
95000 0.2475 0.9535730544941632 
95100 0.16499999999999998 0.9535683773041292 
95200 0.23375000000000004 0.9535696513166878 
95300 0.1375 0.9535730212694515 
95400 0.2475 0.9535758600538778 
95500 0.17875000000000002 0.9535764023413368 
95600 0.22000000000000003 0.9535738054518258 
95700 0.20625 0.9535770916709334 
95800 0.20625 0.9535758042713541 
95900 0.1925 0.9535791793099133 
96000 0.1925 0.9535775669003448 
96100 0.22000000000000003 0.9535766732396125 
96200 0.22000000000000003 0.95357116869887 
96300 0.19250000000000003 0.9535756053935058 
96400 0.17875000000000002 0.9535725446312797 
96500 0.23375000000000004 0.9535714979637516 
96600 0.19250000000000003 0.9535664097680149 
96700 0.20625 0.9535724488371372 
96800 0.22000000000000003 0.9535714377950641 
96900 0.22000000000000003 0.9535740730229822 
97000 0.20625 0.9535752530901743 
97100 0.17875000000000002 0.9535801317700127 
97200 0.20625 0.9535840680651434 
97300 0.17875000000000002 0.9535872896989753 
97400 0.19250000000000003 0.9535875209186764 
97500 0.19250000000000003 0.9535932003261505 
97600 0.12375 0.9536012694542064 
97700 0.20625 0.9536066992661283 
97800 0.2475 0.9536081238944387 
97900 0.23375000000000004 0.9536027466522303 
98000 0.17875000000000002 0.953609529494597 
98100 0.17875000000000002 0.9536207900531085 
98200 0.23375000000000004 0.9536300865062474 
98300 0.2475 0.9536258850367748 
98400 0.22000000000000003 0.9536216921067875 
98500 0.1375 0.9536230596643689 
98600 0.1925 0.9536302560318861 
98700 0.22000000000000003 0.9536275594978775 
98800 0.22000000000000003 0.9536200607787371 
98900 0.2475 0.9536242366103477 
99000 0.1925 0.9536225012878657 
99100 0.1375 0.953627170765179 
99200 0.275 0.9536363985746111 
99300 0.19250000000000003 0.953631981299282 
99400 0.26125 0.9536370044063943 
99500 0.1925 0.9536385312710425 
99600 0.23374999999999999 0.9536371058021506 
99700 0.22000000000000003 0.9536363414108183 
99800 0.24750000000000005 0.9536347644312181 
99900 0.17875000000000002 0.9536384770923214 
