0 0.013414634146341465 0.9969512195121951 
100 0.21463414634146344 0.9712026080656846 
200 0.17439024390243907 0.9644308943089431 
300 0.29512195121951224 0.9629892229154849 
400 0.16097560975609757 0.9626847515357947 
500 0.18780487804878052 0.9618506888661701 
600 0.21463414634146344 0.9615021711781178 
700 0.2548780487804878 0.9592655092028809 
800 0.21463414634146344 0.9592620504856734 
900 0.2548780487804878 0.958981890040876 
1000 0.1878048780487805 0.9585536414804707 
1100 0.2414634146341464 0.9577712057774529 
1200 0.20121951219512196 0.9574947706179809 
1300 0.14756097560975612 0.9574764252638683 
1400 0.20121951219512196 0.9570581118016748 
1500 0.17439024390243904 0.9566894428104841 
1600 0.17439024390243904 0.9566753248731737 
1700 0.22804878048780486 0.9565320256377167 
1800 0.21463414634146344 0.9562150431332187 
1900 0.13414634146341464 0.9558287679141915 
2000 0.17439024390243904 0.9557980156263332 
2100 0.18780487804878052 0.955536562148106 
2200 0.21463414634146344 0.9553404217595106 
2300 0.22804878048780491 0.9552845528455285 
2400 0.29512195121951224 0.9551254050649628 
2500 0.1878048780487805 0.9548010064266976 
2600 0.2682926829268293 0.9547031629485845 
2700 0.22804878048780486 0.9544590531058957 
2800 0.16097560975609757 0.9544729234332686 
2900 0.17439024390243904 0.954470073397735 
3000 0.21463414634146344 0.9544145853821084 
3100 0.21463414634146344 0.954427564672293 
3200 0.16097560975609757 0.9545445020991916 
3300 0.14756097560975612 0.9547125409151699 
3400 0.16097560975609757 0.9547111323068538 
3500 0.16097560975609757 0.9546836792275378 
3600 0.16097560975609757 0.9545900190326535 
3700 0.22804878048780491 0.9546398138934105 
3800 0.16097560975609757 0.9545570485302327 
3900 0.14756097560975612 0.9546004464146154 
4000 0.20121951219512196 0.9547407355478204 
4100 0.21463414634146344 0.9546875836351634 
4200 0.21463414634146344 0.9546376878908042 
4300 0.21463414634146344 0.9547006935426248 
4400 0.20121951219512196 0.9547947805653926 
4500 0.24146341463414636 0.9548420134279103 
4600 0.18780487804878052 0.954704306062839 
4700 0.21463414634146344 0.9547034621590632 
4800 0.21463414634146344 0.9547096387439609 
4900 0.20121951219512196 0.9547360916886051 
5000 0.21463414634146344 0.9548224501441175 
5100 0.20121951219512196 0.9547524158342936 
5200 0.24146341463414636 0.9547601071088581 
5300 0.17439024390243904 0.9548480268334093 
5400 0.17439024390243904 0.9548835807280495 
5500 0.20121951219512196 0.9548674076997087 
5600 0.20121951219512196 0.9548512678485114 
5700 0.16097560975609757 0.9547554772162351 
5800 0.17439024390243904 0.9547659991338752 
5900 0.22804878048780491 0.9547043494075002 
6000 0.2548780487804878 0.9546920025524201 
6100 0.1878048780487805 0.9546930531180414 
6200 0.20121951219512196 0.9547751936155066 
6300 0.13414634146341464 0.9547995672386497 
6400 0.17439024390243904 0.9548517571568467 
6500 0.16097560975609757 0.9549511144626905 
6600 0.2682926829268293 0.9549481601087788 
6700 0.13414634146341464 0.9549280049209983 
6800 0.22804878048780491 0.9549590985543733 
6900 0.21463414634146344 0.9550021029119145 
7000 0.17439024390243904 0.9550129598210708 
7100 0.18780487804878052 0.9550587172538392 
7200 0.18780487804878052 0.9550109063443085 
7300 0.21463414634146344 0.9550867572434114 
7400 0.20121951219512196 0.9550967074324168 
7500 0.1878048780487805 0.9551141148659853 
7600 0.18780487804878052 0.9551278554490584 
7700 0.22804878048780491 0.9551356966627711 
7800 0.18780487804878052 0.9551163703215035 
7900 0.16097560975609757 0.95519438724953 
8000 0.20121951219512196 0.9552456857526955 
8100 0.12073170731707318 0.9552415239311015 
8200 0.20121951219512196 0.9553199936949985 
8300 0.21463414634146344 0.9553223825516174 
8400 0.20121951219512196 0.9553657230120688 
8500 0.21463414634146344 0.9553191016264945 
8600 0.17439024390243904 0.955313264765016 
8700 0.20121951219512196 0.955280231316277 
8800 0.201219512195122 0.9553439049331978 
8900 0.2682926829268293 0.9553355884923864 
9000 0.20121951219512196 0.9553708124571525 
9100 0.16097560975609757 0.9553302236956003 
9200 0.17439024390243904 0.9553445277687208 
9300 0.1878048780487805 0.9552926383473059 
9400 0.14756097560975612 0.9552687700581931 
9500 0.21463414634146344 0.9552332103680999 
9600 0.20121951219512196 0.955161238285646 
9700 0.18780487804878052 0.9551190347487435 
9800 0.21463414634146344 0.955102577885283 
9900 0.17439024390243904 0.9550350297210678 
10000 0.13414634146341464 0.9550459588187523 
10100 0.22804878048780491 0.955046409314702 
10200 0.18780487804878052 0.9550743470869666 
10300 0.22804878048780491 0.9550890157479383 
10400 0.21463414634146344 0.9550793661960271 
10500 0.17439024390243904 0.9550484158303159 
10600 0.2414634146341464 0.9550600380543943 
10700 0.18780487804878052 0.9550284222354418 
10800 0.21463414634146344 0.9550321108479115 
10900 0.24146341463414636 0.9550639793619292 
11000 0.21463414634146344 0.9550836287610217 
11100 0.22804878048780491 0.9550836993371284 
11200 0.17439024390243907 0.9550513782523773 
11300 0.17439024390243904 0.9550538911946062 
11400 0.20121951219512196 0.9550304209515211 
11500 0.20121951219512196 0.9550288310030305 
11600 0.16097560975609757 0.9550837711635456 
11700 0.17439024390243904 0.9551166671182992 
11800 0.16097560975609757 0.9551603729324303 
11900 0.22804878048780491 0.955156719767349 
12000 0.18780487804878052 0.955128485227857 
12100 0.20121951219512196 0.9551055042820489 
12200 0.24146341463414636 0.9550759034145542 
12300 0.2682926829268293 0.9550247253346447 
12400 0.20121951219512196 0.9549940406064814 
12500 0.16097560975609757 0.9550696919856168 
12600 0.17439024390243904 0.9550851074537251 
12700 0.22804878048780491 0.9551046009436553 
12800 0.2548780487804878 0.955057817510446 
12900 0.2548780487804878 0.9549874182564785 
13000 0.17439024390243904 0.9550175314844449 
13100 0.16097560975609757 0.9550395054557369 
13200 0.16097560975609757 0.9550495989771655 
13300 0.17439024390243904 0.9550561025120062 
13400 0.22804878048780491 0.9550738841841071 
13500 0.21463414634146344 0.9550595619836652 
13600 0.1878048780487805 0.9550557616817988 
13700 0.20121951219512196 0.9550729339677895 
13800 0.14756097560975612 0.9550949383307324 
13900 0.21463414634146344 0.9550931587655564 
14000 0.20121951219512196 0.9550826944416863 
14100 0.17439024390243904 0.9550669732816043 
14200 0.20121951219512196 0.9550527616571145 
14300 0.22804878048780491 0.9550391751557541 
14400 0.2682926829268293 0.9549946565363855 
14500 0.22804878048780491 0.9549614744819953 
14600 0.17439024390243904 0.9549586062431407 
14700 0.1207317073170732 0.9549512145349329 
14800 0.18780487804878052 0.9549764683005928 
14900 0.24146341463414636 0.9549395931849393 
15000 0.1878048780487805 0.9549464995016592 
15100 0.12073170731707318 0.9549506897459544 
15200 0.2548780487804878 0.9550003529934649 
15300 0.1878048780487805 0.954999553671767 
15400 0.21463414634146344 0.9550114341640786 
15500 0.20121951219512196 0.9549863816811189 
15600 0.29512195121951224 0.9549825605300474 
15700 0.2951219512195122 0.9549900503463349 
15800 0.17439024390243904 0.9549995677951844 
15900 0.17439024390243904 0.9550264134331174 
16000 0.17439024390243904 0.9550517803003166 
16100 0.18780487804878052 0.9550418016757026 
16200 0.1878048780487805 0.9550575393569503 
16300 0.2548780487804878 0.9550702784955584 
16400 0.21463414634146344 0.9550202173871016 
16500 0.20121951219512196 0.9550152910171003 
16600 0.2548780487804878 0.9550172190626189 
16700 0.22804878048780491 0.9550222273823241 
16800 0.16097560975609757 0.955036793686787 
16900 0.20121951219512196 0.9550533523056075 
17000 0.21463414634146344 0.9550496312268575 
17100 0.24146341463414636 0.9550270558988848 
17200 0.2414634146341464 0.9550472817093731 
17300 0.1878048780487805 0.9550600486930827 
17400 0.21463414634146344 0.9550511184526821 
17500 0.20121951219512196 0.955041419235974 
17600 0.20121951219512196 0.955002383456594 
17700 0.2414634146341464 0.9549675779651419 
17800 0.21463414634146344 0.9549657048590036 
17900 0.1878048780487805 0.954999107557692 
18000 0.21463414634146344 0.9550008061882741 
18100 0.21463414634146344 0.95500012800802 
18200 0.17439024390243904 0.9549895744136278 
18300 0.13414634146341464 0.9549976277452519 
18400 0.20121951219512196 0.9550316061825909 
18500 0.24146341463414636 0.9550330832479721 
18600 0.3085365853658537 0.954996354772429 
18700 0.16097560975609757 0.9549890380193573 
18800 0.22804878048780491 0.955031582388586 
18900 0.20121951219512196 0.9550489972785025 
19000 0.21463414634146344 0.9550341381262347 
19100 0.2682926829268293 0.9550393862663301 
19200 0.1878048780487805 0.9550299717621414 
19300 0.18780487804878052 0.9550276050400522 
19400 0.16097560975609757 0.9550548060761264 
19500 0.17439024390243904 0.9550790703666229 
19600 0.21463414634146344 0.9550805334720354 
19700 0.16097560975609757 0.9550918858891649 
19800 0.17439024390243904 0.9551346877036268 
19900 0.18780487804878052 0.9551352364938152 
20000 0.18780487804878052 0.9551504132110468 
20100 0.18780487804878052 0.9551378344239638 
20200 0.20121951219512196 0.9551274930847422 
20300 0.18780487804878052 0.9551313704359151 
20400 0.2682926829268293 0.95517316822107 
20500 0.24146341463414636 0.9551665237031864 
20600 0.13414634146341464 0.9551993095291372 
20700 0.18780487804878052 0.9552226474271892 
20800 0.2548780487804878 0.9552316903150763 
20900 0.22804878048780486 0.9552298524635885 
21000 0.22804878048780491 0.9552297741919374 
21100 0.2414634146341464 0.9552227613764692 
21200 0.17439024390243904 0.9552074741067207 
21300 0.22804878048780491 0.9552200973044893 
21400 0.24146341463414636 0.9552421473352625 
21500 0.14756097560975612 0.9552486781669826 
21600 0.21463414634146344 0.9552466800882073 
21700 0.14756097560975612 0.9552494770950198 
21800 0.21463414634146344 0.9552382638522959 
21900 0.18780487804878052 0.9552509574682524 
22000 0.1878048780487805 0.9552391465576399 
22100 0.16097560975609757 0.9552638607015906 
22200 0.18780487804878052 0.9552838204387629 
22300 0.17439024390243904 0.9552956719648359 
22400 0.17439024390243904 0.9552905412541469 
22500 0.16097560975609757 0.9552811202970924 
22600 0.2548780487804878 0.9552431847932479 
22700 0.21463414634146344 0.9552329810333917 
22800 0.24146341463414636 0.9552334300699263 
22900 0.21463414634146344 0.9552171009680055 
23000 0.24146341463414636 0.955194418906495 
23100 0.1475609756097561 0.955173121003103 
23200 0.17439024390243904 0.9552008902055316 
23300 0.17439024390243904 0.9552204396126619 
23400 0.22804878048780491 0.9552062086152249 
23500 0.16097560975609757 0.9552285528067824 
23600 0.17439024390243904 0.9552463155240425 
23700 0.20121951219512196 0.9552499071254583 
23800 0.17439024390243904 0.9552398905149507 
23900 0.14756097560975612 0.9552614647208353 
24000 0.2682926829268293 0.9552685050724512 
24100 0.2548780487804878 0.9552511989685682 
24200 0.20121951219512196 0.9552453738557467 
24300 0.20121951219512196 0.9552334491905884 
24400 0.17439024390243904 0.9552429878423615 
24500 0.14756097560975612 0.9552487155825397 
24600 0.20121951219512196 0.9552827765280214 
24700 0.22804878048780486 0.9552733620935658 
24800 0.24146341463414636 0.9552530828320258 
24900 0.1878048780487805 0.9552338235020437 
25000 0.1878048780487805 0.9552334979771541 
25100 0.17439024390243904 0.9552634187152198 
25200 0.3085365853658537 0.9552476140609983 
25300 0.17439024390243904 0.955240851369029 
25400 0.20121951219512196 0.9552426637706792 
25500 0.21463414634146344 0.9552394406340832 
25600 0.14756097560975612 0.9552263583453772 
25700 0.16097560975609757 0.9552694874736771 
25800 0.16097560975609757 0.9552962118125503 
25900 0.21463414634146344 0.9552953035997291 
26000 0.18780487804878052 0.9553070660509305 
26100 0.18780487804878052 0.9553273820926401 
26200 0.2414634146341464 0.9553171727759413 
26300 0.22804878048780491 0.9553011292346298 
26400 0.20121951219512196 0.955295484927123 
26500 0.17439024390243904 0.9552993168228351 
26600 0.20121951219512196 0.9553027760738868 
26700 0.16097560975609757 0.9553088356058648 
26800 0.17439024390243904 0.9553172387997899 
26900 0.20121951219512196 0.9553363461871487 
27000 0.20121951219512196 0.955353505425725 
27100 0.21463414634146344 0.9553632257292279 
27200 0.12073170731707318 0.9554036974967742 
27300 0.24146341463414636 0.9553894881005878 
27400 0.1878048780487805 0.9553720444598337 
27500 0.14756097560975612 0.9553614901808448 
27600 0.17439024390243904 0.9553735460274062 
27700 0.20121951219512196 0.9553813325397251 
27800 0.13414634146341464 0.9553858827678597 
27900 0.22804878048780486 0.9553882149516453 
28000 0.22804878048780491 0.955404902786573 
28100 0.17439024390243904 0.9553991221560556 
28200 0.21463414634146344 0.9553970582257505 
28300 0.22804878048780486 0.9553911307107135 
28400 0.2414634146341464 0.9553669958374877 
28500 0.20121951219512196 0.9553516949768985 
28600 0.28170731707317076 0.955357074330507 
28700 0.18780487804878052 0.9553434018190918 
28800 0.16097560975609757 0.9553509956039805 
28900 0.22804878048780491 0.9553484097520467 
29000 0.16097560975609757 0.9553525698441012 
29100 0.14756097560975612 0.9553926359080779 
29200 0.20121951219512196 0.9554027760492666 
29300 0.20121951219512196 0.9554059796510732 
29400 0.14756097560975612 0.9554447293563103 
29500 0.24146341463414636 0.9554415683304659 
29600 0.1878048780487805 0.9554399736001008 
29700 0.16097560975609757 0.9554564558473435 
29800 0.21463414634146344 0.9554622901015762 
29900 0.21463414634146344 0.9554502418958172 
30000 0.16097560975609757 0.9554633747980759 
30100 0.24146341463414636 0.9554726728955606 
30200 0.14756097560975612 0.9554747419928754 
30300 0.21463414634146344 0.9554749863362797 
30400 0.20121951219512196 0.9554855584821103 
30500 0.14756097560975612 0.9554807679236427 
30600 0.16097560975609757 0.9554807909194741 
30700 0.20121951219512196 0.9554970998799595 
30800 0.21463414634146344 0.9555034046249686 
30900 0.20121951219512196 0.9554902319839677 
31000 0.20121951219512196 0.9554899291210905 
31100 0.17439024390243904 0.9554924710286941 
31200 0.1475609756097561 0.9555247994709363 
31300 0.18780487804878052 0.9555380253572511 
31400 0.20121951219512196 0.955532816649462 
31500 0.18780487804878052 0.95552018867384 
31600 0.2414634146341464 0.9554918183354802 
31700 0.1878048780487805 0.9555166183108789 
31800 0.1878048780487805 0.9555357976931236 
31900 0.17439024390243904 0.9555411903136304 
32000 0.16097560975609757 0.9555648413426104 
32100 0.14756097560975612 0.9555784676565808 
32200 0.21463414634146344 0.9555753457133963 
32300 0.16097560975609757 0.9555578019558407 
32400 0.2548780487804878 0.9555333093453153 
32500 0.20121951219512196 0.9555271657682578 
32600 0.1475609756097561 0.955525548744951 
32700 0.22804878048780486 0.9555213311146598 
32800 0.21463414634146344 0.9555015239719789 
32900 0.20121951219512196 0.9554931423983702 
33000 0.17439024390243907 0.9555088315875129 
33100 0.14756097560975612 0.9555111628047491 
33200 0.1878048780487805 0.9555135718069027 
33300 0.21463414634146344 0.9555041561045922 
33400 0.2548780487804878 0.9555007298598479 
33500 0.1878048780487805 0.9555033304429937 
33600 0.18780487804878052 0.9555178018075827 
33700 0.18780487804878052 0.9555131895195988 
33800 0.22804878048780486 0.9554916473101893 
33900 0.18780487804878052 0.9554752683747008 
34000 0.21463414634146344 0.9555005914460192 
34100 0.14756097560975612 0.9555029678694781 
34200 0.17439024390243904 0.9555167407029177 
34300 0.2548780487804878 0.9555306998800434 
34400 0.20121951219512196 0.9555293344422063 
34500 0.22804878048780491 0.955521084224494 
34600 0.21463414634146344 0.9555008983950133 
34700 0.16097560975609757 0.9555178173680241 
34800 0.16097560975609757 0.9555228122825178 
34900 0.24146341463414636 0.9555156362142115 
35000 0.16097560975609757 0.955495435322057 
35100 0.16097560975609757 0.9554988010208868 
35200 0.20121951219512196 0.9555025806500785 
35300 0.16097560975609757 0.9555079798057265 
35400 0.22804878048780491 0.9554883732786934 
35500 0.17439024390243904 0.9555150799599599 
35600 0.22804878048780491 0.9555089230845119 
35700 0.17439024390243904 0.9554938339501319 
35800 0.22804878048780491 0.9555156178359918 
35900 0.2414634146341464 0.9555141816146163 
36000 0.14756097560975612 0.9555218994594323 
36100 0.12073170731707318 0.955545366961661 
36200 0.2414634146341464 0.9555468080992238 
36300 0.16097560975609757 0.9555490811581485 
36400 0.14756097560975612 0.9555529330807717 
36500 0.17439024390243904 0.9555662023292378 
36600 0.16097560975609757 0.9555754007787339 
36700 0.20121951219512196 0.9555774050152153 
36800 0.18780487804878052 0.95557202515043 
36900 0.1878048780487805 0.9555798937301587 
37000 0.22804878048780491 0.9555611054678153 
37100 0.18780487804878052 0.9555502251270592 
37200 0.17439024390243904 0.9555567775846571 
37300 0.17439024390243907 0.9555540589051101 
37400 0.21463414634146344 0.9555549414682404 
37500 0.20121951219512196 0.9555552502339775 
37600 0.21463414634146344 0.9555407192725155 
37700 0.18780487804878052 0.9555535985653483 
37800 0.20121951219512196 0.9555633448850559 
37900 0.22804878048780491 0.9555542971065182 
38000 0.21463414634146344 0.955553560528895 
38100 0.21463414634146344 0.9555590692517513 
38200 0.22804878048780491 0.9555570470955619 
38300 0.24146341463414636 0.9555593339281087 
38400 0.20121951219512196 0.9555616088503793 
38500 0.20121951219512196 0.9555430457618775 
38600 0.18780487804878052 0.9555265534002974 
38700 0.1878048780487805 0.9555296043903826 
38800 0.16097560975609757 0.9555375898659891 
38900 0.18780487804878052 0.9555518824834273 
39000 0.20121951219512196 0.9555627404175377 
39100 0.22804878048780486 0.9555625487714431 
39200 0.22804878048780491 0.9555555918496355 
39300 0.16097560975609757 0.9555692277426069 
39400 0.13414634146341464 0.9555786159940227 
39500 0.18780487804878052 0.9555839432283592 
39600 0.17439024390243904 0.955580313012544 
39700 0.20121951219512196 0.95558530196143 
39800 0.17439024390243904 0.9555911084474529 
39900 0.21463414634146344 0.9555969622376357 
40000 0.2548780487804878 0.9555833512698768 
40100 0.2414634146341464 0.9555657787257905 
40200 0.20121951219512196 0.9555507204346937 
40300 0.20121951219512196 0.9555423184439532 
40400 0.24146341463414636 0.9555453529585418 
40500 0.1878048780487805 0.9555415975877741 
40600 0.18780487804878052 0.9555446940211133 
40700 0.24146341463414636 0.9555320448170207 
40800 0.20121951219512196 0.9555172906450763 
40900 0.2548780487804878 0.9555233308744912 
41000 0.2682926829268293 0.9555109750446301 
41100 0.1878048780487805 0.9555074323157529 
41200 0.16097560975609757 0.9555251441327791 
41300 0.2548780487804878 0.9555311068473509 
41400 0.1878048780487805 0.9555095729395013 
41500 0.20121951219512196 0.9555062881235303 
41600 0.28170731707317076 0.9555135723168006 
41700 0.20121951219512196 0.9554910656058432 
41800 0.24146341463414636 0.9554828890194598 
41900 0.17439024390243904 0.9554893037653795 
42000 0.14756097560975612 0.9555025838525332 
42100 0.18780487804878052 0.9555088489294907 
42200 0.20121951219512196 0.9555181185742333 
42300 0.20121951219512196 0.955507668330507 
42400 0.21463414634146344 0.9554958293091339 
42500 0.22804878048780486 0.9555052793592805 
42600 0.22804878048780491 0.9555035923237803 
42700 0.22804878048780491 0.9554982004762554 
42800 0.1878048780487805 0.9554993871239617 
42900 0.22804878048780486 0.9554879896483168 
43000 0.17439024390243904 0.9554878474181826 
43100 0.18780487804878052 0.9554814103684992 
43200 0.18780487804878052 0.9554848831977127 
43300 0.17439024390243904 0.9554910155288477 
43400 0.17439024390243904 0.955510536735975 
43500 0.20121951219512196 0.9555179135214722 
43600 0.22804878048780491 0.955512180577644 
43700 0.20121951219512196 0.9555141479711633 
43800 0.17439024390243904 0.9555058744064758 
43900 0.22804878048780491 0.9554956245788057 
44000 0.16097560975609757 0.9554914494737093 
44100 0.18780487804878052 0.9554952434572304 
44200 0.17439024390243904 0.9555049521559219 
44300 0.20121951219512196 0.9555188150242713 
44400 0.20121951219512196 0.9555218350938042 
44500 0.20121951219512196 0.955514085460398 
44600 0.24146341463414636 0.9555178545160039 
44700 0.21463414634146344 0.9555259717548743 
44800 0.10731707317073172 0.9555494324222946 
44900 0.20121951219512196 0.955557782677446 
45000 0.24146341463414636 0.9555364216838542 
45100 0.14756097560975612 0.9555418570027921 
45200 0.17439024390243904 0.9555387021979332 
45300 0.24146341463414636 0.9555437046832004 
45400 0.22804878048780491 0.955524980378105 
45500 0.16097560975609757 0.9555198733236097 
45600 0.22804878048780486 0.9555150560990051 
45700 0.20121951219512196 0.9555197329833739 
45800 0.18780487804878052 0.9555365044218334 
45900 0.22804878048780491 0.9555409149383536 
46000 0.22804878048780491 0.9555410645897942 
46100 0.18780487804878052 0.9555535803942669 
46200 0.21463414634146344 0.9555379304956444 
46300 0.21463414634146344 0.9555333446414527 
46400 0.24146341463414636 0.9555242449043098 
46500 0.21463414634146344 0.9555049563581376 
46600 0.18780487804878052 0.955505900899227 
46700 0.1878048780487805 0.9555041647930451 
46800 0.24146341463414636 0.9555098624638518 
46900 0.20121951219512196 0.9555168359299635 
47000 0.14756097560975612 0.9555001683928883 
47100 0.16097560975609757 0.9555111460012501 
47200 0.2548780487804878 0.9555087712589801 
47300 0.21463414634146344 0.9554953203175718 
47400 0.21463414634146344 0.9555005786128831 
47500 0.22804878048780491 0.9554900898106895 
47600 0.18780487804878052 0.9554806698568026 
47700 0.17439024390243904 0.955482602246412 
47800 0.13414634146341464 0.9554781484824534 
47900 0.1878048780487805 0.9554939532297558 
48000 0.22804878048780486 0.95549946622047 
48100 0.21463414634146344 0.9555058436491103 
48200 0.22804878048780491 0.9555048574541263 
48300 0.17439024390243904 0.9555012242841006 
48400 0.20121951219512196 0.9554910551636456 
48500 0.13414634146341464 0.9554898541191759 
48600 0.16097560975609757 0.9554958720612494 
48700 0.18780487804878052 0.955497608352811 
48800 0.18780487804878052 0.9554901538902891 
48900 0.21463414634146344 0.9554962589921598 
49000 0.28170731707317076 0.9554964906141786 
49100 0.21463414634146344 0.9554707668265661 
49200 0.21463414634146344 0.9554519638456684 
49300 0.13414634146341464 0.9554395448368187 
49400 0.2682926829268293 0.9554482209059657 
49500 0.20121951219512196 0.9554468227052324 
49600 0.14756097560975612 0.955453482202611 
49700 0.21463414634146344 0.9554627526265604 
49800 0.22804878048780491 0.9554533751648635 
49900 0.17439024390243904 0.9554617532959162 
50000 0.18780487804878052 0.9554684516065777 
50100 0.14756097560975612 0.9554715328694574 
50200 0.20121951219512196 0.9554682250523626 
50300 0.16097560975609757 0.9554772949769219 
50400 0.20121951219512196 0.955493829729472 
50500 0.18780487804878052 0.9554965948512973 
50600 0.22804878048780491 0.9555026628703472 
50700 0.22804878048780491 0.9555091880133215 
50800 0.21463414634146344 0.9555105862617453 
50900 0.22804878048780491 0.9554858043423364 
51000 0.22804878048780491 0.9554864060532529 
51100 0.24146341463414636 0.9554842013019649 
51200 0.2682926829268293 0.9554749192684403 
51300 0.17439024390243904 0.9554734586545881 
51400 0.12073170731707318 0.9554820277293646 
51500 0.20121951219512196 0.9554826901300993 
51600 0.24146341463414636 0.9554940441218525 
51700 0.1878048780487805 0.9554929116340156 
51800 0.17439024390243904 0.9555050848910064 
51900 0.2548780487804878 0.9554992361160389 
52000 0.22804878048780491 0.9554735345145802 
52100 0.16097560975609757 0.9554746152056443 
52200 0.14756097560975612 0.9554840436193868 
52300 0.20121951219512196 0.9554895886428512 
52400 0.21463414634146344 0.9554958688649118 
52500 0.17439024390243904 0.9555014283119346 
52600 0.22804878048780486 0.9554932299812533 
52700 0.16097560975609757 0.9555003353016396 
52800 0.20121951219512196 0.9554945374741147 
52900 0.18780487804878052 0.9554942942200825 
53000 0.14756097560975612 0.9555021051144456 
53100 0.17439024390243904 0.9555164892857192 
53200 0.2548780487804878 0.9555132834932041 
53300 0.21463414634146344 0.9555254763444241 
53400 0.21463414634146344 0.9555345976438735 
53500 0.22804878048780491 0.955539980789053 
53600 0.20121951219512196 0.9555378926767384 
53700 0.20121951219512196 0.955530816294923 
53800 0.22804878048780491 0.9555369697997271 
53900 0.22804878048780491 0.9555238691892679 
54000 0.16097560975609757 0.9555313112991133 
54100 0.17439024390243904 0.9555309491145965 
54200 0.22804878048780491 0.9555310945122514 
54300 0.21463414634146344 0.955525793218559 
54400 0.21463414634146344 0.9555132258598188 
54500 0.24146341463414636 0.9554986907825813 
54600 0.22804878048780491 0.9554972190717493 
54700 0.2414634146341464 0.955473793005969 
54800 0.21463414634146344 0.95548082841643 
54900 0.20121951219512196 0.955485283710235 
55000 0.24146341463414636 0.9554802994712734 
55100 0.20121951219512196 0.9554764399388971 
55200 0.17439024390243904 0.9554832538823749 
55300 0.20121951219512196 0.955471850065782 
55400 0.28170731707317076 0.9554723191137257 
55500 0.17439024390243904 0.955472511811477 
55600 0.17439024390243904 0.9554795579654867 
55700 0.14756097560975612 0.9554984562610208 
55800 0.18780487804878052 0.9555104026022787 
55900 0.20121951219512196 0.9555094895549231 
56000 0.16097560975609757 0.9555146227789486 
56100 0.20121951219512196 0.9555158248994301 
56200 0.22804878048780491 0.9555139848652984 
56300 0.17439024390243904 0.9555053282855522 
56400 0.21463414634146344 0.9555022160565394 
56500 0.21463414634146344 0.9555041870616579 
56600 0.17439024390243904 0.955510406392027 
56700 0.16097560975609757 0.9555311753008184 
56800 0.20121951219512196 0.9555321187663735 
56900 0.21463414634146344 0.9555328445940124 
57000 0.21463414634146344 0.9555347980630207 
57100 0.16097560975609757 0.9555323664828389 
57200 0.2548780487804878 0.955535113448895 
57300 0.1878048780487805 0.9555397130514472 
57400 0.21463414634146344 0.9555320804728056 
57500 0.21463414634146344 0.9555270194664696 
57600 0.20121951219512196 0.9555174241131484 
57700 0.18780487804878052 0.9555056956784365 
57800 0.18780487804878052 0.95550218347982 
57900 0.22804878048780491 0.9554953134892569 
58000 0.20121951219512196 0.9554849453815136 
58100 0.1878048780487805 0.9554850552507177 
58200 0.18780487804878052 0.9554787739377539 
58300 0.17439024390243904 0.9554932225151139 
58400 0.1878048780487805 0.9554951447957999 
58500 0.20121951219512196 0.9554932039935944 
58600 0.16097560975609757 0.9555107795962859 
58700 0.22804878048780491 0.9555167132649504 
58800 0.21463414634146344 0.9555168196492427 
58900 0.16097560975609757 0.9555234993318678 
59000 0.17439024390243904 0.9555182714968452 
59100 0.201219512195122 0.9555324576654846 
59200 0.20121951219512196 0.9555293953093245 
59300 0.17439024390243904 0.9555458798251665 
59400 0.20121951219512196 0.955553994122625 
59500 0.18780487804878052 0.9555497325111568 
59600 0.2548780487804878 0.9555388864403568 
59700 0.20121951219512196 0.9555237870346577 
59800 0.21463414634146344 0.955522554276562 
59900 0.22804878048780491 0.9555171520814222 
60000 0.20121951219512196 0.9555210157066488 
60100 0.18780487804878052 0.9555310045163812 
60200 0.21463414634146344 0.9555366048129011 
60300 0.20121951219512196 0.9555392540915675 
60400 0.16097560975609757 0.9555403803280595 
60500 0.17439024390243904 0.9555442240220984 
60600 0.2414634146341464 0.9555464954494431 
60700 0.21463414634146344 0.9555448417493022 
60800 0.20121951219512196 0.9555509657455088 
60900 0.16097560975609757 0.9555456556642709 
61000 0.24146341463414636 0.9555397132633972 
61100 0.20121951219512196 0.9555371334387964 
61200 0.16097560975609757 0.9555444754011273 
61300 0.12073170731707318 0.9555565679308936 
61400 0.16097560975609757 0.9555709547909961 
61500 0.24146341463414636 0.9555726042130586 
61600 0.22804878048780491 0.9555707838129014 
61700 0.21463414634146344 0.9555684257795561 
61800 0.20121951219512196 0.9555753991667196 
61900 0.21463414634146344 0.9555642743468031 
62000 0.14756097560975612 0.955557906029053 
62100 0.24146341463414636 0.9555622115978651 
62200 0.24146341463414636 0.9555614547801561 
62300 0.14756097560975612 0.9555675025378366 
62400 0.20121951219512196 0.9555668373826092 
62500 0.1878048780487805 0.9555629548951607 
62600 0.18780487804878052 0.9555703349241285 
62700 0.13414634146341464 0.9555712244057258 
62800 0.20121951219512196 0.9555782764838683 
62900 0.14756097560975612 0.9555872933890306 
63000 0.17439024390243904 0.955591829552841 
63100 0.18780487804878052 0.9556018110338788 
63200 0.1878048780487805 0.955603994379527 
63300 0.18780487804878052 0.9556096385792849 
63400 0.20121951219512196 0.9556077152741685 
63500 0.18780487804878052 0.9556037335306031 
63600 0.20121951219512196 0.9556062836103589 
63700 0.17439024390243904 0.9556039917434386 
63800 0.22804878048780491 0.9556083970700054 
63900 0.17439024390243904 0.9556196589923208 
64000 0.20121951219512196 0.9556236926176077 
64100 0.24146341463414636 0.9556149670051949 
64200 0.16097560975609757 0.955615813673596 
64300 0.17439024390243904 0.9556282267733954 
64400 0.17439024390243907 0.9556389444036053 
64500 0.18780487804878052 0.9556457528924679 
64600 0.24146341463414636 0.9556420632316724 
64700 0.24146341463414636 0.9556361702857535 
64800 0.13414634146341464 0.9556378232645462 
64900 0.21463414634146344 0.9556349614666391 
65000 0.16097560975609757 0.9556379245197354 
65100 0.13414634146341464 0.9556487461696478 
65200 0.18780487804878052 0.9556559341264032 
65300 0.2682926829268293 0.9556447049516666 
65400 0.14756097560975612 0.955633137182582 
65500 0.20121951219512196 0.9556270971100422 
65600 0.24146341463414636 0.9556246075219704 
65700 0.21463414634146344 0.9556313598820376 
65800 0.22804878048780491 0.9556320220502246 
65900 0.20121951219512196 0.9556388814559608 
66000 0.17439024390243904 0.9556409160097722 
66100 0.1878048780487805 0.9556447432070877 
66200 0.16097560975609757 0.9556469469733896 
66300 0.17439024390243904 0.9556598123634967 
66400 0.24146341463414636 0.9556534007532211 
66500 0.1878048780487805 0.9556510428414611 
66600 0.16097560975609757 0.9556492413319803 
66700 0.17439024390243904 0.955654849947399 
66800 0.13414634146341464 0.9556568818708352 
66900 0.21463414634146344 0.9556501579873574 
67000 0.21463414634146344 0.9556451833081486 
67100 0.17439024390243904 0.9556504919231693 
67200 0.21463414634146344 0.9556546959050043 
67300 0.17439024390243904 0.9556635533629225 
67400 0.22804878048780491 0.9556630664450589 
67500 0.17439024390243904 0.9556620841389523 
67600 0.16097560975609757 0.9556589850561454 
67700 0.20121951219512196 0.9556576063833045 
67800 0.24146341463414636 0.9556507458520109 
67900 0.13414634146341464 0.9556563878329318 
68000 0.21463414634146344 0.9556611165330783 
68100 0.17439024390243904 0.9556618021797609 
68200 0.20121951219512196 0.9556712922813162 
68300 0.22804878048780491 0.9556691488643705 
68400 0.21463414634146344 0.9556580081378071 
68500 0.16097560975609757 0.9556628779854024 
68600 0.18780487804878052 0.9556709334749796 
68700 0.17439024390243904 0.955660770727589 
68800 0.2548780487804878 0.9556568856592768 
68900 0.17439024390243904 0.9556528791220772 
69000 0.10731707317073172 0.9556584722526114 
69100 0.22804878048780491 0.9556674464843085 
69200 0.17439024390243907 0.9556729583422768 
69300 0.22804878048780491 0.9556761226477216 
69400 0.21463414634146344 0.9556726883460244 
69500 0.20121951219512196 0.9556686059263579 
69600 0.1878048780487805 0.9556727265272682 
69700 0.17439024390243904 0.9556727236653006 
69800 0.20121951219512196 0.9556710173625999 
69900 0.16097560975609757 0.9556659139179767 
70000 0.16097560975609757 0.9556645706455065 
70100 0.20121951219512196 0.9556607522038759 
70200 0.22804878048780491 0.9556695825679643 
70300 0.14756097560975612 0.9556713622711539 
70400 0.16097560975609757 0.9556740896488097 
70500 0.18780487804878052 0.9556793607148282 
70600 0.17439024390243904 0.9556780961784207 
70700 0.22804878048780491 0.9556724798800583 
70800 0.12073170731707318 0.9556693339387172 
70900 0.16097560975609757 0.955669378910683 
71000 0.16097560975609757 0.9556757359308921 
71100 0.17439024390243904 0.9556752143378313 
71200 0.20121951219512196 0.9556772633708557 
71300 0.2682926829268293 0.9556751162454192 
71400 0.17439024390243904 0.955669858077413 
71500 0.17439024390243904 0.9556730146363295 
71600 0.16097560975609757 0.9556772268816248 
71700 0.22804878048780491 0.9556850841621762 
71800 0.16097560975609757 0.9556854463267548 
71900 0.17439024390243904 0.9556845354096299 
72000 0.17439024390243904 0.9556842621765754 
72100 0.20121951219512196 0.95569147412116 
72200 0.13414634146341464 0.9556930077652461 
72300 0.2548780487804878 0.9556976575906753 
72400 0.21463414634146344 0.9556925251335634 
72500 0.16097560975609757 0.9556996017885035 
72600 0.17439024390243904 0.9556981762328746 
72700 0.21463414634146344 0.9556990191365167 
72800 0.22804878048780486 0.9556906465034486 
72900 0.17439024390243904 0.9556890718150676 
73000 0.201219512195122 0.9556919283765241 
73100 0.16097560975609757 0.955694026407166 
73200 0.16097560975609757 0.9556926618022344 
73300 0.18780487804878052 0.9556954601823886 
73400 0.18780487804878052 0.9556955095647331 
73500 0.17439024390243904 0.9556971765109551 
73600 0.1878048780487805 0.9557055494672826 
73700 0.20121951219512196 0.9557089356764858 
73800 0.16097560975609757 0.9557078511395675 
73900 0.17439024390243904 0.9557063569884694 
74000 0.21463414634146344 0.9557096871795734 
74100 0.22804878048780491 0.9556975795395934 
74200 0.18780487804878052 0.9556945028352455 
74300 0.2682926829268293 0.9556866746040578 
74400 0.16097560975609757 0.9556876366400793 
74500 0.2682926829268293 0.9556841764441859 
74600 0.16097560975609757 0.955684035818522 
74700 0.17439024390243904 0.9556839363824757 
74800 0.20121951219512196 0.9556740144011379 
74900 0.24146341463414636 0.9556716084744057 
75000 0.24146341463414636 0.9556676642685414 
75100 0.21463414634146344 0.9556561391634875 
75200 0.17439024390243904 0.9556709563086375 
75300 0.12073170731707318 0.9556840336069129 
75400 0.14756097560975612 0.955687897650319 
75500 0.20121951219512196 0.9556913880320113 
75600 0.17439024390243904 0.9556947885255099 
75700 0.10731707317073172 0.9556950789386099 
75800 0.13414634146341464 0.9557079577108353 
75900 0.21463414634146344 0.9557125279688786 
76000 0.13414634146341464 0.9557123125145016 
76100 0.2414634146341464 0.9557074103381866 
76200 0.24146341463414636 0.9557042014364449 
76300 0.22804878048780486 0.9557022795788567 
76400 0.18780487804878052 0.9557037147706853 
76500 0.17439024390243904 0.9557045882709647 
76600 0.2414634146341464 0.9557008027979002 
76700 0.16097560975609757 0.9557004456010845 
76800 0.18780487804878052 0.9557090608893876 
76900 0.22804878048780486 0.9557055618865054 
77000 0.20121951219512196 0.9557060313755824 
77100 0.14756097560975612 0.9557137359579975 
77200 0.22804878048780491 0.9557131668647032 
77300 0.20121951219512196 0.9557002544061999 
77400 0.1878048780487805 0.9556993496964337 
77500 0.12073170731707318 0.9557010830072689 
77600 0.16097560975609757 0.9557049726854789 
77700 0.1878048780487805 0.9557086169277415 
77800 0.22804878048780491 0.9556965378525136 
77900 0.21463414634146344 0.955694547895531 
78000 0.22804878048780491 0.9556907259788101 
78100 0.21463414634146344 0.9556924179790959 
78200 0.21463414634146344 0.9556891543711156 
78300 0.20121951219512196 0.9556876901861827 
78400 0.22804878048780491 0.9556879796518275 
78500 0.20121951219512196 0.955681277634804 
78600 0.29512195121951224 0.9556728859962993 
78700 0.20121951219512196 0.9556631985647438 
78800 0.20121951219512196 0.9556606159201273 
78900 0.2414634146341464 0.9556654588136229 
79000 0.17439024390243904 0.9556728750886451 
79100 0.21463414634146344 0.9556727952932049 
79200 0.17439024390243907 0.9556791827277372 
79300 0.20121951219512196 0.9556795180819238 
79400 0.2548780487804878 0.9556763968384007 
79500 0.2548780487804878 0.9556776168791864 
79600 0.16097560975609757 0.9556763060030193 
79700 0.20121951219512196 0.955673774329116 
79800 0.28170731707317076 0.9556739615403071 
79900 0.20121951219512196 0.955678956061785 
80000 0.14756097560975612 0.9556898069261939 
80100 0.18780487804878052 0.955692599678272 
80200 0.1609756097560976 0.9556868702750194 
80300 0.2548780487804878 0.9556857111702585 
80400 0.21463414634146344 0.9556902049816757 
80500 0.18780487804878052 0.9556851816111359 
80600 0.12073170731707318 0.9556875845212839 
80700 0.14756097560975612 0.9556932682249835 
80800 0.22804878048780491 0.9557020318813972 
80900 0.22804878048780491 0.9557018047652943 
81000 0.1878048780487805 0.9557014276547625 
81100 0.20121951219512196 0.9557069910719576 
81200 0.20121951219512196 0.9557113768573678 
81300 0.20121951219512196 0.9557147768560132 
81400 0.17439024390243904 0.9557185430394125 
81500 0.1878048780487805 0.9557219633097425 
81600 0.28170731707317076 0.9557209291134344 
81700 0.1878048780487805 0.9557201586630131 
81800 0.21463414634146344 0.9557241980165428 
81900 0.1878048780487805 0.9557262545708813 
82000 0.20121951219512196 0.9557302394587097 
82100 0.16097560975609757 0.9557329520658819 
82200 0.21463414634146344 0.9557297237793974 
82300 0.16097560975609757 0.9557322081556072 
82400 0.1878048780487805 0.9557289886074671 
82500 0.2548780487804878 0.9557274398152158 
82600 0.21463414634146344 0.9557260055022071 
82700 0.21463414634146344 0.955719044893137 
82800 0.21463414634146344 0.9557082717570573 
82900 0.20121951219512196 0.9557005034803487 
83000 0.2682926829268293 0.9556934150954984 
83100 0.16097560975609757 0.955692030356243 
83200 0.21463414634146344 0.9556931407074434 
83300 0.18780487804878052 0.9556915400248467 
83400 0.21463414634146344 0.9556838383817706 
83500 0.22804878048780491 0.9556783093878531 
83600 0.2548780487804878 0.9556780450461411 
83700 0.18780487804878052 0.9556729004315885 
83800 0.21463414634146344 0.9556661673226439 
83900 0.21463414634146344 0.9556666451546698 
84000 0.16097560975609757 0.9556688276939792 
84100 0.18780487804878052 0.9556783640808192 
84200 0.16097560975609757 0.9556793688505525 
84300 0.17439024390243904 0.9556889424394178 
84400 0.24146341463414636 0.9556898600496295 
84500 0.12073170731707318 0.9556863737505199 
84600 0.18780487804878052 0.9556834002135131 
84700 0.1878048780487805 0.9556870567082313 
84800 0.22804878048780491 0.9556843769962445 
84900 0.24146341463414636 0.9556756348355229 
85000 0.20121951219512196 0.9556713966923202 
85100 0.17439024390243904 0.955670858529363 
85200 0.22804878048780491 0.9556749019034186 
85300 0.21463414634146344 0.9556687852285494 
85400 0.21463414634146344 0.9556617189894103 
85500 0.13414634146341464 0.955660731111118 
85600 0.20121951219512196 0.9556658002912548 
85700 0.20121951219512196 0.955667051157157 
85800 0.18780487804878052 0.9556762940678672 
85900 0.22804878048780491 0.9556688698078701 
86000 0.16097560975609757 0.9556751467155373 
86100 0.18780487804878052 0.9556724504771905 
86200 0.20121951219512196 0.9556629697861577 
86300 0.16097560975609757 0.9556655576723668 
86400 0.21463414634146344 0.9556702214659327 
86500 0.20121951219512196 0.9556760728270165 
86600 0.13414634146341464 0.9556845158381261 
86700 0.1878048780487805 0.955689950407076 
86800 0.20121951219512196 0.9556974096342039 
86900 0.21463414634146344 0.9556999751048362 
87000 0.2682926829268293 0.9556926174944442 
87100 0.17439024390243904 0.9556895821251528 
87200 0.20121951219512196 0.9556903646495439 
87300 0.16097560975609757 0.9556861165225666 
87400 0.16097560975609757 0.95568801746701 
87500 0.18780487804878052 0.9556890429963031 
87600 0.22804878048780491 0.9556933724723601 
87700 0.20121951219512196 0.9556945633737246 
87800 0.17439024390243904 0.9556988072528759 
87900 0.22804878048780491 0.9556988446814196 
88000 0.21463414634146344 0.9556869642002405 
88100 0.14756097560975612 0.9556942129335483 
88200 0.17439024390243904 0.955701756326528 
88300 0.16097560975609757 0.9557111816262611 
88400 0.24146341463414636 0.9557182059247206 
88500 0.16097560975609757 0.955718186731251 
88600 0.20121951219512196 0.9557123866630366 
88700 0.21463414634146344 0.9557097274730315 
88800 0.2682926829268293 0.9557011003776326 
88900 0.20121951219512196 0.9556932814550358 
89000 0.21463414634146344 0.9556917831287728 
89100 0.18780487804878052 0.9556976106315086 
89200 0.22804878048780491 0.9556953246996848 
89300 0.16097560975609757 0.9556916441271108 
89400 0.20121951219512196 0.9556942125108547 
89500 0.2414634146341464 0.9556920402306447 
89600 0.18780487804878052 0.9556933774966035 
89700 0.21463414634146344 0.9556947797574652 
89800 0.17439024390243904 0.9556983517213263 
89900 0.10731707317073172 0.9557040183225939 
90000 0.2548780487804878 0.9557164134490647 
90100 0.20121951219512196 0.9557214721906934 
90200 0.21463414634146344 0.9557195569461265 
90300 0.16097560975609757 0.9557157890102506 
90400 0.20121951219512196 0.9557123329360969 
90500 0.16097560975609757 0.9557138029198438 
90600 0.20121951219512196 0.9557096500038631 
90700 0.17439024390243904 0.955708833984405 
90800 0.17439024390243904 0.9557072139261387 
90900 0.1878048780487805 0.9557108631448686 
91000 0.2548780487804878 0.9557174860849827 
91100 0.21463414634146344 0.9557208817552001 
91200 0.14756097560975612 0.9557256740071046 
91300 0.24146341463414636 0.9557336280611357 
91400 0.18780487804878052 0.95572935637946 
91500 0.17439024390243904 0.9557251273543326 
91600 0.20121951219512196 0.9557305929933133 
91700 0.2682926829268293 0.9557288321190209 
91800 0.1878048780487805 0.9557335843889261 
91900 0.18780487804878052 0.9557326534571534 
92000 0.18780487804878052 0.955731857103356 
92100 0.22804878048780491 0.9557371202505415 
92200 0.2414634146341464 0.955727789577437 
92300 0.16097560975609757 0.9557261422794616 
92400 0.17439024390243904 0.9557271711503492 
92500 0.13414634146341464 0.9557332735493169 
92600 0.20121951219512196 0.9557398895497362 
92700 0.20121951219512196 0.9557359012361011 
92800 0.17439024390243904 0.9557385578004443 
92900 0.21463414634146344 0.955740880470451 
93000 0.21463414634146344 0.9557368383922439 
93100 0.2682926829268293 0.9557306764408231 
93200 0.21463414634146344 0.9557282241554511 
93300 0.20121951219512196 0.955731136126165 
93400 0.22804878048780491 0.9557305491845938 
93500 0.17439024390243904 0.9557311047410214 
93600 0.17439024390243904 0.9557289881987397 
93700 0.22804878048780491 0.9557279824433765 
93800 0.22804878048780491 0.9557292865201655 
93900 0.21463414634146344 0.9557311073078782 
94000 0.1878048780487805 0.9557314971480584 
94100 0.20121951219512196 0.9557373291955893 
94200 0.16097560975609757 0.9557357373607706 
94300 0.20121951219512196 0.9557357007568654 
94400 0.21463414634146344 0.9557314011504116 
94500 0.14756097560975612 0.9557385313511975 
94600 0.20121951219512196 0.9557472900946491 
94700 0.17439024390243904 0.9557514910214202 
94800 0.2548780487804878 0.955750826956904 
94900 0.14756097560975612 0.9557488471297817 
95000 0.13414634146341464 0.9557488611801519 
95100 0.17439024390243904 0.9557539083608415 
95200 0.18780487804878052 0.9557565751128357 
95300 0.22804878048780491 0.9557558452154548 
95400 0.21463414634146344 0.9557477027008716 
95500 0.22804878048780491 0.9557443658488061 
95600 0.17439024390243904 0.9557509220869973 
95700 0.17439024390243904 0.9557635493780043 
95800 0.22804878048780491 0.9557633570197979 
95900 0.17439024390243904 0.9557590958257003 
96000 0.2548780487804878 0.9557541130796148 
96100 0.20121951219512196 0.9557548511588798 
96200 0.21463414634146344 0.9557506120949506 
96300 0.17439024390243904 0.9557479331192519 
96400 0.22804878048780491 0.9557483906780645 
96500 0.17439024390243904 0.955751374748802 
96600 0.17439024390243904 0.9557514175104485 
96700 0.17439024390243904 0.9557515232394752 
96800 0.18780487804878052 0.9557532980031198 
96900 0.14756097560975612 0.9557619594652929 
97000 0.20121951219512196 0.9557707602209784 
97100 0.28170731707317076 0.9557702490316219 
97200 0.20121951219512196 0.9557742241937188 
97300 0.16097560975609757 0.9557826405413826 
97400 0.20121951219512196 0.9557829325636713 
97500 0.17439024390243904 0.9557882896010322 
97600 0.1878048780487805 0.9557876381214607 
97700 0.17439024390243904 0.9557926673242229 
97800 0.18780487804878052 0.9557913580613296 
97900 0.22804878048780491 0.9557926984975613 
98000 0.18780487804878052 0.9557889964288567 
98100 0.2682926829268293 0.9557912999569135 
98200 0.1878048780487805 0.9557875758058199 
98300 0.18780487804878052 0.9557865264998668 
98400 0.2682926829268293 0.9557872143873216 
98500 0.14756097560975612 0.9557858271093447 
98600 0.20121951219512196 0.9557869471961522 
98700 0.2682926829268293 0.9557877870118201 
98800 0.24146341463414636 0.9557775163231537 
98900 0.22804878048780491 0.9557697325312502 
99000 0.21463414634146344 0.955764212531975 
99100 0.22804878048780491 0.9557667639395236 
99200 0.20121951219512196 0.9557629483967142 
99300 0.16097560975609757 0.9557643906516305 
99400 0.16097560975609757 0.9557738046017596 
99500 0.21463414634146344 0.9557701773312243 
99600 0.22804878048780491 0.9557655778262585 
99700 0.21463414634146344 0.9557662777558559 
99800 0.18780487804878052 0.9557597362654121 
99900 0.1878048780487805 0.9557613561816443 
