0 0.0 1.0 
100 0.17023809523809524 0.970002357378595 
200 0.18333333333333335 0.9657960199004975 
300 0.17023809523809524 0.9636331276696726 
400 0.14404761904761904 0.9617399952499703 
500 0.18333333333333335 0.9625392072996863 
600 0.19642857142857142 0.9619433880041202 
700 0.22261904761904766 0.9614029277902316 
800 0.22261904761904766 0.9616179180785922 
900 0.20952380952380953 0.9604308704613921 
1000 0.17023809523809524 0.9600280671709243 
1100 0.19642857142857142 0.9597552008996151 
1200 0.20952380952380953 0.959507949724436 
1300 0.18333333333333335 0.9591843270744116 
1400 0.20952380952380953 0.9588814112368717 
1500 0.23571428571428577 0.9590273151232511 
1600 0.18333333333333335 0.95863820231403 
1700 0.13095238095238096 0.9590576971529352 
1800 0.2619047619047619 0.9587729039422543 
1900 0.22261904761904766 0.9586167054933493 
2000 0.19642857142857142 0.9586575759739178 
2100 0.13095238095238096 0.9588730423154507 
2200 0.19642857142857142 0.9590513511174574 
2300 0.14404761904761904 0.9589011506384387 
2400 0.17023809523809524 0.9590646754328553 
2500 0.19642857142857148 0.9587843434054949 
2600 0.14404761904761906 0.9589397850643525 
2700 0.20952380952380953 0.9591619506003067 
2800 0.19642857142857142 0.9590569269478587 
2900 0.20952380952380953 0.9591458610331413 
3000 0.20952380952380953 0.9590751495533235 
3100 0.17023809523809524 0.9590550667219484 
3200 0.15714285714285717 0.9590827271239643 
3300 0.18333333333333335 0.9590302722118839 
3400 0.18333333333333335 0.958941522801417 
3500 0.14404761904761906 0.9588212891554794 
3600 0.20952380952380953 0.9587763319712779 
3700 0.19642857142857142 0.9587354125654585 
3800 0.13095238095238096 0.9588610766590245 
3900 0.11785714285714285 0.9590337032018652 
4000 0.18333333333333335 0.9591069494531129 
4100 0.15714285714285717 0.9591062284460237 
4200 0.18333333333333335 0.9591402557214269 
4300 0.17023809523809524 0.9591339500226969 
4400 0.15714285714285717 0.9590941182198851 
4500 0.17023809523809524 0.959231943166069 
4600 0.17023809523809524 0.959381889030335 
4700 0.19642857142857142 0.9594627789426768 
4800 0.19642857142857142 0.9594194165897978 
4900 0.19642857142857142 0.9593887544815927 
5000 0.20952380952380953 0.9594218061149675 
5100 0.15714285714285717 0.9594226388849992 
5200 0.17023809523809524 0.9595144248816619 
5300 0.22261904761904766 0.9594191572120265 
5400 0.18333333333333335 0.9594205438146375 
5500 0.20952380952380953 0.9594002389175994 
5600 0.17023809523809524 0.959410947024766 
5700 0.19642857142857142 0.9592510921225181 
5800 0.19642857142857142 0.9592332192314954 
5900 0.22261904761904766 0.9591861952372883 
6000 0.17023809523809524 0.9592359606732211 
6100 0.17023809523809524 0.9593279985326372 
6200 0.11785714285714285 0.9594660231452684 
6300 0.13095238095238096 0.95956140748634 
6400 0.2357142857142857 0.9596849636589521 
6500 0.15714285714285717 0.9596435713186983 
6600 0.18333333333333335 0.9596187626694368 
6700 0.18333333333333335 0.9595973593138195 
6800 0.17023809523809524 0.9595175079295062 
6900 0.2619047619047619 0.9594580840595911 
7000 0.15714285714285717 0.9593510450887969 
7100 0.275 0.9593429999798821 
7200 0.20952380952380953 0.9592446650928111 
7300 0.18333333333333335 0.959261125351387 
7400 0.18333333333333335 0.9591898778157392 
7500 0.17023809523809524 0.9591959167349116 
7600 0.22261904761904766 0.9591755627392385 
7700 0.13095238095238096 0.9591754472208309 
7800 0.15714285714285714 0.9592619383351341 
7900 0.20952380952380953 0.9592750465583019 
8000 0.15714285714285717 0.9593231649615227 
8100 0.18333333333333335 0.9593803821985528 
8200 0.20952380952380953 0.9593538244464961 
8300 0.14404761904761906 0.9593945938814027 
8400 0.20952380952380953 0.9594517517755823 
8500 0.18333333333333335 0.9594200402193579 
8600 0.20952380952380953 0.9594080976187708 
8700 0.14404761904761906 0.9593906146529408 
8800 0.18333333333333335 0.9593562825652929 
8900 0.18333333333333335 0.9593471306059779 
9000 0.19642857142857142 0.9593530613000671 
9100 0.22261904761904766 0.9593281219750839 
9200 0.18333333333333335 0.9593283079996481 
9300 0.15714285714285717 0.9593240102190753 
9400 0.17023809523809524 0.9593672912202856 
9500 0.15714285714285714 0.9593936853764766 
9600 0.17023809523809524 0.9593665218404829 
9700 0.19642857142857142 0.9593923797742991 
9800 0.24880952380952379 0.9594292492019765 
9900 0.19642857142857148 0.9593436329182718 
10000 0.23571428571428577 0.9592811552178115 
10100 0.20952380952380953 0.9592679414107985 
10200 0.19642857142857142 0.9592494433318862 
10300 0.19642857142857142 0.9592136801327656 
10400 0.19642857142857142 0.9592292522239162 
10500 0.18333333333333335 0.9593065966506591 
10600 0.2619047619047619 0.959231721176349 
10700 0.22261904761904766 0.9592058040859555 
10800 0.2226190476190476 0.9592079216651016 
10900 0.20952380952380953 0.959172323640033 
11000 0.15714285714285714 0.9592096064859904 
11100 0.22261904761904766 0.9592161903046058 
11200 0.14404761904761906 0.9592314249152925 
11300 0.18333333333333335 0.9592648248574716 
11400 0.18333333333333335 0.9592623976175858 
11500 0.17023809523809524 0.9592814910504677 
11600 0.15714285714285717 0.9593236010031976 
11700 0.14404761904761906 0.9593235315662886 
11800 0.20952380952380953 0.9592909297436456 
11900 0.20952380952380953 0.9592976380536249 
12000 0.19642857142857142 0.9592752191285647 
12100 0.17023809523809524 0.9592871112580228 
12200 0.14404761904761904 0.9593112488828004 
12300 0.18333333333333335 0.9593277356467341 
12400 0.15714285714285714 0.959394115681915 
12500 0.14404761904761906 0.9594006289020688 
12600 0.2357142857142857 0.9594072749328285 
12700 0.17023809523809524 0.959416159582485 
12800 0.13095238095238096 0.9594467601117472 
12900 0.14404761904761906 0.9594708881924989 
13000 0.20952380952380953 0.9594928137396025 
13100 0.15714285714285717 0.9595080437334845 
13200 0.15714285714285714 0.9595674570108325 
13300 0.11785714285714288 0.9595901758192188 
13400 0.20952380952380953 0.9595847946670647 
13500 0.19642857142857142 0.9595620782940241 
13600 0.17023809523809524 0.9595716438917307 
13700 0.14404761904761906 0.9595623885639213 
13800 0.17023809523809524 0.9595586586203209 
13900 0.14404761904761906 0.9595556246381727 
14000 0.19642857142857142 0.9595702772931185 
14100 0.14404761904761906 0.9595482083337554 
14200 0.13095238095238096 0.9595568387202779 
14300 0.15714285714285717 0.9595647240785693 
14400 0.14404761904761906 0.9596082530644366 
14500 0.18333333333333335 0.9596296314539884 
14600 0.18333333333333335 0.9596311488776046 
14700 0.18333333333333335 0.9596642275711726 
14800 0.19642857142857142 0.9596524205249967 
14900 0.17023809523809524 0.9596447665704763 
15000 0.19642857142857142 0.959645944238638 
15100 0.20952380952380953 0.9596321277997988 
15200 0.18333333333333335 0.959613206837896 
15300 0.22261904761904766 0.9596036751410583 
15400 0.20952380952380953 0.9595898225532665 
15500 0.23571428571428577 0.9596043726825612 
15600 0.20952380952380953 0.9596070993617625 
15700 0.14404761904761906 0.9596259034153117 
15800 0.20952380952380953 0.9596294010927578 
15900 0.20952380952380953 0.95965250762905 
16000 0.18333333333333335 0.9596582133259528 
16100 0.2619047619047619 0.9595947160927597 
16200 0.22261904761904766 0.9595689272561071 
16300 0.15714285714285714 0.959548932142638 
16400 0.23571428571428577 0.9595162969156933 
16500 0.22261904761904766 0.9594732353883314 
16600 0.18333333333333335 0.9594719265333987 
16700 0.17023809523809524 0.959473662826007 
16800 0.2357142857142857 0.9594769727425522 
16900 0.22261904761904766 0.9594466092454377 
17000 0.18333333333333335 0.959487152016268 
17100 0.17023809523809524 0.9594936316728901 
17200 0.17023809523809522 0.9595263356781583 
17300 0.17023809523809524 0.9595364705040447 
17400 0.14404761904761906 0.9595268197503701 
17500 0.18333333333333335 0.9595264624334392 
17600 0.17023809523809524 0.9595249255318286 
17700 0.20952380952380953 0.9595489627973668 
17800 0.11785714285714285 0.9595359476861921 
17900 0.14404761904761906 0.9595716254212986 
18000 0.19642857142857142 0.959573839813132 
18100 0.19642857142857142 0.9595886901802321 
18200 0.19642857142857142 0.959587679640836 
18300 0.15714285714285717 0.9596167656724457 
18400 0.15714285714285717 0.9596206275021285 
18500 0.13095238095238096 0.9596641816015093 
18600 0.14404761904761906 0.9597170275023617 
18700 0.20952380952380953 0.9597234741712309 
18800 0.14404761904761906 0.9597232036796421 
18900 0.15714285714285717 0.9597267151397886 
19000 0.22261904761904766 0.959731442706023 
19100 0.11785714285714285 0.9597250580248853 
19200 0.17023809523809524 0.9597554752852654 
19300 0.18333333333333335 0.9597354627566793 
19400 0.14404761904761906 0.9597446498830449 
19500 0.17023809523809524 0.9597360391774781 
19600 0.18333333333333335 0.9597340453961289 
19700 0.22261904761904766 0.9597393231187201 
19800 0.17023809523809524 0.9597469524146207 
19900 0.17023809523809524 0.9597567482849629 
20000 0.130952380952381 0.9597633213577417 
20100 0.18333333333333335 0.9597770840588362 
20200 0.19642857142857142 0.959768169185401 
20300 0.19642857142857142 0.9597775209290652 
20400 0.15714285714285717 0.9597809456119097 
20500 0.13095238095238096 0.9597820141177782 
20600 0.18333333333333335 0.9598285797499428 
20700 0.20952380952380953 0.9598240883233154 
20800 0.19642857142857142 0.9598134876757298 
20900 0.17023809523809524 0.9598004253612837 
21000 0.18333333333333335 0.9598029345541369 
21100 0.18333333333333335 0.959824178948865 
21200 0.17023809523809524 0.9598327291390119 
21300 0.15714285714285714 0.9598603407843584 
21400 0.22261904761904766 0.959874343878012 
21500 0.17023809523809524 0.9598819877702255 
21600 0.17023809523809524 0.9598730272628472 
21700 0.17023809523809524 0.959878138159093 
21800 0.14404761904761906 0.959890437529078 
21900 0.18333333333333335 0.9598872686830999 
22000 0.13095238095238096 0.9598896749281959 
22100 0.18333333333333335 0.9598919247351445 
22200 0.14404761904761906 0.9598960310668117 
22300 0.19642857142857142 0.9599182505162057 
22400 0.2357142857142857 0.9598891205962319 
22500 0.20952380952380953 0.9598615722899088 
22600 0.15714285714285717 0.9598500698452028 
22700 0.18333333333333335 0.9598483704305034 
22800 0.19642857142857142 0.9598321972093956 
22900 0.14404761904761906 0.959844626248386 
23000 0.19642857142857142 0.9598392202409419 
23100 0.13095238095238096 0.9598241984989312 
23200 0.20952380952380953 0.9598046882215668 
23300 0.15714285714285717 0.9597891772476554 
23400 0.11785714285714285 0.9598012701939884 
23500 0.17023809523809524 0.9598425143003033 
23600 0.18333333333333335 0.9598399028693296 
23700 0.15714285714285717 0.9598396993496356 
23800 0.14404761904761906 0.9598248673024943 
23900 0.14404761904761906 0.959834939163733 
24000 0.19642857142857142 0.9598239706282079 
24100 0.18333333333333335 0.9598353210003141 
24200 0.19642857142857142 0.9598390759138249 
24300 0.18333333333333335 0.9598229594706077 
24400 0.18333333333333335 0.9598295395778081 
24500 0.19642857142857142 0.9598069126430214 
24600 0.15714285714285717 0.9598343127747421 
24700 0.275 0.9598259468963084 
24800 0.17023809523809527 0.9598202885444327 
24900 0.20952380952380953 0.9598152732439508 
25000 0.19642857142857142 0.959789584607092 
25100 0.19642857142857142 0.959794691351701 
25200 0.20952380952380953 0.9598056624737114 
25300 0.18333333333333335 0.9598077245205817 
25400 0.20952380952380953 0.9598041462559592 
25500 0.18333333333333335 0.9597975616269017 
25600 0.18333333333333335 0.9597692891460713 
25700 0.2619047619047619 0.9597551327445106 
25800 0.19642857142857142 0.9597527366048935 
25900 0.17023809523809524 0.9597232410589037 
26000 0.13095238095238096 0.9597086238441379 
26100 0.10476190476190476 0.9597393869236902 
26200 0.17023809523809524 0.959767984137283 
26300 0.20952380952380953 0.959754381962663 
26400 0.15714285714285717 0.9597574541729119 
26500 0.19642857142857142 0.9597561233089138 
26600 0.22261904761904766 0.959748201374456 
26700 0.19642857142857142 0.9597220587422265 
26800 0.18333333333333335 0.9597084374961133 
26900 0.19642857142857142 0.9596807562473337 
27000 0.19642857142857142 0.9596619878276114 
27100 0.17023809523809524 0.9596668590686339 
27200 0.19642857142857142 0.9596725698109838 
27300 0.17023809523809524 0.9596785657598448 
27400 0.11785714285714285 0.9596764803509082 
27500 0.18333333333333335 0.9596759252044514 
27600 0.18333333333333335 0.959676344542382 
27700 0.17023809523809524 0.9596721409404164 
27800 0.2357142857142857 0.9596372432646307 
27900 0.18333333333333335 0.959622969649492 
28000 0.18333333333333335 0.9596126243790613 
28100 0.18333333333333335 0.959620569340864 
28200 0.13095238095238096 0.9596182210694993 
28300 0.19642857142857142 0.9596163100412067 
28400 0.20952380952380953 0.9596285593565619 
28500 0.19642857142857142 0.9596368590241612 
28600 0.19642857142857142 0.9596229360944756 
28700 0.130952380952381 0.9596212426645164 
28800 0.17023809523809524 0.959627827902801 
28900 0.20952380952380953 0.9596339556548545 
29000 0.275 0.9596092540322911 
29100 0.17023809523809524 0.959601596901432 
29200 0.14404761904761906 0.959606018874109 
29300 0.15714285714285717 0.9596182317847107 
29400 0.19642857142857142 0.9596288432042318 
29500 0.13095238095238096 0.9596453348635479 
29600 0.18333333333333335 0.9596850412067803 
29700 0.2357142857142857 0.9596935168128057 
29800 0.17023809523809524 0.9596755701710233 
29900 0.19642857142857142 0.9596713798391836 
30000 0.17023809523809524 0.9596947958877561 
30100 0.17023809523809524 0.959694722212994 
30200 0.15714285714285717 0.9596905100903312 
30300 0.24880952380952379 0.9596898617207353 
30400 0.14404761904761906 0.9596918608567074 
30500 0.18333333333333335 0.959692285654959 
30600 0.22261904761904766 0.9596951391255499 
30700 0.18333333333333335 0.9596757744822955 
30800 0.22261904761904766 0.959673348577118 
30900 0.17023809523809524 0.9596877932752985 
31000 0.18333333333333335 0.9596738238858654 
31100 0.11785714285714285 0.9596919062470813 
31200 0.19642857142857142 0.9597000477701417 
31300 0.15714285714285717 0.9596985338974413 
31400 0.13095238095238096 0.9597082137208248 
31500 0.14404761904761906 0.9597236897997191 
31600 0.19642857142857142 0.9597220213043288 
31700 0.14404761904761906 0.9597362295916758 
31800 0.2357142857142857 0.9597312565792331 
31900 0.19642857142857142 0.9597325654816016 
32000 0.18333333333333335 0.9597462356087086 
32100 0.18333333333333335 0.9597409997611704 
32200 0.19642857142857142 0.9597467950566457 
32300 0.15714285714285714 0.9597565164575473 
32400 0.18333333333333335 0.9597511136487556 
32500 0.22261904761904766 0.9597637838249665 
32600 0.18333333333333335 0.9597659690544111 
32700 0.13095238095238096 0.9597776972016292 
32800 0.19642857142857142 0.9597819135885811 
32900 0.18333333333333335 0.9597689171410335 
33000 0.2226190476190476 0.9597428324682802 
33100 0.20952380952380953 0.9597491839550236 
33200 0.18333333333333335 0.9597437541324774 
33300 0.18333333333333335 0.9597417530719083 
33400 0.19642857142857142 0.9597417242996716 
33500 0.19642857142857142 0.9597464929973661 
33600 0.11785714285714285 0.9597430844603548 
33700 0.11785714285714285 0.9597585065301156 
33800 0.17023809523809524 0.959760981994052 
33900 0.15714285714285717 0.9597490451890027 
34000 0.17023809523809524 0.9597516214509098 
34100 0.11785714285714285 0.959762124696804 
34200 0.17023809523809524 0.9597918850882946 
34300 0.10476190476190476 0.959816526243161 
34400 0.17023809523809524 0.9598247593854553 
34500 0.13095238095238096 0.9598439865787189 
34600 0.18333333333333335 0.9598439213840503 
34700 0.20952380952380953 0.9598225006552576 
34800 0.20952380952380953 0.9598163401161159 
34900 0.22261904761904766 0.9598073155224096 
35000 0.20952380952380953 0.9598067606231658 
35100 0.20952380952380953 0.9598186729180148 
35200 0.17023809523809524 0.95981005680304 
35300 0.15714285714285717 0.959809245927203 
35400 0.14404761904761906 0.9598177714915237 
35500 0.20952380952380953 0.9598224764963026 
35600 0.22261904761904766 0.9598235603333775 
35700 0.19642857142857142 0.9598291397733291 
35800 0.13095238095238096 0.9598240472133659 
35900 0.15714285714285717 0.9598250347184917 
36000 0.15714285714285717 0.9598445347417598 
36100 0.18333333333333335 0.9598407609075597 
36200 0.20952380952380953 0.9598430916799194 
36300 0.18333333333333335 0.9598339315065438 
36400 0.19642857142857142 0.9598365135180744 
36500 0.13095238095238096 0.9598454412860182 
36600 0.17023809523809524 0.9598405781262807 
36700 0.18333333333333335 0.9598364713041425 
36800 0.19642857142857148 0.959841444525964 
36900 0.20952380952380953 0.959833163638616 
37000 0.17023809523809524 0.9598344188895795 
37100 0.13095238095238096 0.9598432079227746 
37200 0.22261904761904766 0.9598437894014625 
37300 0.19642857142857142 0.9598367080673185 
37400 0.2357142857142857 0.9598232985876365 
37500 0.17023809523809524 0.9598266268455063 
37600 0.18333333333333335 0.9598208349322016 
37700 0.17023809523809524 0.9598227311136119 
37800 0.18333333333333335 0.9598395765544121 
37900 0.15714285714285717 0.9598363091311826 
38000 0.15714285714285717 0.9598397159974487 
38100 0.14404761904761906 0.9598383400760635 
38200 0.18333333333333335 0.959843204054743 
38300 0.18333333333333335 0.9598370084829315 
38400 0.13095238095238096 0.9598579712085871 
38500 0.15714285714285717 0.9598700899543735 
38600 0.19642857142857142 0.9598546978180925 
38700 0.15714285714285714 0.9598613023411479 
38800 0.14404761904761906 0.9598775375205106 
38900 0.15714285714285717 0.959890246425297 
39000 0.19642857142857142 0.9599038058853192 
39100 0.18333333333333335 0.9599091516353863 
39200 0.18333333333333335 0.9599010320436432 
39300 0.19642857142857148 0.9599032527949731 
39400 0.17023809523809524 0.95988408561059 
39500 0.20952380952380953 0.9598867900872914 
39600 0.18333333333333335 0.959872345695936 
39700 0.23571428571428577 0.9598802387129507 
39800 0.20952380952380953 0.9598715663999827 
39900 0.15714285714285717 0.9598686809377017 
40000 0.22261904761904766 0.9598587416266974 
40100 0.15714285714285717 0.9598639922291452 
40200 0.19642857142857142 0.9598515228832261 
40300 0.20952380952380953 0.9598253056464391 
40400 0.18333333333333335 0.9598203604106923 
40500 0.18333333333333335 0.9598116184080111 
40600 0.18333333333333335 0.9598086371318558 
40700 0.18333333333333335 0.9598230738451494 
40800 0.20952380952380953 0.9598076056725967 
40900 0.15714285714285717 0.9598042922457363 
41000 0.15714285714285717 0.9598166014533908 
41100 0.18333333333333335 0.9598300093497899 
41200 0.13095238095238096 0.9598476140777905 
41300 0.14404761904761906 0.9598576392131632 
41400 0.20952380952380953 0.9598727198905939 
41500 0.19642857142857142 0.9598684369051348 
41600 0.2880952380952381 0.9598620998121611 
41700 0.09166666666666667 0.9598547225657487 
41800 0.13095238095238096 0.9598775690032478 
41900 0.19642857142857142 0.9598841827845909 
42000 0.130952380952381 0.9598952292519113 
42100 0.14404761904761906 0.9599098992106284 
42200 0.17023809523809524 0.9599146967855647 
42300 0.13095238095238096 0.9599264370649799 
42400 0.17023809523809524 0.9599334191354427 
42500 0.14404761904761906 0.9599355365307931 
42600 0.11785714285714285 0.959948961627326 
42700 0.15714285714285714 0.9599582813383427 
42800 0.20952380952380953 0.9599490610477504 
42900 0.17023809523809524 0.9599434217872599 
43000 0.18333333333333335 0.9599410617250319 
43100 0.17023809523809524 0.959935743397844 
43200 0.18333333333333335 0.9599422301732433 
43300 0.17023809523809524 0.9599396142836248 
43400 0.13095238095238096 0.9599433192783576 
43500 0.17023809523809524 0.9599419444106922 
43600 0.15714285714285717 0.9599435110160208 
43700 0.19642857142857142 0.9599492247643892 
43800 0.18333333333333335 0.9599445843267331 
43900 0.2357142857142857 0.9599509475323807 
44000 0.2619047619047619 0.9599359078419213 
44100 0.14404761904761904 0.9599323414543024 
44200 0.19642857142857142 0.9599227312245683 
44300 0.24880952380952384 0.9598999968827964 
44400 0.2357142857142857 0.9598704608755058 
44500 0.13095238095238096 0.9598712870015762 
44600 0.17023809523809524 0.9598726432569844 
44700 0.19642857142857142 0.9598782545612594 
44800 0.15714285714285717 0.9598771976815994 
44900 0.22261904761904766 0.9598738255909032 
45000 0.19642857142857142 0.9598832327535578 
45100 0.19642857142857142 0.9598689079853577 
45200 0.14404761904761906 0.9598849345937353 
45300 0.14404761904761906 0.9598895246714831 
45400 0.22261904761904766 0.9599007809771339 
45500 0.13095238095238096 0.9599044657312608 
45600 0.22261904761904766 0.9599015424682625 
45700 0.19642857142857142 0.9598889286573911 
45800 0.14404761904761904 0.9598857921588321 
45900 0.20952380952380953 0.9598781305729411 
46000 0.17023809523809524 0.9598756134701005 
46100 0.22261904761904766 0.9598598728877898 
46200 0.19642857142857142 0.9598452955563732 
46300 0.18333333333333335 0.9598433156334174 
46400 0.17023809523809527 0.9598512860457646 
46500 0.17023809523809524 0.9598434135057003 
46600 0.18333333333333335 0.9598424083480734 
46700 0.17023809523809524 0.9598412800378497 
46800 0.15714285714285717 0.9598435905419196 
46900 0.14404761904761906 0.9598580749115919 
47000 0.17023809523809524 0.9598628094032448 
47100 0.17023809523809524 0.959861268237152 
47200 0.18333333333333335 0.9598513474795227 
47300 0.15714285714285717 0.9598415315894862 
47400 0.18333333333333335 0.9598438123165977 
47500 0.17023809523809524 0.9598331137890831 
47600 0.19642857142857142 0.9598452188379396 
47700 0.19642857142857142 0.9598227700128079 
47800 0.2357142857142857 0.9598164164726579 
47900 0.20952380952380953 0.9598231993367272 
48000 0.19642857142857142 0.9598186074496464 
48100 0.20952380952380953 0.9598142202765807 
48200 0.20952380952380953 0.9598257198773785 
48300 0.14404761904761906 0.9598144965942734 
48400 0.15714285714285717 0.9598214593165627 
48500 0.18333333333333335 0.9598316455919907 
48600 0.19642857142857142 0.9598260519820776 
48700 0.18333333333333335 0.9598229258028338 
48800 0.19642857142857142 0.959828228539423 
48900 0.17023809523809524 0.9598151902629316 
49000 0.18333333333333335 0.9598036021616663 
49100 0.15714285714285717 0.959804123376403 
49200 0.22261904761904766 0.9598016179500803 
49300 0.17023809523809524 0.9597967079775258 
49400 0.18333333333333335 0.9597988063669426 
49500 0.14404761904761906 0.9598010165258807 
49600 0.19642857142857142 0.9598114381334478 
49700 0.18333333333333335 0.9598027154766455 
49800 0.19642857142857142 0.9598049044721803 
49900 0.17023809523809524 0.9598073829038639 
50000 0.18333333333333335 0.959812172804163 
50100 0.18333333333333335 0.959830190633967 
50200 0.17023809523809524 0.9598292838977786 
50300 0.11785714285714285 0.9598380842565849 
50400 0.2357142857142857 0.9598511603605748 
50500 0.17023809523809524 0.9598473886891443 
50600 0.22261904761904766 0.9598518074647499 
50700 0.17023809523809524 0.9598424141159985 
50800 0.14404761904761906 0.9598518636209823 
50900 0.14404761904761906 0.9598479447966688 
51000 0.17023809523809524 0.9598504020929561 
51100 0.15714285714285717 0.9598521508758099 
51200 0.22261904761904766 0.9598507539380277 
51300 0.18333333333333335 0.9598498265605144 
51400 0.18333333333333335 0.9598453129038623 
51500 0.2357142857142857 0.9598456132613237 
51600 0.17023809523809524 0.9598562366362409 
51700 0.23571428571428577 0.9598456924016391 
51800 0.18333333333333335 0.9598468521015866 
51900 0.20952380952380953 0.959840495320303 
52000 0.20952380952380953 0.9598343346877029 
52100 0.19642857142857142 0.9598395081531201 
52200 0.19642857142857142 0.9598325178043479 
52300 0.20952380952380953 0.9598278872934233 
52400 0.18333333333333335 0.9598198666692112 
52500 0.18333333333333335 0.9598144842592568 
52600 0.19642857142857142 0.9598098012802582 
52700 0.18333333333333335 0.9598151882904544 
52800 0.13095238095238096 0.959819427572169 
52900 0.17023809523809524 0.9598219067782497 
53000 0.20952380952380953 0.959833978873714 
53100 0.20952380952380953 0.9598247634113248 
53200 0.20952380952380953 0.9598034430967552 
53300 0.18333333333333335 0.9598102890055668 
53400 0.18333333333333335 0.9598237414851336 
53500 0.17023809523809524 0.9598178961496937 
53600 0.2619047619047619 0.9598146267704671 
53700 0.14404761904761906 0.959815581602187 
53800 0.18333333333333335 0.9598153158774708 
53900 0.14404761904761906 0.959823057439521 
54000 0.19642857142857142 0.9598377146454959 
54100 0.13095238095238096 0.9598418654351077 
54200 0.20952380952380953 0.9598444634214269 
54300 0.15714285714285714 0.959845626801576 
54400 0.18333333333333335 0.9598442146109009 
54500 0.10476190476190476 0.9598567872498626 
54600 0.17023809523809524 0.9598681146603804 
54700 0.14404761904761906 0.959870858546157 
54800 0.20952380952380953 0.9598698450931987 
54900 0.23571428571428577 0.9598588606678168 
55000 0.17023809523809524 0.9598554918049109 
55100 0.17023809523809524 0.9598509468759101 
55200 0.19642857142857142 0.9598638870413838 
55300 0.19642857142857142 0.9598610117271624 
55400 0.22261904761904766 0.959856803770948 
55500 0.18333333333333335 0.9598558284235119 
55600 0.13095238095238096 0.9598591387958936 
55700 0.19642857142857142 0.9598625975766871 
55800 0.15714285714285717 0.9598664706469674 
55900 0.15714285714285717 0.959860160947798 
56000 0.18333333333333335 0.95985961347629 
56100 0.24880952380952384 0.9598450626039261 
56200 0.15714285714285717 0.9598501043448642 
56300 0.2619047619047619 0.9598312344955389 
56400 0.18333333333333335 0.9598305838886679 
56500 0.19642857142857142 0.9598368886854931 
56600 0.19642857142857142 0.9598340745283821 
56700 0.11785714285714285 0.9598311128299577 
56800 0.18333333333333335 0.9598442473765971 
56900 0.22261904761904766 0.9598368323094163 
57000 0.17023809523809524 0.9598451071451545 
57100 0.2357142857142857 0.9598542390634474 
57200 0.20952380952380953 0.9598393530416135 
57300 0.24880952380952384 0.9598310633654694 
57400 0.18333333333333335 0.959818913889836 
57500 0.2357142857142857 0.9598209368615536 
57600 0.23571428571428577 0.9598165458436981 
57700 0.17023809523809524 0.9598096942282919 
57800 0.2226190476190476 0.9598056982866502 
57900 0.17023809523809524 0.9598122534276486 
58000 0.14404761904761906 0.9598250974326387 
58100 0.15714285714285717 0.9598405096707622 
58200 0.14404761904761906 0.9598418575691303 
58300 0.11785714285714285 0.9598508071004255 
58400 0.19642857142857142 0.9598620702026466 
58500 0.15714285714285714 0.9598585412866365 
58600 0.19642857142857142 0.9598517232356671 
58700 0.2880952380952381 0.9598431031839322 
58800 0.13095238095238096 0.9598300583647347 
58900 0.19642857142857142 0.959826304590188 
59000 0.19642857142857142 0.9598175696779958 
59100 0.2357142857142857 0.9598099721944919 
59200 0.20952380952380953 0.9598019981966199 
59300 0.2357142857142857 0.9597926458318778 
59400 0.20952380952380953 0.9597878843630178 
59500 0.23571428571428577 0.9597904917164257 
59600 0.17023809523809524 0.9597884463427827 
59700 0.14404761904761906 0.9597933371938414 
59800 0.17023809523809524 0.959789850623616 
59900 0.24880952380952384 0.9597911951545447 
60000 0.14404761904761906 0.9597906503145582 
60100 0.15714285714285717 0.9597867894599647 
60200 0.22261904761904766 0.9597826942441234 
60300 0.19642857142857142 0.9597828078346644 
60400 0.18333333333333335 0.9597744952188587 
60500 0.13095238095238096 0.9597697027439924 
60600 0.14404761904761906 0.9597787754563221 
60700 0.17023809523809524 0.9597868866991287 
60800 0.2357142857142857 0.9597927685243273 
60900 0.2357142857142857 0.9597762977541224 
61000 0.15714285714285714 0.9597695900379463 
61100 0.17023809523809524 0.9597681648885803 
61200 0.15714285714285714 0.9597766648693105 
61300 0.19642857142857142 0.9597772233964955 
61400 0.20952380952380953 0.959772690610747 
61500 0.17023809523809524 0.9597733505688254 
61600 0.11785714285714285 0.9597772937359551 
61700 0.20952380952380953 0.9597835876704939 
61800 0.23571428571428577 0.9597755102591189 
61900 0.18333333333333335 0.9597618336037343 
62000 0.18333333333333335 0.9597500731555021 
62100 0.14404761904761906 0.959750811082714 
62200 0.19642857142857142 0.9597577668709966 
62300 0.17023809523809524 0.9597573435724107 
62400 0.14404761904761906 0.9597628834550118 
62500 0.17023809523809524 0.959759215281127 
62600 0.15714285714285717 0.9597500914712301 
62700 0.130952380952381 0.9597588441287106 
62800 0.19642857142857142 0.9597606972439777 
62900 0.18333333333333335 0.9597748938051557 
63000 0.20952380952380953 0.9597726528906193 
63100 0.17023809523809524 0.9597828707718012 
63200 0.11785714285714288 0.9597927266822933 
63300 0.17023809523809524 0.9598044791288184 
63400 0.19642857142857142 0.9598125330004559 
63500 0.20952380952380953 0.9598226705841153 
63600 0.15714285714285717 0.9598301557852115 
63700 0.22261904761904766 0.9598290674961371 
63800 0.18333333333333335 0.9598293820592452 
63900 0.22261904761904766 0.959827599761834 
64000 0.17023809523809524 0.9598307057702223 
64100 0.14404761904761906 0.9598303662895089 
64200 0.18333333333333335 0.9598259020590838 
64300 0.2619047619047619 0.9598272373754092 
64400 0.2226190476190476 0.9598090664815172 
64500 0.20952380952380953 0.9598009646952687 
64600 0.18333333333333335 0.9597913676701156 
64700 0.13095238095238096 0.9597952320601507 
64800 0.20952380952380953 0.9597961910493739 
64900 0.20952380952380953 0.9597927906312985 
65000 0.20952380952380953 0.9597828989444118 
65100 0.20952380952380953 0.9597810380354044 
65200 0.19642857142857142 0.9597743443169511 
65300 0.18333333333333335 0.9597706791480624 
65400 0.275 0.9597671162010775 
65500 0.17023809523809524 0.9597577027177339 
65600 0.17023809523809524 0.9597527186359673 
65700 0.19642857142857148 0.9597410907712501 
65800 0.15714285714285717 0.9597607975273208 
65900 0.14404761904761906 0.9597591282305854 
66000 0.17023809523809524 0.9597665277077332 
66100 0.17023809523809524 0.9597670159877993 
66200 0.11785714285714288 0.959764895293626 
66300 0.15714285714285714 0.9597643970032773 
66400 0.17023809523809524 0.9597712957564466 
66500 0.20952380952380953 0.9597757122878926 
66600 0.2226190476190476 0.9597702844444636 
66700 0.17023809523809524 0.9597647836364273 
66800 0.17023809523809524 0.9597674525117602 
66900 0.19642857142857142 0.9597669103814378 
67000 0.15714285714285717 0.9597700123168027 
67100 0.15714285714285714 0.959769290571924 
67200 0.15714285714285717 0.9597661351411295 
67300 0.15714285714285717 0.959766969074966 
67400 0.20952380952380953 0.9597708473309354 
67500 0.19642857142857142 0.9597677917999099 
67600 0.14404761904761906 0.9597709969773622 
67700 0.19642857142857142 0.9597688294679476 
67800 0.19642857142857142 0.9597627616111857 
67900 0.17023809523809524 0.9597574129282057 
68000 0.20952380952380953 0.9597579009692434 
68100 0.18333333333333335 0.9597534054810747 
68200 0.19642857142857148 0.9597527197269137 
68300 0.22261904761904766 0.9597504672942807 
68400 0.22261904761904766 0.9597502664608775 
68500 0.17023809523809524 0.9597376837043047 
68600 0.20952380952380953 0.9597345085903927 
68700 0.14404761904761906 0.9597455519812909 
68800 0.18333333333333335 0.9597495122233135 
68900 0.15714285714285714 0.9597509556499629 
69000 0.22261904761904766 0.9597490305523523 
69100 0.22261904761904766 0.9597526670760054 
69200 0.18333333333333335 0.9597494978396266 
69300 0.22261904761904766 0.9597517918727209 
69400 0.19642857142857142 0.9597570811728389 
69500 0.19642857142857142 0.9597494229271111 
69600 0.17023809523809524 0.9597496546642392 
69700 0.17023809523809524 0.9597378018078582 
69800 0.20952380952380953 0.9597353633219882 
69900 0.14404761904761904 0.9597336556258818 
70000 0.17023809523809524 0.9597423268102973 
70100 0.17023809523809524 0.9597497420388678 
70200 0.13095238095238096 0.9597532781719973 
70300 0.14404761904761906 0.9597586246487044 
70400 0.15714285714285717 0.9597583756588955 
70500 0.2226190476190476 0.9597581273754306 
70600 0.22261904761904766 0.9597546760095803 
70700 0.18333333333333335 0.9597439939894431 
70800 0.18333333333333332 0.959735317835839 
70900 0.15714285714285714 0.9597372862630053 
71000 0.24880952380952379 0.9597309913810738 
71100 0.11785714285714285 0.9597326254871508 
71200 0.17023809523809524 0.9597362613954726 
71300 0.15714285714285717 0.9597285752353704 
71400 0.14404761904761906 0.9597299974456807 
71500 0.22261904761904766 0.9597304999397278 
71600 0.17023809523809524 0.9597301281373432 
71700 0.15714285714285717 0.9597333270904769 
71800 0.18333333333333335 0.9597417813520305 
71900 0.17023809523809524 0.9597390360157916 
72000 0.19642857142857142 0.9597370010072611 
72100 0.20952380952380953 0.9597379849430792 
72200 0.20952380952380953 0.9597289082528206 
72300 0.19642857142857142 0.9597250433208788 
72400 0.2357142857142857 0.9597189692854808 
72500 0.20952380952380953 0.9597174685932083 
72600 0.19642857142857142 0.9597170378736748 
72700 0.17023809523809524 0.9597093624178877 
72800 0.13095238095238096 0.9597192869538029 
72900 0.17023809523809524 0.9597225705963927 
73000 0.18333333333333335 0.959722624478073 
73100 0.18333333333333335 0.9597289073630026 
73200 0.17023809523809524 0.9597319204590622 
73300 0.15714285714285717 0.9597368336428854 
73400 0.13095238095238096 0.9597347188081646 
73500 0.10476190476190476 0.9597298562831345 
73600 0.19642857142857142 0.9597307894367377 
73700 0.18333333333333335 0.9597265511678138 
73800 0.17023809523809524 0.9597353097551266 
73900 0.20952380952380953 0.9597344194710942 
74000 0.14404761904761906 0.9597336120296959 
74100 0.13095238095238096 0.9597382690677653 
74200 0.22261904761904766 0.9597372580654477 
74300 0.14404761904761906 0.9597402553705295 
74400 0.15714285714285717 0.9597420045557503 
74500 0.18333333333333335 0.9597395145223362 
74600 0.19642857142857142 0.9597407014842773 
74700 0.18333333333333335 0.9597376222413035 
74800 0.15714285714285717 0.9597376944922432 
74900 0.18333333333333335 0.9597370910554313 
75000 0.130952380952381 0.9597426002573934 
75100 0.19642857142857142 0.95974052561598 
75200 0.17023809523809524 0.9597406727747415 
75300 0.14404761904761906 0.9597333099984127 
75400 0.2357142857142857 0.9597261641092293 
75500 0.14404761904761904 0.9597302716268028 
75600 0.17023809523809524 0.9597342501768369 
75700 0.14404761904761906 0.9597392797226684 
75800 0.14404761904761906 0.9597423721008832 
75900 0.20952380952380953 0.9597463581946658 
76000 0.19642857142857142 0.9597491198424081 
76100 0.14404761904761906 0.9597561761593771 
76200 0.18333333333333335 0.9597545823358149 
76300 0.14404761904761906 0.9597558401219232 
76400 0.2357142857142857 0.9597623145670618 
76500 0.19642857142857142 0.9597554280336205 
76600 0.19642857142857142 0.9597557473140037 
76700 0.2226190476190476 0.9597531555744291 
76800 0.19642857142857142 0.9597472766661644 
76900 0.10476190476190476 0.9597581708331243 
77000 0.19642857142857142 0.9597528804511506 
77100 0.19642857142857142 0.9597496496555847 
77200 0.24880952380952379 0.9597494342227247 
77300 0.14404761904761906 0.9597485648248252 
77400 0.20952380952380953 0.9597530039909661 
77500 0.18333333333333335 0.9597541291325887 
77600 0.2357142857142857 0.9597603139012078 
77700 0.20952380952380953 0.9597593966738186 
77800 0.130952380952381 0.9597579462499258 
77900 0.10476190476190476 0.9597650574202544 
78000 0.18333333333333335 0.9597668467009886 
78100 0.19642857142857142 0.9597673357636418 
78200 0.19642857142857142 0.9597581187306702 
78300 0.15714285714285717 0.9597582375947276 
78400 0.17023809523809524 0.9597448040325044 
78500 0.17023809523809524 0.9597384943837537 
78600 0.2357142857142857 0.9597361008372001 
78700 0.17023809523809524 0.959728721605159 
78800 0.11785714285714285 0.9597364307076113 
78900 0.20952380952380953 0.9597440448277257 
79000 0.19642857142857142 0.9597470435877544 
79100 0.19642857142857142 0.9597537220346982 
79200 0.18333333333333335 0.9597551978961305 
79300 0.20952380952380953 0.9597553940051198 
79400 0.14404761904761904 0.9597648854128621 
79500 0.17023809523809524 0.9597736790971781 
79600 0.2226190476190476 0.9597711218631496 
79700 0.17023809523809524 0.9597625216508606 
79800 0.2357142857142857 0.9597592389043937 
79900 0.19642857142857142 0.9597526120121269 
80000 0.15714285714285714 0.9597499078880561 
80100 0.20952380952380953 0.9597483623354087 
80200 0.20952380952380953 0.9597435921414114 
80300 0.22261904761904766 0.9597486555050907 
80400 0.14404761904761906 0.9597525957684724 
80500 0.20952380952380953 0.9597551583210147 
80600 0.18333333333333335 0.9597556467159511 
80700 0.15714285714285714 0.9597598955816327 
80800 0.17023809523809524 0.9597649074357283 
80900 0.18333333333333335 0.9597732546127807 
81000 0.2357142857142857 0.9597689784547045 
81100 0.17023809523809524 0.9597649330258977 
81200 0.18333333333333335 0.95976734833784 
81300 0.24880952380952384 0.959768220211665 
81400 0.15714285714285717 0.9597670424664257 
81500 0.17023809523809524 0.9597669996453447 
81600 0.19642857142857142 0.9597596989065844 
81700 0.22261904761904766 0.9597513960603151 
81800 0.18333333333333335 0.9597429679809479 
81900 0.19642857142857142 0.9597423733415663 
82000 0.20952380952380953 0.9597396387732786 
82100 0.19642857142857142 0.9597424209205735 
82200 0.17023809523809524 0.9597363619721925 
82300 0.17023809523809524 0.9597354166268882 
82400 0.15714285714285717 0.959747223363563 
82500 0.13095238095238096 0.9597531213185871 
82600 0.13095238095238096 0.9597568431374923 
82700 0.14404761904761904 0.9597605919430927 
82800 0.18333333333333335 0.9597603419213363 
82900 0.19642857142857142 0.9597572204597452 
83000 0.14404761904761906 0.9597591982540657 
83100 0.20952380952380953 0.9597651466574524 
83200 0.19642857142857142 0.9597656793273432 
83300 0.14404761904761906 0.9597668895531466 
83400 0.13095238095238096 0.9597766256656738 
83500 0.2357142857142857 0.9597719388590157 
83600 0.15714285714285717 0.9597781212459865 
83700 0.19642857142857142 0.95977835077353 
83800 0.18333333333333335 0.9597877781319805 
83900 0.15714285714285714 0.9597881374931112 
84000 0.11785714285714285 0.9597912241407557 
84100 0.19642857142857142 0.959791153890362 
84200 0.14404761904761906 0.9598003798733303 
84300 0.19642857142857142 0.9598073597952009 
84400 0.19642857142857142 0.9598035681138962 
84500 0.11785714285714288 0.9598012646793135 
84600 0.15714285714285717 0.9597977354202163 
84700 0.18333333333333335 0.9597961822005812 
84800 0.15714285714285717 0.9597915090848547 
84900 0.18333333333333335 0.959795891124733 
85000 0.19642857142857142 0.9597994925549895 
85100 0.17023809523809524 0.9598011970090442 
85200 0.20952380952380953 0.9598027228050643 
85300 0.17023809523809524 0.9598036867764069 
85400 0.17023809523809524 0.9598053106325843 
85500 0.20952380952380953 0.9598034498064907 
85600 0.15714285714285717 0.9598059045816666 
85700 0.14404761904761904 0.9598079716244907 
85800 0.10476190476190476 0.9598148553602162 
85900 0.2357142857142857 0.9598167685835466 
86000 0.15714285714285717 0.9598096104641086 
86100 0.13095238095238096 0.9598228285053931 
86200 0.14404761904761906 0.9598248293992833 
86300 0.15714285714285714 0.9598229287195811 
86400 0.18333333333333335 0.9598175533682646 
86500 0.20952380952380953 0.9598154246496462 
86600 0.13095238095238096 0.9598175623178221 
86700 0.19642857142857142 0.9598182533183283 
86800 0.14404761904761906 0.9598181541138707 
86900 0.15714285714285717 0.9598198017886802 
87000 0.23571428571428577 0.9598194957802894 
87100 0.15714285714285717 0.9598177211895769 
87200 0.17023809523809524 0.9598230838877448 
87300 0.19642857142857142 0.9598236956321342 
87400 0.19642857142857142 0.9598248848629279 
87500 0.2357142857142857 0.9598283162478143 
87600 0.18333333333333335 0.9598238237658735 
87700 0.18333333333333335 0.9598248730399447 
87800 0.18333333333333335 0.9598288350658768 
87900 0.11785714285714285 0.9598343117067307 
88000 0.20952380952380953 0.9598435975565213 
88100 0.22261904761904766 0.9598416806252131 
88200 0.2226190476190476 0.9598365624296453 
88300 0.20952380952380953 0.9598363093552842 
88400 0.275 0.9598363935228055 
88500 0.17023809523809524 0.959832004857626 
88600 0.17023809523809524 0.9598310187835136 
88700 0.17023809523809524 0.9598279210896318 
88800 0.22261904761904766 0.9598244952196484 
88900 0.22261904761904766 0.9598240230839976 
89000 0.13095238095238096 0.9598255249673492 
89100 0.13095238095238096 0.9598290610281216 
89200 0.13095238095238096 0.9598303870712532 
89300 0.17023809523809524 0.9598287773133239 
89400 0.18333333333333335 0.95982810328637 
89500 0.15714285714285714 0.9598314211440042 
89600 0.19642857142857142 0.9598340340589311 
89700 0.17023809523809527 0.9598347167653809 
89800 0.19642857142857142 0.9598333100013203 
89900 0.13095238095238096 0.9598338595735733 
90000 0.14404761904761904 0.9598392028448361 
90100 0.18333333333333335 0.9598429817649082 
90200 0.11785714285714285 0.959845366512144 
90300 0.20952380952380953 0.9598511736673274 
90400 0.18333333333333335 0.9598547621944764 
90500 0.2357142857142857 0.9598544622763968 
90600 0.11785714285714285 0.9598539987732712 
90700 0.14404761904761906 0.9598570144918862 
90800 0.20952380952380953 0.9598479943843706 
90900 0.18333333333333335 0.9598370296623067 
91000 0.22261904761904766 0.9598391383454185 
91100 0.15714285714285714 0.9598387922143973 
91200 0.20952380952380953 0.9598354772112461 
91300 0.2357142857142857 0.9598377762513424 
91400 0.19642857142857142 0.9598321902802981 
91500 0.19642857142857142 0.95982817778208 
91600 0.20952380952380953 0.9598275855794879 
91700 0.2226190476190476 0.959827968329784 
91800 0.22261904761904766 0.9598296794671289 
91900 0.19642857142857142 0.9598235497722446 
92000 0.15714285714285717 0.9598330582328038 
92100 0.22261904761904766 0.9598336918941472 
92200 0.18333333333333335 0.9598289658050398 
92300 0.18333333333333335 0.9598318596352203 
92400 0.18333333333333335 0.9598313974132417 
92500 0.19642857142857142 0.9598346362793504 
92600 0.15714285714285714 0.9598366146925288 
92700 0.15714285714285717 0.9598348646262099 
92800 0.19642857142857148 0.9598346256531514 
92900 0.18333333333333335 0.9598371423035582 
93000 0.14404761904761906 0.959843429742947 
93100 0.17023809523809527 0.9598484249823924 
93200 0.17023809523809524 0.9598533775695233 
93300 0.14404761904761906 0.9598541088979294 
93400 0.20952380952380953 0.9598632827934441 
93500 0.18333333333333335 0.9598637473192291 
93600 0.18333333333333335 0.9598653555288634 
93700 0.20952380952380953 0.9598648957347103 
93800 0.17023809523809524 0.9598603439094212 
93900 0.17023809523809524 0.9598615068757825 
94000 0.24880952380952379 0.9598629839804136 
94100 0.13095238095238096 0.9598652802637085 
94200 0.22261904761904766 0.959863969950779 
94300 0.17023809523809524 0.9598630095827898 
94400 0.15714285714285714 0.9598613576530919 
94500 0.17023809523809524 0.9598610634505758 
94600 0.18333333333333335 0.9598567743922972 
94700 0.14404761904761906 0.959853720054246 
94800 0.20952380952380953 0.9598508291302935 
94900 0.19642857142857142 0.9598498573199841 
95000 0.18333333333333335 0.9598451908526276 
95100 0.17023809523809524 0.9598443834900339 
95200 0.14404761904761906 0.9598442030670946 
95300 0.20952380952380953 0.9598448662158644 
95400 0.15714285714285714 0.9598483356718334 
95500 0.20952380952380953 0.9598478088736044 
95600 0.15714285714285717 0.9598409946399246 
95700 0.22261904761904766 0.9598419071602476 
95800 0.18333333333333335 0.9598368219637831 
95900 0.17023809523809524 0.9598348197372191 
96000 0.17023809523809524 0.9598371309128229 
96100 0.20952380952380953 0.9598393443703326 
96200 0.15714285714285714 0.9598405632354085 
96300 0.19642857142857142 0.959845859040182 
96400 0.20952380952380953 0.9598430551253914 
96500 0.18333333333333335 0.959842785986427 
96600 0.20952380952380953 0.9598424557864678 
96700 0.19642857142857142 0.9598444037856505 
96800 0.18333333333333335 0.9598478850326714 
96900 0.18333333333333335 0.959844233510785 
97000 0.2357142857142857 0.9598381656350131 
97100 0.18333333333333335 0.9598341331877804 
97200 0.19642857142857142 0.9598345794012505 
97300 0.17023809523809524 0.959831445964682 
97400 0.17023809523809524 0.9598328718146533 
97500 0.20952380952380953 0.9598395449912357 
97600 0.14404761904761906 0.959840654686891 
97700 0.15714285714285717 0.9598364921448872 
97800 0.18333333333333335 0.9598370549332196 
97900 0.18333333333333335 0.9598407477719232 
98000 0.15714285714285714 0.9598402421549634 
98100 0.13095238095238096 0.959843893878078 
98200 0.17023809523809524 0.9598530237544861 
98300 0.15714285714285714 0.9598548990200652 
98400 0.18333333333333335 0.9598559235993053 
98500 0.15714285714285717 0.9598589402766518 
98600 0.18333333333333335 0.9598599888632444 
98700 0.15714285714285717 0.9598565725922592 
98800 0.20952380952380953 0.9598583444065777 
98900 0.19642857142857142 0.9598568024493951 
99000 0.20952380952380953 0.9598587808877351 
99100 0.15714285714285717 0.959861175779784 
99200 0.22261904761904766 0.9598624257819982 
99300 0.17023809523809524 0.9598660110361906 
99400 0.18333333333333335 0.9598687507215842 
99500 0.17023809523809524 0.9598736385037527 
99600 0.20952380952380953 0.9598766638411069 
99700 0.22261904761904766 0.9598741904962504 
99800 0.19642857142857142 0.9598719010354415 
99900 0.19642857142857142 0.9598705992742339 
