0 0.011733333333333333 0.9973333333333333 
100 0.11733333333333333 0.9796963696369637 
200 0.11733333333333336 0.9763051409618574 
300 0.08213333333333335 0.9774440753045405 
400 0.08213333333333335 0.9781346633416459 
500 0.08213333333333334 0.9781343978709248 
600 0.1056 0.9779389905712701 
700 0.1056 0.9781569186875891 
800 0.09386666666666667 0.978220557636288 
900 0.09386666666666667 0.978299667036626 
1000 0.1056 0.9781951381951381 
1100 0.09386666666666667 0.9782573418104753 
1200 0.058666666666666666 0.978473494310297 
1300 0.1056 0.9786010760953113 
1400 0.11733333333333333 0.9785086842731382 
1500 0.0704 0.9785227626027093 
1600 0.09386666666666667 0.9785883822610868 
1700 0.09386666666666667 0.9786635312561238 
1800 0.09386666666666667 0.9786163242642976 
1900 0.11733333333333333 0.9788027354024198 
2000 0.1056 0.9787812760286524 
2100 0.08213333333333334 0.9788824369347929 
2200 0.11733333333333333 0.9788350749659246 
2300 0.09386666666666667 0.9788578878748371 
2400 0.1290666666666667 0.978691100930168 
2500 0.11733333333333333 0.9786464081034253 
2600 0.11733333333333333 0.9786154043316673 
2700 0.1056 0.9786133530791065 
2800 0.11733333333333333 0.9785314768535047 
2900 0.1408 0.9783256348385614 
3000 0.08213333333333335 0.9783316672220371 
3100 0.058666666666666666 0.9783949263678383 
3200 0.1290666666666667 0.9783467666354264 
3300 0.1056 0.9781536908007674 
3400 0.07039999999999999 0.9782879545231794 
3500 0.1056 0.9783932209844807 
3600 0.1290666666666667 0.9783630473016754 
3700 0.14079999999999998 0.9782480410699811 
3800 0.1056 0.9782050337630448 
3900 0.0704 0.9781854225412288 
4000 0.0704 0.9782014496375906 
4100 0.07039999999999999 0.9782264488336179 
4200 0.1642666666666667 0.9781283821312385 
4300 0.09386666666666667 0.9780199953499186 
4400 0.1056 0.9780449897750512 
4500 0.11733333333333333 0.9779942235058876 
4600 0.0704 0.978085343765848 
4700 0.09386666666666667 0.9781561369921293 
4800 0.11733333333333333 0.9781467749774353 
4900 0.09386666666666667 0.9781116778888662 
5000 0.09386666666666667 0.978135572885423 
5100 0.15253333333333335 0.9780576357576946 
5200 0.11733333333333333 0.9779785938601551 
5300 0.1056 0.9779291957492297 
5400 0.1056 0.9779848176263655 
5500 0.046933333333333334 0.9780965884990608 
5600 0.09386666666666667 0.9780263048265191 
5700 0.0704 0.9780815061685084 
5800 0.08213333333333335 0.9781702005401367 
5900 0.0704 0.9783028865164096 
6000 0.09386666666666667 0.9783022829528412 
6100 0.11733333333333333 0.9782584275801781 
6200 0.0704 0.9782933935386765 
6300 0.09386666666666667 0.9783661852615987 
6400 0.1056 0.9783329688069572 
6500 0.08213333333333334 0.9783237450648619 
6600 0.11733333333333333 0.9783091450790284 
6700 0.11733333333333333 0.9782842361836542 
6800 0.08213333333333335 0.9783416164289566 
6900 0.08213333333333335 0.9783416896102014 
7000 0.08213333333333335 0.9783756606199114 
7100 0.0704 0.9784191897854763 
7200 0.058666666666666666 0.9785007637828079 
7300 0.09386666666666667 0.9785307948682829 
7400 0.1056 0.9784202134846642 
7500 0.08213333333333335 0.9784174554503844 
7600 0.0704 0.9785031794062184 
7700 0.08213333333333335 0.9785267714149678 
7800 0.1408 0.9785606973464941 
7900 0.0704 0.9784864363160781 
8000 0.09386666666666667 0.9784750239553389 
8100 0.058666666666666666 0.9784796938649549 
8200 0.08213333333333334 0.9785086371580701 
8300 0.08213333333333335 0.9785413805565595 
8400 0.10560000000000003 0.978564139189779 
8500 0.1056 0.9785681684507705 
8600 0.1056 0.9785088555594311 
8700 0.11733333333333333 0.9784640845879784 
8800 0.1056 0.9784345718289589 
8900 0.08213333333333334 0.9784066209789162 
9000 0.08213333333333334 0.9783727733955486 
9100 0.11733333333333333 0.9783364465443358 
9200 0.1290666666666667 0.9782777234358584 
9300 0.1290666666666667 0.9782457800236534 
9400 0.1056 0.9782014679289437 
9500 0.058666666666666666 0.9781951373539628 
9600 0.08213333333333335 0.9782389334444329 
9700 0.1056 0.9782807270728103 
9800 0.0704 0.9782754140733939 
9900 0.08213333333333334 0.9782941790391543 
10000 0.08213333333333335 0.9783216345032163 
10100 0.058666666666666666 0.9783564663564663 
10200 0.08213333333333335 0.9783791131588406 
10300 0.08213333333333335 0.9783847522894218 
10400 0.1056 0.9783887446719867 
10500 0.1408 0.9783672666095292 
10600 0.09386666666666667 0.9783044366883628 
10700 0.1290666666666667 0.9783143008441578 
10800 0.11733333333333333 0.9783042310897139 
10900 0.08213333333333334 0.9782892089410757 
11000 0.09386666666666667 0.9783122746416992 
11100 0.09386666666666667 0.9783116235774555 
11200 0.08213333333333335 0.9783064607326727 
11300 0.08213333333333335 0.978333716780226 
11400 0.09386666666666667 0.9783600268982253 
11500 0.09386666666666667 0.9783715039271947 
11600 0.11733333333333333 0.9783871505330001 
11700 0.09386666666666667 0.9783437313050166 
11800 0.1056 0.9783358472445838 
11900 0.09386666666666667 0.9783652914320925 
12000 0.08213333333333335 0.9783920228869817 
12100 0.1290666666666667 0.9783740186761425 
12200 0.1290666666666667 0.9783283337431358 
12300 0.058666666666666666 0.9783276156410048 
12400 0.1056 0.978336585759213 
12500 0.08213333333333334 0.9783795429698957 
12600 0.1290666666666667 0.978395788694019 
12700 0.1056 0.9783933023646432 
12800 0.11733333333333336 0.9783664817852772 
12900 0.1056 0.9783272614526006 
13000 0.1056 0.9782995154218906 
13100 0.1408 0.9782685291199145 
13200 0.1056 0.9782325581395349 
13300 0.1408 0.9781776808761246 
13400 0.046933333333333334 0.9782062035171505 
13500 0.0704 0.9782370688590969 
13600 0.07039999999999999 0.9782864985417739 
13700 0.1056 0.978292582049972 
13800 0.08213333333333334 0.9782612854141004 
13900 0.11733333333333333 0.9782688056015155 
14000 0.08213333333333334 0.9782842177939671 
14100 0.0704 0.9783171879062951 
14200 0.09386666666666667 0.9783151421261413 
14300 0.08213333333333335 0.9782825443442184 
14400 0.15253333333333335 0.9782757678864894 
14500 0.09386666666666667 0.9782746017516033 
14600 0.09386666666666667 0.978275643220784 
14700 0.0704 0.9783165771035984 
14800 0.11733333333333333 0.9783317343422742 
14900 0.11733333333333333 0.9783228866071628 
15000 0.11733333333333333 0.9783043797080194 
15100 0.07039999999999999 0.9783214356665122 
15200 0.1290666666666667 0.9783194965243515 
15300 0.11733333333333333 0.9782971919046686 
15400 0.08213333333333335 0.9783156937861178 
15500 0.11733333333333333 0.9783102165451691 
15600 0.058666666666666666 0.9783309616904899 
15700 0.1056 0.9783670679149948 
15800 0.11733333333333333 0.9783622133620234 
15900 0.09386666666666667 0.9783696622853909 
16000 0.11733333333333333 0.9783865175093224 
16100 0.08213333333333335 0.9783996853197524 
16200 0.1056 0.9783906343229842 
16300 0.09386666666666667 0.9784050876224363 
16400 0.0704 0.9784109099038677 
16500 0.11733333333333336 0.9784119750318162 
16600 0.1056 0.9783963215067365 
16700 0.058666666666666666 0.9784040077440472 
16800 0.08213333333333335 0.978434140824951 
16900 0.11733333333333333 0.9784224207640574 
17000 0.1056 0.9784133482344176 
17100 0.08213333333333335 0.9784330740892345 
17200 0.11733333333333333 0.9784539658546983 
17300 0.09386666666666667 0.9784302256131631 
17400 0.058666666666666666 0.9784429247361263 
17500 0.09386666666666667 0.9784577643182294 
17600 0.1056 0.9784657689903983 
17700 0.09386666666666667 0.9784745871231381 
17800 0.12906666666666666 0.9784404621463214 
17900 0.1290666666666667 0.9784041859858853 
18000 0.09386666666666667 0.9783766087069237 
18100 0.08213333333333334 0.978383809365965 
18200 0.09386666666666667 0.9783969378971852 
18300 0.0704 0.9783979746097663 
18400 0.08213333333333334 0.978400014491966 
18500 0.046933333333333334 0.9784053474586959 
18600 0.08213333333333334 0.9784385785710445 
18700 0.09386666666666667 0.9784323832950109 
18800 0.11733333333333333 0.9784405794018048 
18900 0.08213333333333334 0.9784512283300707 
19000 0.08213333333333335 0.97846092310931 
19100 0.11733333333333336 0.9784673053766818 
19200 0.1056 0.9784654271478916 
19300 0.0704 0.9784798715092482 
19400 0.1056 0.978505300414068 
19500 0.1056 0.9784943678101977 
19600 0.0704 0.9784990561706035 
19700 0.08213333333333334 0.9785107354956601 
19800 0.1056 0.9785208154470313 
19900 0.11733333333333333 0.9785183324121066 
20000 0.058666666666666666 0.9785397396796827 
20100 0.1056 0.978535727907401 
20200 0.09386666666666667 0.9785256835470191 
20300 0.09386666666666667 0.9785368865244733 
20400 0.1056 0.9785351698446154 
20500 0.08213333333333335 0.9785338601369039 
20600 0.1056 0.9785390353219099 
20700 0.1056 0.9785454486900794 
20800 0.0352 0.9785551335672964 
20900 0.1290666666666667 0.9785501810120728 
21000 0.0704 0.9785485770518865 
21100 0.1056 0.9785516642181256 
21200 0.08213333333333335 0.9785393770734084 
21300 0.10560000000000003 0.9785487379309266 
21400 0.09386666666666667 0.978560628008037 
21500 0.1056 0.978536688216052 
21600 0.08213333333333334 0.9785356850763082 
21700 0.08213333333333335 0.9785343225350598 
21800 0.0704 0.9785504640459918 
21900 0.0704 0.978563170631478 
22000 0.08213333333333335 0.9785665500053028 
22100 0.09386666666666667 0.97856350391385 
22200 0.09386666666666667 0.9785571220515592 
22300 0.08213333333333334 0.9785684946863369 
22400 0.09386666666666667 0.9785610761424341 
22500 0.08213333333333334 0.9785513532731879 
22600 0.08213333333333334 0.9785466719761663 
22700 0.1290666666666667 0.9785616492665521 
22800 0.1056 0.9785497127318977 
22900 0.12906666666666666 0.9785501069822279 
23000 0.09386666666666667 0.9785416865933365 
23100 0.09386666666666667 0.9785343780211535 
23200 0.0704 0.9785483959024754 
23300 0.11733333333333333 0.9785463857059068 
23400 0.08213333333333335 0.9785336808968278 
23500 0.1290666666666667 0.9785344737103385 
23600 0.09386666666666667 0.9785253167238677 
23700 0.09386666666666667 0.9785288384456352 
23800 0.12906666666666666 0.9785213506435304 
23900 0.0704 0.9785169379244941 
24000 0.0704 0.978518783939558 
24100 0.11733333333333333 0.9785155249436399 
24200 0.058666666666666666 0.9785312452653472 
24300 0.09386666666666667 0.9785535300330577 
24400 0.09386666666666667 0.9785676543311066 
24500 0.09386666666666667 0.9785681672856891 
24600 0.058666666666666666 0.9785566440388602 
24700 0.1290666666666667 0.9785542825526632 
24800 0.11733333333333333 0.9785454887571737 
24900 0.11733333333333336 0.9785400854048699 
25000 0.1056 0.9785353652520565 
25100 0.10560000000000003 0.978522077473673 
25200 0.08213333333333335 0.9785093184132905 
25300 0.09386666666666667 0.9785163695769601 
25400 0.0704 0.9785194808603336 
25500 0.08213333333333335 0.9785247637347555 
25600 0.1056 0.978532296915485 
25700 0.09386666666666667 0.9785287731994864 
25800 0.0704 0.9785170083846879 
25900 0.0704 0.9785220133070796 
26000 0.1056 0.9785274925323385 
26100 0.08213333333333334 0.9785104529839215 
26200 0.09386666666666667 0.9785117616375966 
26300 0.0704 0.9785226924198066 
26400 0.1056 0.978512632097269 
26500 0.09386666666666667 0.978506572079041 
26600 0.1290666666666667 0.978513088480383 
26700 0.11733333333333336 0.9784996816598629 
26800 0.09386666666666667 0.9785038866708954 
26900 0.1056 0.9784937858567835 
27000 0.11733333333333336 0.9784874140463934 
27100 0.1056 0.9784953568749001 
27200 0.058666666666666666 0.9785109861157065 
27300 0.1056 0.9785154634140386 
27400 0.09386666666666667 0.9785098840674915 
27500 0.09386666666666667 0.9785207325794214 
27600 0.1056 0.9785154644155405 
27700 0.09386666666666667 0.9785188982347207 
27800 0.1056 0.9785144419265493 
27900 0.11733333333333333 0.9785114512024659 
28000 0.08213333333333334 0.9785219099317881 
28100 0.1056 0.978539980783602 
28200 0.1056 0.9785393898561516 
28300 0.09386666666666667 0.9785232559509087 
28400 0.1056 0.978510334143164 
28500 0.15253333333333335 0.9784977837034958 
28600 0.09386666666666667 0.9785009848140508 
28700 0.11733333333333336 0.9784961731879261 
28800 0.15253333333333335 0.9784793583556126 
28900 0.1056 0.9784955999215713 
29000 0.1056 0.9784957300322977 
29100 0.1408 0.9784754246704008 
29200 0.09386666666666667 0.978480736961063 
29300 0.0704 0.9785039418449882 
29400 0.08213333333333334 0.9785093024046801 
29500 0.0704 0.9785121860275923 
29600 0.1290666666666667 0.9785091044221479 
29700 0.08213333333333334 0.9785120590776966 
29800 0.08213333333333334 0.978522957842578 
29900 0.09386666666666667 0.9785205845958329 
30000 0.1408 0.9785282712798462 
30100 0.1290666666666667 0.9785111015137925 
30200 0.14079999999999998 0.9784966060726465 
30300 0.0704 0.9784983113868629 
30400 0.09386666666666667 0.9785032509895508 
30500 0.11733333333333333 0.9784984536026141 
30600 0.1290666666666667 0.9784731217934054 
30700 0.11733333333333333 0.978459854727859 
30800 0.08213333333333335 0.9784505697866952 
30900 0.08213333333333335 0.9784624877296312 
31000 0.09386666666666667 0.9784687375676053 
31100 0.09386666666666667 0.9784638864773909 
31200 0.08213333333333334 0.9784692370971015 
31300 0.11733333333333333 0.9784640746302035 
31400 0.08213333333333335 0.9784612379648207 
31500 0.10560000000000003 0.9784565569347005 
31600 0.08213333333333335 0.9784608503950297 
31700 0.1408 0.9784594807734772 
31800 0.1290666666666667 0.9784458769640367 
31900 0.1290666666666667 0.9784156400530809 
32000 0.09386666666666667 0.978409424705478 
32100 0.058666666666666666 0.9784258434316688 
32200 0.09386666666666667 0.9784289928884197 
32300 0.11733333333333333 0.9784256834153742 
32400 0.1056 0.978438854767857 
32500 0.11733333333333333 0.9784430838025496 
32600 0.09386666666666667 0.9784408249235709 
32700 0.08213333333333335 0.9784365411863042 
32800 0.08213333333333335 0.9784420393687184 
32900 0.1290666666666667 0.9784492872557066 
33000 0.0704 0.978443319899397 
33100 0.08213333333333334 0.9784532592167406 
33200 0.08213333333333335 0.9784677971547042 
33300 0.11733333333333333 0.9784705564397466 
33400 0.1056 0.978460844485694 
33500 0.08213333333333335 0.9784647224460962 
33600 0.11733333333333333 0.9784592125234368 
33700 0.07039999999999999 0.9784481172665499 
33800 0.15253333333333335 0.9784393755608808 
33900 0.09386666666666667 0.9784396527142759 
34000 0.09386666666666667 0.9784241639951766 
34100 0.1408 0.9784032921810699 
34200 0.1408 0.9783972008615732 
34300 0.0704 0.978388346306716 
34400 0.11733333333333333 0.9783797757817118 
34500 0.08213333333333335 0.9783800662782721 
34600 0.1056 0.9783756538828358 
34700 0.08213333333333334 0.9783814875651998 
34800 0.09386666666666667 0.9783789354712029 
34900 0.10560000000000003 0.9783813644308186 
35000 0.08213333333333335 0.9783852270887499 
35100 0.10560000000000003 0.9783843575206784 
35200 0.11733333333333333 0.9783752355520203 
35300 0.1408 0.9783666940502158 
35400 0.058666666666666666 0.978382380912027 
35500 0.1056 0.9784017351623898 
35600 0.08213333333333335 0.9783982097881145 
35700 0.0704 0.9783944053854701 
35800 0.1408 0.9783821308529557 
35900 0.09386666666666667 0.9783701475353519 
36000 0.09386666666666667 0.978362452894827 
36100 0.1056 0.9783505904730248 
36200 0.058666666666666666 0.9783508006224506 
36300 0.15253333333333335 0.9783432963279248 
36400 0.11733333333333336 0.9783307784584673 
36500 0.0704 0.9783267307744993 
36600 0.11733333333333333 0.9783332695827983 
36700 0.08213333333333335 0.9783282925987484 
36800 0.0704 0.978345805820494 
36900 0.1056 0.9783510112643741 
37000 0.1056 0.9783600803581886 
37100 0.08213333333333335 0.9783642130041419 
37200 0.1056 0.9783691836240961 
37300 0.11733333333333336 0.9783676934487905 
37400 0.11733333333333336 0.9783647139559548 
37500 0.11733333333333336 0.9783559193977049 
37600 0.11733333333333333 0.9783551855890358 
37700 0.1408 0.9783427141631964 
37800 0.08213333333333334 0.9783396911898274 
37900 0.0704 0.9783596914769179 
38000 0.08213333333333335 0.9783666043876038 
38100 0.1056 0.97836858175201 
38200 0.11733333333333333 0.9783645454307479 
38300 0.1056 0.9783686065637973 
38400 0.11733333333333333 0.9783727159882989 
38500 0.08213333333333335 0.9783705704613733 
38600 0.09386666666666667 0.9783594552818148 
38700 0.1056 0.9783648656796121 
38800 0.11733333333333336 0.978356846473029 
38900 0.08213333333333334 0.9783582598562162 
39000 0.1056 0.9783617855952411 
39100 0.08213333333333335 0.978362565322285 
39200 0.1290666666666667 0.9783670144469103 
39300 0.12906666666666666 0.9783597024672824 
39400 0.08213333333333335 0.9783719871746064 
39500 0.09386666666666667 0.9783867075095145 
39600 0.1056 0.9783822967433482 
39700 0.09386666666666667 0.9783856326037128 
39800 0.1290666666666667 0.9783914977010628 
39900 0.0704 0.9783886452302782 
40000 0.1056 0.9783909402264943 
40100 0.1290666666666667 0.9783851109282395 
40200 0.1056 0.9783834232979279 
40300 0.1290666666666667 0.9783680471121478 
40400 0.09386666666666667 0.9783670701220267 
40500 0.11733333333333336 0.9783595137568619 
40600 0.11733333333333336 0.9783567892416443 
40700 0.1056 0.9783454296782225 
40800 0.09386666666666667 0.978341315163844 
40900 0.09386666666666667 0.9783384595323668 
41000 0.08213333333333335 0.9783440078697268 
41100 0.09386666666666667 0.9783383697071442 
41200 0.1056 0.9783344417206702 
41300 0.0704 0.9783346650202174 
41400 0.10560000000000003 0.9783352092944615 
41500 0.1056 0.9783300322080593 
41600 0.0704 0.9783384694278182 
41700 0.1408 0.9783403435569091 
41800 0.11733333333333333 0.9783328309530075 
41900 0.09386666666666667 0.9783321002680923 
42000 0.11733333333333333 0.9783313095719943 
42100 0.07039999999999999 0.9783200082341671 
42200 0.09386666666666667 0.9783283492492278 
42300 0.08213333333333334 0.9783362725861485 
42400 0.09386666666666667 0.9783400077042208 
42500 0.11733333333333333 0.9783358822929656 
42600 0.08213333333333335 0.9783370343419169 
42700 0.08213333333333334 0.9783422402285661 
42800 0.11733333333333333 0.9783469856623288 
42900 0.1290666666666667 0.9783413284849615 
43000 0.09386666666666667 0.9783279458617241 
43100 0.1056 0.9783309590651416 
43200 0.0704 0.9783379705716688 
43300 0.09386666666666667 0.978347597822991 
43400 0.1056 0.9783477800050691 
43500 0.09386666666666667 0.9783495551826394 
43600 0.1290666666666667 0.9783537074837733 
43700 0.1056 0.9783530201444666 
43800 0.1290666666666667 0.9783485612961652 
43900 0.0704 0.9783503185196997 
44000 0.0704 0.9783472193813777 
44100 0.08213333333333335 0.9783576789641958 
44200 0.1408 0.9783490267942656 
44300 0.11733333333333333 0.978334454451743 
44400 0.11733333333333333 0.9783297973769359 
44500 0.09386666666666667 0.9783168318314944 
44600 0.09386666666666667 0.9783130124137724 
44700 0.08213333333333335 0.9783081959389425 
44800 0.08213333333333334 0.9783187577658237 
44900 0.0704 0.9783140687289815 
45000 0.1408 0.9783082746309342 
45100 0.09386666666666667 0.9782979534821844 
45200 0.1056 0.978305199737469 
45300 0.1056 0.9783094707254438 
45400 0.058666666666666666 0.9783145452009133 
45500 0.0704 0.9783188354834692 
45600 0.09386666666666667 0.9783236917319065 
45700 0.11733333333333333 0.9783243838573918 
45800 0.10560000000000003 0.9783110994665327 
45900 0.1056 0.9783109445691088 
46000 0.058666666666666666 0.9783270798460904 
46100 0.09386666666666667 0.9783289154971331 
46200 0.1290666666666667 0.9783190840025108 
46300 0.1056 0.9783075671511774 
46400 0.11733333333333336 0.9783027664633664 
46500 0.058666666666666666 0.9783095704035039 
46600 0.08213333333333335 0.9783153151219931 
46700 0.058666666666666666 0.9783092724638301 
46800 0.1290666666666667 0.9782992101308376 
46900 0.1290666666666667 0.9782932275786586 
47000 0.15253333333333335 0.9782746750069148 
47100 0.07039999999999999 0.9782746580044301 
47200 0.1056 0.9782729461946428 
47300 0.1408 0.978267520771231 
47400 0.09386666666666667 0.9782654374380287 
47500 0.09386666666666667 0.978284078229932 
47600 0.08213333333333335 0.9782862264798359 
47700 0.08213333333333334 0.9782999937108237 
47800 0.058666666666666666 0.978311695013354 
47900 0.1056 0.978315442266341 
48000 0.09386666666666667 0.9783237849211475 
48100 0.08213333333333335 0.9783171798230113 
48200 0.09386666666666667 0.9783195092771243 
48300 0.1290666666666667 0.978321056154807 
48400 0.0704 0.978333009648561 
48500 0.1290666666666667 0.9783385909568875 
48600 0.1056 0.9783324622950145 
48700 0.0704 0.9783405405775377 
48800 0.09386666666666667 0.9783454710627515 
48900 0.08213333333333334 0.9783460733590997 
49000 0.1056 0.9783534757794059 
49100 0.1056 0.9783512352090589 
49200 0.09386666666666667 0.9783521473140789 
49300 0.08213333333333332 0.9783598169070269 
49400 0.09386666666666667 0.9783567674068676 
49500 0.0704 0.9783543228082935 
49600 0.10560000000000003 0.9783568342036115 
49700 0.08213333333333334 0.9783510190941832 
49800 0.1056 0.9783577036605691 
49900 0.0704 0.9783502535019338 
50000 0.08213333333333335 0.9783613394398779 
50100 0.11733333333333333 0.9783584359593621 
50200 0.08213333333333334 0.9783580937962724 
50300 0.0704 0.9783660232069608 
50400 0.10560000000000003 0.9783732333353174 
50500 0.11733333333333333 0.9783662633743226 
50600 0.11733333333333336 0.9783647490497552 
50700 0.14079999999999998 0.9783554564998718 
50800 0.1056 0.9783447307467701 
50900 0.1408 0.9783344662514817 
51000 0.08213333333333334 0.978328372646288 
51100 0.0704 0.978336966660796 
51200 0.09386666666666667 0.9783409959440896 
51300 0.1290666666666667 0.9783436060375691 
51400 0.09386666666666667 0.9783347405692496 
51500 0.09386666666666667 0.9783331068005152 
51600 0.1056 0.9783300323637139 
51700 0.08213333333333334 0.9783292392797045 
51800 0.1290666666666667 0.9783263900954293 
51900 0.11733333333333333 0.9783195956404179 
52000 0.09386666666666667 0.9783186220777805 
52100 0.09386666666666667 0.978319341279438 
52200 0.1056 0.9783178100036398 
52300 0.09386666666666667 0.9783089934545547 
52400 0.08213333333333335 0.9783124749527681 
52500 0.10560000000000003 0.9783047687980546 
52600 0.11733333333333333 0.9783054568037363 
52700 0.07039999999999999 0.9783062939982163 
52800 0.0704 0.978312430951434 
52900 0.058666666666666666 0.9783152177337543 
53000 0.08213333333333335 0.9783258429086243 
53100 0.1056 0.9783236222795553 
53200 0.1056 0.9783241167145981 
53300 0.11733333333333336 0.9783240589607449 
53400 0.1290666666666667 0.978315512193904 
53500 0.1290666666666667 0.9783036578755537 
53600 0.09386666666666667 0.9782997083387748 
53700 0.1056 0.9783032221622192 
53800 0.08213333333333335 0.978303749000948 
53900 0.08213333333333334 0.9783077370240503 
54000 0.1056 0.9783027721708857 
54100 0.11733333333333336 0.9783026561431397 
54200 0.08213333333333335 0.9782973253876005 
54300 0.09386666666666667 0.9783032602223409 
54400 0.1056 0.9783034870682524 
54500 0.09386666666666667 0.978300826284533 
54600 0.1290666666666667 0.9783005195265044 
54700 0.11733333333333333 0.9782895864182861 
54800 0.1056 0.9782878901236596 
54900 0.09386666666666667 0.9782849857015354 
55000 0.11733333333333333 0.9782801039981092 
55100 0.1408 0.9782738365304925 
55200 0.08213333333333334 0.9782702487273781 
55300 0.08213333333333334 0.9782655648179961 
55400 0.1056 0.9782680697701004 
55500 0.08213333333333335 0.9782684516194904 
55600 0.11733333333333333 0.9782654268808115 
55700 0.08213333333333335 0.9782648067359653 
55800 0.0704 0.9782653357466712 
55900 0.11733333333333333 0.9782676278897814 
56000 0.09386666666666667 0.9782691499556555 
56100 0.08213333333333335 0.9782685751293797 
56200 0.08213333333333335 0.9782734589538739 
56300 0.046933333333333334 0.9782730206094622 
56400 0.09386666666666667 0.9782822763189778 
56500 0.11733333333333333 0.9782746972029993 
56600 0.09386666666666667 0.9782685582704663 
56700 0.09386666666666667 0.978267849479433 
56800 0.07039999999999999 0.9782694436130819 
56900 0.10560000000000003 0.9782685482973351 
57000 0.09386666666666667 0.9782636795845687 
57100 0.09386666666666667 0.9782662533639224 
57200 0.0704 0.9782668601364778 
57300 0.1290666666666667 0.9782666736473477 
57400 0.08213333333333334 0.9782623066961668 
57500 0.1290666666666667 0.9782641229427894 
57600 0.1056 0.9782605626059733 
57700 0.08213333333333334 0.9782628839477074 
57800 0.058666666666666666 0.9782706412230469 
57900 0.1056 0.978270726469894 
58000 0.09386666666666667 0.9782719608282616 
58100 0.1056 0.9782710796716063 
58200 0.0704 0.9782698808153354 
58300 0.1290666666666667 0.9782642950664082 
58400 0.08213333333333335 0.9782645730952095 
58500 0.0704 0.9782701378324017 
58600 0.1056 0.9782697223596867 
58700 0.10560000000000003 0.9782647655065502 
58800 0.0704 0.978269167757918 
58900 0.1056 0.9782705669965989 
59000 0.1056 0.9782615209911696 
59100 0.1056 0.9782664929527419 
59200 0.1408 0.9782639707662596 
59300 0.09386666666666667 0.9782691916381399 
59400 0.11733333333333333 0.978266179581713 
59500 0.10560000000000003 0.9782614297798916 
59600 0.09386666666666667 0.9782654206025626 
59700 0.08213333333333335 0.9782627873346622 
59800 0.09386666666666667 0.9782680557181318 
59900 0.1056 0.9782640913062108 
60000 0.09386666666666667 0.9782597401154425 
60100 0.09386666666666667 0.9782605059261354 
60200 0.11733333333333333 0.9782592315742263 
60300 0.0704 0.9782584921200864 
60400 0.08213333333333335 0.9782646865669995 
60500 0.09386666666666667 0.9782735051211274 
60600 0.11733333333333333 0.9782651331386171 
60700 0.08213333333333335 0.9782573159146197 
60800 0.11733333333333333 0.9782519805047066 
60900 0.11733333333333333 0.9782504282907232 
61000 0.1056 0.9782511106375306 
61100 0.11733333333333333 0.9782468153821814 
61200 0.11733333333333333 0.9782432748920225 
61300 0.1408 0.9782429215401598 
61400 0.11733333333333333 0.9782363587998024 
61500 0.1056 0.9782354975257855 
61600 0.09386666666666667 0.9782341195759809 
61700 0.09386666666666667 0.9782322274625479 
61800 0.1290666666666667 0.9782299531291295 
61900 0.09386666666666667 0.9782297970415125 
62000 0.1408 0.9782277490148008 
62100 0.09386666666666667 0.9782251922942733 
62200 0.1290666666666667 0.9782286887134719 
62300 0.11733333333333333 0.9782260958893115 
62400 0.1290666666666667 0.9782228703599836 
62500 0.1056 0.9782161565414953 
62600 0.0704 0.978220284021022 
62700 0.09386666666666667 0.9782215063023981 
62800 0.1290666666666667 0.9782200071124133 
62900 0.09386666666666667 0.9782235576540913 
63000 0.11733333333333333 0.9782163457722893 
63100 0.1056 0.9782214544935897 
63200 0.15253333333333335 0.97821523921035 
63300 0.1056 0.9782050415211977 
63400 0.11733333333333336 0.9782049284185843 
63500 0.15253333333333335 0.9781943171498612 
63600 0.1408 0.9781890641132477 
63700 0.1290666666666667 0.9781863811661774 
63800 0.0704 0.9781833722564433 
63900 0.09386666666666667 0.9781873418778005 
64000 0.11733333333333333 0.9781789659536569 
64100 0.09386666666666667 0.9781812660228909 
64200 0.11733333333333333 0.9781727179742787 
64300 0.08213333333333335 0.978172324950882 
64400 0.09386666666666667 0.9781749558754264 
64500 0.1056 0.9781738991126753 
64600 0.11733333333333336 0.9781769735246616 
64700 0.1056 0.9781768236451781 
64800 0.1290666666666667 0.9781652340756058 
64900 0.08213333333333335 0.9781627196293843 
65000 0.11733333333333333 0.9781598847197223 
65100 0.08213333333333335 0.9781645955259264 
65200 0.1056 0.9781629116117851 
65300 0.10560000000000003 0.9781573533840727 
65400 0.11733333333333336 0.9781591107169615 
65500 0.09386666666666667 0.9781606184129504 
65600 0.09386666666666667 0.9781555362469068 
65700 0.11733333333333336 0.9781563142113514 
65800 0.08213333333333335 0.9781550634995415 
65900 0.0704 0.9781566086503493 
66000 0.09386666666666667 0.9781562501578259 
66100 0.1642666666666667 0.9781535125540208 
66200 0.09386666666666667 0.9781459091755915 
66300 0.1056 0.9781418681467852 
66400 0.07039999999999999 0.9781429396143633 
66500 0.08213333333333334 0.9781361483285965 
66600 0.0704 0.9781384263499547 
66700 0.0704 0.9781452951729859 
66800 0.08213333333333335 0.9781465946118572 
66900 0.09386666666666667 0.9781422300613344 
67000 0.09386666666666667 0.9781438883996756 
67100 0.058666666666666666 0.9781412894989145 
67200 0.1290666666666667 0.9781402856108292 
67300 0.08213333333333335 0.978137105441722 
67400 0.046933333333333334 0.9781479404360964 
67500 0.11733333333333333 0.9781550693076152 
67600 0.09386666666666667 0.9781570095116936 
67700 0.11733333333333333 0.9781553595958701 
67800 0.1408 0.9781557597478897 
67900 0.09386666666666667 0.978153763076636 
68000 0.08213333333333334 0.9781594584393367 
68100 0.16426666666666667 0.978157892933535 
68200 0.10560000000000003 0.9781510144035034 
68300 0.11733333333333333 0.9781435313294583 
68400 0.1056 0.9781441012070974 
68500 0.0704 0.9781402704583388 
68600 0.1056 0.9781408434279384 
68700 0.09386666666666667 0.9781345443782963 
68800 0.09386666666666667 0.9781282636395788 
68900 0.09386666666666667 0.9781264906653507 
69000 0.0704 0.9781340753515649 
69100 0.09386666666666667 0.9781288259214772 
69200 0.11733333333333336 0.9781323776631359 
69300 0.1290666666666667 0.9781249525018879 
69400 0.1056 0.9781210453259559 
69500 0.1056 0.9781172261310389 
69600 0.1290666666666667 0.9781203909905509 
69700 0.058666666666666666 0.9781251153737631 
69800 0.08213333333333335 0.9781289093279466 
69900 0.1056 0.97812998383428 
70000 0.1408 0.9781217982600249 
70100 0.15253333333333335 0.978114282725401 
70200 0.08213333333333335 0.978112372568292 
70300 0.1056 0.9781107713024471 
70400 0.09386666666666667 0.9781062579603509 
70500 0.11733333333333333 0.9781047455591646 
70600 0.1056 0.9780948522919883 
70700 0.09386666666666667 0.978099055647492 
70800 0.08213333333333334 0.9780991417258702 
70900 0.1056 0.9781037408969314 
71000 0.09386666666666667 0.9781076510659474 
71100 0.1056 0.9781074621547752 
71200 0.1056 0.9781093336704072 
71300 0.08213333333333334 0.978104467913026 
71400 0.058666666666666666 0.9781085418971723 
71500 0.08213333333333335 0.9781154016493941 
71600 0.058666666666666666 0.9781219070497154 
71700 0.09386666666666667 0.9781314811973799 
71800 0.1056 0.978135197745621 
71900 0.11733333333333333 0.9781314863492858 
72000 0.1056 0.97813519256677 
72100 0.11733333333333333 0.9781327119827279 
72200 0.09386666666666667 0.9781323435040142 
72300 0.08213333333333335 0.9781367708146038 
72400 0.09386666666666667 0.9781384235024378 
72500 0.1408 0.9781319430076827 
72600 0.1290666666666667 0.9781304389746698 
72700 0.1290666666666667 0.9781301861964301 
72800 0.058666666666666666 0.9781254653095425 
72900 0.058666666666666666 0.9781327188012967 
73000 0.07039999999999999 0.9781392218371437 
73100 0.08213333333333334 0.9781436642453591 
73200 0.0704 0.978148495239136 
73300 0.1056 0.9781513121694565 
73400 0.10560000000000003 0.9781502341021694 
73500 0.09386666666666667 0.9781493766524718 
73600 0.09386666666666667 0.9781458766411688 
73700 0.07039999999999999 0.9781425308566596 
73800 0.1290666666666667 0.9781472157107176 
73900 0.1056 0.9781442019278043 
74000 0.11733333333333333 0.9781421692499651 
74100 0.1290666666666667 0.9781354637589237 
74200 0.08213333333333335 0.9781363952866763 
74300 0.08213333333333335 0.978140805641916 
74400 0.1408 0.9781356702194863 
74500 0.08213333333333334 0.97813795787976 
74600 0.14079999999999998 0.9781334119739235 
74700 0.07039999999999999 0.9781336260558761 
74800 0.1290666666666667 0.9781344812680758 
74900 0.15253333333333335 0.9781301362242605 
75000 0.09386666666666667 0.9781299271565268 
75100 0.15253333333333335 0.9781242859615717 
75200 0.11733333333333333 0.9781219575980816 
75300 0.1056 0.9781212998499356 
75400 0.14079999999999998 0.9781206438464565 
75500 0.08213333333333335 0.9781240866566889 
75600 0.1056 0.9781276967235883 
75700 0.1056 0.9781282677903859 
75800 0.09386666666666667 0.9781318979960687 
75900 0.11733333333333333 0.978132918758207 
76000 0.11733333333333333 0.9781293053161582 
76100 0.11733333333333333 0.9781295558972067 
76200 0.09386666666666667 0.9781293858785756 
76300 0.1290666666666667 0.9781274688405133 
76400 0.09386666666666667 0.9781256615314808 
76500 0.09386666666666667 0.9781244515322239 
76600 0.1056 0.9781261341235754 
76700 0.09386666666666667 0.9781277080264056 
76800 0.1056 0.9781350763661931 
76900 0.0704 0.978138194995297 
77000 0.08213333333333334 0.9781429332086596 
77100 0.08213333333333334 0.9781431628642949 
77200 0.058666666666666666 0.9781553088690561 
77300 0.08213333333333334 0.9781604550178308 
77400 0.1056 0.9781592830411321 
77500 0.0704 0.9781656150673325 
77600 0.11733333333333333 0.9781643707340542 
77700 0.1290666666666667 0.9781620656962802 
77800 0.09386666666666667 0.9781635368868438 
77900 0.09386666666666667 0.9781656889299667 
78000 0.11733333333333333 0.9781645876334919 
78100 0.0704 0.9781680302855704 
78200 0.0704 0.9781707821298108 
78300 0.09386666666666667 0.9781719262844664 
78400 0.09386666666666667 0.9781745300867761 
78500 0.11733333333333333 0.9781679214277526 
78600 0.1056 0.9781690309283597 
78700 0.0704 0.978168578967654 
78800 0.11733333333333333 0.9781666053307276 
78900 0.09386666666666667 0.9781607161717426 
79000 0.09386666666666667 0.978159736374645 
79100 0.09386666666666667 0.9781646923974834 
79200 0.1056 0.9781645181247711 
79300 0.11733333333333333 0.9781559038767901 
79400 0.1290666666666667 0.978153356590807 
79500 0.08213333333333332 0.9781451134786564 
79600 0.1056 0.9781435576604984 
79700 0.09386666666666667 0.9781405335775796 
79800 0.1056 0.9781423958764093 
79900 0.0704 0.9781407158024722 
80000 0.0704 0.9781455065145019 
80100 0.0704 0.9781524491995522 
80200 0.058666666666666666 0.9781605383141524 
80300 0.09386666666666667 0.9781642901914879 
80400 0.1056 0.9781670708904947 
80500 0.1290666666666667 0.9781626232386347 
80600 0.15253333333333335 0.9781573595033974 
80700 0.1056 0.9781533644771028 
80800 0.08213333333333332 0.9781592142011444 
80900 0.0704 0.9781601051490917 
81000 0.058666666666666666 0.9781634300811101 
81100 0.08213333333333334 0.978163294328471 
81200 0.1290666666666667 0.9781636515149649 
81300 0.08213333333333334 0.9781614166287418 
81400 0.08213333333333334 0.9781616442058452 
81500 0.1408 0.9781647505347583 
81600 0.1056 0.9781601042470884 
81700 0.08213333333333335 0.9781572318576272 
81800 0.08213333333333335 0.9781567788494843 
81900 0.1290666666666667 0.9781519313968491 
82000 0.0704 0.978149469721914 
82100 0.09386666666666667 0.9781502945558925 
82200 0.11733333333333333 0.9781472244863201 
82300 0.09386666666666667 0.9781435138495684 
82400 0.11733333333333336 0.9781460257359337 
82500 0.1056 0.9781425518074528 
82600 0.1290666666666667 0.978141894973023 
82700 0.12906666666666666 0.9781419491098455 
82800 0.09386666666666667 0.9781343703578459 
82900 0.1290666666666667 0.9781297692428318 
83000 0.1056 0.9781236691927406 
83100 0.1056 0.9781153375611205 
83200 0.1056 0.9781103913013866 
83300 0.09386666666666667 0.9781070895507457 
83400 0.058666666666666666 0.9781113735646655 
83500 0.058666666666666666 0.9781144656950216 
83600 0.1056 0.9781166253992177 
83700 0.0704 0.9781126947905839 
83800 0.1290666666666667 0.9781104282765122 
83900 0.1056 0.978106164805346 
84000 0.11733333333333333 0.9781039114613715 
84100 0.08213333333333335 0.9781057220881242 
84200 0.1408 0.9781084785216327 
84300 0.058666666666666666 0.9781063253500354 
84400 0.09386666666666667 0.978111475772404 
84500 0.1290666666666667 0.9781045273625953 
84600 0.1056 0.9781050026989436 
84700 0.1056 0.978106704761455 
84800 0.0704 0.9781055412082404 
84900 0.046933333333333334 0.9781123269062398 
85000 0.09386666666666667 0.9781130104351714 
85100 0.1056 0.9781120942566284 
85200 0.1056 0.9781107107506563 
85300 0.08213333333333334 0.9781079862291572 
85400 0.1290666666666667 0.9781069854763605 
85500 0.09386666666666667 0.97810692272605 
85600 0.10560000000000003 0.9781082308228486 
85700 0.11733333333333333 0.9781078244905738 
85800 0.1056 0.9781048394929353 
85900 0.1056 0.9781003092707496 
86000 0.0704 0.9780965337612353 
86100 0.08213333333333334 0.9781007266659698 
86200 0.11733333333333333 0.9781042601980642 
86300 0.09386666666666667 0.9781036449944573 
86400 0.11733333333333336 0.978105068228377 
86500 0.1408 0.9781048851073013 
86600 0.0704 0.9781116307355958 
86700 0.09386666666666667 0.9781211596944287 
86800 0.09386666666666667 0.9781225869133612 
86900 0.09386666666666667 0.9781220469269629 
87000 0.0704 0.9781262590851446 
87100 0.09386666666666667 0.9781320535929553 
87200 0.09386666666666667 0.9781342262894539 
87300 0.11733333333333333 0.9781327285292647 
87400 0.08213333333333332 0.9781326071784076 
87500 0.08213333333333335 0.978138276514935 
87600 0.058666666666666666 0.9781376011689364 
87700 0.1056 0.9781414275017769 
87800 0.0704 0.9781407501053518 
87900 0.09386666666666667 0.9781411360507845 
88000 0.09386666666666667 0.9781392484176317 
88100 0.09386666666666667 0.9781402102889487 
88200 0.1408 0.9781406862356058 
88300 0.08213333333333335 0.9781399531149138 
88400 0.1290666666666667 0.9781438671508241 
88500 0.08213333333333335 0.9781453316911674 
88600 0.1290666666666667 0.978144505517244 
88700 0.1056 0.978141396376591 
88800 0.08213333333333335 0.9781467325818403 
88900 0.08213333333333334 0.9781537065574816 
89000 0.09386666666666667 0.9781592266753557 
89100 0.10560000000000003 0.9781594370433553 
89200 0.08213333333333335 0.9781624570726039 
89300 0.11733333333333333 0.9781655599228078 
89400 0.09386666666666667 0.9781628691699944 
89500 0.1290666666666667 0.978159946071366 
89600 0.058666666666666666 0.9781596782774001 
89700 0.11733333333333336 0.9781603029323345 
89800 0.11733333333333333 0.9781581051435952 
89900 0.09386666666666667 0.9781533316277535 
90000 0.09386666666666667 0.9781526575630641 
90100 0.09386666666666667 0.9781537607795696 
90200 0.1290666666666667 0.9781509000269768 
90300 0.11733333333333333 0.9781487543511884 
90400 0.11733333333333333 0.9781493862531019 
90500 0.09386666666666667 0.9781493095840562 
90600 0.07039999999999999 0.978148703288779 
90700 0.11733333333333333 0.9781461578887407 
90800 0.09386666666666667 0.9781407106382822 
90900 0.08213333333333335 0.9781390597096475 
91000 0.08213333333333335 0.9781388189873371 
91100 0.1290666666666667 0.9781391934958635 
91200 0.1290666666666667 0.9781341578856957 
91300 0.11733333333333336 0.9781345074716231 
91400 0.09386666666666667 0.9781337768003997 
91500 0.1408 0.9781287636200697 
91600 0.0704 0.9781265852265077 
91700 0.1056 0.9781306347077277 
91800 0.09386666666666667 0.9781293595204119 
91900 0.1056 0.9781330199526301 
92000 0.08213333333333335 0.9781320927671076 
92100 0.1056 0.9781327890033767 
92200 0.11733333333333333 0.978135392602394 
92300 0.11733333333333333 0.9781292943738421 
92400 0.058666666666666666 0.9781295007629788 
92500 0.1056 0.9781308886750774 
92600 0.10560000000000003 0.9781294802431939 
92700 0.08213333333333335 0.9781350938321414 
92800 0.08213333333333332 0.9781352068763627 
92900 0.09386666666666667 0.9781364965572671 
93000 0.07039999999999999 0.9781381562205425 
93100 0.058666666666666666 0.9781419891658879 
93200 0.1056 0.9781475306058948 
93300 0.0704 0.978150373522256 
93400 0.058666666666666666 0.9781557799167032 
93500 0.08213333333333332 0.9781558414705012 
93600 0.11733333333333333 0.9781591792110483 
93700 0.1290666666666667 0.9781576148244594 
93800 0.08213333333333334 0.9781555989097487 
93900 0.1290666666666667 0.9781518265691171 
94000 0.09386666666666667 0.9781506437874774 
94100 0.09386666666666667 0.9781503420084094 
94200 0.09386666666666667 0.9781496162461121 
94300 0.1290666666666667 0.9781496838138868 
94400 0.1056 0.9781502879559891 
94500 0.15253333333333335 0.978149113060532 
94600 0.09386666666666667 0.9781490400031008 
94700 0.08213333333333335 0.9781505158340461 
94800 0.09386666666666667 0.9781513978403885 
94900 0.1056 0.978153739159756 
95000 0.1290666666666667 0.978152651024726 
95100 0.08213333333333335 0.9781544813759406 
95200 0.1290666666666667 0.9781532546927028 
95300 0.07039999999999999 0.9781520585653176 
95400 0.08213333333333334 0.9781522066505243 
95500 0.1408 0.9781479426044405 
95600 0.09386666666666667 0.9781484851971562 
95700 0.10560000000000003 0.9781520917580102 
95800 0.10560000000000003 0.9781493443005118 
95900 0.11733333333333333 0.9781500227665335 
96000 0.09386666666666667 0.978147783182814 
96100 0.1056 0.9781473519179474 
96200 0.1056 0.978148612453786 
96300 0.1056 0.9781468797485662 
96400 0.08213333333333334 0.9781533109960824 
96500 0.1056 0.9781560260170016 
96600 0.08213333333333335 0.9781557816861799 
96700 0.09386666666666667 0.9781581300434673 
96800 0.09386666666666667 0.9781577463042738 
96900 0.10560000000000003 0.9781581339029869 
97000 0.0704 0.9781548094005904 
97100 0.1290666666666667 0.9781541831014442 
97200 0.11733333333333333 0.9781514181952861 
97300 0.0704 0.9781517284851474 
97400 0.11733333333333333 0.9781484242119348 
97500 0.1056 0.9781481078826542 
97600 0.07039999999999999 0.9781475463024627 
97700 0.08213333333333335 0.9781507797600161 
97800 0.11733333333333333 0.9781474354386288 
97900 0.08213333333333335 0.9781491098150172 
98000 0.09386666666666667 0.9781510800910195 
98100 0.09386666666666667 0.9781516056581142 
98200 0.1056 0.9781517499821794 
98300 0.1056 0.9781528706049107 
98400 0.0704 0.9781527423501793 
98500 0.0704 0.9781559171988101 
98600 0.0704 0.9781570031406037 
98700 0.11733333333333336 0.978159140569329 
98800 0.11733333333333336 0.9781616245449607 
98900 0.1290666666666667 0.9781633215707289 
99000 0.11733333333333333 0.9781628603078083 
99100 0.058666666666666666 0.9781632610501744 
99200 0.1290666666666667 0.9781592793083403 
99300 0.09386666666666667 0.9781585549658781 
99400 0.08213333333333334 0.9781588246932459 
99500 0.07039999999999999 0.9781649363657987 
99600 0.09386666666666667 0.9781635927350127 
99700 0.046933333333333334 0.9781669324613929 
99800 0.1290666666666667 0.9781688226236878 
99900 0.11733333333333333 0.978166011017574 
