0 0.0 1.0 
100 0.057291666666666664 0.9903052805280528 
200 0.09166666666666667 0.9874974087893864 
300 0.06875 0.9855256782945736 
400 0.057291666666666664 0.9855829177057357 
500 0.06875 0.9848272205588823 
600 0.057291666666666664 0.9848256378258459 
700 0.09166666666666667 0.9846536198288159 
800 0.08020833333333334 0.9841539221806076 
900 0.06874999999999999 0.9841437754347022 
1000 0.08020833333333334 0.9842995546120547 
1100 0.08020833333333334 0.9839468854072055 
1200 0.06875 0.9838285803497085 
1300 0.057291666666666664 0.9839226236228542 
1400 0.08020833333333334 0.9839326076611944 
1500 0.04583333333333334 0.9840505635132134 
1600 0.06875 0.9841310118675828 
1700 0.08020833333333334 0.9841346389378797 
1800 0.09166666666666667 0.9839527808624838 
1900 0.057291666666666664 0.9840229374890409 
2000 0.10312500000000001 0.9838440154922539 
2100 0.10312500000000001 0.9837329446295415 
2200 0.10312500000000001 0.9835846395577768 
2300 0.06875 0.9834469614660293 
2400 0.057291666666666664 0.9834281289046231 
2500 0.08020833333333334 0.9834409986005598 
2600 0.057291666666666664 0.9834418653082148 
2700 0.09166666666666667 0.9833038303714674 
2800 0.08020833333333334 0.9832388730215399 
2900 0.10312500000000001 0.9830661840744571 
3000 0.11458333333333333 0.9829874416861046 
3100 0.06875 0.9830640989465764 
3200 0.06875 0.9831083059981256 
3300 0.04583333333333334 0.983189279763708 
3400 0.09166666666666667 0.9831751384396746 
3500 0.09166666666666667 0.9830837022755403 
3600 0.06875 0.983016147135055 
3700 0.057291666666666664 0.983064121183464 
3800 0.06875 0.9830670930895379 
3900 0.057291666666666664 0.9830612342988977 
4000 0.06875 0.9830738929850871 
4100 0.08020833333333334 0.9830738691782492 
4200 0.04583333333333334 0.9830558696342141 
4300 0.057291666666666664 0.9831682796636441 
4400 0.08020833333333334 0.9831572369915929 
4500 0.06874999999999999 0.9831553636228986 
4600 0.057291666666666664 0.983220925704557 
4700 0.057291666666666664 0.9832100218038715 
4800 0.09166666666666667 0.9832608657918489 
4900 0.10312500000000001 0.9831066576549004 
5000 0.057291666666666664 0.9830658868226355 
5100 0.057291666666666664 0.9831078873423512 
5200 0.04583333333333334 0.9832038510222393 
5300 0.09166666666666667 0.9832603321700308 
5400 0.08020833333333334 0.9832235928531753 
5500 0.06875 0.9832094922135369 
5600 0.08020833333333334 0.9832791205439505 
5700 0.10312500000000001 0.9832659109512951 
5800 0.08020833333333334 0.9832082650979717 
5900 0.08020833333333334 0.9831799341919448 
6000 0.034375 0.983287507637616 
6100 0.08020833333333334 0.9832801487461071 
6200 0.08020833333333334 0.9832646280169866 
6300 0.10312500000000001 0.983161981563773 
6400 0.06875 0.9831886619278237 
6500 0.08020833333333334 0.9831976971491565 
6600 0.11458333333333333 0.9831922562238045 
6700 0.09166666666666667 0.9831213003034373 
6800 0.11458333333333333 0.983117525608979 
6900 0.08020833333333334 0.9831036715693378 
7000 0.04583333333333334 0.9831102997190877 
7100 0.08020833333333334 0.9831596488757453 
7200 0.08020833333333334 0.98309551914086 
7300 0.057291666666666664 0.9831198209149432 
7400 0.057291666666666664 0.9831364286357699 
7500 0.06875 0.9831866167844288 
7600 0.08020833333333334 0.9832611799982458 
7700 0.08020833333333334 0.9832458852746396 
7800 0.08020833333333334 0.9832299811989916 
7900 0.057291666666666664 0.9832312892882757 
8000 0.10312500000000001 0.9832237767154106 
8100 0.06875 0.9832074486688887 
8200 0.06875 0.983219780108117 
8300 0.057291666666666664 0.9832299321366904 
8400 0.09166666666666667 0.9832153538269254 
8500 0.11458333333333333 0.9831511856448261 
8600 0.08020833333333334 0.9830994094678913 
8700 0.10312500000000001 0.9830557071984063 
8800 0.06875 0.9830437710676817 
8900 0.057291666666666664 0.9830745258023443 
9000 0.057291666666666664 0.9831370009813725 
9100 0.057291666666666664 0.9831531791378236 
9200 0.08020833333333334 0.9831602316777162 
9300 0.08020833333333334 0.9831360539189334 
9400 0.08020833333333334 0.9831198697833564 
9500 0.08020833333333334 0.9831043004245167 
9600 0.08020833333333334 0.9831327248897684 
9700 0.057291666666666664 0.9831648584338384 
9800 0.10312500000000001 0.9831482438016529 
9900 0.08020833333333334 0.9831103970979362 
10000 0.08020833333333334 0.9831042937372929 
10100 0.04583333333333334 0.9831400768900769 
10200 0.04583333333333334 0.9832078350161749 
10300 0.06875 0.9832209352651846 
10400 0.08020833333333334 0.9832282753260905 
10500 0.057291666666666664 0.9832047245500428 
10600 0.04583333333333334 0.983255805269943 
10700 0.08020833333333334 0.9832742948478336 
10800 0.12604166666666666 0.9832668850106472 
10900 0.09166666666666667 0.9832586555514785 
11000 0.06875 0.9832725907493258 
11100 0.06875 0.9832592972104616 
11200 0.08020833333333334 0.9832536808469482 
11300 0.1260416666666667 0.9832583031000206 
11400 0.06875 0.9832068824372131 
11500 0.06875 0.9832129633655045 
11600 0.034375 0.9832494684366291 
11700 0.057291666666666664 0.9832940293564653 
11800 0.08020833333333334 0.9832998792475214 
11900 0.08020833333333334 0.9833246680951181 
12000 0.09166666666666667 0.9832826431130739 
12100 0.057291666666666664 0.9832639089744649 
12200 0.10312500000000001 0.9832674661229954 
12300 0.06875 0.9832517004037612 
12400 0.11458333333333333 0.9832361889498159 
12500 0.08020833333333334 0.9832190508092686 
12600 0.08020833333333334 0.9832114845382641 
12700 0.06875 0.9831905050127286 
12800 0.10312500000000002 0.9831912139025597 
12900 0.09166666666666667 0.9831618349998709 
13000 0.09166666666666667 0.9831625532010358 
13100 0.04583333333333334 0.9831724041421774 
13200 0.057291666666666664 0.9832126827513067 
13300 0.08020833333333334 0.9831991015713104 
13400 0.08020833333333333 0.983191747195483 
13500 0.057291666666666664 0.9831974251907266 
13600 0.08020833333333334 0.9831995732544175 
13700 0.08020833333333334 0.9832013098192346 
13800 0.06875 0.9831988699490375 
13900 0.04583333333333334 0.9832155735198906 
14000 0.08020833333333334 0.9832218085612933 
14100 0.057291666666666664 0.9832296172848262 
14200 0.09166666666666667 0.9832352988639298 
14300 0.09166666666666667 0.9832124938815467 
14400 0.06875 0.9831916331041826 
14500 0.06875 0.9831990753511252 
14600 0.09166666666666667 0.9831950009131795 
14700 0.06874999999999999 0.9832143646690701 
14800 0.06875 0.9832385691845146 
14900 0.06875 0.9832573806567791 
15000 0.034375 0.9832792397173522 
15100 0.06874999999999999 0.9832933939253471 
15200 0.08020833333333334 0.9832713856544526 
15300 0.04583333333333334 0.9832767261943663 
15400 0.057291666666666664 0.9832977228210289 
15500 0.057291666666666664 0.9833160965421586 
15600 0.04583333333333334 0.9833594400999935 
15700 0.09166666666666667 0.983377518417086 
15800 0.06875 0.983369657511128 
15900 0.09166666666666667 0.9833707392616816 
16000 0.08020833333333334 0.9833670877341 
16100 0.11458333333333333 0.9833204588741901 
16200 0.057291666666666664 0.9833062323827747 
16300 0.09166666666666667 0.9833147058973887 
16400 0.06875 0.9833124377578603 
16500 0.08020833333333334 0.9833223491505565 
16600 0.057291666666666664 0.9833413963516254 
16700 0.06874999999999999 0.983331836416981 
16800 0.057291666666666664 0.9833448653849969 
16900 0.08020833333333334 0.9833706831942883 
17000 0.06875 0.983376284238182 
17100 0.06875 0.9833725306024989 
17200 0.08020833333333334 0.9833788127628239 
17300 0.08020833333333334 0.9833841191742289 
17400 0.09166666666666667 0.9833827797253032 
17500 0.10312500000000001 0.9833741643334667 
17600 0.08020833333333334 0.9833768914645001 
17700 0.057291666666666664 0.9833631103704122 
17800 0.057291666666666664 0.9833875203640245 
17900 0.057291666666666664 0.9833937640820811 
18000 0.057291666666666664 0.983396321732126 
18100 0.06874999999999999 0.9834133818573559 
18200 0.08020833333333334 0.9834163759317254 
18300 0.08020833333333334 0.9834016925304628 
18400 0.08020833333333334 0.9833820738909117 
18500 0.057291666666666664 0.9833944786768283 
18600 0.057291666666666664 0.9834050700679174 
18700 0.057291666666666664 0.9834081677896013 
18800 0.06875 0.9834174656046664 
18900 0.08020833333333334 0.9834299717387087 
19000 0.057291666666666664 0.9834411127484518 
19100 0.06875 0.9834498193811843 
19200 0.10312500000000001 0.983437548825582 
19300 0.08020833333333334 0.9834187941471081 
19400 0.08020833333333334 0.9834002328058691 
19500 0.06875 0.9834137779259183 
19600 0.09166666666666667 0.983408584596024 
19700 0.057291666666666664 0.9834008002977852 
19800 0.09166666666666667 0.9833834938891975 
19900 0.06875 0.98336570712527 
20000 0.057291666666666664 0.983364243246171 
20100 0.057291666666666664 0.9833668101089498 
20200 0.08020833333333334 0.9833591674504563 
20300 0.057291666666666664 0.9833616057501272 
20400 0.057291666666666664 0.9833435963106384 
20500 0.08020833333333334 0.9833579002243793 
20600 0.057291666666666664 0.9833666296539003 
20700 0.08020833333333334 0.9833679783987891 
20800 0.09166666666666667 0.9833716928673301 
20900 0.08020833333333334 0.9833741258392741 
21000 0.04583333333333334 0.9833677314969128 
21100 0.08020833333333334 0.98337694797245 
21200 0.06874999999999999 0.9833873058267691 
21300 0.09166666666666667 0.9833883972583447 
21400 0.09166666666666667 0.9833667235175927 
21500 0.06875 0.9833796490085732 
21600 0.06875 0.983382327978643 
21700 0.04583333333333334 0.9833885823233952 
21800 0.10312500000000001 0.9833926291607419 
21900 0.10312500000000001 0.983377138410727 
22000 0.02291666666666667 0.9833800168174174 
22100 0.057291666666666664 0.9834084383436646 
22200 0.09166666666666667 0.983413730425056 
22300 0.057291666666666664 0.9834106841247776 
22400 0.04583333333333334 0.983430101706769 
22500 0.08020833333333334 0.983437310193621 
22600 0.10312500000000001 0.9834169164712476 
22700 0.06875 0.9833984231605069 
22800 0.06874999999999999 0.9833883153882139 
22900 0.08020833333333334 0.9833693124754378 
23000 0.06875 0.9833717601046331 
23100 0.057291666666666664 0.9833803866715727 
23200 0.10312500000000001 0.9833865817565335 
23300 0.08020833333333334 0.9833652302118651 
23400 0.057291666666666664 0.9833783367519906 
23500 0.057291666666666664 0.9833896695885281 
23600 0.09166666666666667 0.9833881067892604 
23700 0.057291666666666664 0.9833737017073823 
23800 0.09166666666666667 0.9833775804237918 
23900 0.057291666666666664 0.9833742355619709 
24000 0.04583333333333334 0.983383830361235 
24100 0.057291666666666664 0.9833995045157186 
24200 0.06875 0.983407301523353 
24300 0.06875 0.9834223214408186 
24400 0.034375 0.983447783902299 
24500 0.08020833333333334 0.9834641103084227 
24600 0.06875 0.9834712003577091 
24700 0.09166666666666667 0.9834669522488968 
24800 0.10312500000000001 0.9834678835194818 
24900 0.10312500000000001 0.9834466361792699 
25000 0.06875 0.98342503799848 
25100 0.06874999999999999 0.9834291337994502 
25200 0.10312500000000001 0.9834233801899396 
25300 0.06875 0.983416436932664 
25400 0.057291666666666664 0.9834272846869546 
25500 0.09166666666666667 0.9834427448923572 
25600 0.11458333333333333 0.9834318402275952 
25700 0.09166666666666667 0.9834199058402396 
25800 0.06875 0.9834223964187434 
25900 0.06875 0.9834216503867289 
26000 0.10312500000000001 0.9834208099367973 
26100 0.08020833333333334 0.9834309509214206 
26200 0.08020833333333334 0.9834389272674071 
26300 0.08020833333333334 0.9834342681837193 
26400 0.11458333333333333 0.9834231342247137 
26500 0.057291666666666664 0.9834190612303938 
26600 0.09166666666666667 0.9834179557786048 
26700 0.08020833333333334 0.9834143228093829 
26800 0.04583333333333334 0.9834198506274642 
26900 0.09166666666666667 0.9834215619307832 
27000 0.11458333333333333 0.9834164128180438 
27100 0.09166666666666667 0.9833973684857877 
27200 0.08020833333333334 0.9833818150068012 
27300 0.06874999999999999 0.9833761049656301 
27400 0.09166666666666667 0.9833727175407223 
27500 0.08020833333333334 0.9833796763451026 
27600 0.034375 0.9833888491359009 
27700 0.08020833333333334 0.9833836662033861 
27800 0.04583333333333334 0.9834089638562162 
27900 0.04583333333333334 0.9834140129386043 
28000 0.10312500000000001 0.9833952172839066 
28100 0.08020833333333334 0.9833869346286609 
28200 0.08020833333333334 0.9833914540560027 
28300 0.06875 0.9833758818887436 
28400 0.06875 0.9833775659307771 
28500 0.06875 0.9833723853256611 
28600 0.09166666666666667 0.9833600478712865 
28700 0.06875 0.9833585937772203 
28800 0.10312500000000001 0.9833553413943961 
28900 0.09166666666666667 0.9833472457700425 
29000 0.06874999999999999 0.9833494426916313 
29100 0.10312500000000001 0.9833344429744683 
29200 0.08020833333333334 0.9833296234147232 
29300 0.057291666666666664 0.9833451005653959 
29400 0.06875 0.9833430233382084 
29500 0.10312500000000002 0.9833258653661457 
29600 0.034375 0.9833214918133396 
29700 0.06875 0.9833407334769874 
29800 0.08020833333333334 0.9833414951120208 
29900 0.06875 0.9833342391001416 
30000 0.057291666666666664 0.9833285071053187 
30100 0.06875 0.9833413272538011 
30200 0.04583333333333334 0.9833497511119941 
30300 0.08020833333333334 0.9833535643763132 
30400 0.09166666666666667 0.983339792139513 
30500 0.08020833333333334 0.9833408809000798 
30600 0.06874999999999999 0.9833382181137871 
30700 0.034375 0.9833408317318654 
30800 0.10312500000000001 0.9833418219646548 
30900 0.034375 0.9833496320237749 
31000 0.057291666666666664 0.9833691520703634 
31100 0.057291666666666664 0.9833831877056471 
31200 0.04583333333333334 0.9833944625172271 
31300 0.08020833333333334 0.9834000910514041 
31400 0.06875 0.9833956488912242 
31500 0.06875 0.983390986926341 
31600 0.04583333333333334 0.9834016823043574 
31700 0.06874999999999999 0.9834143639001924 
31800 0.09166666666666667 0.9834052650335944 
31900 0.08020833333333334 0.9834016109735327 
32000 0.08020833333333334 0.9833935853567076 
32100 0.057291666666666664 0.9833991574769217 
32200 0.057291666666666664 0.9834069594111984 
32300 0.10312500000000001 0.9833989917752805 
32400 0.09166666666666667 0.9833875369072971 
32500 0.057291666666666664 0.9833860881203655 
32600 0.057291666666666664 0.9833971094956188 
32700 0.08020833333333334 0.9834012147946546 
32800 0.06875 0.9834056126337611 
32900 0.08020833333333334 0.9834161575635999 
33000 0.06875 0.9834241923224549 
33100 0.057291666666666664 0.983430526393966 
33200 0.04583333333333334 0.983447489658946 
33300 0.057291666666666664 0.9834613794130307 
33400 0.09166666666666667 0.9834677791583086 
33500 0.04583333333333334 0.983471497741361 
33600 0.08020833333333334 0.9834803093657927 
33700 0.09166666666666667 0.9834769368861458 
33800 0.10312500000000001 0.9834668044831021 
33900 0.057291666666666664 0.9834673325762269 
34000 0.06875 0.9834739848337793 
34100 0.08020833333333334 0.9834769324946483 
34200 0.04583333333333334 0.9834711064734949 
34300 0.11458333333333333 0.9834688827099307 
34400 0.06875 0.983462584057634 
34500 0.06875 0.9834723993507435 
34600 0.08020833333333334 0.9834788463483715 
34700 0.08020833333333334 0.983466869950914 
34800 0.09166666666666667 0.9834604998180129 
34900 0.06875 0.9834484953869517 
35000 0.08020833333333334 0.9834456366722856 
35100 0.09166666666666667 0.9834414588140888 
35200 0.06874999999999999 0.9834369347935191 
35300 0.06875 0.9834330265667639 
35400 0.057291666666666664 0.9834401011506266 
35500 0.04583333333333334 0.9834531509675783 
35600 0.04583333333333334 0.9834613728078799 
35700 0.08020833333333334 0.9834661202300589 
35800 0.04583333333333334 0.9834812429587628 
35900 0.04583333333333334 0.983487939634922 
36000 0.057291666666666664 0.983500096640834 
36100 0.08020833333333334 0.983514494635421 
36200 0.057291666666666664 0.9835222668802888 
36300 0.08020833333333334 0.9835249028952371 
36400 0.057291666666666664 0.983528454460958 
36500 0.04583333333333334 0.983527491826708 
36600 0.06875 0.9835374915758222 
36700 0.06875 0.9835392059026548 
36800 0.09166666666666667 0.983535745179026 
36900 0.04583333333333334 0.9835434535423611 
37000 0.08020833333333334 0.983550557192148 
37100 0.057291666666666664 0.9835581138873166 
37200 0.09166666666666667 0.9835637398860245 
37300 0.11458333333333336 0.9835452495688229 
37400 0.06875 0.9835367453410336 
37500 0.09166666666666667 0.983532244695697 
37600 0.057291666666666664 0.9835265906048598 
37700 0.08020833333333334 0.9835356102402235 
37800 0.06875 0.9835274281765033 
37900 0.06875 0.9835308325198104 
38000 0.08020833333333334 0.9835244193135269 
38100 0.10312500000000001 0.9835151691119218 
38200 0.08020833333333334 0.9835041949163634 
38300 0.06875 0.9835042247591447 
38400 0.034375 0.9835099509127366 
38500 0.04583333333333334 0.9835261989948313 
38600 0.08020833333333334 0.9835205046501386 
38700 0.06875 0.9835226453020163 
38800 0.08020833333333334 0.9835153786843982 
38900 0.09166666666666667 0.983512768523517 
39000 0.10312500000000002 0.9834974851072195 
39100 0.06875 0.9834956666709291 
39200 0.11458333333333333 0.9834820327712729 
39300 0.08020833333333334 0.983469992281791 
39400 0.08020833333333334 0.983470835131088 
39500 0.04583333333333334 0.9834753656025585 
39600 0.04583333333333334 0.9834821090376505 
39700 0.057291666666666664 0.9834865882891279 
39800 0.08020833333333334 0.9834871846812894 
39900 0.09166666666666667 0.9834811862484649 
40000 0.034375 0.9834942928510121 
40100 0.034375 0.9835113603775467 
40200 0.06875 0.9835217355704253 
40300 0.08020833333333334 0.9835113815414009 
40400 0.06875 0.9835092649315611 
40500 0.06875 0.9835131385644799 
40600 0.04583333333333334 0.9835237920043021 
40700 0.06875 0.9835281227733962 
40800 0.06874999999999999 0.9835316664011503 
40900 0.09166666666666667 0.9835322002110788 
41000 0.057291666666666664 0.9835311435493443 
41100 0.10312500000000002 0.9835293317072578 
41200 0.06875 0.9835226617679182 
41300 0.08020833333333334 0.983525419077827 
41400 0.04583333333333334 0.9835274082550342 
41500 0.02291666666666667 0.983545075219071 
41600 0.08020833333333334 0.9835524536669792 
41700 0.06875 0.9835582355139365 
41800 0.09166666666666667 0.9835558285088873 
41900 0.09166666666666667 0.9835621340580575 
42000 0.057291666666666664 0.9835646274295057 
42100 0.06874999999999999 0.9835667378249131 
42200 0.10312500000000001 0.9835538430171481 
42300 0.09166666666666667 0.9835421788688998 
42400 0.08020833333333334 0.9835349918044386 
42500 0.06875 0.9835371520670102 
42600 0.09166666666666667 0.9835428476835442 
42700 0.06875 0.9835338799637792 
42800 0.06875 0.9835339590001791 
42900 0.06875 0.9835259643326107 
43000 0.057291666666666664 0.983531935788315 
43100 0.08020833333333334 0.983527487277944 
43200 0.09166666666666667 0.9835248074890242 
43300 0.057291666666666664 0.9835283947445401 
43400 0.08020833333333334 0.9835261452309086 
43500 0.06875 0.9835255224017838 
43600 0.057291666666666664 0.9835272317913197 
43700 0.10312500000000001 0.9835289929482925 
43800 0.06875 0.9835223035242726 
43900 0.09166666666666667 0.9835171868712178 
44000 0.057291666666666664 0.9835184853753324 
44100 0.04583333333333334 0.9835229076438176 
44200 0.057291666666666664 0.9835287828141143 
44300 0.08020833333333334 0.9835315747199085 
44400 0.08020833333333334 0.9835308349849478 
44500 0.11458333333333333 0.9835260607439533 
44600 0.057291666666666664 0.9835158778203777 
44700 0.09166666666666667 0.9835117409752205 
44800 0.057291666666666664 0.9835021586199713 
44900 0.06874999999999999 0.9834969687943105 
45000 0.08020833333333334 0.9834902395687504 
45100 0.06874999999999999 0.9834884481497085 
45200 0.06875 0.9834826893579051 
45300 0.09166666666666667 0.9834795428540944 
45400 0.06875 0.9834735422494365 
45500 0.09166666666666667 0.9834738636696629 
45600 0.09166666666666667 0.9834729273115356 
45700 0.09166666666666667 0.983472393930111 
45800 0.08020833333333334 0.9834802779051404 
45900 0.06875 0.9834815463352287 
46000 0.06875 0.9834796956406745 
46100 0.09166666666666667 0.983478756787633 
46200 0.08020833333333334 0.9834763564821829 
46300 0.04583333333333334 0.9834793097521292 
46400 0.06875 0.9834777604469731 
46500 0.057291666666666664 0.9834790739267256 
46600 0.034375 0.983488261160347 
46700 0.034375 0.9835065541066216 
46800 0.06875 0.983515921579311 
46900 0.09166666666666667 0.9835149215013184 
47000 0.08020833333333334 0.9835114877874939 
47100 0.10312500000000001 0.9835112754152424 
47200 0.08020833333333334 0.9835069260538265 
47300 0.09166666666666667 0.983505843340169 
47400 0.09166666666666667 0.9835097646498315 
47500 0.06875 0.9835098866339655 
47600 0.10312500000000001 0.983503388409207 
47700 0.09166666666666667 0.9834958255592126 
47800 0.08020833333333334 0.9834927071783715 
47900 0.04583333333333334 0.9834952558401704 
48000 0.06875 0.9834995299577092 
48100 0.08020833333333334 0.983498913743997 
48200 0.06875 0.9834913846012877 
48300 0.08020833333333334 0.9834905182259857 
48400 0.06875 0.9834878798991756 
48500 0.06875 0.983495829982887 
48600 0.08020833333333334 0.9834938345747344 
48700 0.06875 0.9834945209886177 
48800 0.06875 0.9835002207092751 
48900 0.06875 0.9834996664178647 
49000 0.06875 0.9834959256783875 
49100 0.08020833333333334 0.9835001557164484 
49200 0.06875 0.9835084970325806 
49300 0.06875 0.983508564312421 
49400 0.06875 0.9835029908301451 
49500 0.08020833333333334 0.9834994915927624 
49600 0.10312500000000001 0.9834970040086557 
49700 0.11458333333333333 0.9834871385049261 
49800 0.06875 0.9834910652731204 
49900 0.06875 0.9834912710500123 
50000 0.06875 0.9834912676746465 
50100 0.08020833333333334 0.9834877297858327 
50200 0.08020833333333334 0.9834913647138503 
50300 0.10312500000000001 0.9834776416804172 
50400 0.08020833333333334 0.9834714650998988 
50500 0.06875 0.9834741824419319 
50600 0.06875 0.9834764773258763 
50700 0.08020833333333334 0.983478146798551 
50800 0.06875 0.9834771953308006 
50900 0.06874999999999999 0.983478601026175 
51000 0.057291666666666664 0.9834758141997215 
51100 0.06875 0.9834840458927745 
51200 0.09166666666666667 0.9834857351418917 
51300 0.08020833333333334 0.9834814278311664 
51400 0.04583333333333334 0.9834828622821865 
51500 0.06875 0.9834906623981411 
51600 0.08020833333333334 0.983496413586946 
51700 0.09166666666666667 0.9834871827108438 
51800 0.10312500000000001 0.983479948102675 
51900 0.04583333333333334 0.9834818733421964 
52000 0.06875 0.9834848929187259 
52100 0.10312500000000001 0.9834801035488763 
52200 0.09166666666666667 0.9834744345574478 
52300 0.08020833333333334 0.9834681897414326 
52400 0.06875 0.9834655966330159 
52500 0.09166666666666667 0.9834632614140683 
52600 0.06875 0.9834666284861504 
52700 0.08020833333333334 0.9834672155967945 
52800 0.06874999999999999 0.9834642494144682 
52900 0.08020833333333334 0.983470204564501 
53000 0.06875 0.9834662121154947 
53100 0.057291666666666664 0.98347120934634 
53200 0.06875 0.9834746703539408 
53300 0.06875 0.9834746006172492 
53400 0.057291666666666664 0.9834767743893685 
53500 0.06875 0.9834818118664449 
53600 0.034375 0.9834877536488748 
53700 0.06875 0.9834966314252372 
53800 0.06875 0.98349318166329 
53900 0.08020833333333334 0.9834942862068112 
54000 0.08020833333333334 0.9834968333919742 
54100 0.057291666666666664 0.983493257980444 
54200 0.06875 0.9834953652454137 
54300 0.09166666666666667 0.9834920454963997 
54400 0.08020833333333334 0.9834909878341697 
54500 0.09166666666666667 0.9834929921010623 
54600 0.057291666666666664 0.9834915073289257 
54700 0.09166666666666667 0.9834911705605626 
54800 0.10312500000000001 0.9834834693557903 
54900 0.08020833333333334 0.9834740885867288 
55000 0.09166666666666667 0.9834710391629243 
55100 0.1260416666666667 0.9834683789011693 
55200 0.04583333333333334 0.9834717196397408 
55300 0.09166666666666667 0.9834708572177718 
55400 0.057291666666666664 0.9834725832265362 
55500 0.057291666666666664 0.9834733176729549 
55600 0.06875 0.9834788736563491 
55700 0.08020833333333334 0.9834810902557105 
55800 0.08020833333333334 0.9834727050889172 
55900 0.08020833333333334 0.983469334552751 
56000 0.08020833333333334 0.9834695567192252 
56100 0.08020833333333334 0.9834703351247452 
56200 0.10312500000000002 0.9834660600641745 
56300 0.034375 0.9834679982741573 
56400 0.09166666666666667 0.983471360954002 
56500 0.08020833333333334 0.9834744351869878 
56600 0.034375 0.9834763023179802 
56700 0.057291666666666664 0.983479999985303 
56800 0.057291666666666664 0.983481713203406 
56900 0.06875 0.9834831458000153 
57000 0.08020833333333334 0.9834808727770857 
57100 0.057291666666666664 0.9834796110546808 
57200 0.04583333333333334 0.9834861387912799 
57300 0.06875 0.9834866901682926 
57400 0.11458333333333333 0.9834844268102182 
57500 0.057291666666666664 0.983483756441917 
57600 0.08020833333333334 0.9834859818695277 
57700 0.10312500000000001 0.9834858527148577 
57800 0.06875 0.9834807680662965 
57900 0.11458333333333333 0.9834731823140648 
58000 0.09166666666666667 0.9834622104216594 
58100 0.06875 0.9834667844930953 
58200 0.057291666666666664 0.9834673605980424 
58300 0.08020833333333334 0.9834673987152879 
58400 0.08020833333333334 0.9834646720518484 
58500 0.057291666666666664 0.9834618211654501 
58600 0.08020833333333334 0.9834662235570496 
58700 0.08020833333333334 0.9834610284890093 
58800 0.09166666666666667 0.9834525737940965 
58900 0.09166666666666667 0.9834429098543884 
59000 0.057291666666666664 0.9834451075687982 
59100 0.09166666666666667 0.9834453150115904 
59200 0.06875 0.983448337021334 
59300 0.02291666666666667 0.983449197034339 
59400 0.06874999999999999 0.9834568055812752 
59500 0.06875 0.9834449561071803 
59600 0.08020833333333334 0.9834408364233262 
59700 0.057291666666666664 0.9834396967108312 
59800 0.04583333333333334 0.9834429155309554 
59900 0.06875 0.9834500363099113 
60000 0.09166666666666667 0.9834474546951996 
60100 0.10312500000000001 0.9834449250012479 
60200 0.10312500000000001 0.9834410627176736 
60300 0.08020833333333334 0.9834343197735803 
60400 0.057291666666666664 0.98343324717306 
60500 0.08020833333333334 0.9834317907279769 
60600 0.057291666666666664 0.9834284483066836 
60700 0.08020833333333334 0.9834294070526021 
60800 0.11458333333333333 0.983429463194136 
60900 0.09166666666666667 0.9834243451120124 
61000 0.06875 0.9834238116998082 
61100 0.09166666666666667 0.9834237914818633 
61200 0.08020833333333334 0.983419643878368 
61300 0.06875 0.9834171665905396 
61400 0.08020833333333334 0.9834132553487185 
61500 0.057291666666666664 0.983416766936039 
61600 0.08020833333333334 0.9834134608880808 
61700 0.08020833333333334 0.9834141751484309 
61800 0.09166666666666667 0.9834062066822004 
61900 0.06875 0.983407351052487 
62000 0.034375 0.9834099197996806 
62100 0.057291666666666664 0.9834147866647344 
62200 0.06875 0.9834184237391682 
62300 0.057291666666666664 0.9834210459436178 
62400 0.06875 0.9834218235017601 
62500 0.057291666666666664 0.9834238902177566 
62600 0.04583333333333334 0.9834321070483432 
62700 0.08020833333333334 0.9834296236636311 
62800 0.10312500000000001 0.9834258627118464 
62900 0.057291666666666664 0.9834194226509383 
63000 0.04583333333333334 0.9834247836013185 
63100 0.09166666666666667 0.9834279402597952 
63200 0.10312500000000001 0.9834219807307901 
63300 0.057291666666666664 0.9834163691463537 
63400 0.08020833333333334 0.9834162792516417 
63500 0.09166666666666667 0.9834156155021181 
63600 0.09166666666666667 0.983413807369381 
63700 0.1260416666666667 0.9834094702856575 
63800 0.10312500000000001 0.983403432482772 
63900 0.09166666666666667 0.9834089874702013 
64000 0.06875 0.9834032134263527 
64100 0.06875 0.9834041606865207 
64200 0.057291666666666664 0.9834087962025514 
64300 0.09166666666666667 0.9834051148763886 
64400 0.09166666666666667 0.9833995848925742 
64500 0.09166666666666667 0.9833927800860969 
64600 0.06875 0.983391841522061 
64700 0.08020833333333334 0.9833870016820966 
64800 0.057291666666666664 0.9833833020195162 
64900 0.04583333333333334 0.9833862745437923 
65000 0.09166666666666667 0.9833867539858361 
65100 0.10312500000000001 0.9833871919530166 
65200 0.1260416666666667 0.9833748875272874 
65300 0.057291666666666664 0.9833712347437252 
65400 0.06875 0.983373725172398 
65500 0.08020833333333334 0.9833743791443388 
65600 0.057291666666666664 0.9833803505281932 
65700 0.09166666666666667 0.9833839651730314 
65800 0.10312500000000001 0.9833847589069061 
65900 0.08020833333333334 0.9833798598782011 
66000 0.057291666666666664 0.983380223405706 
66100 0.057291666666666664 0.9833834224015774 
66200 0.09166666666666667 0.9833873984783714 
66300 0.04583333333333334 0.9833932479022438 
66400 0.10312500000000001 0.9833913928254092 
66500 0.09166666666666667 0.9833902090444755 
66600 0.04583333333333334 0.983390514656937 
66700 0.10312500000000001 0.983389843293204 
66800 0.06875 0.9833856653842508 
66900 0.09166666666666667 0.9833844972421937 
67000 0.057291666666666664 0.9833828273085476 
67100 0.11458333333333336 0.9833821325936524 
67200 0.08020833333333334 0.9833760921836481 
67300 0.06875 0.9833718883572805 
67400 0.04583333333333334 0.9833668083559591 
67500 0.06875 0.9833645211428966 
67600 0.09166666666666667 0.9833665552284729 
67700 0.057291666666666664 0.9833712759043441 
67800 0.08020833333333334 0.9833770581063209 
67900 0.06875 0.9833737337569893 
68000 0.08020833333333334 0.9833699979289521 
68100 0.057291666666666664 0.9833711677630774 
68200 0.04583333333333334 0.9833706159000601 
68300 0.06875 0.9833705994421751 
68400 0.08020833333333334 0.9833702403839125 
68500 0.034375 0.9833749385653737 
68600 0.057291666666666664 0.9833792814001739 
68700 0.04583333333333334 0.9833816783962388 
68800 0.057291666666666664 0.9833809646662113 
68900 0.08020833333333334 0.9833887948530017 
69000 0.04583333333333334 0.9833917337550664 
69100 0.09166666666666667 0.9833908201400848 
69200 0.09166666666666667 0.9833899467974933 
69300 0.057291666666666664 0.9833861073433284 
69400 0.08020833333333334 0.9833852808316883 
69500 0.057291666666666664 0.9833867048675559 
69600 0.034375 0.9833926895207444 
69700 0.06875 0.9833973493326256 
69800 0.057291666666666664 0.9833988245751016 
69900 0.06875 0.9833994759850837 
70000 0.06875 0.983399381496931 
70100 0.04583333333333334 0.9833991015344526 
70200 0.06874999999999999 0.9833974869185149 
70300 0.10312500000000001 0.9833998405072474 
70400 0.10312500000000001 0.9833950482474207 
70500 0.057291666666666664 0.9833968814863147 
70600 0.057291666666666664 0.9833976029612422 
70700 0.08020833333333334 0.9833951547125689 
70800 0.08020833333333334 0.9833894398266503 
70900 0.09166666666666667 0.9833838145207167 
71000 0.06875 0.9833809559020296 
71100 0.09166666666666667 0.9833767501511934 
71200 0.06875 0.9833829068997159 
71300 0.057291666666666664 0.9833892289963208 
71400 0.06874999999999999 0.983394694518751 
71500 0.06875 0.9834000719104161 
71600 0.057291666666666664 0.9833955414961616 
71700 0.06875 0.9833984329600238 
71800 0.057291666666666664 0.983399212754697 
71900 0.06875 0.9834035760397398 
72000 0.06874999999999999 0.9834009828567196 
72100 0.057291666666666664 0.9834076431556659 
72200 0.10312500000000001 0.98341013715184 
72300 0.08020833333333334 0.9834057087154165 
72400 0.09166666666666667 0.9833974438658766 
72500 0.10312500000000001 0.9833948411056399 
72600 0.09166666666666667 0.9833884074714306 
72700 0.10312500000000001 0.983382779581207 
72800 0.11458333333333333 0.9833748062641081 
72900 0.057291666666666664 0.9833757495896261 
73000 0.10312500000000001 0.9833721241832304 
73100 0.08020833333333334 0.9833685086957314 
73200 0.09166666666666667 0.9833665039867397 
73300 0.06875 0.9833672048016625 
73400 0.08020833333333334 0.983367052219997 
73500 0.057291666666666664 0.9833712934177766 
73600 0.06875 0.9833723386910503 
73700 0.04583333333333334 0.9833752185067592 
73800 0.08020833333333334 0.9833771377872025 
73900 0.057291666666666664 0.9833756689692967 
74000 0.08020833333333334 0.983380010630487 
74100 0.06875 0.9833793853434276 
74200 0.06875 0.983380516547396 
74300 0.09166666666666667 0.9833766327169217 
74400 0.06875 0.9833728293302509 
74500 0.08020833333333334 0.9833686166964202 
74600 0.057291666666666664 0.9833726885363467 
74700 0.06874999999999999 0.983373193631946 
74800 0.11458333333333333 0.9833712951698507 
74900 0.06875 0.9833683239654121 
75000 0.057291666666666664 0.9833745272285258 
75100 0.06875 0.9833743336750953 
75200 0.09166666666666667 0.9833724437950736 
75300 0.08020833333333334 0.9833638843330987 
75400 0.09166666666666667 0.983363774739946 
75500 0.06875 0.9833600437963295 
75600 0.08020833333333334 0.9833618341137463 
75700 0.057291666666666664 0.9833671285716172 
75800 0.06875 0.983369935477984 
75900 0.09166666666666667 0.9833638143766221 
76000 0.06874999999999999 0.9833627120586133 
76100 0.057291666666666664 0.9833618521767126 
76200 0.08020833333333334 0.9833604135772497 
76300 0.10312500000000001 0.9833576818018986 
76400 0.06874999999999999 0.9833522985083092 
76500 0.09166666666666667 0.983345874019076 
76600 0.09166666666666667 0.9833441238256245 
76700 0.04583333333333334 0.9833441437095561 
76800 0.06875 0.983349215830523 
76900 0.08020833333333334 0.983354918174016 
77000 0.057291666666666664 0.9833533344263927 
77100 0.04583333333333334 0.9833558416881752 
77200 0.057291666666666664 0.9833623565972807 
77300 0.08020833333333334 0.9833599271570441 
77400 0.034375 0.9833656797608127 
77500 0.057291666666666664 0.9833736688343806 
77600 0.09166666666666667 0.9833754961276272 
77700 0.034375 0.9833776873849758 
77800 0.06875 0.9833845591102085 
77900 0.034375 0.983384827644489 
78000 0.057291666666666664 0.9833892020080939 
78100 0.08020833333333334 0.9833877967311558 
78200 0.04583333333333334 0.9833865615529214 
78300 0.057291666666666664 0.9833850967207741 
78400 0.10312500000000001 0.9833867579282577 
78500 0.08020833333333333 0.9833833725048089 
78600 0.09166666666666667 0.9833834413684305 
78700 0.06875 0.9833815908734748 
78800 0.057291666666666664 0.983385759698481 
78900 0.06875 0.9833913701980963 
79000 0.06875 0.9833960764737155 
79100 0.057291666666666664 0.9833926720269023 
79200 0.057291666666666664 0.9833967071648927 
79300 0.057291666666666664 0.9833977766148388 
79400 0.09166666666666667 0.9834008440279929 
79500 0.08020833333333334 0.9833980730850346 
79600 0.09166666666666667 0.9833944257923896 
79700 0.08020833333333334 0.9833908203263866 
79800 0.09166666666666667 0.9833861143657348 
79900 0.06875 0.9833861786773632 
80000 0.04583333333333334 0.9833885539972417 
80100 0.11458333333333333 0.9833905657648885 
80200 0.06875 0.9833867927665075 
80300 0.057291666666666664 0.9833875369443303 
80400 0.06875 0.9833884088299067 
80500 0.08020833333333334 0.9833859789008832 
80600 0.057291666666666664 0.9833844919728043 
80700 0.06875 0.9833829119217854 
80800 0.057291666666666664 0.9833822382045602 
80900 0.04583333333333334 0.9833874890298019 
81000 0.034375 0.9833949773768225 
81100 0.10312500000000001 0.9833951903593462 
81200 0.1375 0.9833884755626984 
81300 0.06875 0.9833792468214823 
81400 0.09166666666666667 0.9833737518068983 
81500 0.06874999999999999 0.9833762584201421 
81600 0.11458333333333336 0.9833745782322929 
81700 0.034375 0.9833740177598805 
81800 0.057291666666666664 0.9833835504761556 
81900 0.04583333333333334 0.9833909931400919 
82000 0.057291666666666664 0.983387238925948 
82100 0.034375 0.983394785843047 
82200 0.057291666666666664 0.9834040885046005 
82300 0.08020833333333334 0.9834039708914027 
82400 0.057291666666666664 0.9834051493104857 
82500 0.06875 0.9834055988715288 
82600 0.09166666666666667 0.9834064887228968 
82700 0.08020833333333334 0.9834029049930876 
82800 0.09166666666666667 0.9833971283559377 
82900 0.08020833333333334 0.983390643156697 
83000 0.057291666666666664 0.9833917663642606 
83100 0.057291666666666664 0.983397148750717 
83200 0.09166666666666667 0.983395319266996 
83300 0.057291666666666664 0.9833970893206564 
83400 0.06874999999999999 0.9833995732964833 
83500 0.06874999999999999 0.9834003360239199 
83600 0.06874999999999999 0.9833995705792993 
83700 0.06874999999999999 0.9833990558655213 
83800 0.08020833333333334 0.9833996611018961 
83900 0.06875 0.9834024996722327 
84000 0.06875 0.983403223374325 
84100 0.09166666666666667 0.9834018397522027 
84200 0.09166666666666667 0.9834019439594938 
84300 0.057291666666666664 0.9834053532876241 
84400 0.06875 0.9834097418869445 
84500 0.09166666666666667 0.9834097747363937 
84600 0.09166666666666667 0.9834064522976482 
84700 0.06874999999999999 0.9834079339873988 
84800 0.04583333333333334 0.9834128208983385 
84900 0.08020833333333334 0.9834157025535624 
85000 0.08020833333333334 0.9834136448884915 
85100 0.06875 0.9834115920592394 
85200 0.08020833333333334 0.9834104609981104 
85300 0.057291666666666664 0.983410706400472 
85400 0.034375 0.9834129332989856 
85500 0.06875 0.9834146676647056 
85600 0.057291666666666664 0.9834154244693403 
85700 0.08020833333333334 0.9834145082418331 
85800 0.06874999999999999 0.983412653261617 
85900 0.08020833333333334 0.9834106510207486 
86000 0.08020833333333334 0.9834126202020906 
86100 0.057291666666666664 0.9834134657262982 
86200 0.057291666666666664 0.9834166052791344 
86300 0.08020833333333334 0.9834150000193123 
86400 0.057291666666666664 0.9834173167363032 
86500 0.06874999999999999 0.9834180023930359 
86600 0.08020833333333334 0.9834163710099575 
86700 0.08020833333333334 0.9834183477314756 
86800 0.08020833333333334 0.9834180997818766 
86900 0.09166666666666667 0.9834153651377238 
87000 0.08020833333333334 0.9834103619019705 
87100 0.08020833333333334 0.9834126055288305 
87200 0.09166666666666667 0.983412335437667 
87300 0.09166666666666667 0.9834112903918626 
87400 0.057291666666666664 0.9834137040289395 
87500 0.06875 0.9834142371706228 
87600 0.057291666666666664 0.9834130448948452 
87700 0.06875 0.9834158639867276 
87800 0.09166666666666667 0.983415621689958 
87900 0.09166666666666667 0.9834174833998854 
88000 0.06874999999999999 0.9834191041389682 
88100 0.08020833333333334 0.9834201595801031 
88200 0.09166666666666667 0.9834199135119406 
88300 0.057291666666666664 0.9834203168235165 
88400 0.057291666666666664 0.983422722405101 
88500 0.057291666666666664 0.983422444849964 
88600 0.09166666666666667 0.9834254304409656 
88700 0.057291666666666664 0.983426412892752 
88800 0.10312500000000001 0.9834241086342872 
88900 0.08020833333333334 0.9834180893634492 
89000 0.057291666666666664 0.9834176137534035 
89100 0.09166666666666667 0.9834137196365174 
89200 0.06875 0.983411790273278 
89300 0.06875 0.9834098943927466 
89400 0.06875 0.9834091970447758 
89500 0.09166666666666667 0.9834110617479135 
89600 0.06875 0.9834115562791338 
89700 0.057291666666666664 0.9834172463703489 
89800 0.06875 0.983422285804167 
89900 0.09166666666666667 0.9834179576701038 
90000 0.08020833333333334 0.9834187027551545 
90100 0.08020833333333334 0.9834156310233331 
90200 0.04583333333333334 0.9834176762175586 
90300 0.08020833333333334 0.983419515010908 
90400 0.06875 0.9834171151314698 
90500 0.06875 0.983413310580362 
90600 0.04583333333333334 0.9834189134685783 
90700 0.08020833333333334 0.9834208576347927 
90800 0.06875 0.9834217076812664 
90900 0.08020833333333334 0.9834236444960268 
91000 0.09166666666666667 0.9834222288766058 
91100 0.06875 0.9834244753076256 
91200 0.08020833333333334 0.9834236044104049 
91300 0.057291666666666664 0.9834246749761777 
91400 0.057291666666666664 0.9834244040911295 
91500 0.06875 0.9834263252587403 
91600 0.08020833333333334 0.9834260531635389 
91700 0.08020833333333334 0.9834233393946994 
91800 0.09166666666666667 0.9834215109312535 
91900 0.06875 0.983420168170096 
92000 0.09166666666666667 0.9834231874291222 
92100 0.09166666666666667 0.9834203189071418 
92200 0.09166666666666667 0.9834140955177637 
92300 0.08020833333333334 0.9834087038150544 
92400 0.10312500000000001 0.9834054657146568 
92500 0.09166666666666667 0.9834003202217634 
92600 0.08020833333333334 0.9833963669848778 
92700 0.057291666666666664 0.9833959618828276 
92800 0.06875 0.9833987567034119 
92900 0.04583333333333334 0.9833981817113558 
93000 0.057291666666666664 0.9834004641079128 
93100 0.10312500000000001 0.9834002521455194 
93200 0.08020833333333334 0.9833983920952207 
93300 0.034375 0.9833989364172588 
93400 0.057291666666666664 0.9834023234940382 
93500 0.11458333333333333 0.9834050627355144 
93600 0.08020833333333334 0.983402064792755 
93700 0.10312500000000001 0.983396460772386 
93800 0.11458333333333336 0.983390896463435 
93900 0.057291666666666664 0.9833893375736148 
94000 0.09166666666666667 0.983391051026053 
94100 0.06875 0.9833902424876817 
94200 0.09166666666666667 0.98338949095551 
94300 0.06875 0.9833870012424754 
94400 0.04583333333333334 0.9833869443914789 
94500 0.10312500000000001 0.983386226292138 
94600 0.08020833333333334 0.9833813805262805 
94700 0.09166666666666667 0.983381027303478 
94800 0.08020833333333334 0.9833797957915352 
94900 0.09166666666666667 0.9833797468326643 
95000 0.06875 0.9833810685764711 
95100 0.08020833333333334 0.9833830173534803 
95200 0.06875 0.9833814059638729 
95300 0.08020833333333334 0.9833829404116081 
95400 0.08020833333333334 0.9833807592425656 
95500 0.08020833333333334 0.983381609442135 
95600 0.06875 0.9833838743405753 
95700 0.08020833333333334 0.9833867059469946 
95800 0.04583333333333334 0.9833919237534055 
95900 0.04583333333333334 0.9833917268850169 
96000 0.057291666666666664 0.9833949483599129 
96100 0.08020833333333334 0.9833987050949868 
96200 0.04583333333333334 0.9834011005169732 
96300 0.06874999999999999 0.983405248690737 
96400 0.057291666666666664 0.9834079565218895 
96500 0.06875 0.9834083919251269 
96600 0.09166666666666667 0.9834106865267095 
96700 0.057291666666666664 0.983411333647015 
96800 0.057291666666666664 0.9834151808004739 
96900 0.10312500000000001 0.9834166281823717 
97000 0.08020833333333334 0.9834162201506513 
97100 0.10312500000000001 0.9834117632671137 
97200 0.08020833333333334 0.9834098339608989 
97300 0.04583333333333334 0.9834075874519961 
97400 0.057291666666666664 0.983412297058894 
97500 0.08020833333333334 0.9834130173451212 
97600 0.06875 0.9834166711492027 
97700 0.06875 0.9834216768507998 
97800 0.08020833333333334 0.9834221723193014 
97900 0.057291666666666664 0.9834226933756209 
98000 0.06875 0.9834257112172324 
98100 0.08020833333333334 0.9834286698147827 
98200 0.04583333333333334 0.983430720749619 
98300 0.04583333333333334 0.9834383837651702 
98400 0.08020833333333334 0.9834395473199798 
98500 0.09166666666666667 0.983440814264153 
98600 0.057291666666666664 0.9834430822625193 
98700 0.08020833333333334 0.9834474036483927 
98800 0.06875 0.9834462338859593 
98900 0.04583333333333334 0.9834527288230992 
99000 0.09166666666666667 0.9834555017121039 
99100 0.057291666666666664 0.9834523564763894 
99200 0.057291666666666664 0.9834567517380537 
99300 0.08020833333333334 0.9834576502250733 
99400 0.08020833333333334 0.9834591232734077 
99500 0.06875 0.9834592062307581 
99600 0.057291666666666664 0.9834583216199302 
99700 0.08020833333333334 0.983455427561743 
99800 0.06875 0.9834541049187884 
99900 0.06875 0.9834545575119368 
