0 0.041666666666666664 0.9861111111111112 
100 0.16666666666666666 0.9565181518151815 
200 0.14166666666666666 0.9555417357656164 
300 0.09166666666666666 0.9548541897379107 
400 0.14166666666666666 0.9533111665281241 
500 0.14166666666666666 0.9530439121756487 
600 0.13333333333333333 0.9537206507672398 
700 0.125 0.9529679822475828 
800 0.18333333333333332 0.952444860590928 
900 0.11666666666666667 0.952219755826859 
1000 0.19166666666666668 0.9515734265734266 
1100 0.15833333333333333 0.9511504692703603 
1200 0.20833333333333334 0.9505227125543528 
1300 0.15 0.9499423520368947 
1400 0.14166666666666666 0.9500456023475295 
1500 0.14166666666666666 0.9503812273299282 
1600 0.16666666666666666 0.9502116732597682 
1700 0.15 0.9503217061859037 
1800 0.15833333333333333 0.9502622000123389 
1900 0.15833333333333333 0.9503068560406803 
2000 0.125 0.9499416958187573 
2100 0.11666666666666667 0.9498810090433127 
2200 0.14166666666666666 0.94991418042304 
2300 0.18333333333333332 0.9498672074943262 
2400 0.15 0.9497605164514785 
2500 0.1 0.9498267359722777 
2600 0.15833333333333333 0.949721261053441 
2700 0.18333333333333332 0.9497830021802625 
2800 0.18333333333333332 0.949632075845928 
2900 0.15 0.949549006089854 
3000 0.19166666666666668 0.9494973897589692 
3100 0.14166666666666666 0.9493595256010606 
3200 0.14166666666666666 0.9491651914332326 
3300 0.16666666666666666 0.9491105388939378 
3400 0.18333333333333332 0.9489602731222843 
3500 0.125 0.9489328445840871 
3600 0.13333333333333333 0.9489478231355488 
3700 0.14166666666666666 0.9490145306073433 
3800 0.14166666666666666 0.9490463036043146 
3900 0.14166666666666666 0.9489546839841636 
4000 0.14166666666666666 0.9488252936765809 
4100 0.18333333333333332 0.9487672383429516 
4200 0.125 0.9487297997831204 
4300 0.15833333333333333 0.9488342504327159 
4400 0.15 0.9487988840919993 
4500 0.16666666666666666 0.9487786664691797 
4600 0.15833333333333333 0.9487412156777512 
4700 0.15 0.9487029946347113 
4800 0.14166666666666666 0.9486675229697517 
4900 0.15833333333333333 0.9487321181618263 
5000 0.16666666666666666 0.9487791330622765 
5100 0.15833333333333333 0.9488068788255026 
5200 0.13333333333333333 0.9488495802089342 
5300 0.16666666666666666 0.9487979207277453 
5400 0.18333333333333332 0.9487903474665186 
5500 0.15 0.9487981983073784 
5600 0.14166666666666666 0.9488166795611894 
5700 0.15 0.9487818901167436 
5800 0.125 0.9487870865176502 
5900 0.15833333333333333 0.9487530362085522 
6000 0.14166666666666666 0.9487395619248644 
6100 0.13333333333333333 0.948739277714036 
6200 0.175 0.9486758408142056 
6300 0.13333333333333333 0.9486452767638294 
6400 0.16666666666666666 0.9487072332448055 
6500 0.175 0.9486737083183784 
6600 0.16666666666666666 0.9486125839519265 
6700 0.16666666666666666 0.948550796730173 
6800 0.18333333333333332 0.9485418810959173 
6900 0.16666666666666666 0.9484764687887424 
7000 0.13333333333333333 0.9485323525210684 
7100 0.15833333333333333 0.9485526295200989 
7200 0.1 0.9485893162986623 
7300 0.16666666666666666 0.9485135217397921 
7400 0.14166666666666666 0.9485317299464037 
7500 0.125 0.9485498229865648 
7600 0.175 0.9485849815082811 
7700 0.20833333333333334 0.9485178692521895 
7800 0.11666666666666667 0.9485343759347092 
7900 0.14166666666666666 0.9485873799378419 
8000 0.10833333333333334 0.9485935785804552 
8100 0.13333333333333333 0.9486044246937964 
8200 0.15 0.9486106030429894 
8300 0.175 0.948579153783346 
8400 0.15833333333333333 0.9486043328175218 
8500 0.175 0.9485426551124704 
8600 0.19166666666666668 0.948502112157501 
8700 0.15833333333333333 0.9484829329962073 
8800 0.14166666666666666 0.9484900705727884 
8900 0.15 0.948500168520391 
9000 0.10833333333333334 0.9485350393166191 
9100 0.15 0.9484937552649892 
9200 0.11666666666666667 0.9485137485055972 
9300 0.11666666666666667 0.9485359997132925 
9400 0.125 0.948477112363933 
9500 0.15 0.9484785227286017 
9600 0.15 0.9484801930354477 
9700 0.19166666666666668 0.9485033043557938 
9800 0.2 0.9484420523982814 
9900 0.15 0.9484563848769485 
10000 0.14166666666666666 0.9484184914841849 
10100 0.175 0.9484203984203984 
10200 0.125 0.9483795161694387 
10300 0.19166666666666668 0.9483833824116321 
10400 0.13333333333333333 0.948364740569817 
10500 0.125 0.9483588864552582 
10600 0.16666666666666666 0.9483547149639971 
10700 0.14166666666666666 0.9483181737947648 
10800 0.16666666666666666 0.9483147136582004 
10900 0.11666666666666667 0.9483513235279128 
11000 0.125 0.9483920653677949 
11100 0.13333333333333333 0.948410053148365 
11200 0.19166666666666668 0.9484530151077781 
11300 0.15 0.9484347501204416 
11400 0.14166666666666666 0.9484643159956729 
11500 0.15833333333333333 0.9484508593455642 
11600 0.16666666666666666 0.9483945349538833 
11700 0.125 0.9484460017662308 
11800 0.13333333333333333 0.9484572870472371 
11900 0.175 0.9484751514812014 
12000 0.16666666666666666 0.9484297604829227 
12100 0.19166666666666668 0.9483775445555463 
12200 0.15 0.9483594240909216 
12300 0.15 0.9483736642910694 
12400 0.13333333333333333 0.9483513874329131 
12500 0.15833333333333333 0.9483543538739123 
12600 0.15 0.948329056776799 
12700 0.15 0.9483448372394124 
12800 0.175 0.9483460493537831 
12900 0.13333333333333333 0.9483498264561748 
13000 0.13333333333333333 0.9483494859369792 
13100 0.18333333333333332 0.9483387612480811 
13200 0.175 0.948322307232617 
13300 0.14166666666666666 0.94831967521239 
13400 0.175 0.9483452727408402 
13500 0.15 0.9483381889407368 
13600 0.14166666666666666 0.9483575554085075 
13700 0.13333333333333333 0.9483630554136356 
13800 0.15833333333333333 0.948402289689153 
13900 0.15 0.9483904035680887 
14000 0.16666666666666666 0.9483566650001191 
14100 0.21666666666666667 0.94834881686878 
14200 0.13333333333333333 0.9483162375106604 
14300 0.15833333333333333 0.9482982930486602 
14400 0.15 0.9482898564142922 
14500 0.15 0.948269468006038 
14600 0.15833333333333333 0.9482923544049494 
14700 0.16666666666666666 0.9482760054115744 
14800 0.16666666666666666 0.948231538409567 
14900 0.18333333333333332 0.9482031407288102 
15000 0.125 0.94821104518958 
15100 0.125 0.9482539787652032 
15200 0.15833333333333333 0.9482464603936875 
15300 0.16666666666666666 0.948249025118184 
15400 0.16666666666666666 0.9482495725385798 
15500 0.16666666666666666 0.9482216201105305 
15600 0.175 0.9482305265331994 
15700 0.15 0.9481968593649378 
15800 0.15 0.9481710018353269 
15900 0.13333333333333333 0.9481846005492317 
16000 0.18333333333333332 0.9482256317313501 
16100 0.15 0.9482188821950327 
16200 0.11666666666666667 0.9482063864370512 
16300 0.15 0.9482269322263801 
16400 0.14166666666666666 0.9482169108929672 
16500 0.14166666666666666 0.9482418573958481 
16600 0.15 0.9482721924382065 
16700 0.16666666666666666 0.94827438809386 
16800 0.18333333333333332 0.9482886269997156 
16900 0.16666666666666666 0.9482650599241333 
17000 0.15833333333333333 0.9482934010417687 
17100 0.16666666666666666 0.9483050049054961 
17200 0.15833333333333333 0.9482838530059622 
17300 0.15833333333333333 0.9482907217951435 
17400 0.15833333333333333 0.9482823464807258 
17500 0.15833333333333333 0.9482942244570152 
17600 0.13333333333333333 0.9483178039126565 
17700 0.19166666666666668 0.9483299750798763 
17800 0.16666666666666666 0.9483460667003727 
17900 0.15 0.9483537542905734 
18000 0.15 0.9483504002864038 
18100 0.15 0.9483447814424003 
18200 0.16666666666666666 0.9483840936700669 
18300 0.16666666666666666 0.9483572543091149 
18400 0.15833333333333333 0.9483577281427942 
18500 0.15833333333333333 0.9483563951498117 
18600 0.175 0.9483782233930076 
18700 0.14166666666666666 0.9483753096982336 
18800 0.15833333333333333 0.9483846899396604 
18900 0.13333333333333333 0.948357082811609 
19000 0.14166666666666666 0.9483524258957131 
19100 0.16666666666666666 0.9483430186901209 
19200 0.16666666666666666 0.9483235826837723 
19300 0.13333333333333333 0.9482954251075074 
19400 0.13333333333333333 0.9483364259574248 
19500 0.15 0.9483426775834858 
19600 0.15833333333333333 0.94831825473757 
19700 0.18333333333333332 0.9483059235571798 
19800 0.15 0.9482909112334393 
19900 0.21666666666666667 0.9482887515423569 
20000 0.14166666666666666 0.9482870300929398 
20100 0.15833333333333333 0.948279936321576 
20200 0.175 0.9482671374904432 
20300 0.125 0.948250770350667 
20400 0.2 0.948255940612933 
20500 0.13333333333333333 0.9482599764781122 
20600 0.15833333333333333 0.9482491410880809 
20700 0.13333333333333333 0.9482402889822821 
20800 0.15833333333333333 0.948217099605254 
20900 0.11666666666666667 0.9482229717876338 
21000 0.16666666666666666 0.9482453216513499 
21100 0.175 0.9482477133785129 
21200 0.18333333333333332 0.9482174582959924 
21300 0.14166666666666666 0.9482225664940092 
21400 0.125 0.9482335975992815 
21500 0.11666666666666667 0.9482460764098828 
21600 0.15833333333333333 0.9482720707374659 
21700 0.16666666666666666 0.9482577607790732 
21800 0.13333333333333333 0.9482440917592975 
21900 0.175 0.9482543922398267 
22000 0.15833333333333333 0.948233539889601 
22100 0.16666666666666666 0.9482331116239084 
22200 0.2 0.9482349393670956 
22300 0.10833333333333334 0.9482541889003483 
22400 0.225 0.9482448700206836 
22500 0.16666666666666666 0.9482313131762045 
22600 0.16666666666666666 0.9482159098171664 
22700 0.175 0.9482099418038363 
22800 0.14166666666666666 0.9482051225823429 
22900 0.19166666666666668 0.9481910057299778 
23000 0.15 0.9481627610393751 
23100 0.15 0.9481729987638823 
23200 0.16666666666666666 0.9481802747965844 
23300 0.10833333333333334 0.9481835543538903 
23400 0.16666666666666666 0.9481719679595839 
23500 0.14166666666666666 0.948169226841411 
23600 0.15 0.9481733354048086 
23700 0.16666666666666666 0.948166861220108 
23800 0.13333333333333333 0.9481763137870024 
23900 0.13333333333333333 0.9481830141928046 
24000 0.15 0.9481842191760529 
24100 0.16666666666666666 0.94820212623727 
24200 0.11666666666666667 0.9481900426520483 
24300 0.14166666666666666 0.9481994339510491 
24400 0.14166666666666666 0.9482019179541822 
24500 0.15833333333333333 0.9481872621979148 
24600 0.175 0.9481776937703527 
24700 0.15833333333333333 0.948167078255941 
24800 0.15 0.9481686446335049 
24900 0.13333333333333333 0.9481792342119236 
25000 0.125 0.9481788506237528 
25100 0.175 0.9481928564156363 
25200 0.125 0.9481920911427677 
25300 0.15833333333333333 0.9481967115924271 
25400 0.15 0.9481860950356286 
25500 0.10833333333333334 0.9481768688809589 
25600 0.13333333333333333 0.9481877878034278 
25700 0.125 0.9481830581602964 
25800 0.18333333333333332 0.9481849325392211 
25900 0.13333333333333333 0.9481921547430601 
26000 0.175 0.9481799845305096 
26100 0.125 0.9481770600530418 
26200 0.15833333333333333 0.9481856078436361 
26300 0.18333333333333332 0.9481849021372234 
26400 0.15833333333333333 0.948187358222963 
26500 0.14166666666666666 0.9481921017655518 
26600 0.18333333333333332 0.9481844876341324 
26700 0.13333333333333333 0.9481789071570353 
26800 0.16666666666666666 0.9481830072675563 
26900 0.125 0.9481820171906042 
27000 0.16666666666666666 0.9481874128118711 
27100 0.14166666666666666 0.9481840563488843 
27200 0.15833333333333333 0.9481849115024366 
27300 0.19166666666666668 0.948184946420359 
27400 0.15 0.9482253283537908 
27500 0.19166666666666668 0.9482100650885422 
27600 0.16666666666666666 0.9481813259583992 
27700 0.175 0.9481597134479702 
27800 0.15833333333333333 0.9481431523246566 
27900 0.15833333333333333 0.9481465220282825 
28000 0.125 0.9481515541111627 
28100 0.13333333333333333 0.9481615917187605 
28200 0.175 0.9481777635938836 
28300 0.18333333333333332 0.9481725223686639 
28400 0.18333333333333332 0.9481823801196358 
28500 0.14166666666666666 0.9481797909625004 
28600 0.14166666666666666 0.9481913025574087 
28700 0.125 0.9481824094398569 
28800 0.15833333333333333 0.948179847150369 
28900 0.15 0.9481852800172236 
29000 0.16666666666666666 0.9481870356960871 
29100 0.11666666666666667 0.9481895429328507 
29200 0.16666666666666666 0.9481917476189933 
29300 0.15 0.9481954540800656 
29400 0.15833333333333333 0.9481818456666251 
29500 0.11666666666666667 0.9481874437401369 
29600 0.175 0.9481832445600562 
29700 0.14166666666666666 0.9481800089035536 
29800 0.14166666666666666 0.9481948778750899 
29900 0.16666666666666666 0.9481988710894099 
30000 0.14166666666666666 0.9482031154517072 
30100 0.15 0.948189336640717 
30200 0.15833333333333333 0.9481996549047309 
30300 0.16666666666666666 0.9481923955571689 
30400 0.15833333333333333 0.948199255141461 
30500 0.15 0.9481931375656172 
30600 0.14166666666666666 0.948187513843048 
30700 0.1 0.9481888031153527 
30800 0.18333333333333332 0.9481928797405568 
30900 0.13333333333333333 0.9481717599933839 
31000 0.18333333333333332 0.9481571383001982 
31100 0.175 0.9481545788095417 
31200 0.14166666666666666 0.9481371679682631 
31300 0.16666666666666666 0.9481594482249414 
31400 0.15 0.948155755832263 
31500 0.15 0.9481566722749543 
31600 0.14166666666666666 0.9481488806613012 
31700 0.15833333333333333 0.9481541942245074 
31800 0.13333333333333333 0.9481588629288387 
31900 0.13333333333333333 0.9481503540467209 
32000 0.175 0.9481567416296018 
32100 0.16666666666666666 0.9481643008698241 
32200 0.21666666666666667 0.9481674137104092 
32300 0.14166666666666666 0.9481546838935155 
32400 0.18333333333333332 0.9481650086245623 
32500 0.15 0.948156210578136 
32600 0.13333333333333333 0.9481723464515404 
32700 0.15 0.9481711398564094 
32800 0.15833333333333333 0.9481631657571415 
32900 0.11666666666666667 0.9481633452546191 
33000 0.14166666666666666 0.9481790955829621 
33100 0.19166666666666668 0.9481911422615631 
33200 0.15833333333333333 0.9481914032040534 
33300 0.15 0.9481960001201165 
33400 0.175 0.9481865978729845 
33500 0.21666666666666667 0.9481827242304541 
33600 0.18333333333333332 0.9481510140240536 
33700 0.18333333333333332 0.9481410047179609 
33800 0.15833333333333333 0.9481422311634435 
33900 0.18333333333333332 0.9481457446355237 
34000 0.15833333333333333 0.948144090533285 
34100 0.21666666666666667 0.948143097791202 
34200 0.15 0.9481436540192132 
34300 0.175 0.9481376474284844 
34400 0.15833333333333333 0.9481373280492492 
34500 0.14166666666666666 0.9481470746419588 
34600 0.15 0.9481458467802794 
34700 0.125 0.9481516703008879 
34800 0.13333333333333333 0.9481607329291304 
34900 0.14166666666666666 0.9481731660028844 
35000 0.14166666666666666 0.9481684650279834 
35100 0.125 0.948170200912288 
35200 0.175 0.9481712956386972 
35300 0.15833333333333333 0.948172698916304 
35400 0.13333333333333333 0.94816703231861 
35500 0.13333333333333333 0.9481788462922797 
35600 0.14166666666666666 0.948177563676426 
35700 0.16666666666666666 0.948191771783548 
35800 0.16666666666666666 0.9481978312213502 
35900 0.125 0.9481981312807752 
36000 0.13333333333333333 0.9482184908443901 
36100 0.13333333333333333 0.94822227146678 
36200 0.19166666666666668 0.9482224247948952 
36300 0.14166666666666666 0.948221735550597 
36400 0.16666666666666666 0.948208840416472 
36500 0.175 0.9482018757476964 
36600 0.20833333333333334 0.9481745337862657 
36700 0.20833333333333334 0.948160813056865 
36800 0.13333333333333333 0.9481549414418087 
36900 0.13333333333333333 0.9481461658672303 
37000 0.2 0.9481471221498518 
37100 0.15833333333333333 0.9481599028477818 
37200 0.18333333333333332 0.9481600703684787 
37300 0.15 0.9481510028030229 
37400 0.15833333333333333 0.9481656759029021 
37500 0.16666666666666666 0.9481857520836482 
37600 0.15 0.9481807516939561 
37700 0.13333333333333333 0.9481984710102002 
37800 0.175 0.9481899361862854 
37900 0.15 0.9481737509124649 
38000 0.16666666666666666 0.9481777526322407 
38100 0.14166666666666666 0.9481936898710737 
38200 0.20833333333333334 0.9482029993397497 
38300 0.13333333333333333 0.9481956519847176 
38400 0.14166666666666666 0.9481953594958464 
38500 0.13333333333333333 0.9482124562421178 
38600 0.14166666666666666 0.9482066526773918 
38700 0.175 0.948192481388652 
38800 0.15 0.9481938466648913 
38900 0.15 0.9481877072568828 
39000 0.15833333333333333 0.9481811007694959 
39100 0.225 0.9481846869503195 
39200 0.15 0.9481798933700671 
39300 0.175 0.9481800010743294 
39400 0.15833333333333333 0.948177076723941 
39500 0.19166666666666668 0.9481706510946277 
39600 0.13333333333333333 0.9481719737717061 
39700 0.16666666666666666 0.9481700712828393 
39800 0.175 0.9481789960609588 
39900 0.13333333333333333 0.9481798701786922 
40000 0.11666666666666667 0.9481902535769939 
40100 0.15833333333333333 0.9481968446339659 
40200 0.15833333333333333 0.9482066504702757 
40300 0.15 0.9482159940889253 
40400 0.13333333333333333 0.9482252914531819 
40500 0.175 0.9482309764642299 
40600 0.15833333333333333 0.9482228133406676 
40700 0.13333333333333333 0.9482222659011927 
40800 0.15 0.9482296866362208 
40900 0.14166666666666666 0.9482235560662738 
41000 0.15833333333333333 0.9482149486868884 
41100 0.15833333333333333 0.9482279425480321 
41200 0.14166666666666666 0.9482145794735295 
41300 0.16666666666666666 0.9482016846511653 
41400 0.16666666666666666 0.9482020697299314 
41500 0.13333333333333333 0.948202921482481 
41600 0.15 0.9482061729285354 
41700 0.175 0.948212006639862 
41800 0.15833333333333333 0.9482091071718114 
41900 0.15 0.9482107295238247 
42000 0.175 0.9482163123100243 
42100 0.15833333333333333 0.948228466465563 
42200 0.175 0.9482424060514627 
42300 0.175 0.9482316546233475 
42400 0.125 0.9482303876480901 
42500 0.175 0.9482359238606151 
42600 0.15833333333333333 0.9482375870154326 
42700 0.15833333333333333 0.9482339731830376 
42800 0.15833333333333333 0.9482401761121885 
42900 0.15833333333333333 0.9482320406931721 
43000 0.19166666666666668 0.9482298215286983 
43100 0.15833333333333333 0.9482313506518282 
43200 0.16666666666666666 0.9482313295216932 
43300 0.19166666666666668 0.948238365036476 
43400 0.15 0.9482489522770853 
43500 0.13333333333333333 0.9482407811825526 
43600 0.16666666666666666 0.9482476191932397 
43700 0.15 0.9482514384364457 
43800 0.20833333333333334 0.9482431273765947 
43900 0.16666666666666666 0.9482354869162687 
44000 0.15833333333333333 0.9482351411205301 
44100 0.14166666666666666 0.9482261047242567 
44200 0.125 0.9482251532770751 
44300 0.18333333333333332 0.9482227012683436 
44400 0.14166666666666666 0.9482350872978337 
44500 0.13333333333333333 0.9482367437435862 
44600 0.15833333333333333 0.94823278750601 
44700 0.19166666666666668 0.948231210338322 
44800 0.15 0.9482192857798313 
44900 0.16666666666666666 0.9482271491107597 
45000 0.175 0.9482353478564673 
45100 0.14166666666666666 0.9482388293927949 
45200 0.15833333333333333 0.9482362115882392 
45300 0.13333333333333333 0.9482399211202107 
45400 0.14166666666666666 0.9482406775181164 
45500 0.14166666666666666 0.9482329448192836 
45600 0.16666666666666666 0.9482316420936188 
45700 0.15833333333333333 0.9482322292971951 
45800 0.16666666666666666 0.9482295388989566 
45900 0.15 0.9482216557857611 
46000 0.175 0.9482164638932971 
46100 0.15 0.948212800879229 
46200 0.20833333333333334 0.9482002554057272 
46300 0.15 0.948181944714417 
46400 0.15833333333333333 0.9481851444772502 
46500 0.15833333333333333 0.9481862994583151 
46600 0.16666666666666666 0.9481913835897656 
46700 0.14166666666666666 0.9481938883059844 
46800 0.14166666666666666 0.9481982816131659 
46900 0.16666666666666666 0.9481869019613417 
47000 0.15833333333333333 0.9481857951012863 
47100 0.175 0.9481867570634264 
47200 0.14166666666666666 0.9481764746038808 
47300 0.16666666666666666 0.9481741635718296 
47400 0.16666666666666666 0.948171745087422 
47500 0.125 0.948181617229111 
47600 0.16666666666666666 0.9481750500106207 
47700 0.15833333333333333 0.9481739842397899 
47800 0.18333333333333332 0.9481705984765544 
47900 0.175 0.9481632835315431 
48000 0.15 0.9481576194014476 
48100 0.15833333333333333 0.948149206877196 
48200 0.15 0.9481525855849002 
48300 0.175 0.9481499692898008 
48400 0.13333333333333333 0.9481562593977627 
48500 0.13333333333333333 0.9481577699428878 
48600 0.16666666666666666 0.9481465859184425 
48700 0.16666666666666666 0.948146227889457 
48800 0.16666666666666666 0.9481455867252265 
48900 0.18333333333333332 0.948151196635379 
49000 0.125 0.9481614320796174 
49100 0.19166666666666668 0.9481510899302797 
49200 0.16666666666666666 0.9481553559209501 
49300 0.15833333333333333 0.9481592102030836 
49400 0.14166666666666666 0.9481640047772313 
49500 0.20833333333333334 0.9481603626413833 
49600 0.14166666666666666 0.9481574632231877 
49700 0.125 0.9481616734740415 
49800 0.2 0.948153428422901 
49900 0.18333333333333332 0.9481557372486412 
50000 0.19166666666666668 0.9481565924237071 
50100 0.2 0.9481523433774885 
50200 0.16666666666666666 0.9481546405671423 
50300 0.16666666666666666 0.9481600211173182 
50400 0.15 0.9481715530335597 
50500 0.2 0.9481771538077354 
50600 0.125 0.9481789995366802 
50700 0.16666666666666666 0.9481870289650215 
50800 0.175 0.9481835440684676 
50900 0.13333333333333333 0.9481810551637274 
51000 0.125 0.9481913753325099 
51100 0.15 0.9481961105349102 
51200 0.16666666666666666 0.9481988741539337 
51300 0.15 0.9481931259732862 
51400 0.13333333333333333 0.948189075439518 
51500 0.15 0.9481864429816896 
51600 0.175 0.9481914110191663 
51700 0.15 0.948196306110563 
51800 0.20833333333333334 0.9482019866626341 
51900 0.15833333333333333 0.9482034707102625 
52000 0.2 0.9481956009392982 
52100 0.15 0.9481877613780072 
52200 0.15 0.9481775572626323 
52300 0.16666666666666666 0.9481794484490418 
52400 0.16666666666666666 0.9481781518164412 
52500 0.13333333333333333 0.9481774950318407 
52600 0.18333333333333332 0.9481719823661992 
52700 0.15 0.9481703910320065 
52800 0.175 0.9481703839784179 
52900 0.15833333333333333 0.9481643909272877 
53000 0.15 0.9481661247481704 
53100 0.15 0.9481683228397038 
53200 0.16666666666666666 0.9481620541802681 
53300 0.15833333333333333 0.9481552878932853 
53400 0.15833333333333333 0.9481535406120152 
53500 0.21666666666666667 0.9481527863445959 
53600 0.15 0.9481434322328149 
53700 0.15 0.9481453376618271 
53800 0.15 0.9481596273509992 
53900 0.16666666666666666 0.9481626809644843 
54000 0.13333333333333333 0.9481581102407569 
54100 0.14166666666666666 0.9481682408827933 
54200 0.15833333333333333 0.9481555793353547 
54300 0.15833333333333333 0.9481577994266527 
54400 0.18333333333333332 0.9481491353304371 
54500 0.175 0.9481458546122498 
54600 0.19166666666666668 0.9481423824146485 
54700 0.13333333333333333 0.9481396338478476 
54800 0.15833333333333333 0.9481422682878861 
54900 0.18333333333333332 0.9481367977511035 
55000 0.11666666666666667 0.9481268522390502 
55100 0.14166666666666666 0.9481319153312402 
55200 0.14166666666666666 0.9481292106221908 
55300 0.18333333333333332 0.948132342392844 
55400 0.15 0.9481256856574992 
55500 0.15 0.9481214552690742 
55600 0.11666666666666667 0.9481254833546159 
55700 0.15833333333333333 0.948127352590917 
55800 0.15833333333333333 0.9481226939381812 
55900 0.15833333333333333 0.9481264994265656 
56000 0.15 0.9481255295044334 
56100 0.15833333333333333 0.9481221863741783 
56200 0.14166666666666666 0.9481153459112036 
56300 0.16666666666666666 0.9481107992950589 
56400 0.14166666666666666 0.9481115386055015 
56500 0.15833333333333333 0.9481184698795891 
56600 0.15833333333333333 0.9481230209909915 
56700 0.13333333333333333 0.9481256454422713 
56800 0.16666666666666666 0.9481271847717861 
56900 0.16666666666666666 0.9481227141096915 
57000 0.15 0.9481229861464419 
57100 0.11666666666666667 0.9481300191279001 
57200 0.15 0.9481348422424627 
57300 0.19166666666666668 0.9481213727121303 
57400 0.1 0.9481230969650161 
57500 0.15833333333333333 0.9481313851546543 
57600 0.15 0.948124887878104 
57700 0.15833333333333333 0.9481185575447373 
57800 0.175 0.9481147000532478 
57900 0.14166666666666666 0.9481163249915084 
58000 0.15 0.9481229250836671 
58100 0.175 0.9481303152173706 
58200 0.13333333333333333 0.9481268935814391 
58300 0.14166666666666666 0.9481241983651891 
58400 0.14166666666666666 0.9481346400080668 
58500 0.14166666666666666 0.948128949362689 
58600 0.125 0.9481304831734005 
58700 0.19166666666666668 0.9481275162830843 
58800 0.15833333333333333 0.9481344327099501 
58900 0.16666666666666666 0.9481323180704345 
59000 0.175 0.9481341653342975 
59100 0.15833333333333333 0.9481309302907076 
59200 0.16666666666666666 0.948126110857737 
59300 0.2 0.9481123608558222 
59400 0.175 0.9481118443572779 
59500 0.15833333333333333 0.9481136171380873 
59600 0.13333333333333333 0.9481098844351977 
59700 0.18333333333333332 0.9481099795462201 
59800 0.13333333333333333 0.9481076589206052 
59900 0.15 0.9481097514602799 
60000 0.14166666666666666 0.9481141518011736 
60100 0.15833333333333333 0.9481086929594442 
60200 0.14166666666666666 0.948110634928545 
60300 0.18333333333333332 0.9481043247854744 
60400 0.14166666666666666 0.9481036001979364 
60500 0.20833333333333334 0.9481069183429475 
60600 0.15 0.9481106380716123 
60700 0.16666666666666666 0.9481041864585793 
60800 0.15 0.9481089492314637 
60900 0.15 0.9481122824109803 
61000 0.13333333333333333 0.9481258959324893 
61100 0.15 0.9481290086177895 
61200 0.10833333333333334 0.9481281170060765 
61300 0.15833333333333333 0.9481238297725794 
61400 0.15833333333333333 0.9481175659462658 
61500 0.15833333333333333 0.9481127678140735 
61600 0.15833333333333333 0.9481007252768263 
61700 0.18333333333333332 0.9481043437077374 
61800 0.175 0.9481034107682543 
61900 0.11666666666666667 0.9481014487290638 
62000 0.15 0.9481056757149078 
62100 0.15833333333333333 0.9481100680074932 
62200 0.14166666666666666 0.9481063630631161 
62300 0.15 0.948112612781318 
62400 0.16666666666666666 0.948111363956062 
62500 0.18333333333333332 0.9481093191397827 
62600 0.15 0.9481168653677878 
62700 0.15833333333333333 0.9481157929432279 
62800 0.16666666666666666 0.9481130431397943 
62900 0.13333333333333333 0.9481152039624878 
63000 0.15 0.9481258233996286 
63100 0.18333333333333332 0.9481237751118577 
63200 0.14166666666666666 0.9481211619366079 
63300 0.175 0.9481200490074757 
63400 0.11666666666666667 0.9481220064878051 
63500 0.16666666666666666 0.9481293820394779 
63600 0.14166666666666666 0.9481283051105066 
63700 0.175 0.9481233505840655 
63800 0.16666666666666666 0.9481269886051943 
63900 0.18333333333333332 0.948125224957356 
64000 0.2 0.9481149600093054 
64100 0.11666666666666667 0.9481176840714913 
64200 0.15833333333333333 0.9481307837018808 
64300 0.13333333333333333 0.9481310123049754 
64400 0.15833333333333333 0.9481322322462211 
64500 0.19166666666666668 0.9481373673793171 
64600 0.15 0.9481353487820106 
64700 0.16666666666666666 0.9481269824096829 
64800 0.15833333333333333 0.9481246002719437 
64900 0.175 0.9481214122706549 
65000 0.15833333333333333 0.9481199007194762 
65100 0.125 0.9481162603749046 
65200 0.15 0.9481244323110245 
65300 0.18333333333333332 0.9481184140450462 
65400 0.125 0.9481226077073235 
65500 0.125 0.9481238199925701 
65600 0.15 0.9481234195278189 
65700 0.19166666666666668 0.9481221324214582 
65800 0.16666666666666666 0.9481162900259874 
65900 0.11666666666666667 0.9481145118350927 
66000 0.15833333333333333 0.9481159797242129 
66100 0.15 0.9481169809164091 
66200 0.16666666666666666 0.9481162167741676 
66300 0.16666666666666666 0.9481176754498424 
66400 0.14166666666666666 0.9481201337329257 
66500 0.175 0.948122626393254 
66600 0.15 0.9481161026944874 
66700 0.125 0.9481120556246866 
66800 0.175 0.9481185827224808 
66900 0.125 0.9481206060696651 
67000 0.19166666666666668 0.9481229965058564 
67100 0.13333333333333333 0.9481253384201924 
67200 0.18333333333333332 0.9481210597064528 
67300 0.14166666666666666 0.9481236451827528 
67400 0.175 0.9481204119952061 
67500 0.15833333333333333 0.9481252541114618 
67600 0.175 0.9481262193688785 
67700 0.11666666666666667 0.9481277561959531 
67800 0.175 0.9481339590205978 
67900 0.19166666666666668 0.948130898088557 
68000 0.13333333333333333 0.9481345045579395 
68100 0.15833333333333333 0.9481375701776283 
68200 0.14166666666666666 0.9481377757576054 
68300 0.15 0.9481420477006193 
68400 0.16666666666666666 0.9481480127808398 
68500 0.15833333333333333 0.948149053785103 
68600 0.14166666666666666 0.9481513470001247 
68700 0.20833333333333334 0.9481524205534773 
68800 0.175 0.948147394498465 
68900 0.13333333333333333 0.9481463742664596 
69000 0.16666666666666666 0.9481465647035712 
69100 0.15833333333333333 0.9481428553051974 
69200 0.175 0.9481393974717771 
69300 0.16666666666666666 0.9481356690379649 
69400 0.18333333333333332 0.9481374748042375 
69500 0.16666666666666666 0.9481390355694322 
69600 0.16666666666666666 0.9481311730834008 
69700 0.13333333333333333 0.9481327782639816 
69800 0.175 0.9481316329438133 
69900 0.15833333333333333 0.9481294974320825 
70000 0.19166666666666668 0.948128280707101 
70100 0.14166666666666666 0.9481295242261563 
70200 0.19166666666666668 0.9481299728240655 
70300 0.16666666666666666 0.9481217273659771 
70400 0.175 0.9481225803295092 
70500 0.15 0.9481226034618895 
70600 0.16666666666666666 0.9481238068708501 
70700 0.16666666666666666 0.9481211958340995 
70800 0.15833333333333333 0.948116041989363 
70900 0.13333333333333333 0.9481190517607493 
71000 0.11666666666666667 0.9481199012846454 
71100 0.13333333333333333 0.9481208656230807 
71200 0.15833333333333333 0.9481205788308217 
71300 0.16666666666666666 0.9481206824277048 
71400 0.125 0.9481220695632959 
71500 0.10833333333333334 0.9481262888320132 
71600 0.15 0.9481274314914907 
71700 0.16666666666666666 0.9481283772580268 
71800 0.175 0.9481268830981927 
71900 0.16666666666666666 0.9481289087309865 
72000 0.15 0.9481270707659925 
72100 0.175 0.9481261625281819 
72200 0.18333333333333332 0.9481210632662829 
72300 0.15 0.9481194358768666 
72400 0.10833333333333334 0.9481232226688091 
72500 0.15833333333333333 0.9481228994542604 
72600 0.13333333333333333 0.9481244519129672 
72700 0.125 0.948133527125563 
72800 0.16666666666666666 0.9481305583409263 
72900 0.15833333333333333 0.9481248542543999 
73000 0.14166666666666666 0.9481269282460362 
73100 0.16666666666666666 0.9481336704620243 
73200 0.16666666666666666 0.9481331463292092 
73300 0.16666666666666666 0.9481363373851198 
73400 0.16666666666666666 0.9481293019017301 
73500 0.16666666666666666 0.9481276520803193 
73600 0.18333333333333332 0.948121062666721 
73700 0.18333333333333332 0.9481177701493573 
73800 0.125 0.9481224659708014 
73900 0.20833333333333334 0.9481150458045222 
74000 0.15 0.9481095600810199 
74100 0.15 0.9481126360567933 
74200 0.20833333333333334 0.9481088155445644 
74300 0.16666666666666666 0.9481023135624016 
74400 0.18333333333333332 0.9481020640403579 
74500 0.175 0.9481046488563166 
74600 0.18333333333333332 0.9480979179605874 
74700 0.15 0.9481020260029243 
74800 0.18333333333333332 0.948099141574162 
74900 0.16666666666666666 0.9480971549111494 
75000 0.16666666666666666 0.9481035067680579 
75100 0.15833333333333333 0.9480976359243626 
75200 0.15833333333333333 0.9480962871356616 
75300 0.175 0.9480930974798918 
75400 0.14166666666666666 0.948094816013345 
75500 0.15 0.948092593328418 
75600 0.125 0.9480965492813881 
75700 0.15833333333333333 0.9480960548003916 
75800 0.16666666666666666 0.9480954883327544 
75900 0.18333333333333332 0.9480929470992184 
76000 0.175 0.9480877079102761 
76100 0.15 0.9480869721379045 
76200 0.15833333333333333 0.948091414665016 
76300 0.14166666666666666 0.948086161678382 
76400 0.18333333333333332 0.9480806679377378 
76500 0.16666666666666666 0.9480817607322489 
76600 0.18333333333333332 0.9480827418847158 
76700 0.15 0.9480841550667889 
76800 0.15833333333333333 0.9480887112291652 
76900 0.125 0.9480910521319619 
77000 0.18333333333333332 0.9480968140384901 
77100 0.175 0.9480911401927342 
77200 0.16666666666666666 0.9480850492725339 
77300 0.16666666666666666 0.948084148688604 
77400 0.18333333333333332 0.9480863009234736 
77500 0.16666666666666666 0.9480835731151857 
77600 0.15833333333333333 0.9480802796069352 
77700 0.14166666666666666 0.9480792110497649 
77800 0.15833333333333333 0.9480771455379751 
77900 0.16666666666666666 0.9480803983403436 
78000 0.16666666666666666 0.9480822539312174 
78100 0.11666666666666667 0.948081721816053 
78200 0.18333333333333332 0.9480807292887701 
78300 0.19166666666666668 0.9480844575562395 
78400 0.15 0.9480888494902985 
78500 0.2 0.9480905055703466 
78600 0.125 0.9480934650251834 
78700 0.16666666666666666 0.948092075633657 
78800 0.19166666666666668 0.9480884689844602 
78900 0.15833333333333333 0.9480927927965989 
79000 0.15833333333333333 0.9480950663071775 
79100 0.15833333333333333 0.9480932605150377 
79200 0.16666666666666666 0.9480915294279393 
79300 0.13333333333333333 0.9480859145674218 
79400 0.14166666666666666 0.9480893397648225 
79500 0.15833333333333333 0.9480913237988621 
79600 0.175 0.948088487163059 
79700 0.13333333333333333 0.9480913386002406 
79800 0.15833333333333333 0.9480891704225372 
79900 0.19166666666666668 0.9480915619189858 
80000 0.10833333333333334 0.948088010010986 
80100 0.125 0.9480887670982052 
80200 0.13333333333333333 0.9480828030684018 
80300 0.18333333333333332 0.948083703122557 
80400 0.15 0.9480806277976089 
80500 0.14166666666666666 0.9480805621462259 
80600 0.18333333333333332 0.9480757751833793 
80700 0.13333333333333333 0.948070139568696 
80800 0.15833333333333333 0.9480669243642474 
80900 0.175 0.9480719919682356 
81000 0.13333333333333333 0.9480720402628774 
81100 0.14166666666666666 0.9480717459299721 
81200 0.19166666666666668 0.9480633106598304 
81300 0.15833333333333333 0.9480603627944989 
81400 0.125 0.9480621996180774 
81500 0.15833333333333333 0.9480667926364912 
81600 0.15833333333333333 0.9480639194236454 
81700 0.15 0.9480601692621742 
81800 0.15833333333333333 0.948058431776846 
81900 0.175 0.9480630408799784 
82000 0.19166666666666668 0.9480593393847501 
82100 0.15833333333333333 0.9480588949383483 
82200 0.16666666666666666 0.9480596343110181 
82300 0.20833333333333334 0.9480551741642129 
82400 0.16666666666666666 0.9480566241779698 
82500 0.175 0.9480479697889184 
82600 0.18333333333333332 0.9480489542095939 
82700 0.15833333333333333 0.9480446964903018 
82800 0.15833333333333333 0.9480512513939042 
82900 0.15 0.9480576229478535 
83000 0.14166666666666666 0.9480602308673657 
83100 0.15833333333333333 0.9480622308328954 
83200 0.15 0.9480606202649808 
83300 0.16666666666666666 0.9480611810715891 
83400 0.23333333333333334 0.9480639720546916 
83500 0.16666666666666666 0.9480591050805779 
83600 0.14166666666666666 0.9480607953918679 
83700 0.175 0.9480626475987941 
83800 0.16666666666666666 0.9480585620166293 
83900 0.16666666666666666 0.9480554794076087 
84000 0.1 0.9480618286290242 
84100 0.175 0.9480597733677364 
84200 0.14166666666666666 0.948055710607818 
84300 0.13333333333333333 0.9480559410788589 
84400 0.175 0.9480544925086459 
84500 0.16666666666666666 0.9480547238757201 
84600 0.15833333333333333 0.9480496356097708 
84700 0.19166666666666668 0.9480460023428819 
84800 0.16666666666666666 0.9480410018749779 
84900 0.13333333333333333 0.9480430475233246 
85000 0.16666666666666666 0.9480510360008837 
85100 0.15833333333333333 0.9480501926469072 
85200 0.16666666666666666 0.9480483731933246 
85300 0.18333333333333332 0.9480513124113433 
85400 0.10833333333333334 0.948050211485944 
85500 0.15833333333333333 0.9480525568901729 
85600 0.18333333333333332 0.9480574603879238 
85700 0.16666666666666666 0.9480578471144508 
85800 0.16666666666666666 0.9480606934133117 
85900 0.15833333333333333 0.9480593939535046 
86000 0.19166666666666668 0.9480548998784252 
86100 0.18333333333333332 0.9480471900571551 
86200 0.15 0.948042527219973 
86300 0.15833333333333333 0.9480440872965293 
86400 0.175 0.9480427824266437 
86500 0.15 0.948035025927767 
86600 0.15833333333333333 0.9480330609474614 
86700 0.15833333333333333 0.9480410645013706 
86800 0.18333333333333332 0.9480416892278507 
86900 0.16666666666666666 0.9480341295139169 
87000 0.16666666666666666 0.948034026428815 
87100 0.13333333333333333 0.9480315636126132 
87200 0.16666666666666666 0.9480283419277812 
87300 0.15 0.9480230276094584 
87400 0.15 0.9480219524566843 
87500 0.15833333333333333 0.9480149433212827 
87600 0.1 0.9480221877223624 
87700 0.15 0.9480328046430485 
87800 0.15 0.9480253325386069 
87900 0.18333333333333332 0.9480258409397441 
88000 0.18333333333333332 0.9480221500008207 
88100 0.19166666666666668 0.9480187512060022 
88200 0.15 0.9480142263441206 
88300 0.14166666666666666 0.9480094915245706 
88400 0.175 0.9480100463921348 
88500 0.11666666666666667 0.9480106313927401 
88600 0.15 0.9480087696527127 
88700 0.175 0.948011484274886 
88800 0.15 0.9480095006437615 
88900 0.15833333333333333 0.9480129582344405 
89000 0.175 0.9480109149834771 
89100 0.15 0.9480077851726318 
89200 0.14166666666666666 0.9480098317283439 
89300 0.15833333333333333 0.9480125891336292 
89400 0.15833333333333333 0.9480109593603849 
89500 0.15 0.9480126230743542 
89600 0.175 0.9480110899059906 
89700 0.14166666666666666 0.9480105201354129 
89800 0.16666666666666666 0.9480107868138068 
89900 0.15 0.9480109293061875 
90000 0.15833333333333333 0.9480069665892601 
90100 0.14166666666666666 0.9480027043725004 
90200 0.125 0.9480018083071264 
90300 0.13333333333333333 0.9480063589796593 
90400 0.10833333333333334 0.9480033713983007 
90500 0.15833333333333333 0.9480125756744248 
90600 0.14166666666666666 0.9480152291672032 
90700 0.15833333333333333 0.9480096691326446 
90800 0.20833333333333334 0.9480123199817917 
90900 0.15 0.9480126120113579 
91000 0.14166666666666666 0.9480114687384388 
91100 0.16666666666666666 0.9480125843233822 
91200 0.15833333333333333 0.948007088128907 
91300 0.15833333333333333 0.9480077192777492 
91400 0.15 0.9480081970899905 
91500 0.15 0.9480073988262423 
91600 0.10833333333333334 0.9480122730343797 
91700 0.13333333333333333 0.9480152282357275 
91800 0.2 0.9480177836358596 
91900 0.13333333333333333 0.9480177340592353 
92000 0.13333333333333333 0.9480207944599636 
92100 0.13333333333333333 0.9480281007927287 
92200 0.13333333333333333 0.9480350900026392 
92300 0.15833333333333333 0.9480321628873649 
92400 0.16666666666666666 0.9480348036156415 
92500 0.125 0.9480392103869147 
92600 0.175 0.9480382681252543 
92700 0.2 0.9480382268440111 
92800 0.15 0.9480366291550977 
92900 0.16666666666666666 0.9480412242901344 
93000 0.15 0.9480392982632205 
93100 0.13333333333333333 0.9480414340936785 
93200 0.15 0.9480407339453916 
93300 0.15 0.9480455133861849 
93400 0.19166666666666668 0.9480378213890168 
93500 0.15 0.9480374541448755 
93600 0.14166666666666666 0.9480399069810508 
93700 0.175 0.9480409316158134 
93800 0.175 0.9480424574957149 
93900 0.13333333333333333 0.9480408444354516 
94000 0.175 0.9480373435743591 
94100 0.15833333333333333 0.9480341158259034 
94200 0.18333333333333332 0.9480331360011512 
94300 0.14166666666666666 0.9480279459744153 
94400 0.14166666666666666 0.9480281811986455 
94500 0.18333333333333332 0.9480269462169124 
94600 0.18333333333333332 0.9480296191372184 
94700 0.15 0.9480258626859508 
94800 0.15 0.9480232569042286 
94900 0.15833333333333333 0.9480210078573109 
95000 0.19166666666666668 0.9480188512635539 
95100 0.13333333333333333 0.9480247023924272 
95200 0.13333333333333333 0.9480321751989066 
95300 0.15 0.9480351436209716 
95400 0.14166666666666666 0.9480410466230845 
95500 0.15 0.9480432142071811 
95600 0.16666666666666666 0.9480422392141412 
95700 0.15833333333333333 0.9480407437981027 
95800 0.15 0.9480428179246563 
95900 0.175 0.9480453511665387 
96000 0.15 0.948045737949489 
96100 0.175 0.9480369322090532 
96200 0.16666666666666666 0.9480439681269195 
96300 0.11666666666666667 0.9480427109906554 
96400 0.125 0.9480460668342536 
96500 0.175 0.9480449828384047 
96600 0.13333333333333333 0.9480473804619 
96700 0.125 0.9480529616492533 
96800 0.14166666666666666 0.9480551452062593 
96900 0.15 0.948053826987223 
97000 0.14166666666666666 0.9480502205590091 
97100 0.13333333333333333 0.9480518566578442 
97200 0.175 0.9480478024345885 
97300 0.15 0.9480409588116601 
97400 0.15 0.9480373804056312 
97500 0.175 0.9480356611727059 
97600 0.16666666666666666 0.9480319532245229 
97700 0.15 0.9480365832716372 
97800 0.13333333333333333 0.9480379375807336 
97900 0.175 0.9480340400563381 
98000 0.16666666666666666 0.9480308590955421 
98100 0.175 0.9480283925070421 
98200 0.16666666666666666 0.9480273169881728 
98300 0.16666666666666666 0.948025848047211 
98400 0.16666666666666666 0.9480279389662932 
98500 0.18333333333333332 0.9480286156147315 
98600 0.15833333333333333 0.9480278822955368 
98700 0.13333333333333333 0.9480307528123659 
98800 0.18333333333333332 0.9480309747202289 
98900 0.125 0.9480270955579597 
99000 0.175 0.9480273207116875 
99100 0.15 0.9480225000532565 
99200 0.13333333333333333 0.9480206292723303 
99300 0.15 0.9480225106830076 
99400 0.16666666666666666 0.9480254781697927 
99500 0.14166666666666666 0.9480235542021354 
99600 0.15 0.9480271561307394 
99700 0.175 0.9480283826418769 
99800 0.15833333333333333 0.9480290778649513 
99900 0.15 0.9480336644389056 
