0 0.0 1.0 
100 0.136 0.9650957095709571 
200 0.12 0.9655854063018242 
300 0.12 0.9654662236987819 
400 0.088 0.964402327514547 
500 0.12 0.9650299401197605 
600 0.096 0.9644902939545202 
700 0.12 0.9643594864479316 
800 0.104 0.9642446941323346 
900 0.104 0.9646674065852756 
1000 0.096 0.9643822843822843 
1100 0.12 0.9641998183469573 
1200 0.104 0.9640499583680266 
1300 0.104 0.963865744299257 
1400 0.096 0.9637458957887224 
1500 0.104 0.9633435487452809 
1600 0.128 0.9631513637310014 
1700 0.112 0.9630507544581619 
1800 0.112 0.96325448824727 
1900 0.112 0.9632095388392075 
2000 0.104 0.9631077794436115 
2100 0.088 0.9630956687291766 
2200 0.12 0.9629198849008027 
2300 0.104 0.9628544111255976 
2400 0.128 0.9626922115785089 
2500 0.112 0.9627253098760495 
2600 0.12 0.9627025503011662 
2700 0.12 0.9626153276564235 
2800 0.128 0.9622915625371891 
2900 0.144 0.9623293117315868 
3000 0.12 0.9622303676552261 
3100 0.104 0.9622710953455874 
3200 0.112 0.9622751223575966 
3300 0.096 0.962341916590932 
3400 0.128 0.962356169753994 
3500 0.104 0.9623848424259736 
3600 0.16 0.962299361288531 
3700 0.12 0.9622451589660452 
3800 0.088 0.962172761553977 
3900 0.104 0.9621608134666325 
4000 0.12 0.9620681496292594 
4100 0.104 0.9621516703243111 
4200 0.112 0.9621061651987622 
4300 0.104 0.9621278772378516 
4400 0.112 0.962241308793456 
4500 0.12 0.9622460194030956 
4600 0.088 0.9622980511483011 
4700 0.12 0.9622854711763454 
4800 0.128 0.9622106505589113 
4900 0.12 0.9622003672719853 
5000 0.088 0.9621718323002066 
5100 0.12 0.9621418022609945 
5200 0.136 0.962109850669743 
5300 0.112 0.9620534490347733 
5400 0.112 0.9620490032709992 
5500 0.104 0.9621145246318851 
5600 0.104 0.9621391418199131 
5700 0.096 0.9621217330292932 
5800 0.104 0.9621752571395736 
5900 0.128 0.9620968197480653 
6000 0.096 0.9620978725767928 
6100 0.128 0.9620796590722832 
6200 0.088 0.9620882653335483 
6300 0.12 0.9621046394752156 
6400 0.152 0.9620559287611311 
6500 0.12 0.9620259447264523 
6600 0.104 0.962080896833813 
6700 0.112 0.9620693428841467 
6800 0.136 0.9620722442778022 
6900 0.136 0.9620337149205429 
7000 0.096 0.9620739894300814 
7100 0.12 0.962143172323147 
7200 0.088 0.9621297042077489 
7300 0.096 0.962184906177236 
7400 0.08 0.962187812457776 
7500 0.104 0.9622101941963294 
7600 0.096 0.962173047406043 
7700 0.112 0.9621974635328745 
7800 0.112 0.9621816006494894 
7900 0.12 0.9622069780196599 
8000 0.104 0.962196392117652 
8100 0.096 0.9621870550960787 
8200 0.104 0.9622117627931553 
8300 0.112 0.9622278440348553 
8400 0.104 0.9622863944768479 
8500 0.096 0.9622789475747952 
8600 0.12 0.9622946169050111 
8700 0.136 0.9623037964984867 
8800 0.08 0.9622921637692686 
8900 0.136 0.962240047934689 
9000 0.096 0.9622560456245602 
9100 0.08 0.9623024576053913 
9200 0.096 0.9623154004999457 
9300 0.112 0.9623028348206286 
9400 0.096 0.9623447151012303 
9500 0.128 0.9623711188295969 
9600 0.112 0.9623439225080721 
9700 0.096 0.9623296567364189 
9800 0.104 0.9623540455055607 
9900 0.112 0.9623238056761944 
10000 0.12 0.9623061693830617 
10100 0.088 0.9623308583308583 
10200 0.12 0.9623150671502794 
10300 0.088 0.9623296120117788 
10400 0.136 0.962317725859693 
10500 0.096 0.9623032727041869 
10600 0.12 0.9622981479734616 
10700 0.104 0.9622851446905274 
10800 0.12 0.9623392895719532 
10900 0.096 0.9623124483992295 
11000 0.104 0.9623188195012574 
11100 0.12 0.9623070594240759 
11200 0.104 0.9622847960003571 
11300 0.12 0.9622546677285196 
11400 0.08 0.9622851796626027 
11500 0.104 0.9622912790192157 
11600 0.128 0.962281412521909 
11700 0.112 0.9622660171495314 
11800 0.12 0.962258339688727 
11900 0.12 0.9622247990364955 
12000 0.144 0.9622169263672472 
12100 0.104 0.962185824862959 
12200 0.136 0.9621735923284976 
12300 0.128 0.9621674118635342 
12400 0.12 0.9621492890358304 
12500 0.096 0.9621638802229155 
12600 0.104 0.9621467079332328 
12700 0.144 0.9621117497309923 
12800 0.104 0.9620992109991406 
12900 0.12 0.9621209725344289 
13000 0.104 0.9621036330538677 
13100 0.136 0.9621185151260718 
13200 0.112 0.9620980228770548 
13300 0.104 0.962084855775255 
13400 0.104 0.962068701340696 
13500 0.128 0.9620545638594672 
13600 0.112 0.9620594564125187 
13700 0.112 0.96206914337153 
13800 0.096 0.9620902833128034 
13900 0.12 0.9620844543558017 
14000 0.12 0.9620968026093374 
14100 0.128 0.9620870387442971 
14200 0.136 0.9620792901908316 
14300 0.104 0.9620395776519125 
14400 0.08 0.9620494873041224 
14500 0.112 0.9620599958623544 
14600 0.096 0.9620827797182842 
14700 0.072 0.962117588372673 
14800 0.096 0.9621425579352746 
14900 0.12 0.9621412433170033 
15000 0.12 0.9621371019709797 
15100 0.136 0.9621393726684767 
15200 0.152 0.9620912659254873 
15300 0.072 0.962074461364181 
15400 0.104 0.9620880029435318 
15500 0.096 0.9621132400060212 
15600 0.112 0.9621311454393949 
15700 0.144 0.9621335371420079 
15800 0.152 0.962100289011244 
15900 0.136 0.9620681298870092 
16000 0.12 0.9620582046955398 
16100 0.104 0.9620712585139639 
16200 0.12 0.9620950147110261 
16300 0.128 0.9620885426251968 
16400 0.096 0.9620943438408227 
16500 0.12 0.9620939337009878 
16600 0.12 0.9620612412906853 
16700 0.104 0.9620455461748797 
16800 0.128 0.9620379739301232 
16900 0.12 0.9620478472674201 
17000 0.152 0.9620219987059585 
17100 0.088 0.962050562345282 
17200 0.136 0.9620581749123113 
17300 0.136 0.9620610754676994 
17400 0.096 0.9620605712315384 
17500 0.128 0.9620507780507781 
17600 0.096 0.9620639736378614 
17700 0.12 0.9620375496676271 
17800 0.112 0.9620178641649345 
17900 0.128 0.9619955682177904 
18000 0.096 0.9619952965575986 
18100 0.096 0.9620019520100178 
18200 0.096 0.9620107320110617 
18300 0.096 0.9620178132342495 
18400 0.128 0.9620304693585493 
18500 0.112 0.9620205033962128 
18600 0.104 0.9620222568679103 
18700 0.12 0.9620278416483967 
18800 0.088 0.962029537435952 
18900 0.096 0.9620377052360545 
19000 0.112 0.9620609441608337 
19100 0.096 0.9620677451442333 
19200 0.136 0.9620510042879711 
19300 0.088 0.9620548848937015 
19400 0.12 0.9620598250949264 
19500 0.088 0.9620688169837445 
19600 0.112 0.9620909137288913 
19700 0.12 0.9620888279782752 
19800 0.136 0.9620649462148376 
19900 0.112 0.9620556420950371 
20000 0.12 0.9620581637584787 
20100 0.088 0.9620683548082185 
20200 0.112 0.9620630001815091 
20300 0.112 0.962062952563913 
20400 0.128 0.9620580690489028 
20500 0.104 0.9620307302082826 
20600 0.112 0.962044431500089 
20700 0.136 0.9620264399465405 
20800 0.08 0.9620300306075028 
20900 0.12 0.9620383075769899 
21000 0.12 0.9620512039109249 
21100 0.096 0.9620241694706412 
21200 0.096 0.9620323569642941 
21300 0.096 0.9620374630299047 
21400 0.096 0.962039655467813 
21500 0.128 0.9620523696572253 
21600 0.104 0.9620629909109146 
21700 0.104 0.9620703193401225 
21800 0.088 0.9620708530189747 
21900 0.096 0.9620904981507694 
22000 0.08 0.9621072981531142 
22100 0.104 0.9621091051686952 
22200 0.08 0.9621035689083074 
22300 0.104 0.9621145838004275 
22400 0.096 0.9621144294153535 
22500 0.12 0.962119135445832 
22600 0.12 0.9621131808327065 
22700 0.136 0.9621043419526306 
22800 0.128 0.9620749967106705 
22900 0.08 0.9620538258882436 
23000 0.104 0.9620544034317349 
23100 0.112 0.9620347748293725 
23200 0.128 0.9620349697570507 
23300 0.112 0.9620242908029698 
23400 0.072 0.9620284033445864 
23500 0.104 0.962032027005943 
23600 0.096 0.9620455630411141 
23700 0.112 0.9620317567472539 
23800 0.112 0.9620238925535342 
23900 0.112 0.9620295942987044 
24000 0.128 0.9620188047720234 
24100 0.112 0.9620136370551706 
24200 0.12 0.9620039943253034 
24300 0.128 0.9619959672441464 
24400 0.088 0.9620113929756977 
24500 0.096 0.9620066663945689 
24600 0.12 0.9620223568147637 
24700 0.096 0.9620271244079187 
24800 0.104 0.9620195959840329 
24900 0.12 0.962033439085445 
25000 0.104 0.9620255189792408 
25100 0.136 0.962023929989509 
25200 0.104 0.9620076451992646 
25300 0.096 0.9620174169663913 
25400 0.112 0.9620214427253521 
25500 0.12 0.9620171757970276 
25600 0.104 0.9620138796661589 
25700 0.104 0.9620222300040207 
25800 0.096 0.9620246243685645 
25900 0.128 0.9620223672187689 
26000 0.104 0.9620253579990513 
26100 0.144 0.9620124899429141 
26200 0.096 0.962015699146343 
26300 0.112 0.9620248659746777 
26400 0.112 0.9620304281403482 
26500 0.112 0.9620199489327447 
26600 0.128 0.9620263899853388 
26700 0.112 0.9620195997653022 
26800 0.104 0.9620153476860316 
26900 0.136 0.9620176697272717 
27000 0.096 0.9620274804636866 
27100 0.12 0.9620322989311587 
27200 0.128 0.9620308076908937 
27300 0.088 0.9620221969891213 
27400 0.104 0.9620321399462307 
27500 0.136 0.9620423984582379 
27600 0.096 0.962038766711351 
27700 0.088 0.9620471944454472 
27800 0.096 0.962053834993945 
27900 0.112 0.9620540243479923 
28000 0.112 0.9620428794209731 
28100 0.104 0.9620461430791313 
28200 0.12 0.9620396439842559 
28300 0.096 0.9620407288317256 
28400 0.144 0.9620215250636714 
28500 0.104 0.962013777294364 
28600 0.112 0.9620234257543443 
28700 0.088 0.9620230653984182 
28800 0.12 0.9620272444243834 
28900 0.12 0.9620187536763434 
29000 0.104 0.9620244819144167 
29100 0.12 0.9620234814382095 
29200 0.072 0.9620352727646313 
29300 0.104 0.9620305109040647 
29400 0.104 0.9620188882464316 
29500 0.112 0.9620238861959481 
29600 0.152 0.9620180399310834 
29700 0.136 0.9620008304995342 
29800 0.096 0.9620131762916233 
29900 0.104 0.9620282041849213 
30000 0.112 0.9620358432496695 
30100 0.104 0.9620343953135555 
30200 0.112 0.962027129344503 
30300 0.104 0.9620263357644963 
30400 0.104 0.9620223896143767 
30500 0.096 0.9620349059593675 
30600 0.096 0.9620363604675228 
30700 0.112 0.9620381529374722 
30800 0.088 0.9620297176498599 
30900 0.144 0.9620376471095865 
31000 0.12 0.962025655086395 
31100 0.128 0.9620284878299733 
31200 0.128 0.9620175421727936 
31300 0.104 0.9620164637977487 
31400 0.112 0.9620198082863604 
31500 0.12 0.962014666201073 
31600 0.088 0.9620053373838381 
31700 0.112 0.9620095265133592 
31800 0.128 0.9620042137039716 
31900 0.096 0.9620115565865229 
32000 0.072 0.9620266866660417 
32100 0.12 0.9620336645795042 
32200 0.104 0.9620366241214041 
32300 0.12 0.9620387397706985 
32400 0.104 0.9620303077065523 
32500 0.104 0.9620205327015579 
32600 0.096 0.9620403464106418 
32700 0.128 0.9620439741903918 
32800 0.104 0.9620374175584078 
32900 0.112 0.9620391680090777 
33000 0.088 0.9620342817894407 
33100 0.104 0.9620393341590888 
33200 0.12 0.9620347178297842 
33300 0.12 0.9620409397115202 
33400 0.104 0.9620446493617956 
33500 0.104 0.9620435608887297 
33600 0.096 0.9620358917889349 
33700 0.104 0.9620487621534475 
33800 0.112 0.9620535092650119 
33900 0.104 0.9620509916128335 
34000 0.12 0.9620454300363714 
34100 0.12 0.9620420906522781 
34200 0.08 0.9620415777316452 
34300 0.072 0.9620419229760065 
34400 0.088 0.9620398631822719 
34500 0.08 0.9620470131300543 
34600 0.056 0.9620504224348044 
34700 0.12 0.9620576544383928 
34800 0.12 0.9620502859113244 
34900 0.12 0.9620508294891263 
35000 0.152 0.9620452748969077 
35100 0.112 0.9620351177079476 
35200 0.152 0.9620294120432185 
35300 0.128 0.9620276668271909 
35400 0.112 0.9620298484976884 
35500 0.152 0.9620176708637316 
35600 0.104 0.9620064604926828 
35700 0.12 0.9620003174514252 
35800 0.128 0.9619991992774876 
35900 0.088 0.9619935563540477 
36000 0.112 0.9619937964686166 
36100 0.112 0.9619863531019455 
36200 0.112 0.961991178880878 
36300 0.096 0.9619928927577752 
36400 0.144 0.9619936448632364 
36500 0.104 0.9619835073011699 
36600 0.12 0.9619874138229374 
36700 0.128 0.9619972571137935 
36800 0.104 0.9619984239558708 
36900 0.12 0.9620156996648691 
37000 0.096 0.9620255308415088 
37100 0.128 0.962016908798505 
37200 0.112 0.9620182253165237 
37300 0.112 0.9620283995960788 
37400 0.12 0.9620257568870707 
37500 0.128 0.9620371367874635 
37600 0.136 0.9620225703217113 
37700 0.112 0.9620062420979107 
37800 0.072 0.9620041797836036 
37900 0.096 0.9620132450331126 
38000 0.128 0.9620089295895722 
38100 0.136 0.961999667550283 
38200 0.104 0.9619986213275394 
38300 0.104 0.9620007136454226 
38400 0.064 0.962009947657613 
38500 0.12 0.9620072898539432 
38600 0.12 0.9620103106137147 
38700 0.112 0.9620219977089308 
38800 0.12 0.9620355489119696 
38900 0.088 0.962038953583027 
39000 0.112 0.9620372810953566 
39100 0.088 0.962031525195434 
39200 0.096 0.962037907196245 
39300 0.104 0.9620371322188579 
39400 0.08 0.962043873674949 
39500 0.096 0.9620447752377577 
39600 0.096 0.962058062506839 
39700 0.112 0.962060603007481 
39800 0.096 0.9620640017419998 
39900 0.08 0.9620665814557697 
40000 0.088 0.9620776813912986 
40100 0.112 0.9620881939768751 
40200 0.128 0.9620892349278211 
40300 0.12 0.9620857050693531 
40400 0.096 0.9620836447942708 
40500 0.136 0.9620765248594685 
40600 0.144 0.9620753511818264 
40700 0.088 0.9620788350818571 
40800 0.112 0.9620794915157308 
40900 0.096 0.9620747984971842 
41000 0.112 0.9620746160662748 
41100 0.136 0.9620738505956871 
41200 0.088 0.9620624094884428 
41300 0.104 0.9620680693768513 
41400 0.088 0.9620657794095151 
41500 0.12 0.9620696690039597 
41600 0.112 0.9620766808490181 
41700 0.128 0.9620889027441388 
41800 0.112 0.9620876055596757 
41900 0.112 0.9620847871570288 
42000 0.12 0.9620845217971 
42100 0.112 0.9620850177747163 
42200 0.096 0.9620882917466411 
42300 0.128 0.9620918024002585 
42400 0.112 0.9620880639607556 
42500 0.112 0.9620877312690682 
42600 0.12 0.9620900917818831 
42700 0.12 0.9620943771808623 
42800 0.136 0.962092848297937 
42900 0.12 0.9620939993628742 
43000 0.152 0.9620901839492105 
43100 0.112 0.9620984509253458 
43200 0.104 0.9620908775259832 
43300 0.144 0.9620914682493861 
43400 0.104 0.9620851132462386 
43500 0.152 0.962083446357555 
43600 0.12 0.9620749371191792 
43700 0.088 0.9620805015903526 
43800 0.104 0.9620801351567316 
43900 0.12 0.9620780088532531 
44000 0.128 0.9620735286319251 
44100 0.12 0.9620681012524281 
44200 0.12 0.9620586562898276 
44300 0.088 0.9620659277819161 
44400 0.104 0.9620680615301457 
44500 0.128 0.9620648524752253 
44600 0.136 0.9620538851894203 
44700 0.096 0.9620537049879571 
44800 0.096 0.962048704269994 
44900 0.104 0.9620461014231309 
45000 0.128 0.9620492581646334 
45100 0.088 0.9620512183765326 
45200 0.088 0.9620534058980996 
45300 0.112 0.9620567610722354 
45400 0.12 0.962053053163293 
45500 0.112 0.9620511197556098 
45600 0.12 0.9620490193928496 
45700 0.096 0.9620435439049474 
45800 0.104 0.9620410034715399 
45900 0.096 0.9620366150338047 
46000 0.128 0.9620341007079556 
46100 0.144 0.9620373238469159 
46200 0.144 0.9620258724558631 
46300 0.104 0.9620232824345046 
46400 0.12 0.962021738037255 
46500 0.12 0.9620194547787503 
46600 0.096 0.9620219308598528 
46700 0.112 0.9620179439412432 
46800 0.096 0.9620269652357856 
46900 0.12 0.9620333326226165 
47000 0.088 0.9620327510762182 
47100 0.112 0.9620325683106515 
47200 0.12 0.9620380924132963 
47300 0.104 0.9620355313136438 
47400 0.072 0.9620427698431117 
47500 0.104 0.9620457113183583 
47600 0.12 0.9620404613348459 
47700 0.136 0.9620365191505419 
47800 0.104 0.9620381721442369 
47900 0.104 0.9620306882946076 
48000 0.096 0.9620287355124546 
48100 0.112 0.9620295627949523 
48200 0.08 0.9620246882844754 
48300 0.112 0.9620243611243383 
48400 0.096 0.9620251372216827 
48500 0.12 0.9620308584702721 
48600 0.104 0.96202667983512 
48700 0.096 0.9620342361210926 
48800 0.112 0.9620396303354439 
48900 0.136 0.9620421668268543 
49000 0.08 0.9620345163023883 
49100 0.112 0.9620330882602527 
49200 0.136 0.9620355683827565 
49300 0.12 0.9620306281819841 
49400 0.12 0.9620252761415086 
49500 0.104 0.9620253866925247 
49600 0.104 0.9620255505601366 
49700 0.112 0.9620228700965104 
49800 0.112 0.9620265188784697 
49900 0.12 0.9620129456323521 
50000 0.096 0.9620210795784084 
50100 0.12 0.9620235923434662 
50200 0.104 0.9620243952643706 
50300 0.104 0.9620376003127837 
50400 0.112 0.9620361500763873 
50500 0.104 0.9620374514036025 
50600 0.12 0.9620401177842335 
50700 0.12 0.9620309395606924 
50800 0.112 0.9620407997217902 
50900 0.136 0.9620434438092245 
51000 0.112 0.9620378685385254 
51100 0.136 0.9620324194568926 
51200 0.104 0.9620295957761241 
51300 0.096 0.9620272509307811 
51400 0.12 0.9620274573127631 
51500 0.112 0.9620189122541309 
51600 0.096 0.962013707744682 
51700 0.12 0.9620069760094905 
51800 0.136 0.9620102572022419 
51900 0.136 0.9620061784294458 
52000 0.112 0.9620014999711544 
52100 0.128 0.9620069736345431 
52200 0.12 0.9620058874989623 
52300 0.104 0.9620111788812196 
52400 0.112 0.9620199105615033 
52500 0.08 0.9620236312959118 
52600 0.128 0.9620323061031792 
52700 0.112 0.9620338134001253 
52800 0.12 0.9620284464309388 
52900 0.096 0.9620313163582289 
53000 0.088 0.9620413199750948 
53100 0.08 0.9620494780387061 
53200 0.12 0.9620590089158725 
53300 0.12 0.9620590482980307 
53400 0.104 0.9620567405104773 
53500 0.144 0.9620593259939066 
53600 0.12 0.9620554342891613 
53700 0.136 0.9620486769333905 
53800 0.104 0.9620480908037645 
53900 0.136 0.9620485457907398 
54000 0.096 0.9620440115306507 
54100 0.136 0.9620370787970648 
54200 0.096 0.9620414383498459 
54300 0.112 0.9620346832163926 
54400 0.136 0.9620313842270056 
54500 0.08 0.9620246723301713 
54600 0.144 0.9620260434790572 
54700 0.12 0.9620204383832105 
54800 0.12 0.962017335450083 
54900 0.12 0.9620092894482797 
55000 0.104 0.9620104846578547 
55100 0.12 0.9620131758044319 
55200 0.128 0.9620093355796695 
55300 0.088 0.96201187440854 
55400 0.104 0.9620072321197571 
55500 0.112 0.9620042401638409 
55600 0.112 0.962012529750664 
55700 0.12 0.9620131775013016 
55800 0.112 0.9620101909762668 
55900 0.088 0.9620155632278492 
56000 0.112 0.9620138687999619 
56100 0.12 0.9620175041443112 
56200 0.096 0.9620193709483223 
56300 0.12 0.9620135107132496 
56400 0.152 0.9620100352830624 
56500 0.12 0.9620073273039416 
56600 0.104 0.9620075499255019 
56700 0.104 0.9620067841249126 
56800 0.104 0.9620066782861804 
56900 0.088 0.9620077444450302 
57000 0.104 0.9620120348765812 
57100 0.128 0.9620161234771136 
57200 0.104 0.9620172141512677 
57300 0.112 0.9620169979581508 
57400 0.12 0.9620172006294896 
57500 0.088 0.9620241734926349 
57600 0.112 0.9620211223184783 
57700 0.104 0.9620249215784822 
57800 0.12 0.9620324446520533 
57900 0.112 0.9620327110067184 
58000 0.096 0.9620360568495946 
58100 0.128 0.9620402632197954 
58200 0.104 0.9620341002159184 
58300 0.12 0.9620385242105625 
58400 0.12 0.9620354445985514 
58500 0.136 0.9620429052494829 
58600 0.08 0.9620459719117421 
58700 0.12 0.9620488918417063 
58800 0.096 0.962057243924423 
58900 0.12 0.9620627154038132 
59000 0.104 0.9620666316390117 
59100 0.096 0.9620739637795187 
59200 0.096 0.9620805504411525 
59300 0.112 0.9620779413500615 
59400 0.12 0.9620727821641611 
59500 0.12 0.9620694778239021 
59600 0.112 0.9620688243485848 
59700 0.12 0.9620655377073527 
59800 0.104 0.9620594081481357 
59900 0.12 0.9620629594386293 
60000 0.104 0.9620613434220541 
60100 0.12 0.9620566712700288 
60200 0.128 0.9620631329490651 
60300 0.088 0.9620661680569145 
60400 0.136 0.9620656170151708 
60500 0.12 0.9620612772240679 
60600 0.12 0.9620623642074113 
60700 0.088 0.9620669181726825 
60800 0.08 0.9620689571991689 
60900 0.096 0.962070113791235 
61000 0.08 0.9620752883832505 
61100 0.112 0.9620751215201061 
61200 0.096 0.9620740837568014 
61300 0.12 0.9620727448709374 
61400 0.12 0.9620653300977726 
61500 0.112 0.9620635328422844 
61600 0.112 0.9620591007721736 
61700 0.112 0.9620694640281356 
61800 0.112 0.9620678845541873 
61900 0.12 0.9620674733310717 
62000 0.096 0.9620641817605092 
62100 0.12 0.9620626613634777 
62200 0.096 0.9620617031880516 
62300 0.12 0.9620635730833641 
62400 0.112 0.9620622746430346 
62500 0.104 0.9620591030543512 
62600 0.104 0.9620531727395196 
62700 0.136 0.962060275487366 
62800 0.104 0.9620637463310032 
62900 0.12 0.9620594903101699 
63000 0.12 0.9620573641688227 
63100 0.12 0.9620578649044125 
63200 0.088 0.9620569294789639 
63300 0.08 0.9620611364749372 
63400 0.104 0.9620648675362639 
63500 0.12 0.9620643874374681 
63600 0.08 0.9620672630933476 
63700 0.088 0.9620727251796152 
63800 0.12 0.9620685987157986 
63900 0.136 0.9620694511822976 
64000 0.088 0.9620731342739436 
64100 0.104 0.9620725209695117 
64200 0.136 0.962076603168175 
64300 0.112 0.9620747007563387 
64400 0.112 0.96207690356775 
64500 0.112 0.962074675844819 
64600 0.112 0.9620739823428945 
64700 0.12 0.9620698289052719 
64800 0.096 0.9620649064057654 
64900 0.144 0.9620597525461857 
65000 0.104 0.96205834782029 
65100 0.128 0.9620523596667742 
65200 0.152 0.9620424226622291 
65300 0.112 0.9620369264380841 
65400 0.12 0.9620426191240705 
65500 0.12 0.9620438568367913 
65600 0.104 0.9620421233416158 
65700 0.128 0.9620395021892107 
65800 0.112 0.9620376184759097 
65900 0.104 0.9620320177235551 
66000 0.112 0.9620365347999777 
66100 0.12 0.9620345834404925 
66200 0.104 0.9620372703332779 
66300 0.12 0.9620307788218377 
66400 0.112 0.9620347886327013 
66500 0.096 0.962033092234202 
66600 0.112 0.9620338433356856 
66700 0.088 0.9620428679230196 
66800 0.104 0.9620456779589128 
66900 0.104 0.9620452908028281 
67000 0.12 0.9620470540240693 
67100 0.12 0.9620462685603295 
67200 0.112 0.962047390167805 
67300 0.128 0.9620446253894197 
67400 0.096 0.9620478034450527 
67500 0.12 0.9620508140620139 
67600 0.128 0.9620495554799485 
67700 0.088 0.9620507821154783 
67800 0.096 0.962053027733121 
67900 0.12 0.9620485903496757 
68000 0.088 0.9620447934589197 
68100 0.144 0.9620494657445069 
68200 0.136 0.9620458351050571 
68300 0.104 0.9620481496122556 
68400 0.128 0.9620473384892034 
68500 0.128 0.9620461015167662 
68600 0.136 0.9620489885958903 
68700 0.136 0.9620422021998709 
68800 0.104 0.9620400478675213 
68900 0.104 0.9620405315839634 
69000 0.12 0.9620303473862698 
69100 0.128 0.9620258655205183 
69200 0.088 0.9620320322924043 
69300 0.088 0.9620317551935278 
69400 0.136 0.9620359360816126 
69500 0.12 0.9620310499129509 
69600 0.16 0.9620323079649239 
69700 0.112 0.9620285122642908 
69800 0.112 0.9620311074817457 
69900 0.096 0.9620317115158105 
70000 0.128 0.9620371137555178 
70100 0.128 0.9620331046157211 
70200 0.136 0.9620278533544157 
70300 0.12 0.9620256136707396 
70400 0.12 0.9620340241379147 
70500 0.08 0.9620368127166045 
70600 0.12 0.9620394045410122 
70700 0.104 0.9620368217328373 
70800 0.12 0.9620413647641511 
70900 0.112 0.962042585200961 
71000 0.112 0.9620413609197993 
71100 0.12 0.9620497414476121 
71200 0.096 0.9620506079034471 
71300 0.112 0.9620570819483598 
71400 0.096 0.9620573007847696 
71500 0.096 0.962060577241344 
71600 0.104 0.9620626899996741 
71700 0.096 0.9620597016313115 
71800 0.144 0.96205794719665 
71900 0.136 0.9620551962652351 
72000 0.112 0.9620546010935034 
72100 0.104 0.9620548582312775 
72200 0.112 0.96205075645305 
72300 0.128 0.9620529361050792 
72400 0.136 0.962051942192327 
72500 0.128 0.9620514291756895 
72600 0.096 0.9620512848767006 
72700 0.128 0.9620441351104754 
72800 0.128 0.9620362357659922 
72900 0.128 0.9620345765718806 
73000 0.136 0.9620311685228056 
73100 0.096 0.9620316365941186 
73200 0.104 0.9620327955446875 
73300 0.104 0.9620328963224695 
73400 0.12 0.9620339777387229 
73500 0.08 0.962033314739482 
73600 0.072 0.9620335955580314 
73700 0.112 0.9620338032500689 
73800 0.112 0.9620367203696427 
73900 0.112 0.9620301755050676 
74000 0.104 0.9620287293414954 
74100 0.104 0.9620296982047026 
74200 0.104 0.9620329645153031 
74300 0.112 0.9620314486570392 
74400 0.088 0.9620340228401948 
74500 0.104 0.9620399189272627 
74600 0.096 0.9620420101607217 
74700 0.152 0.9620460234802747 
74800 0.112 0.9620432881913343 
74900 0.08 0.9620449393199023 
75000 0.136 0.9620425683213113 
75100 0.128 0.9620386057886491 
75200 0.096 0.9620394764254021 
75300 0.12 0.962043425718118 
75400 0.12 0.962046374274435 
75500 0.104 0.962041968539048 
75600 0.096 0.9620440293999638 
75700 0.112 0.9620444291797114 
75800 0.112 0.9620469386947402 
75900 0.104 0.9620476497894187 
76000 0.128 0.962044534501739 
76100 0.128 0.9620452118456613 
76200 0.112 0.962047287218453 
76300 0.064 0.9620548441916444 
76400 0.104 0.9620600777476734 
76500 0.144 0.962058116887361 
76600 0.128 0.9620496860354304 
76700 0.12 0.9620434674906455 
76800 0.088 0.9620478552796622 
76900 0.136 0.9620537921050007 
77000 0.128 0.9620468998238119 
77100 0.12 0.962041754754586 
77200 0.104 0.9620395245312021 
77300 0.112 0.9620419227004394 
77400 0.12 0.9620423853266323 
77500 0.096 0.9620436037384464 
77600 0.136 0.9620423448151442 
77700 0.088 0.9620428394314959 
77800 0.112 0.9620462804676889 
77900 0.12 0.9620509107713636 
78000 0.112 0.9620454438618309 
78100 0.104 0.9620412201294904 
78200 0.112 0.9620371777001999 
78300 0.12 0.9620393779560074 
78400 0.096 0.9620439875341726 
78500 0.096 0.9620474983333546 
78600 0.112 0.9620481842894281 
78700 0.144 0.9620464627726035 
78800 0.112 0.9620452870733451 
78900 0.112 0.9620477644981263 
79000 0.08 0.9620496280637798 
79100 0.072 0.962049868733223 
79200 0.08 0.9620552939146392 
79300 0.112 0.9620594612089801 
79400 0.12 0.9620637187608888 
79500 0.12 0.9620625987933066 
79600 0.12 0.9620613476380112 
79700 0.112 0.9620595642881938 
79800 0.128 0.9620610268041754 
79900 0.12 0.9620619516651857 
80000 0.128 0.9620589742628217 
80100 0.08 0.9620561041684873 
80200 0.096 0.962057463955146 
80300 0.104 0.9620570603105815 
80400 0.12 0.9620556958246788 
80500 0.112 0.9620508896369817 
80600 0.112 0.9620439448642076 
80700 0.088 0.9620436260599827 
80800 0.12 0.9620466413369472 
80900 0.096 0.9620476384717124 
81000 0.136 0.9620457360608716 
81100 0.104 0.9620463044023296 
81200 0.12 0.962044079916914 
81300 0.104 0.9620429105013059 
81400 0.096 0.9620396473425797 
81500 0.128 0.962042870639624 
81600 0.112 0.962046772302627 
81700 0.08 0.9620476289559899 
81800 0.144 0.9620479945232944 
81900 0.128 0.9620470568124931 
82000 0.104 0.9620481376243379 
82100 0.112 0.962050904779885 
82200 0.136 0.9620471446008362 
82300 0.128 0.9620456292552136 
82400 0.128 0.9620445382944381 
82500 0.128 0.9620494620267229 
82600 0.112 0.962052178545054 
82700 0.08 0.9620517607606518 
82800 0.096 0.9620571410168154 
82900 0.096 0.9620550455764506 
83000 0.112 0.9620460797661072 
83100 0.128 0.9620410504486508 
83200 0.088 0.9620378280709767 
83300 0.088 0.9620410479265955 
83400 0.128 0.9620450274377206 
83500 0.136 0.9620436322119895 
83600 0.128 0.9620411558075461 
83700 0.112 0.9620405331676642 
83800 0.112 0.9620387982641416 
83900 0.096 0.9620391652066126 
84000 0.128 0.9620403249167668 
84100 0.088 0.9620449697387665 
84200 0.144 0.9620455497361472 
84300 0.096 0.9620438508044586 
84400 0.096 0.9620408604953338 
84500 0.096 0.9620417273168365 
84600 0.128 0.96204208776098 
84700 0.096 0.9620406213228494 
84800 0.096 0.9620440953919569 
84900 0.112 0.9620430697714593 
85000 0.096 0.9620424544024972 
85100 0.088 0.9620467914595598 
85200 0.12 0.9620489274382539 
85300 0.112 0.9620446497305619 
85400 0.12 0.962040163464128 
85500 0.104 0.9620396174703609 
85600 0.136 0.9620359886761447 
85700 0.144 0.962035573291638 
85800 0.096 0.9620337913699529 
85900 0.104 0.9620373530769918 
86000 0.088 0.9620406894493475 
86100 0.112 0.9620418191039206 
86200 0.088 0.962037903659277 
86300 0.104 0.9620408879001016 
86400 0.12 0.9620387418355497 
86500 0.136 0.9620341344801409 
86600 0.12 0.9620316008668106 
86700 0.088 0.9620410683460013 
86800 0.112 0.9620388397983126 
86900 0.088 0.962040022554401 
87000 0.104 0.9620423673291112 
87100 0.12 0.9620379406283127 
87200 0.104 0.9620336464031376 
87300 0.096 0.9620362347892158 
87400 0.096 0.9620359797561432 
87500 0.104 0.9620358472093652 
87600 0.112 0.9620379676031096 
87700 0.144 0.9620372857778132 
87800 0.096 0.9620357854694138 
87900 0.112 0.9620287975487575 
88000 0.144 0.9620254921345591 
88100 0.104 0.9620277030529355 
88200 0.144 0.9620251319901891 
88300 0.104 0.9620299958852863 
88400 0.08 0.96203177188795 
88500 0.112 0.9620377924166582 
88600 0.096 0.9620444013047257 
88700 0.112 0.9620452230903072 
88800 0.104 0.962049015964535 
88900 0.096 0.9620479409680431 
89000 0.12 0.9620465388029348 
89100 0.12 0.9620437929989563 
89200 0.112 0.9620453881309253 
89300 0.096 0.9620513096157938 
89400 0.096 0.9620506258319258 
89500 0.12 0.9620433589196397 
89600 0.064 0.9620407807948572 
89700 0.08 0.962041983924371 
89800 0.096 0.9620443721859073 
89900 0.112 0.962043759246282 
90000 0.144 0.962038318092762 
90100 0.112 0.9620402289282768 
90200 0.136 0.962041692072889 
90300 0.112 0.9620332886678996 
90400 0.128 0.962028355143564 
90500 0.112 0.9620287068651175 
90600 0.096 0.9620323248823597 
90700 0.096 0.9620326714516194 
90800 0.136 0.9620335165178063 
90900 0.104 0.9620338610136302 
91000 0.128 0.9620273769885312 
91100 0.128 0.9620255028301922 
91200 0.104 0.962023428105686 
91300 0.096 0.9620208906072588 
91400 0.12 0.9620187962932572 
91500 0.096 0.9620199123506847 
91600 0.112 0.9620182894655445 
91700 0.096 0.9620185312410261 
91800 0.088 0.962024872641184 
91900 0.112 0.9620245554092629 
92000 0.104 0.9620235722075484 
92100 0.08 0.9620224753260008 
92200 0.12 0.9620260083947029 
92300 0.128 0.9620225132988809 
92400 0.072 0.9620278279816596 
92500 0.096 0.9620279996973006 
92600 0.072 0.9620272207283579 
92700 0.12 0.9620306145564773 
92800 0.104 0.9620287712416892 
92900 0.072 0.9620339644711395 
93000 0.136 0.9620374261208661 
93100 0.12 0.9620351517885594 
93200 0.128 0.9620372313601785 
93300 0.096 0.962037448687581 
93400 0.112 0.9620305849687548 
93500 0.08 0.9620318927070298 
93600 0.096 0.9620393514314306 
93700 0.112 0.9620380856838953 
93800 0.128 0.9620378745073791 
93900 0.144 0.9620376353819449 
94000 0.104 0.9620381627145811 
94100 0.128 0.9620412960542396 
94200 0.096 0.9620438565761864 
94300 0.12 0.9620414912531857 
94400 0.136 0.9620420687633958 
94500 0.096 0.9620377068320265 
94600 0.12 0.9620397529272066 
94700 0.112 0.9620416539072097 
94800 0.096 0.9620464481738941 
94900 0.096 0.962044741362051 
95000 0.088 0.9620446381266162 
95100 0.128 0.9620450117944781 
95200 0.112 0.9620479056592542 
95300 0.096 0.962053003990864 
95400 0.112 0.9620557436504859 
95500 0.12 0.9620538423681427 
95600 0.136 0.9620505782714964 
95700 0.12 0.9620485749016904 
95800 0.104 0.9620438478373573 
95900 0.072 0.9620429401153273 
96000 0.128 0.9620465897924675 
96100 0.12 0.9620464303181028 
96200 0.112 0.9620429448065335 
96300 0.104 0.9620399372799867 
96400 0.128 0.9620371019664388 
96500 0.088 0.9620341896284321 
96600 0.096 0.9620347615449115 
96700 0.12 0.962033539811722 
96800 0.112 0.962034524436731 
96900 0.112 0.96203220469001 
97000 0.112 0.9620338484482978 
97100 0.12 0.9620313968616869 
97200 0.096 0.9620314194298413 
97300 0.112 0.9620354158744514 
97400 0.104 0.9620327785820132 
97500 0.112 0.9620364098829756 
97600 0.136 0.9620377933286203 
97700 0.16 0.96203003039887 
97800 0.12 0.9620238920529102 
97900 0.088 0.9620275720711059 
98000 0.096 0.9620297752063754 
98100 0.088 0.9620315117413006 
98200 0.112 0.9620346024989562 
98300 0.088 0.9620366561208261 
98400 0.128 0.9620326351696968 
98500 0.088 0.9620290555425833 
98600 0.144 0.962028647444414 
98700 0.096 0.9620227285775558 
98800 0.152 0.9620232993593182 
98900 0.112 0.9620229522451744 
99000 0.104 0.962025703444073 
99100 0.12 0.9620236055472027 
99200 0.096 0.9620256516231355 
99300 0.136 0.962025196120885 
99400 0.088 0.9620246878804036 
99500 0.104 0.9620275039111835 
99600 0.104 0.962029698497003 
99700 0.128 0.9620263253795516 
99800 0.128 0.9620283831491334 
99900 0.112 0.9620292089168276 
