0 0.0 1.0 
100 0.03125 0.9978341584158416 
200 0.015625 0.9973828772802653 
300 0.03125 0.9974304401993356 
400 0.078125 0.9958047589359933 
500 0.0625 0.994646124417831 
600 0.046875 0.9941070438158625 
700 0.078125 0.9935805991440799 
800 0.046875 0.9930067883895131 
900 0.046875 0.9927164261931187 
1000 0.046875 0.9927650474525475 
1100 0.03125 0.9927386088404481 
1200 0.0625 0.9927881279489315 
1300 0.0625 0.9925698180886497 
1400 0.046875 0.9924328604568166 
1500 0.046875 0.9924269237175216 
1600 0.046875 0.9923696778055382 
1700 0.046875 0.9923635606505977 
1800 0.03125 0.9924116231723117 
1900 0.046875 0.9924532592495178 
2000 0.03125 0.9924608008495752 
2100 0.046875 0.9925543887831192 
2200 0.0625 0.9924856599273058 
2300 0.03125 0.9925179722584384 
2400 0.03125 0.992598570040261 
2500 0.046875 0.9925904638144742 
2600 0.03125 0.9925509419454056 
2700 0.03125 0.9926310085770702 
2800 0.046875 0.9927081473878376 
2900 0.046875 0.9926049207169941 
3000 0.0625 0.992592746862157 
3100 0.0625 0.9925183744491024 
3200 0.046875 0.9924730552952202 
3300 0.046875 0.9924888606987782 
3400 0.046875 0.992532067774184 
3500 0.03125 0.9925356148243359 
3600 0.046875 0.9925642761270017 
3700 0.09375 0.9924633263532379 
3800 0.03125 0.9924567548013681 
3900 0.0625 0.9923810935230283 
4000 0.03125 0.992373000499875 
4100 0.046875 0.9924237228724702 
4200 0.046875 0.9924162401809093 
4300 0.046875 0.9924623876230334 
4400 0.046875 0.9924567333181853 
4500 0.078125 0.9924281872546842 
4600 0.078125 0.9922542880170977 
4700 0.078125 0.9921708811954904 
4800 0.0625 0.9921544122752204 
4900 0.046875 0.9921508365639665 
5000 0.0625 0.9921172015596881 
5100 0.046875 0.9920966272953016 
5200 0.078125 0.992065828686791 
5300 0.046875 0.9920248931019304 
5400 0.046875 0.9920380292229835 
5500 0.03125 0.9920407463794462 
5600 0.03125 0.9920991601202166 
5700 0.015625 0.9921920679120622 
5800 0.015625 0.9922593266965466 
5900 0.03125 0.9923397517369937 
6000 0.03125 0.9923814780869855 
6100 0.046875 0.9923936649729552 
6200 0.09375 0.9923802612481858 
6300 0.078125 0.9922623062476855 
6400 0.046875 0.9922228948601781 
6500 0.0625 0.9922095318668923 
6600 0.046875 0.9921425257536737 
6700 0.03125 0.9921719550564593 
6800 0.0625 0.9921534210655296 
6900 0.046875 0.9921218392261991 
7000 0.03125 0.9921473271675475 
7100 0.0625 0.9921533938881848 
7200 0.03125 0.9921860534416517 
7300 0.078125 0.992213181413505 
7400 0.09375 0.9921632211863262 
7500 0.046875 0.9921041777762964 
7600 0.0625 0.9920788931280972 
7700 0.078125 0.9920397242782323 
7800 0.078125 0.9919554918172884 
7900 0.046875 0.9919182171033203 
8000 0.078125 0.9919040067908178 
8100 0.046875 0.9918461069621034 
8200 0.0625 0.9918054962809414 
8300 0.0625 0.9917526879291652 
8400 0.0625 0.9917578636471849 
8500 0.03125 0.9918024350076462 
8600 0.046875 0.9918093341859474 
8700 0.078125 0.9917981170746657 
8800 0.046875 0.9917702888876264 
8900 0.03125 0.9917732207055387 
9000 0.046875 0.9917723262230123 
9100 0.015625 0.9917786049152107 
9200 0.0625 0.9917872944064051 
9300 0.0625 0.9917568787406372 
9400 0.078125 0.9917564731588838 
9500 0.078125 0.9917231848401923 
9600 0.03125 0.991724494844287 
9700 0.03125 0.9917571856853246 
9800 0.078125 0.991758919157909 
9900 0.0625 0.9917808701982964 
10000 0.03125 0.9918049861680499 
10100 0.046875 0.9918324918324918 
10200 0.078125 0.9917999767179688 
10300 0.0625 0.9917771939617512 
10400 0.046875 0.9917836425984681 
10500 0.046875 0.9917919523537441 
10600 0.046875 0.991788313995535 
10700 0.046875 0.9917983716475096 
10800 0.0625 0.9917899191432892 
10900 0.078125 0.9917966719414121 
11000 0.0625 0.9917730016968155 
11100 0.09375 0.9917453007236585 
11200 0.078125 0.9917139094723686 
11300 0.015625 0.9917079609474088 
11400 0.03125 0.9917439168347806 
11500 0.03125 0.9917649823928354 
11600 0.109375 0.9917513396833606 
11700 0.09375 0.9917314759422272 
11800 0.0625 0.9917066526848007 
11900 0.046875 0.9917211963980618 
12000 0.015625 0.991760018262367 
12100 0.03125 0.9917921728231827 
12200 0.0625 0.9917928516788241 
12300 0.0625 0.9917575298756198 
12400 0.09375 0.9917490272961857 
12500 0.0625 0.9917200373970082 
12600 0.03125 0.9917338736343676 
12700 0.046875 0.9917563085583813 
12800 0.046875 0.9917407575580033 
12900 0.03125 0.9917617820324006 
13000 0.015625 0.9917890931466811 
13100 0.046875 0.9918153910006869 
13200 0.0625 0.9918107135191778 
13300 0.03125 0.9918190283312032 
13400 0.046875 0.9918278020296992 
13500 0.078125 0.9918057767325877 
13600 0.09375 0.9917687578119256 
13700 0.078125 0.9917429232659417 
13800 0.078125 0.9917121796729705 
13900 0.015625 0.9917236544732992 
14000 0.015625 0.991758959181487 
14100 0.03125 0.991786560645817 
14200 0.03125 0.9917985529188086 
14300 0.046875 0.9918160224809454 
14400 0.046875 0.9918310794389279 
14500 0.03125 0.9918387453164149 
14600 0.046875 0.9918327511814259 
14700 0.078125 0.9918417185338866 
14800 0.03125 0.991852324167286 
14900 0.078125 0.9918484567590542 
15000 0.09375 0.9918102682043419 
15100 0.046875 0.9917931069686334 
15200 0.046875 0.991797585959257 
15300 0.078125 0.9917969005293772 
15400 0.046875 0.9917762712919075 
15500 0.03125 0.9917809402081587 
15600 0.046875 0.991783880039741 
15700 0.046875 0.991779982166741 
15800 0.046875 0.991797723772757 
15900 0.03125 0.991810984110014 
16000 0.0625 0.991815615690686 
16100 0.046875 0.9918066036271039 
16200 0.0625 0.9918005961566159 
16300 0.046875 0.9918079220599963 
16400 0.046875 0.9918165876572567 
16500 0.0625 0.9918021066905036 
16600 0.0625 0.9917932905648255 
16700 0.0625 0.9917809936530747 
16800 0.046875 0.99178759820844 
16900 0.03125 0.9917942786915962 
17000 0.03125 0.9918047100170578 
17100 0.015625 0.9918246130830556 
17200 0.03125 0.9918479182411876 
17300 0.015625 0.9918702013852764 
17400 0.015625 0.9919028540026436 
17500 0.078125 0.9919215925756624 
17600 0.046875 0.9919137821241217 
17700 0.0625 0.991907825358266 
17800 0.0625 0.9918976930135012 
17900 0.046875 0.9918980026721039 
18000 0.046875 0.9918952708645816 
18100 0.015625 0.9919055174207686 
18200 0.046875 0.9919272407193744 
18300 0.046875 0.9919188443709815 
18400 0.046875 0.9919178984837781 
18500 0.046875 0.9919189334360304 
18600 0.046875 0.9919174372345573 
18700 0.046875 0.9919213878936955 
18800 0.078125 0.9919100601918338 
18900 0.046875 0.9919042257464332 
19000 0.078125 0.9918937928705507 
19100 0.078125 0.9918819695303911 
19200 0.09375 0.9918618604933771 
19300 0.0625 0.9918449281557087 
19400 0.09375 0.9918321972235108 
19500 0.078125 0.9918055751414457 
19600 0.0625 0.991789189114501 
19700 0.03125 0.9917949120603015 
19800 0.0625 0.9917949219736377 
19900 0.078125 0.9917747799524312 
20000 0.046875 0.9917639534689933 
20100 0.03125 0.991772149602839 
20200 0.046875 0.9917865813161064 
20300 0.046875 0.9917898389652398 
20400 0.0625 0.9917885969642011 
20500 0.046875 0.9917772049737411 
20600 0.078125 0.9917721176561008 
20700 0.046875 0.9917729920454729 
20800 0.078125 0.9917726060846433 
20900 0.109375 0.9917562756167967 
21000 0.0625 0.9917466727774867 
21100 0.03125 0.9917403697297127 
21200 0.03125 0.991752305315787 
21300 0.015625 0.9917663294368027 
21400 0.0625 0.9917734081740729 
21500 0.046875 0.991777393105747 
21600 0.046875 0.9917733843340586 
21700 0.046875 0.9917721725573322 
21800 0.0625 0.9917734803831628 
21900 0.0625 0.9917787001735081 
22000 0.0625 0.9917852929033529 
22100 0.046875 0.9917760367177956 
22200 0.0625 0.9917749575844932 
22300 0.046875 0.9917740049026202 
22400 0.078125 0.9917763157894737 
22500 0.078125 0.9917646021287942 
22600 0.0625 0.9917508028774538 
22700 0.0625 0.9917417138378632 
22800 0.0625 0.991739214654328 
22900 0.0625 0.9917338944442019 
23000 0.046875 0.9917222801907164 
23100 0.078125 0.9917170793472144 
23200 0.03125 0.9917136069925147 
23300 0.03125 0.9917248052658684 
23400 0.03125 0.9917371319601727 
23500 0.0625 0.9917464726678298 
23600 0.046875 0.9917461345211361 
23700 0.078125 0.9917314054962519 
23800 0.046875 0.9917276322423427 
23900 0.03125 0.9917220383038367 
24000 0.046875 0.9917313558115634 
24100 0.078125 0.9917203902327705 
24200 0.078125 0.9917053186507444 
24300 0.0625 0.9916923000425223 
24400 0.078125 0.9916815226151934 
24500 0.078125 0.9916711520278084 
24600 0.0625 0.9916637238662385 
24700 0.0625 0.9916638412075085 
24800 0.046875 0.9916586024757066 
24900 0.0625 0.9916628180929815 
25000 0.09375 0.9916383552991214 
25100 0.0625 0.9916168886033757 
25200 0.03125 0.9916220462481647 
25300 0.046875 0.9916325153485369 
25400 0.03125 0.9916400313964017 
25500 0.015625 0.9916598450387567 
25600 0.046875 0.9916689248792365 
25700 0.09375 0.9916695240457569 
25800 0.078125 0.9916437751120758 
25900 0.078125 0.991622849986487 
26000 0.078125 0.9916041891017012 
26100 0.078125 0.9915903605225853 
26200 0.0625 0.9915745502716181 
26300 0.078125 0.9915664843225226 
26400 0.0625 0.9915569012537404 
26500 0.046875 0.9915506333094348 
26600 0.078125 0.991530315276368 
26700 0.046875 0.9915247790344931 
26800 0.046875 0.9915237537778441 
26900 0.046875 0.9915335783675948 
27000 0.03125 0.9915430408441662 
27100 0.0625 0.9915488781164287 
27200 0.0625 0.9915400245701751 
27300 0.046875 0.9915418238648157 
27400 0.0625 0.9915329656460227 
27500 0.0625 0.9915270126540853 
27600 0.0625 0.9915278016798909 
27700 0.0625 0.9915228504085292 
27800 0.046875 0.9915099726628539 
27900 0.046875 0.9915157610838321 
28000 0.03125 0.9915153699867861 
28100 0.0625 0.9915147963299052 
28200 0.046875 0.9915170893762633 
28300 0.046875 0.9915227708384863 
28400 0.046875 0.9915236442672206 
28500 0.078125 0.9915217704349555 
28600 0.046875 0.9915200918091442 
28700 0.0625 0.9915161565218401 
28800 0.0625 0.9915136952709975 
28900 0.046875 0.9915040425360138 
29000 0.03125 0.9915143910267462 
29100 0.03125 0.9915209099343665 
29200 0.046875 0.9915266707475772 
29300 0.0625 0.9915238601071635 
29400 0.0625 0.9915079596215548 
29500 0.046875 0.9915045252703298 
29600 0.03125 0.9915144864193777 
29700 0.0625 0.991520785635725 
29800 0.078125 0.9915140221804637 
29900 0.0625 0.9915098296601006 
30000 0.046875 0.9915263241225293 
30100 0.0625 0.9915250600755235 
30200 0.109375 0.991508542073662 
30300 0.0625 0.991493594133307 
30400 0.0625 0.9914897090830346 
30500 0.078125 0.9914799583073779 
30600 0.0625 0.9914814194525233 
30700 0.046875 0.9914819380204771 
30800 0.015625 0.9914986019122756 
30900 0.015625 0.9915176019114808 
31000 0.046875 0.9915259790006774 
31100 0.0625 0.991524756706644 
31200 0.03125 0.9915307201692254 
31300 0.046875 0.9915413045909076 
31400 0.078125 0.9915351521448361 
31500 0.0625 0.9915254839793446 
31600 0.03125 0.9915321113255909 
31700 0.046875 0.9915383682691398 
31800 0.0625 0.9915376252581156 
31900 0.03125 0.9915424379329801 
32000 0.03125 0.9915548700301032 
32100 0.03125 0.9915613837315556 
32200 0.046875 0.9915683422098692 
32300 0.03125 0.9915725970816177 
32400 0.0625 0.991586068588418 
32500 0.09375 0.9915736567079987 
32600 0.015625 0.9915617203715632 
32700 0.015625 0.9915763757224549 
32800 0.046875 0.9915891156773675 
32900 0.03125 0.9915963167279617 
33000 0.078125 0.9915840618466107 
33100 0.09375 0.9915742412112424 
33200 0.046875 0.9915599304237824 
33300 0.03125 0.991567601823769 
33400 0.046875 0.9915797493588017 
33500 0.078125 0.9915793869337234 
33600 0.046875 0.9915705013739671 
33700 0.046875 0.9915717912673214 
33800 0.078125 0.9915714556028914 
33900 0.0625 0.9915685101471933 
34000 0.078125 0.9915588420193524 
34100 0.046875 0.9915577072519868 
34200 0.046875 0.9915543709735583 
34300 0.046875 0.9915565963820296 
34400 0.0625 0.991555175237154 
34500 0.0625 0.9915502147280755 
34600 0.0625 0.9915528091673651 
34700 0.03125 0.9915515613142752 
34800 0.03125 0.991556456711014 
34900 0.046875 0.9915630402185228 
35000 0.0625 0.9915639315067188 
35100 0.078125 0.9915613307550593 
35200 0.046875 0.9915523825080726 
35300 0.0625 0.9915507144509599 
35400 0.0625 0.9915408168789959 
35500 0.046875 0.9915341293203008 
35600 0.03125 0.9915375738509218 
35700 0.03125 0.9915464698701251 
35800 0.046875 0.9915467328659349 
35900 0.03125 0.9915501135065875 
36000 0.046875 0.9915519563113988 
36100 0.0625 0.9915502542635015 
36200 0.0625 0.9915544603970424 
36300 0.0625 0.9915447978935383 
36400 0.078125 0.9915328276237833 
36500 0.09375 0.991521279668137 
36600 0.0625 0.9915144907242972 
36700 0.046875 0.9915112865907377 
36800 0.03125 0.9915152469815132 
36900 0.03125 0.9915225733494124 
37000 0.0625 0.9915251445906867 
37100 0.0625 0.9915220164775432 
37200 0.015625 0.9915306656183077 
37300 0.046875 0.9915320076316095 
37400 0.0625 0.9915261011292034 
37500 0.0625 0.991523767699528 
37600 0.03125 0.991532804978591 
37700 0.046875 0.991538962273326 
37800 0.015625 0.9915494271536026 
37900 0.015625 0.9915662268145959 
38000 0.03125 0.9915710825592309 
38100 0.046875 0.9915755027208385 
38200 0.078125 0.9915751278326047 
38300 0.0625 0.9915678197044464 
38400 0.015625 0.9915714000503459 
38500 0.015625 0.9915859869440621 
38600 0.03125 0.9915942915986633 
38700 0.015625 0.9916043701497808 
38800 0.046875 0.9916121819240054 
38900 0.0625 0.9916085731515042 
39000 0.046875 0.9916040480799637 
39100 0.03125 0.9916117341414968 
39200 0.015625 0.9916207760431281 
39300 0.046875 0.991633151298101 
39400 0.0625 0.9916260982166273 
39500 0.078125 0.9916203334514738 
39600 0.03125 0.9916119016354806 
39700 0.03125 0.991619582945014 
39800 0.046875 0.9916280108121236 
39900 0.046875 0.9916319583677936 
40000 0.046875 0.9916289853170337 
40100 0.078125 0.9916241438284997 
40200 0.03125 0.9916253508411896 
40300 0.03125 0.9916315274434877 
40400 0.03125 0.9916341282806531 
40500 0.03125 0.9916420530768788 
40600 0.0625 0.9916503878188551 
40700 0.03125 0.9916588735534754 
40800 0.0625 0.991664062563826 
40900 0.0625 0.991658593310677 
41000 0.078125 0.991648006044568 
41100 0.0625 0.9916334152453712 
41200 0.046875 0.9916341280146922 
41300 0.046875 0.9916393141207235 
41400 0.0625 0.991636172234165 
41500 0.046875 0.991635429969559 
41600 0.078125 0.99162661604689 
41700 0.046875 0.9916227153825248 
41800 0.046875 0.9916240665095731 
41900 0.0625 0.991615964316683 
42000 0.109375 0.9916039325452568 
42100 0.046875 0.9915996898331789 
42200 0.046875 0.991596146023396 
42300 0.078125 0.991582707363104 
42400 0.078125 0.991572034464596 
42500 0.0625 0.9915620245209916 
42600 0.0625 0.9915587246582631 
42700 0.015625 0.9915657468989797 
42800 0.0625 0.9915712760799982 
42900 0.109375 0.9915654889551914 
43000 0.0625 0.991552885398014 
43100 0.03125 0.9915533306458474 
43200 0.0625 0.9915576920480236 
43300 0.046875 0.9915581241387805 
43400 0.03125 0.991566294555425 
43500 0.03125 0.9915735294399363 
43600 0.0625 0.9915726679625085 
43700 0.046875 0.9915747303646751 
43800 0.046875 0.9915782697122593 
43900 0.046875 0.9915790642582174 
44000 0.078125 0.991573285739718 
44100 0.0625 0.9915636361231416 
44200 0.0625 0.9915609823118632 
44300 0.078125 0.9915565769771939 
44400 0.078125 0.9915462677267028 
44500 0.078125 0.9915367655595755 
44600 0.046875 0.9915341374072331 
44700 0.046875 0.9915341425993452 
44800 0.0625 0.9915306601229139 
44900 0.078125 0.991524699245748 
45000 0.078125 0.9915157556683926 
45100 0.078125 0.9915039069717597 
45200 0.046875 0.9915001765263305 
45300 0.046875 0.9915005440461211 
45400 0.046875 0.9915030322386438 
45500 0.03125 0.9915068830904815 
45600 0.03125 0.9915140864052688 
45700 0.078125 0.9915075253641423 
45800 0.03125 0.9915085551261618 
45900 0.03125 0.9915164452662615 
46000 0.046875 0.9915233387136512 
46100 0.03125 0.9915272648641027 
46200 0.03125 0.9915320195089572 
46300 0.046875 0.9915332664701266 
46400 0.046875 0.9915341713181469 
46500 0.0625 0.9915342322387333 
46600 0.078125 0.9915307164367002 
46700 0.03125 0.9915320670328258 
46800 0.03125 0.9915403672820381 
46900 0.046875 0.9915413583932112 
47000 0.0625 0.9915440074856563 
47100 0.046875 0.9915425539443607 
47200 0.078125 0.9915383479693227 
47300 0.046875 0.9915346002198685 
47400 0.0625 0.9915333954804048 
47500 0.078125 0.9915289064089878 
47600 0.0625 0.9915261321540864 
47700 0.046875 0.991525607866362 
47800 0.03125 0.9915287358876732 
47900 0.0625 0.991532394504638 
48000 0.015625 0.9915383164760456 
48100 0.03125 0.9915500608961698 
48200 0.078125 0.9915503028118365 
48300 0.015625 0.9915588466939953 
48400 0.0625 0.9915577243583121 
48500 0.046875 0.991556606650722 
48600 0.0625 0.9915544218911819 
48700 0.046875 0.9915504815096199 
48800 0.046875 0.9915534944639113 
48900 0.0625 0.9915518087564672 
49000 0.078125 0.9915506613810603 
49100 0.0625 0.9915383809223166 
49200 0.0625 0.9915321843051971 
49300 0.03125 0.9915298159942665 
49400 0.046875 0.9915332031908936 
49500 0.078125 0.9915294219645394 
49600 0.015625 0.9915268635376975 
49700 0.03125 0.9915378337457998 
49800 0.015625 0.9915499626011526 
49900 0.046875 0.9915584941517538 
50000 0.0625 0.9915584500809984 
50100 0.046875 0.9915600694929576 
50200 0.046875 0.9915662474353101 
50300 0.015625 0.9915731256171183 
50400 0.046875 0.9915786331124382 
50500 0.0625 0.9915796840656621 
50600 0.046875 0.9915732684795425 
50700 0.078125 0.9915703195367612 
50800 0.046875 0.9915722521046174 
50900 0.046875 0.9915758654053948 
51000 0.03125 0.9915786986202885 
51100 0.015625 0.9915842726495894 
51200 0.046875 0.9915911473083208 
51300 0.046875 0.9915935788288728 
51400 0.046875 0.9915945316401108 
51500 0.046875 0.9915992225879109 
51600 0.015625 0.9916069738635556 
51700 0.03125 0.9916146951541879 
51800 0.0625 0.9916155495711151 
51900 0.046875 0.9916192105322312 
52000 0.046875 0.9916227572546682 
52100 0.03125 0.9916263403453549 
52200 0.03125 0.9916255695133555 
52300 0.078125 0.991626643929689 
52400 0.0625 0.9916214027404057 
52500 0.046875 0.9916189592420462 
52600 0.046875 0.9916161784788629 
52700 0.0625 0.9916146930323902 
52800 0.0625 0.9916149887470566 
52900 0.046875 0.9916144957089658 
53000 0.03125 0.9916175422004616 
53100 0.046875 0.9916221955958142 
53200 0.0625 0.991622132337738 
53300 0.03125 0.9916229976141786 
53400 0.03125 0.991630833224097 
53500 0.046875 0.9916368385637652 
53600 0.046875 0.9916376715608539 
53700 0.09375 0.9916312758763027 
53800 0.078125 0.9916217093238664 
53900 0.046875 0.991617154598245 
54000 0.03125 0.9916225027468627 
54100 0.046875 0.9916262907956107 
54200 0.03125 0.9916290558907277 
54300 0.046875 0.9916330097512016 
54400 0.046875 0.9916342683651649 
54500 0.03125 0.9916366213463973 
54600 0.078125 0.9916383933749687 
54700 0.03125 0.9916416823580312 
54800 0.078125 0.9916437238067431 
54900 0.0625 0.9916409669981725 
55000 0.0625 0.9916358528329788 
55100 0.0625 0.9916317969879554 
55200 0.046875 0.9916294541765548 
55300 0.03125 0.9916334770920358 
55400 0.046875 0.9916355582480461 
55500 0.03125 0.9916365527197708 
55600 0.046875 0.9916416652428314 
55700 0.046875 0.991643393221546 
55800 0.03125 0.9916474484477578 
55900 0.078125 0.9916430572202047 
56000 0.078125 0.9916372401088076 
56100 0.046875 0.9916320936049863 
56200 0.0625 0.9916285408622623 
56300 0.078125 0.9916239831441716 
56400 0.046875 0.9916199494837562 
56500 0.046875 0.9916219218833885 
56600 0.09375 0.9916184582280643 
56700 0.109375 0.9916063263875416 
56800 0.09375 0.9915961169991139 
56900 0.0625 0.9915867215280341 
57000 0.03125 0.9915874100161985 
57100 0.03125 0.9915916533861053 
57200 0.0625 0.9915932869034924 
57300 0.0625 0.9915871432581165 
57400 0.078125 0.9915864651748227 
57500 0.109375 0.9915833891294644 
57600 0.125 0.9915695184690081 
57700 0.0625 0.9915591259250273 
57800 0.078125 0.9915539505516052 
57900 0.046875 0.991550142340662 
58000 0.0625 0.9915522289845577 
58100 0.0625 0.9915498263082104 
58200 0.03125 0.991552845956255 
58300 0.046875 0.9915565252597154 
58400 0.03125 0.9915614851058486 
58500 0.03125 0.9915658493017213 
58600 0.03125 0.9915685988009306 
58700 0.0625 0.9915656160741158 
58800 0.03125 0.9915671608476047 
58900 0.0625 0.9915692309270357 
59000 0.0625 0.9915657767806195 
59100 0.078125 0.9915593380399654 
59200 0.046875 0.9915563081704701 
59300 0.078125 0.9915551768379398 
59400 0.015625 0.9915538739527393 
59500 0.015625 0.9915640423410251 
59600 0.046875 0.9915677973803572 
59700 0.0625 0.9915696205535363 
59800 0.03125 0.9915755746141369 
59900 0.015625 0.99158468243435 
60000 0.0 0.9915948449470287 
60100 0.046875 0.9916045836730393 
60200 0.03125 0.9916049030885423 
60300 0.03125 0.9916078126122839 
60400 0.03125 0.9916102382410887 
60500 0.078125 0.9916128280248812 
60600 0.0625 0.9916055256238896 
60700 0.0625 0.9916021942252462 
60800 0.0625 0.9915979315033195 
60900 0.0625 0.9915923571999365 
61000 0.046875 0.9915924790167374 
61100 0.015625 0.9915995049862796 
61200 0.0 0.9916091887115134 
61300 0.0625 0.991613105822091 
61400 0.046875 0.9916095879953095 
61500 0.078125 0.9916032022514539 
61600 0.109375 0.9916002614946727 
61700 0.0625 0.9915948823087686 
61800 0.078125 0.9915939871523114 
61900 0.0625 0.991585564382374 
62000 0.046875 0.9915864932286038 
62100 0.046875 0.9915876706896829 
62200 0.046875 0.9915882163604015 
62300 0.0625 0.9915865866920274 
62400 0.03125 0.9915854630401222 
62500 0.046875 0.9915888845778468 
62600 0.03125 0.9915869288563015 
62700 0.015625 0.9915954041801566 
62800 0.03125 0.9916023597023402 
62900 0.0625 0.9916028759479182 
63000 0.0625 0.9915980582980164 
63100 0.046875 0.9915968876615796 
63200 0.046875 0.9915936192992727 
63300 0.078125 0.9915926650711152 
63400 0.046875 0.9915915495549492 
63500 0.078125 0.9915891252368729 
63600 0.046875 0.9915874865044051 
63700 0.046875 0.991591412746006 
63800 0.03125 0.99159459197348 
63900 0.046875 0.9915951530492481 
64000 0.03125 0.9915970958136071 
64100 0.0625 0.9915978137366551 
64200 0.046875 0.9915985699859297 
64300 0.046875 0.9915995668807639 
64400 0.0625 0.9915972853035409 
64500 0.0625 0.9915942436938963 
64600 0.046875 0.9915928239629933 
64700 0.0625 0.9915886314224922 
64800 0.046875 0.9915894350267228 
64900 0.046875 0.9915893533997935 
65000 0.0625 0.9915891918970478 
65100 0.0625 0.9915828305888799 
65200 0.0625 0.9915780065361983 
65300 0.0625 0.9915741942440902 
65400 0.046875 0.9915760876490166 
65500 0.0625 0.9915743175676707 
65600 0.0625 0.9915716795475679 
65700 0.046875 0.9915710313896795 
65800 0.03125 0.991576084203381 
65900 0.046875 0.9915789482835364 
66000 0.0625 0.9915805016211876 
66100 0.0625 0.9915803561973344 
66200 0.03125 0.9915827681354259 
66300 0.0625 0.99158407301549 
66400 0.03125 0.9915860799034151 
66500 0.046875 0.9915851437697679 
66600 0.03125 0.991586752013233 
66700 0.03125 0.9915911274443662 
66800 0.015625 0.9915989983308633 
66900 0.03125 0.9916063785792938 
67000 0.0625 0.9916081009984926 
67100 0.03125 0.991606829940438 
67200 0.046875 0.9916101353898503 
67300 0.03125 0.9916124636582914 
67400 0.046875 0.991614939565684 
67500 0.09375 0.9916110810704039 
67600 0.0625 0.9916044988856181 
67700 0.046875 0.9916014365248175 
67800 0.046875 0.9916027234111592 
67900 0.03125 0.991604620145506 
68000 0.0625 0.991602911476792 
68100 0.078125 0.9915999076738962 
68200 0.078125 0.9915953089641892 
68300 0.09375 0.9915930113883155 
68400 0.0625 0.9915888169276278 
68500 0.0625 0.9915852429769881 
68600 0.046875 0.9915837293431097 
68700 0.046875 0.9915818410576265 
68800 0.03125 0.9915833648251237 
68900 0.0625 0.9915843928244873 
69000 0.046875 0.9915807002193205 
69100 0.046875 0.9915831988683231 
69200 0.03125 0.9915881363708617 
69300 0.046875 0.9915926086925153 
69400 0.0625 0.9915891506726608 
69500 0.015625 0.9915934587871638 
69600 0.03125 0.9916006729429175 
69700 0.046875 0.9916039433915343 
69800 0.0625 0.9916045928783255 
69900 0.078125 0.9915996895013424 
70000 0.0625 0.9915930144450318 
70100 0.03125 0.9915951626938275 
70200 0.03125 0.991599382190662 
70300 0.046875 0.9916010337098097 
70400 0.046875 0.991599425375113 
70500 0.078125 0.9915968981527449 
70600 0.078125 0.9915922387194704 
70700 0.078125 0.9915831356110003 
70800 0.03125 0.9915824443981488 
70900 0.0625 0.9915843262083751 
71000 0.09375 0.9915808477462759 
71100 0.015625 0.9915841183082282 
71200 0.0 0.991595096978975 
71300 0.0 0.991606884896425 
71400 0.015625 0.9916154302227327 
71500 0.03125 0.9916214749910258 
71600 0.046875 0.9916222655177069 
71700 0.046875 0.9916215284073211 
71800 0.046875 0.991621591273102 
71900 0.078125 0.9916177061167438 
72000 0.0625 0.9916121318338171 
72100 0.046875 0.9916106182646566 
72200 0.046875 0.9916117418733813 
72300 0.046875 0.9916074956316879 
72400 0.046875 0.9916074694525397 
72500 0.078125 0.9916092752168936 
72600 0.0625 0.9916067716583334 
72700 0.0625 0.9916065316616461 
72800 0.046875 0.9916053622775328 
72900 0.0625 0.9916045890431315 
73000 0.046875 0.9916036038889878 
73100 0.0625 0.9916005908491904 
73200 0.046875 0.9915964476236664 
73300 0.0625 0.9915984618786465 
73400 0.0625 0.9915962841673365 
73500 0.078125 0.9915959547602526 
73600 0.078125 0.9915931848752055 
73700 0.0625 0.9915911291909201 
73800 0.046875 0.9915890790775193 
73900 0.046875 0.9915903469393739 
74000 0.0625 0.9915885497605889 
74100 0.0625 0.9915907286451375 
74200 0.0625 0.9915872511825986 
74300 0.0625 0.9915852551333988 
74400 0.0625 0.9915875696675224 
74500 0.0625 0.9915801605571289 
74600 0.078125 0.9915749006939139 
74700 0.09375 0.9915676329634141 
74800 0.0625 0.991564910562693 
74900 0.03125 0.9915664371414712 
75000 0.046875 0.9915704248943348 
75100 0.046875 0.9915710731770105 
75200 0.03125 0.9915718582532147 
75300 0.0625 0.9915729524950975 
75400 0.0625 0.991567792535908 
75500 0.03125 0.9915687168050754 
75600 0.046875 0.9915702586605998 
75700 0.09375 0.9915690443873485 
75800 0.0625 0.991560343860899 
75900 0.046875 0.9915592830902535 
76000 0.046875 0.9915587390845735 
76100 0.046875 0.9915578200899682 
76200 0.046875 0.9915589198304484 
76300 0.03125 0.9915602897297109 
76400 0.03125 0.9915640079427407 
76500 0.046875 0.9915655378143206 
76600 0.046875 0.9915635620509741 
76700 0.09375 0.9915584678383159 
76800 0.03125 0.9915557265421892 
76900 0.046875 0.9915584783249459 
77000 0.03125 0.9915588555668108 
77100 0.015625 0.9915594344863664 
77200 0.046875 0.9915605178905282 
77300 0.03125 0.9915647652251157 
77400 0.03125 0.9915693380361149 
77500 0.046875 0.9915734286224264 
77600 0.078125 0.9915724413452576 
77700 0.078125 0.9915698813936329 
77800 0.09375 0.991563913863575 
77900 0.046875 0.9915568250621515 
78000 0.046875 0.9915592027666312 
78100 0.0625 0.9915565728458449 
78200 0.03125 0.9915575794533744 
78300 0.03125 0.9915629735997412 
78400 0.046875 0.9915686861455849 
78500 0.078125 0.9915683133548192 
78600 0.03125 0.9915651584691458 
78700 0.046875 0.9915652212699542 
78800 0.03125 0.9915649534375621 
78900 0.015625 0.991570957328382 
79000 0.03125 0.9915752319063472 
79100 0.046875 0.99157837632689 
79200 0.046875 0.9915802633489477 
79300 0.0625 0.991580208110028 
79400 0.046875 0.9915802842008706 
79500 0.0625 0.9915800980490811 
79600 0.046875 0.9915805339547661 
79700 0.03125 0.9915787795949863 
79800 0.015625 0.9915848616140984 
79900 0.0625 0.9915880928690922 
80000 0.0625 0.9915875400515827 
80100 0.078125 0.991582957245644 
80200 0.0625 0.9915784183385078 
80300 0.03125 0.9915811226406479 
80400 0.078125 0.9915791884843886 
80500 0.078125 0.9915773238324161 
80600 0.046875 0.9915747530014103 
80700 0.03125 0.9915780938278336 
80800 0.046875 0.991581909825786 
80900 0.0625 0.9915859739063794 
81000 0.046875 0.9915842409867368 
81100 0.0625 0.9915793013238636 
81200 0.046875 0.991576233923638 
81300 0.0625 0.9915745514097818 
81400 0.078125 0.9915728730298153 
81500 0.046875 0.9915720934405713 
81600 0.03125 0.9915733263072757 
81700 0.0625 0.9915763411198557 
81800 0.046875 0.9915757829977628 
81900 0.078125 0.9915696618478407 
82000 0.046875 0.9915693355365585 
82100 0.046875 0.9915707862876213 
82200 0.046875 0.9915734690474163 
82300 0.046875 0.9915753225963233 
82400 0.046875 0.9915742641169403 
82500 0.03125 0.9915777851682606 
82600 0.03125 0.9915820543435713 
82700 0.046875 0.9915845498139886 
82800 0.078125 0.9915795853914808 
82900 0.09375 0.9915732507750208 
83000 0.09375 0.9915658019180492 
83100 0.0625 0.9915620061230711 
83200 0.078125 0.9915591584436084 
83300 0.046875 0.9915601315810535 
83400 0.046875 0.9915619142256488 
83500 0.0625 0.9915601060665941 
83600 0.0625 0.9915571496852111 
83700 0.078125 0.9915556315535856 
83800 0.03125 0.9915552046912726 
83900 0.03125 0.991558410358637 
84000 0.046875 0.9915590042578858 
84100 0.078125 0.9915582342956683 
84200 0.046875 0.9915556723396001 
84300 0.03125 0.9915570087642298 
84400 0.015625 0.9915627542426433 
84500 0.015625 0.9915687326678579 
84600 0.0625 0.9915727577097198 
84700 0.046875 0.9915715772737826 
84800 0.046875 0.9915715051512757 
84900 0.046875 0.9915725067529633 
85000 0.03125 0.9915754361223201 
85100 0.03125 0.9915791236295696 
85200 0.046875 0.9915784011240087 
85300 0.03125 0.9915811301059386 
85400 0.046875 0.991583029375144 
85500 0.0625 0.9915833403995274 
85600 0.03125 0.9915845633617988 
85700 0.046875 0.9915855099901596 
85800 0.046875 0.9915860598458448 
85900 0.046875 0.9915866993690411 
86000 0.046875 0.9915889422797409 
86100 0.046875 0.9915891535328665 
86200 0.046875 0.9915886090358581 
86300 0.03125 0.9915890012379154 
86400 0.078125 0.9915861072209813 
86500 0.0625 0.9915815038747143 
86600 0.0625 0.9915804595212526 
86700 0.046875 0.9915766542485093 
86800 0.0625 0.9915762179199165 
86900 0.078125 0.9915748236499005 
87000 0.0625 0.9915746298893117 
87100 0.03125 0.9915782635484476 
87200 0.03125 0.9915818291456903 
87300 0.046875 0.9915823439403137 
87400 0.0625 0.9915824106226855 
87500 0.078125 0.9915775367329135 
87600 0.046875 0.9915755872744983 
87700 0.078125 0.9915739391987168 
87800 0.046875 0.9915726804554238 
87900 0.078125 0.9915720170987816 
88000 0.046875 0.9915704082908149 
88100 0.0625 0.9915706653443207 
88200 0.0625 0.9915672016190292 
88300 0.0625 0.9915661345851123 
88400 0.0625 0.9915650110481404 
88500 0.015625 0.9915694220027645 
88600 0.046875 0.9915738523925615 
88700 0.046875 0.9915729001082287 
88800 0.03125 0.9915758209836225 
88900 0.0625 0.9915762746856991 
89000 0.0625 0.9915742695306794 
89100 0.0625 0.9915738471416333 
89200 0.046875 0.9915733673109046 
89300 0.03125 0.9915755131054896 
89400 0.03125 0.9915790522943442 
89500 0.03125 0.9915812451350636 
89600 0.046875 0.9915849734749984 
89700 0.046875 0.9915852677692185 
89800 0.015625 0.9915892733191538 
89900 0.03125 0.9915939072331417 
90000 0.015625 0.9915970841064728 
90100 0.03125 0.991601496746244 
90200 0.015625 0.9916074586201927 
90300 0.046875 0.9916136091608435 
90400 0.0625 0.9916122275103889 
90500 0.046875 0.9916124315385098 
90600 0.03125 0.9916143597108935 
90700 0.046875 0.9916156806889302 
90800 0.03125 0.9916184614339784 
90900 0.046875 0.9916196031030095 
91000 0.0625 0.9916193972685282 
91100 0.03125 0.9916192490569076 
91200 0.0625 0.9916168168386311 
91300 0.0625 0.9916183831502393 
91400 0.109375 0.991617438767993 
91500 0.03125 0.9916166672131088 
91600 0.046875 0.9916187118590408 
91700 0.078125 0.9916185369661545 
91800 0.046875 0.9916166320355987 
91900 0.015625 0.9916202002245169 
92000 0.0625 0.9916228548693311 
92100 0.03125 0.9916218845343698 
92200 0.046875 0.9916243338828574 
92300 0.0625 0.991622856198741 
92400 0.046875 0.9916240873114649 
92500 0.03125 0.9916269486275824 
92600 0.03125 0.9916302256005155 
92700 0.046875 0.991631922345318 
92800 0.0625 0.9916314827336631 
92900 0.0625 0.9916267832603165 
93000 0.078125 0.9916278902018975 
93100 0.09375 0.991620938998149 
93200 0.046875 0.9916232513152577 
93300 0.046875 0.9916244980403925 
93400 0.03125 0.9916266900693426 
93500 0.046875 0.9916285153367344 
93600 0.03125 0.991628723028244 
93700 0.0625 0.9916312648299733 
93800 0.046875 0.9916307750805784 
93900 0.0625 0.9916300922425392 
94000 0.0625 0.9916306021123888 
94100 0.078125 0.9916266276837299 
94200 0.078125 0.9916224128901675 
94300 0.046875 0.9916209961983437 
94400 0.0625 0.9916195549217346 
94500 0.03125 0.9916191914194912 
94600 0.03125 0.9916215539476327 
94700 0.03125 0.991625341425469 
94800 0.0625 0.9916288187448796 
94900 0.0625 0.9916275414642628 
95000 0.046875 0.9916265684045431 
95100 0.078125 0.9916225852427069 
95200 0.046875 0.9916206620291104 
95300 0.046875 0.9916212294904215 
95400 0.046875 0.9916232425061932 
95500 0.0625 0.9916208338132585 
95600 0.078125 0.9916162237232525 
95700 0.09375 0.9916122491318446 
95800 0.078125 0.9916076304440107 
95900 0.078125 0.9916024239841086 
96000 0.0625 0.991600320786589 
96100 0.09375 0.9915961625009105 
96200 0.046875 0.991596181649186 
96300 0.015625 0.991598877910579 
96400 0.03125 0.991602838231277 
96500 0.046875 0.9916053331053564 
96600 0.0625 0.9916032938754947 
96700 0.046875 0.991600693331334 
96800 0.078125 0.991598098160143 
96900 0.0625 0.9915942721179348 
97000 0.0625 0.9915937561210709 
97100 0.078125 0.9915917661335448 
97200 0.078125 0.9915855471737259 
97300 0.046875 0.99158485438656 
97400 0.0625 0.9915856335321677 
97500 0.03125 0.9915853961326893 
97600 0.046875 0.9915853459920151 
97700 0.046875 0.9915874816190895 
97800 0.03125 0.9915930744147129 
97900 0.046875 0.9915941869848112 
98000 0.0625 0.9915942077971993 
98100 0.03125 0.991596591140763 
98200 0.046875 0.9915975641371608 
98300 0.078125 0.9915981377775065 
98400 0.046875 0.9915976516583503 
98500 0.046875 0.9915979861033559 
98600 0.0625 0.99159618056612 
98700 0.03125 0.9916001041022887 
98800 0.046875 0.9915996443187147 
98900 0.0625 0.9916006336723929 
99000 0.0625 0.9915994377582045 
99100 0.0625 0.9915973245308658 
99200 0.0625 0.9915927741823839 
99300 0.0625 0.9915888099482046 
99400 0.046875 0.9915889930684803 
99500 0.046875 0.9915890187870808 
99600 0.0625 0.991587711008591 
99700 0.0625 0.9915860401767953 
99800 0.0625 0.9915863818999809 
99900 0.046875 0.991585211025582 
