0 0.0 1.0 
100 0.0 1.0 
200 0.03308823529411765 0.9991403277729002 
300 0.0661764705882353 0.9983877271838968 
400 0.03308823529411765 0.9972128502273727 
500 0.03308823529411765 0.9972261359633674 
600 0.03308823529411765 0.9971065381227366 
700 0.03308823529411765 0.9970210623479063 
800 0.03308823529411765 0.9971175736212088 
900 0.0661764705882353 0.9970661683097213 
1000 0.0661764705882353 0.9968009931245225 
1100 0.0661764705882353 0.9965071859806593 
1200 0.0661764705882353 0.996262305921536 
1300 0.03308823529411765 0.9963263552923091 
1400 0.0661764705882353 0.9964153755720704 
1500 0.03308823529411765 0.9965096798212956 
1600 0.03308823529411765 0.9965600543777786 
1700 0.03308823529411765 0.9966023446415603 
1800 0.0661764705882353 0.9966317731978966 
1900 0.0661764705882353 0.9964105579106971 
2000 0.09926470588235294 0.99594504218479 
2100 0.0661764705882353 0.9957775709046113 
2200 0.03308823529411765 0.995631998824064 
2300 0.09926470588235294 0.9955326328706189 
2400 0.0661764705882353 0.9953267021094152 
2500 0.09926470588235294 0.995084319213491 
2600 0.1323529411764706 0.9947149851866929 
2700 0.09926470588235294 0.9943416926192913 
2800 0.0661764705882353 0.9941446857214861 
2900 0.0661764705882353 0.9940372995113247 
3000 0.0661764705882353 0.9939235940960857 
3100 0.0661764705882353 0.993817222148453 
3200 0.0661764705882353 0.9937117536799162 
3300 0.0661764705882353 0.9936115615588859 
3400 0.0661764705882353 0.993542124288704 
3500 0.03308823529411765 0.9934314985634357 
3600 0.03308823529411765 0.9934873074472778 
3700 0.03308823529411765 0.993551027544225 
3800 0.03308823529411765 0.993599787981491 
3900 0.03308823529411765 0.9936347392071414 
4000 0.0661764705882353 0.9935466501021804 
4100 0.09926470588235294 0.9934861654976548 
4200 0.09926470588235294 0.9933988056065083 
4300 0.09926470588235294 0.9932838806296758 
4400 0.0661764705882353 0.9931950626194581 
4500 0.0661764705882353 0.9932269953082321 
4600 0.0661764705882353 0.9932311709730621 
4700 0.0661764705882353 0.9931796426292279 
4800 0.09926470588235294 0.9931141796439468 
4900 0.09926470588235294 0.9930378854255434 
5000 0.09926470588235294 0.9929264147170566 
5100 0.1323529411764706 0.9928640001383812 
5200 0.09926470588235294 0.9927658142664872 
5300 0.0661764705882353 0.9927559450492138 
5400 0.0661764705882353 0.9927750307677228 
5500 0.03308823529411765 0.9928094624506775 
5600 0.03308823529411765 0.9928767972105822 
5700 0.03308823529411765 0.9929417697617549 
5800 0.0661764705882353 0.9929981646166482 
5900 0.0661764705882353 0.9930333343301734 
6000 0.0661764705882353 0.9930765215601322 
6100 0.03308823529411765 0.9931484231128938 
6200 0.03308823529411765 0.9932102981492549 
6300 0.03308823529411765 0.9932468702446857 
6400 0.0 0.9933259509084058 
6500 0.0 0.9934286127926021 
6600 0.0 0.9935270502686758 
6700 0.0 0.9936236470412669 
6800 0.0 0.9937163219941704 
6900 0.0 0.9938052456165773 
7000 0.03308823529411765 0.9938905786568305 
7100 0.0 0.9939693663692769 
7200 0.03308823529411765 0.9940439236380568 
7300 0.03308823529411765 0.9940585294520493 
7400 0.03308823529411765 0.9940682697886614 
7500 0.0661764705882353 0.9940772602868637 
7600 0.03308823529411765 0.994127610918068 
7700 0.0 0.9941881115515938 
7800 0.0 0.9942343364726995 
7900 0.0 0.994307310318128 
8000 0.0 0.9943747840343486 
8100 0.0 0.9944424072554586 
8200 0.0 0.9944994154227964 
8300 0.0 0.9945550500648398 
8400 0.0 0.994619863181554 
8500 0.0 0.9946831514631497 
8600 0.0 0.9947449680953651 
8700 0.0 0.9948053638188984 
8800 0.0 0.9948643870683145 
8900 0.03308823529411765 0.9949129972177614 
9000 0.09926470588235294 0.9949033440728808 
9100 0.0661764705882353 0.9948466393479708 
9200 0.0661764705882353 0.9948399150987425 
9300 0.0661764705882353 0.9948281968415793 
9400 0.0661764705882353 0.9948233761114275 
9500 0.0661764705882353 0.9948116916485571 
9600 0.09926470588235294 0.9947960384028625 
9700 0.0661764705882353 0.9947852556134298 
9800 0.0661764705882353 0.9947750679702552 
9900 0.03308823529411765 0.9947695419951639 
10000 0.0661764705882353 0.9947453784033361 
10100 0.0661764705882353 0.9947278807572926 
10200 0.0661764705882353 0.9947103657657553 
10300 0.0661764705882353 0.9946964029762958 
10400 0.09926470588235294 0.9946643280906248 
10500 0.1323529411764706 0.994603105026412 
10600 0.09926470588235294 0.9945347137062541 
10700 0.09926470588235294 0.9944820302665501 
10800 0.09926470588235294 0.9944344069448907 
10900 0.0661764705882353 0.9944092420015433 
11000 0.0661764705882353 0.9943965655528642 
11100 0.0661764705882353 0.9944033261444385 
11200 0.0661764705882353 0.9944043861630002 
11300 0.03308823529411765 0.9944096566155 
11400 0.03308823529411765 0.9944374074513588 
11500 0.0661764705882353 0.9944538070858289 
11600 0.03308823529411765 0.9944388668319668 
11700 0.03308823529411765 0.9944496322586808 
11800 0.0661764705882353 0.9944362267405056 
11900 0.0661764705882353 0.994420884058186 
12000 0.03308823529411765 0.9944070224540111 
12100 0.03308823529411765 0.9944158722905739 
12200 0.03308823529411765 0.9944306035667279 
12300 0.0661764705882353 0.994408632488033 
12400 0.16544117647058823 0.9943674490197659 
12500 0.03308823529411765 0.9943548633756358 
12600 0.03308823529411765 0.9943626089432678 
12700 0.03308823529411765 0.9943702325430606 
12800 0.0661764705882353 0.9943777370334119 
12900 0.09926470588235294 0.9943546327918037 
13000 0.09926470588235294 0.9943064334417715 
13100 0.09926470588235294 0.9942665467835864 
13200 0.1323529411764706 0.9942127824540922 
13300 0.03308823529411765 0.9941813861850282 
13400 0.09926470588235294 0.9941844770144458 
13500 0.03308823529411765 0.9941670987334271 
13600 0.09926470588235294 0.9941505166142628 
13700 0.09926470588235294 0.9940968778577777 
13800 0.09926470588235294 0.9940402869357293 
13900 0.09926470588235294 0.9939816009851175 
14000 0.09926470588235294 0.9939245411042068 
14100 0.09926470588235294 0.993892277143465 
14200 0.0661764705882353 0.993860726460854 
14300 0.1323529411764706 0.9938311594828827 
14400 0.1323529411764706 0.9937772397341688 
14500 0.0661764705882353 0.9937448532961216 
14600 0.0661764705882353 0.9937411116079882 
14700 0.09926470588235294 0.9937241664232526 
14800 0.0661764705882353 0.9936937885754937 
14900 0.09926470588235294 0.993656416663706 
15000 0.09926470588235294 0.9936067987624354 
15100 0.09926470588235294 0.9935583249258911 
15200 0.0661764705882353 0.9935349164335163 
15300 0.0661764705882353 0.9935255096744926 
15400 0.0661764705882353 0.9934961728993915 
15500 0.0661764705882353 0.9934899835684226 
15600 0.09926470588235294 0.9934753899636901 
15700 0.09926470588235294 0.9934448255450196 
15800 0.09926470588235294 0.9934251182910985 
15900 0.09926470588235294 0.9934010347110984 
16000 0.09926470588235294 0.9933685210850792 
16100 0.09926470588235294 0.9933370963440342 
16200 0.09926470588235294 0.9933271639005581 
16300 0.09926470588235294 0.9932970550345162 
16400 0.03308823529411765 0.9933042999530157 
16500 0.03308823529411765 0.9933292812913299 
16600 0.03308823529411765 0.9933499753735601 
16700 0.03308823529411765 0.9933691008287633 
16800 0.0 0.9933954386468593 
16900 0.0 0.9934340815197151 
17000 0.0 0.9934727022977887 
17100 0.0 0.9935108713972695 
17200 0.0 0.9935481692240875 
17300 0.0 0.9935854608880139 
17400 0.03308823529411765 0.9936035200816721 
17500 0.0661764705882353 0.9936119196550113 
17600 0.0661764705882353 0.9936095709802585 
17700 0.03308823529411765 0.9936138951936913 
17800 0.09926470588235294 0.9936140401894143 
17900 0.03308823529411765 0.993604941557652 
18000 0.03308823529411765 0.9936167761921724 
18100 0.03308823529411765 0.993629698716678 
18200 0.03308823529411765 0.9936414692793221 
18300 0.03308823529411765 0.9936356338612162 
18400 0.09926470588235294 0.9936322594360281 
18500 0.09926470588235294 0.9935981202923848 
18600 0.0661764705882353 0.9935920190881579 
18700 0.0661764705882353 0.9935857865417703 
18800 0.0661764705882353 0.9935827490402576 
18900 0.0661764705882353 0.993574686368913 
19000 0.0661764705882353 0.9935709653052316 
19100 0.09926470588235294 0.9935599691423609 
19200 0.1323529411764706 0.9935439177493819 
19300 0.0661764705882353 0.9935388900910346 
19400 0.09926470588235294 0.9935297452829903 
19500 0.1323529411764706 0.9935014644799512 
19600 0.09926470588235294 0.993481912687528 
19700 0.0 0.9934927907511413 
19800 0.0 0.9935256537845683 
19900 0.0 0.9935581865528483 
20000 0.0 0.9935867177229374 
20100 0.0 0.9936175256132999 
20200 0.0 0.993648756468084 
20300 0.03308823529411765 0.993676782076803 
20400 0.0661764705882353 0.9936731763437202 
20500 0.0661764705882353 0.9936699644493668 
20600 0.0661764705882353 0.9936653560506772 
20700 0.0661764705882353 0.993656174609354 
20800 0.03308823529411765 0.9936647559365076 
20900 0.03308823529411765 0.9936773008327775 
21000 0.0661764705882353 0.9936690689799085 
21100 0.0661764705882353 0.9936595212939449 
21200 0.09926470588235294 0.9936436474972046 
21300 0.09926470588235294 0.9936301664931501 
21400 0.0661764705882353 0.993614578208275 
21500 0.03308823529411765 0.9935963990730937 
21600 0.0 0.993614810861153 
21700 0.0 0.9936438955103722 
21800 0.0 0.9936730506155951 
21900 0.0661764705882353 0.9936901887370171 
22000 0.0661764705882353 0.9936809356259207 
22100 0.03308823529411765 0.9936810817716526 
22200 0.03308823529411765 0.9936886785703877 
22300 0.03308823529411765 0.9936985152340834 
22400 0.03308823529411765 0.9937082640743454 
22500 0.03308823529411765 0.9937185798278246 
22600 0.03308823529411765 0.9937279909530291 
22700 0.03308823529411765 0.9937368333087166 
22800 0.03308823529411765 0.9937476942445764 
22900 0.03308823529411765 0.9937611894677089 
23000 0.03308823529411765 0.9937684934414617 
23100 0.03308823529411765 0.9937795537244377 
23200 0.03308823529411765 0.9937873494296645 
23300 0.03308823529411765 0.9937947626585074 
23400 0.09926470588235294 0.9937975564141301 
23500 0.03308823529411765 0.9937951639104219 
23600 0.03308823529411765 0.9937943494418232 
23700 0.03308823529411765 0.9938025387362658 
23800 0.0661764705882353 0.9938033992639953 
23900 0.03308823529411765 0.9938054831572393 
24000 0.03308823529411765 0.9938112260028381 
24100 0.0661764705882353 0.9937966327977604 
24200 0.0661764705882353 0.9937864137845543 
24300 0.0661764705882353 0.9937773378970123 
24400 0.0661764705882353 0.9937693910808862 
24500 0.0661764705882353 0.9937609089184836 
24600 0.0661764705882353 0.9937495068349684 
24700 0.03308823529411765 0.9937472762474489 
24800 0.03308823529411765 0.9937452118866175 
24900 0.03308823529411765 0.9937536467942464 
