0 0.0 1.0 
100 0.0 0.999946190271201 
200 0.0 0.9999459225611075 
300 0.0 0.9999638884876498 
400 0.024456521739130436 0.9995324189526185 
500 0.024456521739130436 0.9990399635511585 
600 0.024456521739130436 0.9988334659625262 
700 0.024456521739130436 0.9986509954723066 
800 0.024456521739130436 0.9984869456657439 
900 0.04891304347826087 0.9983140713217198 
1000 0.024456521739130436 0.9980427181514138 
1100 0.024456521739130436 0.9979613394937409 
1200 0.024456521739130436 0.9978708865800239 
1300 0.0 0.9979238378504829 
1400 0.0 0.9980720292958446 
1500 0.0 0.9982004750456217 
1600 0.0 0.9983128751052331 
1700 0.0 0.9984120594023975 
1800 0.0 0.9985002293411873 
1900 0.0 0.9985791231159802 
2000 0.0 0.9986501314560111 
2100 0.0 0.9987143803157916 
2200 0.0 0.9987727910238429 
2300 0.0 0.9988261247472744 
2400 0.0 0.9988750158448473 
2500 0.0 0.9989199972185039 
2600 0.0 0.9989615198167928 
2700 0.0 0.9989999678058046 
2800 0.024456521739130436 0.9989570883069712 
2900 0.024456521739130436 0.9988918738665827 
3000 0.024456521739130436 0.99882104515886 
3100 0.024456521739130436 0.9987617949329108 
3200 0.024456521739130436 0.9987003042527471 
3300 0.024456521739130436 0.9986565335932458 
3400 0.04891304347826087 0.998549020109175 
3500 0.04891304347826087 0.9984197061709077 
3600 0.04891304347826087 0.9983088936648032 
3700 0.04891304347826087 0.9981893847726232 
3800 0.04891304347826087 0.9980847431453965 
3900 0.04891304347826087 0.9979945220289113 
4000 0.04891304347826087 0.9979067733066733 
4100 0.024456521739130436 0.9978676992886146 
4200 0.024456521739130436 0.9978544187201805 
4300 0.04891304347826087 0.9977987930006167 
4400 0.04891304347826087 0.9977358159706786 
4500 0.024456521739130436 0.9977299730494673 
4600 0.024456521739130436 0.9976960348884458 
4700 0.024456521739130436 0.9976791478223874 
4800 0.04891304347826087 0.9976425880477799 
4900 0.04891304347826087 0.9975803518359163 
5000 0.07336956521739131 0.9974896325082809 
5100 0.07336956521739131 0.9973880867349113 
5200 0.04891304347826087 0.9973071650100733 
5300 0.04891304347826087 0.9972656922811939 
5400 0.024456521739130436 0.9972242459125926 
5500 0.024456521739130436 0.9972287647305234 
5600 0.024456521739130436 0.9972306963818572 
5700 0.024456521739130436 0.9972416166500156 
5800 0.024456521739130436 0.9972512235521612 
5900 0.024456521739130436 0.9972499134266115 
6000 0.024456521739130436 0.9972549864877592 
6100 0.024456521739130436 0.997256330038554 
6200 0.024456521739130436 0.9972589449107087 
6300 0.024456521739130436 0.997267514473203 
6400 0.024456521739130436 0.9972758162787064 
6500 0.024456521739130436 0.9972830266915458 
6600 0.024456521739130436 0.9972809620413244 
6700 0.024456521739130436 0.9972789590132557 
6800 0.024456521739130436 0.9972806109076031 
6900 0.024456521739130436 0.9972814273923754 
7000 0.024456521739130436 0.997278727262565 
7100 0.024456521739130436 0.9972715110547811 
7200 0.024456521739130436 0.9972705330781353 
7300 0.024456521739130436 0.997269954086099 
7400 0.024456521739130436 0.997269757905806 
7500 0.024456521739130436 0.9972710160384413 
7600 0.024456521739130436 0.9972818936867575 
7700 0.024456521739130436 0.9972917831111713 
7800 0.04891304347826087 0.9972934071997459 
7900 0.04891304347826087 0.9972630046829515 
8000 0.04891304347826087 0.9972595137564326 
8100 0.04891304347826087 0.9972319574072981 
8200 0.07336956521739131 0.997201096896985 
8300 0.024456521739130436 0.9971663969244146 
8400 0.04891304347826087 0.9971651925495412 
8500 0.024456521739130436 0.9971605002991976 
8600 0.024456521739130436 0.997153073707304 
8700 0.024456521739130436 0.9971520639806519 
8800 0.024456521739130436 0.9971544735529065 
8900 0.024456521739130436 0.997148586138343 
9000 0.024456521739130436 0.9971470561241987 
9100 0.024456521739130436 0.9971416781720117 
9200 0.024456521739130436 0.9971411425034141 
9300 0.024456521739130436 0.9971359437741617 
9400 0.024456521739130436 0.9971328790184208 
9500 0.0 0.997149041519657 
9600 0.0 0.9971787359106615 
9700 0.0 0.9972078181092939 
9800 0.0 0.9972363068542252 
9900 0.0 0.9972642201270843 
10000 0.0 0.9972894014946332 
10100 0.024456521739130436 0.9973006331701983 
10200 0.024456521739130436 0.9973065833272953 
10300 0.024456521739130436 0.9973010746107385 
10400 0.024456521739130436 0.9972951492958453 
10500 0.024456521739130436 0.9972963237455647 
10600 0.024456521739130436 0.997295425370043 
10700 0.024456521739130436 0.9972907347139438 
10800 0.024456521739130436 0.9972921690020651 
10900 0.024456521739130436 0.9972953219289814 
11000 0.024456521739130436 0.997295947403991 
11100 0.024456521739130436 0.9972987647019658 
11200 0.0 0.9973221529133657 
11300 0.0 0.9973458485782328 
11400 0.0 0.9973691285661441 
11500 0.0 0.9973920037199033 
11600 0.0 0.9974144845084569 
11700 0.0 0.9974365810428689 
11800 0.0 0.9974583030914845 
11900 0.0 0.9974782900961922 
12000 0.024456521739130436 0.9974918303909457 
12100 0.024456521739130436 0.9974923470212667 
12200 0.024456521739130436 0.9974970868389262 
12300 0.0 0.9975041795824305 
12400 0.024456521739130436 0.997518827373669 
12500 0.024456521739130436 0.9975167204014983 
12600 0.024456521739130436 0.9975163720615686 
12700 0.024456521739130436 0.9975147455010389 
12800 0.024456521739130436 0.9975127197943096 
12900 0.024456521739130436 0.9975063021740815 
13000 0.024456521739130436 0.9974981021526772 
13100 0.024456521739130436 0.9974970795458694 
13200 0.024456521739130436 0.9974888677735217 
13300 0.024456521739130436 0.9974807794771887 
13400 0.0 0.9974888311384938 
13500 0.0 0.9975074310115515 
13600 0.0 0.997525757377175 
13700 0.0 0.997543816224141 
13800 0.0 0.9975616133676514 
13900 0.0 0.9975791544555757 
14000 0.0 0.9975964449744273 
14100 0.0 0.9976134902550852 
14200 0.0 0.9976302954782731 
14300 0.0 0.9976468656798095 
14400 0.0 0.9976632057556389 
14500 0.0 0.9976793204666545 
14600 0.0 0.9976952144433229 
14700 0.0 0.9977108921901202 
14800 0.0 0.9977263580897883 
14900 0.0 0.9977416164074194 
15000 0.0 0.9977566712943775 
15100 0.0 0.9977715267920638 
15200 0.0 0.9977861868355343 
15300 0.024456521739130436 0.9977976361306309 
15400 0.024456521739130436 0.9977962328815464 
15500 0.024456521739130436 0.9977822258311525 
15600 0.024456521739130436 0.9977751913896267 
15700 0.024456521739130436 0.9977685926955636 
15800 0.04891304347826087 0.9977483194514382 
15900 0.04891304347826087 0.9977267631513468 
16000 0.04891304347826087 0.9977071745515905 
16100 0.04891304347826087 0.9976868166438487 
16200 0.04891304347826087 0.9976668777826382 
16300 0.024456521739130436 0.9976503508720457 
16400 0.024456521739130436 0.9976459547800638 
16500 0.04891304347826087 0.9976335426311449 
16600 0.0 0.9976369941045982 
16700 0.0 0.99765114299326 
16800 0.0 0.9976651234527966 
16900 0.0 0.9976789384728971 
17000 0.0 0.9976925909729095 
17100 0.024456521739130436 0.9977013167295073 
17200 0.024456521739130436 0.9977001463514508 
17300 0.024456521739130436 0.9976971047162391 
17400 0.04891304347826087 0.9976823858199054 
17500 0.04891304347826087 0.9976692325655925 
17600 0.024456521739130436 0.9976636394177208 
17700 0.024456521739130436 0.9976596446282818 
17800 0.024456521739130436 0.9976610376065829 
17900 0.024456521739130436 0.9976598344032274 
18000 0.04891304347826087 0.9976533610451593 
18100 0.04891304347826087 0.9976376515349861 
18200 0.04891304347826087 0.9976156947898228 
18300 0.024456521739130436 0.9976138747466876 
18400 0.024456521739130436 0.9976139942772486 
18500 0.024456521739130436 0.9976160219306595 
18600 0.024456521739130436 0.9976174434287076 
18700 0.04891304347826087 0.9976057720698498 
18800 0.04891304347826087 0.9975939357989746 
18900 0.024456521739130436 0.9975840937792572 
19000 0.024456521739130436 0.9975836512037124 
19100 0.024456521739130436 0.9975829287335286 
19200 0.024456521739130436 0.9975810816012753 
19300 0.024456521739130436 0.9975808023013 
19400 0.024456521739130436 0.9975801056870668 
19500 0.0 0.9975840146436191 
19600 0.0 0.9975957859292893 
19700 0.0 0.9976079894421603 
19800 0.0 0.9976186973429098 
19900 0.0 0.9976306630866266 
20000 0.0 0.9976425091788889 
20100 0.0 0.9976542374054503 
20200 0.0 0.9976658495167049 
20300 0.0 0.997677347228558 
20400 0.0 0.9976887322232713 
20500 0.0 0.9977000061502832 
20600 0.024456521739130436 0.9977031243734474 
20700 0.024456521739130436 0.9977026682180865 
20800 0.024456521739130436 0.9977014326234316 
20900 0.0 0.9977078795897013 
21000 0.0 0.9977187939290676 
21100 0.0 0.9977296048198828 
21200 0.0 0.9977403137259727 
21300 0.0 0.9977509220836743 
21400 0.0 0.9977614313024787 
21500 0.0 0.997771842765655 
21600 0.024456521739130436 0.9977751130684368 
21700 0.04891304347826087 0.9977712157123595 
21800 0.04891304347826087 0.9977581303609926 
21900 0.024456521739130436 0.997751244235423 
22000 0.024456521739130436 0.997748867146355 
22100 0.024456521739130436 0.9977487247281748 
22200 0.024456521739130436 0.9977480939949827 
22300 0.04891304347826087 0.9977453974573182 
22400 0.04891304347826087 0.9977293812582124 
22500 0.04891304347826087 0.9977132658838351 
22600 0.04891304347826087 0.9976986156826458 
22700 0.024456521739130436 0.9976943890615813 
22800 0.024456521739130436 0.997688292656882 
22900 0.024456521739130436 0.9976843853410616 
23000 0.024456521739130436 0.9976794487196209 
23100 0.024456521739130436 0.9976742019449563 
23200 0.024456521739130436 0.9976685319036098 
23300 0.07336956521739131 0.9976478663912539 
23400 0.07336956521739131 0.9976216874789817 
23500 0.07336956521739131 0.9975939969252002 
23600 0.04891304347826087 0.9975767883822166 
23700 0.04891304347826087 0.9975611008891572 
23800 0.04891304347826087 0.9975478286443938 
23900 0.04891304347826087 0.9975325072809397 
24000 0.04891304347826087 0.9975207101878002 
24100 0.024456521739130436 0.997513408247538 
24200 0.0 0.997518068782641 
24300 0.0 0.9975282820710545 
24400 0.0 0.99753841164742 
24500 0.04891304347826087 0.9975301584851017 
24600 0.04891304347826087 0.9975164494903883 
24700 0.024456521739130436 0.9975100022354314 
24800 0.024456521739130436 0.9975100714732751 
24900 0.024456521739130436 0.997509376260426 
