0 0.0 1.0 
100 0.018229166666666668 0.9997163778877888 
200 0.018229166666666668 0.9997538349917081 
300 0.036458333333333336 0.9987887596899225 
400 0.036458333333333336 0.997720542394015 
500 0.036458333333333336 0.9973802395209581 
600 0.0546875 0.9971575152523572 
700 0.09114583333333333 0.9962219151212554 
800 0.036458333333333336 0.9957377496878901 
900 0.036458333333333336 0.9956732103218646 
1000 0.036458333333333336 0.9957256285381285 
1100 0.0546875 0.9954775961247351 
1200 0.036458333333333336 0.9953337496530669 
1300 0.0546875 0.995206011401486 
1400 0.07291666666666667 0.994964534261242 
1500 0.0546875 0.9947344131689985 
1600 0.0546875 0.9944077920049968 
1700 0.07291666666666667 0.9942053081520674 
1800 0.018229166666666668 0.9942826901721266 
1900 0.018229166666666668 0.9944491934069788 
2000 0.036458333333333336 0.994546997334666 
2100 0.036458333333333336 0.9944532861335872 
2200 0.036458333333333336 0.9944461797667726 
2300 0.0546875 0.9943921573953354 
2400 0.0546875 0.9943914428016104 
2500 0.0546875 0.9943970328535252 
2600 0.07291666666666667 0.9942399958349353 
2700 0.036458333333333336 0.994211248920153 
2800 0.036458333333333336 0.9942924030108294 
2900 0.0546875 0.994279091979777 
3000 0.07291666666666667 0.9942076599466845 
3100 0.036458333333333336 0.9941467134257767 
3200 0.0546875 0.9941294387170676 
3300 0.036458333333333336 0.9941258330808845 
3400 0.036458333333333336 0.9941507706066843 
3500 0.036458333333333336 0.9941876725697419 
3600 0.036458333333333336 0.9942398812829769 
3700 0.018229166666666668 0.9943145996577502 
3800 0.036458333333333336 0.9943751096202754 
3900 0.036458333333333336 0.9943457339998291 
4000 0.036458333333333336 0.9943464654669666 
4100 0.0 0.9943992318946598 
4200 0.0 0.9945325517733873 
4300 0.0 0.9946572502518795 
4400 0.018229166666666668 0.9947745067408922 
4500 0.0546875 0.9947928238169296 
4600 0.0546875 0.9947480846555097 
4700 0.0546875 0.9946902919591576 
4800 0.036458333333333336 0.9946652824064431 
4900 0.036458333333333336 0.9946758314629668 
5000 0.0546875 0.9946469039525428 
5100 0.036458333333333336 0.9946308526105992 
5200 0.036458333333333336 0.9946119135743127 
5300 0.036458333333333336 0.9946364286612589 
5400 0.018229166666666668 0.9946499105103993 
5500 0.018229166666666668 0.9947017208992305 
5600 0.036458333333333336 0.994747496726775 
5700 0.036458333333333336 0.9947496418756944 
5800 0.036458333333333336 0.9947436325633512 
5900 0.036458333333333336 0.9947625402474157 
6000 0.0546875 0.9947291770815975 
6100 0.0546875 0.9947016028793094 
6200 0.036458333333333336 0.9946866768800731 
6300 0.018229166666666668 0.9947019818282812 
6400 0.036458333333333336 0.9947025692600114 
6500 0.018229166666666668 0.9946975305081269 
6600 0.018229166666666668 0.9947356461142252 
6700 0.018229166666666668 0.9947800079590111 
6800 0.036458333333333336 0.9947572048228202 
6900 0.036458333333333336 0.9947561947543834 
7000 0.0546875 0.994720620268533 
7100 0.07291666666666667 0.9946889815988359 
7200 0.018229166666666668 0.9946697941258159 
7300 0.036458333333333336 0.9946967881112176 
7400 0.036458333333333336 0.9947012368824033 
7500 0.018229166666666668 0.9947191068968582 
7600 0.036458333333333336 0.9947502110467921 
7700 0.018229166666666668 0.9947865942734709 
7800 0.0546875 0.9947970078622399 
7900 0.0546875 0.9947863930726069 
8000 0.036458333333333336 0.9947747416989543 
8100 0.0546875 0.9947643423651401 
8200 0.0546875 0.9947475282485876 
8300 0.036458333333333336 0.9947483736899169 
8400 0.018229166666666668 0.994762528270444 
8500 0.018229166666666668 0.9947931983492139 
8600 0.036458333333333336 0.994792272216409 
8700 0.018229166666666668 0.9948093250775772 
8800 0.036458333333333336 0.9948325000946862 
8900 0.036458333333333336 0.9948422812979815 
9000 0.018229166666666668 0.9948616820353294 
9100 0.0 0.9949038338277845 
9200 0.018229166666666668 0.994931200865848 
9300 0.036458333333333336 0.9949386602695051 
9400 0.036458333333333336 0.9949520551891643 
9500 0.036458333333333336 0.9949500929726696 
9600 0.07291666666666667 0.9949381357844669 
9700 0.07291666666666667 0.9948829373260488 
9800 0.07291666666666667 0.9948293966602048 
9900 0.036458333333333336 0.9947992942632058 
10000 0.018229166666666668 0.9947994783854948 
10100 0.0 0.9948463229713229 
10200 0.018229166666666668 0.9948896962716074 
10300 0.0546875 0.9949102332297836 
10400 0.036458333333333336 0.9949090932762875 
10500 0.018229166666666668 0.9949310383138114 
10600 0.018229166666666668 0.9949535519447851 
10700 0.018229166666666668 0.9949637202909385 
10800 0.036458333333333336 0.9949621273493195 
10900 0.0546875 0.9949221019478335 
11000 0.09114583333333333 0.9948849347029058 
11100 0.0546875 0.9948322504729303 
11200 0.0546875 0.9948088712317352 
11300 0.036458333333333336 0.9948075668082471 
11400 0.036458333333333336 0.9948078841768266 
11500 0.07291666666666667 0.9947891759412225 
11600 0.0546875 0.9947548523115823 
11700 0.0546875 0.9947427036150757 
11800 0.036458333333333336 0.9947415738073044 
11900 0.036458333333333336 0.9947424323586254 
12000 0.0546875 0.9947335117906841 
12100 0.036458333333333336 0.9947212954163568 
12200 0.018229166666666668 0.9947272081523373 
12300 0.018229166666666668 0.9947453035661057 
12400 0.036458333333333336 0.9947463074214445 
12500 0.018229166666666668 0.9947583359997867 
12600 0.018229166666666668 0.9947782335396662 
12700 0.018229166666666668 0.9948033537385508 
12800 0.0 0.9948384566309924 
12900 0.018229166666666668 0.994867363318089 
13000 0.036458333333333336 0.9948779981668077 
13100 0.036458333333333336 0.9948771404218507 
13200 0.036458333333333336 0.9948601194985228 
13300 0.0546875 0.9948545143848834 
13400 0.036458333333333336 0.9948486042708256 
13500 0.036458333333333336 0.9948510758462337 
13600 0.036458333333333336 0.9948565745778497 
13700 0.0546875 0.9948549604043501 
13800 0.07291666666666667 0.9948354436876555 
13900 0.0546875 0.9948210785195309 
14000 0.0546875 0.9948164044830131 
14100 0.036458333333333336 0.9948021934023592 
14200 0.0546875 0.9948123885055044 
14300 0.0546875 0.9948031387665198 
14400 0.036458333333333336 0.9947970916371548 
14500 0.0546875 0.9947961562995655 
14600 0.036458333333333336 0.9947923800881218 
14700 0.036458333333333336 0.9947962723624243 
14800 0.036458333333333336 0.994797824752832 
14900 0.0546875 0.994792890018567 
15000 0.07291666666666667 0.9947756955091883 
15100 0.07291666666666667 0.9947602807761076 
15200 0.0546875 0.9947462680635046 
15300 0.0546875 0.9947286942029933 
15400 0.0546875 0.9947204794602083 
15500 0.0546875 0.9947068267101047 
15600 0.0546875 0.9946883412922248 
15700 0.036458333333333336 0.9946831942763731 
15800 0.036458333333333336 0.994681408613379 
15900 0.036458333333333336 0.994685049944448 
16000 0.036458333333333336 0.9946951557715142 
16100 0.018229166666666668 0.9947090178146285 
16200 0.018229166666666668 0.9947122605600477 
16300 0.0546875 0.9946994880170951 
16400 0.0546875 0.9946973507712944 
16500 0.0546875 0.9946786684645375 
16600 0.036458333333333336 0.9946639760656989 
16700 0.018229166666666668 0.9946832961599106 
16800 0.036458333333333336 0.9946994412534969 
16900 0.036458333333333336 0.9947006032680512 
17000 0.036458333333333336 0.9946993007764249 
17100 0.036458333333333336 0.9947038002163616 
17200 0.036458333333333336 0.9947017373020949 
17300 0.036458333333333336 0.9947048159547618 
17400 0.07291666666666667 0.994697383292148 
17500 0.018229166666666668 0.9946940531969601 
17600 0.036458333333333336 0.9947054085468628 
17700 0.036458333333333336 0.9947069256915805 
17800 0.018229166666666668 0.9947114979495534 
17900 0.018229166666666668 0.9947291119676741 
18000 0.036458333333333336 0.9947297488102513 
18100 0.09114583333333333 0.9947100931348176 
18200 0.07291666666666667 0.9946796364210758 
18300 0.036458333333333336 0.9946687225652514 
18400 0.036458333333333336 0.9946623145481224 
18500 0.0546875 0.9946618876457128 
18600 0.0546875 0.994659645314768 
18700 0.0546875 0.9946448942124307 
18800 0.036458333333333336 0.9946369486108895 
18900 0.036458333333333336 0.9946398338712238 
19000 0.0546875 0.9946330949686859 
19100 0.0546875 0.9946212458335515 
19200 0.036458333333333336 0.9946088419873965 
19300 0.036458333333333336 0.9946054716508643 
19400 0.036458333333333336 0.9946061629125647 
19500 0.036458333333333336 0.9946073812454063 
19600 0.0546875 0.99460353850994 
19700 0.036458333333333336 0.9946047577957126 
19800 0.07291666666666667 0.9945936021749743 
19900 0.0546875 0.9945783712711254 
20000 0.0546875 0.9945685007416296 
20100 0.07291666666666667 0.9945525098253818 
20200 0.09114583333333333 0.9945263642063924 
20300 0.09114583333333333 0.9944929077795839 
20400 0.036458333333333336 0.9944859473800304 
20500 0.07291666666666667 0.9944842629627823 
20600 0.07291666666666667 0.9944632542109606 
20700 0.0546875 0.9944533929520313 
20800 0.0546875 0.9944392447077864 
20900 0.036458333333333336 0.9944420522144076 
21000 0.0546875 0.9944376408663079 
21100 0.036458333333333336 0.9944369737611172 
21200 0.036458333333333336 0.994430294168514 
21300 0.036458333333333336 0.9944231882697213 
21400 0.018229166666666668 0.994429169003006 
21500 0.0546875 0.9944274636451018 
21600 0.07291666666666667 0.9944190228461646 
21700 0.07291666666666667 0.994387859430441 
21800 0.0 0.9943891144137119 
21900 0.0 0.9944140202882669 
22000 0.036458333333333336 0.9944272182703816 
22100 0.036458333333333336 0.9944361727599053 
22200 0.0546875 0.9944438735867753 
22300 0.0546875 0.9944422802415437 
22400 0.036458333333333336 0.9944394223472166 
22500 0.036458333333333336 0.9944386730960105 
22600 0.018229166666666668 0.9944378152515375 
22700 0.018229166666666668 0.9944478629796044 
22800 0.018229166666666668 0.9944621626609944 
22900 0.036458333333333336 0.9944734946072223 
23000 0.018229166666666668 0.9944876717316639 
23100 0.018229166666666668 0.9944949623392927 
23200 0.0 0.9945153226154045 
23300 0.018229166666666668 0.9945241084073645 
23400 0.0546875 0.9945364914960899 
23500 0.036458333333333336 0.9945385745996624 
23600 0.018229166666666668 0.9945475915568549 
23700 0.036458333333333336 0.9945564225489782 
23800 0.036458333333333336 0.9945576297564528 
23900 0.036458333333333336 0.9945582820802477 
24000 0.0546875 0.9945514423010152 
24100 0.0546875 0.9945409855054423 
24200 0.0546875 0.9945356725961737 
24300 0.036458333333333336 0.9945338326269152 
24400 0.036458333333333336 0.9945365968607844 
24500 0.018229166666666668 0.9945383819367917 
24600 0.07291666666666667 0.9945414227741419 
24700 0.0546875 0.9945273597222785 
24800 0.09114583333333333 0.9945123600526861 
24900 0.0546875 0.9944995724736624 
