0 0.0 1.0 
100 0.2916666666666667 0.9596947194719472 
200 0.3125 0.9501865671641792 
300 0.2916666666666667 0.9444629014396456 
400 0.3125 0.9422485453034082 
500 0.2708333333333333 0.9411427145708583 
600 0.2916666666666667 0.9424084858569052 
700 0.2708333333333333 0.941000951022349 
800 0.3125 0.9405378693300042 
900 0.20833333333333334 0.9403764335923048 
1000 0.2708333333333333 0.9402347652347652 
1100 0.2916666666666667 0.9402815622161671 
1200 0.3333333333333333 0.9395226200388566 
1300 0.22916666666666666 0.9392550602100947 
1400 0.22916666666666666 0.9396264572924102 
1500 0.375 0.9393820786142572 
1600 0.22916666666666666 0.9389964605454924 
1700 0.2708333333333333 0.9392881638252009 
1800 0.20833333333333334 0.9393161206736999 
1900 0.25 0.9396304576538664 
2000 0.25 0.9395531400966184 
2100 0.3125 0.939566476281136 
2200 0.2708333333333333 0.9387002120248372 
2300 0.4583333333333333 0.9381446472548167 
2400 0.375 0.9375416493127864 
2500 0.22916666666666666 0.9373250699720111 
2600 0.20833333333333334 0.9372276688453159 
2700 0.2708333333333333 0.9372917437985931 
2800 0.25 0.937375044626919 
2900 0.4583333333333333 0.9373707342295761 
3000 0.2708333333333333 0.9372070420970787 
3100 0.2916666666666667 0.9371587122433623 
3200 0.20833333333333334 0.9370613349994793 
3300 0.2708333333333333 0.9370291830758356 
3400 0.25 0.9368274037047927 
3500 0.20833333333333334 0.9369465866895172 
3600 0.3125 0.9370684069240026 
3700 0.25 0.9369472214716743 
3800 0.3125 0.9371174252389722 
3900 0.2916666666666667 0.9370684867128087 
4000 0.3125 0.9371792468549529 
4100 0.22916666666666666 0.9371474437129156 
4200 0.25 0.9372986590494327 
4300 0.4791666666666667 0.9370253041928234 
4400 0.375 0.9367709990153753 
4500 0.2708333333333333 0.9365344738206325 
4600 0.25 0.9367574078098964 
4700 0.3125 0.9366287314755726 
4800 0.2916666666666667 0.936616503506214 
4900 0.25 0.9366506835339726 
5000 0.2916666666666667 0.9366684996334067 
5100 0.22916666666666666 0.9368122263608443 
5200 0.3125 0.9369952893674294 
5300 0.2708333333333333 0.9370535433565994 
5400 0.25 0.9373518792816146 
5500 0.2916666666666667 0.9373818396655154 
5600 0.3333333333333333 0.9372775694816402 
5700 0.3125 0.937263199438695 
5800 0.2708333333333333 0.9373297707291847 
5900 0.2708333333333333 0.9373368920521945 
6000 0.2708333333333333 0.9374090429372882 
6100 0.2708333333333333 0.9375020488444518 
6200 0.2916666666666667 0.937516798365855 
6300 0.3541666666666667 0.9375 
6400 0.375 0.9374856793209394 
6500 0.2708333333333333 0.9375083320514792 
6600 0.375 0.9373201030146947 
6700 0.3333333333333333 0.937435954832612 
6800 0.4166666666666667 0.9373860461696809 
6900 0.22916666666666666 0.9373961503163792 
7000 0.3958333333333333 0.93733930867019 
7100 0.5208333333333334 0.9370980613059193 
7200 0.2708333333333333 0.9369404712308476 
7300 0.20833333333333334 0.9369869424279779 
7400 0.25 0.9371396883304058 
7500 0.3333333333333333 0.9372067057725637 
7600 0.25 0.9373201990966101 
7700 0.3958333333333333 0.9372873652772368 
7800 0.3125 0.9371896765371961 
7900 0.3125 0.9372357929376028 
8000 0.3125 0.9371510852810065 
8100 0.3125 0.937185224046414 
8200 0.22916666666666666 0.9372037962850059 
8300 0.2916666666666667 0.9371506445006625 
8400 0.3125 0.9371483553545212 
8500 0.375 0.9370015292318551 
8600 0.375 0.9369424097973104 
8700 0.3333333333333333 0.9367812128874076 
8800 0.3125 0.9367425103207969 
8900 0.3125 0.9366648878403175 
9000 0.2916666666666667 0.9366394474687998 
9100 0.3333333333333333 0.9366443247994726 
9200 0.3541666666666667 0.9366518132087092 
9300 0.2916666666666667 0.9365959753431531 
9400 0.25 0.9366809381980641 
9500 0.3125 0.9367351682279058 
9600 0.3333333333333333 0.9366732632017498 
9700 0.3541666666666667 0.9365576572861904 
9800 0.2916666666666667 0.936412525932728 
9900 0.2916666666666667 0.9364155135844864 
10000 0.1875 0.9364409392394094 
10100 0.4375 0.9363284988284988 
10200 0.3125 0.9362072345848447 
10300 0.25 0.9361979419473837 
10400 0.375 0.936288177418838 
10500 0.3333333333333333 0.93625369012475 
10600 0.25 0.9361612898154262 
10700 0.25 0.9361932685418808 
10800 0.2916666666666667 0.9361544455760269 
10900 0.3333333333333333 0.9361331529217503 
11000 0.3958333333333333 0.9361130048783444 
11100 0.3125 0.9360635678467405 
11200 0.2708333333333333 0.9361065232270929 
11300 0.25 0.9361605167684276 
11400 0.25 0.9362687483554074 
11500 0.3125 0.9362696722024172 
11600 0.3333333333333333 0.9362565727092492 
11700 0.3125 0.9361582343389454 
11800 0.3125 0.9362345705166228 
11900 0.22916666666666666 0.9361373694087332 
12000 0.3958333333333333 0.9361827486598339 
12100 0.2708333333333333 0.9361271795719363 
12200 0.3125 0.9361637024287627 
12300 0.4166666666666667 0.9361657588813918 
12400 0.3125 0.936207429508373 
12500 0.3125 0.936216102711783 
12600 0.25 0.9362742374943788 
12700 0.20833333333333334 0.9363599979004278 
12800 0.2708333333333333 0.9363392833893185 
12900 0.1875 0.9363673358654367 
13000 0.22916666666666666 0.9364225187806067 
13100 0.2708333333333333 0.9364854464035824 
13200 0.3125 0.9365063884049188 
13300 0.3333333333333333 0.9365238829160715 
13400 0.3125 0.9363837897669328 
13500 0.2708333333333333 0.9363797126138804 
13600 0.2916666666666667 0.9364268558684411 
13700 0.1875 0.9364754397489234 
13800 0.3125 0.9365278482235587 
13900 0.4166666666666667 0.9364575090521066 
14000 0.3333333333333333 0.9364104944884889 
14100 0.375 0.9363818759898825 
14200 0.2916666666666667 0.9362894045020304 
14300 0.3541666666666667 0.9363188471668648 
14400 0.20833333333333334 0.9363218410758513 
14500 0.2916666666666667 0.9363282417304554 
14600 0.3333333333333333 0.9363285619706413 
14700 0.20833333333333334 0.9363339795478766 
14800 0.20833333333333334 0.936409702047159 
14900 0.2708333333333333 0.936433237142921 
15000 0.2708333333333333 0.9364734017732151 
15100 0.20833333333333334 0.9364702668697438 
15200 0.375 0.936511029976098 
15300 0.3541666666666667 0.936428719255822 
15400 0.3125 0.9364015864770686 
15500 0.3333333333333333 0.9364137797561448 
15600 0.3333333333333333 0.9364276862594278 
15700 0.3333333333333333 0.9363633951128378 
15800 0.2708333333333333 0.9363378900069615 
15900 0.25 0.9363399576546548 
16000 0.2916666666666667 0.9363026789992293 
16100 0.2916666666666667 0.9363437571165352 
16200 0.3125 0.9363676110528156 
16300 0.2708333333333333 0.9363916835367974 
16400 0.2916666666666667 0.9364263866024429 
16500 0.22916666666666666 0.9364566288911783 
16600 0.3541666666666667 0.936479981125635 
16700 0.22916666666666666 0.9365407261042253 
16800 0.3333333333333333 0.9366086840069043 
16900 0.4166666666666667 0.9365330946886772 
17000 0.3541666666666667 0.9364745701233261 
17100 0.3333333333333333 0.9364844648461104 
17200 0.2708333333333333 0.9365032071778773 
17300 0.2708333333333333 0.9364783827524421 
17400 0.3333333333333333 0.936517297856445 
17500 0.4166666666666667 0.9364312515475306 
17600 0.2708333333333333 0.9363866636365358 
17700 0.2916666666666667 0.9364280266651601 
17800 0.3333333333333333 0.9364134505552123 
17900 0.22916666666666666 0.9364346498333427 
18000 0.25 0.9364537618280466 
18100 0.3541666666666667 0.9364141944275639 
18200 0.2708333333333333 0.9363766642858451 
18300 0.2708333333333333 0.9364046591260952 
18400 0.25 0.9364309910693259 
18500 0.3333333333333333 0.9364056897825342 
18600 0.375 0.9363537802627099 
18700 0.3333333333333333 0.9363561217760191 
18800 0.375 0.9363712923071468 
18900 0.25 0.9363682256670723 
19000 0.4166666666666667 0.9364046629124783 
19100 0.2916666666666667 0.9363240144495053 
19200 0.2916666666666667 0.9362993246879503 
19300 0.3541666666666667 0.9362461789544583 
19400 0.4166666666666667 0.9362238630311153 
19500 0.3958333333333333 0.9361934430712955 
19600 0.2708333333333333 0.9361716238967399 
19700 0.3541666666666667 0.9361273962404616 
19800 0.2708333333333333 0.9360733043785667 
19900 0.375 0.9361012009446762 
20000 0.20833333333333334 0.9360469476526174 
20100 0.2708333333333333 0.9360535545495249 
20200 0.3125 0.9360244129828557 
20300 0.2708333333333333 0.935995968999885 
20400 0.2916666666666667 0.9360664509909645 
20500 0.2916666666666667 0.936104742858072 
20600 0.3333333333333333 0.9361151562221899 
20700 0.2708333333333333 0.936074344234578 
20800 0.2916666666666667 0.9361214605067064 
20900 0.2708333333333333 0.9361043331260067 
21000 0.25 0.9361056219545101 
21100 0.2916666666666667 0.936131186515647 
21200 0.2708333333333333 0.9360942093926388 
21300 0.3125 0.9361013958656088 
21400 0.3333333333333333 0.9361381088111147 
21500 0.25 0.9361727361518069 
21600 0.3125 0.9361455102387235 
21700 0.3541666666666667 0.9361454157258499 
21800 0.3333333333333333 0.9361598474076113 
21900 0.3333333333333333 0.936149414790801 
22000 0.22916666666666666 0.9361176764692514 
22100 0.22916666666666666 0.9361746451895088 
22200 0.3333333333333333 0.9361798642703782 
22300 0.20833333333333334 0.9361661659417365 
22400 0.2708333333333333 0.9362318274481793 
22500 0.3125 0.9362195013554954 
22600 0.3333333333333333 0.9362035971859652 
22700 0.2708333333333333 0.9362271118746605 
22800 0.20833333333333334 0.936281303451603 
22900 0.2708333333333333 0.9363019082136151 
23000 0.1875 0.9362730605915685 
23100 0.125 0.9363653088610883 
23200 0.3541666666666667 0.9363504446647415 
23300 0.3125 0.9363332045834942 
23400 0.2916666666666667 0.9363401492813698 
23500 0.25 0.9363707927322241 
23600 0.3125 0.9363829922460912 
23700 0.22916666666666666 0.9363594011504437 
23800 0.25 0.936419688248393 
23900 0.3125 0.9365030054530494 
24000 0.2916666666666667 0.9364851117314557 
24100 0.3333333333333333 0.9364836175539051 
24200 0.25 0.93647421594149 
24300 0.2708333333333333 0.9365094714895135 
24400 0.3125 0.9365357294099969 
24500 0.3125 0.9365127953961063 
24600 0.25 0.9365113884259447 
24700 0.2708333333333333 0.9365125231097257 
24800 0.25 0.9365558176417618 
24900 0.3541666666666667 0.9365584380814693 
