Coverage:4
-69 -20 1 -51 -69 22 -115 41 -48 -13 -46 -65 -53 61 12 -36 
 147 2 17 -41 -45 17 33 66 -75 -3 87 54 -53 35 -22 -34 
-63 -20 9 -45 -76 29 -102 38 -48 -19 -41 -72 -48 57 14 -44 
 138 0 16 -42 -46 25 42 68 -80 10 89 64 -52 37 -24 -26 
-66 -25 8 -59 -69 40 -103 45 -56 -14 -51 -74 -54 62 13 -37 
 149 3 12 -34 -54 18 40 75 -71 6 83 70 -46 28 -17 -26 
-76 -28 -3 -59 -69 34 -82 42 -64 -13 -47 -85 -49 60 1 -31 
 146 -5 9 -40 -54 18 32 68 -60 5 86 58 -47 23 -19 -30 
-77 -33 -5 -59 -72 37 -91 45 -66 -19 -46 -79 -53 64 5 -29 
 135 -11 16 -49 -57 18 24 64 -68 6 89 50 -48 16 -20 -40 
-76 -22 3 -53 -65 28 -86 36 -68 -16 -41 -76 -54 70 -11 -27 
 133 -7 27 -52 -57 18 22 62 -72 2 88 52 -50 22 -24 -37 
-77 -22 5 -46 -61 24 -95 34 -56 -8 -43 -74 -50 79 -7 -29 
 130 -5 30 -46 -60 18 28 67 -74 -1 94 56 -50 25 -25 -34 
-77 -15 11 -50 -59 15 -96 42 -56 1 -43 -73 -55 88 2 -26 
 126 -10 43 -47 -54 22 18 79 -67 -10 98 56 -41 34 -24 -30 
-83 -23 7 -48 -62 9 -102 43 -55 11 -43 -77 -64 95 -6 -31 
 118 -10 45 -37 -53 29 31 80 -74 -7 111 52 -36 24 -17 -18 
-78 -24 5 -53 -64 11 -113 43 -46 14 -42 -76 -73 94 2 -36 
 127 -1 49 -36 -52 20 38 81 -55 -11 112 58 -35 32 -25 -18 
-79 -18 -2 -63 -69 14 -110 31 -38 2 -37 -80 -82 100 -5 -27 
 113 0 48 -43 -53 18 42 75 -67 -8 112 52 -30 28 -29 -17 
-76 -23 -4 -67 -67 14 -105 34 -29 12 -39 -83 -83 86 -9 -24 
 113 -2 52 -40 -56 9 43 75 -65 -3 111 51 -34 31 -38 -19 
-82 -15 -3 -67 -64 13 -108 26 -34 5 -47 -86 -79 86 -21 -29 
 112 -4 54 -42 -48 12 34 79 -68 -10 113 58 -43 21 -40 -14 
-84 -19 -16 -68 -66 14 -110 24 -42 6 -46 -80 -87 91 -26 -24 
 113 -10 45 -45 -44 9 40 69 -65 -10 117 50 -39 15 -39 -20 
-87 -22 -19 -68 -66 14 -109 27 -44 11 -41 -82 -79 94 -24 -33 
 116 -11 50 -45 -41 15 44 85 -54 -14 106 51 -34 14 -40 -18 
-94 -26 -18 -69 -63 14 -102 33 -44 15 -37 -79 -81 96 -16 -33 
 119 -28 45 -47 -38 14 41 86 -50 -18 110 50 -30 12 -44 -11 
-89 -32 -23 -70 -69 11 -104 34 -33 19 -28 -80 -86 94 -16 -31 
 112 -17 46 -40 -31 18 33 89 -55 -19 115 56 -42 23 -31 -2 
-84 -33 -27 -74 -69 12 -106 26 -23 24 -33 -75 -78 94 -8 -29 
 105 -11 41 -54 -37 9 14 91 -51 -24 116 60 -45 32 -39 6 
-79 -35 -25 -72 -69 24 -103 29 -21 32 -33 -84 -73 91 -6 -30 
 108 -4 42 -48 -37 13 15 110 -46 -24 116 60 -42 35 -42 -5 
-71 -39 -18 -73 -66 22 -107 27 -7 27 -41 -82 -71 94 0 -34 
 120 -2 42 -52 -36 3 13 111 -39 -19 121 58 -45 30 -42 0 
-80 -43 -21 -76 -64 27 -110 33 -16 26 -41 -83 -71 88 0 -35 
 131 2 43 -57 -40 5 7 112 -31 -21 121 58 -44 28 -51 4 
-79 -55 -21 -76 -63 27 -110 26 -9 20 -42 -91 -82 83 3 -39 
 118 -1 40 -47 -40 5 4 119 -28 -9 117 51 -40 34 -59 6 
-84 -65 -24 -69 -60 28 -106 29 -13 18 -41 -102 -86 92 -6 -40 
 115 8 37 -45 -23 9 4 126 -24 -9 108 47 -42 33 -71 1 
-88 -67 -18 -66 -57 23 -109 24 -13 21 -42 -95 -76 83 -13 -36 
 110 12 36 -31 -21 16 12 127 -24 -6 105 30 -41 32 -67 11 
-89 -67 -18 -67 -61 24 -110 32 -5 8 -42 -99 -71 87 -11 -41 
 115 22 40 -31 -11 26 14 128 -24 -8 108 34 -33 38 -71 14 
-91 -64 -10 -69 -66 15 -115 33 -9 -4 -39 -106 -66 95 -16 -36 
 118 18 33 -25 -22 21 21 128 -26 -4 105 32 -31 39 -71 15 
-88 -70 -13 -63 -81 17 -101 37 -6 -9 -39 -112 -64 100 -14 -36 
 107 14 36 -24 -18 17 18 125 -33 -4 107 32 -20 41 -72 18 
-79 -71 -16 -73 -90 11 -105 46 -9 1 -38 -111 -62 95 -6 -35 
 110 15 44 -24 -16 10 20 132 -38 4 113 32 -24 42 -73 22 
-77 -66 -17 -85 -88 14 -105 54 -8 4 -30 -101 -59 100 -13 -31 
 111 15 46 -22 -20 9 27 138 -32 -4 114 38 -31 42 -75 35 
-75 -54 -14 -81 -85 11 -103 51 -11 1 -24 -92 -57 93 -20 -23 
 110 18 55 -29 -35 6 20 135 -27 -10 105 35 -32 34 -80 30 
-73 -69 -8 -89 -92 22 -109 40 -26 -2 -27 -94 -60 98 -32 -16 
 110 26 56 -10 -27 5 15 133 -27 -19 108 28 -39 43 -85 27 
-75 -73 -16 -101 -92 17 -111 37 -23 -6 -32 -91 -66 100 -34 -15 
 122 29 59 -8 -29 -6 11 133 -29 -22 106 28 -32 43 -87 30 
-63 -71 -30 -106 -86 20 -106 37 -13 -23 -36 -70 -56 93 -37 -24 
 118 43 63 -2 -23 -1 16 140 -26 -18 99 30 -22 57 -85 21 
-72 -77 -33 -99 -85 24 -98 47 -6 -25 -34 -67 -49 91 -43 -34 
 116 47 68 -6 -15 -7 18 142 -22 -19 93 26 -34 62 -90 23 
-80 -75 -28 -95 -84 26 -93 61 -11 -20 -30 -62 -47 104 -43 -30 
 122 50 68 -2 -17 -8 16 138 -31 -15 107 26 -45 54 -84 21 
-75 -71 -27 -90 -88 21 -96 68 -9 -29 -36 -64 -39 100 -40 -17 
 130 48 63 -8 -27 -10 19 124 -25 -10 114 31 -53 58 -98 23 
-78 -62 -27 -93 -85 16 -97 64 -14 -26 -40 -69 -41 101 -32 -13 
 142 52 54 -15 -25 -16 17 130 -26 -2 125 35 -57 66 -103 19 
-87 -63 -25 -95 -93 8 -93 55 -7 -26 -33 -68 -39 101 -34 -15 
 143 64 62 -11 -28 -9 3 138 -36 -2 125 42 -53 66 -105 21 
-88 -54 -27 -89 -98 2 -91 64 -2 -22 -37 -56 -39 91 -36 -19 
 144 56 69 -14 -13 -21 -2 141 -34 13 123 36 -60 71 -89 26 
-81 -46 -30 -87 -108 0 -81 67 -12 -29 -39 -57 -33 91 -33 -20 
 139 58 73 -9 -12 -22 -3 139 -28 2 111 41 -72 75 -86 28 
-80 -56 -33 -82 -109 5 -83 66 -11 -20 -29 -55 -33 102 -37 -21 
 135 53 65 -9 -14 -12 -3 148 -29 -3 115 44 -71 82 -83 34 
-73 -55 -30 -75 -107 5 -75 71 -11 -18 -29 -53 -39 98 -31 -18 
 136 56 58 -8 -10 -7 -5 146 -25 2 114 42 -70 72 -82 39 
-67 -49 -29 -66 -107 3 -73 68 -13 -21 -30 -47 -34 101 -34 -21 
 137 61 55 -2 -2 -3 -5 155 -15 2 110 39 -64 66 -77 40 
-71 -55 -48 -64 -109 3 -70 64 -22 -20 -36 -49 -33 102 -33 -10 
 136 61 62 -9 7 7 -9 157 -3 -6 113 39 -71 68 -63 37 
-71 -48 -43 -67 -106 2 -76 62 -25 -9 -29 -52 -33 94 -34 -8 
 146 62 58 -1 -2 14 -7 145 -3 -20 106 27 -62 69 -58 30 
-73 -44 -41 -62 -107 4 -78 59 -25 -3 -21 -49 -31 95 -33 -5 
 145 60 57 -5 4 13 -5 144 -6 -28 109 26 -66 60 -59 33 
-79 -42 -36 -71 -122 -2 -73 65 -26 -8 -12 -45 -39 96 -29 -9 
 144 57 53 3 -8 16 -1 150 -15 -18 111 38 -69 60 -61 26 
-80 -39 -36 -76 -118 -3 -76 56 -34 -13 -16 -35 -51 90 -27 -11 
 143 67 52 4 1 -2 13 153 -12 -15 109 36 -70 59 -54 14 
-86 -36 -34 -79 -118 -7 -80 56 -21 -19 -15 -31 -53 89 -26 -6 
 145 68 54 10 2 5 15 149 -10 -13 108 42 -75 61 -57 16 
-77 -33 -25 -76 -112 1 -76 47 -23 -26 -20 -19 -49 84 -24 -6 
 138 69 53 24 11 3 16 155 -13 -18 97 29 -83 59 -60 18 
-76 -33 -10 -73 -104 -7 -74 50 -22 -26 -20 -24 -49 75 -24 2 
 145 76 53 24 20 14 17 147 -15 -21 98 25 -86 63 -54 16 
-78 -35 -6 -64 -104 1 -70 44 -16 -15 -26 -21 -48 93 -29 1 
 143 70 65 31 20 17 15 131 -17 -20 89 19 -85 58 -56 8 
-73 -38 -6 -49 -104 8 -68 41 -11 -13 -25 -19 -43 94 -32 6 
 145 53 65 26 26 20 8 142 -20 -23 99 10 -82 58 -53 15 
-77 -34 -10 -52 -112 11 -67 50 -16 -5 -22 -12 -38 91 -37 4 
 144 66 66 23 20 26 2 137 -21 -25 95 10 -92 55 -53 21 
-70 -29 -9 -46 -116 12 -75 53 -2 -11 -17 -20 -37 89 -39 5 
 148 66 63 26 24 19 2 143 -28 -34 93 6 -79 60 -49 16 
-83 -29 -2 -40 -117 10 -78 59 -6 -9 -15 -16 -39 87 -38 -6 
 128 60 60 28 19 21 -1 141 -22 -25 94 6 -85 65 -44 28 
-87 -27 1 -45 -115 5 -73 66 -10 -19 -30 -16 -41 85 -46 -5 
 140 67 66 29 21 27 -5 143 -19 -10 83 7 -85 62 -38 27 
-86 -26 4 -47 -115 7 -75 63 -9 -21 -26 -17 -40 84 -33 -11 
 138 69 73 27 31 28 -10 137 -25 -7 82 8 -93 65 -29 32 
-81 -23 -7 -39 -115 6 -81 59 -9 -33 -29 -28 -39 93 -28 -16 
 150 70 74 15 23 24 -3 136 -24 -4 75 2 -93 80 -24 33 
-79 -27 -11 -35 -113 4 -78 53 -10 -36 -29 -35 -45 85 -26 -23 
 150 76 77 15 36 25 -13 141 -25 -7 75 3 -89 82 -27 36 
-69 -18 -6 -35 -114 -4 -88 53 -9 -34 -33 -39 -49 90 -29 -39 
 143 76 78 30 42 30 -5 142 -25 -8 76 10 -94 75 -15 40 
-69 -31 -13 -35 -113 -6 -93 43 -6 -33 -21 -39 -59 84 -32 -34 
 135 93 85 30 36 28 -11 139 -23 -8 84 10 -98 68 -12 38 
-70 -28 -8 -37 -113 -11 -88 38 -4 -41 -23 -36 -61 97 -39 -49 
 149 95 88 22 38 28 -4 150 -17 0 89 15 -94 68 -14 46 
-76 -38 -16 -37 -105 -6 -96 38 -7 -53 -29 -35 -68 104 -43 -45 
 139 85 93 14 32 29 4 158 -16 15 75 14 -92 74 -7 42 
-73 -35 -22 -31 -99 1 -92 35 -8 -46 -39 -31 -71 108 -38 -36 
 145 91 92 16 31 29 0 152 -7 18 81 18 -95 64 -20 33 
-78 -32 -24 -31 -106 7 -78 41 -16 -65 -36 -28 -73 107 -42 -37 
 147 87 88 8 29 25 -6 147 -28 19 82 26 -101 61 -32 34 
-79 -24 -29 -47 -102 8 -82 36 -13 -68 -28 -18 -74 111 -43 -40 
 150 87 78 8 32 30 -4 160 -35 17 78 28 -99 49 -42 36 
-86 -22 -31 -51 -94 2 -80 45 -10 -84 -24 -18 -69 101 -39 -28 
 149 83 81 -1 39 27 2 150 -32 17 80 30 -113 53 -34 28 
-82 -11 -37 -63 -106 0 -70 43 -14 -80 -33 -26 -68 90 -48 -25 
 149 83 86 -3 44 27 9 159 -27 26 81 27 -116 57 -32 39 
-84 -11 -30 -65 -99 -9 -73 47 -10 -69 -21 -27 -65 86 -49 -25 
 153 84 90 6 50 23 9 156 -29 18 90 22 -118 69 -35 35 
-83 -18 -27 -65 -97 -3 -72 47 -11 -67 -26 -23 -69 81 -44 -22 
 158 84 85 14 60 19 13 163 -25 19 89 33 -114 70 -40 35 
-84 -28 -41 -49 -98 0 -73 41 -3 -69 -30 -20 -74 83 -41 -28 
 160 88 78 15 69 26 16 166 -22 14 91 37 -112 69 -41 45 
-76 -21 -49 -34 -103 6 -77 28 -2 -62 -38 -8 -76 84 -25 -32 
 153 84 72 17 69 15 23 163 -22 12 90 58 -117 68 -47 48 
-75 -20 -52 -35 -103 17 -82 25 -3 -59 -28 -11 -64 87 -31 -41 
 155 86 70 23 80 16 12 158 -27 9 87 59 -120 65 -47 41 
-78 -17 -56 -28 -99 16 -79 21 -1 -53 -37 -5 -54 87 -41 -42 
 157 83 73 14 76 31 14 147 -33 5 100 64 -120 74 -44 27 
-77 -19 -58 -28 -93 18 -89 34 -3 -48 -39 5 -45 84 -56 -34 
 161 92 72 4 69 27 -2 140 -33 -1 95 56 -118 70 -47 31 
-74 -28 -53 -23 -83 12 -92 24 -2 -59 -41 6 -53 72 -54 -43 
 159 90 69 -11 66 26 0 137 -28 9 102 64 -126 83 -55 31 
-67 -34 -50 -19 -88 13 -98 27 -2 -68 -36 -4 -49 77 -50 -43 
 160 88 64 -10 72 17 -1 125 -24 19 103 60 -125 82 -69 32 
-68 -26 -46 -21 -81 14 -99 39 -15 -82 -35 -8 -57 71 -59 -38 
 155 89 45 -9 66 24 7 134 -17 12 113 48 -136 88 -59 36 
-78 -28 -37 -19 -95 16 -107 41 -8 -93 -27 -8 -56 75 -65 -46 
 160 93 45 -10 64 18 4 126 -16 9 125 52 -138 77 -48 29 
-75 -28 -49 -16 -102 11 -102 40 -13 -87 -29 -6 -59 77 -68 -44 
 150 99 50 -11 67 24 -8 137 -15 14 126 58 -142 83 -49 24 
-79 -35 -55 3 -105 15 -104 39 -17 -78 -28 -4 -60 72 -73 -49 
 147 88 50 -10 67 25 -15 137 -15 2 130 46 -139 88 -42 22 
-80 -36 -55 9 -99 17 -104 49 -6 -85 -33 -6 -66 69 -69 -45 
 150 77 50 -11 67 30 -8 147 -22 5 129 48 -131 94 -45 29 
-79 -35 -60 10 -106 18 -98 49 -16 -82 -33 -2 -62 71 -56 -50 
 151 79 51 -8 64 23 -6 158 -21 -3 116 54 -129 95 -47 16 
-77 -40 -58 7 -101 12 -110 45 -9 -84 -32 -7 -64 61 -69 -46 
 158 86 62 -4 67 12 -1 156 -37 -4 117 56 -125 86 -54 22 
-73 -39 -59 -2 -104 13 -114 38 -16 -89 -42 -3 -48 50 -67 -51 
 165 81 57 -7 64 7 2 154 -36 6 111 58 -131 77 -52 25 
-71 -46 -61 6 -101 30 -113 37 -15 -86 -48 -6 -52 45 -61 -48 
 160 74 54 -11 72 6 5 158 -31 9 107 58 -140 84 -49 32 
-73 -42 -65 3 -97 27 -107 42 -10 -79 -58 -1 -44 51 -59 -46 
 165 65 56 -5 68 -7 -2 160 -33 12 101 57 -126 77 -45 29 
-77 -40 -77 11 -107 26 -99 43 -9 -76 -55 -4 -55 53 -61 -41 
 160 58 58 -4 66 -20 -14 156 -34 5 92 60 -137 79 -44 21 
-79 -22 -73 15 -112 20 -101 35 -14 -84 -59 -1 -42 62 -66 -47 
 164 58 65 5 65 -8 -13 163 -43 -5 86 60 -133 87 -56 17 
-73 -22 -69 10 -108 11 -94 40 -19 -84 -59 8 -33 60 -54 -56 
 160 52 66 23 73 -5 -22 149 -42 5 90 60 -135 88 -61 19 
-79 -23 -76 3 -113 15 -92 41 -9 -90 -51 14 -42 57 -47 -55 
 155 49 71 31 76 -8 -33 138 -34 0 94 54 -136 78 -57 22 
-82 -20 -84 2 -113 8 -91 47 -9 -77 -50 21 -46 68 -56 -58 
 152 51 84 38 79 2 -38 136 -34 -8 97 55 -135 79 -57 13 
-86 -19 -79 -3 -111 14 -97 52 -16 -80 -63 24 -46 68 -60 -53 
 153 50 87 38 67 8 -41 134 -32 -5 106 55 -142 78 -51 25 
-83 -19 -77 -9 -114 -4 -101 47 -15 -75 -64 15 -54 69 -51 -59 
 147 50 93 41 66 9 -60 131 -37 -7 108 42 -139 82 -61 33 
-80 -25 -79 1 -115 -2 -106 39 -16 -73 -60 11 -48 56 -49 -59 
 136 61 93 37 70 11 -62 126 -50 -4 107 36 -137 84 -60 30 
-79 -29 -75 -3 -120 -2 -98 37 -22 -68 -54 15 -50 57 -46 -57 
 129 51 96 36 69 13 -70 129 -48 -12 103 30 -118 78 -62 39 
-82 -22 -68 -6 -119 10 -95 31 -13 -67 -56 17 -51 64 -47 -55 
 123 57 88 29 67 13 -70 126 -42 -10 113 32 -110 69 -53 27 
-87 -17 -69 8 -121 8 -100 32 -13 -73 -70 18 -50 74 -40 -51 
 119 51 95 37 70 15 -65 128 -49 -15 121 27 -113 76 -56 31 
-89 -15 -73 2 -122 8 -103 27 -20 -76 -61 19 -43 69 -36 -55 
 115 50 89 35 70 24 -75 127 -51 -27 125 19 -108 67 -49 33 
-89 -20 -78 7 -128 5 -86 27 -24 -81 -54 12 -48 64 -26 -66 
 124 51 92 36 69 15 -73 133 -53 -30 131 34 -104 73 -51 37 
-95 -20 -81 6 -132 19 -83 30 -23 -79 -61 7 -55 61 -12 -71 
 130 49 86 45 79 11 -74 127 -62 -33 125 38 -104 79 -45 37 
-92 -34 -77 -1 -144 21 -82 34 -23 -80 -53 13 -64 70 -7 -75 
 134 64 83 47 77 17 -71 131 -62 -30 123 37 -100 79 -47 30 
-87 -33 -81 4 -136 22 -79 33 -17 -81 -55 7 -49 68 -9 -76 
 145 68 88 43 62 10 -53 136 -72 -33 121 43 -94 75 -45 33 
-89 -39 -77 -6 -142 15 -79 29 -16 -84 -48 17 -51 67 -12 -78 
 165 60 91 38 56 1 -71 129 -65 -28 128 39 -94 78 -43 31 
-96 -38 -82 -15 -145 18 -85 29 -13 -90 -46 6 -50 71 -8 -84 
 169 58 99 40 54 4 -88 116 -64 -13 132 44 -90 87 -34 29 
-100 -35 -71 -9 -143 32 -82 27 -13 -80 -26 6 -43 74 -13 -86 
 164 63 102 35 56 -4 -88 110 -72 -26 138 38 -82 87 -31 29 
-95 -38 -83 -9 -141 27 -82 24 -13 -83 -19 4 -44 81 -14 -82 
 170 62 104 23 56 -5 -87 113 -63 -35 134 46 -79 70 -40 21 
-98 -39 -84 -2 -135 33 -77 32 -9 -86 -22 0 -45 84 -20 -84 
 166 63 88 15 56 -1 -87 109 -65 -42 138 34 -84 62 -43 9 
-97 -35 -81 -6 -130 40 -81 38 -18 -100 -19 -4 -42 89 -21 -84 
 172 70 84 8 69 -2 -91 110 -60 -34 140 43 -78 51 -48 19 
-83 -36 -72 -12 -133 47 -88 51 -17 -94 -16 8 -49 94 -28 -87 
 178 73 80 1 64 -4 -92 115 -69 -23 138 43 -80 54 -50 17 
-88 -42 -70 -6 -126 49 -89 54 -19 -95 -16 3 -38 97 -21 -102 
 168 69 73 3 60 -15 -94 122 -69 -20 138 39 -86 51 -50 23 
-90 -44 -53 -8 -109 41 -90 62 4 -104 -13 7 -35 92 -11 -100 
 172 69 60 13 66 -16 -95 110 -68 -13 143 48 -79 48 -59 10 
-97 -53 -62 -17 -109 37 -81 54 3 -104 -7 11 -46 84 -4 -96 
 167 72 52 14 68 -24 -92 117 -79 -12 142 46 -76 53 -67 12 
-102 -54 -54 -26 -104 41 -84 47 7 -112 -9 11 -58 90 -2 -82 
 165 75 47 16 74 -30 -97 129 -75 -15 135 47 -86 46 -68 11 
-98 -52 -68 -33 -101 45 -84 61 13 -109 -6 15 -55 87 -15 -84 
 175 75 39 14 80 -36 -120 130 -80 -20 138 46 -90 45 -59 13 
-97 -62 -66 -23 -96 45 -83 55 10 -91 -6 17 -59 71 -12 -75 
 167 66 32 17 81 -36 -119 122 -79 -22 138 45 -79 55 -64 17 
-88 -66 -66 -24 -95 38 -69 56 5 -81 -13 21 -58 79 -33 -79 
 168 69 32 15 84 -36 -114 126 -79 -13 136 50 -79 61 -55 27 
-85 -66 -50 -16 -76 35 -67 47 2 -76 -11 19 -53 83 -39 -84 
 172 69 26 7 97 -32 -108 133 -82 -7 142 54 -75 78 -54 30 
-86 -74 -53 -13 -69 42 -65 55 -6 -76 -3 19 -53 79 -46 -74 
 170 76 26 -2 95 -36 -109 136 -82 -8 142 50 -71 78 -58 35 
-92 -76 -55 -27 -81 32 -57 57 -10 -78 -6 11 -44 84 -43 -70 
 159 82 26 -5 99 -34 -115 141 -74 0 147 41 -87 67 -60 37 
-91 -68 -53 -28 -83 33 -62 49 -20 -100 -6 10 -53 85 -34 -68 
 164 76 25 4 107 -38 -108 145 -78 7 135 39 -93 70 -67 31 
-88 -75 -55 -32 -88 42 -64 47 -16 -99 -12 17 -55 80 -29 -67 
 154 74 30 8 108 -38 -104 149 -80 10 136 38 -96 61 -73 25 
-88 -78 -58 -47 -90 48 -66 51 -22 -106 -11 11 -47 66 -33 -65 
 154 72 15 7 115 -34 -111 158 -81 5 116 41 -101 62 -71 20 
-92 -85 -58 -48 -82 53 -53 44 -24 -106 -12 22 -39 51 -31 -68 
 162 58 7 11 115 -25 -110 156 -91 9 119 53 -98 76 -74 8 
-96 -79 -53 -50 -85 57 -52 46 -29 -100 -25 19 -45 53 -33 -72 
 157 66 1 20 129 -22 -116 163 -94 2 115 58 -100 72 -61 12 
-97 -84 -47 -47 -73 45 -44 41 -29 -104 -34 17 -56 52 -29 -69 
 153 72 -3 13 136 -27 -119 167 -97 -2 114 58 -99 68 -54 21 
-96 -84 -48 -45 -69 41 -44 41 -29 -117 -30 18 -46 55 -32 -60 
 153 61 -4 23 142 -30 -118 167 -94 -11 122 62 -100 65 -54 23 
-93 -88 -56 -54 -72 46 -40 43 -17 -114 -39 18 -51 55 -31 -52 
 156 63 0 20 156 -35 -108 163 -94 -23 126 72 -94 62 -51 29 
-92 -80 -55 -63 -76 50 -44 47 -14 -118 -42 14 -56 45 -26 -56 
 155 71 -10 11 155 -24 -114 158 -102 -23 123 78 -92 54 -51 13 
-91 -82 -49 -61 -73 52 -40 45 -23 -133 -50 18 -59 47 -32 -50 
 141 69 -18 17 165 -19 -112 166 -108 -19 113 75 -94 56 -58 19 
-91 -84 -46 -67 -75 58 -39 33 -13 -136 -41 14 -50 44 -34 -53 
 140 60 -24 17 167 -15 -109 173 -100 -17 116 67 -99 53 -48 16 
-89 -78 -47 -52 -73 54 -32 27 -8 -128 -42 13 -59 41 -26 -53 
 132 68 -29 18 165 -19 -107 169 -104 -27 112 68 -93 56 -28 22 
-91 -79 -48 -55 -71 58 -37 38 -5 -129 -40 14 -68 33 -13 -58 
 136 67 -20 15 163 -13 -104 171 -108 -21 113 72 -96 71 -21 29 
-96 -79 -47 -49 -84 63 -24 45 9 -132 -36 21 -77 37 -14 -62 
 144 67 -18 15 170 4 -104 170 -107 -22 113 70 -103 71 -14 32 
-98 -82 -46 -50 -92 61 -26 45 -4 -126 -35 25 -79 40 -16 -68 
 159 78 -5 21 170 9 -114 170 -115 -26 119 72 -108 73 -14 32 
-107 -82 -41 -43 -89 57 -20 50 2 -119 -39 24 -66 38 -19 -60 
 151 73 9 18 175 4 -111 160 -118 -30 121 73 -112 75 -14 33 
-113 -88 -30 -45 -99 62 -12 60 5 -124 -26 14 -70 49 -13 -65 
 153 68 8 12 170 -2 -105 168 -116 -34 133 77 -120 84 -15 34 
-98 -93 -21 -40 -102 57 -19 60 -5 -116 -33 12 -75 57 -22 -60 
 160 65 17 16 172 -20 -107 167 -125 -38 135 81 -124 87 -13 33 
-96 -89 -23 -38 -116 64 -18 75 -12 -112 -34 6 -85 61 -19 -53 
 165 65 3 31 174 -27 -115 168 -124 -34 132 86 -122 84 -10 36 
-104 -88 -32 -37 -119 61 -11 74 -6 -112 -30 7 -84 52 -21 -54 
 146 64 0 25 170 -34 -109 165 -127 -33 139 81 -115 81 -17 36 
-106 -82 -33 -28 -118 72 -3 75 0 -110 -27 -3 -85 44 -20 -55 
 143 69 -2 24 178 -32 -119 174 -127 -45 152 83 -112 82 -2 43 
-108 -79 -26 -26 -125 53 -4 69 -5 -94 -30 -11 -85 34 -15 -52 
 148 65 -2 28 178 -24 -115 167 -129 -33 152 83 -115 82 2 40 
-108 -85 -20 -26 -131 46 -5 71 -5 -95 -37 -9 -83 38 -17 -56 
 148 59 -7 29 178 -17 -111 175 -129 -37 151 86 -121 72 7 34 
-111 -77 -15 -26 -130 36 4 67 3 -92 -39 6 -83 42 -6 -56 
 152 56 -1 36 171 -18 -101 176 -136 -34 159 88 -122 62 19 35 
-111 -86 -13 -30 -120 41 8 57 -2 -95 -37 6 -77 42 -2 -50 
 154 58 3 40 180 -14 -98 177 -128 -25 159 72 -126 56 17 37 
-106 -80 -14 -35 -121 49 12 57 0 -102 -42 10 -86 41 -6 -46 
 148 62 2 52 179 -30 -92 186 -134 -35 153 68 -122 70 9 36 
-114 -86 -9 -33 -134 46 15 57 -7 -106 -36 11 -95 37 -19 -48 
 139 58 6 56 184 -29 -91 190 -129 -37 151 74 -110 59 7 41 
-115 -88 -13 -48 -144 42 11 67 -19 -105 -25 17 -95 29 -19 -62 
 134 53 5 51 182 -25 -90 184 -128 -37 148 81 -110 51 6 42 
-126 -79 -14 -45 -142 37 19 53 -21 -103 -27 11 -91 30 -26 -66 
 130 47 -5 60 186 -26 -85 165 -134 -42 147 84 -112 53 9 45 
-129 -90 -15 -46 -142 32 18 36 -18 -95 -32 10 -95 22 -33 -68 
 132 43 -2 58 172 -23 -87 180 -139 -34 141 86 -110 55 15 31 
-120 -92 -17 -46 -140 20 26 47 -13 -89 -30 0 -94 13 -31 -71 
 131 41 0 56 170 -15 -88 180 -135 -30 133 93 -115 60 7 38 
-127 -100 -7 -42 -137 17 36 46 -19 -86 -27 -4 -95 7 -30 -63 
 137 42 3 56 176 -8 -87 176 -137 -22 125 100 -100 56 5 25 
-125 -89 -3 -41 -139 26 34 50 -29 -90 -39 -6 -80 6 -30 -46 
 133 43 1 40 174 -8 -82 177 -134 -25 126 100 -101 62 -2 29 
-129 -84 -3 -33 -148 24 40 54 -26 -105 -37 -12 -83 12 -33 -42 
 123 42 -2 36 168 -5 -76 176 -134 -30 123 103 -94 50 -3 32 
-136 -94 -2 -42 -161 17 31 51 -29 -112 -26 -15 -88 14 -29 -47 
 130 38 -1 40 164 -1 -65 183 -136 -15 129 125 -92 58 6 23 
-137 -79 -7 -46 -176 21 27 51 -35 -103 -21 -29 -83 17 -29 -45 
 135 35 -5 42 160 -6 -84 174 -126 -12 126 122 -95 58 4 9 
-144 -74 -10 -46 -176 25 31 49 -27 -108 -17 -23 -83 28 -28 -39 
 138 35 4 38 168 -10 -85 177 -111 -11 121 116 -97 59 -1 18 
-140 -75 -11 -50 -171 34 29 62 -22 -112 -13 -20 -82 31 -28 -38 
 142 40 0 40 171 -10 -84 179 -101 -9 125 120 -97 69 -2 11 
-153 -79 -6 -65 -170 33 36 59 -24 -96 -20 -25 -89 31 -20 -33 
 145 61 -6 44 167 5 -100 181 -105 -2 129 127 -94 63 -12 9 
-163 -87 5 -73 -176 30 35 59 -21 -86 -13 -35 -96 34 -19 -30 
 141 62 -13 36 173 5 -102 170 -99 -2 134 130 -101 62 -14 16 
-163 -84 1 -82 -186 40 33 54 -24 -83 -10 -26 -109 24 -15 -28 
 138 67 -10 32 178 8 -104 169 -85 5 138 136 -105 58 -10 20 
-161 -87 6 -84 -182 53 35 48 -11 -75 -6 -23 -109 21 -11 -23 
 148 67 -3 30 191 4 -97 162 -88 11 149 151 -105 54 -7 22 
-167 -84 11 -97 -195 52 26 48 -2 -79 -7 -28 -115 10 -13 -26 
 153 60 -5 34 194 10 -97 157 -89 6 142 147 -96 55 3 24 
-173 -73 3 -98 -194 51 16 59 -5 -81 -8 -34 -110 6 -12 -23 
 151 76 -13 27 195 4 -95 157 -87 4 141 140 -91 47 10 19 
-168 -68 -6 -98 -197 55 21 66 0 -84 -9 -45 -102 8 -11 -23 
 158 83 -11 33 196 -1 -90 155 -85 0 146 133 -88 54 11 22 
-160 -76 -19 -86 -201 57 21 71 -14 -72 -12 -38 -90 1 -7 -14 
 165 73 -14 36 194 -8 -91 155 -86 -5 145 137 -91 60 7 23 
-162 -76 -26 -95 -206 52 15 74 -12 -71 -18 -45 -99 -9 -15 -14 
 167 73 -13 30 210 -12 -99 159 -95 -10 142 154 -94 66 9 12 
-161 -91 -22 -99 -213 54 13 82 -8 -62 -11 -36 -96 -9 -11 -10 
 165 74 -1 35 211 -18 -96 167 -92 -14 153 151 -84 66 15 10 
-159 -78 -30 -101 -210 60 18 74 -15 -59 -8 -41 -90 -21 -24 -7 
 167 66 1 31 210 -20 -94 178 -91 -9 150 154 -93 67 21 17 
-164 -73 -14 -100 -211 72 15 72 -21 -57 -3 -35 -87 -22 -24 -10 
 164 69 9 31 209 -12 -95 179 -83 -9 153 162 -95 66 22 15 
-164 -62 -14 -102 -204 74 14 67 -15 -59 -7 -36 -79 -21 -23 2 
 160 71 5 35 202 -16 -89 176 -90 0 161 170 -93 71 18 12 
-170 -64 -20 -87 -204 67 9 65 -16 -55 -3 -38 -79 -15 -26 -3 
 151 64 5 42 193 -15 -79 178 -87 -7 165 170 -94 75 16 15 
-174 -77 -14 -87 -202 64 5 70 -18 -49 -4 -34 -83 -13 -29 7 
 148 55 3 41 198 -12 -78 174 -88 2 163 167 -90 76 26 15 
-173 -69 -12 -89 -190 61 15 67 -23 -56 -15 -33 -87 -20 -33 18 
 155 54 0 38 204 -17 -73 172 -76 -4 160 164 -85 75 29 6 
-182 -69 -8 -82 -192 63 18 66 -12 -53 0 -30 -86 -14 -33 44 
 146 50 -4 35 209 -10 -82 166 -74 3 175 170 -85 81 18 8 
-183 -62 -7 -80 -199 63 21 66 0 -36 -11 -36 -87 0 -33 44 
 145 54 5 37 206 0 -83 170 -73 8 181 170 -92 84 17 13 
-188 -59 -10 -85 -196 67 17 67 9 -39 -13 -42 -82 2 -23 34 
 140 50 19 40 213 -1 -82 167 -67 0 176 169 -98 88 19 9 
-183 -57 -8 -81 -201 64 16 84 5 -38 -9 -39 -84 -7 -20 34 
 148 55 29 41 204 -7 -85 159 -69 5 186 174 -99 99 23 0 
-179 -56 -13 -81 -202 60 17 91 6 -33 -8 -34 -93 -13 -23 34 
 152 53 28 35 202 -8 -86 155 -80 15 188 182 -84 104 29 -1 
-181 -57 -6 -94 -201 53 19 94 3 -42 -15 -26 -93 -8 -26 31 
 153 50 29 33 212 -4 -80 159 -84 12 190 183 -82 108 35 6 
-173 -51 -1 -93 -205 54 22 92 6 -47 -11 -21 -99 -6 -30 47 
 162 49 30 29 214 -2 -75 152 -89 7 195 184 -90 112 32 -2 
-163 -57 -5 -89 -195 58 28 96 16 -39 -11 -19 -102 -3 -31 49 
 178 48 34 21 219 0 -83 154 -80 6 192 192 -88 113 29 -5 
-165 -53 -1 -88 -185 50 25 91 15 -33 -7 -12 -97 -4 -26 53 
 183 36 30 28 221 -12 -77 155 -81 1 184 179 -83 109 36 -3 
-164 -59 -9 -101 -190 62 31 99 19 -23 -17 -14 -104 -1 -17 49 
 189 32 18 25 223 -13 -65 159 -74 2 199 179 -83 115 32 -16 
-162 -55 -3 -104 -197 67 24 107 19 -21 -19 -6 -102 -2 -8 41 
 187 31 18 25 216 -28 -66 164 -78 14 207 177 -81 112 35 -16 
-159 -57 3 -112 -193 66 28 110 17 -17 -13 -9 -103 -3 2 45 
 188 33 14 29 204 -35 -60 167 -78 11 205 175 -82 109 32 -13 
-156 -61 4 -115 -187 58 35 98 18 -17 -18 -1 -99 -8 0 33 
 182 33 13 30 200 -30 -58 162 -73 10 200 179 -70 109 22 -9 
-150 -54 -1 -115 -182 61 34 90 21 -23 -22 -3 -106 -3 -1 32 
 179 39 12 30 202 -37 -63 161 -70 18 184 191 -71 104 13 -12 
-149 -63 5 -102 -166 60 26 80 16 -33 -16 5 -105 5 9 35 
 181 43 10 22 203 -36 -65 162 -63 16 168 196 -64 99 13 -20 
-148 -73 6 -107 -168 65 14 82 15 -36 -18 -5 -95 11 9 33 
 185 45 12 14 210 -42 -62 159 -68 16 172 204 -70 99 15 -21 
-154 -81 4 -106 -163 59 7 77 18 -37 -22 -11 -92 12 2 38 
 191 50 7 15 212 -37 -57 158 -66 19 167 205 -80 88 14 -32 
-150 -84 1 -112 -157 66 14 67 20 -24 -13 -19 -100 16 5 31 
 198 47 10 20 207 -26 -58 165 -70 25 166 207 -67 94 0 -34 
-143 -79 7 -118 -157 67 8 66 18 -15 -15 -14 -106 21 -5 36 
 195 46 25 12 209 -31 -50 162 -68 29 164 209 -67 88 5 -30 
-148 -80 3 -125 -153 69 -2 62 21 -7 -9 -18 -99 20 -13 44 
 188 51 24 2 205 -26 -42 176 -75 30 165 211 -62 85 10 -26 
-142 -83 11 -137 -157 66 3 51 13 -19 -7 -10 -103 8 -6 47 
 179 48 20 -1 205 -25 -45 186 -72 26 165 212 -69 96 10 -23 
-144 -92 5 -137 -153 61 14 57 12 -30 -9 -9 -110 14 -15 48 
 180 55 30 -3 205 -26 -51 185 -72 16 178 212 -65 91 11 -21 
-143 -99 1 -137 -169 54 10 70 23 -30 -16 -9 -104 17 -11 54 
 183 50 31 6 190 -26 -53 178 -71 24 171 205 -60 98 6 -22 
-138 -98 3 -141 -179 65 5 76 32 -33 -16 -2 -100 12 -10 57 
 194 44 31 18 186 -13 -57 180 -79 16 177 199 -60 103 -12 -22 
-147 -105 5 -142 -179 65 25 79 35 -16 -17 -8 -96 10 -13 59 
 192 44 27 17 186 -10 -62 188 -86 19 168 202 -67 105 -15 -28 
-142 -107 11 -146 -174 61 29 79 32 -20 -23 -11 -96 7 -5 61 
 201 48 24 9 186 -17 -66 194 -92 24 158 213 -67 116 -7 -30 
-149 -99 20 -148 -186 65 21 84 27 -22 -19 -22 -97 10 -13 57 
 196 45 5 6 198 -27 -65 193 -92 32 167 215 -69 111 -8 -22 
-143 -99 29 -149 -187 66 25 84 19 -20 -22 -23 -95 5 -13 59 
 198 35 8 6 200 -39 -57 193 -87 29 172 212 -61 108 -11 -24 
-156 -96 23 -150 -195 71 17 88 7 -14 -20 -24 -98 -3 -6 63 
 193 50 10 7 191 -45 -62 201 -93 35 171 205 -56 103 -6 -36 
-159 -96 27 -149 -193 67 14 91 11 -18 -27 -22 -103 4 -6 70 
 184 53 5 2 189 -44 -62 208 -86 36 167 209 -54 107 -7 -37 
-154 -88 27 -156 -188 63 13 89 11 -22 -23 -26 -94 17 -9 73 
 180 51 -4 11 188 -36 -67 212 -85 51 153 219 -45 98 -13 -28 
-161 -79 25 -163 -194 80 14 84 11 -20 -34 -23 -95 14 -16 71 
 184 46 -3 1 194 -18 -72 207 -79 47 142 209 -49 102 -9 -25 
-162 -68 28 -161 -196 87 9 87 12 -27 -28 -16 -95 21 -16 67 
 188 44 -4 -5 195 -15 -62 209 -72 41 142 228 -51 94 -10 -16 
-174 -70 30 -163 -195 85 0 93 14 -26 -22 -24 -105 17 -5 70 
 190 50 -4 -13 198 -10 -69 204 -71 39 143 224 -58 98 -13 -17 
-165 -67 30 -153 -193 87 -9 92 12 -28 -25 -19 -121 30 8 76 
 189 57 -14 -30 202 -14 -77 208 -75 39 139 227 -58 97 -6 -20 
-168 -73 20 -154 -198 84 -11 99 1 -22 -21 -21 -117 19 20 74 
 188 52 -9 -41 201 -18 -76 204 -75 40 125 226 -64 94 -15 -22 
-174 -76 18 -153 -201 84 -12 87 10 -33 -21 -19 -109 26 24 85 
 194 61 2 -42 202 -17 -79 196 -75 37 113 218 -71 93 -21 -14 
-177 -79 18 -159 -197 85 -2 92 14 -30 -15 -21 -120 26 18 79 
 203 66 6 -45 199 -19 -87 190 -73 41 109 225 -68 90 -26 -17 
-175 -81 23 -173 -201 87 2 85 13 -39 -13 -26 -116 31 18 76 
 193 69 2 -55 194 -24 -91 188 -72 36 108 217 -67 91 -28 -12 
-173 -73 29 -172 -199 88 -12 89 17 -42 -24 -36 -110 39 7 71 
 185 64 0 -66 194 -27 -82 181 -83 29 106 222 -75 100 -24 -14 
-165 -72 39 -173 -193 90 -7 81 24 -41 -32 -39 -115 36 16 74 
 179 59 7 -65 192 -19 -65 177 -74 19 114 226 -79 105 -29 -22 
-175 -67 34 -179 -202 91 -18 68 27 -46 -38 -35 -115 38 6 76 
 177 57 -2 -70 200 -17 -67 178 -95 23 122 231 -75 106 -27 -20 
-173 -67 32 -180 -201 90 -19 71 35 -62 -41 -35 -118 37 3 77 
 176 59 -6 -70 189 -18 -77 183 -91 23 119 232 -69 96 -33 -22 
-176 -72 30 -175 -193 87 -8 70 36 -65 -44 -33 -117 34 5 77 
 170 58 2 -71 189 -24 -76 191 -85 28 121 225 -76 98 -38 -22 
-167 -61 33 -185 -197 91 -19 73 36 -63 -50 -40 -115 34 5 88 
 178 62 11 -51 202 -25 -70 187 -85 29 116 219 -70 88 -39 -27 
-166 -61 45 -185 -201 92 -18 78 33 -66 -54 -46 -128 41 5 94 
 178 57 12 -57 208 -32 -71 186 -85 30 121 232 -68 86 -32 -32 
-162 -60 54 -184 -203 87 -19 81 41 -58 -59 -48 -133 39 10 87 
 180 48 9 -64 194 -26 -64 189 -85 37 127 230 -63 88 -31 -31 
-155 -61 57 -175 -194 88 -22 75 53 -56 -55 -44 -133 38 7 87 
 168 46 9 -70 198 -25 -60 184 -85 32 133 233 -63 91 -31 -35 
-153 -60 52 -169 -196 82 -27 87 56 -59 -58 -43 -126 39 8 91 
 173 54 8 -68 207 -36 -67 181 -75 37 128 229 -60 71 -21 -29 
-135 -61 47 -167 -199 81 -26 97 56 -64 -53 -51 -119 45 9 84 
 187 63 5 -78 212 -33 -71 179 -75 33 127 229 -50 64 -14 -36 
-135 -69 48 -163 -201 84 -36 91 44 -59 -53 -48 -114 47 23 94 
 187 53 8 -68 212 -37 -67 186 -86 36 129 228 -49 76 -18 -37 
-131 -69 55 -172 -203 84 -40 87 45 -66 -54 -55 -105 45 21 98 
 188 55 13 -65 224 -38 -61 185 -71 31 125 230 -42 77 -13 -42 
-129 -72 56 -175 -221 87 -30 87 48 -59 -51 -64 -108 46 23 97 
 186 59 20 -66 213 -37 -68 189 -65 46 118 230 -40 76 -27 -42 
-128 -71 60 -175 -217 92 -29 91 57 -59 -65 -65 -98 38 21 90 
 176 61 18 -78 207 -32 -65 187 -62 46 123 241 -34 74 -35 -43 
-120 -68 62 -171 -206 91 -26 80 45 -59 -71 -64 -97 39 28 96 
 173 58 8 -81 207 -25 -67 183 -46 46 127 246 -27 73 -29 -49 
-116 -62 63 -172 -207 93 -35 85 50 -49 -74 -62 -88 34 21 97 
 182 58 9 -83 198 -29 -56 177 -58 46 128 233 -32 69 -34 -42 
-126 -66 71 -164 -204 84 -29 90 48 -61 -79 -68 -95 31 23 100 
 189 58 5 -83 207 -20 -45 170 -64 48 130 228 -36 73 -33 -43 
-131 -57 63 -175 -196 94 -31 80 41 -55 -76 -73 -93 26 19 104 
 191 60 7 -90 199 -22 -43 169 -54 44 113 228 -35 66 -21 -45 
-127 -44 58 -179 -191 89 -35 89 34 -63 -65 -74 -103 27 29 103 
 191 62 -3 -90 191 -19 -50 166 -51 49 114 234 -38 67 -12 -39 
-126 -43 68 -179 -195 88 -33 94 39 -64 -73 -76 -109 26 18 105 
 189 75 11 -100 186 -7 -51 165 -49 42 125 241 -41 66 -15 -46 
-123 -40 80 -189 -188 92 -23 94 41 -58 -73 -66 -107 21 15 106 
 178 77 18 -114 185 -12 -56 161 -53 40 125 238 -45 60 -12 -60 
-119 -23 87 -192 -189 101 -23 85 44 -61 -79 -66 -97 26 11 111 
 179 69 25 -111 184 -17 -65 168 -58 43 126 229 -44 51 -14 -65 
-123 -12 90 -205 -188 98 -26 79 40 -62 -79 -63 -92 27 14 114 
 183 65 26 -111 190 -8 -71 170 -57 51 126 232 -41 49 -9 -85 
-126 -7 86 -209 -193 96 -28 79 46 -59 -84 -71 -96 26 10 126 
 189 75 31 -125 185 -10 -59 161 -50 55 120 219 -40 38 -5 -86 
-126 -1 82 -214 -199 99 -29 84 43 -54 -83 -69 -89 32 4 115 
 198 67 44 -127 190 -9 -65 158 -36 55 124 230 -36 28 -7 -79 
-139 -13 78 -223 -216 105 -26 72 43 -59 -83 -74 -97 38 9 111 
 190 71 53 -119 180 -10 -71 163 -38 65 118 224 -27 32 -5 -82 
-141 -6 83 -225 -215 101 -33 67 46 -65 -88 -80 -97 38 -8 113 
 190 69 55 -107 174 -10 -76 169 -44 66 128 232 -10 32 2 -81 
-141 -5 86 -228 -217 98 -27 66 44 -55 -87 -81 -89 34 -9 123 
 190 70 52 -110 169 -2 -69 171 -48 59 128 228 -8 38 6 -80 
-148 5 91 -221 -208 94 -23 64 41 -46 -73 -86 -88 34 -13 114 
 188 66 54 -114 167 -2 -66 173 -53 54 129 231 -7 32 5 -85 
-145 -10 84 -216 -209 97 -33 57 37 -46 -83 -83 -97 50 -18 105 
 185 67 58 -118 166 -2 -77 174 -55 45 128 237 -15 26 3 -83 
-133 -8 83 -215 -211 96 -44 61 40 -45 -85 -88 -98 36 -26 111 
 197 61 60 -113 172 0 -72 171 -58 42 127 244 -19 32 13 -86 
-130 -6 74 -213 -200 92 -40 58 41 -57 -80 -90 -104 34 -24 102 
 202 58 63 -111 159 6 -68 171 -54 37 113 247 -20 42 17 -96 
-136 -4 81 -212 -209 98 -38 56 41 -61 -86 -78 -112 35 -24 93 
 198 67 67 -120 155 18 -67 158 -57 44 107 256 -19 48 16 -105 
-139 -7 68 -204 -212 103 -35 56 41 -62 -82 -79 -106 42 -29 92 
 197 69 68 -107 162 22 -76 164 -64 39 106 267 -20 58 15 -103 
-142 -8 63 -200 -216 108 -37 54 39 -59 -82 -72 -105 44 -29 92 
 205 68 70 -112 162 30 -68 164 -66 46 112 252 -15 53 15 -96 
-150 -7 66 -203 -226 107 -35 57 43 -59 -86 -81 -105 38 -28 91 
 203 59 68 -121 158 25 -66 157 -73 47 109 245 -32 52 20 -105 
-142 -5 57 -203 -233 98 -43 56 45 -66 -92 -86 -109 25 -37 90 
 199 69 67 -126 148 36 -65 160 -70 63 99 251 -34 53 19 -102 
-143 0 55 -194 -235 93 -49 52 50 -62 -89 -93 -103 27 -40 88 
 198 66 60 -130 154 43 -65 159 -70 74 93 243 -31 45 21 -91 
-145 -10 57 -188 -234 101 -53 54 45 -62 -88 -94 -104 24 -34 83 
 202 64 70 -126 145 46 -66 162 -70 66 97 254 -40 45 16 -90 
-149 -16 57 -179 -238 101 -55 55 55 -74 -81 -91 -106 5 -33 70 
 206 73 68 -129 142 35 -65 161 -70 67 93 254 -41 50 16 -93 
-153 -21 44 -179 -226 94 -48 51 53 -81 -74 -101 -102 5 -25 79 
 209 72 73 -128 140 38 -72 155 -69 54 110 258 -48 53 16 -99 
-152 -16 36 -174 -219 91 -47 47 54 -80 -71 -97 -96 7 -21 85 
 215 73 75 -118 133 46 -62 150 -63 56 106 253 -44 56 28 -103 
-147 -15 35 -199 -224 93 -59 45 56 -80 -66 -103 -95 5 -11 79 
 222 70 68 -122 136 44 -50 152 -60 52 109 238 -54 53 24 -110 
-158 -9 36 -193 -225 104 -61 42 51 -81 -70 -99 -102 11 -13 72 
 214 62 74 -123 137 49 -43 150 -65 60 102 234 -55 46 22 -116 
-162 -10 31 -193 -220 113 -67 47 47 -81 -66 -97 -92 7 -18 74 
 212 64 75 -124 136 45 -49 152 -56 62 110 229 -53 49 25 -122 
-165 -10 31 -199 -216 114 -56 40 40 -80 -58 -109 -96 1 -13 71 
 212 69 82 -122 139 52 -47 143 -62 68 114 220 -54 61 29 -122 
-168 -2 31 -185 -219 112 -55 44 37 -93 -56 -107 -97 -5 -11 70 
 217 67 87 -123 146 48 -54 137 -63 79 108 210 -41 62 39 -128 
-175 4 33 -177 -222 107 -35 37 44 -92 -56 -104 -89 1 0 70 
 221 67 93 -123 152 56 -53 138 -57 80 117 212 -42 52 42 -123 
-176 1 27 -171 -228 114 -33 46 35 -88 -58 -95 -79 6 -11 65 
 224 59 89 -120 164 63 -55 139 -52 88 121 205 -33 51 35 -125 
-194 1 25 -171 -220 112 -29 29 33 -86 -71 -104 -81 9 -14 72 
 225 55 90 -127 159 72 -52 132 -49 78 123 200 -32 57 42 -126 
-194 2 9 -166 -225 117 -25 36 38 -79 -67 -110 -78 8 -14 78 
 228 53 88 -123 155 75 -42 127 -54 67 131 210 -39 59 32 -117 
-194 -3 11 -161 -217 117 -13 32 36 -79 -59 -106 -66 1 -21 62 
 236 58 95 -107 155 85 -51 123 -53 59 133 211 -31 47 24 -119 
-202 5 5 -158 -226 116 -5 29 37 -72 -60 -108 -59 2 -13 61 
 232 57 98 -94 161 87 -53 127 -50 64 129 205 -10 50 25 -122 
-205 12 1 -166 -219 114 -6 41 45 -87 -63 -107 -62 -2 -11 60 
 233 68 100 -76 158 83 -51 129 -58 52 139 213 -19 52 38 -122 
-213 7 -1 -163 -213 105 0 32 32 -89 -66 -103 -56 -2 -9 52 
 236 62 93 -83 165 79 -49 128 -56 54 128 209 -25 52 45 -121 
-226 5 -1 -164 -209 108 -9 27 29 -86 -74 -113 -66 5 2 52 
 238 57 95 -79 166 84 -50 124 -64 61 126 215 -24 50 56 -113 
-222 7 -4 -159 -225 103 -3 33 36 -88 -70 -115 -71 -10 9 52 
 239 56 100 -79 164 81 -62 134 -56 59 122 210 -23 43 63 -112 
-221 -8 -5 -155 -219 112 3 40 40 -81 -76 -122 -65 -11 16 41 
 241 48 103 -69 166 74 -69 129 -49 62 122 209 -16 35 60 -116 
-226 -15 -7 -152 -217 112 -2 42 44 -84 -79 -124 -65 -13 21 32 
 238 63 118 -68 159 61 -71 129 -58 60 110 209 -17 29 67 -123 
-223 -9 -9 -153 -206 127 -2 52 36 -82 -84 -124 -75 -13 27 26 
 241 66 124 -72 158 69 -68 128 -60 54 111 209 -1 34 72 -128 
-225 -13 -9 -152 -207 122 -8 52 24 -80 -83 -133 -69 -14 30 23 
 248 65 115 -68 158 66 -69 125 -58 56 118 216 -10 20 76 -131 
-225 -13 -11 -144 -218 119 -6 59 16 -74 -79 -142 -71 -22 20 16 
 250 65 122 -60 151 71 -83 126 -59 55 127 212 -8 25 77 -129 
-226 -1 -9 -149 -216 112 -16 57 18 -83 -89 -142 -86 -13 16 18 
 248 65 119 -54 154 74 -94 136 -54 54 122 207 -18 25 71 -125 
-224 -11 -3 -153 -209 111 -1 50 32 -75 -86 -157 -90 -15 10 17 
 254 60 117 -58 164 80 -92 135 -57 50 109 206 -17 35 62 -129 
-221 -7 0 -153 -210 111 -4 51 28 -83 -91 -163 -88 -17 -1 15 
 265 69 115 -55 163 70 -97 147 -60 61 104 203 -17 29 62 -122 
-221 -5 6 -151 -201 121 -6 49 18 -84 -92 -166 -86 -9 15 10 
 265 74 123 -53 168 67 -94 148 -68 59 94 197 -11 35 56 -117 
-219 -7 9 -149 -195 113 -6 49 16 -88 -91 -172 -87 -18 12 -2 
 273 74 124 -45 170 57 -99 155 -66 47 96 199 -10 36 49 -122 
-217 5 8 -151 -190 114 -9 45 31 -101 -90 -180 -81 -22 13 -2 
 275 73 115 -45 166 50 -105 164 -70 40 102 199 -7 35 53 -119 
-210 4 14 -153 -194 112 -3 43 27 -110 -88 -186 -68 -22 14 -4 
 278 84 122 -35 164 48 -102 157 -72 52 94 189 -13 36 65 -117 
-213 -10 11 -135 -195 104 4 34 19 -116 -84 -179 -64 -32 9 -9 
 269 90 122 -33 151 48 -95 169 -74 43 105 187 -9 39 64 -120 
-197 -12 18 -147 -188 87 10 37 26 -112 -86 -174 -59 -34 -1 -18 
 269 90 122 -40 148 37 -88 160 -70 32 98 180 -10 44 49 -117 
-199 -13 19 -146 -189 93 11 39 25 -127 -77 -174 -66 -37 -5 -18 
 266 93 123 -38 135 37 -91 151 -70 22 100 177 -14 45 44 -120 
-194 -10 19 -147 -189 91 7 39 25 -141 -79 -172 -59 -42 -3 -19 
 262 92 127 -43 146 36 -73 158 -72 28 112 175 -14 45 48 -124 
-198 -13 10 -150 -187 97 4 34 30 -139 -70 -173 -53 -44 -9 -16 
 276 90 118 -37 146 38 -64 156 -68 26 104 173 -11 56 43 -127 
-203 -13 18 -143 -191 106 6 44 21 -151 -75 -178 -48 -37 2 -13 
 269 89 113 -33 156 35 -60 177 -71 27 108 175 -12 64 39 -125 
-197 -22 18 -130 -183 102 5 30 19 -146 -84 -181 -44 -52 3 -16 
 272 92 120 -37 158 30 -72 185 -79 29 107 163 -15 70 43 -127 
-193 -26 2 -129 -169 102 2 38 16 -129 -87 -187 -48 -54 -2 -2 
 260 90 127 -31 164 29 -65 185 -83 35 102 173 -12 72 52 -127 
-185 -31 -10 -122 -169 113 6 26 19 -126 -83 -194 -53 -58 -7 -1 
 255 105 120 -22 164 22 -63 181 -69 35 98 168 -17 82 59 -121 
-188 -35 -17 -120 -171 109 7 15 26 -118 -83 -195 -49 -55 -3 -1 
 248 107 114 -33 168 25 -56 170 -64 34 104 170 -18 86 54 -123 
-181 -44 -11 -122 -175 109 5 18 28 -112 -90 -188 -52 -48 -6 -4 
 255 102 109 -28 165 20 -63 168 -67 28 106 174 -19 88 57 -124 
-177 -48 -16 -121 -167 117 14 21 18 -108 -93 -177 -49 -49 -7 -16 
 257 94 106 -24 156 34 -61 167 -74 20 105 185 -25 86 58 -127 
-166 -39 -4 -125 -153 109 12 36 26 -109 -94 -176 -44 -60 -8 -14 
 258 90 100 -19 164 32 -66 158 -83 20 101 188 -23 90 48 -129 
-159 -36 5 -131 -160 105 11 34 33 -99 -91 -175 -49 -70 -6 -10 
 264 101 104 -18 165 34 -78 149 -80 10 100 180 -25 90 48 -122 
-167 -44 14 -135 -161 92 11 34 37 -97 -77 -176 -48 -70 -11 -11 
 263 105 103 -20 167 24 -82 146 -82 7 97 173 -23 96 42 -124 
-173 -41 12 -142 -165 89 3 39 34 -94 -84 -180 -51 -66 -8 -13 
 269 104 88 -26 161 27 -78 143 -73 6 100 176 -30 89 47 -124 
-176 -42 11 -149 -173 94 17 33 36 -101 -89 -176 -48 -73 -8 -19 
 273 104 89 -28 156 24 -75 148 -80 12 95 179 -38 88 45 -127 
-179 -49 15 -149 -164 90 21 41 34 -111 -84 -178 -45 -68 -21 -13 
 269 108 84 -34 159 31 -61 146 -82 19 100 196 -54 101 48 -113 
-184 -50 21 -148 -178 83 22 55 39 -102 -89 -164 -46 -69 -21 -19 
 270 110 97 -47 165 39 -64 150 -83 20 87 195 -55 106 49 -109 
-196 -49 20 -140 -182 74 26 46 34 -97 -82 -163 -45 -73 -17 -12 
 266 110 86 -42 170 44 -64 155 -83 23 89 198 -54 109 44 -111 
-204 -52 18 -144 -180 77 26 48 36 -86 -91 -162 -47 -85 -13 -10 
 277 109 92 -47 169 36 -62 158 -80 25 94 198 -46 101 45 -109 
-208 -51 21 -150 -178 74 22 50 23 -86 -89 -167 -55 -93 -12 -8 
 276 107 90 -50 159 34 -68 157 -80 29 112 193 -47 105 48 -112 
-203 -50 15 -149 -190 64 18 56 30 -82 -96 -169 -50 -91 -14 -12 
 273 103 87 -53 153 38 -61 160 -73 31 113 195 -41 98 46 -111 
-199 -49 14 -145 -199 52 20 55 37 -92 -95 -180 -53 -93 -11 -16 
 270 106 89 -44 146 38 -60 153 -87 36 113 203 -36 105 36 -111 
-210 -47 26 -144 -202 47 20 58 31 -83 -90 -166 -53 -91 -6 -18 
 267 102 93 -45 152 48 -54 148 -92 47 124 217 -35 110 49 -118 
-215 -52 30 -141 -196 46 31 39 26 -93 -91 -168 -57 -101 -5 -28 
 270 99 90 -41 153 50 -54 141 -92 41 121 216 -42 120 52 -120 
-218 -42 31 -149 -194 48 21 37 24 -95 -91 -162 -60 -91 -19 -35 
 272 111 86 -42 153 52 -50 149 -86 39 124 215 -53 121 47 -119 
-219 -36 32 -154 -196 47 15 26 18 -89 -82 -168 -52 -96 -29 -42 
 264 121 92 -42 156 49 -50 153 -94 48 125 208 -60 118 55 -113 
-220 -19 39 -146 -191 51 11 21 13 -88 -84 -166 -53 -87 -25 -36 
 266 115 86 -39 144 46 -46 150 -98 54 128 209 -62 113 47 -118 
-212 -9 35 -147 -187 47 5 21 14 -83 -80 -166 -57 -103 -16 -29 
 266 115 97 -46 141 53 -50 155 -101 55 134 205 -52 118 50 -112 
-207 -14 47 -146 -193 43 6 6 0 -85 -82 -167 -43 -110 -22 -22 
 276 128 103 -51 136 50 -55 162 -100 67 136 202 -55 122 52 -120 
-204 -9 47 -142 -198 48 10 16 5 -91 -74 -162 -49 -104 -23 -26 
 273 139 109 -52 138 48 -53 162 -90 71 133 198 -54 120 52 -122 
-204 -21 48 -147 -198 45 -3 2 0 -82 -62 -163 -35 -94 -29 -30 
 264 145 100 -55 152 48 -46 167 -87 77 134 196 -57 115 54 -119 
-199 -22 52 -157 -198 44 -1 13 1 -77 -62 -156 -41 -102 -23 -38 
 269 142 94 -54 153 47 -44 165 -93 72 132 192 -62 108 55 -112 
-199 -31 57 -161 -200 49 -2 18 0 -77 -64 -160 -47 -105 -20 -34 
 270 144 103 -45 153 52 -49 172 -93 86 120 192 -55 116 62 -112 
-203 -37 54 -152 -206 44 -6 10 6 -78 -64 -155 -56 -111 -23 -38 
 279 137 110 -55 152 67 -55 169 -99 85 120 191 -52 114 54 -113 
-214 -43 60 -149 -200 43 -10 -2 12 -81 -64 -155 -52 -115 -28 -40 
 283 138 108 -65 146 66 -60 171 -80 79 116 193 -61 114 48 -110 
-219 -54 58 -150 -206 27 -13 -3 17 -81 -57 -160 -55 -113 -21 -44 
 286 134 102 -65 149 58 -64 163 -73 79 110 187 -58 111 43 -106 
-231 -52 49 -147 -204 28 -16 -10 17 -86 -53 -167 -58 -118 -17 -48 
 286 125 96 -71 152 48 -64 166 -69 74 116 184 -67 117 54 -112 
-239 -54 42 -148 -209 27 -10 1 4 -82 -62 -155 -66 -119 -18 -54 
 287 128 103 -69 146 49 -52 156 -64 72 121 185 -62 130 45 -125 
-236 -48 43 -149 -209 28 -9 -5 4 -91 -60 -150 -62 -110 -21 -35 
 279 127 83 -68 135 53 -54 158 -59 76 114 179 -68 143 47 -117 
-243 -64 52 -157 -206 32 -14 -17 7 -89 -63 -149 -71 -104 -28 -48 
 272 125 79 -64 130 37 -49 165 -55 77 120 162 -62 144 50 -109 
-239 -66 56 -172 -210 33 -11 -23 10 -84 -53 -148 -78 -102 -28 -39 
 270 110 87 -60 123 34 -47 173 -53 80 145 161 -63 132 47 -118 
-230 -71 67 -169 -199 30 -12 -27 12 -75 -55 -147 -89 -115 -33 -40 
 269 107 85 -59 106 25 -43 166 -52 82 150 164 -68 136 61 -119 
-234 -78 55 -165 -205 29 -17 -26 8 -69 -52 -156 -91 -105 -39 -45 
 271 114 84 -69 107 25 -48 174 -51 91 150 170 -70 136 66 -117 
-232 -75 53 -160 -199 33 -25 -33 11 -63 -59 -155 -93 -105 -40 -26 
 272 116 85 -65 90 24 -47 176 -55 87 145 166 -80 141 60 -127 
-243 -73 54 -171 -197 30 -27 -40 6 -65 -61 -141 -96 -109 -49 -21 
 279 111 93 -67 92 28 -43 180 -66 75 135 170 -87 135 60 -124 
-241 -72 54 -178 -196 27 -28 -43 4 -65 -56 -141 -95 -105 -47 -14 
 280 96 89 -77 88 29 -38 180 -66 74 133 176 -83 127 64 -119 
-258 -64 52 -182 -196 29 -21 -50 -2 -67 -66 -142 -96 -113 -44 -25 
 275 102 85 -70 95 22 -38 179 -69 66 129 168 -83 122 75 -114 
-264 -76 52 -181 -195 29 -21 -47 -5 -65 -46 -134 -80 -119 -43 -26 
 272 98 88 -73 87 17 -49 177 -69 52 124 179 -83 127 73 -111 
-269 -75 57 -186 -203 30 -18 -58 -13 -69 -40 -133 -84 -108 -48 -33 
 273 94 82 -71 81 27 -51 181 -75 59 117 192 -80 138 72 -124 
-264 -79 65 -188 -204 27 -22 -65 -12 -69 -49 -130 -90 -105 -64 -26 
 275 87 81 -81 86 25 -54 186 -73 55 126 191 -85 135 84 -131 
-264 -84 70 -180 -199 23 -9 -62 -7 -69 -53 -130 -88 -109 -62 -19 
 280 82 73 -85 94 26 -49 186 -69 58 129 189 -86 132 92 -133 
-254 -85 82 -171 -192 20 -7 -56 -6 -75 -58 -123 -82 -102 -59 -17 
 278 82 59 -82 88 27 -46 189 -82 56 118 198 -88 137 90 -134 
-254 -86 79 -176 -169 22 -2 -58 -8 -77 -58 -126 -93 -93 -53 -19 
 276 72 66 -81 99 20 -35 190 -86 55 108 198 -84 125 89 -136 
-255 -76 94 -167 -172 32 6 -57 -4 -89 -60 -120 -82 -83 -64 -21 
 264 64 72 -79 116 18 -33 184 -94 55 110 196 -95 128 101 -128 
-259 -82 95 -173 -173 37 11 -53 3 -94 -59 -102 -71 -85 -55 -21 
 270 56 76 -84 120 26 -25 185 -106 50 112 199 -96 135 107 -125 
-256 -83 98 -189 -186 43 26 -62 7 -94 -59 -88 -76 -87 -62 -11 
 273 60 76 -91 126 27 -17 183 -115 55 110 191 -100 139 110 -137 
-256 -98 102 -189 -174 33 28 -53 14 -105 -53 -95 -66 -79 -66 -2 
 278 64 89 -85 125 37 -17 189 -113 54 105 190 -100 133 114 -133 
-261 -93 95 -176 -188 28 33 -54 21 -97 -56 -99 -59 -76 -63 -6 
 278 65 92 -87 128 47 -22 195 -113 58 106 190 -94 127 108 -142 
-256 -92 99 -185 -188 21 29 -57 30 -98 -58 -96 -58 -84 -60 1 
 273 71 92 -89 126 50 -13 199 -116 57 113 200 -100 122 107 -133 
-261 -95 100 -185 -179 28 27 -59 22 -95 -52 -104 -58 -77 -60 -1 
 269 64 105 -90 126 41 -11 194 -123 50 120 185 -102 122 102 -130 
-255 -97 100 -189 -182 29 27 -55 19 -91 -54 -109 -59 -72 -57 -6 
 253 65 103 -85 132 38 -15 191 -114 55 116 186 -97 120 90 -128 
-261 -94 103 -194 -188 41 27 -65 21 -94 -48 -106 -54 -76 -61 -9 
 249 59 110 -84 133 46 -10 188 -107 60 110 187 -96 133 93 -118 
-254 -103 101 -190 -183 45 25 -60 15 -88 -48 -102 -61 -73 -58 -18 
 245 50 111 -83 141 53 -10 188 -105 69 105 191 -99 133 94 -105 
-252 -99 87 -191 -194 38 30 -65 7 -83 -47 -111 -67 -69 -68 -24 
 245 51 116 -78 145 52 -11 184 -113 65 108 197 -107 133 96 -100 
-253 -100 88 -190 -199 31 23 -58 4 -91 -49 -115 -66 -72 -75 -19 
 250 48 118 -84 154 55 -20 181 -103 71 105 200 -113 134 93 -94 
-253 -107 92 -183 -192 34 11 -62 1 -86 -51 -113 -69 -66 -69 -27 
 249 48 113 -87 154 58 -17 185 -91 72 104 205 -123 120 88 -99 
-252 -107 95 -178 -199 35 16 -59 9 -84 -49 -120 -78 -66 -62 -28 
 248 44 113 -95 155 56 -20 187 -90 65 103 199 -121 118 99 -107 
-252 -106 94 -183 -200 33 22 -55 5 -89 -45 -116 -82 -68 -59 -34 
 253 58 106 -105 160 59 -16 182 -90 54 110 195 -114 108 103 -108 
-253 -102 85 -187 -202 33 17 -44 4 -97 -52 -120 -73 -63 -66 -27 
 244 59 98 -107 166 60 -5 178 -87 56 108 182 -111 105 98 -101 
-257 -103 80 -178 -197 36 22 -38 7 -98 -59 -113 -73 -63 -61 -18 
 246 54 91 -109 159 67 -3 169 -86 45 107 185 -104 98 101 -108 
-254 -98 81 -183 -199 41 13 -31 10 -93 -57 -110 -83 -63 -59 -26 
 236 61 91 -107 141 72 9 180 -84 49 109 173 -112 91 106 -100 
-252 -101 84 -178 -196 45 1 -38 6 -91 -61 -104 -88 -65 -59 -19 
 245 47 93 -104 136 70 5 178 -84 62 97 168 -102 93 107 -103 
-257 -108 74 -186 -197 44 4 -26 6 -81 -69 -111 -90 -63 -62 -36 
 252 45 95 -111 142 64 -1 180 -98 68 95 170 -94 100 109 -109 
-271 -95 71 -188 -203 37 1 -22 1 -76 -71 -111 -77 -76 -65 -34 
 242 58 95 -115 131 57 -10 183 -93 64 86 173 -93 107 111 -108 
-280 -84 67 -185 -192 37 -6 -23 -4 -72 -71 -107 -74 -75 -71 -37 
 236 60 99 -125 133 56 -18 177 -101 64 77 161 -90 113 105 -110 
-277 -75 74 -183 -190 42 -11 -12 -6 -69 -77 -107 -73 -67 -73 -32 
 243 77 98 -139 129 60 -29 172 -109 58 79 161 -95 122 110 -109 
-277 -91 71 -184 -188 42 -7 -5 -2 -62 -88 -118 -68 -75 -69 -38 
 241 72 94 -144 128 64 -30 175 -108 55 77 157 -87 130 102 -105 
-275 -92 66 -183 -191 33 -13 -11 -11 -70 -104 -130 -71 -71 -69 -36 
 244 64 94 -140 135 62 -24 183 -99 62 77 158 -81 138 113 -104 
-281 -84 66 -181 -189 17 -31 3 -3 -69 -100 -131 -83 -78 -69 -48 
 242 60 93 -140 138 64 -18 181 -104 49 79 161 -82 139 106 -112 
-272 -74 76 -174 -186 5 -24 11 3 -71 -90 -128 -86 -78 -69 -51 
 249 60 82 -142 138 69 -17 175 -106 53 69 174 -81 149 108 -99 
-281 -73 75 -171 -180 19 -16 9 3 -68 -88 -121 -76 -70 -69 -46 
 241 52 77 -148 139 76 -11 184 -101 53 71 173 -78 155 109 -89 
-282 -76 83 -173 -175 29 -31 10 -1 -82 -89 -120 -77 -66 -65 -37 
 246 58 69 -144 143 71 -17 182 -119 54 75 184 -88 158 110 -86 
-280 -78 78 -170 -179 25 -43 9 -3 -84 -91 -124 -62 -53 -71 -40 
 246 56 71 -139 147 77 -23 187 -117 56 54 180 -86 156 105 -88 
-273 -81 80 -166 -176 23 -38 13 -4 -83 -90 -122 -60 -61 -70 -44 
 247 55 76 -145 146 77 -18 179 -115 52 60 176 -79 162 109 -99 
-284 -82 85 -165 -179 30 -29 14 12 -94 -92 -122 -55 -60 -80 -39 
 250 58 72 -143 152 67 -12 191 -112 42 66 174 -73 164 102 -103 
-274 -84 83 -168 -171 39 -32 9 11 -101 -98 -113 -46 -71 -89 -47 
 251 59 68 -152 141 58 -20 187 -108 35 60 178 -68 158 103 -104 
-274 -82 84 -183 -171 40 -37 16 10 -107 -104 -109 -48 -77 -81 -50 
 249 67 73 -142 135 61 -19 191 -124 32 59 175 -73 162 116 -106 
-267 -84 75 -177 -166 37 -30 11 11 -115 -102 -116 -55 -70 -79 -57 
 246 58 80 -157 141 58 -32 186 -125 30 55 177 -67 160 114 -95 
-263 -81 71 -171 -156 23 -28 13 20 -124 -96 -115 -53 -66 -78 -65 
 244 63 75 -162 134 76 -27 179 -115 40 58 184 -75 158 116 -92 
-261 -76 72 -172 -152 24 -33 8 27 -122 -87 -117 -49 -58 -82 -58 
 244 74 79 -171 128 73 -29 175 -114 38 58 170 -74 159 113 -91 
-259 -69 67 -166 -145 34 -33 4 31 -120 -91 -124 -51 -54 -82 -63 
 248 70 78 -171 130 78 -31 173 -114 38 58 186 -79 155 113 -92 
-262 -68 74 -166 -158 32 -32 7 36 -120 -96 -116 -41 -49 -83 -79 
 255 71 88 -175 136 68 -27 176 -112 44 65 193 -77 155 118 -93 
-272 -82 65 -167 -159 27 -27 12 35 -120 -90 -126 -37 -49 -78 -72 
 261 72 90 -172 141 76 -31 188 -109 32 68 193 -75 155 117 -98 
-257 -79 63 -166 -163 23 -27 17 46 -113 -86 -125 -41 -47 -74 -77 
 264 66 81 -168 138 74 -44 187 -109 25 67 186 -81 158 117 -94 
-267 -79 66 -166 -169 29 -24 16 45 -114 -86 -126 -37 -42 -73 -71 
 256 67 74 -173 128 70 -40 187 -111 19 68 189 -72 158 112 -88 
-261 -72 65 -164 -162 27 -28 22 45 -122 -79 -117 -33 -35 -70 -69 
 255 67 66 -186 131 65 -47 194 -103 21 67 192 -63 156 112 -85 
-272 -70 64 -168 -170 18 -16 32 45 -134 -83 -121 -36 -39 -60 -73 
 249 65 64 -182 128 59 -40 187 -110 16 68 185 -58 167 106 -94 
-278 -76 55 -160 -165 19 -12 34 47 -147 -79 -120 -33 -49 -72 -79 
 248 47 67 -190 128 48 -38 189 -111 19 67 178 -68 167 94 -81 
-270 -90 61 -162 -173 14 -6 38 46 -149 -88 -126 -33 -54 -66 -76 
 262 56 83 -195 138 49 -35 189 -114 16 58 192 -77 171 87 -87 
-262 -92 69 -165 -179 19 -5 21 40 -153 -84 -130 -36 -59 -73 -71 
 261 54 85 -196 125 54 -39 177 -111 24 49 188 -76 170 87 -89 
-268 -104 68 -166 -185 21 5 26 28 -148 -79 -138 -34 -52 -73 -65 
 268 60 76 -202 129 46 -32 172 -112 17 50 185 -73 174 89 -92 
-273 -126 61 -161 -190 21 11 25 31 -149 -76 -146 -35 -55 -86 -73 
 272 58 76 -202 120 47 -41 174 -116 22 53 188 -78 171 84 -89 
-276 -119 65 -159 -184 17 8 33 23 -148 -75 -144 -26 -57 -80 -71 
 273 51 68 -194 126 53 -36 157 -113 24 50 202 -87 174 81 -81 
-285 -124 70 -155 -168 31 12 35 28 -154 -77 -146 -25 -66 -79 -70 
 280 51 74 -196 128 57 -37 163 -115 27 48 198 -86 163 70 -75 
-280 -119 63 -151 -172 21 3 32 27 -155 -79 -153 -29 -73 -86 -68 
 271 53 85 -190 126 70 -41 148 -107 30 46 199 -89 168 71 -68 
-279 -112 51 -147 -165 24 14 34 24 -158 -76 -157 -36 -78 -80 -61 
 270 39 86 -195 119 69 -39 149 -104 38 53 209 -86 157 70 -66 
-276 -119 56 -144 -158 29 24 38 35 -177 -76 -157 -29 -82 -75 -52 
 271 47 84 -200 120 71 -34 151 -106 30 54 208 -84 152 59 -64 
-275 -111 60 -137 -162 20 28 33 34 -173 -75 -164 -33 -79 -84 -49 
 274 46 84 -200 132 63 -38 142 -103 39 63 208 -74 154 61 -55 
-262 -107 56 -132 -167 16 37 36 40 -163 -72 -156 -38 -83 -94 -47 
 267 53 82 -205 131 65 -50 141 -106 37 71 212 -66 158 62 -53 
-257 -97 61 -131 -168 26 33 29 36 -162 -67 -153 -47 -90 -101 -53 
 273 63 86 -204 127 62 -47 133 -100 42 71 208 -75 164 67 -58 
-263 -102 64 -134 -162 16 31 40 25 -164 -60 -158 -40 -94 -96 -44 
 278 62 90 -204 132 60 -45 119 -93 31 66 213 -79 171 68 -54 
-262 -94 64 -138 -168 14 40 36 27 -160 -59 -146 -33 -97 -88 -37 
 272 56 93 -203 128 68 -38 120 -84 34 70 218 -75 171 47 -66 
-259 -93 67 -136 -166 12 44 40 27 -168 -58 -140 -34 -90 -87 -36 
 266 54 93 -191 122 68 -46 126 -84 32 62 210 -80 180 46 -67 
