0 0.017045454545454544 0.9886363636363636 
100 0.1875 0.9459383438343835 
200 0.17897727272727273 0.9436341022161918 
300 0.19602272727272727 0.9424833887043189 
400 0.16193181818181818 0.9416019610065745 
500 0.17045454545454544 0.9421951551442569 
600 0.19602272727272727 0.9420237104825291 
700 0.19602272727272727 0.9421119180391648 
800 0.1875 0.9421497276132108 
900 0.17045454545454544 0.9420467157703561 
1000 0.2215909090909091 0.9416152029788394 
1100 0.1534090909090909 0.9417523325902073 
1200 0.1875 0.9416442737113012 
1300 0.1534090909090909 0.9414349102089302 
1400 0.17045454545454544 0.9418333495555123 
1500 0.14488636363636365 0.9420537823269336 
1600 0.1534090909090909 0.942161504173528 
1700 0.14488636363636365 0.942431925070814 
1800 0.20454545454545456 0.9423615668063198 
1900 0.1534090909090909 0.9423793099325714 
2000 0.17045454545454544 0.9423441688246785 
2100 0.17045454545454544 0.9422988511964 
2200 0.1534090909090909 0.9423092809053736 
2300 0.17045454545454544 0.9423311504879301 
2400 0.1534090909090909 0.9426458199235167 
2500 0.19602272727272727 0.9425763785394933 
2600 0.17045454545454544 0.9424489269861243 
2700 0.19602272727272727 0.9426443488943489 
2800 0.1534090909090909 0.9426016682353705 
2900 0.1875 0.9424737943029049 
3000 0.1875 0.9423676956166126 
3100 0.1534090909090909 0.942342646067251 
3200 0.23863636363636365 0.9421185851012468 
3300 0.21306818181818182 0.9420922723141748 
3400 0.1875 0.9421443559380931 
3500 0.16193181818181818 0.9420684999091169 
3600 0.17045454545454544 0.942078904849663 
3700 0.20454545454545456 0.9421102404755471 
3800 0.17045454545454544 0.9421645918538184 
3900 0.1875 0.9422066894269535 
4000 0.17045454545454544 0.9421508259298812 
4100 0.1534090909090909 0.9422293065992773 
4200 0.19602272727272727 0.9421931466533943 
4300 0.1534090909090909 0.9420767633319946 
4400 0.17045454545454544 0.9421270475718329 
4500 0.1534090909090909 0.9420785280038779 
4600 0.1875 0.9420802789907332 
4700 0.19602272727272727 0.9421526609425461 
4800 0.1278409090909091 0.942270549696086 
4900 0.17897727272727273 0.9423024753760828 
5000 0.19602272727272727 0.9423211948519387 
5100 0.1875 0.9422606529913921 
5200 0.11931818181818182 0.9422576078026953 
5300 0.16193181818181818 0.9422937996261426 
5400 0.19602272727272727 0.9422629016512094 
5500 0.16193181818181818 0.9423338318652807 
5600 0.16193181818181818 0.9423575944230738 
5700 0.1875 0.9424398231570219 
5800 0.17045454545454544 0.9423938466722038 
5900 0.19602272727272727 0.9423802398668947 
6000 0.1534090909090909 0.9423547779915469 
6100 0.16193181818181818 0.9424004634113633 
6200 0.19602272727272727 0.9424043592675668 
6300 0.17045454545454544 0.9423111951926822 
6400 0.21306818181818182 0.9422697625371036 
6500 0.13636363636363635 0.9422929689138734 
6600 0.17045454545454544 0.9423270923138367 
6700 0.16193181818181818 0.9423949614033184 
6800 0.20454545454545456 0.9423994298966729 
6900 0.17897727272727273 0.9423728939152428 
7000 0.1875 0.9423564490787031 
7100 0.2556818181818182 0.9422924588086184 
7200 0.17897727272727273 0.9423150667205312 
7300 0.20454545454545456 0.9422475594874924 
7400 0.13636363636363635 0.9423012553586124 
7500 0.1534090909090909 0.9423304165505205 
7600 0.1875 0.9423857207783665 
7700 0.19602272727272727 0.9423185890852428 
7800 0.20454545454545456 0.9423107177401499 
7900 0.1534090909090909 0.9423170686104175 
8000 0.16193181818181818 0.9422660945790867 
8100 0.17045454545454544 0.9423366643848683 
8200 0.20454545454545456 0.9423518196228842 
8300 0.19602272727272727 0.9423648985335831 
8400 0.20454545454545456 0.9423563617967557 
8500 0.16193181818181818 0.9423483600859792 
8600 0.17045454545454544 0.9423620139307268 
8700 0.1534090909090909 0.9423567432165582 
8800 0.17045454545454544 0.9423858084308602 
8900 0.2215909090909091 0.9423414503988315 
9000 0.20454545454545456 0.942278509458545 
9100 0.16193181818181818 0.942252537183726 
9200 0.19602272727272727 0.9422555354655127 
9300 0.1278409090909091 0.9422575529512955 
9400 0.1875 0.9422172206051581 
9500 0.21306818181818182 0.942195079943738 
9600 0.20454545454545456 0.9422313963507589 
9700 0.1875 0.9422239155288583 
9800 0.1534090909090909 0.9421916594781609 
9900 0.17897727272727273 0.9422102680170047 
10000 0.1875 0.9421870312968703 
10100 0.23011363636363635 0.9421535671535671 
10200 0.16193181818181818 0.94217339431963 
10300 0.11079545454545454 0.9421848386299653 
10400 0.17045454545454544 0.9421602817910866 
10500 0.1534090909090909 0.9421645990425155 
10600 0.2471590909090909 0.9421578474586445 
10700 0.16193181818181818 0.9421212227404405 
10800 0.13636363636363635 0.942146297480873 
10900 0.19602272727272727 0.9421109718874832 
11000 0.14488636363636365 0.9421028873408203 
11100 0.2471590909090909 0.9420693569784868 
11200 0.1534090909090909 0.9420234901916225 
11300 0.1875 0.9420779838469645 
11400 0.16193181818181818 0.9420776985272424 
11500 0.16193181818181818 0.942094462141632 
11600 0.16193181818181818 0.9420756733353708 
11700 0.1875 0.9420848839648515 
11800 0.17897727272727273 0.9420934570259839 
11900 0.1534090909090909 0.9421083312326696 
12000 0.19602272727272727 0.9421489970532758 
12100 0.17045454545454544 0.9421521324308284 
12200 0.20454545454545456 0.9421736109558829 
12300 0.17045454545454544 0.9421568645564662 
12400 0.17045454545454544 0.9421864347449985 
12500 0.19602272727272727 0.9421816709208718 
12600 0.1534090909090909 0.9422204947659276 
12700 0.17045454545454544 0.9422356686302439 
12800 0.20454545454545456 0.9422534904943506 
12900 0.1875 0.9422992227522884 
13000 0.20454545454545456 0.9423293924942836 
13100 0.17045454545454544 0.9423029383600141 
13200 0.17897727272727273 0.9423078744034543 
13300 0.16193181818181818 0.9422770673428519 
13400 0.1875 0.9422876345727252 
13500 0.21306818181818182 0.9422719529193124 
13600 0.21306818181818182 0.9422824023634626 
13700 0.16193181818181818 0.9422721715734087 
13800 0.14488636363636365 0.9422649709177859 
13900 0.1534090909090909 0.9422866896429949 
14000 0.17897727272727273 0.9423014021725721 
14100 0.19602272727272727 0.9423110707815693 
14200 0.16193181818181818 0.9423098005262114 
14300 0.19602272727272727 0.9423033831073478 
14400 0.17045454545454544 0.9422950820965715 
14500 0.17897727272727273 0.9422845446395547 
14600 0.14488636363636365 0.9423013912496654 
14700 0.1534090909090909 0.9423315358880967 
14800 0.1875 0.9423643442396398 
14900 0.17897727272727273 0.9423850824532826 
15000 0.17897727272727273 0.9423578200847216 
15100 0.11931818181818182 0.9423553753213213 
15200 0.2471590909090909 0.9423202570405057 
15300 0.16193181818181818 0.9423438976062171 
15400 0.17045454545454544 0.9423371637615031 
15500 0.17897727272727273 0.9423314331626699 
15600 0.17045454545454544 0.9423330599437099 
15700 0.16193181818181818 0.942350950431646 
15800 0.13636363636363635 0.9423682548860544 
15900 0.20454545454545456 0.9423672967966565 
16000 0.20454545454545456 0.9423370556385681 
16100 0.16193181818181818 0.9423221877805444 
16200 0.23011363636363635 0.94230574992565 
16300 0.16193181818181818 0.9422950906525533 
16400 0.1875 0.9422928757115697 
16500 0.1875 0.9423077320382787 
16600 0.17045454545454544 0.9422924618451244 
16700 0.20454545454545456 0.9423049313867977 
16800 0.20454545454545456 0.9423143779320495 
16900 0.17045454545454544 0.9422917753656319 
17000 0.17045454545454544 0.9422799661517237 
17100 0.17897727272727273 0.9422907219673491 
17200 0.17045454545454544 0.9422709633689373 
17300 0.20454545454545456 0.9422553740981866 
17400 0.14488636363636365 0.9422442087967776 
17500 0.19602272727272727 0.9422748894868345 
17600 0.17897727272727273 0.9422474381620879 
17700 0.19602272727272727 0.9422056920256174 
17800 0.17897727272727273 0.942203515124278 
17900 0.1875 0.9422210414857474 
18000 0.1534090909090909 0.9422363214669892 
18100 0.13636363636363635 0.9422347961689711 
18200 0.1875 0.9422304780956091 
18300 0.1534090909090909 0.9422353659263527 
18400 0.17045454545454544 0.9422448322966637 
18500 0.1534090909090909 0.9422526607898345 
18600 0.17897727272727273 0.9422378012423575 
18700 0.19602272727272727 0.9422262907671441 
18800 0.17045454545454544 0.9422318264018839 
18900 0.1278409090909091 0.9422367022427866 
19000 0.1534090909090909 0.9422478063355517 
19100 0.13636363636363635 0.9422521012702809 
19200 0.17045454545454544 0.9422588667256914 
19300 0.17897727272727273 0.9422668867840103 
19400 0.1534090909090909 0.9422619382318624 
19500 0.1875 0.9422841369440261 
19600 0.19602272727272727 0.9422779913826289 
19700 0.16193181818181818 0.9422995948521302 
19800 0.19602272727272727 0.9422904203644444 
19900 0.17045454545454544 0.9422804815655678 
20000 0.19602272727272727 0.9422868345219103 
20100 0.17045454545454544 0.9422840790372257 
20200 0.17897727272727273 0.9422753036528345 
20300 0.17045454545454544 0.9422523409057324 
20400 0.1875 0.9422630240941843 
20500 0.19602272727272727 0.9422562812900479 
20600 0.1534090909090909 0.942256085318012 
20700 0.2215909090909091 0.9422521858847399 
20800 0.17045454545454544 0.9422619815043857 
20900 0.17045454545454544 0.9423004988887004 
21000 0.19602272727272727 0.9422960378510115 
21100 0.11931818181818182 0.9422669810995601 
21200 0.19602272727272727 0.9422757181265035 
21300 0.19602272727272727 0.9422617002616182 
21400 0.14488636363636365 0.9422537869938108 
21500 0.14488636363636365 0.9422685414209064 
21600 0.1875 0.9422707965961172 
21700 0.20454545454545456 0.9422603325778871 
21800 0.17897727272727273 0.9422530920182978 
21900 0.19602272727272727 0.9422535708207596 
22000 0.20454545454545456 0.9422484928371024 
22100 0.16193181818181818 0.9422325347269355 
22200 0.19602272727272727 0.9422222227909471 
22300 0.17045454545454544 0.9422391372584189 
22400 0.1875 0.9422115134876284 
22500 0.21306818181818182 0.9422167095603832 
22600 0.20454545454545456 0.9422292758566596 
22700 0.1875 0.9422348484848485 
22800 0.16193181818181818 0.9422468512146597 
22900 0.20454545454545456 0.9422472123091091 
23000 0.20454545454545456 0.9422465821644118 
23100 0.17045454545454544 0.9422527212517364 
23200 0.14488636363636365 0.942253052376269 
23300 0.1875 0.9422476503154371 
23400 0.11079545454545454 0.9422681528761397 
23500 0.1875 0.9422918657233155 
23600 0.16193181818181818 0.9422750528675595 
23700 0.1875 0.9422953001599472 
23800 0.21306818181818182 0.9422968763726505 
23900 0.1534090909090909 0.9423192401611191 
24000 0.17045454545454544 0.9423229524527387 
24100 0.1875 0.9423390108294262 
24200 0.11931818181818182 0.9423461323912236 
24300 0.1875 0.9423658210848038 
24400 0.20454545454545456 0.9423577554571161 
24500 0.1875 0.9423422188704729 
24600 0.1534090909090909 0.9423348921514646 
24700 0.1875 0.9423546525536324 
24800 0.1875 0.9423402327985309 
24900 0.1875 0.942324787978577 
25000 0.14488636363636365 0.9423292386486358 
25100 0.1534090909090909 0.9423365965137209 
25200 0.20454545454545456 0.9423494197560703 
25300 0.1534090909090909 0.9423624784862977 
25400 0.17897727272727273 0.9423461316841498 
25500 0.13636363636363635 0.9423453982196777 
25600 0.17045454545454544 0.9423536589479814 
25700 0.14488636363636365 0.9423593130440626 
25800 0.1534090909090909 0.9423667951559312 
25900 0.17045454545454544 0.9423726839258576 
26000 0.23863636363636365 0.9423833349066993 
26100 0.19602272727272727 0.9423577684240589 
26200 0.1534090909090909 0.9423460589637453 
26300 0.19602272727272727 0.9423587419766273 
26400 0.19602272727272727 0.9423394774991305 
26500 0.17897727272727273 0.9423416912226297 
26600 0.13636363636363635 0.9423449562730041 
26700 0.16193181818181818 0.9423269174460609 
26800 0.1875 0.9423322272574632 
26900 0.17045454545454544 0.9423321116822287 
27000 0.17045454545454544 0.9423430445337041 
27100 0.2215909090909091 0.9423472926191921 
27200 0.1278409090909091 0.9423359477091418 
27300 0.1875 0.9423323862595776 
27400 0.20454545454545456 0.9423307170275803 
27500 0.16193181818181818 0.9423298863512402 
27600 0.17045454545454544 0.9423311202492664 
27700 0.17897727272727273 0.9423348065872252 
27800 0.17045454545454544 0.9423258973679822 
27900 0.1534090909090909 0.9423268268325345 
28000 0.1278409090909091 0.9423410405797196 
28100 0.1875 0.9423573772851823 
28200 0.17045454545454544 0.94234448488287 
28300 0.14488636363636365 0.9423346950477176 
28400 0.16193181818181818 0.9423496811892027 
28500 0.1875 0.9423506073152138 
28600 0.17897727272727273 0.9423495403847927 
28700 0.17897727272727273 0.9423639222263399 
28800 0.17045454545454544 0.942387870844131 
28900 0.21306818181818182 0.9423762664708047 
29000 0.14488636363636365 0.9423854114748395 
29100 0.17897727272727273 0.9423813146064959 
29200 0.17045454545454544 0.9423803590163475 
29300 0.1875 0.9423878451247397 
29400 0.19602272727272727 0.9423825256407482 
29500 0.20454545454545456 0.9423732939715449 
29600 0.17897727272727273 0.9423547192815968 
29700 0.14488636363636365 0.942353104119543 
29800 0.16193181818181818 0.9423443500980748 
29900 0.17045454545454544 0.9423450606699076 
30000 0.17897727272727273 0.9423389485501998 
30100 0.21306818181818182 0.942349487785063 
30200 0.1278409090909091 0.9423547835562338 
30300 0.19602272727272727 0.9423637946242398 
30400 0.1534090909090909 0.9423655509238632 
30500 0.17897727272727273 0.9423685996882367 
30600 0.19602272727272727 0.9423626233248468 
30700 0.1875 0.9423589992626832 
30800 0.21306818181818182 0.9423656367414281 
30900 0.16193181818181818 0.9423449263189482 
31000 0.17045454545454544 0.942347900800854 
31100 0.21306818181818182 0.942340260178714 
31200 0.16193181818181818 0.9423430484454169 
31300 0.17045454545454544 0.9423437313940014 
31400 0.17045454545454544 0.9423377150698733 
31500 0.16193181818181818 0.9423448137288571 
31600 0.13636363636363635 0.9423517775616997 
31700 0.17897727272727273 0.9423578909182676 
31800 0.17897727272727273 0.9423579804523013 
31900 0.1534090909090909 0.9423636798219491 
32000 0.17045454545454544 0.9423609098863388 
32100 0.17897727272727273 0.942357891711105 
32200 0.1875 0.9423606268580027 
32300 0.16193181818181818 0.9423700293545655 
32400 0.19602272727272727 0.9423572785351743 
32500 0.19602272727272727 0.9423619133397294 
32600 0.19602272727272727 0.9423619883383387 
32700 0.19602272727272727 0.9423506822143332 
32800 0.1875 0.9423517437106962 
32900 0.17045454545454544 0.9423570297669869 
33000 0.19602272727272727 0.9423935328406027 
33100 0.1875 0.9423961717717949 
33200 0.2215909090909091 0.9424033298558915 
33300 0.1278409090909091 0.942400378367016 
33400 0.19602272727272727 0.9424010168448957 
33500 0.17897727272727273 0.942394189047274 
33600 0.16193181818181818 0.9423981395304794 
33700 0.2215909090909091 0.9423919508727823 
33800 0.17897727272727273 0.9423836135832453 
33900 0.16193181818181818 0.9423807724899507 
34000 0.16193181818181818 0.9423829613300143 
34100 0.2215909090909091 0.9423631438427559 
34200 0.13636363636363635 0.9423568987881801 
34300 0.17045454545454544 0.9423631135853447 
34400 0.13636363636363635 0.9423621901847462 
34500 0.1875 0.9423626719647125 
34600 0.19602272727272727 0.942363643588861 
34700 0.19602272727272727 0.942352001907202 
34800 0.21306818181818182 0.942341488358485 
34900 0.1875 0.9423469078770861 
35000 0.17045454545454544 0.9423396344520026 
35100 0.1875 0.9423450283726701 
35200 0.1534090909090909 0.9423369138531705 
35300 0.17045454545454544 0.9423521835590545 
35400 0.17897727272727273 0.9423604655492526 
35500 0.16193181818181818 0.9423629392001762 
35600 0.20454545454545456 0.9423651595588479 
35700 0.1875 0.9423671287537145 
35800 0.2215909090909091 0.9423711501202353 
35900 0.1534090909090909 0.9423723794728432 
36000 0.16193181818181818 0.9423903313291803 
36100 0.13636363636363635 0.9423930746063444 
36200 0.1534090909090909 0.9423997265268915 
36300 0.17897727272727273 0.9423990636371149 
36400 0.1534090909090909 0.9424054284222961 
36500 0.16193181818181818 0.9424140154317068 
36600 0.16193181818181818 0.9424177431813835 
36700 0.16193181818181818 0.942409375147073 
36800 0.20454545454545456 0.9423949540649834 
36900 0.16193181818181818 0.942389695647568 
37000 0.17897727272727273 0.9423899937593824 
37100 0.21306818181818182 0.9423830158951854 
37200 0.17897727272727273 0.9423769919430318 
37300 0.17045454545454544 0.9423841001094292 
37400 0.1875 0.942394132631359 
37500 0.20454545454545456 0.9423927483145904 
37600 0.19602272727272727 0.9423867625619241 
37700 0.13636363636363635 0.942393166566597 
37800 0.16193181818181818 0.9423938249589356 
37900 0.19602272727272727 0.942390507206574 
38000 0.1875 0.9423805533825664 
38100 0.17897727272727273 0.9423866082016459 
38200 0.20454545454545456 0.9423918876469203 
38300 0.19602272727272727 0.9423853459795732 
38400 0.1534090909090909 0.9423707005736119 
38500 0.2215909090909091 0.9423579759439542 
38600 0.17045454545454544 0.9423645995982205 
38700 0.2215909090909091 0.9423670048460105 
38800 0.17897727272727273 0.9423557792559236 
38900 0.17897727272727273 0.9423562230230118 
39000 0.17045454545454544 0.9423566645144297 
39100 0.17045454545454544 0.9423387218648209 
39200 0.1534090909090909 0.9423307991911153 
39300 0.19602272727272727 0.9423163388162689 
39400 0.20454545454545456 0.9423132719289543 
39500 0.20454545454545456 0.9423103644096467 
39600 0.16193181818181818 0.9423169410322513 
39700 0.21306818181818182 0.9423127508810174 
39800 0.16193181818181818 0.9423099379640987 
39900 0.17897727272727273 0.9423149710305734 
40000 0.17045454545454544 0.9423181323875994 
40100 0.1534090909090909 0.9423192943499482 
40200 0.19602272727272727 0.942326386611821 
40300 0.1534090909090909 0.9423380256749776 
40400 0.17045454545454544 0.9423402548541778 
40500 0.19602272727272727 0.9423346870223182 
40600 0.19602272727272727 0.9423469893262817 
40700 0.19602272727272727 0.9423405249145096 
40800 0.17897727272727273 0.9423437705403833 
40900 0.23863636363636365 0.9423429717210737 
41000 0.14488636363636365 0.9423450176381507 
41100 0.17897727272727273 0.9423478830419963 
41200 0.17045454545454544 0.9423450114847168 
41300 0.20454545454545456 0.9423504768759726 
41400 0.17045454545454544 0.9423627777985161 
41500 0.16193181818181818 0.9423510605439956 
41600 0.17045454545454544 0.9423441798820396 
41700 0.17897727272727273 0.9423424416462653 
41800 0.17045454545454544 0.9423394204357878 
41900 0.14488636363636365 0.9423306506028278 
42000 0.20454545454545456 0.9423271307393114 
42100 0.17045454545454544 0.9423229528126087 
42200 0.1534090909090909 0.9423270748646628 
42300 0.19602272727272727 0.942324595807965 
42400 0.19602272727272727 0.9423333846114264 
42500 0.16193181818181818 0.9423343113851866 
42600 0.19602272727272727 0.9423391016216008 
42700 0.1875 0.9423380147580108 
42800 0.17045454545454544 0.9423402517145946 
42900 0.21306818181818182 0.9423397632180645 
43000 0.1534090909090909 0.9423365022166503 
43100 0.16193181818181818 0.9423349700808461 
43200 0.17045454545454544 0.9423329189560006 
43300 0.14488636363636365 0.942338619095507 
43400 0.1875 0.942341871050311 
43500 0.1534090909090909 0.9423328956910082 
43600 0.17045454545454544 0.9423279360773626 
43700 0.2215909090909091 0.9423216990041834 
43800 0.1534090909090909 0.9423241815774235 
43900 0.17045454545454544 0.9423214759034273 
44000 0.20454545454545456 0.9423252389925022 
44100 0.19602272727272727 0.9423191934423256 
44200 0.17045454545454544 0.9423190883176235 
44300 0.20454545454545456 0.9423250757729663 
44400 0.13636363636363635 0.9423249578735942 
44500 0.17045454545454544 0.9423154561388815 
44600 0.17897727272727273 0.9423121118360575 
44700 0.1534090909090909 0.9423317253427318 
44800 0.19602272727272727 0.9423331789468985 
44900 0.17897727272727273 0.942323996630972 
45000 0.1534090909090909 0.9423189585685975 
45100 0.17045454545454544 0.9423208717403968 
45200 0.16193181818181818 0.9423174341476758 
45300 0.16193181818181818 0.9423172727473406 
45400 0.20454545454545456 0.9423174249265635 
45500 0.16193181818181818 0.9423160779683164 
45600 0.19602272727272727 0.9423260130858374 
45700 0.17897727272727273 0.9423212342678 
45800 0.20454545454545456 0.9423219347136128 
45900 0.17045454545454544 0.9423121104511488 
46000 0.17897727272727273 0.9423104808986366 
46100 0.14488636363636365 0.9423059004833262 
46200 0.1534090909090909 0.9423126540944607 
46300 0.17897727272727273 0.9423172310238734 
46400 0.19602272727272727 0.9423122983242916 
46500 0.17045454545454544 0.9423181392971021 
46600 0.16193181818181818 0.9423223092169306 
46700 0.17897727272727273 0.9423243321634148 
46800 0.16193181818181818 0.9423183338157111 
46900 0.1875 0.9423139965032729 
47000 0.1534090909090909 0.9423186232981503 
47100 0.21306818181818182 0.9423217225652418 
47200 0.17045454545454544 0.9423261328246127 
47300 0.2471590909090909 0.9423305844965799 
47400 0.20454545454545456 0.9423271660935423 
47500 0.1875 0.9423341087556052 
47600 0.20454545454545456 0.9423323087177313 
47700 0.16193181818181818 0.9423125896922305 
47800 0.17897727272727273 0.9423201730279511 
47900 0.2215909090909091 0.9423210229051965 
48000 0.16193181818181818 0.9423239998787905 
48100 0.21306818181818182 0.942319227439989 
48200 0.21306818181818182 0.9423119993738341 
48300 0.20454545454545456 0.9423129767687851 
48400 0.20454545454545456 0.9423026219405685 
48500 0.14488636363636365 0.9423054304409844 
48600 0.1534090909090909 0.9423099809955275 
48700 0.21306818181818182 0.9423146295297278 
48800 0.17045454545454544 0.9423286314922756 
48900 0.1534090909090909 0.9423250895594253 
49000 0.17897727272727273 0.9423302585661517 
49100 0.17045454545454544 0.9423200161633442 
49200 0.17045454545454544 0.9423185342685201 
49300 0.16193181818181818 0.9423163092764115 
49400 0.19602272727272727 0.9423157609985812 
49500 0.17045454545454544 0.9423103940967217 
49600 0.17045454545454544 0.9423162747818501 
49700 0.17045454545454544 0.9423093851230357 
49800 0.20454545454545456 0.9423114792328011 
49900 0.16193181818181818 0.9423131664331741 
50000 0.17897727272727273 0.942314790067835 
50100 0.20454545454545456 0.9423119843370936 
50200 0.20454545454545456 0.942302625264618 
50300 0.1534090909090909 0.9423018880882542 
50400 0.16193181818181818 0.9423053812965472 
50500 0.1534090909090909 0.9423086356525794 
50600 0.19602272727272727 0.9423073856786877 
50700 0.17897727272727273 0.9423118559612416 
50800 0.1875 0.9423136243738939 
50900 0.17045454545454544 0.9423168927740302 
51000 0.1875 0.9423218194473905 
51100 0.16193181818181818 0.9423292841627365 
51200 0.16193181818181818 0.9423323918566932 
51300 0.16193181818181818 0.9423434617613338 
51400 0.1534090909090909 0.9423545438627831 
51500 0.17045454545454544 0.9423549917830368 
51600 0.23011363636363635 0.9423448122922212 
51700 0.2215909090909091 0.9423427496566797 
51800 0.17045454545454544 0.9423478245418218 
51900 0.23011363636363635 0.9423448335204612 
52000 0.19602272727272727 0.9423463884435789 
52100 0.11079545454545454 0.9423467378047184 
52200 0.1534090909090909 0.9423406095494513 
52300 0.17045454545454544 0.9423405340763518 
52400 0.17045454545454544 0.9423452297926306 
52500 0.11931818181818182 0.9423516933010799 
52600 0.17897727272727273 0.9423485727025583 
52700 0.13636363636363635 0.9423601264250635 
52800 0.17897727272727273 0.9423674396662598 
52900 0.21306818181818182 0.9423589367618073 
53000 0.2215909090909091 0.9423519131714496 
53100 0.2215909090909091 0.9423372120196333 
53200 0.19602272727272727 0.9423284400840038 
53300 0.23863636363636365 0.9423260436867124 
53400 0.16193181818181818 0.9423156231326959 
53500 0.17045454545454544 0.9423143216524416 
53600 0.1534090909090909 0.9423157280817352 
53700 0.1875 0.9423232659456147 
53800 0.1875 0.9423219575168423 
53900 0.20454545454545456 0.9423166482827946 
54000 0.14488636363636365 0.9423096226332509 
54100 0.14488636363636365 0.9423155932254655 
54200 0.17045454545454544 0.942326363904725 
54300 0.1875 0.942330136645734 
54400 0.19602272727272727 0.9423309711051434 
54500 0.19602272727272727 0.9423239836299918 
54600 0.1534090909090909 0.9423249303625808 
54700 0.17045454545454544 0.9423269642735466 
54800 0.17045454545454544 0.9423264505790372 
54900 0.14488636363636365 0.9423258870098409 
55000 0.21306818181818182 0.9423203669024199 
55100 0.17897727272727273 0.9423268798949367 
55200 0.16193181818181818 0.9423207604111257 
55300 0.20454545454545456 0.942319646118515 
55400 0.1875 0.9423245354941082 
55500 0.16193181818181818 0.9423248516406748 
55600 0.16193181818181818 0.9423298673503256 
55700 0.17045454545454544 0.9423363441328783 
55800 0.1534090909090909 0.9423399975725427 
55900 0.20454545454545456 0.9423300180839178 
56000 0.17897727272727273 0.9423309303729965 
56100 0.17045454545454544 0.9423262690990761 
56200 0.11931818181818182 0.9423247079071708 
56300 0.16193181818181818 0.9423226981274352 
56400 0.1534090909090909 0.9423253294993158 
56500 0.21306818181818182 0.9423189010331273 
56600 0.1534090909090909 0.9423196225251401 
56700 0.21306818181818182 0.9423164334122694 
56800 0.21306818181818182 0.9423142058158387 
56900 0.1875 0.9423137335020474 
57000 0.16193181818181818 0.9423121165338407 
57100 0.1875 0.9423117987903412 
57200 0.17897727272727273 0.9423101411927001 
57300 0.20454545454545456 0.9423036802467354 
57400 0.13636363636363635 0.9423074372318506 
57500 0.1534090909090909 0.9423203707129204 
57600 0.16193181818181818 0.9423224087807819 
57700 0.17897727272727273 0.9423205009839124 
57800 0.1875 0.9423230724224652 
57900 0.1875 0.9423217097836275 
58000 0.21306818181818182 0.942318049767167 
58100 0.17897727272727273 0.9423146957257816 
58200 0.17045454545454544 0.9423199929398276 
58300 0.16193181818181818 0.9423201555095734 
58400 0.17897727272727273 0.9423202688777123 
58500 0.17045454545454544 0.9423235869316919 
58600 0.17897727272727273 0.942326263436398 
58700 0.17045454545454544 0.9423251559134039 
58800 0.16193181818181818 0.9423304295999914 
58900 0.17045454545454544 0.9423320679846461 
59000 0.16193181818181818 0.9423355305225951 
59100 0.1875 0.9423360972203209 
59200 0.19602272727272727 0.9423410768552742 
59300 0.19602272727272727 0.9423340630466143 
59400 0.14488636363636365 0.9423306119731685 
59500 0.19602272727272727 0.9423297985060602 
59600 0.19602272727272727 0.9423363759149862 
59700 0.1534090909090909 0.9423437878305678 
59800 0.20454545454545456 0.9423390609156733 
59900 0.11931818181818182 0.9423392821640555 
60000 0.21306818181818182 0.9423414439304799 
60100 0.1875 0.9423408096371109 
60200 0.16193181818181818 0.9423311640851632 
60300 0.1534090909090909 0.9423263088505995 
60400 0.1875 0.9423263142091266 
60500 0.16193181818181818 0.9423288551954814 
60600 0.14488636363636365 0.9423307314910795 
60700 0.19602272727272727 0.9423269386006821 
60800 0.1875 0.9423322227804267 
60900 0.2215909090909091 0.9423276002334638 
61000 0.23011363636363635 0.9423296059975171 
61100 0.16193181818181818 0.9423298848702074 
61200 0.17045454545454544 0.942334154893488 
61300 0.19602272727272727 0.9423341010305334 
61400 0.1875 0.9423380264017021 
61500 0.16193181818181818 0.9423350562666387 
61600 0.19602272727272727 0.9423319574209982 
61700 0.17045454545454544 0.9423400110650925 
61800 0.17897727272727273 0.9423444990592974 
61900 0.17897727272727273 0.9423496150745104 
62000 0.1875 0.9423418390612468 
62100 0.21306818181818182 0.9423345913036095 
62200 0.1534090909090909 0.9423346745375331 
62300 0.1875 0.9423373110894178 
62400 0.14488636363636365 0.942336797851433 
62500 0.1534090909090909 0.9423402407379664 
62600 0.16193181818181818 0.9423423111887553 
62700 0.19602272727272727 0.9423363100632004 
62800 0.23863636363636365 0.9423242663333387 
62900 0.20454545454545456 0.9423158289144125 
63000 0.19602272727272727 0.9423181955264779 
63100 0.21306818181818182 0.9423158723892865 
63200 0.20454545454545456 0.9423167480807985 
63300 0.17045454545454544 0.9423142550526992 
63400 0.17045454545454544 0.9423146824469358 
63500 0.1875 0.9423068319611287 
63600 0.1875 0.9423020435642092 
63700 0.19602272727272727 0.9423108278591317 
63800 0.1534090909090909 0.942312949996509 
63900 0.1875 0.94231293150911 
64000 0.1278409090909091 0.9423075420696552 
64100 0.11931818181818182 0.9423104571478816 
64200 0.1534090909090909 0.9423113276343755 
64300 0.16193181818181818 0.9423157299264397 
64400 0.17045454545454544 0.9423162366197024 
64500 0.19602272727272727 0.9423189880072331 
64600 0.14488636363636365 0.9423194880884197 
64700 0.17045454545454544 0.9423193719079795 
64800 0.17045454545454544 0.9423114086342663 
64900 0.1875 0.9423064902347772 
65000 0.1875 0.9423041656002495 
65100 0.17897727272727273 0.9423094848424336 
65200 0.17045454545454544 0.942314569910389 
65300 0.16193181818181818 0.9423192478606064 
65400 0.14488636363636365 0.9423168744987219 
65500 0.20454545454545456 0.9423185853512299 
65600 0.1534090909090909 0.9423207240466124 
65700 0.19602272727272727 0.9423164999564141 
65800 0.19602272727272727 0.9423164334335897 
65900 0.16193181818181818 0.9423108060851608 
66000 0.1534090909090909 0.9423178505559833 
66100 0.1534090909090909 0.942314773810326 
66200 0.1534090909090909 0.9423152252575147 
66300 0.1534090909090909 0.9423119903580228 
66400 0.19602272727272727 0.9423104337831714 
66500 0.17897727272727273 0.9423013632057481 
66600 0.16193181818181818 0.9423019173886278 
66700 0.1534090909090909 0.9423054939206309 
66800 0.1534090909090909 0.942308634465189 
66900 0.17897727272727273 0.9423138888398189 
67000 0.17045454545454544 0.9423144634204917 
67100 0.13636363636363635 0.9423189313666914 
67200 0.1534090909090909 0.9423128595894812 
67300 0.1534090909090909 0.9423209890843173 
67400 0.17045454545454544 0.9423268605402402 
67500 0.16193181818181818 0.9423291792983538 
67600 0.20454545454545456 0.9423292638893185 
67700 0.19602272727272727 0.9423227181416683 
67800 0.2215909090909091 0.9423136357602664 
67900 0.16193181818181818 0.9423147888436507 
68000 0.17045454545454544 0.942312429228982 
68100 0.19602272727272727 0.9423105771374336 
68200 0.17897727272727273 0.9423081889628384 
68300 0.16193181818181818 0.9423065148786588 
68400 0.1534090909090909 0.9423077530099906 
68500 0.20454545454545456 0.9423035546262762 
68600 0.17045454545454544 0.9423045449907304 
68700 0.13636363636363635 0.9423019348666355 
68800 0.16193181818181818 0.9423039157068277 
68900 0.17045454545454544 0.9423126940366349 
69000 0.13636363636363635 0.9423186883984553 
69100 0.21306818181818182 0.9423224042278036 
69200 0.19602272727272727 0.9423182681937071 
69300 0.17045454545454544 0.9423134881957627 
69400 0.16193181818181818 0.9423143709613825 
69500 0.23011363636363635 0.9423197066490868 
69600 0.17045454545454544 0.9423167819558497 
69700 0.20454545454545456 0.9423170448187127 
69800 0.1875 0.942314661420584 
69900 0.1534090909090909 0.9423177714976115 
70000 0.17045454545454544 0.9423221713715778 
70100 0.17045454545454544 0.9423215740016677 
70200 0.20454545454545456 0.9423128846908423 
70300 0.1534090909090909 0.9423064830967102 
70400 0.19602272727272727 0.942303085829101 
70500 0.17045454545454544 0.942310255753948 
70600 0.14488636363636365 0.9423087137575955 
70700 0.19602272727272727 0.9423151723455114 
70800 0.1534090909090909 0.9423225756955154 
70900 0.19602272727272727 0.9423235071052979 
71000 0.17897727272727273 0.9423248760260738 
71100 0.1875 0.9423292377936124 
71200 0.2215909090909091 0.9423288392272325 
71300 0.17045454545454544 0.9423268878671853 
71400 0.17045454545454544 0.9423305123050225 
71500 0.1875 0.942332298912539 
71600 0.17897727272727273 0.942333604406236 
71700 0.21306818181818182 0.9423373231766768 
71800 0.1875 0.9423356109879453 
71900 0.16193181818181818 0.9423384473727132 
72000 0.20454545454545456 0.942339973813495 
72100 0.17045454545454544 0.9423354281430972 
72200 0.17897727272727273 0.9423340821897456 
72300 0.17045454545454544 0.9423272782596996 
72400 0.19602272727272727 0.9423356784373897 
72500 0.19602272727272727 0.9423261481659814 
72600 0.1534090909090909 0.9423288528457534 
72700 0.19602272727272727 0.9423302214800097 
72800 0.19602272727272727 0.9423291279090822 
72900 0.1875 0.9423310769524299 
73000 0.16193181818181818 0.9423331763201251 
73100 0.2215909090909091 0.9423362415139204 
73200 0.16193181818181818 0.9423391042844671 
73300 0.16193181818181818 0.9423364945411882 
73400 0.17897727272727273 0.9423353239552099 
73500 0.17897727272727273 0.9423356639550977 
73600 0.17045454545454544 0.9423366592104109 
73700 0.17897727272727273 0.9423370350223446 
73800 0.19602272727272727 0.9423369093914716 
73900 0.14488636363636365 0.9423341700382944 
74000 0.17897727272727273 0.9423343557396644 
74100 0.1534090909090909 0.9423396782769463 
74200 0.2215909090909091 0.94234058350108 
74300 0.17897727272727273 0.942337624539496 
74400 0.16193181818181818 0.9423380718856418 
74500 0.17897727272727273 0.9423379460434332 
74600 0.1875 0.9423367161785547 
74700 0.21306818181818182 0.9423299371676903 
74800 0.21306818181818182 0.9423302784600595 
74900 0.14488636363636365 0.942333615220576 
75000 0.1875 0.9423421324079315 
75100 0.21306818181818182 0.9423440448680626 
75200 0.1875 0.9423374900720615 
75300 0.17897727272727273 0.942333367237668 
75400 0.1875 0.9423358488734777 
75500 0.1875 0.9423298577622693 
75600 0.1875 0.942327527533907 
75700 0.17045454545454544 0.9423226890842081 
75800 0.1875 0.9423273829440965 
75900 0.16193181818181818 0.9423306795574619 
76000 0.13636363636363635 0.9423390137809191 
76100 0.17045454545454544 0.942338889346813 
76200 0.20454545454545456 0.942337348531575 
76300 0.16193181818181818 0.9423343224382857 
76400 0.17897727272727273 0.9423392616826767 
76500 0.17045454545454544 0.9423399916935132 
76600 0.1875 0.9423346004265314 
76700 0.17045454545454544 0.9423391496021742 
76800 0.17897727272727273 0.94233902612537 
76900 0.17045454545454544 0.942339420163587 
77000 0.1534090909090909 0.9423357916839332 
77100 0.1875 0.9423347518779971 
77200 0.2215909090909091 0.9423335675703682 
77300 0.1875 0.9423278291707387 
77400 0.16193181818181818 0.9423289692052369 
77500 0.14488636363636365 0.9423324523085332 
77600 0.14488636363636365 0.9423358166073305 
77700 0.1875 0.942337124770829 
77800 0.1875 0.9423437607719461 
77900 0.16193181818181818 0.9423468423208478 
78000 0.1875 0.9423482405819972 
78100 0.19602272727272727 0.9423455976585098 
78200 0.19602272727272727 0.9423487013651302 
78300 0.1534090909090909 0.9423470079332552 
78400 0.13636363636363635 0.9423493772110977 
78500 0.20454545454545456 0.9423473253380675 
78600 0.17045454545454544 0.9423474111479035 
78700 0.17045454545454544 0.9423480382021252 
78800 0.1534090909090909 0.9423525211955086 
78900 0.11931818181818182 0.9423500796740679 
79000 0.1534090909090909 0.9423512763359727 
79100 0.1875 0.9423538706555831 
79200 0.16193181818181818 0.9423535171158307 
79300 0.17897727272727273 0.9423476475133296 
79400 0.21306818181818182 0.9423449412704901 
79500 0.14488636363636365 0.9423499604350317 
79600 0.17897727272727273 0.9423506842650446 
79700 0.17897727272727273 0.9423487685793837 
79800 0.1534090909090909 0.9423504888865598 
79900 0.19602272727272727 0.9423512448928276 
80000 0.1534090909090909 0.9423548753936031 
80100 0.16193181818181818 0.9423523611100078 
80200 0.19602272727272727 0.9423511637238711 
80300 0.21306818181818182 0.9423460777121535 
80400 0.17897727272727273 0.9423492018982125 
80500 0.23011363636363635 0.9423484010927025 
80600 0.17045454545454544 0.9423458751921643 
80700 0.17897727272727273 0.942342299464578 
80800 0.1875 0.9423381700383996 
80900 0.14488636363636365 0.9423368249746323 
81000 0.13636363636363635 0.9423281530755513 
81100 0.1278409090909091 0.9423250371870765 
81200 0.1875 0.9423246928777187 
81300 0.1875 0.9423197019828673 
81400 0.17045454545454544 0.9423174455641041 
81500 0.23863636363636365 0.942312266664882 
81600 0.17897727272727273 0.9423046982490187 
81700 0.14488636363636365 0.9423090056202718 
81800 0.1875 0.9423116701729586 
81900 0.19602272727272727 0.942308223287317 
82000 0.13636363636363635 0.9423039533331633 
82100 0.21306818181818182 0.9423004204355833 
82200 0.1534090909090909 0.942302114771884 
82300 0.17045454545454544 0.9423002841012647 
82400 0.14488636363636365 0.9423045257614923 
82500 0.16193181818181818 0.9423092736616967 
82600 0.1875 0.9423110522544852 
82700 0.1875 0.9423138570930768 
82800 0.17045454545454544 0.9423154886139935 
82900 0.19602272727272727 0.9423138606728069 
83000 0.17897727272727273 0.9423166177625462 
83100 0.1534090909090909 0.9423186161199242 
83200 0.21306818181818182 0.9423191755780908 
83300 0.20454545454545456 0.9423160504457547 
83400 0.17045454545454544 0.9423064948534517 
83500 0.23011363636363635 0.9423060461442487 
83600 0.14488636363636365 0.9423060062896159 
83700 0.19602272727272727 0.9423066792945887 
83800 0.17045454545454544 0.9423092152295861 
83900 0.17045454545454544 0.9423151311448232 
84000 0.17045454545454544 0.9423129161882272 
84100 0.19602272727272727 0.9423100309043996 
84200 0.19602272727272727 0.9423152499808359 
84300 0.1875 0.9423133123623034 
84400 0.19602272727272727 0.9423114466545528 
84500 0.1534090909090909 0.9423090138255491 
84600 0.1875 0.9423093067350375 
84700 0.17897727272727273 0.9423066473938807 
84800 0.20454545454545456 0.9423065738933182 
84900 0.1875 0.9423049948014318 
85000 0.17897727272727273 0.9423061266124142 
85100 0.1875 0.9423107275739736 
85200 0.17897727272727273 0.9423169182286593 
85300 0.17897727272727273 0.9423221618418627 
85400 0.1875 0.9423234678431486 
85500 0.19602272727272727 0.9423243056168402 
85600 0.19602272727272727 0.9423276968939402 
85700 0.1875 0.9423294891011137 
85800 0.17897727272727273 0.9423311115784834 
85900 0.19602272727272727 0.9423320026965503 
86000 0.1534090909090909 0.9423343452137448 
86100 0.1875 0.9423345706047126 
86200 0.19602272727272727 0.942332883978355 
86300 0.17897727272727273 0.9423347235521341 
86400 0.19602272727272727 0.9423358026159209 
86500 0.2215909090909091 0.9423345802097927 
86600 0.19602272727272727 0.9423375924170516 
86700 0.17897727272727273 0.9423392870062315 
86800 0.20454545454545456 0.9423383921006356 
86900 0.1875 0.9423353416269925 
87000 0.17045454545454544 0.9423349757735282 
87100 0.17897727272727273 0.9423322297729595 
87200 0.17897727272727273 0.9423276982332355 
87300 0.16193181818181818 0.9423335578265791 
87400 0.20454545454545456 0.9423283200421048 
87500 0.17045454545454544 0.942326665617328 
87600 0.19602272727272727 0.9423319874409902 
87700 0.17897727272727273 0.9423355155067166 
87800 0.2215909090909091 0.9423331790588427 
87900 0.21306818181818182 0.9423279068600936 
88000 0.17045454545454544 0.9423239379511184 
88100 0.17045454545454544 0.9423207197111579 
88200 0.13636363636363635 0.9423184428438762 
88300 0.09375 0.9423254047879618 
88400 0.13636363636363635 0.9423295872321478 
88500 0.17045454545454544 0.9423288167776225 
88600 0.20454545454545456 0.94232609215369 
88700 0.17897727272727273 0.9423273131080822 
88800 0.16193181818181818 0.9423279234672828 
88900 0.1875 0.9423288520120952 
89000 0.1534090909090909 0.9423225007175609 
89100 0.17897727272727273 0.9423227955813168 
89200 0.17045454545454544 0.9423273256210948 
89300 0.21306818181818182 0.9423229379493867 
89400 0.19602272727272727 0.9423209116025751 
89500 0.23011363636363635 0.9423178423095323 
89600 0.1534090909090909 0.9423216601174297 
89700 0.1875 0.9423247726537963 
89800 0.16193181818181818 0.9423223420269667 
89900 0.16193181818181818 0.9423291757296662 
90000 0.17897727272727273 0.9423342265894016 
90100 0.20454545454545456 0.9423302485796243 
90200 0.17897727272727273 0.9423278541560213 
90300 0.17045454545454544 0.9423232942653409 
90400 0.16193181818181818 0.9423230812008314 
90500 0.17897727272727273 0.9423213932342285 
90600 0.17045454545454544 0.942316228448211 
90700 0.17897727272727273 0.9423140506118505 
90800 0.1875 0.9423125658908442 
90900 0.17897727272727273 0.9423129283506232 
91000 0.17897727272727273 0.9423175357213857 
91100 0.17045454545454544 0.9423163950899651 
91200 0.16193181818181818 0.9423189015072602 
91300 0.16193181818181818 0.9423164550124413 
91400 0.17045454545454544 0.9423176815252667 
91500 0.16193181818181818 0.9423180049696427 
91600 0.17897727272727273 0.942317025121798 
91700 0.1875 0.9423190215036814 
91800 0.17045454545454544 0.9423178260585396 
91900 0.17897727272727273 0.9423208682564538 
92000 0.17045454545454544 0.9423170177992136 
92100 0.20454545454545456 0.9423128980931014 
92200 0.1875 0.9423092495052805 
92300 0.1875 0.9423054549295733 
92400 0.17897727272727273 0.9423068952913732 
92500 0.17897727272727273 0.9423090082072823 
92600 0.16193181818181818 0.9423105029790567 
92700 0.23011363636363635 0.9423087460564807 
92800 0.16193181818181818 0.9423053704358594 
92900 0.17045454545454544 0.942307934595087 
93000 0.17045454545454544 0.9423082022089694 
93100 0.21306818181818182 0.9423103611327288 
93200 0.1875 0.9423027308524782 
93300 0.1875 0.9422997756040811 
93400 0.14488636363636365 0.9422989254057043 
93500 0.16193181818181818 0.942301236933781 
93600 0.1534090909090909 0.9423002655857406 
93700 0.14488636363636365 0.9423075733644057 
93800 0.16193181818181818 0.9423099591398038 
93900 0.1534090909090909 0.9423079529601291 
94000 0.1875 0.9423069181565766 
94100 0.21306818181818182 0.9423083309422854 
94200 0.17045454545454544 0.9423106756249451 
94300 0.14488636363636365 0.9423122923115632 
94400 0.17045454545454544 0.9423123406820614 
94500 0.19602272727272727 0.9423179805216106 
94600 0.2215909090909091 0.942317962716135 
94700 0.17045454545454544 0.942314525093812 
94800 0.16193181818181818 0.9423216431357169 
94900 0.17045454545454544 0.9423232979152437 
95000 0.17045454545454544 0.9423232147795574 
95100 0.1875 0.9423202640541969 
95200 0.20454545454545456 0.9423246604552473 
95300 0.1534090909090909 0.9423191507577426 
95400 0.1534090909090909 0.9423185363027451 
95500 0.19602272727272727 0.9423191725265133 
95600 0.17897727272727273 0.94231912394412 
95700 0.16193181818181818 0.9423215690251171 
95800 0.21306818181818182 0.942322229745182 
95900 0.17897727272727273 0.9423231556974948 
96000 0.17045454545454544 0.9423213276187464 
96100 0.1875 0.9423147734722276 
96200 0.17045454545454544 0.9423112746418247 
96300 0.19602272727272727 0.9423067505671139 
96400 0.1875 0.9423049765609749 
96500 0.1534090909090909 0.9423044426765244 
96600 0.1534090909090909 0.9423088211490376 
96700 0.17897727272727273 0.9423072855315024 
96800 0.19602272727272727 0.9423058411304917 
96900 0.16193181818181818 0.9423071262516289 
97000 0.19602272727272727 0.9423109274412353 
97100 0.17897727272727273 0.9423091034077918 
97200 0.20454545454545456 0.9423087152582605 
97300 0.17897727272727273 0.94230780235838 
97400 0.17045454545454544 0.9423063079901177 
97500 0.19602272727272727 0.9423038842958255 
97600 0.1875 0.9423037650508425 
97700 0.14488636363636365 0.9423032971189464 
97800 0.17897727272727273 0.9423066644605791 
97900 0.17045454545454544 0.9423083708867307 
98000 0.2215909090909091 0.9423082185617772 
98100 0.1534090909090909 0.9423086457278259 
98200 0.1875 0.9423129775108752 
98300 0.14488636363636365 0.9423166357782359 
98400 0.14488636363636365 0.9423224519152152 
98500 0.19602272727272727 0.9423265257574681 
98600 0.2215909090909091 0.9423172224880625 
98700 0.19602272727272727 0.9423159973049918 
98800 0.19602272727272727 0.9423180525408742 
98900 0.17045454545454544 0.9423196727489657 
99000 0.17897727272727273 0.9423211749008963 
99100 0.17897727272727273 0.9423187466689172 
99200 0.19602272727272727 0.9423180988828008 
99300 0.17897727272727273 0.9423143626220005 
99400 0.17897727272727273 0.942317893271606 
99500 0.1875 0.9423186473228684 
99600 0.13636363636363635 0.9423195709973704 
99700 0.20454545454545456 0.9423180423101437 
99800 0.17897727272727273 0.9423193917258982 
99900 0.17045454545454544 0.9423188047075696 
