Created:December-12-2022 
Coverage:8 
N:20 
NUM-IONS:32 
NSTEPS:15000 
WRITE-PERIODICITY:100 
epsilon:1.71 
5  12 
1  20 
20  -8 
9  5 
-25  21 
21  -10 
-5  10 
-2  0 
9  -23 
-3  10 
9  19 
-4  29 
10  9 
4  6 
12  25 
11  38 
14  16 
16  5 
-5  19 
22  -12 
-18  -3 
6  -3 
27  37 
-11  0 
3  28 
39  17 
-2  16 
11  5 
22  10 
-5  24 
10  15 
30  8 
5  12 
1  20 
15  -14 
9  6 
-24  20 
15  -10 
-3  4 
-2  -9 
6  -25 
1  10 
9  23 
-4  31 
10  9 
6  2 
9  25 
14  35 
13  11 
17  9 
-5  23 
20  -12 
-18  -3 
3  -4 
28  37 
-14  -3 
4  30 
39  17 
-1  16 
11  5 
22  13 
-4  23 
12  14 
30  8 
5  12 
1  17 
15  -15 
10  9 
-27  20 
15  -10 
0  7 
-4  -11 
6  -23 
0  14 
3  22 
-5  33 
9  11 
5  1 
10  25 
13  33 
12  10 
17  9 
-5  22 
17  -15 
-18  -5 
1  -4 
32  34 
-13  -3 
5  31 
39  18 
-1  17 
14  1 
20  12 
-8  23 
16  15 
29  10 
5  12 
2  20 
15  -14 
10  8 
-24  23 
13  -9 
2  8 
-5  -6 
11  -24 
-2  7 
3  27 
-4  32 
9  11 
6  2 
8  28 
23  28 
11  12 
14  6 
-10  25 
17  -13 
-21  -6 
1  -4 
33  33 
-13  -3 
7  31 
39  17 
-1  16 
13  0 
17  9 
-6  21 
17  14 
29  10 
4  10 
3  19 
18  -13 
7  8 
-24  23 
12  -10 
3  8 
-5  -3 
11  -22 
-3  4 
3  22 
-5  30 
7  10 
9  3 
8  27 
24  29 
11  12 
15  5 
-9  25 
21  -16 
-25  -6 
2  -3 
38  29 
-13  -3 
7  31 
39  17 
-1  16 
13  0 
19  5 
-8  14 
12  21 
30  7 
2  13 
1  20 
16  -15 
6  8 
-25  25 
11  -13 
-5  10 
-6  -3 
9  -23 
-1  1 
5  17 
-7  31 
9  5 
9  3 
8  27 
20  28 
11  12 
17  4 
-8  23 
21  -16 
-28  -7 
2  0 
35  27 
-13  -6 
11  30 
36  19 
-3  14 
18  2 
19  5 
-16  11 
13  23 
30  8 
2  13 
2  19 
20  -6 
8  7 
-25  25 
11  -15 
-11  10 
-5  -4 
10  -23 
-4  1 
6  17 
-7  31 
12  5 
5  6 
13  28 
22  28 
11  12 
22  10 
-8  20 
21  -16 
-28  -9 
2  1 
35  30 
-8  -7 
10  28 
38  15 
-2  19 
22  0 
18  7 
-16  10 
13  23 
30  9 
2  13 
2  18 
20  -5 
3  7 
-20  28 
12  -17 
-13  11 
-5  -4 
9  -23 
-1  1 
7  17 
-7  31 
13  0 
5  7 
11  26 
25  26 
10  9 
20  7 
-6  22 
20  -15 
-29  -12 
6  2 
36  29 
-8  -6 
11  32 
39  16 
-5  21 
21  -4 
15  5 
-13  16 
13  23 
30  8 
2  13 
-5  17 
19  -6 
0  7 
-18  28 
12  -10 
-13  10 
-1  -4 
16  -25 
-1  3 
8  16 
-3  29 
15  1 
7  3 
9  25 
26  22 
12  12 
15  6 
-8  24 
21  -16 
-30  -12 
1  0 
41  30 
-8  -6 
11  32 
39  17 
-6  17 
19  0 
15  5 
-14  17 
12  23 
29  10 
2  13 
-4  15 
13  -4 
0  7 
-17  28 
12  -7 
-11  11 
-1  -3 
17  -31 
-1  5 
6  17 
-5  30 
15  -3 
5  6 
11  24 
24  26 
13  13 
15  7 
-11  23 
21  -16 
-32  -13 
1  -1 
38  29 
-4  -11 
11  32 
46  22 
-6  17 
19  -2 
15  6 
-13  18 
10  27 
30  8 
4  10 
-7  16 
12  -7 
0  7 
-17  28 
17  -6 
-14  12 
-1  -4 
17  -31 
-1  5 
7  17 
0  29 
11  -2 
5  7 
5  26 
23  27 
9  6 
14  7 
-11  23 
18  -18 
-34  -15 
1  0 
40  28 
-5  -7 
11  32 
43  23 
-5  17 
18  1 
14  6 
-14  18 
10  28 
33  3 
4  10 
-11  17 
15  -4 
0  7 
-17  28 
16  -3 
-15  12 
-1  -4 
13  -27 
-5  7 
6  17 
-3  31 
11  -2 
7  11 
4  23 
22  28 
13  3 
16  5 
-11  22 
22  -23 
-35  -14 
1  0 
40  28 
-7  -9 
12  33 
48  16 
-9  10 
19  -3 
16  10 
-15  14 
10  29 
34  6 
4  10 
-11  17 
15  -3 
-5  5 
-20  27 
11  -2 
-15  12 
0  -6 
13  -27 
-6  6 
9  13 
-1  23 
12  -3 
9  10 
4  23 
23  28 
12  3 
16  12 
-11  23 
23  -24 
-38  -20 
-6  -5 
42  33 
-10  -12 
10  36 
48  16 
-5  10 
19  -4 
15  14 
-15  20 
9  25 
34  7 
4  9 
-11  17 
16  -4 
-5  6 
-20  27 
15  -4 
-15  12 
0  -9 
14  -24 
-5  5 
5  15 
-3  24 
13  -7 
10  9 
5  26 
22  27 
19  -2 
20  14 
-14  22 
21  -24 
-38  -20 
-1  -3 
42  33 
-11  -9 
11  38 
47  17 
-3  9 
22  -1 
18  8 
-15  23 
9  26 
34  6 
3  9 
-11  19 
15  -4 
-4  6 
-23  28 
14  -4 
-15  12 
1  -6 
12  -26 
0  8 
5  14 
-3  29 
17  -6 
9  5 
3  27 
23  28 
22  -3 
19  14 
-14  22 
19  -22 
-38  -21 
-1  -4 
42  33 
-13  -6 
21  40 
46  18 
-5  10 
23  -1 
14  6 
-18  21 
9  26 
39  5 
-5  6 
-11  20 
13  -4 
-5  3 
-21  25 
19  -6 
-15  12 
1  -3 
15  -23 
0  7 
9  10 
-7  31 
14  -3 
8  1 
2  28 
22  29 
23  -4 
19  12 
-14  22 
15  -24 
-40  -20 
-1  -3 
42  33 
-12  -4 
22  40 
46  17 
-1  11 
25  -6 
16  6 
-18  15 
11  25 
35  5 
0  4 
-11  20 
9  -3 
-2  2 
-21  25 
21  0 
-16  11 
2  -3 
21  -25 
-3  10 
10  8 
-7  31 
12  -7 
8  1 
2  26 
22  28 
23  -4 
13  13 
-13  23 
15  -24 
-42  -20 
-1  -3 
42  33 
-14  -3 
19  38 
47  17 
-6  6 
27  -6 
21  4 
-18  22 
9  25 
35  5 
-1  3 
-11  19 
11  -2 
-1  -9 
-21  25 
22  1 
-9  12 
2  -3 
21  -25 
0  7 
10  8 
-9  30 
10  -3 
8  1 
-1  28 
22  28 
16  -2 
13  14 
-11  23 
15  -24 
-43  -20 
-4  -5 
37  29 
-16  1 
22  40 
45  14 
-4  6 
31  -4 
21  4 
-19  20 
10  25 
36  5 
-2  2 
-11  20 
10  -5 
-7  -9 
-21  25 
25  0 
-10  12 
1  -3 
22  -27 
0  7 
12  3 
-10  28 
19  -9 
10  0 
-4  30 
22  28 
19  -4 
13  13 
-11  22 
19  -20 
-44  -20 
-7  0 
40  28 
-16  1 
24  34 
45  14 
-3  4 
32  -6 
21  4 
-17  19 
9  25 
34  6 
-2  8 
-11  19 
7  -4 
-9  -10 
-22  26 
27  -3 
-11  10 
-1  -3 
22  -27 
0  7 
13  3 
-7  28 
22  -12 
9  0 
-7  30 
19  23 
19  -4 
14  15 
-11  23 
16  -24 
-43  -26 
-8  0 
40  28 
-15  6 
21  36 
46  15 
-3  6 
37  -11 
21  4 
-18  20 
11  25 
35  6 
-7  14 
-14  17 
5  -8 
-7  -9 
-26  26 
26  -2 
-10  8 
2  0 
22  -27 
0  7 
17  -2 
-7  28 
24  -14 
10  -4 
-5  26 
11  26 
17  -3 
16  15 
-11  23 
21  -24 
-44  -24 
-8  0 
36  26 
-15  7 
22  37 
45  14 
-5  7 
40  -12 
22  8 
-14  24 
9  25 
32  -2 
-4  13 
-13  14 
6  -8 
-4  -10 
-25  25 
27  -3 
-10  9 
2  -1 
22  -27 
-3  7 
13  -2 
-7  28 
24  -19 
12  -7 
-1  23 
9  25 
15  -3 
19  16 
-16  22 
18  -29 
-43  -26 
-8  3 
34  27 
-11  11 
21  36 
51  12 
-5  6 
36  -14 
23  8 
-14  22 
12  24 
29  -3 
-8  13 
-13  17 
4  -10 
0  -8 
-22  22 
26  -3 
-7  11 
-1  1 
22  -27 
1  11 
11  -2 
-8  28 
22  -14 
12  -6 
0  24 
9  26 
14  -3 
19  17 
-15  18 
20  -33 
-44  -25 
-7  3 
37  24 
-13  11 
21  36 
51  12 
-5  5 
38  -12 
22  8 
-15  26 
9  25 
33  0 
-8  14 
-14  18 
2  -12 
-3  -6 
-18  19 
24  -11 
-5  10 
-5  1 
22  -27 
-5  6 
14  -5 
-9  25 
20  -13 
15  -7 
-1  25 
9  26 
16  3 
19  17 
-14  17 
20  -30 
-50  -24 
-9  2 
35  25 
-13  11 
21  36 
49  17 
-8  13 
37  -11 
16  8 
-17  28 
7  30 
33  0 
-5  14 
-15  18 
3  -12 
-6  -4 
-18  20 
24  -11 
-3  5 
-7  0 
22  -27 
-5  5 
14  -5 
-7  23 
16  -9 
15  -3 
-1  25 
12  23 
15  3 
21  17 
-15  14 
18  -26 
-55  -25 
-11  3 
37  24 
-13  10 
21  36 
48  14 
-9  12 
35  -14 
20  7 
-23  31 
9  29 
32  1 
-8  13 
-17  22 
0  -8 
-5  -4 
-22  20 
24  -9 
-5  6 
-7  0 
22  -27 
-3  4 
14  -4 
-7  23 
10  -11 
14  -5 
1  24 
17  18 
15  3 
21  16 
-17  12 
15  -35 
-56  -19 
-16  4 
36  23 
-11  10 
22  37 
50  16 
-10  8 
34  -14 
20  8 
-23  30 
9  31 
29  -1 
-8  13 
-14  22 
-5  -10 
-5  -4 
-21  17 
23  -12 
-3  4 
-7  0 
20  -28 
1  11 
14  -5 
-11  26 
8  -13 
19  -11 
1  24 
15  13 
15  3 
21  15 
-18  8 
19  -35 
-55  -16 
-15  6 
36  23 
-13  10 
19  38 
54  16 
-9  9 
35  -15 
14  10 
-22  30 
9  30 
35  -3 
-10  16 
-15  21 
2  -7 
-5  -3 
-21  16 
23  -18 
-5  10 
-5  1 
22  -30 
3  8 
19  -6 
-11  25 
8  -12 
12  -7 
1  24 
18  7 
15  3 
23  17 
-17  3 
15  -34 
-58  -20 
-16  5 
36  23 
-13  11 
21  36 
53  23 
-10  8 
40  -13 
14  10 
-21  25 
9  30 
34  -3 
-10  17 
-17  22 
4  -10 
0  -8 
-21  18 
22  -20 
-3  4 
-2  2 
22  -32 
5  6 
21  -4 
-7  31 
8  -13 
12  -7 
1  24 
22  10 
16  3 
23  16 
-18  -3 
15  -35 
-57  -21 
-16  5 
34  22 
-13  10 
25  34 
52  23 
-10  9 
40  -13 
17  8 
-21  25 
9  30 
33  -4 
-9  18 
-13  17 
4  -11 
0  -4 
-21  17 
21  -20 
-3  6 
-1  3 
22  -32 
5  4 
22  -7 
-10  29 
7  -12 
14  -1 
1  24 
14  7 
12  3 
22  17 
-18  -1 
15  -34 
-65  -21 
-18  6 
36  16 
-13  10 
27  34 
49  25 
-11  6 
40  -12 
21  11 
-21  25 
9  31 
35  -3 
-11  23 
-14  17 
5  -9 
0  -6 
-21  17 
22  -20 
-3  9 
-5  1 
20  -28 
5  6 
24  -11 
-11  30 
8  -12 
13  3 
1  24 
15  5 
12  3 
23  16 
-13  -3 
17  -36 
-61  -24 
-20  8 
35  17 
-13  11 
25  34 
49  26 
-9  5 
39  -9 
22  13 
-21  25 
7  30 
29  -3 
-11  23 
-13  17 
5  -8 
0  -6 
-21  16 
21  -20 
-5  10 
2  0 
22  -23 
5  3 
25  -9 
-11  31 
8  -13 
11  6 
4  23 
14  7 
10  9 
23  16 
-13  -4 
16  -34 
-61  -26 
-22  8 
35  16 
-12  8 
25  34 
51  30 
-11  6 
40  -13 
22  13 
-21  25 
7  30 
28  -3 
-11  23 
-13  16 
7  -6 
1  -4 
-21  16 
21  -20 
-10  8 
5  3 
21  -23 
6  2 
25  -8 
-10  29 
8  -12 
7  10 
5  26 
15  5 
10  5 
22  17 
-14  -5 
17  -36 
-59  -25 
-20  8 
39  17 
-12  7 
25  34 
55  26 
-11  6 
40  -13 
22  13 
-21  23 
7  31 
32  -6 
-11  23 
-12  17 
4  -11 
-1  -6 
-21  16 
23  -21 
-10  8 
9  6 
21  -25 
4  6 
17  -11 
-10  29 
8  -13 
9  11 
5  26 
15  5 
12  3 
21  16 
-11  -3 
17  -35 
-60  -26 
-22  6 
39  17 
-13  8 
25  34 
55  27 
-10  5 
40  -12 
22  13 
-18  20 
9  30 
35  -7 
-11  20 
-14  17 
4  -11 
-1  -4 
-23  18 
23  -24 
-9  10 
9  6 
16  -24 
1  4 
16  -11 
-9  25 
8  -13 
9  11 
5  26 
15  5 
9  5 
21  15 
-9  -2 
17  -32 
-60  -26 
-22  6 
39  21 
-13  11 
27  37 
60  23 
-3  -3 
38  -12 
15  10 
-19  17 
13  28 
34  -7 
-11  19 
-10  21 
5  -8 
-1  -4 
-21  14 
23  -24 
-7  8 
9  5 
17  -30 
0  4 
16  -8 
-9  26 
8  -13 
9  10 
5  26 
16  5 
9  6 
22  21 
-11  -3 
20  -33 
-61  -23 
-22  8 
41  20 
-13  11 
27  37 
61  24 
-5  -3 
41  -11 
15  10 
-19  17 
7  30 
32  -7 
-14  17 
-11  20 
4  -12 
-1  -4 
-18  19 
22  -23 
-5  10 
11  5 
17  -33 
-1  5 
18  -13 
-10  29 
9  -14 
9  11 
4  23 
17  4 
10  5 
24  21 
-10  -8 
17  -29 
-64  -21 
-23  6 
41  20 
-13  10 
25  34 
61  24 
-5  -3 
45  -8 
16  11 
-17  19 
9  29 
35  -4 
-15  18 
-11  19 
3  -13 
-1  -3 
-21  25 
22  -20 
-5  10 
9  10 
17  -31 
0  7 
16  -10 
-10  29 
9  -15 
9  11 
2  17 
17  4 
12  3 
29  23 
-9  -8 
25  -28 
-61  -20 
-25  6 
42  19 
-13  10 
25  34 
61  24 
-13  -4 
47  -2 
13  11 
-18  13 
7  31 
35  -4 
-19  16 
-11  19 
3  -12 
-1  -4 
-21  25 
22  -20 
-5  10 
9  10 
14  -34 
2  10 
15  -14 
-9  29 
9  -14 
9  11 
1  17 
17  4 
13  3 
29  25 
-9  -8 
25  -28 
-64  -19 
-28  10 
45  18 
-13  10 
21  35 
61  24 
-12  -4 
46  -2 
13  11 
-18  13 
7  31 
32  -7 
-18  20 
-11  20 
3  -12 
-3  -6 
-21  25 
19  -19 
-5  5 
10  7 
14  -34 
2  8 
20  -13 
-10  28 
10  -15 
9  11 
9  17 
16  9 
12  3 
29  25 
-9  -8 
26  -28 
-66  -24 
-30  9 
49  19 
-11  10 
22  37 
61  24 
-14  -3 
46  6 
13  11 
-18  13 
7  31 
35  -3 
-18  19 
-11  17 
3  -12 
-4  -1 
-22  28 
19  -19 
-4  6 
13  8 
21  -29 
2  8 
17  -11 
-10  29 
9  -15 
11  8 
12  13 
15  10 
9  6 
30  28 
-9  -8 
24  -30 
-66  -23 
-30  5 
51  18 
-13  10 
22  40 
61  24 
-14  -3 
44  3 
13  11 
-18  13 
7  31 
37  -6 
-21  16 
-9  18 
3  -13 
-5  -4 
-20  32 
19  -19 
-3  4 
13  8 
21  -29 
2  8 
18  -11 
-10  29 
9  -15 
9  11 
14  14 
15  10 
9  6 
31  25 
-9  -8 
24  -29 
-65  -23 
-28  3 
49  19 
-12  13 
26  37 
59  24 
-14  2 
43  8 
13  11 
-18  13 
8  27 
40  -13 
-24  20 
-9  18 
6  -16 
-7  -7 
-15  32 
21  -20 
-4  11 
10  8 
21  -30 
0  8 
15  -14 
-9  29 
11  -14 
9  11 
14  16 
15  10 
9  6 
31  24 
-10  -8 
27  -30 
-65  -24 
-28  3 
49  19 
-12  14 
27  37 
61  24 
-14  2 
42  8 
13  11 
-18  13 
8  27 
34  -14 
-19  20 
-11  17 
8  -12 
-3  -6 
-15  32 
19  -19 
-4  3 
11  8 
20  -32 
-6  6 
15  -14 
-10  28 
9  -14 
7  10 
11  18 
19  10 
9  5 
32  24 
-9  -10 
23  -32 
-65  -23 
-28  3 
49  19 
-15  14 
26  43 
61  24 
-14  2 
43  7 
13  11 
-18  13 
8  27 
37  -16 
-17  22 
-9  16 
5  -13 
-3  -6 
-16  30 
19  -23 
-5  3 
11  6 
16  -28 
-5  10 
16  -14 
-9  29 
9  -14 
9  11 
15  16 
20  12 
9  5 
33  20 
-7  -17 
24  -35 
-65  -19 
-27  1 
49  19 
-15  14 
24  43 
61  24 
-14  2 
42  8 
12  13 
-18  13 
8  23 
37  -9 
-17  22 
-7  20 
5  -17 
-3  -6 
-15  32 
19  -24 
-5  3 
12  5 
14  -36 
-1  6 
14  -13 
-10  29 
10  -12 
9  10 
11  18 
16  15 
9  5 
34  21 
-8  -17 
21  -30 
-65  -15 
-28  2 
49  20 
-19  11 
25  46 
61  24 
-12  1 
40  8 
12  13 
-18  12 
9  23 
29  -9 
-18  20 
-8  23 
9  -15 
-5  -4 
-15  32 
19  -24 
-4  3 
10  5 
15  -37 
-5  10 
15  -14 
-10  29 
11  -14 
7  10 
12  18 
12  13 
11  8 
33  20 
-8  -20 
16  -31 
-62  -14 
-31  6 
49  19 
-24  12 
25  46 
60  24 
-11  0 
40  8 
16  8 
-18  13 
9  23 
29  -9 
-18  17 
-8  23 
9  -15 
-8  -7 
-15  34 
21  -24 
-3  3 
8  5 
16  -35 
-3  4 
14  -14 
-9  28 
12  -15 
7  11 
11  18 
7  16 
10  9 
36  20 
-7  -20 
14  -33 
-65  -15 
-30  8 
49  19 
-24  10 
26  45 
59  25 
-11  0 
40  7 
20  8 
-18  13 
4  26 
31  -8 
-19  20 
-6  22 
9  -15 
-7  -6 
-15  32 
19  -23 
-5  3 
10  5 
17  -30 
-2  6 
17  -16 
-4  29 
11  -12 
4  10 
11  18 
5  18 
11  5 
35  17 
-7  -20 
14  -34 
-65  -15 
-30  8 
49  19 
-28  10 
22  40 
61  24 
-11  0 
40  7 
19  10 
-18  13 
3  25 
31  -8 
-28  20 
-3  24 
8  -15 
-13  -7 
-15  34 
22  -21 
-5  6 
10  7 
17  -29 
2  6 
14  -14 
-4  31 
10  -11 
4  10 
9  17 
2  21 
9  3 
37  14 
-7  -20 
16  -34 
-63  -11 
-31  5 
49  19 
-30  8 
22  37 
61  24 
-11  0 
40  7 
18  7 
-18  13 
5  26 
31  -8 
-31  23 
-4  23 
4  -18 
-15  -6 
-14  37 
22  -23 
-5  6 
11  3 
19  -22 
-1  5 
17  -11 
-5  30 
12  -17 
4  10 
6  22 
1  16 
8  1 
34  15 
-6  -19 
15  -33 
-67  -9 
-30  5 
47  17 
-30  8 
20  32 
59  23 
-11  0 
40  8 
16  6 
-18  13 
5  26 
31  -2 
-31  25 
-5  23 
7  -17 
-15  -6 
-14  32 
23  -26 
-5  6 
12  3 
21  -22 
-1  3 
14  -14 
-6  30 
12  -19 
5  12 
5  23 
0  14 
9  3 
33  20 
-4  -20 
20  -32 
-70  -12 
-31  6 
45  20 
-30  9 
17  24 
54  21 
-11  -1 
36  10 
15  5 
-16  14 
3  22 
31  -2 
-31  26 
-4  23 
5  -19 
-15  -6 
-14  32 
22  -23 
-5  6 
12  3 
21  -24 
1  4 
16  -14 
-7  31 
14  -16 
5  12 
4  23 
-1  14 
9  3 
34  18 
-1  -16 
20  -32 
-74  -12 
-31  5 
43  22 
-28  11 
17  24 
52  20 
-11  0 
35  5 
17  9 
-20  14 
6  24 
31  -4 
-27  23 
-4  23 
2  -19 
-13  -1 
-14  32 
21  -24 
-1  12 
12  5 
21  -26 
-1  1 
15  -10 
-7  31 
19  -10 
4  10 
6  22 
-5  17 
9  3 
39  17 
-3  -13 
20  -33 
-71  -9 
-27  6 
41  24 
-31  5 
17  24 
52  20 
-11  -1 
37  9 
18  5 
-21  20 
5  26 
33  -6 
-28  24 
-5  23 
1  -20 
-13  -3 
-15  32 
21  -25 
-5  6 
13  3 
24  -24 
0  -1 
15  -10 
-7  31 
25  -9 
4  10 
5  26 
-15  14 
9  3 
39  16 
-1  -14 
21  -31 
-69  -10 
-23  8 
44  25 
-28  3 
17  24 
56  9 
-11  0 
37  11 
15  5 
-28  17 
3  28 
32  -7 
-31  26 
-5  23 
2  -20 
-13  -3 
-16  30 
18  -20 
0  8 
14  6 
21  -20 
-1  -3 
21  -11 
-7  31 
22  -5 
4  9 
3  28 
-14  13 
9  3 
37  14 
-6  -4 
20  -33 
-71  -9 
-25  6 
47  23 
-31  5 
15  27 
58  11 
-11  0 
37  8 
15  5 
-24  20 
2  33 
35  -3 
-31  26 
-4  23 
2  -20 
-19  -4 
-15  32 
15  -14 
-1  8 
14  7 
22  -19 
-4  -3 
15  -6 
-7  31 
21  -5 
4  10 
2  28 
-13  17 
12  3 
37  14 
-10  -4 
20  -33 
-73  -9 
-25  7 
46  22 
-32  5 
14  26 
55  5 
-10  -3 
37  8 
15  3 
-25  17 
2  33 
36  -4 
-31  26 
-5  23 
1  -20 
-20  -8 
-15  34 
19  -19 
-3  9 
14  7 
22  -20 
1  -4 
17  -5 
-9  30 
23  -5 
5  12 
1  35 
-13  18 
9  7 
39  16 
-6  -1 
19  -32 
-73  -9 
-23  6 
44  23 
-31  3 
20  34 
57  4 
-9  -4 
36  12 
17  7 
-23  14 
2  33 
39  5 
-36  23 
-6  23 
3  -21 
-20  -6 
-19  36 
18  -24 
-3  7 
20  0 
22  -23 
1  0 
13  -4 
-8  25 
28  -7 
4  10 
0  38 
-13  18 
8  10 
39  16 
-5  -4 
17  -30 
-73  -9 
-21  5 
46  18 
-31  3 
24  29 
58  -2 
-8  -7 
35  14 
15  10 
-23  14 
2  33 
37  9 
-39  24 
-9  18 
2  -20 
-18  -3 
-20  32 
13  -22 
-6  6 
18  -1 
21  -20 
1  -3 
13  -9 
-10  26 
25  -6 
0  14 
-1  36 
-8  17 
9  10 
39  17 
-5  -3 
19  -32 
-72  -10 
-23  7 
47  17 
-31  6 
24  30 
57  4 
-8  -7 
36  15 
17  8 
-22  14 
2  33 
35  5 
-39  24 
-9  16 
8  -24 
-19  -4 
-19  29 
12  -26 
-5  6 
19  -3 
22  -20 
0  -8 
12  -10 
-10  29 
25  -6 
-3  14 
-1  36 
-13  18 
9  11 
42  18 
-8  -3 
17  -30 
-71  -10 
-22  7 
46  17 
-29  10 
22  28 
58  9 
-7  -6 
37  15 
25  6 
-25  13 
2  31 
40  7 
-41  25 
-14  17 
7  -23 
-18  -3 
-22  34 
10  -24 
-4  3 
14  -3 
23  -17 
-8  -10 
13  -9 
-9  28 
25  -6 
-3  14 
-6  35 
-14  24 
9  11 
41  16 
-8  -7 
15  -30 
-69  -14 
-22  11 
46  15 
-21  11 
21  30 
55  7 
-5  -6 
35  17 
25  7 
-32  16 
2  33 
40  8 
-41  25 
-13  17 
6  -22 
-18  -3 
-22  40 
9  -23 
-4  3 
13  -2 
25  -16 
-11  -9 
13  -9 
-10  28 
20  -8 
-1  16 
-5  36 
-11  25 
7  8 
41  16 
-8  -7 
16  -30 
-71  -14 
-25  10 
46  12 
-25  3 
18  29 
55  6 
-7  -7 
36  15 
25  6 
-33  16 
2  33 
39  11 
-45  26 
-14  17 
7  -24 
-19  0 
-21  43 
5  -26 
-4  3 
13  0 
23  -18 
-11  -10 
21  -10 
-10  29 
22  0 
-9  18 
-4  36 
-8  23 
7  11 
41  16 
-7  -7 
15  -27 
-71  -14 
-20  13 
45  11 
-25  3 
20  32 
52  0 
-5  -4 
35  14 
25  6 
-33  17 
2  33 
38  8 
-43  24 
-14  18 
7  -23 
-19  0 
-21  45 
5  -25 
-4  3 
12  0 
27  -17 
-11  -10 
20  -13 
-9  25 
22  0 
-9  18 
-3  29 
-7  23 
7  10 
42  17 
-7  -9 
17  -30 
-68  -16 
-22  8 
44  10 
-25  3 
20  28 
57  -6 
-5  -4 
39  14 
24  3 
-34  17 
2  33 
34  6 
-45  25 
-16  23 
8  -24 
-19  0 
-23  44 
5  -22 
-4  3 
15  2 
24  -15 
-11  -9 
20  -12 
-12  28 
22  0 
-9  18 
-2  31 
-8  23 
7  11 
42  17 
-7  -10 
17  -31 
-70  -15 
-22  8 
44  10 
-26  6 
19  27 
61  -6 
-1  -3 
36  6 
25  4 
-33  17 
2  33 
38  7 
-43  25 
-14  22 
6  -23 
-18  0 
-23  44 
3  -24 
-4  3 
9  6 
24  -18 
-11  -9 
18  -13 
-12  27 
22  1 
-5  16 
-3  31 
-7  23 
7  10 
41  17 
-7  -9 
15  -35 
-68  -17 
-26  6 
46  12 
-25  3 
21  31 
61  -4 
-1  -2 
35  10 
27  -3 
-32  16 
2  33 
38  6 
-46  26 
-13  23 
6  -23 
-21  -4 
-23  46 
2  -23 
-5  1 
9  6 
25  -16 
-10  -11 
18  -12 
-12  27 
22  0 
-5  17 
-5  30 
-4  23 
7  11 
48  16 
-7  -9 
17  -31 
-71  -15 
-25  6 
45  12 
-27  0 
16  29 
63  -1 
-3  -9 
40  7 
26  -5 
-33  17 
2  33 
39  5 
-44  26 
-6  30 
4  -22 
-25  -3 
-24  49 
1  -24 
-6  0 
9  6 
24  -17 
-8  -7 
23  -12 
-13  30 
21  0 
-3  14 
-2  26 
-5  23 
10  8 
46  17 
-7  -9 
17  -32 
-70  -11 
-23  4 
46  12 
-27  0 
18  25 
67  -3 
1  -8 
40  8 
22  0 
-35  14 
2  33 
41  4 
-43  31 
-10  32 
6  -25 
-25  -4 
-21  48 
-1  -26 
-6  -4 
13  3 
20  -20 
-8  -7 
22  -14 
-11  30 
21  0 
-5  17 
-5  30 
-2  22 
10  10 
47  17 
-7  -9 
17  -31 
-70  -11 
-23  4 
45  12 
-28  3 
19  25 
66  -8 
4  -9 
42  8 
21  -4 
-33  14 
2  33 
39  4 
-35  34 
-9  32 
6  -22 
-26  -3 
-19  52 
-4  -24 
-1  -6 
13  3 
14  -19 
-11  -3 
21  -9 
-13  30 
21  0 
-8  14 
-3  29 
-2  19 
15  10 
47  16 
-10  -12 
23  -28 
-71  -15 
-23  8 
45  11 
-28  3 
19  25 
65  -8 
4  -10 
43  3 
21  -2 
-33  17 
2  33 
38  2 
-35  34 
-8  33 
7  -23 
-27  -7 
-18  50 
-4  -20 
-3  -6 
12  3 
14  -17 
-11  -3 
22  -3 
-11  30 
21  0 
-2  9 
-1  31 
-1  16 
20  8 
46  17 
-13  -9 
23  -24 
-74  -18 
-21  5 
44  11 
-28  5 
21  24 
65  -8 
4  -11 
45  6 
19  1 
-34  15 
2  33 
31  -4 
-33  35 
-8  37 
8  -24 
-29  -2 
-19  57 
-5  -24 
0  -8 
9  6 
15  -17 
-13  -3 
22  -3 
-11  31 
23  -1 
0  7 
2  28 
-3  14 
15  6 
45  18 
-10  -8 
23  -24 
-75  -17 
-23  6 
44  9 
-30  8 
21  24 
65  -6 
5  -14 
43  8 
21  0 
-35  12 
1  32 
30  -4 
-40  34 
-3  34 
12  -23 
-31  0 
-19  56 
-1  -23 
-3  -11 
9  5 
15  -17 
-11  -1 
27  -3 
-11  30 
21  0 
3  8 
2  28 
-7  20 
17  4 
47  18 
-9  -8 
25  -26 
-71  -17 
-20  7 
44  11 
-28  10 
21  24 
62  -7 
3  -13 
45  6 
21  -1 
-34  12 
-4  29 
32  -7 
-37  39 
-4  32 
11  -22 
-31  0 
-23  54 
-3  -25 
-8  -10 
13  0 
15  -17 
-11  -1 
26  -3 
-12  30 
21  0 
3  8 
2  28 
-8  20 
15  10 
47  17 
-6  0 
25  -26 
-72  -19 
-20  7 
44  10 
-30  7 
21  24 
65  -8 
5  -14 
44  4 
21  -4 
-35  11 
-7  33 
31  -8 
-38  40 
-4  31 
11  -22 
-31  0 
-26  55 
-6  -20 
-9  -11 
13  0 
18  -18 
-11  -1 
27  -4 
-11  31 
19  -4 
3  8 
0  28 
-11  17 
15  10 
52  13 
-1  -3 
25  -26 
-72  -19 
-23  4 
44  9 
-30  9 
19  25 
65  -8 
4  -14 
43  2 
23  -4 
-36  10 
-2  29 
31  -8 
-37  43 
-3  29 
11  -22 
-31  0 
-24  56 
-8  -27 
-5  -10 
13  0 
14  -20 
-11  -1 
26  -3 
-11  30 
19  -4 
2  8 
-4  25 
-12  16 
20  7 
50  16 
0  -3 
25  -26 
-72  -19 
-21  11 
44  10 
-28  4 
21  24 
66  -8 
3  -13 
45  6 
22  -3 
-35  12 
1  36 
32  0 
-35  40 
-3  26 
9  -23 
-31  0 
-29  52 
-8  -27 
-5  -9 
12  1 
13  -20 
-11  -1 
27  -6 
-13  31 
19  -3 
0  7 
-5  23 
-14  12 
15  5 
50  17 
-4  0 
24  -27 
-72  -19 
-23  8 
44  10 
-27  3 
18  26 
65  -8 
2  -12 
46  5 
22  -3 
-36  11 
-2  40 
32  3 
-33  43 
-5  30 
6  -23 
-31  0 
-29  52 
-8  -27 
-3  -11 
19  -6 
15  -19 
-13  -2 
27  -6 
-8  30 
19  -4 
0  8 
-5  25 
-15  12 
14  6 
51  16 
0  2 
33  -27 
-72  -19 
-20  7 
44  10 
-31  6 
19  25 
62  -12 
3  -12 
42  -3 
22  -5 
-36  11 
-2  42 
35  6 
-34  42 
-5  30 
7  -26 
-30  2 
-29  52 
-9  -22 
-5  -15 
17  -6 
15  -21 
-13  -3 
30  -12 
-9  29 
19  -4 
2  10 
0  28 
-15  11 
17  5 
55  16 
-1  -2 
32  -27 
-72  -19 
-20  7 
44  10 
-32  7 
21  24 
61  -8 
2  -12 
42  -3 
22  -7 
-36  11 
-7  36 
35  6 
-34  42 
-10  27 
5  -28 
-31  -1 
-29  52 
-9  -22 
-6  -14 
15  -3 
14  -23 
-11  -3 
33  -15 
-6  33 
19  -4 
-2  12 
1  30 
-15  11 
17  5 
59  17 
2  0 
32  -27 
-71  -17 
-20  7 
44  10 
-32  7 
19  23 
53  -4 
3  -12 
42  -1 
22  -7 
-43  14 
-7  31 
36  10 
-35  47 
-9  30 
5  -28 
-34  2 
-30  52 
-9  -22 
-1  -15 
15  -3 
17  -26 
-14  -3 
35  -14 
-5  36 
19  -3 
0  8 
-1  30 
-16  10 
16  6 
59  18 
1  -1 
33  -23 
-71  -17 
-23  4 
44  9 
-32  7 
15  23 
53  -4 
4  -14 
41  0 
22  -7 
-45  10 
-7  31 
35  5 
-36  46 
-13  31 
5  -28 
-36  3 
-33  50 
-9  -22 
-1  -15 
15  -7 
20  -26 
-8  -7 
38  -12 
-4  40 
15  -4 
1  4 
-2  31 
-16  11 
14  6 
59  17 
1  -5 
35  -23 
-71  -17 
-20  8 
44  10 
-32  7 
16  23 
53  0 
5  -14 
37  0 
14  -10 
-44  9 
-7  31 
35  6 
-38  48 
-10  28 
5  -28 
-31  5 
-31  51 
-11  -23 
-1  -15 
7  -4 
22  -31 
-5  -10 
40  -13 
1  40 
13  0 
-1  4 
-4  30 
-16  11 
15  5 
59  16 
0  -5 
39  -23 
-71  -14 
-22  10 
44  9 
-32  7 
15  23 
52  3 
2  -19 
42  0 
17  -11 
-38  13 
-7  31 
37  6 
-37  48 
-9  29 
5  -28 
-27  3 
-31  50 
-5  -23 
-1  -15 
5  -6 
22  -30 
-2  -8 
35  -14 
2  39 
11  -2 
1  4 
-1  32 
-15  11 
15  7 
61  17 
2  -3 
41  -20 
-71  -15 
-19  11 
44  10 
-33  8 
18  22 
49  6 
2  -19 
43  -1 
17  -11 
-38  12 
-7  31 
34  6 
-37  48 
-7  28 
7  -23 
-25  3 
-33  50 
-5  -24 
-1  -15 
5  -6 
15  -30 
-3  -16 
37  -12 
2  40 
11  -2 
1  4 
0  31 
-11  11 
18  7 
60  14 
1  -4 
42  -19 
-70  -12 
-23  14 
47  11 
-32  7 
19  23 
50  9 
4  -17 
39  -3 
20  -13 
-38  8 
-9  32 
35  6 
-38  48 
-9  30 
9  -23 
-24  3 
-33  50 
-4  -20 
-1  -15 
6  -5 
19  -31 
-2  -11 
41  -9 
-1  37 
11  -2 
-5  5 
-3  30 
-11  11 
17  9 
57  11 
1  -5 
42  -20 
-68  -17 
-26  16 
47  11 
-32  7 
14  26 
53  11 
5  -16 
39  -4 
20  -12 
-36  10 
-8  33 
36  11 
-37  48 
-10  29 
7  -25 
-24  3 
-33  50 
-3  -26 
-2  -20 
5  -8 
9  -23 
-5  -17 
42  -10 
-1  38 
11  -2 
-3  9 
0  32 
-11  11 
17  11 
54  17 
-5  -10 
41  -20 
-71  -15 
-23  18 
47  11 
-33  8 
15  25 
57  4 
5  -14 
38  -5 
18  -14 
-35  11 
-8  33 
31  12 
-37  47 
-10  28 
7  -23 
-25  3 
-32  50 
-7  -26 
2  -23 
5  -8 
7  -26 
-7  -17 
35  -9 
-1  36 
13  -2 
-2  2 
-5  25 
-11  10 
17  14 
55  17 
-3  -10 
42  -20 
-71  -15 
-28  20 
46  8 
-32  8 
17  27 
54  6 
5  -14 
42  -10 
17  -11 
-35  14 
-8  33 
31  12 
-38  48 
-9  30 
7  -23 
-25  3 
-33  51 
-6  -20 
1  -24 
10  -8 
6  -27 
-10  -15 
39  -4 
2  37 
10  -4 
-4  -2 
-5  25 
-11  10 
12  16 
56  17 
2  -7 
42  -20 
-71  -15 
-27  23 
47  10 
-32  7 
20  28 
54  6 
5  -16 
37  -15 
19  -8 
-35  14 
-7  33 
31  12 
-43  49 
-5  30 
6  -23 
-24  3 
-33  51 
-6  -19 
1  -25 
4  -9 
2  -32 
-8  -17 
37  -6 
1  36 
13  -7 
-4  5 
-5  23 
-13  10 
14  18 
55  17 
2  -7 
42  -20 
-67  -17 
-25  13 
50  9 
-31  5 
15  27 
54  6 
5  -20 
34  -13 
20  -12 
-35  14 
-14  32 
31  12 
-38  49 
-3  25 
5  -22 
-22  0 
-30  56 
-9  -22 
1  -28 
5  -8 
3  -32 
-11  -15 
35  -3 
1  36 
12  -7 
-3  9 
-8  20 
-10  7 
14  15 
49  17 
2  -7 
41  -20 
-67  -17 
-27  11 
48  8 
-30  8 
14  26 
56  6 
7  -23 
37  -16 
20  -6 
-35  14 
-14  32 
31  12 
-38  50 
-3  30 
7  -23 
-17  -1 
-31  57 
-6  -25 
-5  -30 
5  -8 
2  -32 
-11  -14 
38  0 
2  37 
12  -7 
-5  6 
-6  21 
-11  11 
15  16 
50  17 
2  -7 
41  -19 
-65  -17 
-27  11 
48  7 
-30  5 
19  25 
60  7 
10  -25 
39  -16 
21  -4 
-34  13 
-13  34 
33  8 
-36  45 
0  28 
5  -26 
-18  0 
-31  57 
-7  -23 
-9  -34 
4  -10 
2  -34 
-11  -15 
41  0 
-1  36 
12  -6 
-5  3 
-6  22 
-11  10 
20  14 
53  20 
2  -7 
45  -14 
-68  -17 
-30  8 
48  7 
-27  8 
21  24 
60  7 
9  -17 
39  -17 
21  -4 
-39  12 
-14  33 
31  12 
-34  40 
0  27 
3  -28 
-18  0 
-34  57 
-9  -24 
-9  -34 
4  -10 
5  -35 
-11  -15 
39  1 
1  36 
15  -6 
-5  -4 
-10  25 
-11  11 
19  14 
55  23 
1  -5 
45  -14 
-70  -11 
-32  5 
48  7 
-29  7 
21  24 
57  7 
9  -17 
37  -11 
22  -5 
-38  13 
-15  32 
31  12 
-37  43 
-2  26 
5  -29 
-21  1 
-35  57 
-10  -24 
-10  -32 
4  -9 
4  -35 
-7  -17 
39  5 
2  40 
13  -4 
-6  -4 
-11  25 
-13  10 
17  18 
56  23 
2  -3 
44  -14 
-68  -15 
-32  8 
48  7 
-31  11 
19  23 
57  9 
9  -17 
34  -7 
27  -3 
-38  13 
-15  32 
31  12 
-36  50 
-4  29 
0  -26 
-23  -6 
-33  57 
-13  -24 
-10  -31 
5  -8 
5  -37 
-9  -13 
39  5 
1  36 
15  -3 
-5  -10 
-11  26 
-11  10 
19  17 
56  23 
2  -3 
45  -14 
-71  -15 
-32  7 
50  8 
-29  8 
17  24 
54  10 
9  -17 
33  -9 
26  -3 
-38  13 
-15  34 
30  13 
-36  50 
-5  36 
-5  -29 
-24  -5 
-38  61 
-10  -23 
-6  -30 
4  -9 
4  -37 
-12  -13 
40  8 
1  36 
10  -5 
-3  -16 
-8  25 
-11  11 
19  21 
53  20 
2  -5 
43  -13 
-69  -14 
-38  10 
50  8 
-31  10 
15  26 
55  10 
9  -17 
32  -9 
27  -2 
-38  13 
-16  33 
25  14 
-35  52 
-6  35 
-9  -24 
-28  -7 
-38  60 
-9  -22 
-10  -33 
6  -8 
1  -36 
-16  -11 
35  10 
2  33 
9  -3 
-3  -16 
-8  23 
-9  10 
16  20 
57  14 
1  -4 
44  -15 
-69  -11 
-37  8 
49  5 
-32  10 
17  29 
56  10 
9  -17 
33  -9 
26  -3 
-35  11 
-16  30 
28  16 
