Created:December-12-2022 
Coverage:15 
N:20 
NUM-IONS:60 
NSTEPS:15000 
WRITE-PERIODICITY:100 
epsilon:1.71 
8  22 
2  5 
-6  17 
6  14 
-13  17 
28  8 
17  5 
27  3 
3  6 
9  7 
10  -21 
6  18 
18  3 
-4  12 
19  13 
2  -3 
24  25 
46  21 
16  0 
5  30 
5  8 
9  17 
30  43 
2  28 
11  15 
-2  -21 
20  9 
26  27 
-1  5 
5  2 
16  13 
7  1 
1  9 
2  -7 
15  16 
-20  26 
25  27 
28  35 
34  -1 
0  -13 
-29  -8 
4  -1 
3  9 
17  15 
16  1 
37  26 
-2  10 
0  -1 
25  4 
13  60 
17  7 
19  -14 
-9  7 
1  3 
7  29 
6  37 
-5  8 
32  2 
13  9 
-10  12 
11  23 
3  7 
-6  17 
2  15 
-14  21 
28  8 
21  3 
27  3 
2  4 
9  7 
11  -22 
6  19 
18  3 
-4  11 
25  15 
2  -3 
25  27 
45  19 
16  2 
-2  37 
5  8 
14  13 
32  43 
2  29 
10  15 
-2  -21 
20  9 
26  27 
-1  5 
5  2 
14  15 
5  0 
3  9 
2  -7 
15  16 
-18  28 
25  24 
29  37 
33  1 
-2  -10 
-31  -7 
4  -1 
7  10 
19  13 
16  3 
38  32 
-3  11 
0  -2 
24  5 
15  60 
15  5 
17  -15 
-9  7 
3  -1 
4  28 
4  40 
-2  13 
36  1 
13  8 
-15  13 
12  25 
3  5 
-6  17 
2  15 
-14  21 
28  9 
21  5 
32  4 
4  5 
9  7 
11  -22 
6  20 
19  3 
-5  9 
29  20 
2  -3 
25  27 
42  18 
16  2 
-5  36 
7  10 
12  9 
33  40 
-1  25 
4  19 
0  -22 
22  9 
26  26 
1  4 
5  2 
15  14 
-1  2 
5  8 
3  -5 
16  18 
-17  26 
25  25 
30  36 
34  -2 
-2  -11 
-31  -7 
-1  0 
5  10 
21  14 
16  3 
37  27 
-1  11 
-1  -6 
23  7 
16  60 
15  5 
19  -13 
-9  7 
5  4 
6  27 
4  40 
0  11 
36  1 
13  8 
-14  14 
11  27 
1  2 
-7  13 
6  14 
-14  21 
30  12 
22  8 
28  4 
8  8 
9  7 
12  -22 
7  19 
18  3 
-6  14 
26  19 
2  -3 
22  26 
43  23 
16  0 
-6  37 
6  10 
9  12 
36  41 
-3  27 
7  23 
3  -21 
23  9 
24  29 
3  5 
2  -2 
8  15 
-1  2 
7  10 
3  -5 
17  18 
-18  25 
25  24 
30  36 
33  3 
-2  -7 
-31  -7 
-2  0 
8  9 
27  13 
16  3 
39  25 
-3  11 
-1  -7 
20  9 
14  60 
15  5 
22  -11 
-12  5 
5  2 
6  27 
-1  40 
1  12 
37  2 
18  10 
-15  13 
11  27 
1  2 
-6  13 
9  15 
-16  20 
31  12 
23  7 
26  7 
8  14 
9  7 
11  -24 
10  19 
19  5 
-7  11 
27  18 
2  -3 
23  26 
46  24 
10  -6 
-5  36 
6  10 
9  12 
32  40 
-3  26 
7  23 
2  -19 
23  9 
25  28 
5  4 
4  3 
9  17 
0  5 
7  10 
2  -5 
17  18 
-19  21 
32  25 
32  38 
33  3 
-2  -9 
-30  -9 
1  0 
8  8 
30  16 
15  3 
39  27 
-4  11 
-1  -7 
22  9 
14  57 
15  5 
22  -13 
-11  4 
5  2 
5  30 
-2  39 
2  13 
36  2 
15  9 
-13  13 
11  27 
6  7 
-7  12 
6  13 
-16  20 
26  10 
21  9 
28  8 
8  15 
12  9 
9  -23 
9  19 
19  6 
-7  9 
25  19 
2  -3 
24  25 
52  25 
11  -5 
-7  40 
1  12 
9  13 
36  40 
2  28 
9  25 
-1  -20 
25  12 
25  30 
5  4 
4  4 
9  15 
-3  5 
7  10 
2  -5 
17  18 
-19  23 
34  27 
31  37 
34  -2 
-6  -7 
-31  -13 
2  5 
10  12 
30  16 
16  3 
41  27 
-3  11 
-4  -9 
20  9 
14  57 
13  6 
23  -15 
-8  2 
5  2 
8  29 
-2  40 
5  13 
36  2 
14  8 
-14  14 
12  20 
5  7 
-6  13 
6  13 
-14  21 
26  6 
20  7 
26  10 
7  15 
14  12 
9  -23 
7  19 
20  11 
-3  7 
25  13 
2  -2 
22  22 
53  23 
13  -8 
-9  41 
1  12 
9  13 
36  40 
2  29 
12  25 
-1  -17 
25  8 
28  28 
4  -1 
4  0 
5  19 
-3  5 
8  9 
3  -4 
17  18 
-21  25 
33  28 
34  39 
35  0 
-5  -4 
-30  -12 
-1  7 
11  13 
29  16 
16  2 
37  31 
-2  13 
-4  -9 
21  9 
15  57 
13  9 
22  -15 
-13  3 
5  4 
11  27 
0  40 
9  12 
36  1 
15  5 
-15  12 
6  19 
8  8 
-9  14 
6  14 
-15  22 
27  8 
21  7 
26  10 
6  13 
16  14 
15  -24 
11  18 
20  11 
0  7 
25  12 
2  -4 
24  25 
52  22 
13  -8 
-11  42 
1  12 
9  12 
31  41 
3  29 
12  25 
3  -21 
22  9 
27  30 
0  -2 
1  -1 
8  19 
-3  7 
8  9 
2  -5 
17  18 
-17  26 
29  27 
33  40 
33  3 
-5  -3 
-29  -11 
0  6 
14  13 
27  19 
16  0 
38  30 
-1  13 
-3  -8 
20  9 
14  57 
14  12 
21  -11 
-13  3 
1  5 
11  27 
-1  42 
11  12 
34  -1 
17  5 
-15  13 
7  23 
5  8 
-11  15 
2  13 
-15  23 
26  6 
17  7 
21  7 
9  12 
12  17 
14  -27 
13  21 
18  12 
-1  5 
25  12 
3  -5 
25  24 
52  23 
13  -12 
-12  45 
3  9 
5  13 
34  39 
2  28 
13  20 
4  -20 
23  7 
26  30 
0  -2 
0  0 
7  19 
-3  5 
10  11 
-3  -5 
17  18 
-12  28 
29  27 
33  43 
33  2 
-6  -8 
-28  -11 
2  9 
14  14 
18  23 
18  0 
36  31 
0  13 
-5  -10 
20  9 
15  56 
13  9 
19  -7 
-12  4 
1  5 
11  27 
1  43 
11  12 
36  2 
15  5 
-10  12 
4  19 
2  9 
-10  16 
2  17 
-15  22 
26  6 
20  6 
19  6 
9  13 
13  21 
15  -32 
16  18 
18  8 
-2  4 
25  13 
3  -5 
25  26 
52  25 
14  -13 
-3  50 
0  11 
7  13 
33  42 
-2  27 
6  20 
4  -20 
23  7 
24  28 
0  -2 
2  4 
6  18 
-5  5 
11  12 
-2  -3 
17  18 
-12  29 
27  30 
33  43 
32  3 
-6  -8 
-30  -7 
3  9 
14  17 
18  19 
15  0 
36  31 
-2  11 
-7  -12 
20  9 
15  56 
16  13 
18  -7 
-10  3 
1  4 
8  28 
1  45 
12  15 
32  0 
15  6 
-10  12 
5  19 
3  13 
-11  17 
0  13 
-15  24 
26  6 
17  7 
19  5 
9  13 
11  24 
15  -31 
15  16 
21  4 
-1  1 
27  13 
3  -5 
25  27 
50  23 
13  -12 
-2  48 
0  9 
7  12 
27  43 
2  24 
6  21 
4  -21 
24  5 
25  28 
0  -2 
3  7 
11  18 
-5  5 
10  12 
-4  -7 
17  18 
-13  28 
26  30 
31  43 
36  3 
-9  -8 
-26  -5 
2  9 
17  22 
19  20 
14  -3 
38  33 
-4  11 
-12  -12 
22  8 
16  60 
14  13 
19  -7 
-11  5 
2  5 
6  27 
2  37 
11  9 
36  2 
12  4 
-11  12 
5  22 
2  17 
-10  19 
1  12 
-12  24 
25  8 
17  5 
14  9 
9  13 
10  23 
16  -31 
17  18 
22  2 
-1  0 
25  13 
2  -5 
25  25 
47  23 
13  -11 
-3  51 
2  9 
12  20 
33  43 
0  27 
6  18 
8  -22 
25  4 
26  28 
0  -2 
1  4 
11  18 
-4  5 
10  12 
-6  -3 
15  18 
-16  28 
27  30 
34  39 
36  2 
-6  -8 
-27  -8 
8  9 
15  23 
19  23 
15  -3 
40  31 
-2  11 
-17  -11 
24  5 
11  61 
9  15 
18  -3 
-11  5 
3  5 
2  28 
1  39 
11  7 
36  1 
12  6 
-11  12 
5  22 
6  21 
-5  20 
1  12 
-11  25 
29  6 
17  6 
15  5 
9  13 
13  23 
17  -33 
17  18 
18  3 
-1  0 
25  13 
3  -5 
23  27 
47  23 
13  -11 
-4  51 
0  9 
12  22 
28  44 
3  29 
11  18 
8  -22 
27  4 
28  29 
2  -3 
2  5 
6  17 
-4  5 
14  12 
-2  -3 
16  20 
-15  27 
25  30 
32  44 
36  3 
-7  -7 
-26  -7 
10  8 
16  21 
19  22 
14  -6 
40  31 
-2  7 
-18  -12 
25  4 
12  60 
9  17 
19  -5 
-10  3 
0  6 
4  25 
-1  41 
14  7 
28  -1 
11  4 
-11  12 
1  24 
6  21 
-7  23 
2  18 
-12  25 
31  4 
15  5 
16  5 
9  12 
12  20 
17  -35 
15  16 
19  0 
-4  0 
25  13 
5  -4 
25  23 
46  30 
13  -11 
0  53 
-1  6 
13  21 
27  43 
1  32 
7  17 
11  -21 
27  -1 
26  26 
0  -2 
1  1 
6  20 
3  6 
13  12 
-3  -5 
16  23 
-16  28 
25  27 
36  42 
35  3 
-10  -8 
-24  -7 
12  4 
16  21 
19  22 
15  -7 
40  31 
2  9 
-19  -15 
26  7 
14  57 
9  17 
14  -7 
-11  2 
-5  9 
4  25 
-2  40 
13  8 
29  -1 
12  2 
-11  7 
3  19 
7  19 
-9  21 
2  19 
-13  26 
30  -1 
17  5 
14  7 
6  11 
15  20 
22  -35 
16  13 
19  0 
-3  -2 
22  17 
3  -5 
26  19 
45  30 
13  -11 
3  53 
0  9 
16  20 
26  37 
2  33 
6  18 
14  -23 
29  -1 
26  27 
0  -2 
6  1 
5  13 
1  7 
14  11 
-4  -6 
16  23 
-15  28 
25  24 
36  42 
35  3 
-11  -8 
-18  -2 
14  2 
16  21 
19  25 
14  -7 
38  32 
2  9 
-17  -17 
20  11 
15  56 
8  15 
10  -8 
-13  3 
-4  11 
6  26 
-2  39 
13  8 
24  0 
8  3 
-11  7 
11  18 
4  19 
-11  17 
-2  19 
-18  22 
30  -1 
17  7 
15  5 
6  10 
11  23 
25  -32 
20  7 
19  2 
-5  -4 
21  13 
2  -11 
26  18 
48  28 
12  -7 
3  53 
0  9 
17  18 
24  38 
1  32 
7  19 
11  -16 
27  -3 
24  25 
-1  0 
4  0 
7  13 
2  6 
14  13 
-7  -8 
16  23 
-17  27 
25  24 
41  42 
37  5 
-11  -8 
-17  5 
13  3 
16  22 
19  23 
16  -7 
39  25 
7  10 
-15  -18 
18  12 
18  56 
10  15 
6  -7 
-13  3 
-4  11 
6  26 
1  41 
13  9 
29  0 
13  0 
-9  7 
11  18 
4  19 
-11  17 
-2  20 
-18  24 
27  -1 
18  6 
17  6 
6  10 
16  20 
26  -34 
19  8 
19  2 
-6  -3 
21  12 
6  -13 
26  17 
48  29 
9  -5 
3  53 
0  9 
17  18 
27  35 
0  31 
6  21 
10  -17 
28  -1 
28  28 
-2  -1 
4  0 
9  13 
1  3 
13  12 
-6  -6 
16  22 
-7  29 
29  25 
44  45 
37  7 
-9  -8 
-17  9 
13  3 
17  22 
22  27 
14  -7 
38  24 
10  8 
-15  -18 
19  5 
18  56 
13  15 
7  -7 
-13  3 
-2  12 
5  26 
0  38 
15  5 
26  -2 
16  1 
-9  7 
11  18 
0  17 
-10  16 
-4  20 
-15  28 
26  1 
16  5 
15  5 
7  8 
12  24 
25  -33 
17  6 
19  2 
-7  1 
21  11 
2  -13 
23  16 
48  29 
9  -3 
1  52 
3  9 
17  18 
27  38 
0  31 
8  17 
9  -18 
26  -1 
24  28 
-3  0 
4  0 
7  13 
5  4 
13  12 
-5  -4 
19  20 
-10  30 
27  26 
46  46 
36  8 
-11  -7 
-20  9 
11  1 
15  17 
19  25 
18  -4 
38  21 
9  7 
-15  -18 
16  3 
18  57 
11  12 
5  -7 
-13  3 
-2  13 
2  29 
0  38 
15  6 
22  1 
13  3 
-9  7 
11  18 
3  15 
-14  14 
-4  20 
-15  27 
26  1 
14  7 
16  5 
7  8 
12  24 
25  -38 
17  5 
21  5 
-8  2 
21  12 
1  -13 
25  15 
48  29 
9  -3 
5  48 
-1  5 
17  18 
28  35 
0  31 
6  17 
14  -18 
27  -1 
22  28 
-2  -1 
4  -1 
5  13 
7  3 
16  13 
-5  -4 
19  22 
-7  32 
28  18 
46  46 
37  11 
-15  -8 
-18  9 
14  0 
12  18 
23  19 
16  -2 
39  20 
9  7 
-16  -20 
15  3 
18  57 
11  13 
9  -8 
-12  -3 
-1  13 
3  26 
0  38 
15  5 
22  -3 
13  3 
-7  1 
11  18 
4  15 
-13  15 
-4  23 
-15  27 
26  -1 
13  8 
19  5 
8  8 
7  23 
25  -38 
20  6 
25  5 
-4  0 
21  12 
-2  -7 
25  19 
48  29 
9  -3 
2  45 
-2  3 
17  18 
31  39 
0  31 
4  19 
16  -19 
27  -2 
22  28 
-1  0 
4  -2 
5  13 
13  1 
14  13 
-12  -5 
19  23 
-6  32 
26  18 
49  47 
36  11 
-10  -8 
-17  9 
14  -1 
10  23 
23  19 
16  -1 
39  22 
10  7 
-16  -20 
16  2 
17  55 
7  13 
9  -7 
-10  -1 
0  13 
4  25 
0  38 
15  5 
20  0 
15  8 
-2  -3 
14  19 
3  15 
-11  19 
-4  23 
-14  26 
25  2 
13  9 
19  13 
9  12 
7  26 
24  -41 
23  9 
23  7 
-9  7 
21  12 
-6  -7 
27  18 
51  28 
11  -1 
4  40 
-1  2 
17  18 
30  39 
2  28 
8  18 
12  -20 
25  -1 
25  28 
-2  -1 
9  -3 
11  15 
11  1 
11  18 
-13  -10 
19  25 
-7  32 
29  20 
49  47 
38  12 
-10  -8 
-15  10 
14  -3 
12  23 
21  19 
15  -4 
39  20 
8  8 
-13  -23 
17  -5 
16  58 
6  14 
9  -7 
-14  -1 
1  14 
8  29 
0  38 
17  5 
22  -3 
16  11 
-1  -5 
13  23 
3  16 
-12  19 
-5  23 
-14  26 
21  1 
14  7 
19  13 
9  12 
5  27 
26  -41 
28  8 
22  7 
-9  7 
18  11 
-6  -7 
27  19 
51  32 
11  -2 
4  39 
-2  3 
16  18 
33  41 
2  29 
7  20 
12  -17 
26  1 
25  30 
-2  -1 
6  -6 
10  11 
13  0 
12  18 
-14  -10 
24  27 
-7  32 
25  15 
48  49 
38  13 
-9  -7 
-17  15 
16  1 
9  22 
20  18 
14  -3 
38  20 
4  5 
-13  -17 
13  -5 
14  59 
7  13 
9  -7 
-15  2 
0  14 
7  30 
-2  36 
17  5 
23  -1 
14  12 
-4  -7 
13  20 
7  18 
-11  19 
-4  22 
-17  26 
22  -2 
13  9 
21  14 
9  12 
6  26 
24  -41 
27  9 
17  7 
-9  7 
17  11 
-4  -5 
29  15 
50  32 
11  -2 
4  40 
1  -1 
16  18 
32  44 
3  29 
3  19 
14  -21 
26  0 
28  28 
3  -7 
5  -7 
11  13 
19  2 
11  23 
-15  -8 
26  27 
-7  32 
23  15 
45  47 
38  12 
-8  -5 
-15  15 
16  1 
10  28 
18  17 
17  -5 
38  19 
0  9 
-13  -17 
14  -7 
15  56 
6  14 
9  -7 
-13  -1 
-2  13 
6  30 
-2  36 
17  6 
19  -2 
13  11 
-6  -6 
16  20 
5  15 
-11  17 
-4  21 
-17  26 
26  -3 
9  7 
22  13 
6  14 
6  27 
32  -38 
26  8 
20  9 
-10  3 
16  9 
-4  -6 
33  23 
51  33 
11  -2 
4  40 
-1  3 
17  18 
32  45 
4  25 
4  19 
12  -22 
27  -2 
28  29 
2  -5 
5  -7 
10  12 
23  5 
12  23 
-15  -8 
22  26 
-7  29 
22  17 
46  50 
38  13 
-10  -4 
-17  13 
16  2 
11  27 
17  15 
21  -8 
39  20 
5  10 
-13  -17 
13  -8 
14  57 
7  13 
9  -8 
-12  -1 
-1  13 
5  27 
-2  37 
16  11 
19  2 
18  10 
-4  -3 
16  20 
4  20 
-13  19 
-6  18 
-21  27 
26  -1 
9  7 
20  13 
6  14 
8  28 
34  -43 
26  7 
21  4 
-12  5 
17  11 
-6  -7 
31  23 
50  32 
11  -2 
4  39 
-4  3 
16  22 
32  41 
-3  27 
0  18 
12  -22 
27  -2 
33  32 
1  -6 
5  -5 
9  12 
23  6 
11  24 
-11  -9 
23  27 
-7  29 
22  17 
47  48 
38  11 
-11  -3 
-18  13 
16  1 
10  29 
16  13 
21  -8 
39  20 
5  8 
-14  -16 
12  -11 
15  56 
5  13 
11  -8 
-15  2 
3  13 
4  24 
-2  39 
19  13 
21  1 
18  10 
-3  -2 
15  20 
7  23 
-7  23 
-6  19 
-27  29 
28  -1 
10  8 
18  17 
5  15 
6  28 
35  -44 
27  10 
22  0 
-11  5 
18  13 
-6  -7 
31  24 
50  33 
11  -2 
7  37 
-4  1 
16  23 
34  42 
-1  25 
0  18 
8  -22 
23  -1 
33  31 
3  -3 
3  -5 
9  13 
22  4 
12  25 
-9  -7 
22  25 
-8  29 
22  21 
41  47 
36  11 
-13  -1 
-17  13 
18  0 
11  35 
18  16 
22  -9 
40  23 
2  9 
-15  -16 
14  -8 
15  55 
6  14 
9  -13 
-15  2 
1  12 
4  25 
-1  40 
19  13 
26  1 
15  8 
-3  -2 
10  23 
8  23 
-9  24 
-7  20 
-25  29 
30  -2 
8  9 
19  13 
6  21 
6  27 
34  -43 
27  10 
20  -3 
-9  8 
17  11 
-12  -5 
31  26 
50  32 
11  -2 
7  37 
-6  2 
19  22 
29  45 
1  24 
0  18 
5  -21 
24  -1 
34  34 
9  -1 
8  -2 
9  12 
22  8 
7  23 
-11  -7 
25  24 
-5  28 
19  20 
43  47 
39  8 
-10  -4 
-15  7 
18  -1 
16  34 
21  14 
20  -9 
38  23 
3  9 
-17  -17 
21  -13 
11  53 
5  13 
9  -13 
-15  1 
1  12 
5  26 
-1  45 
18  13 
25  -2 
13  9 
-3  -2 
13  23 
11  21 
-9  22 
-6  19 
-23  29 
26  -2 
4  8 
22  8 
2  17 
6  28 
34  -43 
28  9 
21  2 
-7  9 
15  5 
-7  -8 
31  27 
50  32 
11  -2 
-1  40 
-9  4 
19  22 
28  43 
4  25 
-2  16 
6  -19 
23  -5 
36  34 
4  -1 
4  -5 
9  12 
23  9 
7  23 
-11  -7 
25  24 
-6  27 
16  20 
46  46 
43  7 
-11  -5 
-14  7 
19  1 
15  36 
21  14 
18  -11 
43  26 
5  7 
-15  -18 
19  -12 
11  55 
5  13 
8  -12 
-16  1 
2  12 
7  26 
-1  47 
16  11 
29  -3 
9  5 
-4  1 
13  23 
12  25 
-10  23 
-6  17 
-16  29 
27  -3 
6  10 
21  3 
3  16 
7  30 
37  -42 
28  8 
25  -1 
-7  9 
15  8 
-7  -8 
28  29 
50  32 
11  -2 
-1  40 
-8  0 
18  23 
26  46 
5  27 
-4  21 
5  -18 
23  -5 
34  33 
10  -1 
8  -6 
11  13 
21  9 
9  25 
-3  -9 
22  28 
-7  28 
16  23 
46  47 
40  6 
-11  -3 
-14  8 
20  -2 
15  36 
22  13 
21  -8 
48  25 
5  8 
-18  -15 
17  -15 
15  54 
5  13 
7  -12 
-17  -1 
0  11 
3  26 
-5  45 
18  13 
29  0 
1  6 
-4  2 
10  28 
12  20 
-9  21 
-6  17 
-13  29 
26  -2 
7  10 
19  0 
3  15 
6  30 
40  -44 
31  7 
24  -1 
-7  9 
18  9 
-7  -8 
30  32 
49  32 
11  -2 
-2  39 
-8  5 
19  21 
26  47 
6  26 
-3  18 
5  -18 
24  -4 
34  34 
12  -2 
5  -8 
11  12 
20  9 
7  23 
-3  -9 
22  27 
-6  28 
16  25 
49  48 
39  8 
-13  -1 
-12  9 
22  -3 
15  36 
19  13 
21  -8 
48  25 
5  7 
-16  -15 
15  -12 
22  55 
6  14 
5  -10 
-16  0 
0  11 
5  24 
-3  45 
18  13 
29  -1 
2  5 
-7  3 
10  33 
6  18 
-7  20 
-5  17 
-15  27 
22  1 
5  8 
18  3 
3  15 
7  30 
40  -42 
29  12 
29  -1 
-7  9 
13  8 
-6  -5 
26  32 
49  33 
14  -3 
-1  40 
-11  2 
17  27 
28  49 
6  26 
-3  18 
9  -15 
25  -7 
35  34 
9  -3 
6  -6 
16  11 
20  9 
7  23 
-2  -10 
23  26 
-8  22 
15  25 
47  48 
42  8 
-14  -1 
-12  8 
22  -3 
13  43 
19  13 
23  -11 
48  24 
6  7 
-19  -19 
18  -7 
23  56 
11  18 
5  -10 
-15  2 
0  11 
7  29 
-1  45 
18  12 
28  -2 
-3  11 
-9  3 
11  33 
6  21 
-8  23 
-5  16 
-20  31 
24  0 
7  10 
19  2 
3  15 
6  27 
40  -42 
32  6 
25  -3 
-6  14 
17  6 
-4  -7 
23  33 
50  31 
14  -3 
-2  39 
-10  9 
17  25 
28  48 
7  23 
-3  18 
9  -18 
22  -12 
31  35 
9  -3 
6  -6 
16  11 
23  9 
13  20 
-7  -11 
25  25 
-9  27 
16  20 
45  47 
42  5 
-16  -1 
-15  8 
22  -2 
11  44 
16  9 
23  -14 
45  24 
6  6 
-19  -17 
18  -9 
23  56 
9  19 
6  -10 
-15  2 
1  12 
9  33 
-2  44 
15  8 
30  -4 
-7  8 
-1  0 
11  33 
4  20 
-7  23 
-5  16 
-20  31 
25  2 
7  10 
22  5 
2  15 
10  28 
39  -45 
33  0 
22  -7 
-4  13 
18  12 
-7  -8 
19  33 
49  33 
7  -2 
-2  39 
-11  7 
20  29 
28  49 
7  23 
-6  17 
9  -18 
22  -12 
31  35 
7  -1 
5  -7 
18  10 
17  5 
13  21 
-3  -13 
26  26 
-9  27 
16  20 
43  49 
44  5 
-11  -1 
-15  8 
22  -3 
10  43 
15  8 
22  -11 
43  26 
6  7 
-21  -20 
18  -7 
23  53 
11  18 
6  -10 
-16  -1 
1  12 
9  32 
5  45 
16  11 
29  -3 
-2  8 
-1  5 
10  31 
3  20 
-8  26 
-6  17 
-20  31 
25  2 
6  6 
22  5 
2  18 
10  32 
42  -43 
32  2 
19  -7 
-6  13 
17  11 
-7  -8 
18  33 
49  33 
8  5 
-1  42 
-12  8 
23  29 
31  55 
7  23 
-7  22 
13  -17 
22  -12 
27  33 
7  -3 
6  -6 
18  10 
14  7 
7  26 
-2  -11 
25  27 
-9  27 
16  21 
43  47 
45  8 
-16  -1 
-16  7 
24  0 
10  48 
12  9 
23  -7 
40  26 
5  10 
-22  -16 
18  -8 
22  53 
6  18 
7  -10 
-14  0 
0  13 
11  33 
5  44 
16  11 
31  -2 
-2  11 
-1  6 
4  38 
-2  19 
-7  23 
-9  18 
-20  31 
23  7 
6  8 
23  6 
4  19 
10  32 
42  -43 
36  0 
19  -7 
-6  13 
16  11 
-9  -7 
18  33 
47  33 
5  2 
-1  40 
-15  7 
17  27 
32  60 
7  19 
-6  18 
13  -18 
20  -11 
32  37 
10  -1 
6  -7 
18  10 
13  8 
7  23 
2  -20 
25  28 
-9  27 
16  22 
44  45 
45  13 
-18  8 
-15  9 
23  5 
8  49 
13  9 
21  -7 
35  25 
6  10 
-21  -18 
14  -6 
22  53 
4  20 
5  -5 
-15  -1 
1  14 
9  37 
6  47 
13  12 
32  -2 
-3  11 
-3  6 
9  39 
5  22 
-9  24 
-12  15 
-21  33 
25  7 
7  10 
23  7 
4  19 
9  32 
36  -47 
37  -2 
18  -7 
-6  15 
16  8 
-11  -7 
15  28 
47  34 
5  4 
-2  39 
-14  6 
17  26 
33  63 
6  21 
-11  25 
12  -16 
25  -12 
30  36 
11  -2 
7  -7 
16  9 
13  9 
10  23 
2  -19 
26  27 
-8  29 
16  21 
42  49 
45  12 
-15  10 
-14  8 
21  1 
9  47 
14  7 
20  -7 
36  25 
6  10 
-21  -18 
13  -10 
22  53 
7  19 
1  -8 
-17  5 
-2  16 
10  39 
1  45 
11  14 
26  -2 
-4  11 
-4  3 
6  39 
5  22 
-12  24 
-11  15 
-22  33 
25  8 
7  10 
24  -1 
4  20 
10  32 
38  -43 
37  -2 
17  -10 
-6  13 
19  10 
-11  -7 
17  25 
47  33 
3  6 
-2  39 
-14  7 
17  28 
28  57 
6  20 
-14  21 
11  -17 
25  -10 
29  37 
12  5 
8  -5 
13  2 
5  13 
11  22 
7  -17 
23  29 
-9  27 
14  17 
40  49 
46  14 
-12  8 
-15  7 
21  2 
13  49 
13  12 
19  -7 
35  25 
6  10 
-21  -19 
13  -12 
24  55 
11  15 
1  -8 
-19  3 
3  12 
12  43 
2  42 
14  15 
31  1 
-5  10 
-3  2 
4  40 
2  25 
-11  25 
-10  12 
-22  33 
21  7 
8  9 
24  1 
2  28 
9  29 
37  -42 
36  0 
17  -9 
-6  13 
17  6 
-11  -7 
17  25 
46  33 
4  5 
-2  39 
-15  8 
16  34 
26  60 
7  18 
-14  21 
8  -16 
23  -11 
31  38 
8  5 
10  -4 
14  0 
5  13 
14  18 
7  -17 
22  29 
-5  25 
16  22 
41  49 
46  14 
-15  7 
-12  8 
22  4 
15  49 
13  12 
19  -7 
39  21 
6  7 
-21  -20 
12  -11 
27  53 
7  19 
3  -5 
-21  2 
3  13 
11  44 
2  37 
14  17 
31  3 
-4  11 
-4  3 
2  42 
-1  26 
-7  23 
-9  13 
-20  33 
25  2 
7  3 
22  1 
2  27 
9  27 
35  -40 
38  0 
18  -8 
-4  13 
13  9 
-11  -8 
17  25 
49  35 
3  7 
-2  39 
-11  13 
14  34 
29  57 
4  18 
-16  19 
10  -17 
28  -11 
29  39 
7  5 
14  -5 
13  2 
7  13 
7  18 
7  -18 
23  29 
-4  25 
16  23 
40  49 
42  17 
-12  8 
-15  13 
19  2 
16  50 
14  11 
21  -6 
40  26 
5  8 
-19  -23 
14  -7 
26  54 
4  20 
3  -5 
-23  7 
1  12 
14  38 
2  45 
15  16 
36  1 
-4  11 
-4  2 
4  38 
-1  22 
-9  24 
-4  13 
-19  34 
26  1 
7  3 
20  0 
2  26 
9  27 
37  -42 
36  -1 
18  -8 
-2  17 
12  9 
-8  -7 
17  25 
47  39 
-1  5 
-1  40 
-11  13 
14  34 
28  58 
11  16 
-16  15 
13  -17 
25  -13 
30  39 
4  5 
16  -2 
14  -3 
3  13 
6  17 
4  -21 
19  23 
-5  23 
16  23 
43  49 
42  17 
-13  10 
-15  13 
19  1 
19  53 
14  13 
21  -3 
39  27 
6  6 
-20  -22 
10  -5 
27  53 
-1  19 
4  -6 
-22  6 
1  12 
15  37 
3  47 
15  16 
36  1 
0  7 
-6  -2 
5  35 
-1  20 
-10  28 
-4  13 
-17  29 
26  1 
9  5 
21  5 
4  25 
9  27 
42  -42 
36  1 
18  -7 
-5  14 
15  9 
-6  -7 
22  28 
47  40 
2  9 
1  41 
-11  13 
10  32 
28  59 
12  18 
-13  19 
12  -20 
21  -16 
29  35 
3  6 
14  -6 
14  0 
0  11 
2  19 
2  -18 
19  22 
-5  23 
16  23 
40  49 
41  17 
-12  8 
-15  13 
19  3 
19  53 
14  12 
17  -5 
42  25 
7  8 
-20  -22 
5  -8 
26  50 
-1  21 
7  -7 
-22  12 
0  14 
14  39 
0  47 
15  16 
37  2 
-3  7 
-5  0 
3  36 
-1  16 
-9  27 
-10  11 
-17  27 
24  0 
8  4 
21  4 
0  31 
9  27 
42  -47 
33  1 
19  -7 
-4  13 
19  10 
-4  -5 
22  29 
47  39 
2  8 
1  41 
-11  13 
10  32 
27  63 
9  17 
-17  19 
13  -17 
24  -15 
31  38 
5  2 
14  -6 
12  5 
1  12 
-2  19 
-1  -20 
18  23 
-5  20 
16  21 
40  49 
42  17 
-12  9 
-15  13 
19  5 
18  53 
13  7 
15  -3 
44  26 
5  7 
-20  -22 
6  -7 
23  49 
-1  22 
7  -7 
-24  11 
3  15 
14  39 
0  46 
17  18 
38  1 
-5  5 
-15  -1 
5  35 
2  17 
-11  25 
-12  12 
-18  28 
26  -2 
12  5 
25  4 
1  29 
8  28 
41  -46 
33  0 
19  -7 
-11  15 
19  8 
-4  -1 
22  29 
45  39 
3  6 
-2  42 
-11  13 
9  32 
27  63 
8  15 
-16  19 
13  -17 
22  -15 
31  38 
5  2 
13  -8 
12  4 
1  12 
-2  19 
1  -15 
19  25 
-8  18 
12  22 
40  49 
42  18 
-15  10 
-15  13 
17  11 
18  51 
14  13 
13  -3 
44  29 
7  8 
-18  -21 
7  -7 
30  52 
-1  21 
3  -1 
-24  11 
4  15 
12  41 
-2  44 
17  18 
36  1 
-5  5 
-13  -1 
5  35 
3  15 
-16  28 
-14  14 
-19  29 
21  2 
12  0 
23  3 
3  26 
8  28 
43  -44 
34  -6 
18  -9 
-4  13 
20  6 
-4  0 
22  27 
47  38 
1  3 
-4  42 
-11  13 
13  32 
27  68 
9  17 
-16  19 
14  -22 
23  -21 
26  41 
5  2 
14  -8 
13  3 
0  11 
2  21 
-1  -18 
22  29 
-8  18 
16  17 
43  49 
42  17 
-13  10 
-13  13 
17  11 
16  51 
14  13 
15  -4 
45  28 
5  7 
-16  -20 
8  -5 
30  52 
0  18 
7  -1 
-22  10 
5  16 
11  38 
-2  43 
17  18 
36  1 
-3  5 
-13  -3 
4  39 
0  13 
-18  28 
-15  12 
-14  30 
22  1 
14  -1 
25  4 
5  25 
7  28 
46  -43 
36  -7 
18  -9 
-6  13 
19  7 
-4  0 
28  29 
48  39 
2  4 
-4  43 
-10  11 
14  32 
25  67 
9  17 
-17  15 
11  -19 
19  -20 
29  47 
5  2 
13  -8 
10  3 
1  12 
-2  24 
1  -20 
17  27 
-9  18 
16  16 
42  47 
42  17 
-20  11 
-15  13 
17  11 
16  51 
15  14 
16  -2 
45  28 
6  6 
-16  -20 
11  -5 
32  53 
-4  22 
3  -1 
-22  13 
3  13 
10  38 
-1  45 
19  13 
36  1 
-5  5 
-12  5 
4  39 
2  13 
-17  29 
-13  13 
-13  30 
21  4 
13  2 
24  5 
6  26 
2  25 
47  -41 
34  -8 
15  -11 
-12  15 
21  7 
-5  0 
25  27 
45  39 
1  5 
-4  43 
-9  13 
11  32 
24  68 
9  17 
-17  15 
15  -23 
19  -20 
28  44 
5  2 
9  -7 
11  3 
1  12 
1  21 
3  -17 
17  27 
-4  18 
16  19 
42  49 
42  17 
-19  9 
-14  14 
17  11 
16  51 
15  16 
17  -2 
45  33 
8  5 
-16  -20 
9  -5 
30  51 
-4  22 
11  -2 
-22  13 
1  14 
7  37 
0  45 
19  13 
38  -1 
-3  5 
-13  3 
1  42 
2  18 
-17  30 
-13  13 
-15  28 
23  6 
11  4 
22  5 
4  26 
3  27 
51  -42 
33  -11 
13  -13 
-11  15 
20  9 
-7  3 
27  28 
48  39 
-1  3 
-1  40 
-10  12 
11  33 
20  71 
9  17 
-20  16 
11  -18 
19  -18 
26  44 
5  2 
9  -8 
7  -2 
1  12 
1  24 
5  -16 
19  25 
-9  23 
16  21 
39  48 
40  18 
-18  8 
-14  14 
18  12 
18  51 
14  17 
17  -2 
45  33 
9  2 
-16  -20 
10  -4 
31  52 
-5  20 
9  -1 
-23  11 
1  13 
3  35 
-2  50 
18  13 
39  1 
-3  5 
-13  3 
2  38 
2  15 
-20  27 
-13  13 
-19  27 
20  6 
13  0 
25  4 
6  28 
4  25 
42  -43 
37  -13 
15  -11 
-14  14 
20  9 
-9  4 
25  27 
47  40 
-1  1 
-1  42 
-7  9 
9  33 
20  71 
9  17 
-23  18 
13  -19 
18  -21 
30  50 
5  2 
10  -8 
12  -2 
1  12 
-2  24 
5  -12 
19  25 
-4  18 
17  22 
37  45 
40  18 
-17  9 
-17  13 
18  12 
18  48 
15  16 
12  0 
45  33 
13  3 
-16  -21 
10  -4 
28  48 
-4  21 
6  1 
-24  11 
-1  13 
3  35 
-4  49 
18  13 
39  0 
-4  5 
-14  7 
0  38 
3  15 
-21  27 
-12  15 
-20  29 
17  7 
15  3 
25  6 
6  27 
2  24 
42  -44 
37  -15 
13  -11 
-14  14 
23  9 
-9  3 
23  26 
43  39 
1  2 
-2  41 
-8  9 
9  32 
20  71 
6  19 
-23  18 
14  -20 
18  -21 
29  47 
5  2 
13  -8 
7  3 
2  13 
-1  24 
7  -11 
18  24 
-4  17 
18  20 
36  45 
41  12 
-16  8 
-22  17 
16  11 
24  45 
14  17 
16  2 
46  33 
11  2 
-16  -20 
11  -2 
26  48 
-3  22 
6  1 
-23  11 
-1  13 
2  35 
-5  54 
18  13 
39  0 
-4  9 
-11  5 
3  39 
6  17 
-21  26 
-11  17 
-19  27 
15  5 
15  3 
27  10 
5  27 
2  24 
43  -45 
38  -14 
15  -14 
-13  14 
26  10 
-7  3 
20  26 
39  40 
1  5 
-1  41 
-8  5 
9  33 
20  71 
4  19 
-23  18 
14  -22 
18  -21 
28  49 
2  5 
16  -7 
7  -1 
3  13 
-2  24 
5  -12 
21  22 
-6  20 
19  22 
35  44 
45  5 
-17  5 
-16  20 
18  10 
23  47 
15  17 
16  2 
49  32 
11  1 
-12  -22 
9  -5 
25  44 
-4  23 
5  -1 
-26  8 
-2  13 
2  35 
-4  60 
14  7 
38  0 
-3  7 
-10  3 
5  41 
7  19 
-22  30 
-8  17 
-17  29 
16  5 
16  3 
27  10 
2  28 
1  24 
41  -37 
40  -9 
15  -15 
-14  14 
26  10 
-8  0 
20  23 
40  38 
-1  5 
-1  44 
-8  3 
6  32 
18  73 
-2  19 
-23  18 
14  -23 
19  -20 
25  47 
-1  -1 
18  -3 
9  0 
-1  13 
-4  31 
6  -14 
19  22 
-6  19 
21  29 
35  43 
48  8 
-20  6 
-19  22 
17  11 
23  47 
7  18 
16  2 
51  29 
12  -2 
-10  -28 
5  -7 
24  45 
-4  21 
9  -3 
-26  7 
-7  12 
2  37 
-4  59 
11  7 
36  0 
-3  5 
-7  3 
5  42 
11  15 
-22  33 
-11  17 
-18  29 
17  5 
15  3 
24  11 
3  26 
-2  24 
41  -37 
43  -5 
12  -15 
-13  14 
28  8 
-6  -3 
19  20 
40  38 
3  7 
-1  42 
-9  1 
6  34 
20  71 
2  22 
-23  18 
15  -24 
22  -22 
26  50 
2  5 
19  -7 
5  -4 
-3  11 
-11  27 
6  -13 
21  22 
-6  19 
20  29 
35  45 
47  10 
-21  5 
-16  20 
16  10 
24  45 
5  15 
16  2 
49  32 
14  0 
-12  -31 
5  -7 
25  47 
-4  23 
8  -2 
-27  8 
-6  13 
4  43 
-4  58 
13  9 
36  0 
-3  6 
-7  3 
5  42 
9  15 
-23  31 
-12  15 
-15  26 
19  5 
16  3 
26  10 
5  24 
2  25 
43  -34 
44  0 
11  -22 
-11  12 
28  8 
-6  -2 
21  21 
40  38 
2  8 
3  45 
-8  5 
6  33 
21  72 
1  19 
-20  15 
14  -23 
22  -23 
24  48 
4  5 
22  -7 
3  -4 
-6  7 
-11  27 
6  -14 
21  25 
-14  19 
20  29 
35  45 
45  8 
-22  4 
-16  19 
16  11 
26  47 
5  15 
16  1 
51  29 
13  1 
-12  -31 
5  -7 
25  47 
-4  22 
7  -1 
-27  8 
-4  13 
4  43 
-8  60 
10  8 
34  -1 
-3  5 
-8  4 
7  41 
8  19 
-21  33 
-11  17 
-18  25 
20  9 
16  1 
26  10 
7  23 
2  29 
43  -34 
44  0 
13  -19 
-10  12 
25  8 
-9  1 
19  20 
40  38 
-1  5 
3  47 
-11  7 
5  35 
22  73 
-1  22 
-17  15 
15  -24 
23  -24 
24  45 
2  -1 
23  -8 
6  1 
-6  7 
-13  30 
6  -14 
21  23 
-12  18 
24  30 
37  46 
48  9 
-22  4 
-13  18 
17  11 
24  46 
2  16 
16  0 
51  27 
13  3 
-12  -32 
7  -7 
25  42 
-4  23 
7  -4 
-27  9 
1  7 
2  37 
-6  58 
5  4 
37  -5 
-3  7 
-8  5 
7  37 
11  19 
-17  31 
-11  15 
-18  28 
20  9 
17  2 
26  10 
8  28 
1  29 
44  -32 
44  0 
11  -22 
-6  15 
23  6 
-3  -2 
19  22 
43  39 
-1  3 
-1  45 
-11  7 
7  38 
22  73 
-2  19 
-16  14 
19  -20 
23  -25 
23  47 
4  -1 
20  -9 
7  -1 
-5  6 
-13  30 
5  -13 
21  24 
-14  18 
22  29 
44  45 
45  8 
-24  3 
-14  19 
17  7 
26  46 
-2  12 
14  -2 
51  27 
13  3 
-15  -34 
6  -6 
25  42 
-5  25 
9  -1 
-27  9 
-1  8 
-5  34 
-5  56 
5  4 
34  -7 
-3  5 
-8  4 
6  41 
11  18 
-13  28 
-9  13 
-19  30 
20  9 
16  0 
25  10 
9  27 
4  30 
42  -35 
44  0 
11  -19 
-7  12 
18  4 
-3  -2 
19  25 
39  40 
-1  7 
-1  46 
-10  12 
6  40 
23  72 
-1  19 
-9  12 
19  -19 
22  -23 
21  49 
3  -1 
20  -9 
9  -8 
-3  7 
-13  30 
8  -12 
22  22 
-13  19 
23  29 
41  44 
49  9 
-24  1 
-15  21 
13  8 
26  46 
-2  13 
13  0 
50  28 
13  1 
-14  -33 
5  -7 
25  42 
-5  25 
9  -3 
-25  8 
-2  9 
-3  31 
-6  57 
6  8 
36  -6 
-3  5 
-12  5 
6  41 
10  16 
-14  30 
-7  12 
-19  28 
20  9 
16  2 
25  8 
9  27 
3  29 
43  -33 
46  0 
16  -20 
-6  13 
16  3 
-5  -3 
21  27 
42  41 
-1  5 
-3  45 
-11  12 
9  42 
26  74 
0  18 
-11  13 
18  -21 
25  -25 
22  48 
1  1 
21  -8 
6  -12 
0  6 
-17  26 
6  -13 
23  25 
-13  19 
22  26 
40  44 
51  13 
-25  3 
-19  22 
13  9 
28  48 
1  14 
11  0 
50  29 
13  3 
-15  -33 
7  -7 
25  46 
-8  22 
6  -1 
-25  9 
-4  11 
-2  33 
-6  57 
7  10 
37  -5 
-5  5 
-14  6 
6  41 
9  15 
-13  30 
-11  12 
-20  29 
22  9 
16  3 
26  7 
6  29 
2  28 
41  -35 
46  -1 
16  -20 
-7  12 
16  2 
-5  -4 
19  25 
42  38 
0  6 
2  47 
-10  12 
11  46 
27  73 
0  18 
-4  13 
19  -18 
23  -25 
22  46 
7  -2 
21  -8 
5  -12 
0  11 
-18  25 
6  -12 
18  24 
-11  17 
26  26 
38  43 
53  15 
-25  5 
-18  24 
13  9 
28  48 
5  15 
10  0 
51  27 
13  3 
-15  -30 
4  -5 
25  47 
-6  19 
4  0 
-23  7 
-3  11 
-4  34 
-6  51 
6  10 
34  -2 
-3  5 
-15  9 
7  39 
7  13 
-16  29 
-11  12 
-20  29 
23  9 
16  0 
26  6 
5  28 
0  27 
43  -35 
49  -1 
12  -19 
-7  12 
15  0 
0  -2 
19  25 
42  37 
-2  6 
3  46 
-11  13 
12  42 
25  73 
7  17 
-4  13 
19  -12 
21  -27 
21  49 
6  -7 
21  -8 
7  -12 
-1  13 
-17  23 
8  -11 
18  23 
-12  15 
27  23 
36  42 
56  11 
-25  5 
-19  24 
9  7 
26  50 
2  16 
6  1 
51  27 
13  3 
-20  -29 
2  -2 
17  50 
-6  17 
1  1 
-24  3 
-3  11 
-7  33 
-4  52 
7  10 
37  -2 
-3  5 
-14  7 
6  41 
6  14 
-17  33 
-7  9 
-20  29 
22  8 
16  3 
26  7 
1  32 
2  27 
44  -35 
52  -2 
9  -23 
-9  15 
18  -1 
0  -2 
22  25 
42  37 
-3  7 
3  46 
-7  12 
15  37 
25  73 
7  19 
-3  15 
19  -15 
19  -27 
23  49 
8  -5 
27  -11 
5  -12 
-2  13 
-15  24 
10  -10 
25  18 
-11  15 
27  23 
35  43 
56  11 
-21  8 
-21  26 
9  13 
21  51 
3  16 
6  -1 
51  27 
11  4 
-20  -29 
3  -1 
16  49 
-4  20 
1  2 
-25  5 
-3  11 
-6  33 
-6  52 
7  10 
37  -2 
-3  5 
-12  9 
4  40 
7  13 
-18  37 
-8  9 
-20  29 
20  7 
15  3 
29  5 
0  38 
2  28 
43  -33 
53  0 
9  -23 
-13  19 
18  -1 
-2  -3 
19  25 
42  38 
-3  7 
5  48 
-7  12 
15  36 
25  73 
8  17 
-6  14 
19  -13 
19  -27 
22  45 
10  -4 
25  -13 
1  -9 
-2  10 
-15  22 
10  -8 
29  15 
-9  17 
27  23 
39  43 
58  9 
-20  11 
-24  29 
9  13 
22  49 
3  15 
11  4 
54  19 
11  7 
-18  -27 
6  0 
13  49 
-4  23 
1  3 
-24  5 
-4  11 
-2  33 
-4  53 
7  10 
34  -2 
-1  6 
-12  8 
2  37 
7  13 
-25  40 
-4  8 
-20  29 
23  7 
16  0 
29  5 
-2  40 
2  28 
42  -31 
50  3 
3  -21 
-10  19 
18  -1 
-1  -1 
19  27 
39  46 
0  6 
5  45 
-7  12 
14  37 
25  72 
7  19 
-6  13 
21  -11 
21  -28 
22  45 
8  -6 
23  -14 
4  -10 
-3  11 
-15  22 
13  -5 
26  14 
-6  18 
25  24 
38  44 
62  11 
-20  11 
-23  27 
9  12 
23  49 
3  16 
13  2 
57  22 
11  7 
-17  -25 
9  -3 
13  49 
-4  22 
1  3 
-25  5 
-4  11 
-2  33 
-6  54 
6  10 
28  5 
-3  5 
-16  8 
-2  39 
7  13 
-27  40 
-4  11 
-20  29 
28  8 
16  2 
29  5 
-1  40 
2  29 
41  -33 
53  2 
4  -20 
-6  18 
20  -2 
-5  0 
18  24 
39  42 
-3  7 
3  46 
-8  9 
15  36 
25  73 
5  22 
-4  14 
21  -11 
21  -28 
23  45 
8  -5 
23  -13 
6  -10 
-6  13 
-19  24 
9  -5 
26  14 
-9  24 
25  24 
38  40 
60  13 
-20  11 
-23  25 
9  13 
23  49 
2  17 
11  3 
55  23 
11  7 
-18  -24 
11  -2 
13  49 
-4  20 
2  5 
-24  9 
-5  9 
-1  33 
-5  54 
7  12 
27  3 
0  6 
-14  8 
1  43 
8  14 
-20  38 
-4  17 
-20  29 
28  9 
17  1 
29  3 
-1  40 
5  27 
42  -32 
51  1 
4  -21 
-6  18 
18  -4 
-4  2 
22  25 
41  45 
-1  8 
1  44 
-11  12 
14  37 
25  73 
2  17 
-7  16 
21  -11 
23  -27 
22  47 
13  -5 
23  -14 
4  -12 
-6  14 
-21  23 
10  -1 
27  13 
-8  20 
23  27 
38  39 
62  13 
-19  12 
-20  26 
12  15 
22  49 
5  15 
13  3 
54  22 
9  7 
-20  -23 
11  -2 
17  47 
-3  26 
-2  0 
-22  10 
-4  11 
-1  33 
-7  52 
11  12 
27  3 
1  7 
-12  8 
4  40 
16  15 
-20  37 
-5  16 
-18  29 
25  4 
14  -3 
33  2 
-1  42 
5  28 
41  -33 
50  3 
4  -21 
-7  23 
18  -4 
-4  3 
23  26 
38  44 
-3  6 
2  44 
-11  13 
13  40 
29  72 
4  18 
-6  14 
17  -13 
18  -27 
23  40 
14  -7 
25  -15 
5  -13 
-2  17 
-18  25 
5  -1 
26  14 
-4  21 
23  27 
38  40 
60  11 
-18  11 
-21  26 
9  18 
23  49 
3  13 
14  8 
56  22 
9  7 
-21  -20 
11  -2 
16  51 
-3  25 
-1  5 
-25  8 
-6  12 
-3  31 
-7  52 
10  12 
27  3 
1  3 
-14  7 
4  45 
16  18 
-18  37 
-6  18 
-18  29 
25  4 
13  2 
34  -1 
1  45 
6  30 
42  -33 
56  0 
1  -16 
-7  20 
18  0 
-4  3 
23  27 
40  43 
-3  5 
1  42 
-11  13 
18  36 
32  69 
4  19 
-4  15 
18  -9 
19  -27 
22  45 
16  -7 
23  -14 
3  -15 
-3  18 
-21  22 
7  -1 
28  15 
-2  21 
20  29 
46  44 
60  11 
-19  12 
-21  25 
7  18 
26  46 
3  13 
11  7 
56  21 
9  7 
-21  -20 
11  -2 
18  53 
-5  25 
-2  4 
-27  7 
-1  10 
-4  31 
-6  53 
9  12 
32  5 
0  -1 
-12  9 
4  47 
16  21 
-19  42 
-5  17 
-17  29 
25  2 
13  3 
34  -1 
-1  40 
6  29 
42  -31 
52  1 
1  -17 
-4  20 
19  1 
-4  2 
25  24 
42  42 
-2  11 
4  40 
-11  12 
14  34 
31  64 
4  19 
-9  15 
13  -13 
18  -27 
24  45 
16  -7 
21  -16 
6  -14 
-5  14 
-22  23 
7  -3 
26  17 
-2  21 
19  28 
47  43 
60  11 
-18  13 
-22  24 
6  21 
28  48 
3  13 
13  9 
56  23 
9  7 
-22  -21 
9  -3 
15  46 
-5  25 
-3  6 
-27  8 
-6  8 
-4  31 
-7  52 
10  12 
34  0 
0  -2 
-14  7 
2  49 
16  21 
-20  43 
-5  16 
-14  27 
25  2 
14  2 
32  5 
4  40 
3  29 
40  -31 
52  4 
2  -15 
-4  18 
19  3 
-2  1 
25  26 
38  39 
-3  11 
4  39 
-9  13 
10  32 
33  63 
2  17 
-11  12 
15  -16 
23  -27 
23  45 
16  -7 
21  -17 
6  -14 
-6  12 
-21  22 
7  -2 
30  19 
-2  20 
20  26 
47  43 
60  11 
-16  10 
-17  27 
4  21 
29  53 
5  13 
22  8 
56  22 
9  7 
-21  -20 
5  0 
17  45 
-4  23 
-3  7 
-30  8 
-1  13 
-4  31 
-7  52 
7  8 
36  0 
0  -2 
-12  9 
3  46 
11  24 
-24  43 
-4  18 
-14  28 
27  -1 
12  0 
33  3 
4  40 
6  30 
40  -31 
51  3 
4  -15 
-3  18 
19  5 
-1  7 
25  28 
41  44 
-1  13 
6  38 
-6  13 
9  27 
32  63 
2  17 
-11  12 
15  -17 
23  -25 
23  47 
17  -5 
22  -15 
6  -14 
-4  16 
-18  24 
9  -3 
25  19 
-1  20 
17  27 
47  46 
60  11 
-13  10 
-15  24 
9  18 
26  54 
9  15 
15  5 
53  22 
9  5 
-21  -18 
6  0 
22  47 
-5  26 
-5  10 
-32  8 
1  12 
-3  31 
-6  54 
6  7 
34  -1 
2  2 
-15  7 
5  42 
8  22 
-24  41 
0  18 
-12  28 
29  -1 
13  0 
34  -3 
2  37 
6  30 
40  -31 
48  3 
7  -10 
-2  17 
19  5 
3  7 
26  29 
43  46 
-1  13 
4  39 
-6  12 
11  27 
33  63 
0  16 
-11  13 
16  -18 
22  -25 
22  48 
18  -5 
25  -13 
6  -13 
-7  12 
-18  25 
6  -6 
29  17 
-6  20 
16  25 
48  45 
57  11 
-15  4 
-14  21 
7  19 
27  53 
11  18 
15  5 
52  24 
7  3 
-21  -18 
5  -1 
23  49 
-3  27 
-7  9 
-32  9 
1  12 
-4  31 
-6  53 
5  8 
35  -4 
4  5 
-14  8 
5  42 
4  19 
-24  40 
2  18 
-16  28 
27  -1 
13  3 
38  -4 
3  35 
5  30 
42  -31 
49  2 
7  -10 
-2  17 
20  18 
-3  11 
28  29 
43  46 
-1  13 
4  40 
-6  13 
9  27 
33  62 
1  22 
-11  12 
20  -17 
27  -23 
22  48 
20  -7 
25  -12 
5  -15 
-5  14 
-18  24 
10  -8 
29  17 
-9  17 
15  25 
50  46 
58  13 
-17  9 
-14  21 
11  21 
25  52 
11  24 
15  6 
51  27 
9  5 
-21  -15 
6  0 
25  53 
-3  25 
-7  8 
-33  8 
1  12 
-2  29 
-4  53 
6  10 
34  0 
4  5 
-15  7 
5  42 
3  17 
-24  43 
2  17 
-12  29 
26  -2 
16  1 
34  -7 
3  36 
4  25 
39  -33 
50  -2 
7  -10 
-3  15 
20  18 
-4  11 
28  28 
42  44 
2  15 
4  40 
-7  10 
9  27 
33  62 
-4  22 
-7  12 
18  -19 
26  -21 
19  45 
19  -7 
25  -13 
2  -15 
-6  12 
-19  23 
10  -8 
28  18 
-9  18 
15  26 
53  48 
58  13 
-20  9 
-13  20 
15  20 
25  55 
13  23 
15  9 
51  27 
8  4 
-21  -14 
7  -1 
25  53 
-3  27 
-10  5 
-36  8 
1  11 
-3  25 
-5  56 
6  10 
34  -2 
5  5 
-14  7 
5  44 
-2  19 
-24  42 
2  17 
-14  28 
31  -2 
16  0 
36  -6 
2  33 
0  26 
44  -35 
54  -3 
2  -11 
-4  13 
19  19 
-3  11 
27  30 
38  43 
6  10 
4  40 
-7  12 
3  29 
36  61 
2  21 
-6  14 
14  -21 
23  -21 
19  45 
21  -6 
23  -14 
2  -18 
-6  12 
-18  25 
11  -7 
27  19 
-8  18 
15  26 
53  49 
59  13 
-18  8 
-16  19 
12  25 
23  55 
12  24 
20  11 
52  26 
8  5 
-25  -12 
9  0 
26  54 
-3  25 
-13  3 
-36  8 
3  7 
-5  25 
-5  56 
5  7 
37  -2 
6  6 
-15  8 
2  46 
-1  19 
-24  40 
-1  13 
-12  29 
27  3 
14  -2 
34  -7 
0  33 
3  29 
45  -36 
55  -4 
1  -16 
-1  15 
19  20 
-4  11 
27  30 
42  47 
5  7 
4  40 
-7  12 
6  27 
36  61 
2  21 
-5  14 
13  -20 
22  -23 
19  47 
21  -6 
20  -11 
-2  -17 
-4  14 
-19  19 
9  -7 
27  19 
-9  18 
15  28 
49  51 
57  11 
-18  9 
-15  22 
12  23 
22  55 
12  22 
21  12 
53  29 
9  5 
-19  -14 
9  -3 
27  53 
-3  25 
-15  -1 
-40  7 
3  6 
-4  23 
-4  57 
6  6 
37  -2 
5  8 
-12  8 
2  45 
2  20 
-27  43 
0  6 
-8  29 
27  3 
16  1 
38  -7 
-1  33 
2  29 
45  -33 
55  -4 
0  -11 
-2  16 
20  18 
-3  11 
26  30 
42  47 
4  10 
3  40 
-7  9 
8  28 
36  62 
1  20 
-6  13 
15  -20 
19  -18 
11  52 
21  -6 
22  -16 
-2  -17 
-4  13 
-17  19 
10  -8 
26  21 
-12  19 
17  27 
49  47 
56  11 
-21  8 
-15  22 
11  21 
22  55 
12  25 
21  12 
54  32 
8  4 
-20  -13 
11  -2 
25  53 
-3  25 
-14  -2 
-35  8 
3  7 
-4  23 
-5  57 
8  5 
37  -2 
7  10 
-12  9 
3  47 
2  24 
-27  42 
2  5 
-10  32 
27  2 
13  3 
38  -11 
-1  33 
2  28 
46  -33 
55  -6 
-2  -9 
0  18 
22  17 
-4  11 
27  30 
39  45 
2  9 
7  37 
-7  11 
11  27 
36  58 
2  22 
-6  13 
14  -23 
19  -20 
9  53 
17  -5 
23  -14 
1  -19 
-6  14 
-14  21 
11  -7 
27  19 
-11  17 
17  27 
49  47 
57  11 
-13  8 
-15  22 
12  20 
23  55 
12  25 
24  13 
54  32 
6  6 
-20  -11 
11  -2 
25  53 
-3  25 
-11  -1 
-35  7 
5  4 
-4  21 
-5  56 
5  5 
37  -2 
6  10 
-12  9 
3  46 
3  25 
-28  43 
4  5 
-9  32 
28  5 
9  2 
39  -7 
0  33 
2  26 
44  -33 
55  -7 
-2  -10 
0  17 
19  17 
-2  9 
28  29 
42  44 
3  9 
7  37 
-7  14 
11  24 
37  58 
-1  21 
-9  15 
15  -24 
19  -20 
9  52 
14  -6 
23  -13 
1  -15 
-6  13 
-13  13 
9  -7 
28  18 
-11  17 
17  27 
49  47 
56  11 
-14  8 
-15  22 
13  22 
23  53 
12  24 
25  19 
53  32 
6  6 
-18  -11 
9  -1 
29  55 
-5  25 
-16  0 
-35  7 
7  3 
-4  20 
-4  55 
5  5 
32  0 
6  10 
-10  11 
5  48 
1  25 
-29  41 
4  5 
-10  32 
26  6 
7  3 
39  -7 
1  32 
3  27 
46  -33 
54  -6 
-2  -8 
5  19 
18  17 
-6  7 
31  29 
45  36 
7  10 
6  37 
-9  12 
13  23 
37  58 
-1  20 
-9  14 
15  -26 
21  -18 
0  51 
14  -8 
22  -15 
2  -18 
-7  9 
-15  13 
9  -8 
23  15 
-11  17 
16  25 
48  49 
56  11 
-12  8 
-14  21 
16  20 
23  53 
12  25 
25  15 
53  32 
5  7 
-18  -12 
14  -2 
26  53 
-8  26 
-17  -1 
-35  5 
8  5 
-4  21 
2  57 
5  4 
32  0 
6  8 
-11  7 
8  49 
-2  23 
-28  45 
3  7 
-10  31 
26  7 
9  5 
38  -7 
3  29 
2  25 
48  -28 
47  -6 
-3  -8 
4  20 
15  16 
-3  5 
30  28 
43  35 
7  9 
7  42 
-9  7 
16  20 
37  58 
-2  20 
-8  9 
9  -23 
19  -17 
0  51 
11  -7 
22  -19 
3  -15 
-7  9 
-15  13 
9  -7 
18  16 
-13  13 
17  26 
44  48 
57  11 
-12  8 
-15  19 
19  20 
21  52 
7  23 
21  14 
54  33 
6  6 
-17  -14 
14  -3 
26  54 
-10  23 
-19  3 
-36  5 
4  -1 
-4  23 
2  58 
5  4 
33  3 
5  8 
-11  7 
6  50 
-2  24 
-28  42 
3  7 
-11  33 
23  9 
13  2 
38  -7 
-1  25 
1  24 
49  -28 
49  -3 
-8  -1 
-2  19 
15  16 
-5  5 
29  27 
43  35 
4  9 
6  41 
-10  3 
16  23 
37  58 
0  18 
-8  4 
12  -25 
19  -18 
0  51 
20  -7 
25  -16 
2  -15 
-7  9 
-17  13 
10  -8 
18  16 
-13  13 
17  27 
45  48 
57  11 
-12  9 
-11  18 
16  22 
21  52 
7  23 
23  12 
51  33 
4  8 
-16  -13 
14  -1 
26  54 
-9  24 
-15  2 
-36  5 
4  -1 
-4  20 
2  57 
6  6 
33  3 
5  7 
-13  4 
4  48 
2  29 
-28  38 
1  5 
-15  32 
20  9 
16  0 
39  -7 
6  30 
-1  26 
49  -27 
51  -2 
-6  -1 
-1  21 
15  17 
-4  5 
29  27 
40  36 
7  10 
6  41 
-6  1 
16  23 
37  58 
0  18 
-7  0 
9  -23 
19  -20 
0  51 
20  -7 
25  -16 
-1  -18 
-5  8 
-17  13 
11  -13 
19  14 
-15  13 
17  27 
45  48 
58  12 
-12  8 
-13  19 
16  21 
21  53 
7  23 
23  15 
50  32 
6  7 
-16  -15 
14  -3 
22  53 
-7  29 
-15  2 
-39  -1 
7  0 
-6  18 
2  57 
6  6 
33  3 
5  7 
-8  3 
8  48 
0  29 
-33  34 
-1  3 
-17  33 
23  7 
16  1 
39  -7 
5  30 
-2  23 
52  -31 
44  0 
-4  0 
2  22 
15  16 
-5  5 
29  27 
41  43 
7  10 
7  43 
-10  3 
15  23 
37  58 
-5  17 
-13  -1 
9  -23 
19  -20 
0  51 
22  -12 
25  -16 
-2  -21 
1  5 
-17  15 
10  -8 
20  13 
-15  13 
17  25 
46  47 
57  11 
-12  9 
-16  19 
16  22 
21  52 
10  20 
25  15 
49  32 
6  6 
-18  -15 
14  -7 
20  58 
-7  29 
-17  3 
-38  -3 
11  7 
-4  18 
3  56 
4  8 
31  4 
5  5 
-8  5 
8  49 
0  29 
-33  33 
1  3 
-19  32 
23  7 
16  -7 
38  -9 
6  30 
-3  25 
53  -31 
46  1 
-6  -1 
-2  19 
16  15 
-5  5 
33  22 
42  41 
7  10 
9  47 
-7  0 
16  21 
36  60 
-5  16 
-15  -1 
8  -22 
19  -18 
-4  51 
22  -11 
22  -12 
-1  -20 
7  -1 
-17  16 
13  -8 
21  14 
-14  14 
19  28 
45  48 
56  9 
-12  8 
-16  19 
16  22 
23  53 
8  16 
26  13 
54  34 
6  8 
-18  -15 
10  -4 
20  58 
-5  28 
-19  1 
-38  -2 
10  6 
-3  18 
6  60 
5  7 
29  2 
4  5 
-8  2 
6  48 
2  29 
-33  33 
5  2 
-20  31 
23  9 
14  -7 
42  -7 
5  30 
-2  30 
53  -30 
47  -1 
-5  0 
-2  19 
14  19 
-4  5 
32  23 
39  40 
6  10 
10  52 
-8  0 
16  23 
36  60 
-4  18 
-16  0 
11  -20 
19  -18 
-1  53 
22  -12 
19  -15 
0  -21 
9  -3 
-14  14 
13  -8 
21  12 
-14  11 
20  26 
46  46 
53  11 
-15  7 
-18  17 
17  25 
21  53 
4  19 
25  13 
51  35 
6  7 
-18  -16 
11  -2 
20  58 
-3  31 
-18  2 
-41  3 
7  3 
-5  16 
8  59 
5  8 
32  4 
5  4 
-8  6 
7  48 
0  29 
-35  33 
6  0 
-20  31 
24  11 
11  -5 
41  -6 
6  30 
0  33 
55  -31 
49  -3 
-5  -4 
1  20 
13  23 
-10  3 
33  20 
38  43 
7  10 
9  53 
-6  -3 
16  23 
36  60 
-3  18 
-18  1 
6  -19 
18  -16 
-1  47 
23  -11 
17  -15 
-2  -20 
7  -5 
-13  13 
11  -8 
26  6 
-14  8 
23  26 
48  48 
54  13 
-14  7 
-18  18 
15  25 
23  53 
6  17 
29  12 
45  32 
4  5 
-21  -14 
3  -5 
20  58 
-4  31 
-21  5 
-43  7 
7  3 
-4  18 
4  59 
2  5 
39  2 
5  4 
-9  7 
6  47 
-1  28 
-35  33 
6  1 
-18  33 
28  8 
11  -2 
41  -8 
7  28 
-2  27 
58  -27 
49  -3 
-9  8 
4  25 
12  25 
-11  5 
33  22 
39  42 
6  9 
9  53 
-6  -3 
16  22 
36  61 
-5  16 
-19  0 
4  -20 
16  -9 
0  46 
20  -11 
15  -15 
-2  -21 
6  -6 
-17  13 
11  -7 
26  6 
-16  8 
22  24 
48  49 
53  12 
-15  8 
-20  18 
18  24 
22  57 
12  18 
27  15 
47  33 
5  5 
-17  -11 
3  -5 
21  62 
-3  31 
-18  8 
-41  13 
7  3 
-8  20 
4  59 
2  5 
39  5 
5  4 
-7  9 
6  47 
-2  26 
-33  33 
8  -2 
-19  34 
25  8 
11  -2 
39  -9 
6  28 
-3  25 
56  -27 
49  -3 
-12  5 
2  25 
11  24 
-15  4 
29  25 
39  44 
6  6 
13  48 
-3  -2 
15  20 
36  61 
-6  18 
-21  0 
4  -21 
16  -9 
6  50 
20  -11 
15  -15 
-1  -17 
5  -7 
-17  12 
8  -5 
23  6 
-12  9 
18  24 
48  48 
54  13 
-13  10 
-20  18 
19  30 
20  56 
6  14 
34  15 
49  32 
-1  7 
-17  -10 
2  -7 
21  65 
-3  31 
-18  8 
-42  17 
7  3 
-7  23 
6  59 
3  7 
37  7 
5  -1 
-7  9 
6  46 
-3  31 
-31  32 
5  -1 
-17  33 
25  7 
11  -2 
39  -7 
6  27 
-3  25 
58  -27 
49  -3 
-12  4 
2  25 
13  20 
-15  4 
29  27 
41  49 
4  8 
12  38 
-5  -4 
9  22 
36  61 
-4  20 
-23  0 
4  -20 
16  -9 
7  50 
20  -11 
13  -8 
4  -17 
6  -6 
-19  14 
7  -3 
19  5 
-13  8 
19  22 
48  48 
56  13 
-12  9 
-20  18 
17  27 
24  59 
7  13 
34  14 
49  33 
4  5 
-17  -14 
0  -9 
19  60 
-2  30 
-18  9 
-43  15 
10  3 
-7  23 
6  61 
3  7 
38  8 
7  -1 
-6  7 
2  45 
2  27 
-29  33 
4  -1 
-17  29 
28  8 
12  0 
38  -7 
5  28 
1  27 
57  -29 
46  1 
-12  5 
5  27 
16  16 
-14  7 
31  27 
43  47 
5  10 
14  38 
-5  -4 
7  23 
36  60 
-4  23 
-23  -2 
5  -16 
16  -11 
6  50 
20  -11 
13  -8 
3  -14 
5  -7 
-17  15 
11  -2 
19  6 
-16  5 
19  23 
48  49 
54  13 
-8  4 
-19  21 
19  28 
25  62 
10  12 
32  18 
49  32 
1  5 
-20  -22 
0  -9 
28  58 
-4  31 
-18  8 
-40  16 
11  1 
-7  21 
6  58 
2  9 
40  7 
4  0 
-7  8 
-1  44 
2  25 
-29  33 
6  -1 
-17  29 
26  8 
12  4 
38  -10 
6  27 
1  27 
60  -29 
47  -3 
-11  7 
7  28 
14  13 
-15  8 
31  27 
42  44 
6  10 
14  40 
-5  -4 
8  18 
36  60 
-4  22 
-23  -2 
5  -13 
13  -12 
8  49 
20  -11 
9  -7 
6  -14 
5  -7 
-17  15 
14  -3 
24  5 
-16  9 
15  23 
48  48 
55  14 
-9  -2 
-18  17 
19  25 
28  64 
9  9 
28  15 
50  32 
1  0 
-20  -22 
1  -8 
27  59 
-4  33 
-18  8 
-38  15 
10  3 
-7  23 
9  57 
1  9 
40  7 
4  0 
-7  9 
-1  42 
2  28 
-26  33 
-2  -1 
-11  30 
26  6 
14  -1 
39  -7 
7  29 
3  26 
60  -29 
47  -1 
-11  9 
8  28 
16  13 
-16  8 
31  27 
41  44 
7  10 
15  37 
-4  0 
9  20 
36  61 
-4  22 
-22  -4 
5  -12 
13  -17 
9  47 
20  -11 
6  -6 
3  -15 
5  -7 
-17  15 
15  -4 
25  4 
-13  18 
16  23 
52  49 
58  17 
-10  -4 
-18  17 
18  23 
32  64 
9  12 
29  15 
49  33 
0  -1 
-20  -22 
1  -8 
26  61 
0  33 
-17  9 
-38  15 
9  2 
-5  20 
9  57 
-3  7 
37  5 
5  2 
-7  9 
-1  43 
0  26 
-27  32 
-2  -1 
-11  33 
26  6 
14  -3 
39  -9 
5  27 
3  26 
59  -27 
46  -2 
-10  11 
9  27 
14  13 
-14  10 
28  24 
41  44 
5  8 
16  38 
-7  0 
12  18 
36  61 
-4  22 
-22  -4 
5  -11 
12  -18 
8  49 
20  -11 
7  -1 
-1  -12 
5  -7 
-17  15 
14  -8 
25  5 
-9  18 
15  23 
47  48 
59  19 
-11  -3 
-18  17 
24  25 
31  67 
12  9 
29  15 
49  32 
4  -1 
-22  -27 
1  -8 
26  61 
2  35 
-17  9 
-37  16 
13  3 
-14  16 
6  59 
-4  11 
43  7 
5  2 
-7  9 
-3  47 
0  26 
-26  32 
1  3 
-10  32 
27  5 
15  -4 
36  -9 
5  27 
-1  26 
63  -27 
46  1 
-9  14 
12  29 
14  13 
-14  14 
29  27 
42  45 
6  7 
16  40 
-9  -2 
7  19 
34  57 
-4  21 
-21  -12 
5  -12 
10  -24 
9  53 
20  -11 
9  -3 
-1  -15 
5  -7 
-16  15 
13  -11 
23  6 
-6  19 
16  23 
48  49 
59  20 
-16  0 
-18  17 
21  24 
31  66 
8  8 
29  15 
50  30 
4  -1 
-21  -27 
1  -6 
27  63 
0  38 
-17  7 
-37  15 
9  2 
-14  18 
6  57 
-4  9 
42  8 
1  2 
-11  12 
-1  47 
-3  25 
-27  32 
1  1 
-7  33 
30  3 
18  -5 
37  -9 
6  26 
2  29 
62  -27 
44  -1 
-12  14 
13  29 
15  14 
-14  14 
29  27 
45  44 
7  3 
16  41 
-9  -2 
3  19 
34  57 
-4  22 
-19  -11 
8  -12 
12  -22 
10  48 
20  -11 
9  -3 
-4  -15 
5  -7 
-12  17 
14  -5 
23  7 
-7  23 
15  25 
49  50 
60  26 
-12  -1 
-17  15 
23  26 
31  67 
8  9 
27  13 
49  32 
9  2 
-24  -29 
-1  -7 
34  62 
0  38 
-17  9 
-46  13 
13  0 
-14  20 
7  57 
2  7 
47  10 
1  2 
-6  14 
-1  45 
-3  26 
-27  32 
2  9 
-9  31 
33  3 
20  -9 
38  -7 
6  30 
0  26 
62  -29 
44  -1 
-13  13 
19  28 
16  18 
-13  15 
29  29 
45  42 
11  -2 
12  40 
-14  -3 
-1  22 
37  58 
-5  23 
-17  -11 
6  -13 
10  -17 
13  49 
23  -13 
9  -1 
-5  -15 
5  -7 
-13  17 
14  -7 
24  5 
-9  27 
12  24 
49  53 
57  27 
-12  -1 
-17  15 
23  25 
32  66 
8  9 
26  14 
49  35 
8  4 
-26  -26 
-1  -7 
36  60 
1  41 
-18  8 
-40  13 
15  -4 
-14  21 
2  61 
-2  8 
45  8 
3  6 
1  14 
-1  46 
-3  25 
-27  32 
0  6 
-9  32 
31  1 
20  -9 
38  -11 
7  28 
-3  27 
65  -33 
47  -2 
-15  13 
18  30 
15  16 
-14  14 
29  32 
42  37 
8  -2 
10  46 
-13  2 
-4  20 
37  55 
-4  22 
-18  -11 
4  -11 
11  -17 
14  53 
24  -12 
12  -2 
-4  -15 
9  -7 
-17  19 
15  -11 
25  5 
-7  28 
11  27 
50  52 
55  28 
-14  -3 
-17  16 
26  27 
34  57 
8  9 
27  13 
49  37 
7  3 
-26  -26 
-2  -7 
37  62 
4  43 
-18  8 
-39  14 
11  0 
-16  19 
2  65 
-1  5 
43  9 
1  4 
-2  16 
4  46 
-3  25 
-26  34 
0  7 
-9  33 
34  0 
20  -9 
36  -9 
6  27 
-2  27 
68  -32 
46  1 
-15  13 
18  32 
14  17 
-13  15 
31  31 
38  36 
11  -2 
10  43 
-16  -1 
-4  20 
33  52 
-4  23 
-20  -11 
6  -10 
13  -17 
10  52 
25  -12 
8  -1 
-4  -15 
10  -9 
-13  19 
17  -9 
21  2 
-7  29 
11  27 
50  55 
55  25 
-14  -2 
-15  15 
26  26 
36  57 
9  7 
26  13 
49  37 
8  3 
-26  -27 
-1  -7 
36  61 
5  42 
-18  5 
-37  16 
10  -4 
-16  20 
1  65 
-3  12 
48  9 
-1  0 
-2  19 
2  48 
-1  26 
-25  33 
5  7 
-9  35 
29  2 
21  -8 
36  -9 
5  29 
-3  27 
69  -33 
47  -1 
-10  11 
23  27 
17  18 
-14  13 
25  33 
40  38 
8  -1 
4  45 
-14  1 
-4  21 
33  52 
-4  23 
-20  -14 
6  -14 
12  -17 
9  52 
26  -13 
10  3 
-3  -15 
9  -7 
-14  19 
18  -7 
22  2 
-7  29 
12  29 
51  58 
56  25 
-10  -4 
-16  15 
22  21 
34  57 
7  10 
25  12 
47  37 
8  5 
-23  -29 
1  -6 
36  62 
5  42 
-15  8 
-37  15 
7  -7 
-18  17 
4  60 
0  13 
50  12 
-4  -2 
-1  22 
1  49 
-3  27 
-23  35 
3  7 
-13  39 
26  1 
18  -16 
38  -8 
2  29 
-4  31 
69  -33 
44  0 
-6  12 
22  28 
13  23 
-15  13 
26  33 
44  37 
5  -1 
0  49 
-10  -1 
-7  20 
33  52 
-4  20 
-23  -15 
4  -15 
12  -19 
11  53 
25  -13 
7  3 
1  -13 
9  -7 
-13  18 
18  -11 
18  -1 
-4  28 
12  24 
47  57 
55  25 
-11  -8 
-17  16 
22  22 
34  58 
6  10 
27  13 
49  35 
5  4 
-22  -34 
-1  -7 
36  62 
5  42 
-17  6 
-37  15 
6  -6 
-17  19 
4  59 
-2  13 
43  13 
-7  1 
-1  22 
