Created:December-12-2022 
Coverage:16 
N:20 
NUM-IONS:64 
NSTEPS:15000 
WRITE-PERIODICITY:100 
epsilon:1.71 
30  -11 
11  4 
33  33 
9  -3 
-5  -5 
15  3 
-32  21 
31  -12 
3  10 
9  19 
28  -6 
1  -29 
29  14 
0  25 
-13  -22 
11  -5 
5  -12 
9  10 
27  13 
17  32 
36  7 
1  7 
-15  26 
5  21 
-7  11 
17  7 
8  12 
-15  -1 
-2  -2 
26  6 
12  -11 
44  7 
5  30 
18  11 
6  14 
7  -32 
-11  15 
2  -19 
29  9 
14  21 
-5  14 
14  -7 
5  15 
24  8 
-11  -2 
43  26 
-23  3 
6  33 
-4  -4 
-8  -3 
35  -14 
1  -16 
22  13 
-4  13 
39  35 
42  -12 
-2  13 
-2  14 
19  -6 
18  24 
26  -3 
-11  13 
27  35 
-9  0 
28  -10 
11  4 
31  33 
9  -3 
-5  -5 
12  7 
-37  25 
32  -11 
2  11 
13  17 
29  -7 
2  -33 
28  14 
1  27 
-14  -23 
11  -2 
4  -12 
10  11 
32  10 
17  32 
38  8 
1  5 
-14  28 
5  26 
-11  14 
15  6 
2  8 
-15  -1 
-2  -6 
25  8 
12  -7 
44  7 
5  30 
15  10 
3  12 
10  -32 
-13  18 
2  -20 
28  12 
13  25 
-7  11 
13  -10 
5  15 
24  6 
-12  -4 
40  27 
-22  0 
6  33 
-4  -4 
-12  -3 
37  -16 
3  -14 
22  13 
-3  15 
36  35 
43  -12 
-2  13 
-2  16 
14  -5 
18  24 
26  -1 
-10  13 
27  32 
-6  -1 
31  -13 
11  -1 
33  38 
11  -5 
-5  -5 
10  8 
-37  25 
31  -11 
0  10 
12  21 
28  -7 
2  -30 
31  14 
1  27 
-14  -23 
11  1 
3  -12 
13  6 
31  11 
18  31 
37  7 
2  0 
-14  28 
5  26 
-11  13 
11  6 
-2  6 
-14  0 
-2  -4 
20  7 
13  -9 
43  6 
6  33 
16  11 
5  12 
8  -31 
-15  19 
2  -17 
29  8 
12  27 
-8  9 
13  -11 
7  15 
22  8 
-12  -4 
41  25 
-24  0 
7  31 
1  -2 
-11  -2 
35  -18 
1  -16 
25  11 
-1  16 
35  30 
41  -9 
-1  15 
-2  18 
13  -8 
13  21 
25  0 
-9  13 
25  30 
-1  2 
31  -16 
11  0 
29  37 
14  -3 
-5  -5 
9  13 
-35  26 
30  -12 
1  10 
11  19 
24  -8 
1  -29 
31  13 
4  22 
-14  -23 
11  3 
2  -14 
7  12 
27  11 
21  33 
36  8 
2  1 
-16  27 
8  26 
-12  14 
9  9 
0  5 
-17  -1 
0  -2 
20  7 
17  -11 
42  8 
6  33 
18  11 
3  13 
4  -32 
-10  18 
0  -18 
25  8 
13  23 
-12  10 
11  -11 
1  17 
23  8 
-12  -4 
41  25 
-31  -2 
0  24 
1  -2 
-9  -4 
37  -17 
1  -17 
22  13 
5  10 
36  30 
38  -7 
-1  16 
2  18 
16  -9 
16  20 
21  -1 
-7  11 
25  32 
-1  -1 
31  -16 
11  -5 
29  38 
13  -3 
-3  -5 
8  12 
-37  25 
24  -9 
0  10 
9  17 
21  -7 
1  -29 
27  11 
5  19 
-16  -23 
11  3 
5  -12 
8  10 
30  14 
23  34 
34  0 
2  0 
-18  26 
8  26 
-14  15 
9  9 
2  3 
-14  -1 
1  -1 
20  5 
13  -8 
40  4 
4  33 
19  11 
5  15 
1  -33 
-11  23 
-1  -18 
26  8 
13  25 
-14  14 
11  -12 
-1  16 
22  7 
-12  -4 
39  25 
-29  0 
4  22 
1  -2 
-7  -7 
36  -12 
2  -18 
23  8 
4  12 
36  30 
38  -4 
-1  15 
-2  13 
20  -8 
15  23 
20  -1 
-9  13 
21  25 
-7  1 
31  -16 
12  8 
29  33 
13  -3 
-5  -5 
8  14 
-38  28 
25  -10 
0  10 
9  17 
23  -6 
-3  -28 
28  6 
4  19 
-14  -21 
11  3 
3  -14 
12  9 
26  12 
21  31 
33  3 
2  3 
-12  29 
9  23 
-15  18 
13  10 
0  7 
-13  1 
-2  1 
21  4 
13  -9 
42  2 
4  33 
17  14 
5  15 
2  -31 
-13  22 
-3  -17 
21  5 
10  33 
-14  13 
11  -13 
4  18 
25  11 
-12  -4 
46  28 
-31  -2 
8  21 
-3  -3 
-7  -7 
37  -13 
2  -20 
21  18 
1  16 
36  30 
40  -4 
1  13 
0  18 
22  -7 
15  25 
18  -2 
-9  13 
17  25 
-2  4 
31  -16 
11  6 
29  33 
14  1 
-4  -7 
5  10 
-35  26 
24  -9 
0  10 
9  18 
20  -8 
-3  -31 
23  13 
6  18 
-13  -22 
11  3 
1  -10 
13  10 
24  13 
21  31 
31  0 
5  2 
-9  33 
9  23 
-22  23 
12  9 
0  4 
-14  -1 
-1  1 
21  7 
10  -7 
42  2 
6  33 
15  15 
5  14 
4  -36 
-12  21 
-10  -23 
23  5 
7  35 
-15  15 
13  -15 
5  19 
22  13 
-12  -3 
40  27 
-27  -3 
9  22 
-2  -4 
-7  -4 
36  -12 
2  -20 
19  18 
0  18 
34  34 
41  -3 
-1  13 
0  19 
18  -7 
17  24 
22  1 
-14  12 
21  23 
-5  3 
31  -16 
13  10 
29  35 
17  3 
-4  -4 
6  8 
-36  26 
26  -10 
0  10 
10  17 
21  -7 
-4  -32 
24  12 
7  18 
-8  -20 
10  8 
0  -8 
12  13 
21  11 
21  37 
34  -3 
0  4 
-7  36 
11  26 
-16  24 
9  13 
0  5 
-14  -1 
-9  0 
23  8 
7  -9 
39  5 
2  33 
15  16 
1  16 
2  -32 
-12  26 
-9  -27 
22  9 
8  34 
-15  11 
13  -20 
6  20 
20  14 
-11  -3 
41  27 
-27  -3 
9  29 
-1  -5 
-6  -6 
40  -13 
2  -18 
20  16 
1  18 
36  33 
38  -4 
-1  14 
0  19 
18  -7 
12  29 
25  1 
-12  12 
25  28 
2  1 
31  -17 
12  13 
27  31 
17  3 
-7  -11 
4  8 
-37  25 
31  -11 
0  10 
13  20 
20  -8 
-7  -30 
18  14 
6  17 
-9  -20 
9  10 
2  -7 
11  13 
21  10 
27  38 
37  4 
0  4 
-7  37 
11  24 
-16  22 
3  14 
-2  4 
-15  -1 
-8  2 
22  7 
10  -8 
42  8 
1  33 
14  18 
0  18 
3  -33 
-12  29 
-5  -25 
22  9 
9  33 
-14  13 
14  -20 
5  18 
21  19 
-11  0 
41  23 
-26  -3 
15  23 
-1  -6 
-2  -10 
40  -13 
2  -17 
22  16 
-1  23 
33  31 
38  -4 
-2  13 
1  18 
17  -5 
12  29 
26  0 
-9  7 
23  28 
2  1 
31  -17 
9  13 
27  32 
17  3 
-7  -7 
3  7 
-37  28 
32  -11 
1  10 
18  18 
16  -12 
-9  -27 
19  13 
5  15 
-8  -19 
9  8 
2  -7 
6  13 
21  11 
26  39 
36  7 
-3  7 
-6  36 
11  24 
-15  26 
7  11 
-1  1 
-13  1 
-9  0 
20  6 
5  -10 
41  7 
1  33 
13  17 
1  17 
9  -30 
-10  28 
-4  -27 
28  10 
8  34 
-18  7 
20  -22 
2  29 
19  15 
-2  0 
42  20 
-26  -3 
18  24 
-1  -6 
-3  -11 
41  -15 
6  -20 
24  11 
1  23 
34  27 
38  -4 
1  16 
-1  19 
21  -8 
9  29 
27  2 
-5  -5 
26  28 
3  5 
31  -17 
7  11 
29  29 
13  5 
-8  -7 
3  8 
-35  32 
34  -13 
0  10 
22  18 
17  -11 
-5  -30 
21  17 
8  14 
-6  -18 
10  8 
3  -4 
6  14 
21  10 
26  40 
35  9 
-4  8 
-1  35 
13  26 
-16  26 
8  10 
2  1 
-11  3 
-7  0 
25  6 
5  -10 
41  7 
6  37 
13  17 
0  22 
9  -27 
-13  29 
-2  -30 
29  8 
11  33 
-18  6 
23  -17 
1  31 
22  16 
-5  -2 
33  21 
-28  -1 
15  23 
0  -7 
-2  -9 
43  -13 
6  -21 
25  15 
2  20 
37  31 
40  -4 
0  18 
-3  17 
21  -7 
9  37 
27  2 
-4  -9 
26  28 
2  7 
32  -15 
7  12 
27  30 
20  -2 
-9  -7 
1  7 
-36  25 
41  -16 
0  13 
21  19 
21  -15 
-4  -32 
26  19 
10  14 
-9  -16 
13  6 
1  -2 
6  13 
21  9 
26  40 
33  10 
-3  7 
-1  35 
11  29 
-16  26 
8  12 
-1  1 
-11  3 
-5  3 
25  6 
7  -9 
40  4 
6  37 
13  17 
-1  18 
2  -32 
-11  28 
-3  -31 
33  9 
4  33 
-17  8 
24  -18 
3  34 
19  16 
-11  -3 
30  19 
-32  -4 
13  25 
1  -7 
-3  -9 
47  -12 
4  -21 
25  15 
2  20 
36  31 
38  -7 
-5  15 
-9  21 
22  -7 
9  39 
28  1 
-4  -10 
27  29 
6  8 
36  -16 
7  11 
25  30 
18  -7 
-9  -7 
2  7 
-36  22 
40  -13 
-9  15 
21  19 
21  -17 
-4  -33 
27  20 
7  9 
-11  -13 
14  3 
-1  -4 
8  10 
24  12 
29  42 
32  13 
-1  5 
-2  34 
9  29 
-17  28 
8  14 
-4  9 
-9  4 
-9  0 
25  6 
12  -11 
44  7 
4  39 
13  17 
0  18 
1  -33 
-8  27 
-4  -32 
33  10 
4  31 
-17  7 
20  -16 
1  33 
19  15 
-11  -2 
33  16 
-32  -4 
11  27 
3  -7 
-3  -11 
46  -12 
6  -21 
25  15 
2  20 
36  31 
38  -4 
-2  18 
-9  23 
26  -7 
10  40 
22  3 
-3  -8 
28  26 
4  8 
33  -19 
6  8 
27  32 
14  -10 
-11  -7 
1  10 
-36  17 
41  -13 
-7  16 
18  18 
22  -19 
-4  -33 
25  19 
8  9 
-11  -12 
15  2 
0  -2 
10  8 
21  17 
29  43 
31  13 
2  3 
-1  36 
7  26 
-20  30 
7  16 
-3  7 
-12  6 
-7  -2 
25  8 
14  -20 
43  8 
2  33 
13  17 
2  20 
4  -32 
-5  23 
-5  -35 
23  14 
6  33 
-17  7 
21  -15 
1  32 
21  13 
-11  -3 
35  15 
-29  3 
12  29 
10  -7 
-7  -10 
41  -16 
6  -23 
25  14 
4  19 
36  31 
42  -2 
1  18 
-8  27 
27  -9 
9  38 
20  4 
-3  -11 
25  26 
3  6 
35  -17 
11  10 
24  33 
18  -10 
-11  -5 
2  9 
-32  16 
42  -9 
-5  17 
21  18 
17  -17 
-3  -25 
25  22 
6  8 
-15  -17 
20  0 
1  -4 
9  7 
18  16 
24  42 
32  11 
1  5 
-1  35 
9  26 
-19  31 
2  20 
-7  6 
-14  -1 
-9  0 
30  9 
12  -14 
44  6 
5  31 
11  21 
1  23 
4  -36 
-7  21 
-4  -32 
21  13 
4  35 
-20  7 
20  -15 
-6  32 
23  13 
-11  -2 
35  15 
-30  0 
13  30 
10  -7 
-9  -7 
41  -19 
6  -22 
26  13 
4  18 
36  31 
39  -1 
2  16 
-8  29 
27  -9 
9  42 
23  6 
-2  -9 
27  26 
5  6 
33  -17 
6  8 
29  33 
14  -3 
-11  -5 
3  8 
-31  18 
46  -10 
-7  16 
19  19 
18  -16 
-3  -26 
25  19 
0  4 
-11  -21 
14  1 
0  -2 
7  11 
17  17 
25  46 
38  13 
1  5 
-1  36 
6  19 
-20  30 
1  21 
-4  0 
-18  -4 
-9  3 
31  7 
12  -13 
41  3 
5  31 
12  22 
2  23 
3  -30 
-6  22 
-2  -32 
19  15 
5  35 
-20  8 
24  -14 
-5  38 
25  10 
-9  -3 
35  15 
-30  -3 
16  33 
7  -8 
-9  -7 
39  -18 
-2  -24 
24  13 
6  17 
35  26 
42  0 
4  14 
-4  28 
27  -4 
3  46 
22  8 
-5  -9 
24  27 
4  8 
31  -13 
6  8 
27  32 
18  -6 
-12  -6 
4  7 
-29  15 
50  -12 
-7  17 
20  21 
15  -12 
-4  -27 
28  21 
-3  3 
-9  -21 
13  4 
2  -2 
11  13 
19  18 
25  46 
38  13 
1  7 
1  38 
5  21 
-19  31 
-2  24 
0  2 
-15  -1 
-9  4 
32  9 
13  -15 
41  4 
5  32 
12  20 
1  25 
2  -31 
-3  20 
-4  -32 
19  16 
5  31 
-22  6 
22  -13 
-9  41 
21  13 
-4  -3 
35  15 
-30  -3 
19  35 
12  -7 
-6  -6 
42  -19 
-2  -24 
29  7 
6  17 
34  27 
41  1 
3  14 
-2  30 
29  -2 
0  47 
25  8 
-8  -5 
23  29 
3  7 
33  -14 
7  10 
27  31 
19  -5 
-11  -6 
3  8 
-26  17 
51  -11 
-9  16 
20  19 
16  -12 
-5  -21 
26  28 
-4  3 
-9  -23 
14  -2 
2  -7 
13  11 
21  18 
24  39 
38  13 
4  8 
2  38 
2  23 
-19  30 
-3  24 
-6  0 
-13  1 
-9  4 
32  9 
12  -14 
41  5 
1  33 
9  18 
0  25 
-2  -26 
-5  23 
-5  -35 
24  18 
4  33 
-22  8 
22  -9 
-7  41 
20  12 
2  -4 
35  15 
-27  -3 
21  37 
9  -7 
-3  -5 
42  -20 
-2  -24 
30  8 
5  15 
32  33 
42  2 
4  12 
-4  33 
28  -4 
0  47 
25  6 
-9  -1 
28  33 
1  7 
33  -9 
16  10 
24  33 
19  -4 
-13  -9 
1  7 
-27  16 
49  -12 
-11  18 
19  21 
16  -13 
-8  -21 
32  27 
-5  2 
-13  -22 
13  -3 
3  -6 
15  11 
18  18 
20  38 
41  17 
8  10 
-1  38 
1  24 
-18  30 
-4  23 
-5  -2 
-14  -1 
-9  3 
33  9 
11  -14 
40  4 
-1  35 
9  17 
5  19 
-2  -24 
-4  21 
-5  -35 
22  20 
6  33 
-21  14 
24  -12 
-5  43 
18  13 
1  -2 
34  14 
-24  -9 
18  44 
9  -7 
-10  -7 
41  -19 
-1  -23 
30  8 
5  15 
31  37 
39  2 
5  10 
-4  28 
28  -4 
0  47 
25  6 
-9  0 
29  29 
1  5 
32  -7 
13  10 
25  35 
22  -2 
-13  -9 
1  7 
-26  14 
51  -20 
-5  18 
21  25 
18  -12 
-9  -21 
33  23 
-9  3 
-20  -24 
13  -3 
3  -6 
18  10 
13  18 
18  36 
39  16 
6  8 
-1  43 
-4  24 
-19  31 
-4  23 
-4  -4 
-11  -3 
-4  0 
32  7 
12  -12 
42  8 
-2  33 
9  19 
-1  19 
-2  -22 
-1  21 
-3  -31 
21  23 
5  32 
-20  10 
23  -12 
-7  44 
17  14 
1  -4 
36  11 
-21  -5 
17  43 
8  -6 
-7  -8 
41  -19 
1  -22 
32  9 
6  13 
29  38 
34  0 
8  12 
-3  27 
28  -4 
0  46 
22  9 
-10  -3 
30  28 
2  6 
28  -11 
16  13 
24  39 
20  -4 
-13  -9 
1  7 
-27  12 
54  -19 
-6  17 
15  21 
18  -12 
-11  -22 
36  20 
-10  0 
-18  -27 
9  -7 
4  -9 
18  10 
15  22 
18  36 
39  16 
3  8 
2  40 
-2  22 
-19  31 
-6  22 
-4  -4 
-11  -1 
-1  3 
32  8 
11  -17 
43  11 
-5  34 
6  17 
-7  17 
0  -21 
-3  23 
-4  -32 
21  21 
0  38 
-20  10 
22  -11 
-8  39 
18  13 
-1  -3 
37  9 
-21  -5 
12  46 
7  -6 
-11  -6 
40  -18 
-3  -20 
33  11 
7  15 
29  35 
35  3 
8  13 
1  25 
29  -3 
2  43 
26  8 
-10  -3 
30  28 
6  0 
32  -11 
15  11 
26  39 
18  -2 
-19  -9 
2  7 
-28  13 
54  -16 
-8  15 
11  18 
12  -12 
-7  -22 
41  18 
-9  0 
-19  -23 
9  -11 
5  -8 
20  12 
10  17 
19  39 
39  16 
4  8 
0  44 
-4  20 
-18  33 
-6  22 
-5  -5 
-6  -3 
0  2 
31  9 
11  -17 
43  14 
-5  30 
5  19 
-7  13 
2  -22 
-4  28 
-3  -33 
21  19 
9  33 
-19  10 
21  -15 
-7  36 
18  13 
0  -2 
37  12 
-24  -4 
11  46 
8  -7 
-12  -6 
35  -17 
1  -19 
30  11 
8  16 
29  34 
33  4 
6  13 
0  25 
29  -3 
2  40 
25  10 
-9  -5 
31  33 
6  0 
31  -10 
16  10 
24  38 
21  -4 
-20  -10 
3  7 
-27  12 
54  -18 
-6  14 
10  17 
12  -13 
-5  -18 
47  12 
-9  3 
-15  -29 
10  -12 
-3  -5 
19  13 
9  19 
19  35 
38  14 
9  7 
1  43 
-3  24 
-17  33 
-5  23 
-5  -5 
-7  -3 
-2  3 
28  10 
11  -14 
43  14 
-5  34 
-2  16 
-12  12 
-1  -23 
-7  30 
-5  -30 
19  16 
6  32 
-19  11 
17  -17 
-10  38 
18  13 
0  -2 
42  13 
-24  -6 
11  47 
5  -8 
-12  -6 
28  -23 
3  -12 
29  8 
7  18 
31  35 
33  4 
7  11 
1  25 
29  -2 
-2  44 
25  10 
-12  -4 
29  33 
6  -1 
29  -7 
16  10 
22  36 
20  -4 
-20  -10 
6  8 
-27  13 
53  -19 
-7  11 
11  17 
11  -16 
-5  -17 
49  9 
-9  3 
-19  -27 
10  -12 
-5  -8 
19  14 
7  18 
23  33 
38  14 
3  7 
6  39 
-5  25 
-17  28 
-5  22 
-5  -5 
1  -1 
-5  1 
25  6 
12  -11 
42  13 
-5  30 
-1  15 
-13  11 
-2  -24 
-10  33 
-4  -32 
21  17 
6  33 
-19  11 
18  -16 
-11  39 
18  13 
1  -4 
45  14 
-24  -7 
9  47 
4  -8 
-12  -7 
30  -22 
2  -11 
27  9 
5  19 
33  32 
33  6 
7  15 
0  27 
29  -2 
0  38 
27  12 
-11  -3 
28  34 
6  -5 
28  -8 
17  11 
20  32 
19  -4 
-20  -10 
7  9 
-24  11 
50  -22 
-7  12 
12  15 
16  -17 
-3  -17 
52  7 
-9  4 
-18  -27 
7  -12 
-5  -5 
23  14 
5  18 
24  27 
36  16 
6  8 
9  38 
-3  29 
-12  26 
-6  18 
-3  -5 
0  -2 
2  0 
22  6 
7  -9 
41  13 
-5  30 
1  16 
-11  9 
-2  -23 
-10  40 
-2  -32 
21  18 
9  33 
-19  11 
16  -12 
-8  41 
18  13 
-2  -2 
43  13 
-26  -6 
10  48 
5  -10 
-13  -8 
29  -23 
4  -12 
28  14 
5  19 
32  29 
33  1 
7  15 
1  30 
31  -2 
-1  35 
30  11 
-12  -4 
26  33 
5  -5 
28  -6 
19  15 
24  32 
14  1 
-19  -7 
5  6 
-22  10 
51  -21 
-7  11 
9  13 
22  -17 
-7  -19 
47  0 
-9  4 
-16  -27 
7  -12 
-5  -5 
23  14 
4  18 
23  27 
39  14 
9  8 
9  37 
-2  31 
-13  22 
-7  17 
1  -3 
0  -2 
1  5 
22  9 
7  -9 
42  13 
-7  30 
5  19 
-12  12 
-2  -24 
-11  39 
-4  -30 
21  18 
6  33 
-17  8 
16  -12 
-9  41 
19  16 
-1  -3 
43  12 
-28  -7 
12  49 
7  -8 
-15  -10 
29  -22 
2  -13 
29  14 
6  19 
34  34 
36  0 
7  14 
0  32 
32  -1 
1  35 
26  8 
-12  -4 
31  33 
5  -5 
28  -6 
19  15 
25  30 
14  0 
-18  -7 
4  6 
-24  11 
53  -19 
-7  13 
9  9 
22  -19 
-8  -21 
45  -3 
-9  4 
-19  -26 
9  -12 
-7  -3 
25  14 
6  17 
22  20 
39  14 
10  8 
9  37 
-4  29 
-12  26 
-9  20 
3  -4 
1  -2 
1  5 
23  7 
13  -8 
44  12 
-5  26 
5  19 
-9  15 
-2  -24 
-13  38 
-2  -29 
20  21 
1  33 
-18  7 
14  -13 
-5  43 
19  16 
0  -2 
40  10 
-28  -5 
12  49 
8  -7 
-17  -8 
28  -23 
0  -13 
29  14 
6  19 
31  33 
38  1 
6  13 
2  37 
39  -2 
1  36 
28  5 
-12  -4 
27  33 
-2  -7 
29  -6 
25  8 
27  29 
18  1 
-18  -7 
2  6 
-24  11 
58  -16 
-9  13 
9  8 
21  -15 
-11  -22 
47  -9 
-9  4 
-19  -23 
11  -14 
-5  3 
25  14 
6  17 
22  20 
40  12 
10  8 
11  37 
-4  27 
-12  24 
-9  23 
-1  -4 
-2  -2 
7  2 
23  5 
12  -7 
41  18 
-7  26 
5  26 
-9  20 
2  -24 
-13  38 
-3  -28 
20  20 
1  33 
-13  10 
16  -12 
-6  37 
19  18 
0  -2 
41  11 
-30  0 
11  47 
9  -7 
-14  -7 
33  -23 
-2  -13 
33  10 
5  21 
30  33 
34  1 
3  13 
0  39 
39  2 
2  31 
28  6 
-10  -2 
28  34 
-2  -7 
30  -2 
24  2 
30  32 
18  4 
-18  -7 
1  7 
-25  15 
56  -17 
-10  10 
8  9 
22  -18 
-13  -22 
47  -11 
-11  9 
-21  -25 
15  -17 
0  -1 
23  12 
6  17 
21  21 
41  13 
12  9 
9  38 
-4  24 
-11  23 
-6  21 
-3  -5 
2  3 
5  -1 
22  8 
14  -6 
38  16 
-5  22 
5  26 
-8  19 
2  -26 
-10  40 
-4  -27 
20  24 
1  31 
-15  10 
17  -13 
-7  37 
21  18 
-1  -1 
40  10 
-29  0 
17  43 
7  -9 
-14  -7 
31  -27 
-2  -12 
35  10 
4  19 
28  34 
33  3 
4  11 
-2  42 
40  -2 
7  32 
31  6 
-11  -3 
28  32 
-2  -7 
36  -3 
23  8 
27  29 
19  2 
-18  -7 
1  7 
-25  15 
55  -17 
-11  13 
8  8 
21  -15 
-13  -22 
44  -8 
-11  8 
-22  -27 
10  -12 
1  -2 
21  17 
5  17 
22  20 
42  9 
10  12 
11  43 
-2  24 
-11  23 
-9  24 
-3  -3 
3  9 
5  -1 
25  6 
16  -10 
39  16 
-2  22 
6  28 
-11  17 
8  -28 
-9  40 
-3  -25 
20  27 
0  32 
-15  12 
11  -13 
-7  37 
22  16 
0  -1 
41  11 
-31  -2 
25  41 
3  -7 
-16  -7 
31  -27 
-3  -9 
35  9 
8  21 
27  32 
31  1 
5  10 
-3  43 
39  -6 
5  31 
30  6 
-10  0 
29  29 
1  -4 
34  0 
21  3 
27  31 
20  4 
-19  -4 
2  6 
-22  13 
55  -19 
-13  15 
7  8 
28  -14 
-11  -23 
41  -9 
-13  1 
-19  -23 
9  -12 
1  -1 
19  19 
5  19 
22  20 
44  6 
19  14 
11  41 
-2  24 
-12  21 
-9  23 
-2  -3 
2  8 
5  -2 
23  8 
16  -9 
39  21 
-5  22 
3  26 
-11  18 
7  -28 
-11  33 
-4  -24 
20  27 
1  27 
-15  14 
13  -10 
-8  40 
19  16 
1  -2 
41  13 
-32  -7 
24  43 
-1  -5 
-13  -7 
35  -25 
-5  -10 
36  8 
4  22 
28  36 
35  3 
3  14 
-2  41 
39  2 
6  33 
28  9 
-9  -1 
25  26 
2  -2 
36  0 
22  1 
27  31 
22  3 
-15  -1 
-3  7 
-25  10 
59  -17 
-13  15 
4  7 
25  -10 
-11  -23 
41  -10 
-13  1 
-21  -21 
11  -13 
-1  -5 
21  17 
7  18 
21  23 
46  5 
16  13 
18  44 
-3  23 
-11  23 
-9  24 
-2  -4 
4  2 
11  0 
23  8 
13  -11 
40  22 
-5  23 
2  27 
-11  20 
9  -27 
-7  31 
0  -22 
20  27 
1  27 
-16  13 
12  -11 
-6  41 
22  16 
1  -4 
42  13 
-32  -6 
23  45 
-2  -7 
-11  -6 
36  -24 
-4  -9 
36  7 
1  21 
25  35 
32  7 
4  12 
-4  48 
41  -1 
6  33 
29  9 
-11  -2 
25  26 
-1  -4 
44  2 
22  0 
27  31 
21  7 
-14  -3 
-5  6 
-22  8 
61  -15 
-11  13 
7  9 
23  -8 
-9  -23 
42  -10 
-15  -1 
-18  -22 
13  -14 
-2  -6 
23  16 
7  18 
22  23 
45  10 
16  13 
14  42 
-5  25 
-9  24 
-9  23 
-2  -4 
6  0 
9  -2 
25  6 
11  -7 
37  23 
-6  19 
2  31 
-9  21 
8  -26 
-9  35 
0  -15 
18  24 
0  27 
-15  11 
12  -11 
-8  38 
19  16 
0  -2 
41  13 
-34  -8 
22  47 
-2  -7 
-12  -7 
35  -25 
-4  -9 
34  7 
-5  23 
27  35 
32  7 
2  13 
-4  48 
42  -4 
4  31 
30  8 
-12  -3 
25  16 
-1  -5 
43  6 
22  3 
26  32 
22  8 
-14  -3 
-4  8 
-21  5 
60  -15 
-10  8 
5  8 
21  1 
-10  -23 
46  -12 
-15  -1 
-19  -22 
11  -14 
1  -7 
25  15 
7  18 
21  25 
49  9 
15  15 
11  41 
-4  31 
-9  24 
-9  23 
-4  -7 
8  1 
11  -3 
23  8 
11  -7 
36  20 
-5  23 
1  30 
-8  21 
6  -27 
-11  34 
2  -14 
18  24 
0  27 
-18  18 
12  -11 
-9  40 
19  16 
0  4 
42  13 
-41  -8 
24  46 
-2  -7 
-17  -6 
38  -30 
-8  -10 
34  7 
-7  23 
25  30 
31  9 
4  12 
-4  47 
39  -5 
5  31 
27  8 
-12  -4 
26  19 
-3  -5 
42  10 
25  1 
23  34 
21  11 
-15  -1 
-3  7 
-25  3 
60  -15 
-9  9 
2  9 
18  -2 
-11  -22 
40  -10 
-14  -3 
-20  -21 
15  -14 
1  -5 
21  13 
6  19 
19  25 
49  9 
13  17 
10  37 
-12  34 
-9  24 
-9  23 
-2  -10 
5  6 
7  -2 
23  5 
15  -11 
38  24 
-9  20 
2  26 
-9  21 
4  -29 
-14  33 
3  -13 
16  23 
0  27 
-20  18 
11  -13 
-5  41 
19  14 
1  5 
40  12 
-42  -13 
27  42 
-2  -7 
-19  -4 
36  -32 
-7  -7 
34  7 
-8  21 
24  33 
32  9 
3  13 
-2  46 
46  0 
4  28 
29  13 
-12  -4 
24  22 
1  -3 
44  4 
26  0 
25  35 
19  11 
-13  -6 
-3  7 
-27  4 
60  -16 
-16  11 
6  13 
22  0 
-12  -24 
40  -10 
-12  -8 
-16  -22 
13  -22 
-2  -4 
24  12 
5  11 
21  25 
47  12 
9  17 
12  41 
-12  34 
-6  22 
-9  20 
-9  -7 
5  1 
12  -1 
23  5 
16  -10 
38  24 
-9  21 
5  28 
-7  21 
1  -29 
-12  33 
3  -10 
11  24 
3  28 
-20  22 
11  -17 
-1  43 
16  14 
5  6 
38  11 
-43  -11 
27  41 
-1  -4 
-20  -2 
35  -37 
-11  -7 
34  7 
-7  16 
21  33 
35  9 
2  14 
-4  48 
46  -1 
6  28 
31  15 
-5  -1 
21  23 
5  -1 
44  6 
27  1 
26  33 
21  13 
-11  -7 
-5  10 
-26  0 
62  -12 
-18  16 
3  8 
25  3 
-11  -23 
40  -10 
-16  -8 
-16  -27 
15  -28 
-1  -5 
25  15 
9  8 
24  22 
47  11 
9  18 
11  40 
-12  34 
-5  21 
-8  21 
-9  -7 
5  2 
8  -2 
21  7 
12  -11 
35  23 
-7  21 
7  28 
-3  23 
3  -31 
-13  29 
1  -15 
11  24 
6  28 
-21  18 
11  -17 
-2  44 
19  14 
2  6 
36  11 
-43  -8 
28  44 
-1  -4 
-21  1 
37  -36 
-16  -9 
36  7 
-6  16 
22  33 
36  8 
-2  13 
-3  55 
47  0 
10  28 
33  17 
-4  0 
21  21 
6  0 
41  5 
26  0 
26  33 
21  16 
-13  -9 
-2  11 
-25  1 
63  -14 
-18  18 
2  6 
26  5 
-12  -22 
40  -10 
-15  -10 
-19  -27 
15  -25 
-2  -4 
25  15 
8  1 
21  24 
47  12 
7  18 
11  40 
-12  34 
-6  19 
-9  17 
-9  -7 
5  6 
8  -4 
20  7 
13  -11 
35  26 
-5  23 
7  28 
0  22 
1  -29 
-10  28 
2  -18 
13  25 
5  28 
-19  19 
11  -16 
-4  43 
12  15 
3  8 
33  6 
-43  -8 
32  46 
-1  -3 
-18  1 
37  -37 
-18  -12 
36  7 
-11  18 
19  35 
36  8 
0  13 
-6  57 
45  -1 
7  29 
30  17 
-6  1 
22  20 
6  -1 
41  5 
30  0 
26  33 
19  16 
-15  -9 
0  7 
-29  8 
66  -12 
-19  20 
1  7 
23  5 
-9  -26 
41  -9 
-15  -10 
-16  -29 
15  -25 
-1  -5 
22  11 
8  2 
21  24 
42  13 
7  18 
11  39 
-13  31 
-7  17 
-11  17 
-12  -6 
9  3 
8  -4 
25  8 
11  -7 
38  24 
-8  19 
12  29 
-5  22 
2  -28 
-13  29 
2  -20 
11  21 
7  28 
-20  18 
11  -16 
-4  44 
12  15 
5  3 
33  4 
-47  -9 
33  45 
0  -1 
-19  -2 
39  -38 
-16  -17 
37  7 
-10  18 
19  34 
34  7 
-2  13 
-8  57 
45  -1 
5  26 
31  16 
-4  1 
21  21 
6  0 
40  5 
32  1 
25  31 
20  16 
-15  -7 
5  10 
-28  7 
63  -14 
-20  18 
5  8 
25  1 
-9  -21 
41  -9 
-16  -9 
-14  -27 
15  -30 
-1  -4 
21  3 
9  10 
21  24 
38  13 
7  18 
8  33 
-17  28 
-9  23 
-12  17 
-12  -6 
6  -1 
10  -3 
20  7 
11  -7 
35  23 
-9  20 
9  23 
-7  19 
-1  -26 
-14  30 
1  -15 
17  23 
12  29 
-22  18 
11  -16 
-3  47 
7  15 
1  6 
36  1 
-52  -11 
34  47 
1  -2 
-16  -2 
38  -39 
-15  -17 
38  4 
-7  16 
19  35 
35  6 
1  17 
-7  57 
44  -4 
7  26 
29  18 
-4  4 
19  23 
8  -4 
41  5 
33  6 
29  33 
22  13 
-17  -7 
5  10 
-29  7 
65  -20 
-21  19 
3  8 
24  -1 
-7  -16 
38  -9 
-21  -5 
-14  -32 
17  -31 
-2  -4 
22  0 
2  7 
22  22 
40  10 
8  17 
6  33 
-18  26 
-9  20 
-1  18 
-12  -11 
5  -1 
14  2 
18  8 
15  -5 
37  23 
-7  17 
9  23 
-3  22 
-2  -27 
-15  31 
1  -13 
16  23 
10  28 
-22  21 
11  -17 
-5  46 
8  14 
0  7 
35  1 
-53  -12 
34  47 
2  -4 
-13  -5 
40  -42 
-15  -17 
38  4 
-9  15 
20  36 
37  4 
-3  14 
-11  57 
41  -2 
11  26 
31  17 
-5  5 
19  20 
8  -4 
41  10 
30  8 
31  35 
25  12 
-15  -10 
7  12 
-28  9 
70  -22 
-18  18 
1  3 
25  -2 
-9  -13 
38  -9 
-26  -3 
-13  -32 
17  -29 
-4  -4 
22  2 
4  8 
25  21 
40  10 
17  21 
10  33 
-15  26 
-16  19 
-1  18 
-14  -12 
5  -1 
12  7 
16  8 
13  -3 
36  24 
-5  15 
8  23 
-7  23 
-1  -25 
-16  33 
2  -14 
11  24 
8  30 
-28  21 
11  -18 
-3  43 
7  11 
1  7 
36  1 
-59  -9 
37  49 
1  -6 
-15  -5 
40  -42 
-17  -12 
38  4 
-11  18 
19  36 
41  -2 
-1  14 
-12  57 
38  -4 
13  26 
27  21 
-5  3 
11  20 
8  -4 
40  7 
31  7 
27  31 
25  15 
-15  -10 
7  9 
-27  12 
73  -20 
-21  16 
-1  2 
26  -2 
-8  -14 
40  -4 
-25  2 
-11  -32 
17  -29 
-6  -7 
19  3 
2  7 
20  25 
40  10 
20  18 
14  40 
-18  28 
-14  17 
2  20 
-19  -13 
4  -2 
10  8 
15  6 
17  3 
40  22 
-4  13 
9  27 
-7  26 
-1  -25 
-19  36 
3  -12 
11  24 
6  28 
-25  21 
13  -17 
-2  44 
9  9 
1  5 
40  -1 
-58  -11 
35  55 
0  -8 
-14  -7 
38  -42 
-16  -14 
35  3 
-12  16 
18  41 
41  -2 
-2  13 
-14  59 
42  -4 
12  25 
28  21 
-9  0 
12  20 
10  -3 
44  8 
31  7 
28  32 
25  20 
-15  -10 
9  9 
-29  13 
71  -18 
-22  16 
-2  1 
24  -1 
-8  -11 
39  -5 
-25  2 
-11  -32 
16  -33 
-1  -9 
24  -3 
4  6 
15  23 
39  14 
25  15 
17  44 
-18  34 
-14  19 
1  21 
-20  -13 
1  -7 
9  7 
13  3 
17  3 
41  17 
-4  8 
8  26 
-9  31 
-2  -27 
-27  30 
4  -13 
11  23 
2  26 
-32  19 
14  -18 
-3  47 
6  8 
0  5 
42  -2 
-60  -10 
36  56 
1  -9 
-17  -6 
41  -42 
-17  -13 
36  1 
-11  17 
24  42 
48  -10 
-2  10 
-14  57 
39  -4 
11  26 
28  24 
-10  -3 
7  18 
11  -3 
41  11 
32  5 
30  33 
28  23 
-11  -6 
7  11 
-29  13 
72  -19 
-22  16 
-1  -2 
22  -2 
-10  -12 
39  -5 
-25  6 
-15  -34 
15  -32 
-2  -10 
24  -1 
2  2 
14  17 
34  10 
25  15 
16  48 
-19  33 
-15  19 
-3  19 
-20  -15 
4  -7 
10  9 
15  5 
16  3 
39  19 
-5  10 
9  23 
-15  30 
0  -28 
-29  27 
1  -15 
11  23 
3  28 
-31  18 
20  -19 
-4  47 
9  8 
1  3 
40  -1 
-60  -10 
36  51 
5  -12 
-14  -12 
39  -43 
-23  -17 
34  2 
-11  17 
22  40 
40  -13 
-2  11 
-12  66 
39  -4 
13  24 
29  22 
-9  0 
4  17 
11  -5 
43  13 
33  4 
26  33 
29  23 
-6  -6 
11  13 
-31  13 
76  -19 
-22  16 
-2  3 
21  -1 
-3  -8 
39  -4 
-24  8 
-17  -35 
16  -30 
-2  -9 
22  2 
0  5 
13  17 
32  7 
24  14 
17  49 
-15  30 
-16  19 
-8  21 
-20  -13 
7  -9 
9  8 
14  4 
14  1 
40  19 
1  13 
9  22 
-16  33 
-1  -25 
-28  29 
-1  -15 
11  27 
2  29 
-29  22 
22  -19 
-3  47 
9  9 
1  5 
42  -4 
-60  -10 
35  55 
3  -12 
-12  -10 
40  -40 
-22  -14 
35  2 
-9  19 
22  40 
44  -14 
-6  10 
-9  68 
40  -4 
13  23 
25  19 
-9  4 
1  18 
10  -12 
44  11 
31  4 
25  33 
25  26 
-2  -7 
9  14 
-33  11 
75  -17 
-20  18 
-2  4 
21  -3 
1  -7 
38  -2 
-25  10 
-18  -33 
16  -29 
-2  -10 
22  6 
2  3 
13  10 
31  6 
26  17 
18  51 
-20  30 
-15  19 
-1  22 
-19  -13 
5  -5 
8  10 
13  -3 
11  3 
42  18 
8  12 
6  19 
-21  35 
-2  -26 
-31  27 
3  -12 
12  26 
1  31 
-29  15 
20  -18 
-3  43 
11  9 
1  5 
38  -4 
-59  -10 
36  54 
5  -10 
-11  -11 
38  -39 
-25  -14 
30  0 
-9  20 
22  40 
49  -7 
-9  13 
-8  69 
39  -4 
13  25 
24  19 
-6  0 
1  16 
8  -11 
46  12 
33  5 
24  32 
25  30 
0  -8 
6  13 
-38  13 
73  -23 
-19  16 
-4  3 
19  -5 
1  -7 
41  -2 
-24  8 
-20  -33 
11  -31 
3  -6 
22  9 
1  5 
13  10 
32  7 
26  17 
18  51 
-20  30 
-14  19 
-5  25 
-15  -14 
3  -7 
7  8 
11  -5 
11  4 
42  18 
5  15 
5  19 
-21  36 
-2  -27 
-30  28 
3  -12 
16  21 
1  32 
-31  18 
13  -17 
-9  40 
11  13 
1  11 
38  -4 
-59  -13 
35  55 
7  -9 
-8  -11 
42  -38 
-23  -17 
34  -3 
-5  23 
23  43 
49  -6 
-9  11 
-9  66 
40  -2 
13  26 
29  17 
-7  1 
0  13 
9  -11 
50  12 
33  6 
20  36 
25  32 
-1  -5 
9  13 
-35  10 
70  -23 
-19  20 
2  1 
11  -6 
1  -7 
34  0 
-24  8 
-11  -37 
9  -26 
2  -7 
23  7 
-2  4 
13  11 
31  4 
26  17 
18  50 
-20  30 
-15  19 
-5  30 
-16  -12 
1  -13 
9  10 
13  -8 
11  3 
38  16 
5  15 
7  22 
-23  31 
-8  -27 
-35  28 
3  -12 
19  22 
0  27 
-32  17 
17  -16 
-5  43 
8  14 
1  10 
39  -6 
-55  -14 
35  55 
8  -11 
-8  -14 
42  -40 
-23  -17 
28  -4 
-5  26 
18  41 
49  -2 
-10  8 
-9  67 
40  2 
11  26 
27  21 
-11  -1 
-1  16 
8  -14 
49  14 
38  4 
24  38 
23  36 
-1  -5 
9  9 
-35  10 
70  -20 
-20  18 
0  4 
11  -3 
-2  -7 
33  -2 
-25  6 
-13  -38 
9  -27 
2  -4 
21  5 
-3  4 
15  15 
31  3 
25  18 
17  52 
-20  30 
-14  20 
-3  29 
-17  -15 
3  -12 
6  13 
13  -10 
12  2 
38  16 
5  11 
8  21 
-22  34 
-5  -24 
-36  26 
3  -11 
13  20 
2  29 
-31  18 
17  -17 
-6  40 
7  10 
0  7 
36  -12 
-56  -13 
33  57 
10  -12 
-8  -10 
41  -37 
-18  -20 
30  -3 
-5  23 
18  41 
48  -4 
-11  3 
-9  69 
38  3 
12  27 
25  26 
-8  0 
-1  16 
3  -14 
50  13 
38  8 
24  42 
25  35 
1  -2 
5  11 
-35  10 
71  -20 
-19  19 
4  6 
13  -4 
2  -7 
34  -3 
-24  11 
-15  -41 
7  -28 
3  -4 
22  3 
-9  1 
18  14 
33  1 
26  17 
18  51 
-20  30 
-14  19 
-4  30 
-17  -12 
8  -14 
1  13 
12  -7 
13  0 
41  15 
4  14 
8  21 
-22  33 
-5  -25 
-37  26 
2  -14 
14  23 
11  33 
-30  18 
15  -15 
-8  35 
9  14 
1  7 
35  -14 
-51  -11 
34  60 
3  -15 
-11  -7 
41  -39 
-15  -19 
36  -4 
-5  23 
17  43 
51  -1 
-14  0 
-10  68 
42  0 
11  24 
21  25 
-11  -2 
1  16 
1  -14 
51  17 
35  5 
24  42 
25  35 
-1  -1 
6  13 
-35  10 
78  -19 
-19  18 
6  -1 
13  -3 
2  -7 
29  -3 
-22  11 
-15  -41 
8  -27 
3  -7 
20  5 
-12  4 
21  17 
31  4 
29  18 
16  54 
-20  30 
-13  20 
-3  27 
-18  -14 
6  -12 
2  15 
14  -6 
9  -1 
39  16 
5  12 
7  21 
-22  33 
-7  -24 
-40  27 
-4  -10 
18  23 
4  34 
-32  16 
15  -14 
-7  41 
7  12 
3  6 
35  -12 
-51  -13 
37  63 
2  -12 
-11  -7 
42  -40 
-20  -22 
30  -7 
-4  20 
15  43 
51  0 
-14  0 
-11  69 
42  3 
13  24 
25  26 
-10  -3 
3  16 
1  -15 
51  21 
39  -2 
26  40 
25  35 
-1  -4 
3  14 
-36  13 
82  -18 
-19  17 
5  1 
9  -1 
-1  -5 
31  -1 
-24  10 
-16  -41 
9  -27 
4  -8 
25  2 
-9  4 
21  15 
36  1 
29  18 
18  53 
-20  30 
-13  22 
-5  25 
-17  -12 
9  -12 
-4  16 
17  -5 
8  6 
40  18 
8  14 
9  23 
-18  33 
-7  -23 
-40  27 
-2  -9 
12  19 
6  33 
-32  16 
15  -14 
-6  37 
6  8 
2  7 
37  -9 
-47  -7 
38  64 
2  -11 
-10  -5 
42  -40 
-19  -21 
35  -5 
-9  20 
15  43 
52  1 
-15  -1 
-9  73 
42  8 
10  28 
25  26 
-7  -1 
0  16 
1  -13 
51  20 
38  -4 
24  39 
19  31 
-1  -4 
5  10 
-34  11 
80  -16 
-22  18 
5  4 
5  -1 
1  -2 
34  -6 
-25  11 
-12  -37 
5  -28 
1  -7 
21  4 
-7  5 
21  16 
35  1 
29  18 
18  53 
-18  28 
-14  20 
-9  27 
-22  -12 
4  -9 
-4  10 
17  -5 
11  6 
40  18 
9  13 
6  19 
-21  35 
-7  -19 
-39  25 
-3  -13 
11  17 
6  33 
-32  16 
16  -12 
-11  37 
6  8 
6  5 
40  -7 
-52  -10 
37  63 
5  -14 
-9  -7 
39  -38 
-18  -20 
35  -5 
-9  23 
15  43 
51  4 
-17  3 
-12  73 
40  7 
10  28 
23  27 
-6  2 
5  14 
3  -12 
53  16 
39  -4 
14  40 
15  29 
-2  -6 
4  11 
-33  11 
81  -13 
-21  22 
5  6 
5  -1 
-2  -4 
35  -4 
-20  7 
-12  -34 
0  -24 
6  -7 
22  0 
-8  9 
21  17 
31  3 
33  18 
20  59 
-18  28 
-14  20 
-11  28 
-22  -14 
2  -14 
-3  11 
16  -4 
13  4 
40  18 
11  7 
6  18 
-21  35 
-10  -20 
-39  24 
-4  -13 
11  17 
11  33 
-32  16 
16  -11 
-14  39 
8  9 
10  8 
38  -7 
-51  -13 
38  64 
2  -11 
-7  -8 
40  -38 
-15  -20 
35  -5 
-9  20 
17  43 
51  4 
-18  1 
-12  73 
43  9 
9  29 
25  21 
-5  3 
4  12 
1  -15 
49  18 
46  -1 
16  40 
16  28 
1  -10 
4  12 
-33  13 
84  -15 
-25  23 
8  6 
1  4 
-1  -5 
30  -1 
-19  7 
-11  -31 
2  -20 
7  -9 
16  2 
-12  9 
22  18 
31  3 
30  20 
21  55 
-14  28 
-12  24 
-7  31 
-22  -16 
2  -11 
-4  11 
13  -3 
14  2 
41  18 
13  12 
6  17 
-22  34 
-11  -23 
-40  25 
-4  -13 
7  18 
9  33 
-32  16 
18  -10 
-15  39 
7  7 
10  10 
37  -8 
-48  -13 
37  67 
4  -12 
-8  -7 
41  -41 
-14  -20 
34  -4 
-6  21 
15  42 
51  4 
-19  5 
-11  74 
45  8 
7  29 
24  22 
-7  5 
5  15 
0  -16 
50  17 
46  -1 
11  40 
18  28 
0  -10 
5  13 
-32  12 
82  -17 
-25  21 
5  6 
5  1 
-2  -4 
27  -2 
-18  7 
-9  -31 
2  -20 
6  -7 
15  3 
-14  8 
24  18 
31  4 
30  20 
22  53 
-19  27 
-11  22 
-4  30 
-25  -18 
5  -10 
-8  9 
10  -8 
13  -3 
40  16 
10  13 
5  18 
-21  35 
-11  -22 
-40  27 
0  -22 
6  17 
9  33 
-32  16 
13  -8 
-15  39 
4  2 
12  6 
37  -8 
-53  -18 
37  63 
1  -9 
-12  -6 
38  -43 
-16  -21 
31  -1 
-11  17 
13  45 
48  3 
-16  6 
-15  75 
43  7 
3  28 
22  22 
-7  3 
4  12 
-1  -17 
49  18 
45  -1 
14  37 
17  24 
0  -10 
9  14 
-33  11 
81  -17 
-24  16 
5  8 
6  -1 
1  -2 
26  -3 
-18  7 
-10  -32 
2  -19 
5  -7 
18  4 
-16  5 
23  19 
31  3 
35  23 
22  54 
-17  29 
-13  22 
-10  33 
-30  -23 
4  -7 
-7  10 
7  -14 
11  -10 
38  21 
11  18 
4  19 
-20  32 
-11  -23 
-40  27 
2  -20 
5  21 
9  33 
-32  16 
3  -7 
-18  42 
4  6 
8  5 
37  -5 
-53  -22 
37  63 
1  -9 
-15  -8 
38  -46 
-21  -25 
31  1 
-9  20 
9  47 
48  3 
-19  10 
-15  75 
41  5 
3  25 
20  18 
-7  5 
6  13 
-1  -17 
51  13 
44  -3 
13  36 
17  23 
3  -11 
8  14 
-33  12 
78  -16 
-25  15 
5  6 
7  -7 
-1  -1 
23  1 
-16  8 
-11  -32 
-1  -17 
9  -6 
19  2 
-11  7 
26  19 
31  4 
32  28 
19  55 
-20  27 
-13  21 
-7  32 
-32  -22 
4  -9 
-2  10 
6  -12 
12  -11 
35  21 
15  22 
5  19 
-19  31 
-13  -22 
-44  29 
0  -19 
5  21 
9  33 
-32  16 
5  -10 
-19  41 
3  8 
9  3 
37  -5 
-55  -23 
35  63 
0  -10 
-22  -7 
41  -42 
-22  -24 
31  -1 
-9  21 
9  49 
50  8 
-20  4 
-15  75 
41  5 
0  26 
21  15 
-7  6 
6  13 
-3  -13 
48  14 
45  -5 
13  37 
20  25 
8  -14 
13  12 
-38  13 
76  -16 
-25  15 
3  8 
3  -6 
-8  -5 
28  -3 
-18  7 
-8  -32 
-1  -17 
9  -7 
19  2 
-14  5 
25  19 
31  -3 
32  29 
18  53 
-20  27 
-19  27 
-4  31 
-34  -21 
10  -7 
-2  10 
9  -11 
13  -10 
39  19 
12  27 
5  18 
-19  31 
-13  -22 
-44  28 
2  -19 
6  20 
11  33 
-31  17 
5  -8 
-22  41 
5  11 
5  6 
34  -7 
-54  -23 
40  62 
0  -10 
-21  -4 
44  -49 
-22  -24 
29  -2 
-4  16 
9  48 
50  8 
-12  3 
-19  75 
42  0 
1  25 
21  13 
-3  0 
7  12 
-3  -11 
48  9 
41  -2 
14  37 
21  24 
12  -13 
17  9 
-38  13 
79  -17 
-25  15 
1  10 
5  -5 
-7  -3 
28  -4 
-14  6 
-9  -33 
-5  -17 
10  -7 
17  3 
-15  1 
26  13 
31  0 
33  26 
19  55 
-19  27 
-18  28 
-2  30 
-32  -19 
8  -8 
8  10 
7  -11 
9  -11 
39  19 
13  25 
0  16 
-17  28 
-13  -22 
-44  28 
1  -17 
6  19 
11  33 
-31  17 
8  -6 
-19  39 
5  10 
6  8 
37  -5 
-54  -23 
40  58 
0  -10 
-22  -4 
36  -45 
-21  -24 
29  -2 
-6  14 
9  48 
50  8 
-12  6 
-17  74 
42  0 
1  25 
18  14 
-7  3 
4  12 
-5  -15 
48  10 
41  -1 
14  40 
22  23 
11  -13 
21  4 
-35  12 
85  -24 
-24  15 
4  8 
9  -7 
-2  1 
25  -1 
-12  6 
-7  -36 
-4  -17 
7  -5 
18  4 
-16  -1 
26  13 
36  1 
35  28 
25  51 
-14  28 
-18  29 
-2  30 
-33  -22 
7  -8 
11  3 
6  -8 
2  -12 
40  18 
11  30 
3  14 
-17  25 
-14  -21 
-47  30 
2  -27 
-1  14 
7  31 
-30  17 
8  -6 
-18  40 
1  13 
1  7 
38  -7 
-54  -23 
39  62 
0  -10 
-20  -1 
36  -44 
-26  -23 
29  -2 
-9  13 
9  47 
50  8 
-20  7 
-15  70 
40  1 
1  25 
18  18 
-5  2 
0  14 
-4  -12 
49  9 
40  -2 
17  43 
22  20 
13  -15 
25  6 
-34  13 
85  -25 
-25  15 
2  6 
8  -6 
-9  0 
25  -1 
-13  2 
-5  -38 
0  -13 
8  -7 
20  2 
-11  3 
25  14 
33  -4 
35  29 
20  50 
-12  30 
-16  26 
-3  29 
-32  -24 
7  -7 
10  0 
9  -6 
3  -12 
41  23 
12  26 
4  12 
-15  30 
-12  -21 
-49  30 
2  -27 
3  13 
8  32 
-29  18 
9  -7 
-21  43 
1  13 
6  8 
38  -7 
-54  -23 
41  59 
4  -9 
-22  -4 
43  -48 
-26  -21 
30  -1 
-9  13 
11  49 
47  11 
-19  7 
-17  70 
39  -4 
6  19 
19  18 
1  5 
0  12 
-2  -12 
49  9 
41  -2 
19  41 
21  21 
13  -17 
23  8 
-31  13 
84  -27 
-27  17 
8  6 
8  -6 
-9  4 
25  -1 
-14  0 
0  -36 
0  -13 
11  -10 
21  4 
-8  6 
22  8 
35  -5 
43  27 
23  49 
-10  28 
-18  27 
-4  30 
-28  -19 
7  -8 
11  0 
10  -7 
1  -13 
42  23 
8  29 
5  15 
-20  33 
-10  -21 
-53  28 
0  -21 
6  19 
5  32 
-31  18 
13  -8 
-21  43 
1  13 
5  6 
38  -4 
-53  -22 
40  58 
2  -7 
-21  -4 
45  -50 
-22  -16 
27  2 
-7  9 
11  51 
47  11 
-16  7 
-17  70 
39  -2 
7  21 
19  19 
1  5 
1  11 
-4  -13 
49  9 
39  -2 
20  44 
21  19 
14  -18 
22  9 
-31  13 
85  -30 
-31  19 
2  0 
6  -7 
-12  4 
24  -7 
-14  -3 
5  -37 
1  -13 
9  -12 
22  8 
-5  5 
21  5 
40  -2 
42  27 
20  50 
-11  27 
-14  28 
-4  27 
-29  -17 
8  -6 
11  0 
11  -7 
3  -14 
43  23 
8  30 
5  15 
-22  36 
-12  -24 
-53  29 
0  -18 
7  26 
7  35 
-31  18 
12  -11 
-19  36 
2  13 
4  6 
43  -6 
-53  -22 
45  51 
4  -8 
-24  -4 
44  -49 
-28  -14 
26  4 
-5  15 
10  48 
47  11 
-17  7 
-18  76 
36  0 
6  19 
22  18 
1  -2 
1  11 
-2  -16 
53  11 
39  -1 
20  47 
22  20 
13  -15 
25  10 
-33  14 
84  -25 
-30  18 
8  6 
7  -5 
-15  -1 
22  -7 
-14  -3 
7  -38 
1  -10 
10  -12 
22  8 
-6  7 
22  3 
41  -2 
45  26 
21  45 
-11  28 
-13  29 
-4  24 
-29  -17 
9  -6 
13  -3 
10  -7 
2  -11 
40  24 
7  31 
5  15 
-22  36 
-12  -24 
-54  28 
-1  -19 
11  29 
9  33 
-31  18 
13  -11 
-18  36 
1  13 
1  7 
47  -8 
-53  -22 
46  53 
4  -8 
-29  -7 
44  -43 
-27  -16 
27  1 
-4  16 
9  49 
48  12 
-17  8 
-22  73 
37  3 
0  16 
22  18 
-1  -2 
1  11 
-2  -16 
55  12 
40  -7 
20  48 
20  22 
13  -15 
21  12 
-32  14 
83  -27 
-32  18 
7  -2 
9  -7 
-16  2 
22  -7 
-19  -2 
9  -37 
0  -8 
10  -11 
28  6 
-5  5 
22  0 
40  -2 
45  26 
22  47 
-11  27 
-12  29 
-1  23 
-29  -17 
9  -6 
13  -4 
9  -11 
0  -13 
44  27 
7  29 
4  13 
-22  36 
-14  -23 
-54  28 
-7  -17 
12  27 
13  37 
-32  16 
13  -16 
-19  33 
1  11 
2  8 
51  -7 
-55  -19 
45  51 
4  -9 
-32  -1 
39  -44 
-25  -18 
27  1 
-9  19 
5  50 
50  13 
-18  11 
-22  73 
29  -2 
-2  14 
20  19 
-2  -2 
0  10 
-5  -17 
52  13 
35  -5 
21  44 
21  25 
9  -11 
22  6 
-32  13 
83  -32 
-29  20 
9  3 
11  -7 
-14  -1 
25  -5 
-20  -4 
8  -34 
1  -7 
11  -11 
23  5 
-2  8 
22  1 
38  -4 
44  27 
20  45 
-12  30 
-11  30 
-5  21 
-29  -16 
7  -9 
13  -3 
9  -13 
3  -13 
41  27 
5  26 
3  13 
-21  36 
-13  -22 
-53  28 
-9  -21 
10  28 
14  37 
-32  16 
11  -14 
-21  35 
1  11 
5  -1 
58  -10 
-56  -18 
44  51 
2  -7 
-31  -1 
35  -42 
-27  -14 
29  -2 
-9  17 
5  50 
55  13 
-20  7 
-19  77 
29  -3 
-2  13 
22  20 
0  -2 
0  10 
-2  -16 
53  12 
40  -2 
19  39 
20  25 
11  -11 
24  5 
-29  13 
88  -27 
-29  20 
9  3 
8  -6 
-15  6 
25  -5 
-19  -1 
8  -39 
3  -7 
11  -16 
25  1 
-4  8 
18  -2 
39  -4 
43  28 
25  39 
-12  26 
-14  33 
-5  23 
-29  -17 
7  -9 
15  -5 
10  -12 
1  -15 
44  28 
1  30 
1  13 
-21  34 
-13  -22 
-54  28 
0  -18 
12  29 
16  30 
-32  16 
11  -15 
-17  34 
2  11 
6  -1 
56  -9 
-59  -17 
50  53 
5  -10 
-31  -3 
37  -45 
-27  -16 
29  -2 
-8  19 
5  51 
56  9 
-18  8 
-14  77 
33  -4 
-1  15 
19  23 
1  -2 
0  10 
-6  -13 
55  10 
42  -4 
21  38 
20  24 
11  -13 
22  9 
-30  17 
86  -27 
-25  26 
9  3 
7  -5 
-17  8 
25  -5 
-20  -2 
7  -39 
5  -6 
11  -16 
25  1 
-4  8 
19  -2 
39  -4 
44  26 
23  47 
-14  28 
-18  33 
-2  24 
-29  -17 
7  -12 
19  -9 
9  -11 
3  -17 
42  31 
1  31 
1  13 
-22  33 
-13  -22 
-47  26 
-1  -20 
9  33 
15  35 
-32  16 
11  -7 
-19  36 
0  12 
5  -1 
52  -7 
-62  -19 
48  54 
5  -10 
-34  -1 
39  -45 
-24  -16 
29  -3 
-10  18 
4  52 
58  14 
-19  5 
-13  71 
33  -3 
1  17 
19  21 
-2  -4 
0  10 
-7  -8 
59  14 
42  -3 
21  39 
20  27 
15  -17 
22  10 
-25  22 
84  -23 
-24  31 
7  1 
5  -8 
-13  8 
29  -7 
-21  -1 
8  -34 
4  -9 
11  -16 
24  6 
-3  3 
22  1 
40  -4 
41  21 
20  45 
-10  33 
-18  33 
-9  21 
-29  -17 
3  -11 
18  -9 
10  -12 
3  -12 
41  30 
1  31 
2  15 
-22  33 
-12  -19 
-47  23 
1  -22 
13  33 
13  32 
-31  18 
4  -8 
-15  35 
2  14 
5  -1 
51  -6 
-66  -19 
48  49 
5  -10 
-34  0 
39  -45 
-20  -18 
27  -2 
-10  18 
6  57 
51  11 
-18  2 
-13  71 
34  0 
3  14 
11  20 
-1  -4 
0  10 
-9  -14 
61  11 
42  -2 
19  39 
20  27 
17  -17 
24  12 
-22  20 
86  -23 
-25  30 
4  2 
3  -9 
-16  7 
28  -6 
-27  -3 
10  -30 
12  -7 
11  -16 
21  7 
-7  4 
21  1 
41  -2 
39  21 
23  48 
-6  34 
-19  33 
-9  21 
-29  -17 
2  -12 
17  -11 
9  -12 
5  -14 
47  31 
1  30 
1  15 
-22  33 
-11  -15 
-48  26 
2  -20 
11  33 
11  29 
-30  18 
2  -14 
-18  33 
-1  14 
6  -1 
56  4 
-69  -21 
46  48 
6  -7 
-37  -1 
39  -45 
-22  -24 
25  -1 
-13  18 
4  53 
47  9 
-18  1 
-12  73 
40  -2 
-2  14 
12  14 
-1  -4 
0  10 
-9  -13 
61  11 
46  0 
20  39 
23  27 
14  -18 
25  11 
-22  24 
86  -23 
-27  36 
3  8 
2  -9 
-20  7 
28  -7 
-27  -3 
9  -31 
5  -8 
11  -16 
20  5 
-7  3 
21  1 
38  -12 
42  18 
24  48 
-6  34 
-16  33 
-2  21 
-29  -17 
1  -15 
16  -13 
10  -12 
2  -17 
48  30 
2  27 
1  18 
-22  33 
-11  -12 
-48  21 
2  -19 
16  30 
12  29 
-30  13 
5  -14 
-20  34 
0  16 
8  1 
55  3 
-72  -24 
46  48 
5  -5 
-35  -1 
39  -45 
-22  -24 
24  -2 
-13  18 
5  50 
47  11 
-19  3 
-10  72 
38  -2 
-1  14 
15  15 
-1  -4 
0  10 
-7  -15 
58  11 
46  -1 
25  39 
21  30 
20  -18 
25  10 
-21  22 
85  -22 
-27  37 
3  8 
1  -9 
-20  7 
26  -7 
-24  3 
7  -31 
8  -6 
11  -16 
19  1 
-10  8 
24  -1 
36  -12 
40  18 
22  42 
-1  31 
-18  33 
-2  21 
-29  -17 
2  -20 
15  -14 
7  -12 
-2  -17 
48  30 
2  26 
3  16 
-22  33 
-11  -11 
-39  19 
2  -19 
17  31 
11  29 
-29  13 
4  -13 
-21  36 
2  16 
8  2 
57  3 
-71  -23 
46  48 
5  -8 
-31  -2 
41  -47 
-22  -24 
26  -3 
-13  18 
5  48 
47  11 
-21  5 
-10  72 
40  0 
-1  15 
15  15 
1  -2 
0  10 
-11  -10 
54  7 
45  -1 
27  38 
26  28 
21  -19 
29  13 
-22  24 
88  -23 
-24  36 
2  10 
1  -9 
-20  7 
26  -7 
-25  3 
8  -28 
8  -6 
13  -17 
22  2 
-11  8 
25  1 
36  -10 
38  16 
20  45 
-1  36 
-16  32 
-9  20 
-27  -16 
2  -20 
16  -12 
3  -6 
-5  -14 
48  30 
1  25 
6  20 
-22  28 
-10  -12 
-45  19 
4  -18 
15  25 
5  30 
-29  13 
-1  -17 
-22  33 
0  18 
7  1 
61  -2 
-71  -22 
52  53 
2  -7 
-31  -3 
38  -46 
-21  -25 
26  -3 
-13  20 
5  43 
47  11 
-20  2 
-7  72 
41  3 
-4  13 
15  15 
2  -2 
0  10 
-16  -14 
54  7 
43  -7 
29  37 
26  28 
22  -19 
29  14 
-25  26 
88  -24 
-23  35 
2  6 
1  -9 
-19  7 
26  -7 
-22  4 
8  -27 
7  -9 
14  -18 
22  2 
-11  8 
24  -2 
37  -9 
39  16 
21  45 
-9  35 
-19  33 
-7  17 
-28  -14 
2  -20 
16  -10 
7  -8 
-3  -8 
52  29 
3  27 
5  19 
-24  28 
-10  -12 
-49  21 
5  -19 
13  24 
1  38 
-31  13 
-7  -17 
-20  33 
-2  16 
6  -1 
58  1 
-70  -22 
53  53 
-2  -7 
-33  -2 
39  -46 
-19  -24 
27  -5 
-13  21 
2  43 
42  8 
-20  5 
-10  70 
45  2 
-2  14 
15  15 
-1  -1 
0  10 
-17  -12 
56  7 
42  -2 
29  37 
29  29 
15  -17 
26  15 
-27  26 
89  -22 
-22  34 
3  8 
-2  -7 
-15  8 
21  -2 
-22  4 
10  -30 
7  -9 
16  -20 
21  0 
-14  4 
19  -4 
36  -8 
41  16 
20  45 
-13  35 
-15  30 
-9  21 
-28  -14 
1  -15 
17  -13 
4  -9 
-1  -9 
53  31 
4  26 
4  19 
-24  28 
-10  -12 
-48  21 
2  -20 
13  23 
-1  37 
-34  13 
-5  -18 
-20  30 
-2  16 
5  -1 
54  2 
-66  -23 
53  53 
-1  -6 
-34  -1 
40  -41 
-20  -22 
25  -5 
-13  22 
1  44 
45  6 
-19  7 
-7  64 
45  1 
-4  11 
18  18 
1  -1 
2  7 
-14  -12 
57  11 
40  -4 
30  40 
29  28 
17  -17 
26  15 
-30  30 
91  -21 
-24  30 
4  12 
2  -14 
-15  10 
22  -4 
-19  3 
14  -26 
8  -6 
11  -20 
21  1 
-18  8 
18  -6 
35  -15 
39  16 
20  47 
-13  32 
-17  33 
-13  18 
-32  -10 
-3  -13 
16  -12 
1  -7 
-2  -9 
52  27 
3  26 
6  8 
-24  29 
-10  -12 
-47  17 
2  -20 
12  25 
-2  36 
-34  13 
-4  -20 
-20  30 
-1  15 
-1  -1 
52  -1 
-71  -22 
50  57 
-2  -7 
-36  -2 
42  -42 
-14  -21 
25  -5 
-15  19 
-2  44 
45  6 
-19  7 
-9  66 
49  7 
-9  13 
18  18 
1  -2 
3  8 
-13  -11 
59  12 
41  -3 
28  34 
27  29 
16  -18 
20  12 
-35  32 
88  -24 
-23  23 
5  10 
2  -11 
-17  13 
18  -4 
-18  6 
17  -25 
7  -8 
10  -22 
24  2 
-14  8 
18  -6 
35  -11 
41  25 
20  47 
-13  31 
-15  31 
-14  17 
-34  -15 
-3  -13 
15  -14 
1  -7 
-2  -9 
53  24 
5  28 
1  7 
-25  35 
-8  -13 
-49  18 
2  -18 
16  28 
1  41 
-34  13 
-3  -16 
-17  30 
-1  16 
0  -2 
51  4 
-66  -23 
51  60 
-2  -7 
-35  -1 
41  -42 
-13  -19 
25  -5 
-14  19 
-1  42 
43  8 
-15  6 
-9  71 
49  9 
-11  13 
21  19 
0  -4 
4  7 
-13  -12 
56  10 
42  -2 
26  33 
32  29 
15  -18 
19  16 
-32  33 
89  -23 
-22  24 
4  13 
3  -14 
-15  11 
18  -2 
-17  9 
21  -27 
12  -7 
15  -19 
31  4 
-16  8 
22  -11 
37  -11 
40  24 
21  41 
-13  31 
-18  33 
-15  19 
-31  -17 
-3  -13 
11  -20 
-1  -6 
0  -10 
53  23 
5  21 
1  7 
-25  35 
-9  -12 
-48  21 
-1  -19 
16  28 
2  40 
-31  13 
-3  -17 
-18  27 
-2  13 
0  -2 
51  3 
-67  -24 
51  58 
-4  -6 
-34  -3 
41  -42 
-14  -15 
25  -5 
-14  19 
1  39 
43  8 
-16  7 
-10  69 
49  9 
-7  13 
19  22 
0  -1 
0  7 
-11  -10 
55  6 
45  2 
25  34 
32  29 
12  -21 
19  15 
-29  33 
91  -20 
-23  23 
0  19 
3  -15 
-15  10 
19  -1 
-16  5 
25  -28 
9  -7 
13  -23 
31  4 
-19  5 
21  -17 
37  -13 
42  21 
18  41 
-13  31 
-14  39 
-14  17 
-35  -14 
-6  -10 
13  -14 
-1  -6 
1  -9 
54  21 
7  22 
2  8 
-26  33 
-8  -13 
-44  21 
-4  -16 
15  23 
2  40 
-32  14 
-2  -16 
-16  28 
2  13 
-2  -2 
51  3 
-65  -24 
47  58 
-3  -5 
-36  -2 
38  -44 
-14  -12 
25  -5 
-16  22 
0  36 
42  9 
-17  7 
-10  68 
49  9 
-7  12 
19  23 
1  1 
0  7 
-9  -14 
55  5 
45  -1 
24  31 
29  27 
11  -20 
19  15 
-27  31 
93  -24 
-25  26 
1  18 
4  -13 
-17  14 
21  -4 
-16  5 
22  -24 
8  -6 
9  -23 
33  3 
-17  8 
21  -17 
36  -12 
43  21 
15  43 
-11  33 
-16  39 
-14  17 
-35  -14 
-7  -10 
12  -12 
-3  -9 
1  -7 
51  23 
6  20 
2  6 
-25  35 
-10  -12 
-43  24 
-4  -16 
17  23 
2  40 
-34  13 
1  -15 
-17  30 
-1  18 
0  -2 
51  4 
-67  -19 
47  58 
-2  -7 
-34  -1 
38  -44 
-15  -9 
20  -8 
-13  29 
-1  36 
41  11 
-19  7 
-13  71 
49  8 
-8  9 
18  24 
0  1 
0  7 
-7  -15 
57  7 
47  0 
25  30 
31  20 
11  -23 
19  18 
-29  33 
91  -21 
-26  27 
6  19 
7  -12 
-19  16 
19  -5 
-14  0 
22  -27 
8  -6 
10  -23 
32  6 
-20  10 
21  -16 
36  -12 
42  18 
16  44 
-11  35 
-16  39 
-15  15 
-38  -13 
-4  -10 
9  -11 
-2  -10 
1  -7 
56  20 
8  23 
6  5 
-24  36 
-7  -15 
-44  27 
-3  -11 
15  23 
1  43 
-33  15 
1  -15 
-17  28 
-5  15 
1  -2 
51  4 
-63  -17 
47  58 
-6  -6 
-35  -1 
38  -44 
-17  -6 
19  -6 
-12  30 
1  37 
41  10 
-19  7 
-12  73 
49  7 
-8  9 
18  24 
-6  1 
0  7 
-7  -11 
56  8 
48  5 
24  31 
36  20 
11  -20 
21  18 
-35  31 
94  -21 
-24  27 
6  20 
6  -12 
-20  16 
19  -4 
-16  -2 
25  -30 
6  -10 
11  -25 
33  10 
-20  10 
23  -12 
35  -13 
43  13 
20  42 
-14  33 
-15  39 
-18  13 
-37  -13 
-2  -9 
7  -12 
0  -6 
1  -7 
58  24 
5  21 
6  1 
-29  33 
-7  -15 
-45  25 
-2  -10 
16  31 
2  41 
-33  11 
1  -19 
-19  31 
-5  15 
-1  -1 
51  4 
-67  -23 
48  56 
-8  -7 
-34  -1 
38  -44 
-10  -8 
18  -7 
-9  28 
0  38 
37  12 
-18  7 
-11  69 
52  5 
-8  9 
20  27 
-7  3 
2  10 
-4  -17 
56  8 
43  6 
23  34 
42  23 
12  -18 
15  22 
-36  34 
99  -19 
-22  24 
7  21 
0  -13 
-13  18 
18  -3 
-16  2 
25  -30 
12  -11 
11  -27 
35  10 
-20  10 
23  -12 
33  -9 
44  12 
16  44 
-15  35 
-16  38 
-14  17 
-35  -14 
-2  -10 
6  -12 
3  -7 
7  -8 
57  19 
5  19 
8  1 
-32  34 
-7  -17 
-44  27 
-9  -12 
13  33 
2  40 
-31  15 
0  -14 
-20  34 
-6  18 
1  -2 
51  4 
-71  -22 
49  57 
-5  -5 
-34  -1 
39  -45 
-12  -10 
18  -7 
-10  28 
-1  36 
34  7 
-17  5 
-9  69 
54  3 
-5  3 
21  23 
-3  3 
1  11 
-6  -18 
56  8 
41  7 
25  31 
40  24 
14  -19 
22  18 
-37  34 
96  -19 
-22  24 
9  23 
1  -14 
-13  18 
20  2 
-18  11 
26  -30 
11  -11 
10  -23 
36  11 
-20  10 
20  -15 
35  -5 
47  12 
15  42 
-11  33 
-16  31 
-14  17 
-33  -18 
-1  -9 
8  -10 
3  -7 
7  -9 
59  22 
5  19 
9  -2 
-32  32 
-6  -20 
-44  27 
-9  -14 
13  31 
2  40 
-31  14 
3  -15 
-20  32 
-9  20 
-1  -4 
51  1 
-68  -19 
49  57 
-4  -7 
-36  -2 
41  -47 
-13  -5 
18  -7 
-8  29 
2  36 
36  10 
-13  8 
-11  67 
55  1 
-4  3 
23  28 
-3  3 
1  11 
-5  -15 
58  10 
43  7 
22  36 
38  18 
13  -16 
21  19 
-34  33 
95  -15 
-21  21 
8  21 
7  -9 
-13  18 
18  0 
-20  10 
25  -30 
9  -12 
9  -22 
37  7 
-19  11 
18  -12 
33  -3 
47  12 
18  44 
-11  33 
-12  33 
-16  17 
-32  -16 
-7  -8 
9  -10 
5  -5 
11  -5 
61  17 
4  18 
9  -3 
-30  28 
-9  -20 
-44  28 
-7  -14 
15  32 
2  40 
-32  14 
5  -14 
-19  33 
-12  18 
0  -2 
51  3 
-67  -19 
48  57 
-5  -5 
-34  -3 
43  -46 
-10  -8 
17  -6 
-8  29 
-2  36 
38  11 
-11  9 
-9  69 
56  0 
-3  3 
24  27 
-4  3 
1  7 
-5  -14 
58  11 
42  10 
19  35 
37  15 
14  -18 
19  14 
-34  33 
98  -16 
-27  24 
8  26 
7  -9 
-8  17 
13  0 
-19  10 
22  -27 
9  -17 
15  -21 
38  8 
-19  11 
16  -13 
36  -4 
47  14 
16  49 
-11  29 
-10  28 
-14  17 
-29  -13 
-7  -10 
4  -9 
5  -5 
19  2 
55  15 
6  19 
16  0 
-29  28 
-9  -23 
-44  28 
-4  -19 
16  33 
5  39 
-32  14 
1  -13 
-20  32 
-16  22 
-2  -4 
51  3 
-62  -17 
50  58 
1  -7 
-31  -3 
45  -49 
-14  -10 
15  -4 
-7  25 
1  41 
38  10 
-14  8 
-8  69 
60  5 
-5  3 
21  23 
-5  1 
0  7 
-5  -14 
58  11 
45  8 
19  36 
36  13 
15  -17 
18  13 
-37  34 
98  -16 
-28  28 
3  28 
9  -11 
-8  21 
13  6 
-20  10 
22  -27 
7  -18 
11  -19 
36  8 
-20  13 
14  -13 
37  -9 
48  14 
21  43 
-12  32 
-11  28 
-14  17 
-31  -13 
-9  -6 
3  -7 
5  -10 
19  -1 
57  15 
5  21 
17  3 
-28  29 
-7  -23 
-45  33 
-8  -21 
19  34 
2  40 
-29  9 
3  -15 
-19  33 
-19  27 
1  -4 
51  3 
-63  -16 
47  58 
-2  -2 
-32  -3 
47  -49 
-5  -11 
15  -5 
-9  26 
2  41 
36  11 
-12  6 
-9  73 
62  8 
-4  3 
22  23 
-11  -2 
0  7 
-3  -11 
57  11 
46  8 
18  34 
34  14 
11  -16 
17  12 
-36  32 
92  -19 
-27  33 
2  29 
9  -12 
-1  21 
12  6 
-20  10 
26  -27 
7  -18 
11  -23 
35  6 
-19  11 
15  -7 
36  -12 
49  13 
21  43 
-12  34 
-11  29 
-15  19 
-32  -10 
-10  -7 
8  -7 
2  -13 
20  -4 
57  15 
6  19 
15  3 
-28  27 
-8  -18 
-44  30 
-12  -23 
20  32 
2  40 
-29  6 
5  -12 
-19  33 
-17  25 
-1  -2 
54  2 
-62  -16 
47  58 
-1  -4 
-32  -4 
47  -49 
-5  -15 
15  -5 
-7  23 
1  45 
35  9 
-17  6 
-8  73 
61  7 
-3  3 
18  16 
-11  -2 
2  6 
-6  -13 
58  10 
46  8 
18  33 
31  13 
11  -17 
15  10 
-35  35 
91  -20 
-31  33 
1  25 
9  -12 
-3  23 
12  7 
-20  10 
27  -29 
7  -19 
10  -23 
38  7 
-19  11 
14  -6 
38  -12 
48  12 
20  41 
-13  35 
-11  29 
-15  19 
-31  -6 
-12  -11 
8  -6 
1  -16 
19  -5 
55  15 
6  19 
11  1 
-27  31 
-5  -19 
-41  31 
-7  -24 
22  33 
2  40 
-27  5 
5  -16 
-19  30 
-17  28 
1  -2 
54  0 
-65  -18 
49  57 
-2  -4 
-32  -4 
41  -47 
-5  -17 
12  -7 
-15  26 
4  45 
36  8 
-17  6 
-9  77 
60  6 
-7  3 
19  16 
-11  -2 
1  7 
-2  -16 
57  11 
44  8 
19  34 
33  11 
11  -17 
15  12 
-32  33 
95  -19 
-31  33 
1  23 
10  -12 
-3  24 
7  9 
-20  10 
25  -30 
4  -21 
11  -23 
35  6 
-19  10 
14  -6 
35  -15 
48  10 
22  40 
-14  33 
-13  28 
-14  19 
-29  -6 
-7  -14 
10  -7 
0  -15 
16  -3 
55  15 
0  18 
11  0 
-24  28 
-4  -17 
-41  36 
-5  -17 
24  38 
2  42 
-29  4 
3  -12 
-17  26 
-15  26 
1  -4 
52  9 
-61  -18 
45  59 
-2  -4 
-32  -4 
44  -48 
-2  -16 
11  -7 
-18  27 
1  45 
37  7 
-20  4 
-7  77 
66  8 
-7  0 
21  18 
-12  -3 
0  7 
-3  -17 
55  10 
45  10 
17  32 
32  9 
11  -17 
17  11 
-33  31 
91  -20 
-31  34 
5  26 
13  -16 
-2  24 
7  10 
-20  10 
29  -31 
7  -28 
17  -21 
32  6 
-17  7 
16  -9 
35  -14 
51  13 
22  40 
-14  33 
-10  28 
-13  18 
-34  -3 
-9  -14 
6  -5 
4  -12 
19  -4 
55  15 
1  18 
15  1 
-22  28 
-6  -19 
-42  33 
0  -18 
25  35 
5  41 
-29  4 
1  -13 
-16  26 
-13  25 
2  -2 
48  14 
-62  -13 
46  59 
-1  -5 
-31  -2 
50  -47 
-4  -16 
14  -7 
-17  28 
2  48 
36  7 
-20  7 
-10  78 
66  8 
-7  1 
19  18 
-13  0 
3  6 
-3  -17 
49  8 
47  14 
16  31 
31  9 
11  -20 
16  10 
-34  33 
88  -24 
-31  33 
5  24 
13  -19 
1  25 
9  7 
-20  10 
22  -31 
0  -27 
16  -20 
33  3 
-18  3 
15  -8 
38  -10 
48  14 
22  42 
-17  34 
-10  28 
-11  17 
-36  -2 
-8  -11 
13  -7 
6  -12 
19  -4 
56  15 
0  18 
12  6 
-21  25 
-9  -27 
-42  33 
-2  -19 
25  35 
5  39 
-32  12 
3  -15 
-20  25 
-12  26 
-4  -7 
48  13 
-64  -12 
46  57 
1  -7 
-29  -3 
49  -51 
-4  -18 
14  -6 
-19  31 
2  47 
38  8 
-16  7 
-13  78 
65  11 
-7  5 
18  16 
-12  4 
1  9 
-2  -16 
47  9 
40  19 
18  30 
33  4 
9  -21 
13  11 
-35  32 
90  -22 
-33  31 
3  28 
13  -23 
1  28 
9  9 
-19  11 
25  -30 
1  -27 
19  -18 
35  3 
-19  3 
16  -5 
38  -9 
47  15 
16  44 
-18  33 
-10  28 
-12  16 
-38  3 
-7  -11 
13  -8 
3  -15 
21  -6 
58  14 
0  16 
11  3 
-19  27 
-4  -28 
-40  34 
0  -22 
24  31 
5  41 
-31  17 
3  -14 
-17  27 
-14  28 
-3  -5 
48  14 
-64  -13 
46  57 
4  -7 
-28  -1 
45  -52 
-2  -16 
9  -7 
-20  30 
0  47 
37  9 
-18  8 
-13  78 
65  11 
-8  9 
18  16 
-13  1 
4  12 
1  -19 
48  9 
40  18 
18  28 
33  6 
9  -23 
12  13 
-41  35 
87  -19 
-33  31 
3  27 
17  -17 
4  28 
6  8 
-19  10 
25  -29 
1  -27 
24  -18 
36  3 
-18  6 
15  -5 
37  -9 
49  14 
20  47 
-15  35 
-7  28 
-9  20 
-43  4 
-4  -7 
13  -16 
-2  -14 
22  -4 
58  10 
-1  16 
11  4 
-15  26 
-7  -29 
-39  31 
2  -22 
23  37 
5  39 
-31  18 
2  -11 
-19  23 
-12  30 
2  -10 
48  14 
-64  -12 
46  59 
6  -7 
-26  0 
43  -52 
-1  -23 
9  -7 
-20  30 
4  47 
42  8 
-19  7 
-9  83 
64  13 
-8  4 
20  19 
-13  2 
5  12 
2  -20 
48  10 
38  18 
17  29 
33  3 
13  -19 
11  13 
-44  33 
88  -14 
-32  33 
2  31 
15  -17 
1  31 
3  7 
-20  10 
25  -27 
1  -27 
21  -15 
38  4 
-22  1 
16  -4 
37  -13 
48  14 
20  47 
-18  33 
-7  32 
-5  15 
-45  5 
-3  -6 
12  -15 
-3  -17 
18  -8 
57  11 
-3  20 
11  4 
-15  26 
-6  -26 
-34  37 
-1  -25 
18  36 
7  38 
-29  20 
4  -8 
-18  20 
-16  28 
4  -13 
46  13 
-62  -12 
45  61 
-2  -7 
-20  -2 
43  -55 
-4  -20 
7  -6 
-19  30 
2  47 
37  17 
-17  6 
-9  83 
67  15 
-9  2 
21  19 
-12  5 
5  10 
0  -18 
49  12 
39  18 
16  28 
36  1 
11  -14 
15  15 
-47  32 
85  -19 
-31  34 
4  26 
15  -18 
1  31 
3  8 
-20  10 
22  -27 
1  -27 
20  -16 
37  4 
-23  3 
13  -3 
35  -11 
46  13 
20  47 
-16  28 
-4  31 
-1  14 
-46  7 
3  -4 
16  -20 
-2  -16 
18  -12 
58  11 
-4  24 
11  4 
-16  25 
-11  -27 
-34  37 
-2  -24 
16  36 
9  38 
-31  17 
5  -8 
-19  26 
-11  29 
1  -15 
45  11 
-65  -14 
46  59 
-2  -2 
-18  0 
42  -54 
-5  -17 
7  -5 
-19  30 
-3  47 
34  14 
-16  13 
-9  83 
65  15 
-9  0 
22  18 
-15  0 
5  10 
-1  -18 
47  9 
40  18 
18  22 
31  -3 
16  -15 
15  15 
-49  26 
86  -21 
-32  33 
0  27 
12  -19 
1  31 
2  9 
-20  10 
25  -21 
-2  -27 
22  -18 
40  2 
-25  3 
13  -3 
37  -11 
47  11 
23  48 
-18  26 
2  28 
-4  13 
-43  7 
7  -2 
18  -24 
-1  -19 
18  -12 
57  12 
-3  23 
11  4 
-15  26 
-9  -27 
-34  37 
2  -27 
20  33 
9  37 
-31  18 
8  -6 
-19  27 
-15  30 
2  -17 
44  12 
-65  -15 
43  67 
-1  3 
-18  0 
43  -55 
-7  -19 
5  -9 
-14  28 
1  43 
35  7 
-10  8 
-9  83 
63  14 
-9  1 
19  15 
-18  -4 
6  13 
1  -15 
