Created:December-12-2022 
Coverage:2 
N:20 
NUM-IONS:8 
NSTEPS:15000 
WRITE-PERIODICITY:100 
epsilon:1.71 
29  11 
27  13 
-6  45 
-6  -24 
9  14 
-16  -11 
24  -10 
30  11 
32  12 
30  14 
-7  44 
-7  -26 
5  12 
-21  -13 
26  -9 
36  9 
36  15 
29  13 
-7  44 
-6  -24 
2  12 
-18  -12 
28  -4 
30  11 
36  9 
27  13 
-7  44 
-9  -22 
5  12 
-18  -12 
25  -6 
27  18 
38  10 
28  15 
-9  43 
-11  -26 
1  12 
-18  -12 
29  -5 
30  17 
39  11 
25  14 
-8  45 
-14  -26 
1  12 
-18  -10 
29  0 
30  17 
38  10 
26  14 
-8  41 
-11  -26 
5  12 
-16  -11 
30  -3 
24  15 
38  8 
25  14 
-12  44 
-9  -26 
2  12 
-16  -10 
30  -3 
24  16 
36  8 
29  11 
-12  44 
-11  -26 
-1  11 
-16  -11 
30  -3 
24  19 
36  9 
28  9 
-12  44 
-14  -29 
0  13 
-19  -8 
31  -2 
22  22 
39  11 
38  10 
-10  39 
-9  -26 
2  17 
-12  -6 
31  -2 
22  28 
39  12 
35  3 
-15  39 
-11  -26 
2  17 
-7  -11 
31  -2 
22  28 
40  14 
37  5 
-11  36 
-12  -32 
2  17 
-13  -15 
31  -2 
20  27 
40  13 
35  0 
-11  36 
-10  -29 
2  17 
-16  -14 
31  -2 
20  27 
42  17 
38  10 
-10  37 
-12  -34 
5  19 
-12  -16 
32  1 
20  30 
42  17 
38  9 
-10  37 
-12  -32 
4  19 
-12  -16 
34  2 
19  31 
42  17 
38  10 
-10  34 
-8  -31 
6  20 
-12  -14 
37  -1 
20  33 
44  15 
38  10 
-11  34 
-7  -30 
4  19 
-12  -11 
38  -3 
17  32 
44  15 
38  9 
-13  38 
-8  -32 
5  19 
-16  -11 
38  -3 
20  34 
47  13 
38  10 
-11  31 
-12  -33 
8  20 
-16  -10 
36  -3 
18  31 
51  14 
34  10 
-10  31 
-12  -36 
9  21 
-16  -10 
38  -3 
15  31 
53  14 
32  9 
-10  34 
-5  -40 
9  16 
-16  -11 
38  -3 
14  28 
53  16 
29  16 
-11  34 
-2  -35 
7  13 
-16  -11 
38  1 
10  26 
54  15 
30  14 
-13  36 
-4  -35 
12  14 
-17  -8 
38  5 
9  23 
56  17 
25  17 
-17  32 
-8  -38 
9  11 
-15  -11 
38  5 
12  21 
58  17 
24  17 
-20  33 
-8  -37 
10  14 
-21  -13 
37  3 
16  19 
60  18 
22  17 
-20  30 
-7  -33 
10  14 
-22  -10 
34  0 
18  21 
60  18 
22  17 
-20  34 
-7  -33 
9  11 
-24  -11 
34  0 
19  27 
58  17 
20  13 
-21  34 
-7  -30 
12  11 
-24  -9 
34  -4 
22  23 
53  16 
16  12 
-20  33 
-4  -32 
9  14 
-23  -11 
36  1 
21  23 
53  16 
19  11 
-23  38 
-9  -31 
4  12 
-20  -7 
30  -1 
20  21 
53  18 
18  14 
-22  37 
-17  -38 
1  12 
-20  -6 
31  3 
21  21 
53  16 
20  13 
-24  39 
-19  -39 
1  12 
-21  -9 
28  5 
22  23 
58  22 
20  14 
-16  35 
-17  -38 
5  14 
-20  -10 
31  3 
21  23 
58  24 
18  17 
-24  27 
-19  -37 
7  13 
-18  -13 
33  4 
22  24 
57  25 
18  17 
-21  24 
-19  -37 
7  13 
-18  -12 
33  7 
19  27 
56  26 
18  21 
-28  24 
-19  -37 
5  11 
-18  -12 
33  9 
20  28 
57  32 
18  25 
-29  23 
-17  -38 
4  15 
-21  -9 
31  14 
18  31 
56  27 
14  30 
-29  23 
-17  -38 
4  17 
-20  -7 
34  16 
19  30 
56  26 
10  31 
-30  24 
-18  -36 
4  15 
-22  -10 
31  18 
17  30 
60  29 
8  27 
-32  24 
-18  -38 
1  12 
-20  -6 
32  21 
19  33 
62  37 
10  27 
-34  25 
-20  -34 
5  12 
-19  -8 
38  25 
18  31 
62  37 
14  30 
-26  28 
-19  -32 
5  12 
-18  -8 
39  24 
21  36 
64  37 
14  30 
-27  29 
-18  -32 
5  12 
-23  2 
38  25 
19  35 
64  37 
14  30 
-27  27 
-24  -34 
5  12 
-22  -3 
38  29 
18  31 
61  37 
8  28 
-23  30 
-24  -31 
9  5 
-24  -3 
41  35 
18  30 
60  38 
14  30 
-24  28 
-22  -35 
8  4 
-27  -6 
38  37 
19  31 
60  38 
9  25 
-27  29 
-28  -39 
8  6 
-31  -6 
38  37 
12  31 
59  35 
9  28 
-24  26 
-29  -37 
8  8 
-36  -4 
40  38 
13  29 
59  33 
9  29 
-22  25 
-30  -37 
8  4 
-36  -3 
40  38 
19  31 
59  35 
9  20 
-21  24 
-35  -35 
9  5 
-36  -5 
40  38 
19  30 
62  37 
8  27 
-24  20 
-30  -34 
7  13 
-36  -3 
40  38 
20  30 
62  37 
8  26 
-26  21 
-29  -37 
14  14 
-35  -6 
40  38 
18  30 
62  37 
8  24 
-26  22 
-28  -37 
14  21 
-31  -5 
40  38 
19  36 
59  31 
8  26 
-19  21 
-26  -35 
18  17 
-29  -5 
40  38 
18  31 
60  34 
8  28 
-23  12 
-26  -34 
18  17 
-29  -2 
40  38 
19  33 
63  37 
14  30 
-21  8 
-28  -37 
18  17 
-32  -2 
38  38 
22  32 
66  42 
13  31 
-18  8 
-28  -35 
14  23 
-31  -6 
38  45 
21  32 
62  43 
12  27 
-18  10 
-28  -35 
16  26 
-33  -7 
40  50 
24  32 
66  42 
10  27 
-16  10 
-32  -32 
18  30 
-34  -6 
39  50 
24  37 
65  41 
10  21 
-14  9 
-35  -33 
20  33 
-33  -7 
42  43 
24  35 
64  39 
10  17 
-16  10 
-36  -34 
24  32 
-31  -9 
42  42 
24  36 
65  39 
14  17 
-12  6 
-36  -31 
30  37 
-33  -4 
41  43 
26  34 
66  42 
14  16 
-9  3 
-37  -28 
31  35 
-30  -6 
42  43 
25  34 
66  40 
13  17 
-16  -1 
-38  -28 
27  33 
-29  -6 
42  43 
30  34 
68  44 
12  12 
-10  4 
-36  -31 
28  35 
-31  -5 
43  40 
31  34 
71  43 
13  9 
-14  4 
-32  -36 
31  38 
-27  -6 
46  42 
30  33 
71  43 
9  11 
-7  4 
-31  -32 
31  38 
-26  -4 
46  42 
27  30 
66  40 
8  5 
-7  5 
-30  -31 
30  37 
-24  -5 
45  42 
26  19 
66  42 
8  6 
-10  7 
-27  -29 
34  36 
-20  -7 
45  42 
24  19 
66  42 
9  11 
-7  7 
-26  -30 
30  37 
-20  -7 
48  48 
24  19 
66  42 
10  11 
-2  4 
-25  -27 
27  34 
-22  -10 
53  49 
24  19 
71  43 
11  14 
1  16 
-28  -26 
29  34 
-27  -16 
56  50 
24  19 
72  44 
11  14 
2  17 
-30  -26 
33  34 
-32  -16 
60  53 
31  23 
71  43 
7  13 
10  14 
-26  -28 
34  36 
-27  -9 
60  54 
25  22 
76  41 
8  18 
9  14 
-29  -31 
35  38 
-30  -9 
60  53 
28  24 
78  45 
10  17 
7  13 
-27  -31 
33  36 
-29  -6 
58  50 
23  22 
78  42 
11  14 
4  13 
-30  -29 
33  34 
-35  -6 
58  50 
26  22 
79  44 
9  15 
4  12 
-31  -29 
26  34 
-31  -6 
58  51 
25  22 
78  45 
10  14 
5  12 
-29  -26 
24  32 
-27  -6 
59  50 
26  25 
76  39 
1  17 
7  13 
-32  -26 
23  31 
-27  -3 
58  50 
28  26 
73  37 
2  17 
11  18 
-31  -19 
26  29 
-27  -4 
57  52 
28  26 
76  29 
1  21 
13  12 
-26  -20 
24  29 
-27  -4 
50  52 
26  29 
78  25 
-5  19 
14  10 
-26  -20 
28  24 
-27  -4 
50  54 
28  26 
76  26 
-2  21 
13  11 
-30  -16 
25  25 
-27  -4 
53  54 
26  22 
77  27 
-3  18 
12  14 
-28  -19 
24  29 
-26  -3 
50  54 
22  23 
76  30 
-6  20 
14  16 
-29  -20 
24  29 
-22  0 
51  53 
23  23 
82  30 
-6  22 
11  20 
-29  -22 
24  29 
-26  5 
52  54 
22  23 
84  32 
-11  20 
8  18 
-31  -25 
25  32 
-24  0 
49  57 
21  23 
82  32 
-10  26 
9  17 
-35  -28 
24  35 
-24  0 
56  49 
21  23 
82  32 
-8  23 
13  14 
-29  -26 
24  35 
-25  0 
53  49 
22  23 
82  32 
-9  23 
6  14 
-30  -28 
22  37 
-24  0 
48  49 
23  22 
82  32 
-7  16 
7  13 
-26  -30 
22  37 
-24  -1 
52  51 
22  23 
85  32 
-6  16 
9  14 
-30  -26 
20  38 
-26  7 
51  51 
23  22 
80  33 
-7  14 
11  14 
-31  -23 
22  37 
-27  7 
49  51 
21  23 
80  35 
-6  16 
12  14 
-33  -27 
24  35 
-26  8 
52  51 
23  22 
80  33 
-4  17 
10  14 
-34  -26 
25  34 
-26  8 
55  49 
31  22 
79  31 
-9  16 
6  14 
-30  -26 
25  34 
-27  7 
58  50 
34  25 
79  31 
-10  14 
10  11 
-31  -32 
25  34 
-32  8 
58  49 
33  24 
