Created:December-12-2022 
Coverage:12 
N:20 
NUM-IONS:48 
NSTEPS:15000 
WRITE-PERIODICITY:100 
epsilon:1.71 
-1  16 
25  -4 
12  14 
-10  3 
-6  10 
15  16 
29  16 
16  -17 
29  0 
2  3 
25  -16 
9  11 
23  2 
7  24 
3  40 
22  -11 
1  3 
0  2 
21  -12 
12  -7 
9  -22 
4  -3 
-14  14 
-4  -6 
13  -15 
0  -6 
-1  18 
3  14 
15  13 
13  0 
23  -9 
10  1 
43  23 
28  19 
17  3 
-3  5 
35  21 
31  4 
18  11 
-20  7 
25  29 
1  -4 
21  17 
11  29 
3  5 
12  0 
4  -1 
-12  -9 
-3  16 
26  -5 
10  13 
-13  8 
-5  14 
15  20 
32  20 
20  -17 
30  -1 
4  -4 
30  -14 
8  12 
23  3 
8  24 
3  40 
24  -11 
0  2 
4  1 
18  -14 
15  -1 
7  -25 
6  -6 
-15  16 
-5  -4 
13  -15 
0  -6 
-1  18 
3  14 
16  11 
16  0 
23  -9 
10  -4 
42  21 
24  17 
17  3 
-6  4 
35  15 
31  2 
18  11 
-21  5 
26  25 
1  -4 
24  19 
11  29 
2  6 
9  0 
1  3 
-9  -3 
-5  15 
25  -4 
13  12 
-11  9 
-6  15 
15  19 
31  16 
23  -18 
33  -1 
3  -6 
28  -13 
8  12 
23  3 
7  22 
3  37 
25  -11 
1  3 
4  1 
21  -12 
16  -4 
7  -25 
4  -6 
-15  15 
-9  -8 
13  -16 
0  -6 
-1  18 
0  13 
14  10 
17  0 
23  -9 
10  -3 
43  20 
24  17 
18  3 
-6  4 
31  14 
30  3 
18  11 
-21  10 
35  26 
1  -4 
24  16 
15  27 
2  5 
10  0 
0  3 
-7  0 
-4  11 
27  -3 
12  12 
-12  6 
-6  14 
8  16 
28  13 
22  -19 
33  0 
4  -6 
30  -17 
8  12 
23  2 
6  19 
-2  40 
24  -11 
0  2 
7  4 
19  -13 
14  -5 
7  -25 
6  -6 
-16  16 
-10  -5 
14  -18 
5  -8 
-1  18 
2  9 
14  10 
18  1 
23  -9 
9  -4 
44  18 
21  19 
14  4 
-7  4 
40  8 
29  6 
18  11 
-19  8 
35  26 
4  -3 
19  16 
13  25 
-1  5 
12  0 
-3  3 
-13  -1 
-4  11 
29  -1 
10  16 
-12  4 
-1  16 
14  19 
29  11 
20  -17 
29  -4 
4  -6 
31  -16 
7  12 
23  3 
7  19 
3  42 
22  -11 
1  1 
7  4 
20  -13 
20  -8 
7  -25 
3  -3 
-16  21 
-12  -7 
20  -12 
1  -9 
-1  18 
1  13 
15  6 
20  2 
25  -8 
11  -3 
41  19 
23  20 
14  2 
-6  3 
39  10 
28  6 
18  11 
-21  8 
34  27 
4  -1 
10  12 
13  25 
0  5 
11  -2 
-1  2 
-13  0 
-3  11 
29  0 
12  17 
-19  4 
-2  16 
15  14 
29  11 
21  -17 
31  -4 
3  -6 
31  -16 
8  11 
24  -1 
6  19 
-3  42 
24  -11 
1  2 
7  4 
15  -13 
23  -9 
7  -20 
4  -3 
-17  23 
-11  -5 
20  -11 
0  -9 
-1  18 
1  15 
15  6 
16  3 
28  -8 
10  -5 
44  18 
25  15 
14  4 
-3  5 
39  5 
31  9 
20  14 
-19  8 
28  28 
3  2 
12  13 
13  24 
0  5 
13  0 
-2  1 
-10  -1 
-5  6 
32  0 
18  21 
-19  -1 
-9  16 
12  13 
28  12 
14  -18 
34  -5 
4  -6 
31  -16 
8  13 
24  -3 
7  19 
-4  43 
19  -10 
1  3 
9  9 
7  -14 
25  -5 
9  -20 
4  -1 
-18  25 
-5  -4 
16  -11 
1  -10 
3  20 
1  16 
15  4 
17  3 
27  -8 
8  -6 
46  14 
25  16 
14  4 
-6  3 
40  5 
36  11 
17  12 
-20  9 
31  29 
2  1 
12  12 
13  24 
0  2 
16  -1 
-2  3 
-9  2 
-4  8 
36  -4 
18  21 
-23  0 
-9  17 
12  13 
30  10 
17  -17 
36  -9 
4  -6 
28  -15 
8  11 
24  1 
6  19 
-4  43 
17  -15 
0  3 
9  7 
8  -13 
25  -5 
9  -20 
7  -5 
-17  25 
-6  -4 
14  -13 
-1  -10 
3  19 
3  20 
13  4 
18  3 
28  -8 
9  -6 
46  14 
25  16 
14  9 
-7  5 
39  5 
34  15 
18  11 
-21  7 
30  23 
1  3 
14  10 
15  26 
0  2 
15  -4 
-1  -2 
-9  2 
-4  9 
39  -4 
18  21 
-23  0 
-5  14 
13  12 
27  6 
16  -17 
38  -9 
3  -6 
28  -16 
9  11 
23  -2 
7  19 
-6  44 
18  -14 
0  2 
12  6 
12  -12 
25  -6 
15  -21 
5  -5 
-17  25 
-5  -13 
13  -16 
1  -12 
4  19 
3  20 
14  3 
17  3 
28  -8 
12  0 
46  14 
24  17 
15  6 
-6  2 
40  5 
32  13 
18  14 
-17  11 
33  25 
1  4 
14  10 
11  27 
4  1 
18  0 
-1  -2 
-10  -1 
-4  11 
39  -4 
17  24 
-25  -8 
-4  14 
12  12 
27  4 
17  -15 
37  -5 
4  -6 
26  -18 
9  11 
23  3 
7  22 
-6  43 
19  -13 
-3  0 
12  8 
9  -13 
23  -4 
11  -23 
5  -8 
-16  25 
-6  -13 
14  -16 
-1  -11 
6  14 
0  19 
18  7 
22  1 
28  -7 
13  0 
44  9 
25  16 
11  8 
-4  3 
39  5 
32  13 
14  10 
-16  12 
33  25 
1  4 
15  7 
11  29 
3  0 
18  1 
-1  -2 
-10  0 
-2  11 
39  -4 
17  25 
-25  -4 
-5  12 
12  13 
29  9 
13  -16 
35  -6 
4  -1 
27  -16 
6  13 
21  3 
7  19 
-4  39 
19  -10 
-8  -1 
9  8 
8  -11 
21  -4 
13  -22 
5  -5 
-17  25 
-8  -12 
16  -17 
-2  -14 
6  14 
3  20 
14  4 
25  -4 
28  -6 
14  -5 
39  9 
27  15 
10  3 
-3  4 
39  5 
28  17 
14  8 
-19  11 
33  25 
1  2 
15  6 
10  30 
3  2 
18  1 
-1  -2 
-10  0 
-2  11 
38  -6 
20  27 
-24  -3 
-5  11 
16  19 
27  4 
15  -14 
34  -5 
5  -3 
28  -16 
6  14 
17  3 
6  19 
-7  44 
19  -10 
-10  -1 
10  8 
9  -13 
20  -4 
12  -20 
0  -7 
-16  25 
-1  -15 
18  -19 
0  -12 
5  15 
2  22 
13  8 
25  -4 
28  -8 
15  -4 
43  13 
27  15 
10  5 
-2  6 
41  8 
29  16 
20  9 
-19  10 
32  28 
0  2 
11  9 
11  28 
1  2 
19  -4 
-1  -2 
-10  0 
-3  12 
30  -8 
17  25 
-26  -5 
-4  11 
12  19 
26  3 
15  -14 
33  -8 
4  -2 
29  -11 
6  14 
15  4 
4  22 
-10  41 
19  -10 
-10  -1 
8  13 
7  -16 
21  -4 
13  -20 
4  -9 
-11  27 
0  -15 
20  -18 
0  -11 
5  16 
-3  23 
15  12 
23  -4 
29  -4 
15  -4 
43  14 
27  15 
8  6 
-6  6 
39  6 
33  16 
22  9 
-17  12 
34  28 
1  3 
8  4 
10  23 
3  0 
19  -4 
-5  -5 
-14  -1 
-5  15 
32  -7 
20  29 
-25  -6 
-5  11 
13  20 
28  2 
17  -15 
33  -8 
3  -2 
28  -14 
8  13 
14  2 
2  25 
-11  36 
19  -14 
-10  -5 
10  13 
11  -10 
20  -6 
13  -21 
1  -10 
-10  25 
-1  -15 
21  -17 
-1  -13 
3  11 
-7  25 
14  10 
24  -3 
32  0 
15  -4 
47  16 
27  15 
10  10 
-4  9 
37  3 
34  15 
20  13 
-11  11 
33  34 
-2  1 
3  3 
11  24 
4  -1 
14  0 
-4  -2 
-11  0 
-5  9 
30  -7 
18  27 
-26  -6 
-6  13 
15  19 
26  -1 
14  -16 
32  -7 
4  -3 
28  -14 
11  16 
13  5 
3  25 
-7  38 
20  -12 
-4  -2 
9  11 
14  -4 
21  -4 
19  -24 
1  -10 
-13  29 
0  -15 
16  -17 
0  -11 
0  14 
-7  24 
13  8 
23  -6 
33  0 
13  -8 
48  12 
25  15 
21  8 
-4  11 
37  6 
35  16 
17  12 
-17  11 
35  35 
0  2 
2  1 
9  29 
3  0 
17  0 
-6  -5 
-13  -2 
-6  10 
35  -5 
20  25 
-27  -8 
-5  14 
13  20 
27  -1 
13  -15 
32  -8 
3  3 
29  -13 
9  20 
13  4 
3  25 
-8  40 
16  -17 
-2  -1 
9  11 
15  -4 
22  -5 
19  -24 
1  -10 
-13  29 
2  -15 
20  -18 
0  -11 
1  14 
-6  22 
13  6 
26  -6 
31  2 
15  -8 
52  13 
25  15 
21  8 
-6  13 
37  5 
34  15 
17  16 
-20  11 
34  29 
1  3 
1  2 
9  28 
3  0 
18  1 
-5  -11 
-12  4 
-6  10 
35  -6 
18  26 
-29  -6 
-5  16 
16  20 
23  -3 
15  -16 
34  -8 
3  3 
30  -10 
9  20 
13  5 
3  27 
-8  40 
14  -16 
-1  -2 
3  11 
15  -1 
23  0 
16  -29 
0  -9 
-16  25 
2  -15 
21  -17 
0  -12 
-2  11 
-6  22 
11  12 
24  -6 
28  6 
14  -5 
53  12 
26  14 
21  8 
-12  12 
36  3 
36  19 
14  13 
-21  10 
31  28 
-3  3 
4  1 
9  28 
5  -4 
18  1 
-6  -6 
-14  4 
-7  5 
38  -6 
19  28 
-28  -7 
-8  20 
14  16 
25  -4 
15  -14 
34  -7 
-1  2 
33  -8 
7  22 
14  4 
2  25 
-7  40 
15  -16 
-1  -4 
3  11 
13  -3 
24  -1 
16  -29 
-2  -11 
-17  25 
8  -14 
17  -17 
1  -12 
0  14 
-6  27 
11  13 
24  -6 
30  3 
10  -5 
52  12 
26  14 
21  10 
-11  11 
36  3 
38  16 
15  13 
-21  10 
32  28 
-2  3 
2  -1 
10  26 
5  -5 
14  -2 
-5  -9 
-12  4 
-7  5 
36  -4 
19  28 
-30  -7 
-5  16 
14  15 
24  -3 
14  -17 
34  -6 
1  3 
33  -7 
8  23 
14  4 
2  25 
-2  41 
13  -16 
-3  -5 
3  12 
13  -1 
24  -2 
16  -29 
-1  -10 
-11  27 
7  -11 
17  -17 
1  -12 
4  12 
-7  28 
11  13 
25  -6 
33  -2 
11  -8 
52  13 
26  14 
22  9 
-12  11 
37  5 
36  19 
11  14 
-26  8 
33  27 
-2  3 
1  -4 
10  24 
5  -5 
13  0 
-5  -6 
-13  4 
-7  5 
34  -5 
17  29 
-28  -6 
-5  18 
15  10 
21  3 
13  -16 
39  -4 
4  1 
43  -6 
11  24 
17  3 
4  25 
-2  41 
16  -17 
-4  -5 
6  13 
11  2 
23  0 
16  -29 
0  -11 
-11  28 
8  -11 
18  -17 
-2  -13 
4  11 
-6  24 
8  13 
26  -6 
33  -2 
12  -7 
58  17 
25  15 
20  13 
-13  11 
37  5 
38  11 
13  12 
-25  6 
29  27 
0  2 
4  -1 
2  29 
2  -2 
14  2 
-5  -6 
-17  3 
-7  4 
34  0 
19  30 
-28  -8 
-5  20 
9  9 
24  1 
11  -12 
39  -4 
4  5 
44  -6 
6  24 
17  3 
3  25 
-5  37 
16  -17 
-8  -7 
5  14 
9  0 
20  3 
18  -24 
1  -10 
-12  26 
15  -14 
18  -17 
0  -15 
5  9 
1  28 
9  11 
23  -9 
37  -8 
12  -9 
57  18 
23  19 
22  9 
-9  19 
38  7 
40  9 
15  16 
-26  8 
30  23 
1  3 
4  -1 
4  29 
3  0 
17  5 
-7  -8 
-18  1 
-4  7 
28  -4 
19  30 
-28  0 
-2  20 
8  9 
23  3 
9  -12 
39  -4 
6  4 
45  -5 
7  24 
17  5 
3  25 
-9  39 
14  -16 
-8  -7 
4  19 
10  0 
18  1 
15  -26 
1  -10 
-12  26 
11  -11 
16  -17 
0  -15 
5  9 
7  20 
8  13 
22  -11 
38  -9 
11  -8 
53  20 
26  19 
24  9 
-10  19 
34  10 
43  10 
14  13 
-24  11 
30  23 
1  3 
3  0 
7  19 
4  1 
20  7 
-7  -8 
-19  -1 
-7  7 
26  -1 
19  30 
-27  -2 
-5  21 
9  9 
28  2 
4  -19 
35  -2 
9  7 
47  -5 
8  26 
17  5 
3  20 
-8  40 
14  -16 
-9  -6 
4  17 
9  0 
17  3 
15  -24 
2  -10 
-9  24 
11  -12 
16  -17 
0  -13 
2  9 
6  25 
8  12 
21  -10 
45  -6 
14  -5 
53  20 
26  14 
24  9 
-10  19 
34  14 
43  11 
12  13 
-23  12 
30  23 
0  2 
-1  -2 
5  15 
7  4 
20  8 
-7  -8 
-17  1 
-5  6 
27  -1 
18  31 
-27  0 
-3  20 
6  4 
23  5 
7  -19 
41  2 
11  9 
43  0 
8  26 
17  4 
5  15 
-9  36 
13  -16 
-2  -6 
0  14 
9  0 
14  2 
16  -29 
0  -7 
-5  27 
8  -16 
14  -17 
1  -12 
4  11 
2  29 
8  12 
21  -10 
44  -6 
17  -8 
52  20 
28  11 
24  9 
-7  18 
33  17 
41  14 
9  16 
-24  9 
31  24 
-2  3 
0  -1 
6  14 
7  4 
19  5 
-7  -8 
-16  1 
-6  7 
30  -1 
22  29 
-27  0 
-2  21 
8  3 
22  5 
6  -21 
41  3 
16  7 
43  0 
7  29 
20  8 
4  19 
-11  34 
11  -11 
-5  -6 
0  14 
10  -4 
16  3 
12  -27 
-6  -4 
-7  32 
9  -11 
13  -16 
0  -11 
1  10 
4  29 
8  12 
20  -8 
45  -4 
16  -1 
52  20 
29  11 
23  5 
-10  23 
35  16 
34  15 
11  17 
-26  13 
28  26 
-3  5 
-1  -2 
6  14 
7  4 
19  9 
-9  -8 
-17  3 
-9  7 
30  -1 
22  29 
-28  0 
-4  17 
7  4 
22  5 
7  -20 
41  3 
13  4 
44  -3 
9  31 
19  7 
4  21 
-13  35 
15  -14 
-4  -4 
-1  16 
13  0 
17  3 
8  -28 
-13  -1 
-6  30 
8  -14 
14  -16 
-1  -10 
2  10 
4  24 
7  12 
23  -9 
41  -1 
15  1 
56  9 
28  11 
23  5 
-7  28 
34  16 
35  14 
12  13 
-24  11 
29  29 
-2  3 
-1  -2 
5  16 
8  -1 
19  8 
-6  -5 
-18  1 
-9  7 
30  4 
22  29 
-28  0 
-6  19 
8  7 
24  5 
6  -21 
40  2 
13  5 
44  -1 
9  29 
19  10 
5  15 
-16  34 
10  -15 
-4  -1 
-1  16 
11  -4 
16  5 
8  -27 
-13  -2 
-6  30 
7  -16 
14  -18 
0  -15 
3  14 
4  24 
9  11 
22  -10 
40  -6 
13  -2 
54  8 
27  12 
30  6 
-4  29 
36  16 
33  12 
12  13 
-28  14 
29  27 
-1  1 
-7  -3 
7  15 
9  0 
19  6 
-6  -5 
-15  -4 
-9  9 
35  6 
23  31 
-31  -5 
-9  13 
10  3 
22  6 
4  -22 
41  2 
13  4 
43  0 
8  29 
19  7 
7  15 
-15  34 
10  -14 
-7  0 
-1  16 
11  -8 
13  7 
8  -27 
-19  3 
-6  30 
6  -16 
14  -16 
0  -15 
1  16 
2  25 
7  12 
21  -10 
40  -6 
9  -4 
49  6 
29  11 
30  4 
-4  27 
35  16 
34  11 
15  9 
-25  14 
33  28 
-2  1 
-8  0 
7  19 
10  -1 
19  10 
-6  -6 
-15  -5 
-9  9 
29  9 
27  31 
-33  -8 
-8  13 
11  4 
25  9 
0  -21 
40  2 
14  3 
44  -1 
9  27 
21  3 
4  14 
-17  31 
7  -11 
-9  -4 
6  14 
11  -7 
14  9 
8  -29 
-19  2 
-6  30 
7  -18 
13  -15 
0  -15 
1  16 
3  28 
8  13 
20  -11 
40  -6 
13  -1 
50  5 
29  11 
30  3 
-10  27 
35  16 
38  11 
15  6 
-25  8 
29  30 
-3  3 
-10  -3 
7  19 
10  -1 
14  4 
-3  -5 
-16  -3 
-9  9 
29  6 
25  36 
-32  -8 
-8  11 
6  4 
25  12 
3  -22 
41  2 
10  -1 
43  0 
8  26 
21  3 
6  19 
-17  31 
8  -13 
-5  -4 
7  15 
10  1 
10  10 
7  -28 
-17  2 
-3  25 
8  -17 
14  -16 
0  -15 
1  16 
5  29 
8  13 
20  -11 
43  -7 
14  0 
53  7 
29  11 
32  7 
-11  29 
34  12 
38  11 
12  8 
-25  6 
32  33 
0  2 
-11  0 
3  14 
17  -8 
13  5 
-8  0 
-16  -4 
-4  7 
31  4 
26  33 
-33  -9 
-6  15 
10  3 
24  12 
4  -23 
43  2 
12  0 
43  5 
8  24 
21  3 
9  19 
-17  31 
8  -11 
-4  -4 
7  15 
9  0 
8  6 
8  -28 
-17  3 
-2  23 
4  -19 
15  -22 
0  -15 
3  19 
4  29 
8  13 
21  -10 
43  -8 
15  1 
54  4 
29  11 
29  8 
-11  29 
35  14 
37  12 
15  6 
-25  13 
32  33 
2  1 
-12  -4 
6  14 
20  -6 
13  5 
-3  -2 
-15  -4 
-4  14 
29  6 
25  36 
-31  -9 
-5  19 
7  4 
23  11 
1  -25 
38  1 
10  -1 
48  6 
4  25 
16  3 
13  20 
-16  31 
7  -11 
-8  -7 
7  15 
5  1 
10  3 
8  -28 
-19  3 
-3  25 
4  -19 
15  -25 
0  -15 
3  20 
4  29 
9  15 
21  -12 
45  -8 
12  0 
54  4 
26  14 
29  7 
-9  27 
35  14 
38  11 
13  7 
-21  16 
34  36 
2  5 
-5  -4 
4  14 
22  -7 
13  4 
-9  -3 
-17  -1 
-6  13 
28  3 
26  34 
-36  -9 
-7  16 
8  4 
23  11 
1  -24 
38  1 
9  0 
48  5 
4  25 
15  6 
12  20 
-11  31 
13  -16 
-10  -7 
7  15 
7  -1 
9  7 
8  -27 
-20  2 
-3  25 
3  -17 
15  -25 
0  -15 
5  15 
1  30 
9  15 
18  -14 
42  -11 
10  -1 
54  2 
25  12 
29  9 
-9  28 
34  15 
37  12 
15  4 
-22  16 
36  35 
2  5 
-6  -10 
5  14 
23  -6 
16  3 
-12  -8 
-17  0 
-6  10 
28  2 
25  35 
-40  -6 
-5  14 
7  4 
26  13 
1  -24 
38  1 
7  -1 
46  2 
0  22 
10  3 
13  20 
-11  31 
13  -16 
-10  -4 
7  15 
5  -4 
6  5 
12  -24 
-16  -1 
-3  24 
3  -17 
13  -28 
0  -13 
5  14 
0  29 
6  15 
18  -14 
39  -10 
10  -3 
54  4 
15  13 
29  9 
-12  26 
32  13 
36  11 
17  3 
-21  16 
36  36 
2  5 
-6  -4 
11  18 
23  -6 
18  3 
-16  -6 
-14  -1 
-6  10 
28  4 
31  36 
-43  -8 
-7  12 
8  6 
31  17 
2  -27 
38  1 
7  -1 
46  5 
0  25 
8  7 
15  13 
-15  32 
13  -16 
-16  -3 
7  15 
5  -5 
9  9 
10  -27 
-16  1 
-3  23 
1  -17 
10  -28 
1  -9 
6  14 
-3  25 
4  19 
20  -11 
39  -10 
12  -8 
54  4 
16  11 
27  11 
-10  26 
35  14 
35  9 
16  3 
-27  20 
35  36 
3  5 
-6  -5 
12  20 
24  -6 
19  2 
-15  -4 
-15  -3 
-5  11 
30  3 
31  37 
-39  -9 
-2  11 
8  4 
35  13 
-6  -26 
38  1 
10  -1 
44  4 
0  25 
7  6 
15  9 
-17  31 
13  -16 
-16  -1 
7  15 
6  -6 
9  9 
8  -28 
-16  1 
1  28 
1  -17 
14  -25 
1  -10 
5  15 
-2  23 
1  16 
20  -11 
39  -12 
12  -7 
51  9 
15  12 
29  11 
-13  29 
34  10 
36  11 
15  6 
-27  17 
35  34 
3  5 
-4  -3 
13  20 
23  -6 
20  2 
-15  -4 
-17  0 
-8  14 
27  4 
26  39 
-38  -11 
-2  13 
7  6 
35  14 
-5  -27 
35  1 
8  -1 
43  5 
-1  25 
9  9 
12  13 
-16  31 
14  -13 
-16  -1 
7  15 
4  -6 
8  6 
8  -28 
-19  2 
-1  29 
2  -17 
15  -25 
4  -11 
3  14 
-2  23 
1  16 
20  -11 
39  -10 
14  -6 
55  7 
14  15 
29  11 
-12  29 
36  9 
36  11 
15  6 
-23  15 
34  33 
2  7 
-8  -4 
15  16 
22  -5 
23  3 
-15  -4 
-16  -3 
-4  11 
23  5 
32  40 
-39  -9 
-2  11 
7  9 
35  16 
-6  -32 
38  1 
10  1 
48  5 
0  25 
8  2 
10  4 
-17  31 
14  -10 
-17  0 
11  16 
6  -7 
10  3 
8  -28 
-18  6 
0  29 
0  -18 
14  -21 
4  -13 
5  15 
-5  25 
0  14 
15  -11 
39  -11 
15  -6 
51  9 
11  14 
28  11 
-11  27 
34  15 
32  8 
14  4 
-25  20 
32  33 
2  5 
-12  -7 
16  18 
24  -6 
18  3 
-16  -4 
-20  -9 
-6  10 
24  5 
33  40 
-38  -10 
-2  11 
9  9 
39  16 
-9  -31 
38  1 
7  -1 
51  4 
0  25 
7  8 
10  3 
-16  31 
16  -11 
-20  -6 
14  14 
5  -5 
11  2 
6  -26 
-20  9 
-1  30 
-4  -17 
17  -28 
-2  -13 
3  14 
-5  26 
0  13 
15  -4 
39  -14 
13  -6 
52  11 
13  12 
28  13 
-13  29 
32  13 
33  8 
14  3 
-30  19 
31  34 
8  6 
-11  -9 
12  20 
25  -8 
20  8 
-8  -4 
-16  -11 
-4  9 
23  5 
29  35 
-36  -11 
-2  11 
7  8 
39  16 
-10  -34 
38  1 
3  1 
52  8 
0  25 
9  9 
11  9 
-17  31 
14  -10 
-19  -4 
14  16 
5  -4 
13  0 
7  -25 
-21  9 
-1  25 
-2  -17 
19  -22 
-3  -17 
4  14 
-6  24 
3  14 
15  -6 
38  -14 
15  -5 
51  14 
14  13 
28  13 
-11  27 
31  12 
31  8 
13  4 
-30  19 
32  33 
8  4 
-14  -6 
16  16 
24  -8 
19  10 
-7  -4 
-12  -8 
-5  7 
22  5 
27  31 
-32  -12 
-2  11 
10  3 
39  16 
-9  -36 
37  3 
6  -1 
53  8 
0  25 
9  7 
11  7 
-19  30 
14  -10 
-19  -4 
15  12 
3  -3 
15  -5 
7  -25 
-19  8 
0  29 
0  -18 
15  -26 
-5  -16 
6  14 
-7  25 
3  12 
13  -1 
36  -17 
16  -1 
57  15 
20  14 
30  16 
-11  29 
32  12 
37  6 
13  4 
-29  16 
32  33 
6  4 
-16  -3 
13  17 
24  -9 
18  6 
-6  -4 
-17  -6 
-5  7 
23  5 
28  32 
-31  -11 
-2  11 
10  3 
37  15 
-12  -34 
37  3 
7  0 
56  7 
0  22 
9  7 
15  6 
-18  30 
14  -10 
-20  -6 
16  11 
4  -1 
16  -3 
5  -25 
-20  9 
-3  25 
1  -17 
14  -25 
-7  -16 
5  16 
-4  23 
2  9 
9  0 
38  -17 
19  -2 
49  16 
23  14 
32  13 
-13  29 
35  14 
36  5 
10  -1 
-28  16 
33  32 
9  2 
-13  -5 
14  16 
24  -8 
20  5 
-11  -5 
-17  -9 
-10  13 
22  5 
27  32 
-30  -16 
-2  11 
10  3 
35  13 
-13  -31 
37  4 
3  5 
54  8 
1  21 
17  5 
15  7 
-18  29 
15  -4 
-20  -6 
16  11 
4  -1 
18  1 
5  -24 
-21  10 
0  29 
1  -17 
16  -23 
-7  -15 
13  18 
-6  24 
2  10 
10  -1 
35  -16 
20  -1 
52  20 
25  15 
33  12 
-11  27 
36  14 
39  8 
7  -1 
-30  17 
32  33 
6  -1 
-16  -6 
13  19 
23  -9 
20  5 
-8  -5 
-16  -8 
-7  12 
23  5 
28  33 
-30  -14 
-2  11 
8  7 
35  16 
-14  -35 
36  3 
4  4 
55  4 
1  23 
17  5 
14  10 
-21  30 
14  -6 
-19  -4 
15  11 
4  -2 
18  1 
0  -21 
-29  8 
1  28 
-2  -17 
13  -20 
-7  -15 
9  15 
-7  24 
4  9 
10  -1 
37  -17 
23  -5 
52  20 
25  15 
32  13 
-13  24 
36  13 
37  4 
6  -1 
-21  16 
31  34 
4  -1 
-16  -6 
16  19 
21  -10 
20  5 
-13  -5 
-14  -6 
-9  14 
23  5 
28  32 
-26  -12 
-4  14 
8  4 
36  16 
-13  -36 
34  3 
2  5 
56  5 
-3  23 
17  5 
14  10 
-18  28 
9  0 
-20  -6 
13  12 
4  -1 
21  3 
3  -23 
-29  9 
1  28 
-3  -18 
18  -20 
-7  -16 
13  20 
-5  26 
2  9 
10  -1 
36  -17 
21  -4 
52  19 
26  13 
32  12 
-15  21 
36  11 
36  4 
7  -1 
-21  18 
31  33 
3  0 
-16  -6 
13  18 
23  -9 
20  5 
-11  -5 
-15  -4 
-11  11 
23  5 
28  32 
-29  -12 
-6  15 
9  9 
34  20 
-19  -37 
33  4 
2  5 
57  3 
-2  21 
19  5 
11  7 
-13  24 
8  0 
-20  -7 
12  13 
3  -1 
18  3 
2  -19 
-26  7 
1  30 
-3  -15 
16  -20 
-7  -15 
13  20 
-5  26 
-1  10 
11  2 
40  -11 
23  -6 
54  23 
24  14 
33  12 
-13  23 
35  10 
36  3 
7  -2 
-21  18 
35  34 
5  -5 
-13  -5 
13  18 
25  -8 
20  5 
-11  -5 
-14  -6 
-12  11 
24  5 
26  34 
-27  -13 
-6  10 
7  9 
39  16 
-19  -37 
34  3 
2  5 
58  6 
-1  23 
20  11 
9  7 
-13  26 
9  0 
-20  -6 
13  12 
3  -3 
22  1 
0  -18 
-25  4 
1  31 
-1  -13 
17  -20 
-7  -15 
11  16 
-2  23 
-5  9 
10  -1 
39  -12 
23  -9 
53  24 
23  14 
30  13 
-14  24 
35  14 
35  6 
9  -5 
-21  18 
35  27 
4  -6 
-15  -4 
12  20 
21  -11 
21  8 
-10  -3 
-15  -5 
-12  13 
24  4 
25  36 
-27  -11 
-6  10 
8  9 
38  16 
-17  -40 
31  2 
2  5 
57  3 
-2  21 
24  19 
7  8 
-9  29 
8  2 
-20  -6 
16  17 
2  -3 
23  3 
1  -19 
-26  4 
1  30 
-1  -15 
15  -21 
-7  -16 
13  20 
-2  23 
-10  10 
9  0 
39  -10 
22  -11 
57  24 
24  17 
33  12 
-13  24 
36  20 
35  6 
6  -1 
-21  18 
38  27 
5  -5 
-13  -1 
8  16 
23  -9 
19  9 
-10  -3 
-13  -2 
-12  12 
24  7 
24  37 
-31  -11 
-2  11 
7  8 
38  16 
-14  -39 
31  4 
3  5 
58  3 
-1  21 
27  15 
10  6 
-5  31 
6  4 
-20  -6 
10  16 
1  -4 
24  1 
0  -17 
-27  5 
2  30 
-1  -15 
15  -21 
-9  -11 
13  18 
1  23 
-11  7 
9  0 
37  -11 
23  -11 
58  26 
25  15 
32  12 
-14  26 
34  15 
34  10 
2  -3 
-21  18 
41  30 
3  -1 
-13  -1 
13  20 
24  -6 
21  8 
-8  0 
-14  -1 
-12  13 
28  6 
24  39 
-24  -13 
-2  11 
10  10 
38  16 
-13  -40 
31  4 
4  2 
58  1 
-3  23 
27  15 
11  7 
-4  31 
7  4 
-13  -2 
11  16 
1  -4 
21  3 
0  -18 
-24  3 
0  31 
-3  -14 
10  -21 
-9  -11 
12  20 
3  23 
-12  7 
9  -1 
40  -11 
22  -10 
61  28 
27  19 
29  15 
-9  28 
35  12 
39  10 
3  0 
-21  18 
41  30 
3  -4 
-14  -1 
15  19 
23  -9 
23  5 
-7  0 
-16  -6 
-11  11 
30  6 
21  36 
-26  -16 
-2  11 
10  10 
38  16 
-16  -39 
30  3 
7  -2 
58  1 
0  29 
27  15 
13  7 
-7  32 
4  5 
-16  -6 
14  19 
0  -6 
20  3 
-3  -15 
-22  3 
2  29 
0  -12 
10  -21 
-9  -11 
10  20 
3  23 
-11  6 
12  0 
35  -11 
24  -11 
63  25 
29  20 
29  16 
-9  28 
37  16 
39  7 
4  -4 
-21  18 
37  32 
3  0 
-13  -1 
16  19 
23  -9 
20  5 
-8  -4 
-17  -8 
-12  11 
30  3 
20  35 
-27  -16 
-1  10 
9  7 
38  16 
-16  -39 
28  7 
7  0 
54  -2 
-2  31 
24  16 
11  9 
-8  33 
8  6 
-15  -4 
11  14 
0  -6 
18  3 
-4  -17 
-23  3 
2  29 
-3  -14 
9  -20 
-11  -12 
9  25 
0  23 
-12  9 
13  0 
36  -13 
20  -11 
67  26 
32  20 
27  19 
-13  28 
33  12 
37  5 
3  0 
-19  16 
40  25 
4  -3 
-14  -1 
17  15 
23  -9 
19  5 
-6  -5 
-17  -6 
-12  13 
30  3 
23  34 
-27  -16 
0  9 
11  4 
38  15 
-17  -37 
29  6 
6  -1 
54  -4 
-2  31 
24  16 
13  8 
-7  32 
10  5 
-16  -9 
8  11 
0  -6 
21  3 
-4  -17 
-23  3 
4  29 
0  -13 
7  -21 
-11  -13 
7  24 
0  22 
-11  9 
12  0 
35  -14 
21  -12 
69  25 
33  17 
24  19 
-12  26 
30  16 
38  9 
4  -3 
-19  16 
43  25 
4  1 
-13  -2 
14  15 
21  -10 
20  5 
-5  -6 
-15  -4 
-12  13 
31  4 
23  40 
-26  -18 
-6  10 
10  3 
39  16 
-18  -39 
30  4 
6  -1 
55  -9 
-1  30 
24  14 
9  7 
-7  32 
10  6 
-17  -8 
6  14 
-2  -6 
18  3 
-3  -17 
-23  2 
4  29 
-1  -12 
7  -21 
-11  -11 
6  25 
3  23 
-12  9 
12  0 
34  -13 
19  -11 
65  29 
29  15 
24  19 
-16  21 
30  19 
35  6 
5  -5 
-19  16 
43  25 
1  3 
-21  -2 
15  14 
22  -11 
20  5 
-5  -5 
-13  -5 
-12  13 
30  3 
24  39 
-23  -16 
-5  12 
11  4 
39  16 
-16  -39 
30  4 
7  -2 
58  -6 
0  27 
23  19 
6  5 
-7  32 
8  6 
-19  -9 
8  12 
-8  -6 
18  3 
-7  -16 
-22  1 
3  25 
-3  -17 
6  -21 
-11  -13 
7  28 
3  23 
-11  11 
13  0 
34  -11 
24  -11 
71  29 
32  20 
20  14 
-19  23 
31  22 
36  9 
3  -9 
-19  16 
42  25 
0  2 
-21  -2 
16  11 
24  -6 
16  3 
-6  -6 
-13  -5 
-12  12 
29  7 
24  41 
-26  -16 
-5  14 
11  4 
34  15 
-15  -45 
27  2 
10  -1 
60  -7 
0  29 
20  22 
7  4 
-7  32 
6  6 
-19  -10 
6  14 
-8  -6 
17  3 
-6  -18 
-21  1 
3  25 
-1  -11 
7  -21 
-12  -14 
7  29 
3  23 
-12  13 
11  -3 
33  -13 
24  -11 
71  27 
31  13 
23  12 
-20  23 
30  16 
39  10 
2  -11 
-19  15 
42  25 
4  -1 
-21  -2 
15  12 
23  -6 
19  8 
-1  -4 
-13  -5 
-12  13 
27  6 
24  41 
-27  -15 
-6  10 
11  4 
36  14 
-15  -44 
29  7 
10  -1 
58  -6 
-9  27 
21  23 
7  4 
-11  35 
10  1 
-19  -10 
5  15 
-8  -5 
17  4 
-9  -12 
-22  1 
4  25 
-5  -13 
6  -21 
-15  -19 
10  23 
4  17 
-13  12 
12  -8 
35  -14 
24  -11 
71  29 
37  15 
29  11 
-16  22 
31  16 
39  10 
3  -11 
-17  14 
43  25 
4  -1 
-21  -2 
13  20 
24  -6 
20  7 
-1  -4 
-13  -5 
-12  13 
30  6 
22  39 
-26  -10 
-8  13 
11  4 
34  15 
-20  -49 
29  7 
10  -1 
58  -9 
-9  29 
16  23 
9  9 
-7  32 
5  -5 
-18  -10 
4  17 
-8  -3 
17  5 
-12  -14 
-27  0 
3  27 
-7  -13 
7  -16 
-10  -15 
10  23 
7  19 
-12  12 
11  -8 
35  -14 
27  -8 
75  31 
37  12 
29  11 
-17  23 
28  19 
40  8 
2  -11 
-16  14 
42  25 
4  1 
-21  -2 
12  20 
31  -4 
18  7 
-1  -4 
-13  -5 
-9  16 
28  4 
24  37 
-27  -13 
-8  13 
10  3 
35  15 
-17  -49 
29  9 
10  0 
62  -11 
-7  32 
17  25 
9  7 
-10  33 
4  -1 
-21  -10 
5  16 
-6  -5 
13  4 
-12  -14 
-29  -3 
4  29 
-3  -5 
8  -18 
-10  -15 
11  24 
6  22 
-12  13 
15  -6 
36  -13 
28  -8 
75  32 
34  14 
29  11 
-13  24 
27  20 
38  11 
-1  -11 
-17  17 
38  27 
4  1 
-21  -2 
13  20 
35  -4 
18  3 
-1  -4 
-13  -5 
-9  21 
24  5 
28  36 
-26  -12 
-10  12 
9  6 
35  16 
-17  -46 
29  8 
9  0 
64  -11 
-7  32 
18  26 
9  7 
-8  33 
4  -4 
-24  -10 
5  16 
-3  -8 
16  3 
-14  -19 
-31  -4 
4  28 
-5  -5 
7  -14 
-15  -11 
8  25 
3  25 
-12  11 
14  -5 
41  -12 
24  -6 
76  31 
35  14 
29  11 
-15  26 
23  20 
39  5 
-1  -13 
-16  19 
40  29 
1  2 
-21  -2 
14  16 
37  -5 
20  2 
-4  -4 
-14  -5 
-7  17 
23  3 
30  40 
-29  -11 
-11  11 
7  9 
34  15 
-17  -46 
29  9 
9  0 
60  -7 
-8  33 
15  27 
6  6 
-5  32 
5  -4 
-22  -9 
6  14 
-4  -9 
18  1 
-13  -21 
-29  -3 
8  24 
-5  -6 
6  -16 
-16  -11 
10  23 
3  25 
-12  13 
17  -5 
40  -9 
25  -6 
78  34 
38  7 
28  12 
-16  22 
23  20 
37  5 
0  -6 
-16  19 
39  30 
4  1 
-16  -3 
19  19 
39  -4 
20  2 
-3  0 
-15  -5 
-5  15 
18  1 
25  36 
-29  -11 
-16  12 
7  8 
35  16 
-16  -46 
29  9 
9  0 
53  -8 
-9  32 
13  25 
7  4 
-4  37 
6  -6 
-22  -9 
1  15 
-5  -14 
16  3 
-13  -21 
-28  -8 
7  26 
-5  -6 
7  -18 
-16  -11 
11  23 
4  25 
-8  13 
19  -4 
42  -11 
25  -8 
77  32 
39  10 
28  12 
-16  23 
24  19 
38  6 
1  -10 
-19  16 
40  29 
4  1 
-15  -5 
23  20 
40  -6 
17  3 
-6  -5 
-13  -5 
-8  19 
20  2 
20  37 
-26  -16 
-17  12 
15  8 
35  14 
-16  -46 
29  8 
13  0 
50  -4 
-9  32 
14  23 
8  6 
-5  41 
8  -8 
-22  -9 
6  14 
-3  -15 
14  2 
-13  -21 
-27  -8 
7  24 
-4  -9 
6  -16 
-16  -11 
10  23 
2  25 
-8  13 
18  -4 
41  -10 
25  -11 
74  31 
41  8 
28  13 
-19  23 
23  15 
40  5 
2  -11 
-19  16 
40  28 
3  2 
-16  -1 
23  20 
45  -8 
16  3 
-4  -7 
-13  -5 
-10  17 
16  3 
24  41 
-27  -15 
-17  11 
19  10 
35  21 
-14  -47 
29  9 
10  -4 
48  -9 
-5  36 
18  23 
7  8 
-4  39 
7  -8 
-28  -12 
8  12 
-3  -17 
14  4 
-12  -17 
-27  -8 
11  29 
-5  -8 
8  -14 
-18  -11 
8  29 
3  25 
-11  16 
16  -4 
44  -3 
22  -15 
74  30 
40  9 
28  13 
-19  23 
24  14 
40  5 
2  -10 
-19  16 
41  28 
3  3 
-16  -1 
23  14 
40  -6 
14  2 
-6  -4 
-15  -5 
-10  20 
16  3 
20  39 
-27  -16 
-14  14 
18  6 
32  20 
-13  -49 
33  5 
11  -6 
49  -9 
-6  33 
17  23 
8  12 
-3  40 
7  -8 
-24  -15 
8  13 
-3  -16 
14  2 
-13  -16 
-28  -7 
10  27 
-5  -6 
8  -14 
-16  -11 
9  29 
-1  28 
-10  16 
14  -5 
44  -3 
22  -15 
74  30 
39  10 
30  19 
-12  24 
23  14 
37  5 
1  -12 
-21  18 
40  29 
7  -1 
-16  1 
24  14 
40  -6 
14  4 
-4  -9 
-16  -4 
-11  20 
20  2 
23  37 
-26  -16 
-13  15 
19  10 
31  17 
-12  -47 
33  5 
14  -10 
49  -9 
-6  33 
17  25 
3  11 
-3  40 
11  -7 
-20  -13 
11  14 
1  -17 
18  3 
-13  -16 
-27  -8 
11  29 
-5  -4 
11  -13 
-18  -11 
9  29 
0  29 
-3  18 
17  -4 
44  -6 
21  -16 
76  31 
41  11 
30  19 
-10  23 
25  16 
35  6 
-1  -15 
-21  18 
40  34 
8  4 
-17  0 
26  13 
40  -7 
19  7 
-5  -5 
-16  -3 
-10  20 
15  3 
22  41 
-25  -20 
-13  15 
19  7 
27  19 
-12  -48 
33  5 
16  -9 
44  -9 
-6  33 
18  26 
3  11 
-2  42 
12  0 
-20  -11 
11  17 
-5  -16 
17  5 
-13  -16 
-29  -6 
13  28 
-6  -4 
8  -14 
-18  -11 
9  27 
-2  27 
-7  18 
15  -4 
44  -6 
21  -17 
80  33 
40  11 
32  19 
-10  25 
26  16 
36  9 
0  -15 
-21  18 
40  34 
6  5 
-17  -2 
25  15 
43  -6 
19  5 
-6  -5 
-16  -4 
-16  18 
14  3 
23  40 
-27  -22 
-13  15 
20  9 
30  19 
-14  -48 
34  4 
13  -3 
46  -1 
-2  31 
13  34 
2  9 
-2  41 
13  0 
-21  -13 
11  16 
-3  -15 
11  9 
-12  -11 
-33  -9 
17  26 
-5  -4 
10  -16 
-16  -11 
10  25 
-1  29 
-3  20 
19  -4 
44  -6 
21  -17 
78  36 
41  10 
32  19 
-9  24 
25  15 
35  11 
-1  -15 
-21  18 
40  32 
4  -1 
-19  -4 
23  14 
43  -4 
19  10 
-7  -8 
-12  -7 
-15  16 
17  5 
24  41 
-25  -24 
-13  15 
19  10 
29  20 
-19  -50 
33  5 
14  4 
46  -1 
-2  31 
14  35 
4  9 
-4  43 
11  -4 
-19  -12 
10  19 
-2  -13 
11  9 
-9  -12 
-32  -8 
19  26 
-5  -5 
10  -17 
-17  -15 
7  29 
-1  25 
-2  21 
19  -4 
46  -6 
21  -17 
75  34 
42  10 
27  19 
-9  24 
25  15 
36  17 
0  -15 
-21  18 
34  30 
3  0 
-19  -4 
28  13 
44  -1 
20  7 
-6  -6 
-11  -9 
-16  14 
17  3 
23  43 
-30  -23 
-13  15 
19  8 
29  20 
-19  -50 
35  6 
16  7 
47  -1 
-3  32 
15  34 
4  9 
-4  43 
17  -5 
-22  -13 
10  21 
0  -11 
8  13 
-5  -16 
-30  -4 
17  25 
-4  -6 
10  -17 
-17  -15 
8  26 
-1  25 
-3  20 
12  0 
48  -8 
24  -19 
75  38 
41  7 
24  17 
-11  29 
25  15 
32  18 
0  -15 
-21  18 
34  30 
4  -1 
-17  -2 
25  14 
44  -2 
20  8 
-8  -7 
-11  -9 
-17  18 
19  3 
23  45 
-30  -21 
-13  15 
19  7 
31  20 
-19  -50 
33  5 
13  8 
47  0 
0  34 
14  36 
2  9 
-3  45 
16  -3 
-19  -12 
13  19 
-1  -10 
9  15 
-4  -15 
-30  -3 
17  23 
-6  -5 
10  -17 
-18  -15 
10  24 
-4  29 
-2  21 
10  1 
48  -7 
24  -19 
76  31 
50  6 
24  19 
-11  29 
23  14 
32  20 
0  -15 
-16  17 
34  30 
4  -2 
-21  -2 
26  14 
47  -1 
18  6 
-9  -8 
-11  -9 
-19  16 
22  1 
23  45 
-30  -19 
-6  14 
19  9 
31  16 
-20  -52 
38  3 
9  7 
50  -1 
3  31 
16  36 
11  7 
-4  43 
18  -3 
-16  -11 
15  12 
0  -11 
18  20 
-7  -13 
-24  -1 
19  21 
-8  -8 
10  -17 
-18  -15 
8  26 
-1  28 
-2  21 
9  0 
48  -8 
24  -21 
74  33 
48  5 
24  17 
-4  29 
21  11 
31  14 
0  -15 
-14  13 
30  26 
6  -1 
-21  -2 
24  11 
48  2 
20  7 
-6  -5 
-18  -9 
-20  18 
20  4 
27  44 
-30  -21 
-2  11 
20  14 
34  13 
-19  -52 
37  5 
8  9 
47  -5 
6  30 
18  36 
8  6 
-3  44 
17  -5 
-18  -12 
14  15 
-2  -13 
12  20 
-9  -11 
-25  -1 
21  23 
-8  -6 
10  -14 
-16  -16 
9  28 
2  29 
-2  22 
9  0 
48  -8 
20  -18 
76  37 
48  4 
25  16 
-6  30 
24  9 
32  13 
0  -15 
-15  15 
31  24 
4  1 
-21  -2 
23  11 
49  7 
19  10 
-4  -6 
-15  -8 
-20  19 
20  2 
26  44 
-27  -21 
-2  11 
23  14 
32  20 
-19  -52 
39  10 
9  7 
47  -5 
3  31 
19  36 
9  6 
-4  43 
15  -8 
-16  -11 
16  11 
2  -11 
13  20 
-9  -11 
-30  -1 
23  22 
-6  -5 
11  -16 
-17  -13 
14  28 
7  29 
-2  23 
9  0 
48  -8 
21  -16 
74  36 
47  -1 
23  20 
-6  30 
21  10 
30  13 
0  -15 
-8  19 
30  23 
4  -3 
-18  -1 
20  11 
48  6 
18  14 
-4  -1 
-14  -7 
-20  19 
21  3 
23  45 
-30  -23 
-2  11 
24  14 
32  20 
-23  -55 
39  10 
9  6 
47  -5 
4  31 
19  36 
8  7 
-6  44 
14  -6 
-18  -11 
16  11 
2  -10 
12  13 
-9  -13 
-27  -2 
20  22 
-8  -8 
8  -16 
-18  -15 
10  30 
9  29 
-2  23 
10  -1 
49  -9 
18  -19 
74  35 
46  -1 
26  14 
-6  30 
20  13 
36  14 
0  -15 
-10  16 
30  23 
4  -8 
-16  -3 
23  11 
47  4 
21  17 
-5  1 
-16  -7 
-14  19 
21  2 
21  43 
-30  -23 
-2  11 
24  14 
36  17 
-21  -50 
34  3 
3  0 
47  -5 
4  32 
19  36 
6  5 
-6  44 
16  -9 
-19  -12 
16  16 
6  -8 
12  20 
-9  -13 
-29  -4 
23  23 
-7  -8 
2  -17 
-17  -15 
9  31 
8  26 
-3  23 
9  0 
48  -8 
20  -17 
78  34 
47  -1 
25  16 
-7  24 
21  12 
34  15 
0  -15 
-10  19 
31  24 
6  -6 
-17  -2 
27  12 
49  7 
21  16 
-5  -1 
-15  -8 
-18  21 
20  2 
23  45 
-30  -24 
-2  11 
23  14 
37  20 
-20  -51 
38  3 
4  -1 
47  -5 
3  31 
19  36 
10  6 
-4  43 
14  -10 
-22  -13 
15  14 
6  -6 
12  20 
-11  -11 
-31  0 
24  21 
-8  -7 
3  -18 
-18  -15 
9  31 
10  23 
-3  23 
11  2 
48  -7 
21  -17 
74  40 
50  0 
25  15 
-6  24 
24  11 
37  12 
-1  -13 
-10  21 
30  24 
4  -6 
-19  -4 
27  12 
55  9 
18  14 
-7  -2 
-20  -6 
-18  25 
21  3 
24  45 
-32  -23 
-2  11 
23  14 
38  21 
-22  -54 
38  3 
4  -3 
45  -5 
0  33 
27  38 
6  5 
-3  43 
16  -11 
-23  -15 
14  14 
6  -6 
16  16 
-11  -13 
-34  -1 
23  19 
-6  -5 
1  -18 
-16  -11 
9  31 
10  23 
-3  26 
11  2 
43  -9 
20  -15 
67  31 
50  -3 
25  16 
-5  26 
22  10 
35  14 
1  -12 
-9  16 
31  24 
4  -6 
-19  -4 
27  12 
54  13 
16  11 
-3  -8 
-21  -4 
-18  25 
21  3 
28  44 
-30  -23 
-1  10 
23  11 
38  21 
-20  -55 
38  3 
3  0 
43  -8 
1  36 
29  33 
10  6 
-4  43 
14  -13 
-23  -15 
12  12 
8  -8 
19  16 
-5  -10 
-34  -1 
20  18 
-8  -6 
3  -17 
-16  -11 
8  31 
10  23 
-1  25 
11  2 
43  -6 
23  -18 
69  31 
52  0 
25  16 
-6  23 
24  11 
35  14 
0  -13 
-13  18 
29  27 
4  -6 
-21  -2 
28  13 
55  16 
16  11 
-6  -4 
-24  -4 
-17  25 
21  3 
24  41 
-25  -21 
1  8 
25  12 
38  21 
-22  -54 
37  3 
3  3 
40  -7 
1  36 
28  37 
7  4 
-2  43 
11  -11 
-27  -16 
12  17 
5  -4 
19  16 
-7  -12 
-33  2 
18  16 
-7  -8 
1  -18 
-19  -10 
8  32 
11  24 
0  29 
9  0 
44  2 
20  -18 
69  31 
51  2 
27  15 
-3  25 
23  11 
37  15 
-6  -16 
-10  19 
29  27 
3  0 
-21  -2 
28  13 
55  15 
14  15 
-5  -4 
-27  0 
-17  25 
17  3 
24  41 
-27  -23 
1  10 
26  14 
38  21 
-20  -55 
41  2 
4  2 
38  -9 
-1  36 
28  33 
3  0 
-3  45 
14  -12 
-27  -16 
10  15 
3  -6 
15  15 
-10  -10 
-29  4 
17  16 
-10  -7 
0  -18 
-20  -11 
9  31 
10  25 
-1  30 
9  0 
43  3 
21  -17 
68  32 
51  2 
27  15 
-4  23 
27  11 
34  15 
-5  -14 
-11  14 
30  27 
6  -1 
-21  -2 
28  11 
55  14 
16  16 
-10  -8 
-28  0 
-18  25 
16  3 
23  42 
-32  -27 
5  9 
20  19 
38  21 
-20  -52 
40  2 
6  -1 
34  -10 
-6  35 
28  32 
4  4 
-3  45 
9  -13 
-26  -14 
9  15 
5  -8 
10  16 
-10  -10 
-33  6 
16  11 
-8  -6 
0  -17 
-19  -10 
9  31 
11  24 
-1  27 
10  -1 
43  3 
21  -17 
67  32 
50  0 
25  16 
-6  23 
27  13 
30  13 
-1  -10 
-8  17 
28  26 
7  -1 
-21  -2 
26  13 
52  8 
15  16 
-7  -8 
-28  0 
-18  25 
17  3 
24  41 
-29  -26 
4  8 
20  19 
40  23 
-20  -51 
43  0 
8  2 
34  -10 
-5  36 
28  33 
4  4 
-3  44 
11  -11 
-25  -14 
13  17 
4  -6 
13  18 
-8  -7 
-30  3 
16  11 
-10  -7 
2  -21 
-19  -10 
9  31 
11  24 
-4  27 
9  0 
43  3 
21  -17 
68  32 
52  -8 
27  15 
-6  23 
26  14 
37  18 
4  -11 
-10  20 
29  28 
11  -4 
-21  -2 
26  19 
58  11 
12  20 
-7  -8 
-30  -1 
-17  25 
16  3 
20  39 
-25  -26 
1  8 
24  14 
43  20 
-18  -50 
45  -5 
4  4 
34  -7 
-2  36 
28  32 
2  5 
-6  44 
11  -11 
-33  -14 
12  20 
7  -8 
14  19 
-9  -6 
-29  7 
19  15 
-9  -7 
3  -29 
-21  -10 
5  36 
9  27 
-7  28 
8  -1 
44  -1 
17  -17 
63  32 
54  -5 
27  15 
-7  24 
26  14 
35  19 
4  -11 
-7  20 
33  25 
12  -2 
-21  -2 
24  17 
58  11 
13  18 
-7  -8 
-30  -1 
-17  22 
18  3 
23  38 
-24  -23 
1  11 
25  15 
41  23 
-20  -49 
43  -6 
7  4 
32  -6 
-3  40 
28  33 
3  5 
0  42 
10  -17 
-31  -13 
14  15 
9  -9 
15  17 
-9  -11 
-32  6 
20  16 
-4  -9 
2  -31 
-21  -12 
4  36 
16  29 
-5  26 
7  -1 
43  0 
17  -17 
63  31 
52  -4 
27  15 
-2  26 
25  14 
38  21 
1  -10 
-8  20 
30  25 
13  -3 
-21  -4 
25  16 
57  12 
11  17 
-9  -7 
-31  0 
-19  23 
21  2 
27  38 
-25  -26 
3  12 
31  17 
44  21 
-27  -48 
45  -4 
7  4 
29  -9 
-4  36 
28  33 
2  5 
-4  45 
10  -15 
-32  -11 
14  15 
5  -6 
12  12 
-9  -13 
-31  9 
20  14 
-7  -13 
-5  -31 
-21  -10 
4  39 
15  27 
-8  28 
6  -1 
43  0 
17  -15 
59  33 
52  -7 
27  15 
-5  23 
25  15 
38  21 
0  -11 
-4  19 
28  26 
10  -3 
-21  -4 
23  14 
58  11 
13  17 
-6  -10 
-31  0 
-20  23 
20  5 
27  42 
-26  -25 
9  11 
30  16 
44  21 
-27  -48 
43  -2 
7  4 
28  -8 
-3  38 
28  33 
8  4 
-2  49 
11  -16 
-33  -11 
12  13 
5  -5 
11  13 
-9  -12 
-33  6 
24  9 
-6  -14 
-1  -32 
-20  -13 
3  40 
16  27 
-6  30 
7  -1 
43  -1 
19  -10 
63  34 
55  -4 
27  15 
-7  24 
25  16 
40  22 
-1  -13 
-11  16 
30  23 
8  -4 
-16  -1 
24  14 
58  11 
12  20 
-4  -9 
-31  0 
-24  23 
20  7 
27  40 
-24  -23 
8  13 
33  19 
51  28 
-27  -48 
47  -1 
7  4 
22  -7 
-6  36 
28  32 
4  5 
-5  54 
9  -14 
-31  -11 
11  12 
3  -6 
11  14 
-11  -13 
-32  6 
24  9 
-5  -14 
0  -31 
-19  -12 
3  40 
15  27 
-6  30 
8  -1 
46  -1 
19  -10 
64  41 
53  0 
29  16 
-6  22 
24  22 
41  23 
-6  -13 
-5  11 
30  24 
10  -4 
-17  -3 
24  12 
58  11 
16  19 
-5  -11 
-31  0 
-21  22 
19  10 
27  40 
-28  -20 
7  12 
33  19 
50  30 
-25  -46 
46  -1 
8  6 
21  -10 
-1  36 
27  33 
2  5 
-6  53 
7  -16 
-31  -11 
12  13 
5  -4 
11  14 
-10  -17 
-32  7 
24  9 
-12  -11 
-4  -37 
-18  -11 
4  38 
13  24 
-6  35 
10  -4 
47  -2 
19  -12 
63  42 
49  0 
32  18 
-7  28 
23  23 
38  23 
-7  -13 
-4  13 
31  24 
18  0 
-16  -1 
23  11 
57  13 
9  16 
-5  -4 
-30  0 
-20  25 
20  9 
33  40 
-28  -20 
8  11 
32  16 
48  27 
-24  -43 
46  -1 
10  3 
20  -9 
-1  36 
28  33 
2  5 
-5  56 
8  -16 
-27  -12 
12  12 
5  -5 
12  13 
-9  -16 
-33  9 
22  9 
-11  -11 
-5  -36 
-17  -9 
4  37 
13  24 
-11  35 
16  -9 
47  -2 
21  -9 
64  41 
51  2 
31  15 
-9  29 
23  23 
37  23 
-6  -12 
-7  18 
27  24 
15  -1 
-16  -1 
21  12 
58  11 
10  16 
-5  -6 
-30  -1 
-21  25 
19  6 
34  35 
-28  -21 
8  14 
35  20 
47  29 
-22  -46 
47  -2 
10  3 
21  -10 
-5  34 
28  32 
3  5 
-4  54 
9  -11 
-24  -13 
14  10 
3  -6 
11  13 
-9  -16 
-36  8 
24  9 
-14  -15 
1  -37 
-17  -9 
4  34 
13  25 
-12  39 
17  -10 
53  -2 
23  -11 
64  39 
50  -1 
32  13 
-9  29 
23  23 
40  22 
-5  -14 
-1  16 
27  24 
16  -3 
-15  -5 
21  16 
58  11 
13  20 
-4  -9 
-30  0 
-21  25 
21  10 
31  37 
-30  -17 
8  12 
35  21 
47  28 
-22  -49 
47  -1 
11  4 
23  -11 
-8  40 
29  31 
4  5 
-7  52 
7  -11 
-26  -10 
12  13 
5  -9 
15  14 
-10  -12 
-38  5 
25  9 
-17  -17 
-6  -36 
-20  -6 
6  34 
13  25 
-16  41 
15  -14 
49  -5 
23  -15 
64  37 
50  -1 
28  16 
-9  29 
20  22 
44  24 
-13  -14 
-2  16 
26  24 
15  -4 
-16  0 
19  18 
57  12 
13  20 
-3  -5 
-31  0 
-19  28 
21  11 
29  36 
-29  -16 
9  11 
33  19 
50  26 
-22  -49 
47  -2 
10  3 
20  -11 
-7  38 
26  33 
3  3 
-7  52 
9  -11 
-24  -9 
12  13 
1  -10 
10  13 
-13  -11 
-38  5 
22  9 
-19  -18 
-6  -36 
-20  -7 
4  34 
13  24 
-16  41 
13  -13 
49  -5 
25  -17 
61  36 
50  -3 
26  19 
-8  27 
22  21 
41  23 
-12  -14 
-1  16 
27  24 
15  -4 
-17  0 
19  18 
55  14 
17  20 
-6  -5 
-30  -1 
-21  30 
16  14 
33  40 
-29  -16 
7  15 
27  20 
56  27 
-22  -49 
47  -1 
10  6 
22  -13 
-11  35 
25  35 
5  -3 
-9  48 
8  -14 
-24  -9 
13  12 
2  -11 
12  12 
-11  -13 
-38  5 
17  5 
-20  -17 
-4  -42 
-16  -4 
4  39 
13  24 
-17  34 
15  -8 
49  -9 
27  -13 
60  33 
54  -7 
26  19 
-7  25 
28  22 
42  21 
-9  -13 
0  14 
29  29 
15  -4 
-9  -3 
19  18 
54  14 
18  21 
-5  -6 
-28  -5 
-21  30 
15  16 
30  39 
-29  -16 
7  15 
26  19 
55  28 
-22  -49 
44  -4 
10  4 
25  -8 
-7  40 
25  35 
5  -4 
-9  49 
10  -14 
-25  -7 
14  10 
3  -11 
12  13 
-12  -14 
-38  7 
17  3 
-19  -17 
-4  -43 
-16  -3 
3  36 
13  24 
-17  39 
14  -4 
48  -7 
27  -11 
60  31 
56  -9 
27  19 
-7  25 
27  24 
44  21 
-6  -13 
4  14 
26  28 
15  -6 
-10  1 
19  18 
56  14 
18  21 
-5  -13 
-27  -8 
-22  27 
15  16 
30  39 
-32  -14 
7  15 
28  19 
55  26 
-22  -44 
45  -5 
10  4 
23  -9 
-8  36 
26  34 
5  -6 
-6  47 
11  -13 
-27  -8 
13  7 
8  -13 
10  17 
-10  -14 
-38  9 
14  4 
-15  -24 
-4  -41 
-15  0 
1  36 
13  25 
-16  37 
9  -4 
49  -9 
31  -11 
60  29 
55  -9 
26  19 
-7  28 
27  24 
42  21 
-6  -12 
4  14 
32  28 
14  -5 
-7  0 
19  18 
55  15 
18  21 
-6  -10 
-28  -7 
-21  30 
13  20 
29  40 
-32  -11 
7  15 
20  14 
51  29 
-17  -46 
47  -1 
2  2 
24  -8 
-10  39 
23  39 
3  -3 
-2  51 
10  -17 
-27  -8 
12  16 
8  -14 
11  16 
-12  -16 
-36  9 
18  3 
-13  -22 
-5  -46 
-11  2 
1  36 
17  25 
-19  37 
12  0 
49  -9 
36  -11 
61  28 
54  -7 
26  19 
-5  26 
25  23 
44  19 
-7  -13 
4  17 
32  28 
15  -4 
-5  1 
19  18 
57  12 
21  22 
-6  -10 
-24  -6 
-22  29 
10  20 
33  36 
-31  -13 
7  15 
22  9 
53  25 
-16  -39 
47  -2 
7  4 
22  -10 
-7  40 
24  40 
4  -3 
0  53 
11  -16 
-30  1 
11  17 
8  -14 
8  13 
-11  -11 
-36  8 
18  6 
-9  -18 
-8  -46 
-14  5 
4  34 
21  30 
-17  39 
12  0 
48  -8 
33  -13 
59  30 
53  -12 
25  18 
-9  29 
28  22 
44  19 
-9  -12 
6  14 
31  33 
15  -4 
-3  0 
19  18 
59  16 
20  22 
-6  -10 
-25  -6 
-17  29 
10  20 
34  36 
-33  -12 
7  15 
23  5 
54  24 
-17  -37 
46  -1 
4  9 
14  0 
-10  39 
24  37 
4  -2 
0  53 
9  -13 
-30  -3 
13  14 
7  -20 
8  13 
-11  -11 
-38  5 
20  9 
-7  -20 
-5  -51 
-14  5 
1  36 
22  29 
-13  39 
15  -1 
49  -9 
31  -4 
59  30 
55  -14 
27  22 
-9  29 
27  24 
43  20 
-9  -13 
5  16 
31  32 
14  -5 
-4  -1 
19  18 
57  15 
21  23 
-4  -11 
-25  -4 
