0 0.05 0.984375 
100 0.2625 0.9479269801980198 
200 0.175 0.9464085820895523 
300 0.225 0.943843438538206 
400 0.2375 0.9440928927680798 
500 0.25 0.9432135728542914 
600 0.175 0.9430896422628952 
700 0.25 0.9436118045649072 
800 0.2375 0.9436329588014981 
900 0.2875 0.9443743063263041 
1000 0.2125 0.9441808191808192 
1100 0.2 0.9440707311534968 
1200 0.225 0.9440648417985013 
1300 0.2375 0.9438508839354343 
1400 0.2625 0.9432659707351891 
1500 0.25 0.9424758494337109 
1600 0.25 0.9424070893191755 
1700 0.2375 0.9420837007642563 
1800 0.25 0.942169280955025 
1900 0.25 0.9420913335086797 
2000 0.2875 0.9421211269365317 
2100 0.1875 0.9424708472156116 
2200 0.1875 0.9428498409813721 
2300 0.225 0.943094035202086 
2400 0.225 0.9429365368596418 
2500 0.225 0.9426529388244702 
2600 0.2625 0.9428465013456363 
2700 0.1875 0.9429528415401703 
2800 0.2375 0.9429522938236344 
2900 0.2375 0.9429463977938641 
3000 0.25 0.9430210763078973 
3100 0.25 0.9427674540470816 
3200 0.225 0.9428166979069041 
3300 0.2 0.9429614132081188 
3400 0.25 0.9429092546309908 
3500 0.225 0.9427886675235647 
3600 0.2125 0.9429099555678978 
3700 0.25 0.942772223723318 
3800 0.2125 0.9429262036306235 
3900 0.2125 0.9430250256344527 
4000 0.1625 0.9430368970257436 
4100 0.2625 0.9430184711046087 
4200 0.225 0.9428737205427279 
4300 0.2 0.9428599453615438 
4400 0.2375 0.9430257327880027 
4500 0.2125 0.9429578149300155 
4600 0.1625 0.9430728374266464 
4700 0.2375 0.9431151616677302 
4800 0.2375 0.9430489741720475 
4900 0.3 0.942995052030198 
5000 0.225 0.9429807788442311 
5100 0.2625 0.9429878945304843 
5200 0.15 0.9430896702557201 
5300 0.2375 0.9430089841539332 
5400 0.225 0.9429579013145714 
5500 0.1875 0.9429473050354481 
5600 0.225 0.9430140823067309 
5700 0.25 0.9430708428345904 
5800 0.275 0.9430566928115842 
5900 0.275 0.9429577613963736 
6000 0.2875 0.9430032494584236 
6100 0.2 0.9430113915751516 
6200 0.175 0.9431613852604419 
6300 0.2875 0.9431925488017775 
6400 0.2 0.943171965317919 
6500 0.2125 0.9431265382248885 
6600 0.2125 0.9431213073776701 
6700 0.2375 0.9431386173705417 
6800 0.2375 0.943131065284517 
6900 0.1875 0.9431128640776699 
7000 0.275 0.943092504642194 
7100 0.225 0.9430740388677651 
7200 0.2625 0.943081256075545 
7300 0.275 0.9430578859060402 
7400 0.225 0.9430625928928523 
7500 0.1875 0.9430938374883349 
7600 0.2625 0.9430782133929746 
7700 0.2125 0.943095864173484 
7800 0.2625 0.9430794128957826 
7900 0.175 0.943121914947475 
8000 0.2125 0.9431571053618297 
8100 0.25 0.943187183681027 
8200 0.2 0.9431326972320448 
8300 0.2375 0.9431036170340923 
8400 0.225 0.943074857159862 
8500 0.225 0.9430805934595929 
8600 0.2375 0.9431515957446809 
8700 0.2125 0.9431591914722446 
8800 0.2375 0.9432244915350528 
8900 0.175 0.94322618245141 
9000 0.2125 0.9432733168536829 
9100 0.1875 0.9432425008240852 
9200 0.2125 0.9432704325616781 
9300 0.2625 0.9431942801849263 
9400 0.25 0.9432576986490799 
9500 0.225 0.9432549863172298 
9600 0.225 0.9432620950942611 
9700 0.2 0.943265835996289 
9800 0.2375 0.9432930950923375 
9900 0.2875 0.9432670942329058 
10000 0.275 0.9432878587141286 
10100 0.2375 0.9432324151074151 
10200 0.2625 0.9432215591608666 
10300 0.2 0.9431817906028541 
10400 0.2125 0.9431590111527738 
10500 0.2375 0.9430697076468908 
10600 0.2125 0.9430616805018395 
10700 0.2 0.9430053266049901 
10800 0.2125 0.9430342097953893 
10900 0.225 0.9430723098798275 
11000 0.2125 0.9430673916007636 
11100 0.225 0.9431092919556797 
11200 0.175 0.9431323096152129 
11300 0.25 0.9431358397486949 
11400 0.175 0.9431269735110955 
11500 0.25 0.9431473350143466 
11600 0.225 0.9431676148607878 
11700 0.2125 0.9431939577813863 
11800 0.2875 0.9432270040674519 
11900 0.2375 0.9432035648264852 
12000 0.1625 0.9432393654695442 
12100 0.25 0.9432766403603008 
12200 0.2375 0.9432467113351365 
12300 0.1875 0.9432426733598894 
12400 0.2625 0.943240464478671 
12500 0.2375 0.9432692884569235 
12600 0.25 0.943257231568923 
12700 0.2125 0.9432916207385246 
12800 0.2 0.9432676158112647 
12900 0.3125 0.9432258158282304 
13000 0.225 0.9431750442273671 
13100 0.225 0.9432068639798489 
13200 0.25 0.9432192636921445 
13300 0.2125 0.9432404048567777 
13400 0.225 0.9432006007014402 
13500 0.1875 0.9432118454188578 
13600 0.25 0.9432086795088597 
13700 0.2 0.9432149113203416 
13800 0.1875 0.9432151655677125 
13900 0.2625 0.9432005790950291 
14000 0.25 0.943103171202057 
14100 0.2125 0.9431434384086235 
14200 0.25 0.9431303253292022 
14300 0.3125 0.9430693220753793 
14400 0.2375 0.9429868151517256 
14500 0.2125 0.9429453141162678 
14600 0.2625 0.9429219317170057 
14700 0.275 0.9428771852254949 
14800 0.2125 0.942840433078846 
14900 0.2125 0.9428473760150325 
15000 0.3125 0.942835269315379 
15100 0.1875 0.9428541570094696 
15200 0.2 0.9428458654035918 
15300 0.15 0.9428762825959087 
15400 0.275 0.942879317901435 
15500 0.2625 0.942827277272434 
15600 0.2625 0.9428430068585347 
15700 0.2625 0.9428426135278007 
15800 0.325 0.9428238323523828 
15900 0.25 0.9428359458524621 
16000 0.1875 0.9427920520592463 
16100 0.25 0.9427968371529719 
16200 0.2 0.942784203135609 
16300 0.25 0.9427738328936875 
16400 0.2375 0.9427121440765807 
16500 0.225 0.9427288497666808 
16600 0.2375 0.9427395187036925 
16700 0.1625 0.9427167534878151 
16800 0.1875 0.9427070933277781 
16900 0.2 0.942734527542749 
17000 0.1875 0.9427243250397035 
17100 0.2375 0.9427767382024443 
17200 0.2375 0.9427169931980699 
17300 0.2375 0.9426924382983642 
17400 0.2 0.9426602637779438 
17500 0.2 0.9426206002514143 
17600 0.3 0.9425955911595932 
17700 0.2 0.942593462233772 
17800 0.2 0.9426436717038369 
17900 0.225 0.9426456622535054 
18000 0.2125 0.9426247152935948 
18100 0.225 0.9425953676592453 
18200 0.2625 0.9425893494862919 
18300 0.2375 0.9425903980656795 
18400 0.2125 0.9425416757241454 
18500 0.225 0.9425399302740393 
18600 0.225 0.9425282914897049 
18700 0.2375 0.942539837441848 
18800 0.2375 0.9425663860964842 
18900 0.1625 0.9425632241680334 
19000 0.15 0.9425971001526235 
19100 0.1625 0.9426042811894665 
19200 0.2 0.942605691109838 
19300 0.225 0.942620362934563 
19400 0.25 0.9425963867841863 
19500 0.2 0.94259172606533 
19600 0.2125 0.9425998673537065 
19700 0.25 0.9426272778031572 
19800 0.2 0.9426490455027524 
19900 0.2 0.9426600736143912 
20000 0.1625 0.9426823971301435 
20100 0.2125 0.942706830505945 
20200 0.225 0.942703795604178 
20300 0.2125 0.9426886298704498 
20400 0.2875 0.9426707024165482 
20500 0.225 0.9426884664162724 
20600 0.2 0.9427151594582788 
20700 0.1875 0.9427731450171489 
20800 0.275 0.9427823482044132 
20900 0.225 0.9427596167647481 
21000 0.2 0.9427717727727251 
21100 0.2375 0.942772706269845 
21200 0.2625 0.9427787899155701 
21300 0.225 0.9427942056710953 
21400 0.1875 0.9428261237792627 
21500 0.25 0.9428275138365657 
21600 0.2875 0.9428069013008658 
21700 0.225 0.9428115351827104 
21800 0.25 0.9428211435255264 
21900 0.2875 0.9428296653120862 
22000 0.2125 0.9428233375755648 
22100 0.25 0.9428198950273743 
22200 0.2125 0.9428194394396648 
22300 0.3125 0.9428209497331959 
22400 0.2375 0.9427892448997812 
22500 0.275 0.9427767099240034 
22600 0.2625 0.9427875149329675 
22700 0.1875 0.9427892769041012 
22800 0.2125 0.94281980505241 
22900 0.2625 0.9428304167940265 
23000 0.225 0.9428268064431982 
23100 0.1875 0.942860563395524 
23200 0.3375 0.9428653398560407 
23300 0.1875 0.9428645766276126 
23400 0.2 0.9428711646938165 
23500 0.225 0.942870649121314 
23600 0.1875 0.9428890724969281 
23700 0.2375 0.9428967923294376 
23800 0.225 0.9428919740767194 
23900 0.25 0.9428839274507342 
24000 0.2 0.9429051133286113 
24100 0.275 0.942905247707564 
24200 0.2 0.9428911770174786 
24300 0.225 0.9429103997777869 
24400 0.3 0.9428936057948445 
24500 0.2625 0.9428826884616954 
24600 0.2 0.9428947248079347 
24700 0.225 0.9429045129751832 
24800 0.2125 0.9428936837224305 
24900 0.25 0.9428841964178145 
25000 0.2625 0.9428814097436102 
25100 0.225 0.9428798902434166 
25200 0.325 0.9428484980754732 
25300 0.1625 0.9428650300383384 
25400 0.275 0.9428638390220857 
25500 0.2625 0.942866823850045 
25600 0.2625 0.9428397572360455 
25700 0.2125 0.9428615374888136 
25800 0.1875 0.9428733382427038 
25900 0.225 0.9428763609513147 
26000 0.2875 0.9428535200569209 
26100 0.225 0.9428532431707597 
26200 0.225 0.9428571428571428 
26300 0.225 0.9428480618607658 
26400 0.2 0.9428531352979054 
26500 0.2125 0.9428660710916569 
26600 0.25 0.9428797319649638 
26700 0.2375 0.9428889601513052 
26800 0.2375 0.942861273833066 
26900 0.2 0.9428759618601539 
27000 0.2625 0.9428785044998333 
27100 0.1625 0.9428832192539021 
27200 0.2625 0.9428756065953457 
27300 0.225 0.942868049705139 
27400 0.325 0.9428472044815882 
27500 0.2125 0.9428465101269045 
27600 0.1875 0.9428209122857868 
27700 0.2 0.9428281018735786 
27800 0.25 0.9428327668069494 
27900 0.2625 0.9428399743736784 
28000 0.25 0.9428485813006678 
28100 0.225 0.9428699156613644 
28200 0.2375 0.9428445578170986 
28300 0.1875 0.9428234647185612 
28400 0.2375 0.9428259568325059 
28500 0.175 0.942848496543981 
28600 0.2625 0.9428562375441418 
28700 0.2375 0.9428723084561513 
28800 0.2375 0.9428574528662199 
28900 0.1625 0.9428627037126743 
29000 0.225 0.9428553110237577 
29100 0.2375 0.9428362642177245 
29200 0.2875 0.9428301898907572 
29300 0.2625 0.9428544460939899 
29400 0.2 0.9428611059147648 
29500 0.2125 0.9428683561574184 
29600 0.275 0.9428686953143475 
29700 0.2625 0.9428547229049526 
29800 0.1875 0.9428471360021475 
29900 0.25 0.9428413765425906 
30000 0.175 0.9428523215892803 
30100 0.175 0.9428436762898242 
30200 0.2125 0.9428417105393861 
30300 0.225 0.9428499678228441 
30400 0.25 0.9428594042959113 
30500 0.2 0.9428770778007278 
30600 0.2375 0.9428852406784092 
30700 0.25 0.942884901957591 
30800 0.25 0.9428549397746826 
30900 0.2625 0.9428546001747516 
31000 0.25 0.9428524483081191 
31100 0.225 0.9428598557924183 
31200 0.2125 0.9428677165795968 
31300 0.2125 0.9428814175265966 
31400 0.2625 0.9428974196681634 
31500 0.2125 0.9428826664232881 
31600 0.2 0.9429004422328408 
31700 0.275 0.9428958274186934 
31800 0.225 0.9428770911292098 
31900 0.275 0.9428973621516566 
32000 0.25 0.9429186783225524 
32100 0.2 0.9429161085324445 
32200 0.2125 0.9429148163100525 
32300 0.15 0.942929204978174 
32400 0.2375 0.9429228650350298 
32500 0.2125 0.9429150256915172 
32600 0.2625 0.9429143277813564 
32700 0.2375 0.9429125829485336 
32800 0.275 0.9429142785280936 
32900 0.2375 0.942907510410018 
33000 0.2625 0.9428859163358686 
33100 0.225 0.9429136393160328 
33200 0.175 0.9429290533417668 
33300 0.2625 0.9429363983063571 
33400 0.2 0.9429274198377294 
33500 0.175 0.9429257708725113 
33600 0.275 0.9429170634802536 
33700 0.2625 0.942893385952939 
33800 0.1625 0.9429089560959735 
33900 0.25 0.9429247109229816 
34000 0.3625 0.9429223589012088 
34100 0.1875 0.9429018760446908 
34200 0.1625 0.9429344171223064 
34300 0.225 0.9429402568438238 
34400 0.2375 0.9429378869800297 
34500 0.2625 0.9429333570041448 
34600 0.1625 0.9429298466807318 
34700 0.2375 0.942929688625688 
34800 0.2625 0.9429273763684951 
34900 0.25 0.9429273158362225 
35000 0.2625 0.9429387731779092 
35100 0.225 0.9429340510241874 
35200 0.2875 0.9429338832703617 
35300 0.1875 0.9429276968074559 
35400 0.25 0.9429166902064914 
35500 0.2875 0.9429070659981409 
35600 0.2375 0.9429167193337266 
35700 0.2 0.9429263185905157 
35800 0.2625 0.9429273972794056 
35900 0.225 0.94293473719395 
36000 0.175 0.9429284082386601 
36100 0.25 0.9429264424808177 
36200 0.3 0.9429082587497583 
36300 0.2125 0.94290747844412 
36400 0.3 0.9429031826048735 
36500 0.2125 0.942912094874113 
36600 0.1875 0.942916604054534 
36700 0.2 0.9429238985313751 
36800 0.225 0.9429448248688894 
36900 0.2125 0.9429619116013116 
37000 0.225 0.9429742608307884 
37100 0.2375 0.9429737405999838 
37200 0.2 0.9429658308916427 
37300 0.2625 0.9429632416021018 
37400 0.2125 0.9429644260848641 
37500 0.2875 0.9429706041172236 
37600 0.225 0.9429698512007659 
37700 0.175 0.9429783029627862 
37800 0.2375 0.9429932409195524 
37900 0.2375 0.9430129646975014 
38000 0.1625 0.9430187692429146 
38100 0.2375 0.9430441458229443 
38200 0.175 0.9430454209313892 
38300 0.2875 0.9430473421059502 
38400 0.2375 0.9430336286815447 
38500 0.2125 0.9430421450092206 
38600 0.2625 0.9430267350586773 
38700 0.25 0.9430312685718715 
38800 0.2375 0.9430230535295482 
38900 0.25 0.9430049195393435 
39000 0.2375 0.9429788659265147 
39100 0.25 0.9429745243088412 
39200 0.2375 0.9429635883013189 
39300 0.2125 0.9429557294979771 
39400 0.2125 0.9429472760843634 
39500 0.2375 0.9429531847295005 
39600 0.2 0.9429526716497059 
39700 0.175 0.9429562542505227 
39800 0.25 0.9429486696314163 
39900 0.2375 0.9429513044785846 
40000 0.1875 0.9429471294467638 
40100 0.2625 0.9429563788932944 
40200 0.1625 0.9429618510733564 
40300 0.225 0.9429737320413886 
40400 0.25 0.9429919742085592 
40500 0.2 0.9429909909631861 
40600 0.275 0.9430002493780941 
40700 0.2875 0.9429904977764674 
40800 0.2375 0.9429763516825568 
40900 0.2625 0.9429631152050072 
41000 0.175 0.9429673971366552 
41100 0.2125 0.9429716582321598 
41200 0.2125 0.9429780223780976 
41300 0.25 0.9429895008595434 
41400 0.175 0.9429792607666482 
41500 0.2125 0.9429902291511048 
41600 0.2375 0.9429827407995001 
41700 0.2125 0.94297363972087 
41800 0.2125 0.9429856642185593 
41900 0.2 0.9430000178993342 
42000 0.2125 0.9430151960667603 
42100 0.3 0.9430316382033681 
42200 0.1625 0.9430391904220279 
42300 0.2125 0.9430428654168932 
42400 0.25 0.9430320039621707 
42500 0.275 0.9430291346085975 
42600 0.2375 0.9430176228257553 
42700 0.175 0.9430136296573851 
42800 0.2375 0.9430212641059789 
42900 0.225 0.9430258035943219 
43000 0.2 0.9430175315690332 
43100 0.1875 0.9430153157699357 
43200 0.175 0.9430238883359181 
43300 0.2125 0.9430306892450521 
43400 0.2625 0.943035658740582 
43500 0.225 0.9430290395623089 
43600 0.1625 0.9430390071328639 
43700 0.2125 0.9430525045193474 
43800 0.225 0.9430447506906235 
43900 0.2875 0.9430530483360288 
44000 0.1875 0.9430541351332924 
44100 0.2125 0.9430497607763997 
44200 0.2875 0.9430416591253592 
44300 0.2875 0.9430416356289926 
44400 0.2 0.9430376005044931 
44500 0.275 0.9430283167793982 
44600 0.2125 0.9430218773121679 
44700 0.2375 0.9430195213753607 
44800 0.2125 0.94301675743845 
44900 0.2875 0.9429941009108929 
45000 0.2625 0.9429851558854248 
45100 0.2625 0.9429822093745149 
45200 0.175 0.9429774092387336 
45300 0.2625 0.9429838055451315 
45400 0.2 0.9429884528975133 
45500 0.225 0.942986211841498 
45600 0.2 0.9429992626258196 
45700 0.225 0.9430050764753507 
45800 0.125 0.9430116836968625 
45900 0.1625 0.9430277254308185 
46000 0.1625 0.9430311976913546 
46100 0.2 0.9430365528947311 
46200 0.225 0.9430360679422524 
46300 0.25 0.9430329528519903 
46400 0.225 0.9430373267817503 
46500 0.2375 0.9430394642050709 
46600 0.2125 0.9430348865904166 
46700 0.2 0.9430378230658872 
46800 0.2125 0.9430431507873763 
46900 0.25 0.9430410598921132 
47000 0.2375 0.9430355870087871 
47100 0.2375 0.9430339854780153 
47200 0.225 0.9430370251689583 
47300 0.2125 0.9430463283017272 
47400 0.25 0.9430488676399232 
47500 0.2375 0.9430466595440096 
47600 0.2125 0.9430501722652885 
47700 0.25 0.9430379473176663 
47800 0.25 0.9430400906884793 
47900 0.175 0.9430427470198952 
48000 0.2375 0.9430419418345451 
48100 0.2875 0.9430161924908006 
48200 0.2375 0.9430073416526628 
48300 0.2125 0.9430062912776133 
48400 0.25 0.9430001446251111 
48500 0.225 0.9430167676955115 
48600 0.2125 0.9430238703936134 
48700 0.2625 0.9430308155890023 
48800 0.2375 0.9430336980799574 
48900 0.2 0.943047815995583 
49000 0.25 0.9430420425093365 
49100 0.2 0.9430451391010366 
49200 0.225 0.9430302483689356 
49300 0.3 0.9430144672521855 
49400 0.2375 0.9429996356349062 
49500 0.2625 0.9430043711238156 
49600 0.275 0.9429969909880849 
49700 0.175 0.9429879428985333 
49800 0.225 0.9429829471295758 
49900 0.2375 0.942992312278311 
50000 0.25 0.9429952650946981 
50100 0.275 0.9429803047843356 
50200 0.225 0.9429822737594868 
50300 0.2125 0.9429826196298284 
50400 0.225 0.9429850722207893 
50500 0.225 0.9429939506148393 
50600 0.2 0.9429943331159463 
50700 0.225 0.9429955153744503 
50800 0.225 0.9429869121670833 
50900 0.25 0.9429647747588455 
51000 0.2 0.9429682751318602 
51100 0.1875 0.9429752475489717 
51200 0.3 0.9429848782250346 
51300 0.25 0.9429691916336913 
51400 0.2125 0.9429726561740044 
51500 0.2 0.9429677336362401 
51600 0.2125 0.9429687045793687 
51700 0.25 0.9429830298253419 
51800 0.2 0.9429731086272466 
51900 0.275 0.9429696682144852 
52000 0.2 0.9429846901982654 
52100 0.25 0.9429730835300666 
52200 0.2375 0.9429627784908335 
52300 0.2 0.9429641044148296 
52400 0.1875 0.9429540347512452 
52500 0.25 0.9429601936153597 
52600 0.3125 0.9429587840535351 
52700 0.2375 0.9429456983738449 
52800 0.1875 0.9429608932595973 
52900 0.2 0.9429511020585623 
53000 0.1875 0.9429536706854588 
53100 0.2125 0.9429440476638858 
53200 0.2 0.9429479121633052 
53300 0.25 0.9429500032832404 
53400 0.2375 0.9429493946742571 
53500 0.225 0.942946159884862 
53600 0.2625 0.9429451526090931 
53700 0.25 0.9429471750991602 
53800 0.2125 0.9429566829612832 
53900 0.2125 0.9429604738316544 
54000 0.2 0.9429632090146479 
54100 0.2 0.942970381785919 
54200 0.225 0.9429638636741019 
54300 0.225 0.9429616282388906 
54400 0.2875 0.9429649156265509 
54500 0.2 0.9429641772628026 
54600 0.2 0.9429653303053057 
54700 0.2125 0.9429664791320086 
54800 0.1875 0.9429705320158391 
54900 0.25 0.9429738870876669 
55000 0.2125 0.9429796162797041 
55100 0.225 0.9429820352625179 
55200 0.275 0.9429834264777812 
55300 0.1875 0.9429867339650277 
55400 0.2 0.9429915524990523 
55500 0.225 0.942977604007135 
55600 0.2875 0.9429762953903706 
55700 0.2 0.9429714008725157 
55800 0.2375 0.9429776684109604 
55900 0.2 0.9429786027978032 
56000 0.2 0.9429808731094088 
56100 0.2 0.9429775650166664 
56200 0.25 0.9429892261703529 
56300 0.2125 0.9429853599403207 
56400 0.225 0.942998905161256 
56500 0.275 0.942994980177342 
56600 0.1625 0.9429992402961078 
56700 0.2125 0.9430075086859139 
56800 0.2625 0.943003754335311 
56900 0.175 0.9430071527741164 
57000 0.2625 0.943016021648743 
57100 0.2125 0.9430205907076934 
57200 0.2625 0.9430211556616143 
57300 0.2125 0.9430167012792098 
57400 0.2 0.943025437274612 
57500 0.3 0.9430181649014799 
57600 0.225 0.943016017517057 
57700 0.2375 0.9430249800696695 
57800 0.225 0.9430301811387346 
57900 0.325 0.9430411391858518 
58000 0.2125 0.9430400984465785 
58100 0.2375 0.9430368560782086 
58200 0.2375 0.9430299737117919 
58300 0.25 0.9430262774223427 
58400 0.1875 0.9430275701614699 
58500 0.2375 0.9430358562246799 
58600 0.2625 0.9430336619682258 
58700 0.175 0.9430406849968485 
58800 0.25 0.9430467806669954 
58900 0.2375 0.943041236566442 
59000 0.1375 0.9430433382485043 
59100 0.2125 0.9430540515388911 
59200 0.225 0.9430541713822401 
59300 0.2 0.9430495480683294 
59400 0.2625 0.9430525685594519 
59500 0.25 0.9430494340431254 
59600 0.2375 0.9430482500293619 
59700 0.275 0.9430500012562604 
59800 0.25 0.9430531052992425 
59900 0.3625 0.9430508776982021 
60000 0.3 0.9430562615623073 
60100 0.1875 0.9430547120680188 
60200 0.25 0.9430623037823292 
60300 0.25 0.9430510066168057 
60400 0.1875 0.943055630287578 
60500 0.25 0.9430527491281135 
60600 0.2875 0.9430466287685022 
60700 0.25 0.9430395504192682 
60800 0.1875 0.9430329065311426 
60900 0.225 0.9430410112313427 
61000 0.275 0.943041866116949 
61100 0.25 0.9430378083010098 
61200 0.2375 0.9430383592588356 
61300 0.2 0.9430466060912547 
61400 0.25 0.9430405245842901 
61500 0.2125 0.9430352250369912 
61600 0.1875 0.9430520101134722 
61700 0.2375 0.9430492415033792 
61800 0.2125 0.9430526508470737 
61900 0.25 0.943042115636258 
62000 0.2375 0.9430366042483186 
62100 0.2375 0.9430388600827684 
62200 0.2375 0.943043168518191 
62300 0.2875 0.9430289040304329 
62400 0.2875 0.9430319626288041 
62500 0.2375 0.9430421113262187 
62600 0.2125 0.9430488830050638 
62700 0.2625 0.9430323080971595 
62800 0.2125 0.9430193189598892 
62900 0.225 0.9430362792324446 
63000 0.2125 0.9430390985857368 
63100 0.1875 0.9430428994786136 
63200 0.175 0.9430437216183288 
63300 0.2125 0.9430437019162414 
63400 0.1625 0.9430427950663238 
63500 0.2125 0.9430485346687454 
63600 0.2375 0.9430547967013098 
63700 0.2375 0.9430676618106466 
63800 0.2 0.9430726007429351 
63900 0.2375 0.9430761060077307 
64000 0.2125 0.9430825787878314 
64100 0.2625 0.9430892263771236 
64200 0.2375 0.9430868483356957 
64300 0.275 0.9430776737531298 
64400 0.2625 0.9430691099517088 
64500 0.25 0.9430620746189982 
64600 0.2625 0.9430617850342874 
64700 0.1875 0.9430670507411014 
64800 0.225 0.943080643045632 
64900 0.2625 0.943087259826505 
65000 0.2375 0.9430841448593098 
65100 0.25 0.9430778233053255 
65200 0.25 0.9430748761522063 
65300 0.15 0.9430785899143964 
65400 0.2125 0.9430891251662818 
65500 0.1875 0.9430791132959803 
65600 0.2375 0.94308775780857 
65700 0.25 0.9430940453722165 
65800 0.2125 0.9430926201729457 
65900 0.2125 0.9431066580932004 
66000 0.25 0.9431077275344313 
66100 0.175 0.943111961241131 
66200 0.2625 0.9431156157006692 
66300 0.2625 0.9431119534396163 
66400 0.2 0.9431004427644162 
66500 0.25 0.9430957335228042 
66600 0.3 0.9430934314049338 
66700 0.1875 0.9430947437069909 
66800 0.175 0.9430918418137453 
66900 0.2125 0.9431041296094229 
67000 0.2 0.9431111102819361 
67100 0.2125 0.9431086161160043 
67200 0.2625 0.9431104540855046 
67300 0.2375 0.943109918500468 
67400 0.225 0.9431150409489474 
67500 0.2 0.9431233889127568 
67600 0.225 0.9431219582550554 
67700 0.275 0.9431231167191031 
67800 0.225 0.9431201696877627 
67900 0.1875 0.9431138256432159 
68000 0.1875 0.943111820046764 
68100 0.1875 0.943116198734233 
68200 0.2 0.9431220766557675 
68300 0.2625 0.9431151264256746 
68400 0.225 0.943110206722124 
68500 0.225 0.9431063506372169 
68600 0.2375 0.9431063778224807 
68700 0.2125 0.9431049038587502 
68800 0.2125 0.943108203369137 
68900 0.1875 0.943117162668176 
69000 0.2375 0.9431233333574875 
69100 0.1375 0.9431248281500991 
69200 0.225 0.9431348083842719 
69300 0.1875 0.9431301496370904 
69400 0.2 0.9431234330196971 
69500 0.2125 0.9431301797815859 
69600 0.1875 0.9431396010833177 
69700 0.275 0.9431433013873546 
69800 0.275 0.9431404098795146 
69900 0.2 0.9431493737571709 
70000 0.225 0.9431441604405651 
70100 0.3125 0.9431302246044992 
70200 0.2375 0.9431179755274142 
70300 0.2 0.9431148294476608 
70400 0.25 0.9431100499282681 
70500 0.175 0.9431171189061148 
70600 0.225 0.943129213821334 
70700 0.25 0.9431326112784826 
70800 0.2125 0.9431372349966808 
70900 0.2125 0.9431418897476763 
71000 0.225 0.9431519890564921 
71100 0.25 0.9431449627993981 
71200 0.275 0.9431455931096473 
71300 0.2 0.9431391214709471 
71400 0.225 0.9431361255444601 
71500 0.3125 0.9431280244332247 
71600 0.25 0.9431199023058338 
71700 0.15 0.9431230038632655 
71800 0.1625 0.9431262708736647 
71900 0.2125 0.9431199670380106 
72000 0.2 0.9431167188650158 
72100 0.2375 0.9431156468010152 
72200 0.2 0.9431126300189748 
72300 0.2125 0.9431179634444891 
72400 0.225 0.9431234116241488 
72500 0.225 0.9431266465290133 
72600 0.2 0.9431327133923775 
72700 0.2 0.9431397951885119 
72800 0.25 0.9431378432301754 
72900 0.25 0.9431379970782294 
73000 0.2 0.9431400340406296 
73100 0.2375 0.943147323566025 
73200 0.2 0.9431479334298711 
73300 0.2 0.9431475610837505 
73400 0.225 0.9431437412296835 
73500 0.2125 0.9431395491217807 
73600 0.25 0.9431402086928167 
73700 0.2125 0.9431381104055576 
73800 0.2625 0.9431445712117722 
73900 0.25 0.9431370177670126 
74000 0.2625 0.9431372549019608 
74100 0.2375 0.9431339911067327 
74200 0.225 0.9431272405358418 
74300 0.2125 0.9431316536789546 
74400 0.225 0.9431328207954194 
74500 0.275 0.9431309227392921 
74600 0.225 0.943132129596118 
74700 0.2375 0.9431394827378482 
74800 0.2 0.9431426384674002 
74900 0.2875 0.9431415718748748 
75000 0.2375 0.9431372165037799 
75100 0.225 0.943131749244351 
75200 0.1875 0.9431398851079108 
75300 0.225 0.9431371678330965 
75400 0.2 0.9431333801938966 
75500 0.1875 0.9431299337094873 
75600 0.2875 0.9431295138291822 
75700 0.225 0.9431301683597311 
75800 0.2375 0.9431298317304521 
75900 0.225 0.943131184042371 
76000 0.2375 0.943129407836739 
76100 0.25 0.9431381075807151 
76200 0.275 0.9431405099670608 
76300 0.275 0.9431365578432785 
76400 0.2625 0.9431329023834767 
76500 0.3 0.9431191258937792 
76600 0.2375 0.943111627132805 
76700 0.275 0.9431015811397505 
76800 0.2625 0.9430937585448106 
76900 0.2125 0.943095099543569 
77000 0.275 0.9430963558914819 
77100 0.25 0.943090434948963 
77200 0.225 0.9430914107330216 
77300 0.15 0.9430927074035265 
77400 0.225 0.9430936777302619 
77500 0.225 0.94309569392653 
77600 0.225 0.9430937181866214 
77700 0.275 0.9431009977349069 
77800 0.1875 0.9431081782367836 
77900 0.225 0.9431061539646475 
78000 0.2625 0.9431121476006717 
78100 0.225 0.9431089630734562 
78200 0.2375 0.9431081843582563 
78300 0.1875 0.9431143918979323 
78400 0.2375 0.9431220583921124 
78500 0.225 0.9431293072699711 
78600 0.2 0.9431296596099287 
78700 0.225 0.9431327508545 
78800 0.175 0.9431273873428002 
78900 0.2375 0.943129760712792 
79000 0.2625 0.943131732509715 
79100 0.2375 0.9431341338921126 
79200 0.3125 0.9431292692011465 
79300 0.2125 0.9431242197450221 
79400 0.25 0.9431170183624892 
79500 0.25 0.9431101888655489 
79600 0.1875 0.9431205716636726 
79700 0.2375 0.9431290071642765 
79800 0.2625 0.9431332314131402 
79900 0.2375 0.943130522459043 
80000 0.175 0.9431364920438494 
80100 0.2125 0.9431426808029862 
80200 0.225 0.9431438666600167 
80300 0.2 0.9431544283383768 
80400 0.2 0.9431533423091752 
80500 0.275 0.9431528412690525 
80600 0.1875 0.9431527679557326 
80700 0.2625 0.9431590067037583 
80800 0.2125 0.9431535500798257 
80900 0.15 0.9431593475358772 
81000 0.275 0.9431613112801076 
81100 0.2125 0.9431726720385691 
81200 0.2125 0.943172497875642 
81300 0.1875 0.9431711325813951 
81400 0.225 0.9431722276139114 
81500 0.2625 0.9431676068391799 
81600 0.225 0.9431667121113712 
81700 0.25 0.9431659343214893 
81800 0.175 0.9431701629564431 
81900 0.2125 0.9431862858817353 
82000 0.2 0.9431913940073902 
82100 0.225 0.9431948529859563 
82200 0.2375 0.9431948060242576 
82300 0.225 0.9431928986282062 
82400 0.2125 0.9431957363988301 
82500 0.175 0.9432014081647495 
82600 0.175 0.9432007103424898 
82700 0.25 0.9432004298617913 
82800 0.225 0.9432021125952585 
82900 0.2125 0.9432028488799894 
83000 0.2 0.9432029056878832 
83100 0.225 0.9432004804394652 
83200 0.2375 0.9432033569308061 
83300 0.2375 0.9432085524183383 
83400 0.2 0.9432153841081042 
83500 0.275 0.9432233970251853 
83600 0.2375 0.9432298581954761 
83700 0.2375 0.9432293222303199 
83800 0.275 0.9432187936301476 
83900 0.1875 0.9432212145862385 
84000 0.15 0.9432206908251092 
84100 0.2375 0.9432221748255074 
84200 0.275 0.9432168264034869 
84300 0.2125 0.9432264667678912 
84400 0.25 0.943236935877537 
84500 0.2375 0.9432312561389806 
84600 0.2125 0.9432376685854778 
84700 0.2 0.9432401550749105 
84800 0.25 0.9432361130764967 
84900 0.25 0.9432316389088468 
85000 0.2125 0.943235189880119 
85100 0.225 0.9432420006815431 
85200 0.175 0.9432520965129517 
85300 0.2875 0.9432498226867212 
85400 0.2625 0.9432507742883572 
85500 0.2375 0.9432526008467738 
85600 0.1625 0.9432531454071799 
85700 0.2375 0.9432496411943851 
85800 0.275 0.9432363113483526 
85900 0.2125 0.9432307976624253 
86000 0.2375 0.9432301659283031 
86100 0.2125 0.9432324392283481 
86200 0.275 0.943233075892391 
86300 0.2 0.9432295830871021 
86400 0.1875 0.9432219751507506 
86500 0.2375 0.9432210682535462 
86600 0.2375 0.9432204521310378 
86700 0.2 0.9432174585644918 
86800 0.2875 0.9432117357518922 
86900 0.2375 0.9432078960541306 
87000 0.175 0.9432117518764153 
87100 0.225 0.9432057683034638 
87200 0.2375 0.9432055681700898 
87300 0.2125 0.9432111316021581 
87400 0.2125 0.9432106755071452 
87500 0.2125 0.9432132561342156 
87600 0.2625 0.9432011335487038 
87700 0.2 0.9431985881004777 
87800 0.25 0.9431967246956185 
87900 0.25 0.9431929102057998 
88000 0.2 0.9431953543141556 
88100 0.25 0.9431940329848696 
88200 0.2375 0.9431974623303591 
88300 0.275 0.9431993975153169 
88400 0.2625 0.9431993133561838 
88500 0.275 0.9431949921469814 
88600 0.2375 0.9431955480186454 
88700 0.1875 0.9432008587840047 
88800 0.175 0.9432080227137082 
88900 0.2125 0.9432129208332865 
89000 0.275 0.9432129624948035 
89100 0.225 0.9432074275260659 
89200 0.225 0.9432106632773175 
89300 0.175 0.9432144866798804 
89400 0.25 0.9432118348788044 
89500 0.2125 0.9432154738494541 
89600 0.225 0.9432171167174473 
89700 0.1625 0.9432165611308682 
89800 0.175 0.9432209482633823 
89900 0.225 0.943223969978087 
90000 0.225 0.9432359779335785 
90100 0.25 0.9432320396000045 
90200 0.25 0.9432315051939557 
90300 0.1625 0.9432367858606217 
90400 0.325 0.943228158427451 
90500 0.1875 0.9432332930022873 
90600 0.225 0.9432351740047019 
90700 0.2 0.943237119767147 
90800 0.225 0.9432447742866268 
90900 0.2125 0.9432470833654195 
91000 0.2125 0.9432523062933375 
91100 0.15 0.9432543619169932 
91200 0.2875 0.9432519585859804 
91300 0.2375 0.9432485336962355 
91400 0.2125 0.943248569490487 
91500 0.225 0.9432541037802865 
91600 0.2625 0.943256487374592 
91700 0.2375 0.9432592747080184 
91800 0.25 0.9432512990054575 
91900 0.2875 0.9432519776716249 
92000 0.2625 0.9432471522048673 
92100 0.225 0.9432480374805919 
92200 0.1875 0.9432490225160248 
92300 0.175 0.9432415074051202 
92400 0.2 0.9432444251144468 
92500 0.175 0.9432414244170333 
92600 0.225 0.9432443696612347 
92700 0.2125 0.9432476793669972 
92800 0.225 0.9432459644831414 
92900 0.2375 0.9432459688270309 
93000 0.2 0.9432440914613821 
93100 0.2 0.9432399692269685 
93200 0.2375 0.9432462835699188 
93300 0.2125 0.9432529193149055 
93400 0.2 0.9432577341249023 
93500 0.2125 0.9432597980235505 
93600 0.2375 0.9432664982211728 
93700 0.2125 0.9432694488319228 
93800 0.2375 0.9432700277715589 
93900 0.2375 0.943267111106378 
94000 0.1375 0.9432700516483867 
94100 0.2 0.9432776352004761 
94200 0.2875 0.943274056273288 
94300 0.175 0.9432769469570842 
94400 0.2125 0.9432779115157678 
94500 0.2 0.9432838342980497 
94600 0.25 0.9432884232196277 
94700 0.2875 0.943280891965238 
94800 0.2625 0.9432843205767871 
94900 0.275 0.9432854698580626 
95000 0.2125 0.9432905969410849 
95100 0.25 0.9432928872987666 
95200 0.2 0.9432943193874014 
95300 0.2875 0.9432903707726047 
95400 0.2625 0.9432919662791794 
95500 0.2375 0.9432871776211768 
95600 0.2375 0.9432908651583143 
95700 0.1375 0.9432911489953083 
95800 0.225 0.9432970102086617 
95900 0.2 0.9433039671119176 
96000 0.275 0.9432982468932616 
96100 0.275 0.9433019687620317 
96200 0.2625 0.9433014924481035 
96300 0.275 0.9432953058639059 
96400 0.2375 0.9432930869493055 
96500 0.1625 0.9432955681806406 
96600 0.1875 0.9432970090889329 
96700 0.2125 0.9433015816796103 
96800 0.2625 0.943294490759393 
96900 0.2375 0.9432947673398623 
97000 0.2375 0.943291531788332 
97100 0.2125 0.9432930659828426 
97200 0.1875 0.9432981013569819 
97300 0.2375 0.943300717618524 
97400 0.2875 0.9432983875935566 
97500 0.2 0.9432952290232921 
97600 0.15 0.9432975520230326 
97700 0.2375 0.943304604098218 
97800 0.175 0.9433109707467204 
97900 0.15 0.9433176116689309 
98000 0.225 0.9433251318864093 
98100 0.2125 0.9433272214350517 
98200 0.2 0.9433280974735492 
98300 0.275 0.9433365695669423 
98400 0.1875 0.9433406418633957 
98500 0.2125 0.9433456576582979 
98600 0.25 0.9433463846715551 
98700 0.2125 0.9433530941935745 
98800 0.2125 0.9433574179411139 
98900 0.2125 0.9433570249542472 
99000 0.2375 0.9433534446621751 
99100 0.175 0.9433610659831889 
99200 0.2875 0.9433573313273051 
99300 0.25 0.9433538559531123 
99400 0.2125 0.9433482183277834 
99500 0.2 0.9433475228892172 
99600 0.225 0.9433519430025803 
99700 0.2125 0.9433553825939559 
99800 0.225 0.9433482630434564 
99900 0.225 0.9433484774927178 
