0 0.010869565217391304 0.9972826086956522 
100 0.11956521739130435 0.9705929832113647 
200 0.15217391304347827 0.9690677049534934 
300 0.13043478260869565 0.970009388993211 
400 0.13043478260869565 0.9698037514908381 
500 0.11956521739130435 0.9694361277445109 
600 0.10869565217391304 0.9691908413513709 
700 0.09782608695652174 0.9692752589468461 
800 0.10869565217391304 0.9695862508820496 
900 0.11956521739130435 0.9695959803117309 
1000 0.11956521739130435 0.9690635451505016 
1100 0.13043478260869565 0.9687068080401217 
1200 0.16304347826086957 0.9688009086630707 
1300 0.16304347826086957 0.9687969956220968 
1400 0.13043478260869565 0.9687858827545542 
1500 0.13043478260869565 0.9687400428699707 
1600 0.14130434782608695 0.9686642859082638 
1700 0.11956521739130435 0.9688450527822509 
1800 0.14130434782608695 0.9688563720638292 
1900 0.10869565217391304 0.9689608444068339 
2000 0.13043478260869565 0.968777839341199 
2100 0.07608695652173914 0.9686924445916023 
2200 0.14130434782608695 0.9685740671236395 
2300 0.09782608695652174 0.9685887988209285 
2400 0.17391304347826086 0.9686487061550441 
2500 0.11956521739130435 0.9686418910696591 
2600 0.10869565217391304 0.9688361917657088 
2700 0.11956521739130435 0.968927571108929 
2800 0.10869565217391304 0.9689474256088664 
2900 0.15217391304347827 0.9689724682643166 
3000 0.16304347826086957 0.968812026425974 
3100 0.11956521739130435 0.969002811154887 
3200 0.10869565217391304 0.9689516183801258 
3300 0.10869565217391304 0.9689084664726104 
3400 0.13043478260869565 0.9690220587295296 
3500 0.11956521739130435 0.9690406778187599 
3600 0.09782608695652174 0.9690439249966797 
3700 0.09782608695652174 0.9691057352301963 
3800 0.11956521739130435 0.9691113894512886 
3900 0.11956521739130435 0.9690861038975513 
4000 0.14130434782608695 0.9691136998359106 
4100 0.09782608695652174 0.9690988677204924 
4200 0.15217391304347827 0.9691293739585813 
4300 0.14130434782608695 0.9691976335129343 
4400 0.13043478260869565 0.9691646167373028 
4500 0.14130434782608695 0.9690093022806526 
4600 0.14130434782608695 0.9689333840469463 
4700 0.09782608695652174 0.9688809272772676 
4800 0.15217391304347827 0.9688929163308369 
4900 0.11956521739130435 0.9687713465752331 
5000 0.10869565217391304 0.9687002816827939 
5100 0.08695652173913043 0.9688578752674242 
5200 0.13043478260869565 0.9688913294266153 
5300 0.06521739130434782 0.9688707216849979 
5400 0.14130434782608695 0.9689147742366551 
5500 0.10869565217391304 0.968863862696901 
5600 0.08695652173913043 0.9688870582116548 
5700 0.13043478260869565 0.9688655880356611 
5800 0.11956521739130435 0.968860316437196 
5900 0.13043478260869565 0.9688229887344075 
6000 0.13043478260869565 0.9688086405888874 
6100 0.13043478260869565 0.9687413146811286 
6200 0.16304347826086957 0.9686993857933153 
6300 0.14130434782608695 0.9687010515929149 
6400 0.13043478260869565 0.9686759202026857 
6500 0.14130434782608695 0.9686185402914602 
6600 0.09782608695652174 0.9686588165166016 
6700 0.13043478260869565 0.9686881581593921 
6800 0.14130434782608695 0.9686782794090383 
6900 0.14130434782608695 0.9686690807255407 
7000 0.10869565217391304 0.968725741043205 
7100 0.08695652173913043 0.9688382071110622 
7200 0.11956521739130435 0.9688950960917264 
7300 0.14130434782608695 0.9688830594975077 
7400 0.13043478260869565 0.9689113692039266 
7500 0.16304347826086957 0.9688610359198484 
7600 0.14130434782608695 0.9688105970038268 
7700 0.14130434782608695 0.9687773468154898 
7800 0.09782608695652174 0.9688052117064144 
7900 0.11956521739130435 0.9688540388393324 
8000 0.14130434782608695 0.968809605321074 
8100 0.13043478260869565 0.9688132302506937 
8200 0.13043478260869565 0.9687922469688214 
8300 0.09782608695652174 0.9687812626032485 
8400 0.13043478260869565 0.9687792731714133 
8500 0.08695652173913043 0.9688345488766028 
8600 0.10869565217391304 0.9688304064744746 
8700 0.10869565217391304 0.9687973146514893 
8800 0.11956521739130435 0.9688220953152556 
8900 0.15217391304347827 0.9688307493540051 
9000 0.14130434782608695 0.9688141534998527 
9100 0.08695652173913043 0.9687862776665727 
9200 0.13043478260869565 0.9687607797829159 
9300 0.14130434782608695 0.9687443028566354 
9400 0.13043478260869565 0.9687513007404392 
9500 0.15217391304347827 0.9687693057481364 
9600 0.14130434782608695 0.968732593525131 
9700 0.09782608695652174 0.9687366945586067 
9800 0.07608695652173914 0.9688042036526885 
9900 0.10869565217391304 0.9688404333334797 
10000 0.16304347826086957 0.9688620811831861 
10100 0.15217391304347827 0.9688270748053357 
10200 0.14130434782608695 0.9688510930300951 
10300 0.09782608695652174 0.9688448356639077 
10400 0.16304347826086957 0.9688112660571935 
10500 0.11956521739130435 0.9687602215938027 
10600 0.13043478260869565 0.9687788375173794 
10700 0.13043478260869565 0.9687874558655631 
10800 0.09782608695652174 0.9687700011673638 
10900 0.16304347826086957 0.9687588494075134 
11000 0.13043478260869565 0.9687701315690669 
11100 0.10869565217391304 0.9688473032198431 
11200 0.13043478260869565 0.968815866595762 
11300 0.10869565217391304 0.9688475048379712 
11400 0.13043478260869565 0.9688373540841192 
11500 0.13043478260869565 0.9688136759374422 
11600 0.13043478260869565 0.9688084423007012 
11700 0.16304347826086957 0.9687768232369586 
11800 0.13043478260869565 0.9687498848660577 
11900 0.14130434782608695 0.9687165492121598 
12000 0.09782608695652174 0.9686871655622901 
12100 0.10869565217391304 0.9686932987931288 
12200 0.14130434782608695 0.9687434297972725 
12300 0.11956521739130435 0.9687490059132697 
12400 0.11956521739130435 0.9687268821238119 
12500 0.08695652173913043 0.9687531519217593 
12600 0.14130434782608695 0.9687787891230165 
12700 0.16304347826086957 0.9687601626712036 
12800 0.08695652173913043 0.9687915006640107 
12900 0.08695652173913043 0.9688023425888792 
13000 0.13043478260869565 0.9688163619520906 
13100 0.14130434782608695 0.9687851574556207 
13200 0.09782608695652174 0.9687661590195736 
13300 0.13043478260869565 0.9687795213174557 
13400 0.10869565217391304 0.9688202616287558 
13500 0.14130434782608695 0.968825175590858 
13600 0.14130434782608695 0.9688024457920293 
13700 0.11956521739130435 0.9687812378023819 
13800 0.14130434782608695 0.9687861308096767 
13900 0.13043478260869565 0.9687631950156854 
14000 0.09782608695652174 0.9687623244302426 
14100 0.14130434782608695 0.9687811225229169 
14200 0.09782608695652174 0.968780903365654 
14300 0.14130434782608695 0.9688103294692071 
14400 0.13043478260869565 0.9688006645069938 
14500 0.15217391304347827 0.9687765161623036 
14600 0.14130434782608695 0.9687720540284614 
14700 0.14130434782608695 0.9687637708762787 
14800 0.10869565217391304 0.9687578027924083 
14900 0.14130434782608695 0.9687911228601523 
15000 0.14130434782608695 0.96878813151587 
15100 0.16304347826086957 0.9687736631320125 
15200 0.13043478260869565 0.9687441901705551 
15300 0.11956521739130435 0.9687662500035519 
15400 0.13043478260869565 0.9687497353362148 
15500 0.09782608695652174 0.9687008271556112 
15600 0.15217391304347827 0.9686866853574047 
15700 0.11956521739130435 0.968704049589752 
15800 0.09782608695652174 0.968714143023419 
15900 0.11956521739130435 0.9687417116232777 
16000 0.11956521739130435 0.9687584064039476 
16100 0.11956521739130435 0.9687254437342536 
16200 0.14130434782608695 0.9687193893023244 
16300 0.13043478260869565 0.9687370806805664 
16400 0.14130434782608695 0.9687207566876888 
16500 0.11956521739130435 0.968738884072902 
16600 0.14130434782608695 0.9687410789816224 
16700 0.11956521739130435 0.9687401561479005 
16800 0.13043478260869565 0.9687460373735518 
16900 0.10869565217391304 0.9687700174674511 
17000 0.08695652173913043 0.9687706989102943 
17100 0.14130434782608695 0.9687880571438742 
17200 0.15217391304347827 0.9688015800395832 
17300 0.15217391304347827 0.9687948422182181 
17400 0.11956521739130435 0.9687941160303131 
17500 0.09782608695652174 0.9688100120986876 
17600 0.11956521739130435 0.9688221766055782 
17700 0.13043478260869565 0.968820694237368 
17800 0.10869565217391304 0.9688367837175733 
17900 0.15217391304347827 0.9688153503690589 
18000 0.17391304347826086 0.9687998915519186 
18100 0.11956521739130435 0.9687580316244839 
18200 0.13043478260869565 0.9687623171684308 
18300 0.13043478260869565 0.9687641801469628 
18400 0.11956521739130435 0.96877429274874 
18500 0.15217391304347827 0.9687704894917548 
18600 0.11956521739130435 0.9687550400516102 
18700 0.11956521739130435 0.9687913399190464 
18800 0.11956521739130435 0.9687749321844583 
18900 0.14130434782608695 0.9687749440448286 
19000 0.09782608695652174 0.9688014131979323 
19100 0.14130434782608695 0.9687904742069047 
19200 0.14130434782608695 0.9687555901753305 
19300 0.14130434782608695 0.9687224755194032 
19400 0.09782608695652174 0.968736623840546 
19500 0.13043478260869565 0.9687591271796541 
19600 0.14130434782608695 0.9687601896975088 
19700 0.11956521739130435 0.9687779311577651 
19800 0.10869565217391304 0.9687731241065998 
19900 0.13043478260869565 0.9687537550002949 
20000 0.13043478260869565 0.9687841694871778 
20100 0.10869565217391304 0.9687746716040517 
20200 0.14130434782608695 0.9687738768851305 
20300 0.09782608695652174 0.9687705467496782 
20400 0.10869565217391304 0.9687885610892901 
20500 0.11956521739130435 0.9687822757320428 
20600 0.16304347826086957 0.9687934629597972 
20700 0.10869565217391304 0.9688072987442321 
20800 0.13043478260869565 0.9688066313701473 
20900 0.11956521739130435 0.968807530532136 
21000 0.09782608695652174 0.9688094562784795 
21100 0.14130434782608695 0.968820635947606 
21200 0.11956521739130435 0.9688132532714823 
21300 0.14130434782608695 0.9688064501972758 
21400 0.11956521739130435 0.9688211694699354 
21500 0.15217391304347827 0.9688390378202834 
21600 0.10869565217391304 0.9688184977346057 
21700 0.10869565217391304 0.968822189119716 
21800 0.11956521739130435 0.9688480334966685 
21900 0.08695652173913043 0.9688513081594448 
22000 0.13043478260869565 0.9688656691494261 
22100 0.15217391304347827 0.9688572767708721 
22200 0.14130434782608695 0.9688421056239143 
22300 0.10869565217391304 0.9688385244958795 
22400 0.13043478260869565 0.9688414045956799 
22500 0.17391304347826086 0.9688402737656104 
22600 0.15217391304347827 0.9688122206981992 
22700 0.11956521739130435 0.9688095525383865 
22800 0.09782608695652174 0.9688129858911604 
22900 0.15217391304347827 0.9688090324515922 
23000 0.11956521739130435 0.9688101935076546 
23100 0.06521739130434782 0.9688201668288404 
23200 0.11956521739130435 0.9688415323177599 
23300 0.09782608695652174 0.9688175820033849 
23400 0.13043478260869565 0.9688232154701676 
23500 0.09782608695652174 0.9688288009945922 
23600 0.11956521739130435 0.9688384841836105 
23700 0.11956521739130435 0.9688519838641921 
23800 0.08695652173913043 0.9688614882823703 
23900 0.11956521739130435 0.9688611355173423 
24000 0.10869565217391304 0.96887278700344 
24100 0.13043478260869565 0.9688648360252056 
24200 0.10869565217391304 0.9688684037490366 
24300 0.13043478260869565 0.9688765268203312 
24400 0.09782608695652174 0.9688755628333122 
24500 0.15217391304347827 0.9688493193711702 
24600 0.08695652173913043 0.9688577523359778 
24700 0.09782608695652174 0.9688726076923483 
24800 0.11956521739130435 0.9688715654873664 
24900 0.14130434782608695 0.9688799166438226 
25000 0.15217391304347827 0.9688899400545717 
25100 0.11956521739130435 0.9689075699391848 
25200 0.15217391304347827 0.9688971322739091 
25300 0.16304347826086957 0.9688706667376955 
25400 0.13043478260869565 0.9688597076801153 
25500 0.16304347826086957 0.9688361539104179 
25600 0.10869565217391304 0.9688248845578382 
25700 0.11956521739130435 0.9688262848848717 
25800 0.10869565217391304 0.9688235668317541 
25900 0.14130434782608695 0.9688370266046468 
26000 0.11956521739130435 0.9688342881461081 
26100 0.16304347826086957 0.9688150170824706 
26200 0.14130434782608695 0.968804397608455 
26300 0.11956521739130435 0.9687947887582387 
26400 0.06521739130434782 0.9687991479242387 
26500 0.13043478260869565 0.9688117798672077 
26600 0.11956521739130435 0.9688127734655284 
26700 0.15217391304347827 0.9687931000793001 
26800 0.10869565217391304 0.9688003408373795 
26900 0.16304347826086957 0.9687851025418482 
27000 0.11956521739130435 0.968779739236711 
27100 0.10869565217391304 0.9687882526394822 
27200 0.11956521739130435 0.9687885116116255 
27300 0.11956521739130435 0.9687934468079685 
27400 0.13043478260869565 0.968792792392534 
27500 0.16304347826086957 0.9688076560061848 
27600 0.10869565217391304 0.9688013430515278 
27700 0.14130434782608695 0.9687907593981068 
27800 0.13043478260869565 0.9687781992515127 
27900 0.15217391304347827 0.9687933890479226 
28000 0.13043478260869565 0.9687916813529952 
28100 0.15217391304347827 0.9687868913840294 
28200 0.13043478260869565 0.9687744267471243 
28300 0.11956521739130435 0.9687900873067936 
28400 0.16304347826086957 0.9687814306905911 
28500 0.09782608695652174 0.968784371410309 
28600 0.11956521739130435 0.9687984077783841 
28700 0.13043478260869565 0.9688289152173155 
28800 0.13043478260869565 0.9688226027779833 
28900 0.10869565217391304 0.9688148296358032 
29000 0.14130434782608695 0.9688134816940346 
29100 0.15217391304347827 0.9688072873635001 
29200 0.10869565217391304 0.9688061605990266 
29300 0.10869565217391304 0.9688031867142092 
29400 0.11956521739130435 0.9688140968290047 
29500 0.11956521739130435 0.9688036551450725 
29600 0.13043478260869565 0.9687894283830012 
29700 0.11956521739130435 0.9687834401710965 
29800 0.15217391304347827 0.9687760331941005 
29900 0.08695652173913043 0.9687673125662513 
30000 0.10869565217391304 0.9687805696331862 
30100 0.13043478260869565 0.9687643087113963 
30200 0.09782608695652174 0.9687679503845971 
30300 0.11956521739130435 0.9687710299416148 
30400 0.09782608695652174 0.9687765920171391 
30500 0.13043478260869565 0.9687781084868208 
30600 0.09782608695652174 0.9687830782739411 
30700 0.11956521739130435 0.9687914676338258 
30800 0.10869565217391304 0.9687974204677149 
30900 0.13043478260869565 0.9687984981490679 
31000 0.10869565217391304 0.9687966762643 
31100 0.13043478260869565 0.9688049140038836 
31200 0.11956521739130435 0.9688118796359648 
31300 0.10869565217391304 0.9688174985380381 
31400 0.13043478260869565 0.9688118316641813 
31500 0.14130434782608695 0.9687999035227315 
31600 0.14130434782608695 0.9688016374000272 
31700 0.11956521739130435 0.9688054176044371 
31800 0.15217391304347827 0.968791742261318 
31900 0.13043478260869565 0.9687903336817846 
32000 0.11956521739130435 0.9687874903365792 
32100 0.15217391304347827 0.9687903363433077 
32200 0.11956521739130435 0.9687876794266449 
32300 0.15217391304347827 0.9687919373878585 
32400 0.10869565217391304 0.9687767118030441 
32500 0.14130434782608695 0.9687705261242798 
32600 0.16304347826086957 0.9687641283342869 
32700 0.14130434782608695 0.9687638358353621 
32800 0.07608695652173914 0.9687687643404297 
32900 0.11956521739130435 0.9687841521930746 
33000 0.11956521739130435 0.9687738382104363 
33100 0.11956521739130435 0.9687672807730753 
33200 0.15217391304347827 0.9687591259037509 
33300 0.16304347826086957 0.9687476743745781 
33400 0.15217391304347827 0.9687214845168656 
33500 0.09782608695652174 0.968731627738562 
33600 0.15217391304347827 0.9687319250332871 
33700 0.09782608695652174 0.9687374616673741 
33800 0.11956521739130435 0.9687549442195561 
33900 0.08695652173913043 0.9687744077063265 
34000 0.11956521739130435 0.9687671430379925 
34100 0.13043478260869565 0.9687785676309377 
34200 0.13043478260869565 0.9687771333917264 
34300 0.11956521739130435 0.9687841842613284 
34400 0.13043478260869565 0.9687832159833574 
34500 0.14130434782608695 0.9687878454688774 
34600 0.11956521739130435 0.9687772123952185 
34700 0.15217391304347827 0.9687712608207005 
34800 0.11956521739130435 0.9687640941102392 
34900 0.09782608695652174 0.9687817279435122 
35000 0.15217391304347827 0.9687796963565016 
35100 0.17391304347826086 0.9687801536683582 
35200 0.05434782608695652 0.9687915702740658 
35300 0.11956521739130435 0.9688112357945273 
35400 0.13043478260869565 0.9688084529668162 
35500 0.09782608695652174 0.9688206119117282 
35600 0.08695652173913043 0.9688460601375389 
35700 0.17391304347826086 0.9688450299163462 
35800 0.10869565217391304 0.9688406657331651 
35900 0.07608695652173914 0.9688422297792358 
36000 0.08695652173913043 0.9688586548924366 
36100 0.17391304347826086 0.9688595582682884 
36200 0.14130434782608695 0.9688518993590136 
36300 0.14130434782608695 0.9688457797904717 
36400 0.10869565217391304 0.9688458899241899 
36500 0.10869565217391304 0.9688579854274392 
36600 0.14130434782608695 0.96886199652421 
36700 0.08695652173913043 0.9688577671737413 
36800 0.10869565217391304 0.9688562190535938 
36900 0.17391304347826086 0.9688555630046553 
37000 0.08695652173913043 0.968848007045638 
37100 0.11956521739130435 0.9688493542304614 
37200 0.13043478260869565 0.9688445582926125 
37300 0.14130434782608695 0.9688429934854293 
37400 0.17391304347826086 0.9688321371318832 
37500 0.16304347826086957 0.9688205415971516 
37600 0.13043478260869565 0.9688289540171804 
37700 0.09782608695652174 0.9688301140668625 
37800 0.11956521739130435 0.9688283925085948 
37900 0.14130434782608695 0.9688256762756059 
38000 0.11956521739130435 0.9688291955703683 
38100 0.13043478260869565 0.9688398284650751 
38200 0.08695652173913043 0.9688481294024854 
38300 0.14130434782608695 0.968854258544731 
38400 0.13043478260869565 0.9688571006416273 
38500 0.10869565217391304 0.9688639510210351 
38600 0.14130434782608695 0.9688678796336657 
38700 0.10869565217391304 0.9688727709541266 
38800 0.10869565217391304 0.9688798081178992 
38900 0.13043478260869565 0.9688844340650682 
39000 0.13043478260869565 0.9688878518165086 
39100 0.13043478260869565 0.968887707753499 
39200 0.11956521739130435 0.9688798699678247 
39300 0.13043478260869565 0.9688843795323274 
39400 0.07608695652173914 0.9688932801308288 
39500 0.13043478260869565 0.9689041994533986 
39600 0.14130434782608695 0.9688938602780123 
39700 0.15217391304347827 0.968894045490038 
39800 0.11956521739130435 0.968896278004813 
39900 0.11956521739130435 0.9689099406901647 
40000 0.16304347826086957 0.9689010492129001 
40100 0.13043478260869565 0.9689019600508716 
40200 0.10869565217391304 0.9688984050796919 
40300 0.11956521739130435 0.9688927775014753 
40400 0.13043478260869565 0.9689047327713585 
40500 0.10869565217391304 0.9689073028792633 
40600 0.13043478260869565 0.9689073839474933 
40700 0.13043478260869565 0.9688937110828385 
40800 0.14130434782608695 0.9688920268365119 
40900 0.09782608695652174 0.9688965295841603 
41000 0.10869565217391304 0.9688866284279387 
41100 0.11956521739130435 0.9688763126465769 
41200 0.08695652173913043 0.9688808207483356 
41300 0.11956521739130435 0.9688886625547545 
41400 0.13043478260869565 0.9688881307214802 
41500 0.13043478260869565 0.9688974885885411 
41600 0.11956521739130435 0.9688987017452548 
41700 0.11956521739130435 0.9689029717773424 
41800 0.13043478260869565 0.9689017607234277 
41900 0.13043478260869565 0.968885185369655 
42000 0.09782608695652174 0.9688997441054716 
42100 0.13043478260869565 0.9688983557139508 
42200 0.18478260869565216 0.9688966519441637 
42300 0.14130434782608695 0.9688955986239405 
42400 0.15217391304347827 0.9688861547563993 
42500 0.10869565217391304 0.9688793767512376 
42600 0.15217391304347827 0.9688799660755055 
42700 0.10869565217391304 0.9688725979332528 
42800 0.11956521739130435 0.9688692005367612 
42900 0.13043478260869565 0.9688565711957662 
43000 0.10869565217391304 0.9688433686577562 
43100 0.06521739130434782 0.9688506546302265 
43200 0.11956521739130435 0.9688437541200234 
43300 0.13043478260869565 0.9688525116901607 
43400 0.10869565217391304 0.9688656116919766 
43500 0.14130434782608695 0.9688667826726622 
43600 0.14130434782608695 0.9688692570872427 
43700 0.16304347826086957 0.9688677405650851 
43800 0.13043478260869565 0.9688538851108224 
43900 0.09782608695652174 0.9688543293556747 
44000 0.11956521739130435 0.968853165886546 
44100 0.13043478260869565 0.9688496662305794 
44200 0.16304347826086957 0.9688400960828154 
44300 0.10869565217391304 0.9688384205675993 
44400 0.13043478260869565 0.9688431175169381 
44500 0.14130434782608695 0.9688513350457195 
44600 0.09782608695652174 0.9688457462934639 
44700 0.11956521739130435 0.968841094402129 
44800 0.11956521739130435 0.9688404058333325 
44900 0.16304347826086957 0.9688311870656507 
45000 0.16304347826086957 0.9688283497081708 
45100 0.11956521739130435 0.9688230546319709 
45200 0.16304347826086957 0.9688222918307886 
45300 0.10869565217391304 0.9688179332829777 
45400 0.11956521739130435 0.968817185122335 
45500 0.11956521739130435 0.968813991665735 
45600 0.11956521739130435 0.9688046743826174 
45700 0.11956521739130435 0.9687999763110502 
45800 0.14130434782608695 0.96878871308107 
45900 0.10869565217391304 0.9687906415792779 
46000 0.16304347826086957 0.9688011271966678 
46100 0.08695652173913043 0.9687924104258797 
46200 0.09782608695652174 0.968792083363526 
46300 0.10869565217391304 0.968795455164364 
46400 0.11956521739130435 0.9688029704194906 
46500 0.11956521739130435 0.9688031486933895 
46600 0.11956521739130435 0.968811081680464 
46700 0.09782608695652174 0.9688183406369661 
46800 0.09782608695652174 0.9688278330173176 
46900 0.11956521739130435 0.9688258130215078 
47000 0.11956521739130435 0.9688269236639738 
47100 0.13043478260869565 0.9688262988046963 
47200 0.11956521739130435 0.9688264825818907 
47300 0.17391304347826086 0.9688162098788241 
47400 0.13043478260869565 0.9688090188887961 
47500 0.13043478260869565 0.9688093522973887 
47600 0.15217391304347827 0.9688108260422005 
47700 0.09782608695652174 0.9688015837786648 
47800 0.16304347826086957 0.9687982923770014 
47900 0.11956521739130435 0.9687926888156098 
48000 0.10869565217391304 0.9688052241665255 
48100 0.15217391304347827 0.9687965788472264 
48200 0.09782608695652174 0.9688074192038231 
48300 0.14130434782608695 0.9688070752878463 
48400 0.10869565217391304 0.968795616421867 
48500 0.09782608695652174 0.9687949060664818 
48600 0.10869565217391304 0.9687940868098079 
48700 0.13043478260869565 0.9687954470178721 
48800 0.17391304347826086 0.9687832706564281 
48900 0.14130434782608695 0.9687761453264493 
49000 0.14130434782608695 0.968764778979666 
49100 0.08695652173913043 0.9687627565364382 
49200 0.11956521739130435 0.9687646636733258 
49300 0.07608695652173914 0.9687710276623721 
49400 0.14130434782608695 0.9687765957914951 
49500 0.13043478260869565 0.9687618849158076 
49600 0.11956521739130435 0.968763504505081 
49700 0.09782608695652174 0.9687696555838698 
49800 0.14130434782608695 0.9687701617655661 
49900 0.11956521739130435 0.9687677253135121 
50000 0.15217391304347827 0.9687637225516359 
50100 0.13043478260869565 0.9687596272920006 
50200 0.13043478260869565 0.9687566309522675 
50300 0.14130434782608695 0.968754348820103 
50400 0.10869565217391304 0.9687519139975657 
50500 0.13043478260869565 0.9687422784568192 
50600 0.16304347826086957 0.9687398771118976 
50700 0.16304347826086957 0.9687201200044935 
50800 0.11956521739130435 0.9687138668958074 
50900 0.14130434782608695 0.9687145251267806 
51000 0.17391304347826086 0.9687053237660301 
51100 0.13043478260869565 0.9686940845197448 
51200 0.15217391304347827 0.9686946713846452 
51300 0.11956521739130435 0.9686821724807466 
51400 0.14130434782608695 0.9686707266733942 
51500 0.10869565217391304 0.968667239893189 
51600 0.13043478260869565 0.9686655571218286 
51700 0.10869565217391304 0.9686599388793253 
51800 0.09782608695652174 0.968667351981622 
51900 0.14130434782608695 0.9686695531542913 
52000 0.16304347826086957 0.9686724774523567 
52100 0.09782608695652174 0.9686574487846766 
52200 0.10869565217391304 0.9686693908079389 
52300 0.08695652173913043 0.9686753121355233 
52400 0.11956521739130435 0.9686668463014728 
52500 0.09782608695652174 0.9686654519209986 
52600 0.13043478260869565 0.9686686606222563 
52700 0.13043478260869565 0.9686727852701418 
52800 0.13043478260869565 0.9686720566063061 
52900 0.11956521739130435 0.9686712279623217 
53000 0.14130434782608695 0.9686661469882029 
53100 0.13043478260869565 0.9686677377728905 
53200 0.13043478260869565 0.9686549186309835 
53300 0.10869565217391304 0.9686578500444155 
53400 0.14130434782608695 0.9686690140959744 
53500 0.10869565217391304 0.9686669814379739 
53600 0.10869565217391304 0.9686677446802988 
53700 0.11956521739130435 0.9686646593092348 
53800 0.07608695652173914 0.9686752731281058 
53900 0.15217391304347827 0.9686871583410165 
54000 0.10869565217391304 0.9686778143399921 
54100 0.09782608695652174 0.9686787514174374 
54200 0.14130434782608695 0.968677930296489 
54300 0.09782608695652174 0.9686791139245574 
54400 0.13043478260869565 0.9686832403176732 
54500 0.11956521739130435 0.9686840109834443 
54600 0.14130434782608695 0.9686813945914352 
54700 0.14130434782608695 0.9686845006410343 
54800 0.09782608695652174 0.9686880912201697 
54900 0.13043478260869565 0.968693252597759 
55000 0.10869565217391304 0.9686912807118921 
55100 0.14130434782608695 0.9686946421709383 
55200 0.09782608695652174 0.9686963177258131 
55300 0.13043478260869565 0.9686956285875796 
55400 0.14130434782608695 0.9686937156996852 
55500 0.16304347826086957 0.9687008185516438 
55600 0.1956521739130435 0.9686952866033846 
55700 0.14130434782608695 0.9687004097186609 
55800 0.14130434782608695 0.9686927069251525 
55900 0.15217391304347827 0.9686913024811721 
56000 0.13043478260869565 0.968689369289213 
56100 0.10869565217391304 0.9686987773603973 
56200 0.16304347826086957 0.9686913256997594 
56300 0.10869565217391304 0.9686864103116556 
56400 0.15217391304347827 0.9686929791562437 
56500 0.14130434782608695 0.968697649060463 
56600 0.13043478260869565 0.9686933726781598 
56700 0.15217391304347827 0.9686812996166773 
56800 0.09782608695652174 0.9686752491344687 
56900 0.13043478260869565 0.9686718465252006 
57000 0.14130434782608695 0.9686700290536474 
57100 0.16304347826086957 0.9686663619688378 
57200 0.11956521739130435 0.9686741091482894 
57300 0.10869565217391304 0.9686841055964575 
57400 0.13043478260869565 0.9686850251813519 
57500 0.16304347826086957 0.9686807904285974 
57600 0.14130434782608695 0.9686710979504431 
57700 0.13043478260869565 0.968674531298154 
57800 0.08695652173913043 0.9686710888859302 
57900 0.11956521739130435 0.9686791566264156 
58000 0.13043478260869565 0.9686761397667056 
58100 0.11956521739130435 0.9686756121087492 
58200 0.11956521739130435 0.9686741991583889 
58300 0.07608695652173914 0.9686737232488368 
58400 0.09782608695652174 0.9686734816184654 
58500 0.09782608695652174 0.9686840637432433 
58600 0.11956521739130435 0.9686864948142301 
58700 0.10869565217391304 0.9686897508597365 
58800 0.15217391304347827 0.9686820432660491 
58900 0.14130434782608695 0.9686731623365071 
59000 0.14130434782608695 0.9686820893971584 
59100 0.11956521739130435 0.9686872159891358 
59200 0.11956521739130435 0.9686883777668268 
59300 0.09782608695652174 0.9686875652071268 
59400 0.11956521739130435 0.9686932971410963 
59500 0.08695652173913043 0.9686978223968469 
59600 0.10869565217391304 0.9687037914449933 
59700 0.10869565217391304 0.9687060991622746 
59800 0.11956521739130435 0.9687064452172168 
59900 0.11956521739130435 0.9687049755284626 
60000 0.15217391304347827 0.9687108928619306 
60100 0.13043478260869565 0.9687013726169643 
60200 0.15217391304347827 0.9686974360529906 
60300 0.10869565217391304 0.9686995060288134 
60400 0.16304347826086957 0.9687079576137164 
60500 0.11956521739130435 0.9687109914819949 
60600 0.10869565217391304 0.9687082757279798 
60700 0.14130434782608695 0.9687158205258419 
60800 0.15217391304347827 0.9687104241706551 
60900 0.09782608695652174 0.9687005389359638 
61000 0.17391304347826086 0.9687010654850277 
61100 0.15217391304347827 0.9686986550422928 
61200 0.13043478260869565 0.9686960748723202 
61300 0.08695652173913043 0.9687005070489665 
61400 0.14130434782608695 0.9686988173964027 
61500 0.10869565217391304 0.9686957635188682 
61600 0.09782608695652174 0.9686936018119412 
61700 0.14130434782608695 0.9686866906533119 
61800 0.11956521739130435 0.9686835832823867 
61900 0.11956521739130435 0.9686878609813847 
62000 0.11956521739130435 0.9686869093275494 
62100 0.10869565217391304 0.9686906428027834 
62200 0.13043478260869565 0.9686965486365031 
62300 0.11956521739130435 0.9686963291118923 
62400 0.11956521739130435 0.9686968070467098 
62500 0.13043478260869565 0.968699674718248 
62600 0.13043478260869565 0.9686917680159297 
62700 0.10869565217391304 0.9686918175495433 
62800 0.15217391304347827 0.9686943333081791 
62900 0.14130434782608695 0.9686961066493033 
63000 0.13043478260869565 0.968688687136091 
63100 0.08695652173913043 0.968687793826736 
63200 0.11956521739130435 0.9686952015756493 
63300 0.15217391304347827 0.9686898362756822 
63400 0.11956521739130435 0.9686865451991911 
63500 0.10869565217391304 0.9686936203674985 
63600 0.11956521739130435 0.9687030659211675 
63700 0.14130434782608695 0.968700836039022 
63800 0.13043478260869565 0.9686970372551064 
63900 0.10869565217391304 0.9686943985363228 
64000 0.10869565217391304 0.9686937211578895 
64100 0.13043478260869565 0.9686946144094611 
64200 0.10869565217391304 0.9686904257213926 
64300 0.11956521739130435 0.9686917861849468 
64400 0.14130434782608695 0.9686887541578817 
64500 0.10869565217391304 0.9686880907812012 
64600 0.08695652173913043 0.9686918462024077 
64700 0.16304347826086957 0.968689626126335 
64800 0.10869565217391304 0.9686885031967435 
64900 0.13043478260869565 0.9686851646286685 
65000 0.09782608695652174 0.9686940853083865 
65100 0.14130434782608695 0.968701976794586 
65200 0.10869565217391304 0.9687046761085953 
65300 0.13043478260869565 0.9687015412907319 
65400 0.11956521739130435 0.9686971695686079 
65500 0.10869565217391304 0.9686913591760631 
65600 0.13043478260869565 0.9686935197170244 
65700 0.11956521739130435 0.96869492920166 
65800 0.16304347826086957 0.9686889835161749 
65900 0.10869565217391304 0.9686857773484997 
66000 0.15217391304347827 0.9686820044887331 
66100 0.11956521739130435 0.968688726014143 
66200 0.14130434782608695 0.9686884080957663 
66300 0.07608695652173914 0.9686885419788409 
66400 0.13043478260869565 0.9687005843285492 
66500 0.11956521739130435 0.9687036415928365 
66600 0.10869565217391304 0.9687056288487639 
66700 0.13043478260869565 0.9687044324346874 
66800 0.10869565217391304 0.9687024260246039 
66900 0.17391304347826086 0.9687016441555758 
67000 0.16304347826086957 0.9686995262238136 
67100 0.08695652173913043 0.9687048255614671 
67200 0.10869565217391304 0.968712737517493 
67300 0.11956521739130435 0.9687129543911422 
67400 0.13043478260869565 0.9687187343369309 
67500 0.13043478260869565 0.9687203506807951 
67600 0.10869565217391304 0.968717419924969 
67700 0.10869565217391304 0.9687229669717806 
67800 0.15217391304347827 0.9687236481057416 
67900 0.09782608695652174 0.9687263682484025 
68000 0.10869565217391304 0.968730638871679 
68100 0.10869565217391304 0.9687328220296836 
68200 0.15217391304347827 0.9687334050310368 
68300 0.13043478260869565 0.9687339863252368 
68400 0.11956521739130435 0.96873774410875 
68500 0.15217391304347827 0.9687373256372646 
68600 0.14130434782608695 0.9687405526475403 
68700 0.14130434782608695 0.9687367296723103 
68800 0.14130434782608695 0.9687337472344626 
68900 0.09782608695652174 0.9687346779216305 
69000 0.15217391304347827 0.9687402923587118 
69100 0.09782608695652174 0.9687371210886648 
69200 0.13043478260869565 0.9687345480054008 
69300 0.15217391304347827 0.9687350016280586 
69400 0.11956521739130435 0.9687333395772395 
69500 0.10869565217391304 0.9687393456334379 
69600 0.08695652173913043 0.9687461152794531 
69700 0.043478260869565216 0.9687564912361684 
69800 0.13043478260869565 0.9687684725458648 
69900 0.14130434782608695 0.9687705842362149 
70000 0.11956521739130435 0.9687756013423411 
70100 0.13043478260869565 0.9687706418006814 
70200 0.08695652173913043 0.9687737865123933 
70300 0.09782608695652174 0.9687716267255769 
70400 0.14130434782608695 0.9687718661975527 
70500 0.11956521739130435 0.9687662463005459 
70600 0.07608695652173914 0.9687651840748653 
70700 0.17391304347826086 0.9687745791677506 
70800 0.10869565217391304 0.9687687489675594 
70900 0.13043478260869565 0.9687725935060706 
71000 0.10869565217391304 0.9687671652511937 
71100 0.13043478260869565 0.9687590769529933 
71200 0.14130434782608695 0.9687592168649317 
71300 0.14130434782608695 0.9687497903864999 
71400 0.07608695652173914 0.9687476974807928 
71500 0.13043478260869565 0.9687464085330518 
71600 0.16304347826086957 0.9687467930676217 
71700 0.11956521739130435 0.9687525202789604 
71800 0.13043478260869565 0.9687437743085812 
71900 0.10869565217391304 0.9687474867314538 
72000 0.14130434782608695 0.968753943936769 
72100 0.10869565217391304 0.9687563128534067 
72200 0.11956521739130435 0.9687560030181444 
72300 0.07608695652173914 0.96875670881935 
72400 0.15217391304347827 0.968760677999283 
72500 0.17391304347826086 0.9687549287176249 
72600 0.10869565217391304 0.9687496069942743 
72700 0.11956521739130435 0.9687457202610095 
72800 0.16304347826086957 0.9687407244167096 
72900 0.10869565217391304 0.9687327229959868 
73000 0.11956521739130435 0.9687412337412888 
73100 0.16304347826086957 0.968741022694628 
73200 0.11956521739130435 0.9687435592766314 
73300 0.09782608695652174 0.9687439387801222 
73400 0.13043478260869565 0.968750388722343 
73500 0.10869565217391304 0.968745655930147 
73600 0.10869565217391304 0.9687505353483501 
73700 0.11956521739130435 0.9687526362393761 
73800 0.09782608695652174 0.9687609909256562 
73900 0.10869565217391304 0.9687595787666579 
74000 0.11956521739130435 0.9687573992830885 
74100 0.14130434782608695 0.968760066313721 
74200 0.11956521739130435 0.9687611880303969 
74300 0.13043478260869565 0.9687623798731716 
74400 0.14130434782608695 0.968761559714894 
74500 0.10869565217391304 0.9687646445364316 
74600 0.11956521739130435 0.9687616015754539 
74700 0.13043478260869565 0.9687588213998648 
74800 0.06521739130434782 0.9687641498631441 
74900 0.11956521739130435 0.9687773368092258 
75000 0.08695652173913043 0.9687767931210193 
75100 0.11956521739130435 0.9687882636889569 
75200 0.11956521739130435 0.9687858278942868 
75300 0.09782608695652174 0.968786538142862 
75400 0.11956521739130435 0.9687915712108535 
75500 0.16304347826086957 0.968787341140889 
75600 0.11956521739130435 0.9687916050109758 
75700 0.11956521739130435 0.968789180890724 
75800 0.16304347826086957 0.9687890216545267 
75900 0.08695652173913043 0.968786571523661 
76000 0.10869565217391304 0.9687887759486002 
76100 0.13043478260869565 0.9687863325797581 
76200 0.11956521739130435 0.9687916340251155 
76300 0.11956521739130435 0.9687892289291326 
76400 0.13043478260869565 0.9687949395153603 
76500 0.13043478260869565 0.9687920746134038 
76600 0.14130434782608695 0.9687908490239939 
76700 0.16304347826086957 0.9687844540885188 
76800 0.16304347826086957 0.9687768020457161 
76900 0.13043478260869565 0.9687792760652743 
77000 0.11956521739130435 0.9687764148178765 
77100 0.14130434782608695 0.9687764158024229 
77200 0.10869565217391304 0.9687769799670313 
77300 0.09782608695652174 0.968777366905091 
77400 0.11956521739130435 0.9687825977419683 
77500 0.14130434782608695 0.9687820998663131 
77600 0.14130434782608695 0.968774319638418 
77700 0.11956521739130435 0.968776141877196 
77800 0.10869565217391304 0.9687787627631924 
77900 0.13043478260869565 0.9687774003012742 
78000 0.11956521739130435 0.9687775742005538 
78100 0.16304347826086957 0.9687794525260769 
78200 0.16304347826086957 0.9687719438703942 
78300 0.15217391304347827 0.9687604286801823 
78400 0.17391304347826086 0.9687569840224975 
78500 0.07608695652173914 0.968758463614144 
78600 0.09782608695652174 0.9687595591493193 
78700 0.16304347826086957 0.9687497065116569 
78800 0.11956521739130435 0.9687459481037264 
78900 0.13043478260869565 0.968746986454682 
79000 0.16304347826086957 0.9687409708077444 
79100 0.10869565217391304 0.9687429060150397 
79200 0.13043478260869565 0.968741576879519 
79300 0.15217391304347827 0.9687318899975492 
79400 0.14130434782608695 0.9687264712469397 
79500 0.16304347826086957 0.9687211344894212 
79600 0.09782608695652174 0.9687245503798019 
79700 0.11956521739130435 0.9687274121812884 
79800 0.14130434782608695 0.968731560790074 
79900 0.09782608695652174 0.9687331483036344 
80000 0.08695652173913043 0.968742374415972 
80100 0.09782608695652174 0.968750525830704 
80200 0.15217391304347827 0.9687561157483128 
80300 0.13043478260869565 0.9687486971573801 
80400 0.09782608695652174 0.9687489353636636 
80500 0.10869565217391304 0.9687481602983058 
80600 0.11956521739130435 0.968749949428829 
80700 0.13043478260869565 0.9687524412444649 
80800 0.15217391304347827 0.9687513956725675 
80900 0.13043478260869565 0.9687541146640312 
81000 0.06521739130434782 0.9687534386317291 
81100 0.14130434782608695 0.9687543725671104 
81200 0.10869565217391304 0.9687506191024634 
81300 0.15217391304347827 0.968745036560329 
81400 0.13043478260869565 0.9687409365764655 
81500 0.11956521739130435 0.9687447486640601 
81600 0.09782608695652174 0.9687444553908386 
81700 0.09782608695652174 0.968745526503587 
81800 0.13043478260869565 0.9687485217306262 
81900 0.13043478260869565 0.968746068291357 
82000 0.11956521739130435 0.9687536286673069 
82100 0.14130434782608695 0.9687526644011644 
82200 0.10869565217391304 0.9687550082697608 
82300 0.09782608695652174 0.9687532192276178 
82400 0.13043478260869565 0.9687535780749812 
82500 0.15217391304347827 0.9687543971799024 
82600 0.14130434782608695 0.9687505757115268 
82700 0.09782608695652174 0.9687496549907656 
82800 0.10869565217391304 0.9687573348988119 
82900 0.1956521739130435 0.9687532614858058 
83000 0.11956521739130435 0.9687487722777567 
83100 0.10869565217391304 0.968754888629499 
83200 0.17391304347826086 0.9687563851396017 
83300 0.14130434782608695 0.9687523650480734 
83400 0.10869565217391304 0.968750928593808 
83500 0.10869565217391304 0.9687542468900399 
83600 0.08695652173913043 0.9687568746577299 
83700 0.15217391304347827 0.9687551457751011 
83800 0.10869565217391304 0.9687506647476968 
83900 0.18478260869565216 0.9687501457463066 
84000 0.16304347826086957 0.9687434492239482 
84100 0.15217391304347827 0.9687389334666444 
84200 0.11956521739130435 0.9687372361579926 
84300 0.16304347826086957 0.9687361553295308 
84400 0.09782608695652174 0.9687372664037053 
84500 0.13043478260869565 0.9687387285872099 
84600 0.09782608695652174 0.9687399945935473 
84700 0.10869565217391304 0.9687395572558817 
84800 0.11956521739130435 0.968739633658955 
84900 0.09782608695652174 0.9687424944551788 
85000 0.15217391304347827 0.9687461797124638 
85100 0.11956521739130435 0.9687482278091045 
85200 0.11956521739130435 0.968748293676896 
85300 0.09782608695652174 0.968746193148253 
85400 0.13043478260869565 0.9687502704631806 
85500 0.15217391304347827 0.9687508104405593 
85600 0.15217391304347827 0.9687462064898673 
85700 0.10869565217391304 0.9687480816772976 
85800 0.14130434782608695 0.9687448534855426 
85900 0.10869565217391304 0.9687435624832024 
86000 0.09782608695652174 0.9687480883690432 
86100 0.07608695652173914 0.9687557282322127 
86200 0.07608695652173914 0.9687660614246884 
86300 0.13043478260869565 0.9687686877526231 
86400 0.08695652173913043 0.9687734781149373 
86500 0.14130434782608695 0.9687720687320529 
86600 0.11956521739130435 0.9687738318113608 
86700 0.11956521739130435 0.968770325351044 
86800 0.08695652173913043 0.9687724307423827 
86900 0.11956521739130435 0.9687769703455656 
87000 0.11956521739130435 0.9687786884508574 
87100 0.13043478260869565 0.9687772515964724 
87200 0.13043478260869565 0.9687788096267345 
87300 0.13043478260869565 0.9687801773275171 
87400 0.13043478260869565 0.9687814175342736 
87500 0.13043478260869565 0.9687827480729413 
87600 0.18478260869565216 0.9687813768256567 
87700 0.10869565217391304 0.9687839747501764 
87800 0.08695652173913043 0.9687848954874734 
87900 0.13043478260869565 0.9687900802928987 
88000 0.07608695652173914 0.9687927521080542 
88100 0.09782608695652174 0.968800445437376 
88200 0.14130434782608695 0.968804824750582 
88300 0.13043478260869565 0.9688041164042163 
88400 0.09782608695652174 0.9688114018973817 
88500 0.10869565217391304 0.968814341572166 
88600 0.11956521739130435 0.9688132568432096 
88700 0.16304347826086957 0.9688087127589856 
88800 0.15217391304347827 0.9688057089545113 
88900 0.10869565217391304 0.9688144188723852 
89000 0.15217391304347827 0.968818376735386 
89100 0.11956521739130435 0.9688177815307787 
89200 0.10869565217391304 0.9688162432864128 
89300 0.13043478260869565 0.9688147693462705 
89400 0.13043478260869565 0.9688178884294164 
89500 0.15217391304347827 0.9688196039101822 
89600 0.11956521739130435 0.9688220434263398 
89700 0.08695652173913043 0.968827900711688 
89800 0.10869565217391304 0.9688315057012534 
89900 0.08695652173913043 0.9688369767130317 
90000 0.14130434782608695 0.9688381481751652 
90100 0.10869565217391304 0.9688365725323707 
90200 0.14130434782608695 0.9688374104596353 
90300 0.11956521739130435 0.9688419178274784 
90400 0.14130434782608695 0.9688440705975261 
90500 0.10869565217391304 0.968845678140477 
90600 0.09782608695652174 0.9688399338619451 
90700 0.09782608695652174 0.9688396849083204 
90800 0.11956521739130435 0.9688473970550985 
90900 0.11956521739130435 0.9688504586690824 
91000 0.07608695652173914 0.9688541406377283 
91100 0.11956521739130435 0.9688558458528829 
91200 0.13043478260869565 0.9688587391537945 
91300 0.10869565217391304 0.9688606141749007 
91400 0.11956521739130435 0.9688608499193473 
91500 0.14130434782608695 0.9688635797755596 
91600 0.16304347826086957 0.9688603409019172 
91700 0.13043478260869565 0.9688547977050177 
91800 0.11956521739130435 0.9688572292240826 
91900 0.10869565217391304 0.9688560480725241 
92000 0.14130434782608695 0.9688575868504264 
92100 0.08695652173913043 0.9688608040416877 
92200 0.08695652173913043 0.968867521478358 
92300 0.13043478260869565 0.9688671586298703 
92400 0.08695652173913043 0.9688663554365824 
92500 0.07608695652173914 0.9688715174877075 
92600 0.08695652173913043 0.968872560067198 
92700 0.13043478260869565 0.9688730727542454 
92800 0.11956521739130435 0.9688698655327459 
92900 0.10869565217391304 0.9688677767310035 
93000 0.11956521739130435 0.9688706888612231 
93100 0.08695652173913043 0.968869800352399 
93200 0.11956521739130435 0.9688723833435263 
93300 0.10869565217391304 0.9688757180476653 
93400 0.09782608695652174 0.9688791619864419 
93500 0.14130434782608695 0.968877919464242 
93600 0.17391304347826086 0.9688725280712813 
93700 0.13043478260869565 0.9688734123295979 
93800 0.10869565217391304 0.9688722378504354 
93900 0.14130434782608695 0.96887216555086 
94000 0.09782608695652174 0.9688740302485219 
94100 0.14130434782608695 0.968869740098867 
94200 0.13043478260869565 0.9688672764020321 
94300 0.08695652173913043 0.9688689962714213 
94400 0.14130434782608695 0.9688673445795296 
94500 0.11956521739130435 0.9688678242650296 
94600 0.15217391304347827 0.968869854073608 
94700 0.13043478260869565 0.9688713344012253 
94800 0.06521739130434782 0.9688720663375868 
94900 0.09782608695652174 0.9688733407766354 
95000 0.08695652173913043 0.9688789317091857 
95100 0.13043478260869565 0.9688796533479509 
95200 0.11956521739130435 0.9688778616227542 
95300 0.10869565217391304 0.9688770431260587 
95400 0.11956521739130435 0.968879587443938 
95500 0.14130434782608695 0.9688811874494372 
95600 0.11956521739130435 0.9688776961583538 
95700 0.10869565217391304 0.9688782725908548 
95800 0.13043478260869565 0.9688795002139853 
95900 0.09782608695652174 0.9688800735631808 
96000 0.16304347826086957 0.9688797965419744 
96100 0.15217391304347827 0.9688750807008749 
96200 0.14130434782608695 0.9688688775720039 
96300 0.13043478260869565 0.96886909274047 
96400 0.13043478260869565 0.9688648255046967 
96500 0.10869565217391304 0.9688690993515273 
96600 0.13043478260869565 0.9688756710142977 
96700 0.13043478260869565 0.9688727028586099 
96800 0.09782608695652174 0.9688737551220051 
96900 0.13043478260869565 0.9688791799160327 
97000 0.11956521739130435 0.9688813438947066 
97100 0.11956521739130435 0.9688826638600865 
97200 0.10869565217391304 0.9688820800734292 
97300 0.09782608695652174 0.9688827542323842 
97400 0.09782608695652174 0.9688834549060518 
97500 0.13043478260869565 0.9688879723864594 
97600 0.13043478260869565 0.9688831257520081 
97700 0.14130434782608695 0.9688820438400568 
97800 0.14130434782608695 0.968883325857342 
97900 0.14130434782608695 0.9688847995512769 
98000 0.08695652173913043 0.968889569893475 
98100 0.08695652173913043 0.9688882088247117 
98200 0.09782608695652174 0.968894072848811 
98300 0.15217391304347827 0.9688948385239126 
98400 0.15217391304347827 0.9688911841652369 
98500 0.13043478260869565 0.9688924202049592 
98600 0.13043478260869565 0.9688902363632436 
98700 0.11956521739130435 0.9688882496675291 
98800 0.11956521739130435 0.9688905575678471 
98900 0.14130434782608695 0.9688847828944447 
99000 0.11956521739130435 0.9688835762748115 
99100 0.11956521739130435 0.9688812204325583 
99200 0.11956521739130435 0.9688780749492796 
99300 0.10869565217391304 0.9688813118918632 
99400 0.11956521739130435 0.9688767510868362 
99500 0.13043478260869565 0.9688758043943626 
99600 0.09782608695652174 0.9688722131740427 
99700 0.09782608695652174 0.9688724449146426 
99800 0.15217391304347827 0.9688712603297954 
99900 0.13043478260869565 0.9688710573467733 
