0 0.0 1.0 
100 0.08333333333333333 0.9826990511551155 
200 0.07291666666666667 0.9812266791044776 
300 0.08333333333333333 0.9810700442967885 
400 0.0625 0.9810045199501247 
500 0.08333333333333333 0.9818436044577512 
600 0.07291666666666667 0.9811035427066002 
700 0.0625 0.9812693176414645 
800 0.0625 0.9816375364128173 
900 0.07291666666666667 0.9821003283388827 
1000 0.07291666666666667 0.9820674117549117 
1100 0.0625 0.9821327202543143 
1200 0.09375 0.9821698064113239 
1300 0.08333333333333333 0.9820610748142454 
1400 0.07291666666666667 0.982066381156317 
1500 0.09375 0.9820432211858761 
1600 0.08333333333333333 0.9820164480533 
1700 0.0625 0.981974451303155 
1800 0.07291666666666667 0.9818778340736628 
1900 0.10416666666666667 0.981695489216202 
2000 0.07291666666666667 0.9816094556888223 
2100 0.07291666666666667 0.981760917420276 
2200 0.08333333333333333 0.9816560654248069 
2300 0.125 0.9815309014196726 
2400 0.052083333333333336 0.981420501874219 
2500 0.09375 0.981381405771025 
2600 0.0625 0.9814284169550173 
2700 0.07291666666666667 0.9814198830679995 
2800 0.07291666666666667 0.981406380161847 
2900 0.07291666666666667 0.9814045803171321 
3000 0.10416666666666667 0.9813230659224703 
3100 0.07291666666666667 0.9813123118886381 
3200 0.08333333333333333 0.9813412800687286 
3300 0.09375 0.9813290480157528 
3400 0.07291666666666667 0.981302221160443 
3500 0.07291666666666667 0.981272463819861 
3600 0.0625 0.9812949817180413 
3700 0.07291666666666667 0.9814154958119428 
3800 0.07291666666666667 0.9814803396036131 
3900 0.07291666666666667 0.9815151563701615 
4000 0.0625 0.9815612503124219 
4100 0.09375 0.981528895391368 
4200 0.052083333333333336 0.9815346544473538 
4300 0.11458333333333333 0.981555282686197 
4400 0.09375 0.981431185147315 
4500 0.13541666666666666 0.9813241733318522 
4600 0.08333333333333333 0.9811991731869883 
4700 0.07291666666666667 0.9811276855988088 
4800 0.0625 0.9811107061028952 
4900 0.09375 0.9810673204448072 
5000 0.08333333333333333 0.9809949468439645 
5100 0.08333333333333333 0.9808641483696008 
5200 0.10416666666666667 0.9808285065372044 
5300 0.07291666666666667 0.9807495048104131 
5400 0.10416666666666667 0.9806406413935691 
5500 0.052083333333333336 0.9806185807125977 
5600 0.07291666666666667 0.9805582522466226 
5700 0.07291666666666667 0.980596879933345 
5800 0.0625 0.9806453987818192 
5900 0.0625 0.9806198984635373 
6000 0.07291666666666667 0.9806685864855857 
6100 0.09375 0.9806806773479757 
6200 0.08333333333333333 0.9806306442509273 
6300 0.09375 0.9805908784319949 
6400 0.07291666666666667 0.9805661875748581 
6500 0.09375 0.9805029995385325 
6600 0.08333333333333333 0.9804851222037065 
6700 0.08333333333333333 0.9804557311097846 
6800 0.08333333333333333 0.9804811945547224 
6900 0.07291666666666667 0.9804674292373086 
7000 0.08333333333333333 0.9805065050230919 
7100 0.08333333333333333 0.980533844998357 
7200 0.08333333333333333 0.9805231767578577 
7300 0.08333333333333333 0.9804710684609415 
7400 0.08333333333333333 0.9805020014187272 
7500 0.10416666666666667 0.9805019053015154 
7600 0.08333333333333333 0.9804579578344954 
7700 0.0625 0.9804824454616283 
7800 0.0625 0.9805012979105243 
7900 0.07291666666666667 0.9805252763363287 
8000 0.10416666666666667 0.9805216405241012 
8100 0.07291666666666667 0.9804685892688145 
8200 0.08333333333333333 0.980445410620656 
8300 0.0625 0.9804397311568888 
8400 0.10416666666666667 0.9804295371582749 
8500 0.07291666666666667 0.9803825162725954 
8600 0.09375 0.9803813994496764 
8700 0.0625 0.9804051497912117 
8800 0.09375 0.9804363495625497 
8900 0.0625 0.9803978017451223 
9000 0.09375 0.9804147918749768 
9100 0.0625 0.9804122372083653 
9200 0.07291666666666667 0.9804504945114662 
9300 0.08333333333333333 0.980486809214063 
9400 0.0625 0.9804996365634862 
9500 0.07291666666666667 0.980512467985826 
9600 0.11458333333333333 0.9805285582231018 
9700 0.09375 0.9804882121258977 
9800 0.052083333333333336 0.980480839540183 
9900 0.08333333333333333 0.9805128059455274 
10000 0.052083333333333336 0.9805152297270273 
10100 0.07291666666666667 0.98054183991684 
10200 0.052083333333333336 0.9805663966767963 
10300 0.041666666666666664 0.9806000833252435 
10400 0.0625 0.9806173484921321 
10500 0.0625 0.9806337888455068 
10600 0.08333333333333333 0.9806565516617929 
10700 0.07291666666666667 0.9806572302432794 
10800 0.052083333333333336 0.980667058219918 
10900 0.07291666666666667 0.9807077619025777 
11000 0.08333333333333333 0.9807025118928582 
11100 0.0625 0.9807182348437078 
11200 0.07291666666666667 0.9807085676874089 
11300 0.052083333333333336 0.9807075977789577 
11400 0.08333333333333333 0.9807075585474958 
11500 0.09375 0.9807041235544736 
11600 0.0625 0.980742500646496 
11700 0.07291666666666667 0.9807624170298835 
11800 0.0625 0.980761914597633 
11900 0.041666666666666664 0.9807929305660589 
12000 0.0625 0.9808492521456545 
12100 0.0625 0.980874729705534 
12200 0.07291666666666667 0.9809044852880912 
12300 0.07291666666666667 0.9809278293770154 
12400 0.041666666666666664 0.9809423971185119 
12500 0.07291666666666667 0.9809800632616057 
12600 0.07291666666666667 0.9809636057323493 
12700 0.08333333333333333 0.9809771376269585 
12800 0.041666666666666664 0.9809796760669739 
12900 0.08333333333333333 0.9809934791876599 
13000 0.0625 0.9809910455605979 
13100 0.08333333333333333 0.981003557298425 
13200 0.09375 0.9809612355755877 
13300 0.09375 0.9809565540184948 
13400 0.08333333333333333 0.9809593267293486 
13500 0.08333333333333333 0.9809259885070242 
13600 0.07291666666666667 0.9809004163296816 
13700 0.052083333333333336 0.9809069593460331 
13800 0.052083333333333336 0.980936239523706 
13900 0.052083333333333336 0.9809559189386855 
14000 0.0625 0.9809862911577745 
14100 0.052083333333333336 0.980977819244498 
14200 0.08333333333333333 0.9809718505739032 
14300 0.0625 0.9809821719926346 
14400 0.09375 0.9810006683563641 
14500 0.07291666666666667 0.9809894576236121 
14600 0.07291666666666667 0.980968234196288 
14700 0.10416666666666667 0.9809538537627825 
14800 0.07291666666666667 0.9809528635452559 
14900 0.09375 0.9809480417980896 
15000 0.09375 0.9809471035264316 
15100 0.09375 0.9809244489879257 
15200 0.08333333333333333 0.9809135706532465 
15300 0.07291666666666667 0.9809024941180315 
15400 0.09375 0.980886150520529 
15500 0.11458333333333333 0.9808921937831968 
15600 0.08333333333333333 0.9809028334187979 
15700 0.09375 0.9808881268178248 
15800 0.07291666666666667 0.980882176497268 
15900 0.07291666666666667 0.9808872738611827 
16000 0.07291666666666667 0.9808884015061559 
16100 0.10416666666666667 0.9808851481792021 
16200 0.0625 0.9808877216941341 
16300 0.07291666666666667 0.9808877075537288 
16400 0.07291666666666667 0.9808795957563563 
16500 0.03125 0.9808848390501586 
16600 0.07291666666666667 0.980892372196454 
16700 0.0625 0.9809225807336887 
16800 0.09375 0.9809257695474476 
16900 0.09375 0.9809179806914778 
17000 0.07291666666666667 0.9809228439993726 
17100 0.07291666666666667 0.9809218637311659 
17200 0.052083333333333336 0.9809479947871248 
17300 0.08333333333333333 0.9809655451033659 
17400 0.09375 0.9809652342777235 
17500 0.08333333333333333 0.9809692422337771 
17600 0.07291666666666667 0.9809587049978221 
17700 0.07291666666666667 0.9809426962695139 
17800 0.0625 0.9809611000318335 
17900 0.041666666666666664 0.9809750793717297 
18000 0.08333333333333333 0.9809981621391404 
18100 0.041666666666666664 0.9810043010975452 
18200 0.09375 0.9810285435324066 
18300 0.07291666666666667 0.9810330264284283 
18400 0.08333333333333333 0.9810381682154955 
18500 0.07291666666666667 0.9810376240923914 
18600 0.07291666666666667 0.9810389058383958 
18700 0.052083333333333336 0.9810603655330374 
18800 0.09375 0.9810327021612325 
18900 0.08333333333333333 0.9810192472179603 
19000 0.09375 0.9810262179183552 
19100 0.09375 0.9810178459242972 
19200 0.041666666666666664 0.9809954559658352 
19300 0.07291666666666667 0.981006354377148 
19400 0.08333333333333333 0.9809909658866381 
19500 0.052083333333333336 0.9809928283592294 
19600 0.07291666666666667 0.9809912174974066 
19700 0.08333333333333333 0.9809806344432601 
19800 0.0625 0.9809655551908153 
19900 0.09375 0.980957562852788 
20000 0.09375 0.9809536866906655 
20100 0.07291666666666667 0.9809497195413164 
20200 0.07291666666666667 0.9809396038562448 
20300 0.07291666666666667 0.9809333078830271 
20400 0.0625 0.9809261800892113 
20500 0.07291666666666667 0.9809314433848756 
20600 0.08333333333333333 0.9809121320971473 
20700 0.07291666666666667 0.9809069710803021 
20800 0.09375 0.9809155058651027 
20900 0.08333333333333333 0.9809298149610066 
21000 0.08333333333333333 0.9809305955668778 
21100 0.0625 0.9809339604758068 
21200 0.10416666666666667 0.9809446635771898 
21300 0.10416666666666667 0.9809346049872463 
21400 0.10416666666666667 0.9809208681837297 
21500 0.08333333333333333 0.980917311985489 
21600 0.0625 0.9809297023285959 
21700 0.052083333333333336 0.9809542186995991 
21800 0.041666666666666664 0.980974807157164 
21900 0.07291666666666667 0.980982841346666 
22000 0.09375 0.9809645252867294 
22100 0.10416666666666667 0.9809373020451563 
22200 0.08333333333333333 0.9809247518880531 
22300 0.07291666666666667 0.980930881275877 
22400 0.0625 0.9809374209484696 
22500 0.041666666666666664 0.9809390415981512 
22600 0.0625 0.9809556269634087 
22700 0.10416666666666667 0.9809514173384433 
22800 0.09375 0.9809600364750084 
22900 0.052083333333333336 0.9809595969244429 
23000 0.0625 0.9809575761198789 
23100 0.07291666666666667 0.9809803733243871 
23200 0.09375 0.9809778314153126 
23300 0.0625 0.9809675997453614 
23400 0.0625 0.9809806026807971 
23500 0.09375 0.9809964868516233 
23600 0.07291666666666667 0.9809871889256105 
23700 0.10416666666666667 0.9810001643742177 
23800 0.07291666666666667 0.9810133590325336 
23900 0.09375 0.9810311284046692 
24000 0.052083333333333336 0.981033559365582 
24100 0.09375 0.9810173851707398 
24200 0.07291666666666667 0.981016517051637 
24300 0.0625 0.9810318376815769 
24400 0.07291666666666667 0.9810340124380148 
24500 0.07291666666666667 0.9810233085724392 
24600 0.07291666666666667 0.9810240183325881 
24700 0.07291666666666667 0.9810061670917507 
24800 0.09375 0.9809918198862949 
24900 0.07291666666666667 0.9809863727025688 
25000 0.07291666666666667 0.9809777400570644 
25100 0.052083333333333336 0.9809895107100647 
25200 0.09375 0.9809896143340873 
25300 0.0625 0.9809818946550202 
25400 0.07291666666666667 0.9809677768591788 
25500 0.09375 0.9809664326889141 
25600 0.08333333333333333 0.9809719143457938 
25700 0.09375 0.980965498262065 
25800 0.10416666666666667 0.9809546908711548 
25900 0.052083333333333336 0.9809584451372534 
26000 0.08333333333333333 0.9809522550414728 
26100 0.041666666666666664 0.9809528969196583 
26200 0.07291666666666667 0.980961684032416 
26300 0.08333333333333333 0.9809539680050188 
26400 0.07291666666666667 0.9809543988232768 
26500 0.07291666666666667 0.9809579709256254 
26600 0.07291666666666667 0.9809554465370977 
26700 0.0625 0.980960353388762 
26800 0.0625 0.9809697904617987 
26900 0.09375 0.980979447790045 
27000 0.08333333333333333 0.9809645360357023 
27100 0.08333333333333333 0.9809548271588995 
27200 0.0625 0.980949785087558 
27300 0.07291666666666667 0.9809574664542202 
27400 0.07291666666666667 0.9809518813182001 
27500 0.0625 0.980951166169715 
27600 0.09375 0.9809685714889557 
27700 0.0625 0.9809634767998748 
27800 0.08333333333333333 0.9809619782861527 
27900 0.08333333333333333 0.9809420099936681 
28000 0.07291666666666667 0.9809355767055938 
28100 0.08333333333333333 0.9809188099771063 
28200 0.09375 0.9809285722728508 
28300 0.08333333333333333 0.980929523986196 
28400 0.08333333333333333 0.9809309274614744 
28500 0.09375 0.9809291231009438 
28600 0.0625 0.9809348886402574 
28700 0.08333333333333333 0.9809255521003913 
28800 0.052083333333333336 0.9809430445123434 
28900 0.08333333333333333 0.980941493518102 
29000 0.0625 0.9809520756468167 
29100 0.07291666666666667 0.9809481776113077 
29200 0.0625 0.9809547404198486 
29300 0.10416666666666667 0.9809427721465707 
29400 0.08333333333333333 0.9809309738614332 
29500 0.08333333333333333 0.9809227865157113 
29600 0.07291666666666667 0.9809186133914395 
29700 0.0625 0.9809198168131263 
29800 0.10416666666666667 0.980925381418968 
29900 0.07291666666666667 0.9809229833450386 
30000 0.07291666666666667 0.9809299759452462 
30100 0.08333333333333333 0.9809285301983323 
30200 0.08333333333333333 0.9809202820270851 
30300 0.07291666666666667 0.9809215420558177 
30400 0.052083333333333336 0.9809247639880267 
30500 0.08333333333333333 0.980924293465788 
30600 0.041666666666666664 0.9809344636068538 
30700 0.052083333333333336 0.9809500810234194 
30800 0.08333333333333333 0.9809475882817658 
30900 0.08333333333333333 0.9809628935956766 
31000 0.08333333333333333 0.9809707919368192 
31100 0.07291666666666667 0.9809628977632016 
31200 0.08333333333333333 0.9809628998269286 
31300 0.08333333333333333 0.9809674777429901 
31400 0.10416666666666667 0.9809722752990881 
31500 0.09375 0.9809634019554935 
31600 0.0625 0.9809698302005211 
31700 0.09375 0.9809638957235839 
31800 0.08333333333333333 0.9809618473737723 
31900 0.041666666666666664 0.9809644649331787 
32000 0.052083333333333336 0.9809865967730175 
32100 0.07291666666666667 0.9809940694993925 
32200 0.09375 0.9809993122625591 
32300 0.08333333333333333 0.9809946060751473 
32400 0.07291666666666667 0.9809871962542308 
32500 0.0625 0.980986802970165 
32600 0.09375 0.9810016691717023 
32700 0.07291666666666667 0.9810041009194418 
32800 0.09375 0.9810042154456673 
32900 0.09375 0.9809906360495628 
33000 0.07291666666666667 0.9809911063301112 
33100 0.052083333333333336 0.9809931472362365 
33200 0.08333333333333333 0.9809910971557082 
33300 0.08333333333333333 0.9809946116482988 
33400 0.10416666666666667 0.9809941287935491 
33500 0.09375 0.9809783352238242 
33600 0.0625 0.9809696108994772 
33700 0.07291666666666667 0.9809651110748445 
33800 0.07291666666666667 0.9809722715304281 
33900 0.07291666666666667 0.9809803883612086 
34000 0.11458333333333333 0.9809682374538004 
34100 0.08333333333333333 0.9809646344681974 
34200 0.10416666666666667 0.9809582352611522 
34300 0.08333333333333333 0.9809469385003353 
34400 0.07291666666666667 0.9809426718457797 
34500 0.0625 0.9809511861975015 
34600 0.07291666666666667 0.9809559634596302 
34700 0.0625 0.9809592873164078 
34800 0.0625 0.9809638641849372 
34900 0.07291666666666667 0.9809690117522898 
35000 0.07291666666666667 0.9809766595954401 
35100 0.07291666666666667 0.9809775125115144 
35200 0.09375 0.9809779906820829 
35300 0.0625 0.9809797202392756 
35400 0.07291666666666667 0.9809823963306121 
35500 0.0625 0.9809814629634847 
35600 0.0625 0.9809785598250985 
35700 0.041666666666666664 0.98098530153217 
35800 0.08333333333333333 0.9809888050147575 
35900 0.07291666666666667 0.9809957707770443 
36000 0.0625 0.9809963322778071 
36100 0.07291666666666667 0.9809976841592569 
36200 0.07291666666666667 0.9810101067650064 
36300 0.052083333333333336 0.9810192327116792 
36400 0.07291666666666667 0.9810225136901001 
36500 0.07291666666666667 0.9810186421833191 
36600 0.09375 0.9810136534293235 
36700 0.10416666666666667 0.9809977645931537 
36800 0.10416666666666667 0.9809821036339592 
36900 0.10416666666666667 0.9809790893200726 
37000 0.052083333333333336 0.9809808068250407 
37100 0.07291666666666667 0.9809865159744122 
37200 0.07291666666666667 0.9809954845523866 
37300 0.07291666666666667 0.9809947705825581 
37400 0.08333333333333333 0.9809985166394838 
37500 0.07291666666666667 0.9809987705883398 
37600 0.08333333333333333 0.9809927899745574 
37700 0.09375 0.9809831801543726 
37800 0.07291666666666667 0.9809800969771523 
37900 0.08333333333333333 0.980983694911304 
38000 0.09375 0.9809867256782716 
38100 0.08333333333333333 0.9809832473775841 
38200 0.052083333333333336 0.980978901075888 
38300 0.052083333333333336 0.9809853882187585 
38400 0.0625 0.980985806033697 
38500 0.07291666666666667 0.9809917004320234 
38600 0.052083333333333336 0.9809976992176368 
38700 0.0625 0.9810126164913913 
38800 0.09375 0.9810135638686288 
38900 0.07291666666666667 0.9810031929342005 
39000 0.052083333333333336 0.981012305774211 
39100 0.0625 0.9810203729870506 
39200 0.08333333333333333 0.9810201615817624 
39300 0.09375 0.9810157104781049 
39400 0.09375 0.9810085060235357 
39500 0.10416666666666667 0.9809996239546678 
39600 0.07291666666666667 0.9810090022979218 
39700 0.0625 0.9810144633216628 
39800 0.08333333333333333 0.9810187845992144 
39900 0.08333333333333333 0.9810155133956543 
40000 0.07291666666666667 0.9810113471121555 
40100 0.08333333333333333 0.9810150593709217 
40200 0.08333333333333333 0.9810184940465826 
40300 0.052083333333333336 0.9810193269604559 
40400 0.041666666666666664 0.9810318871026295 
40500 0.09375 0.981033132926759 
40600 0.07291666666666667 0.9810241101409654 
40700 0.07291666666666667 0.9810183948183091 
40800 0.09375 0.9810254727212568 
40900 0.0625 0.9810162164942993 
41000 0.08333333333333333 0.9810101176394072 
41100 0.08333333333333333 0.9810079767929409 
41200 0.052083333333333336 0.9810100179607291 
41300 0.052083333333333336 0.9810143822183482 
41400 0.052083333333333336 0.9810244493893062 
41500 0.08333333333333333 0.9810294480855883 
41600 0.09375 0.9810244069653774 
41700 0.09375 0.9810218879643174 
41800 0.052083333333333336 0.9810113444255719 
41900 0.08333333333333333 0.9810143378638537 
42000 0.11458333333333333 0.9810018164250057 
42100 0.10416666666666667 0.9809959729776807 
42200 0.07291666666666667 0.980992378735101 
42300 0.09375 0.9809886783606376 
42400 0.07291666666666667 0.9809879434840373 
42500 0.052083333333333336 0.9809859253311687 
42600 0.08333333333333333 0.9809848947207812 
42700 0.08333333333333333 0.9809785021623225 
42800 0.07291666666666667 0.9809775545548001 
42900 0.052083333333333336 0.9809741832940957 
43000 0.08333333333333333 0.9809753091982357 
43100 0.09375 0.9809818676867512 
43200 0.07291666666666667 0.9809827897502372 
43300 0.08333333333333333 0.9809876167217078 
43400 0.0625 0.980982701051435 
43500 0.10416666666666667 0.980985231182425 
43600 0.07291666666666667 0.9809838077108323 
43700 0.08333333333333333 0.9809762529270879 
43800 0.08333333333333333 0.980978780450218 
43900 0.07291666666666667 0.9809823048829563 
44000 0.08333333333333333 0.9809859908486929 
44100 0.08333333333333333 0.9809886562474018 
44200 0.08333333333333333 0.9809840039441038 
44300 0.10416666666666667 0.9809741996982762 
44400 0.08333333333333333 0.980967372168795 
44500 0.0625 0.9809718110267185 
44600 0.09375 0.980973602516386 
44700 0.07291666666666667 0.9809687446403138 
44800 0.052083333333333336 0.9809722206721576 
44900 0.08333333333333333 0.9809801470642822 
45000 0.0625 0.9809749598157078 
45100 0.0625 0.9809712968300777 
45200 0.10416666666666667 0.9809700121863085 
45300 0.11458333333333333 0.9809714350492631 
45400 0.08333333333333333 0.9809678613907182 
45500 0.10416666666666667 0.98096407450752 
45600 0.08333333333333333 0.9809643017696981 
45700 0.08333333333333333 0.9809617358846998 
45800 0.07291666666666667 0.9809620241188329 
45900 0.09375 0.9809616870184382 
46000 0.07291666666666667 0.9809641819380738 
46100 0.08333333333333333 0.9809630507834248 
46200 0.0625 0.9809633336760387 
46300 0.09375 0.9809609156209729 
46400 0.052083333333333336 0.9809612580188646 
46500 0.03125 0.9809665831559178 
46600 0.07291666666666667 0.9809746795490798 
46700 0.08333333333333333 0.9809788378906947 
46800 0.09375 0.9809844251903449 
46900 0.09375 0.98098732347569 
47000 0.0625 0.9809878269433984 
47100 0.052083333333333336 0.980984679200017 
47200 0.07291666666666667 0.9809815447942487 
47300 0.09375 0.9809744046108961 
47400 0.08333333333333333 0.9809754804750954 
47500 0.09375 0.9809688217090167 
47600 0.08333333333333333 0.9809660752050027 
47700 0.10416666666666667 0.9809619753778747 
47800 0.08333333333333333 0.9809452534988807 
47900 0.08333333333333333 0.9809470313772155 
48000 0.07291666666666667 0.9809417490434227 
48100 0.052083333333333336 0.9809511604921589 
48200 0.08333333333333333 0.9809476744085531 
48300 0.10416666666666667 0.9809468446132931 
48400 0.08333333333333333 0.9809466100907006 
48500 0.07291666666666667 0.9809477725545178 
48600 0.10416666666666667 0.9809572355335624 
48700 0.07291666666666667 0.9809446289603909 
48800 0.052083333333333336 0.9809415192994679 
48900 0.041666666666666664 0.9809478482887194 
49000 0.08333333333333333 0.9809582436242797 
49100 0.07291666666666667 0.9809614366306185 
49200 0.07291666666666667 0.9809588473811508 
49300 0.0625 0.9809543142295964 
49400 0.0625 0.9809571267956789 
49500 0.08333333333333333 0.9809545619448765 
49600 0.08333333333333333 0.9809551050718064 
49700 0.0625 0.9809568511364627 
49800 0.07291666666666667 0.9809595314351117 
49900 0.07291666666666667 0.9809577129382845 
50000 0.041666666666666664 0.9809616828496763 
50100 0.09375 0.9809732777289875 
50200 0.10416666666666667 0.9809658921137029 
50300 0.10416666666666667 0.9809666122442894 
50400 0.09375 0.9809611809124158 
50500 0.10416666666666667 0.9809541209580008 
50600 0.10416666666666667 0.98094847845563 
50700 0.07291666666666667 0.980947326811437 
50800 0.0625 0.9809478200888434 
50900 0.052083333333333336 0.9809512787895457 
51000 0.052083333333333336 0.9809486476572354 
51100 0.07291666666666667 0.9809535181144531 
51200 0.09375 0.9809455015527041 
51300 0.0625 0.9809477195051428 
51400 0.0625 0.9809484595792559 
51500 0.0625 0.9809526857892727 
51600 0.07291666666666667 0.980954675054747 
51700 0.07291666666666667 0.9809567069947067 
51800 0.0625 0.980952597842384 
51900 0.09375 0.9809570343859785 
52000 0.08333333333333333 0.9809615540246021 
52100 0.09375 0.9809594085686135 
52200 0.10416666666666667 0.9809449990581279 
52300 0.09375 0.9809381134363269 
52400 0.09375 0.9809298128852503 
52500 0.10416666666666667 0.9809344901366958 
52600 0.0625 0.9809341988111759 
52700 0.08333333333333333 0.980940035925947 
52800 0.052083333333333336 0.9809404256863822 
52900 0.09375 0.9809475088687675 
53000 0.11458333333333333 0.9809379087973182 
53100 0.052083333333333336 0.9809355049810738 
53200 0.0625 0.980945102848944 
53300 0.08333333333333333 0.9809438671413294 
53400 0.10416666666666667 0.9809425385292411 
53500 0.09375 0.9809290461081724 
53600 0.08333333333333333 0.9809268755868983 
53700 0.10416666666666667 0.9809335875185441 
53800 0.07291666666666667 0.9809349984975496 
53900 0.052083333333333336 0.9809377570298634 
54000 0.09375 0.9809417591803855 
54100 0.052083333333333336 0.9809506081988626 
54200 0.0625 0.9809600972153035 
54300 0.09375 0.9809632687857192 
54400 0.0625 0.9809616895829121 
54500 0.08333333333333333 0.9809645599010416 
54600 0.0625 0.9809708537084181 
54700 0.07291666666666667 0.9809710307703089 
54800 0.0625 0.980974961299368 
54900 0.08333333333333333 0.9809759840440064 
55000 0.0625 0.9809683858020763 
55100 0.08333333333333333 0.980965730355771 
55200 0.0625 0.9809625184175408 
55300 0.09375 0.9809655811679113 
55400 0.07291666666666667 0.9809607828980222 
55500 0.07291666666666667 0.9809681544776971 
55600 0.07291666666666667 0.9809716589329928 
55700 0.07291666666666667 0.9809687924513624 
55800 0.08333333333333333 0.9809692497296942 
55900 0.0625 0.9809654195214158 
56000 0.08333333333333333 0.9809685318119319 
56100 0.125 0.9809583106807366 
56200 0.10416666666666667 0.9809525742424512 
56300 0.052083333333333336 0.9809536575726896 
56400 0.09375 0.9809580152981922 
56500 0.08333333333333333 0.9809565040884232 
56600 0.09375 0.9809586329452366 
56700 0.0625 0.9809566666960606 
56800 0.052083333333333336 0.9809611718250265 
56900 0.0625 0.9809676748504713 
57000 0.0625 0.9809682615217277 
57100 0.0625 0.9809726770692866 
57200 0.052083333333333336 0.9809721147794619 
57300 0.07291666666666667 0.9809808711162691 
57400 0.08333333333333333 0.9809836537400626 
57500 0.07291666666666667 0.9809798144814873 
57600 0.07291666666666667 0.9809844881165257 
57700 0.08333333333333333 0.9809841810222816 
57800 0.0625 0.9809894166335069 
57900 0.0625 0.9809888322308769 
58000 0.08333333333333333 0.9809866334919513 
58100 0.08333333333333333 0.9809809014331365 
58200 0.07291666666666667 0.9809762629364902 
58300 0.0625 0.9809759284431943 
58400 0.08333333333333333 0.980967033598169 
58500 0.09375 0.9809698320683977 
58600 0.0625 0.9809746651792063 
58700 0.07291666666666667 0.9809765982124098 
58800 0.09375 0.9809807390605602 
58900 0.07291666666666667 0.9809722210432195 
59000 0.0625 0.9809666449862432 
59100 0.09375 0.9809640840820516 
59200 0.10416666666666667 0.9809599042527435 
59300 0.09375 0.980949810079088 
59400 0.08333333333333333 0.9809472027687525 
59500 0.07291666666666667 0.9809433349859666 
59600 0.08333333333333333 0.9809419707023931 
59700 0.0625 0.9809451911051182 
59800 0.11458333333333333 0.9809373832934789 
59900 0.09375 0.9809302971430638 
60000 0.020833333333333332 0.980936298631134 
60100 0.07291666666666667 0.9809438400220739 
60200 0.041666666666666664 0.9809505777174244 
60300 0.0625 0.9809556088069297 
60400 0.0625 0.9809609681545007 
60500 0.08333333333333333 0.9809625650126995 
60600 0.08333333333333333 0.9809637698497825 
60700 0.0625 0.9809690892654157 
60800 0.09375 0.9809724637889727 
60900 0.0625 0.9809800177747492 
61000 0.0625 0.9809846867264471 
61100 0.0625 0.980990533774679 
61200 0.08333333333333333 0.9809970850830324 
61300 0.09375 0.9809881092206217 
61400 0.07291666666666667 0.980989765706856 
61500 0.08333333333333333 0.9809909086844116 
61600 0.0625 0.9809903992359431 
61700 0.07291666666666667 0.980990060263745 
61800 0.0625 0.9809919135612692 
61900 0.07291666666666667 0.980992919473568 
62000 0.10416666666666667 0.9809896799379579 
62100 0.07291666666666667 0.9809888830292588 
62200 0.09375 0.9809849486610612 
62300 0.0625 0.9809847471014377 
62400 0.07291666666666667 0.980983419403001 
62500 0.11458333333333333 0.9809827626091316 
62600 0.10416666666666667 0.9809778647705308 
62700 0.08333333333333333 0.9809736886174064 
62800 0.07291666666666667 0.9809733407244046 
62900 0.052083333333333336 0.9809776308537755 
63000 0.07291666666666667 0.9809824447230996 
63100 0.07291666666666667 0.9809831576229643 
63200 0.052083333333333336 0.9809831677900667 
63300 0.08333333333333333 0.9809819848817555 
63400 0.07291666666666667 0.9809771089967035 
63500 0.0625 0.9809810245770407 
63600 0.09375 0.9809866475500909 
63700 0.041666666666666664 0.9809885326891781 
63800 0.08333333333333333 0.9809905751869092 
63900 0.09375 0.9809866613328951 
64000 0.07291666666666667 0.9809854859038661 
64100 0.08333333333333333 0.9809881329854448 
64200 0.08333333333333333 0.9809877701801114 
64300 0.11458333333333333 0.9809872060050906 
64400 0.07291666666666667 0.9809828425283251 
64500 0.07291666666666667 0.9809797441770929 
64600 0.08333333333333333 0.9809802834579444 
64700 0.0625 0.980982229795521 
64800 0.052083333333333336 0.9809872645355268 
64900 0.0625 0.9809867464805371 
65000 0.07291666666666667 0.9809881130033897 
65100 0.09375 0.9809859151549132 
65200 0.08333333333333333 0.980982366068005 
65300 0.09375 0.980980622425384 
65400 0.07291666666666667 0.9809777691982283 
65500 0.09375 0.980972340435006 
65600 0.0625 0.9809719300518793 
65700 0.09375 0.9809736216597413 
65800 0.07291666666666667 0.9809657702137252 
65900 0.09375 0.9809666361916612 
66000 0.0625 0.980964658679414 
66100 0.08333333333333333 0.9809631205150704 
66200 0.08333333333333333 0.9809609969386163 
66300 0.125 0.9809527916874055 
66400 0.08333333333333333 0.9809424933359437 
66500 0.08333333333333333 0.980947850721543 
66600 0.08333333333333333 0.9809535830292838 
66700 0.08333333333333333 0.980957346029295 
66800 0.052083333333333336 0.9809607079235341 
66900 0.0625 0.9809681858890998 
67000 0.052083333333333336 0.9809717936423834 
67100 0.07291666666666667 0.9809715096769547 
67200 0.07291666666666667 0.9809721953542359 
67300 0.07291666666666667 0.9809676939545228 
67400 0.09375 0.9809708560209295 
67500 0.07291666666666667 0.9809648653353283 
67600 0.07291666666666667 0.9809672517788198 
67700 0.07291666666666667 0.9809679386813587 
67800 0.08333333333333333 0.9809627853940207 
67900 0.08333333333333333 0.9809607538303314 
68000 0.07291666666666667 0.9809568900334799 
68100 0.08333333333333333 0.9809554849292472 
68200 0.0625 0.9809494255338387 
68300 0.07291666666666667 0.9809459765718413 
68400 0.07291666666666667 0.980945278882375 
68500 0.07291666666666667 0.9809437468674423 
68600 0.07291666666666667 0.9809453700869278 
68700 0.0625 0.9809425156960355 
68800 0.08333333333333333 0.9809433789722048 
68900 0.09375 0.9809411404890108 
69000 0.07291666666666667 0.9809347947251972 
69100 0.0625 0.9809375874324057 
69200 0.08333333333333333 0.9809362701887737 
69300 0.0625 0.9809383763101062 
69400 0.0625 0.9809417146366767 
69500 0.0625 0.98094890271363 
69600 0.07291666666666667 0.980953338793025 
69700 0.10416666666666667 0.980952232571986 
69800 0.0625 0.9809501968095014 
69900 0.052083333333333336 0.9809551708249286 
70000 0.09375 0.9809557036089961 
70100 0.08333333333333333 0.9809522971022763 
70200 0.09375 0.9809491599716054 
70300 0.0625 0.9809505139803606 
70400 0.0625 0.9809496447138535 
70500 0.07291666666666667 0.9809538014827213 
70600 0.052083333333333336 0.9809550325066217 
70700 0.052083333333333336 0.9809554497107538 
70800 0.07291666666666667 0.9809586611300217 
70900 0.11458333333333333 0.9809587782024701 
71000 0.08333333333333333 0.9809528797716464 
71100 0.10416666666666667 0.9809478037111526 
71200 0.07291666666666667 0.9809457044727836 
71300 0.0625 0.9809451085889398 
71400 0.10416666666666667 0.9809448426259203 
71500 0.10416666666666667 0.9809384950327035 
71600 0.08333333333333333 0.9809343474020381 
71700 0.10416666666666667 0.980930175020804 
71800 0.07291666666666667 0.9809301126841315 
71900 0.07291666666666667 0.9809242192969037 
72000 0.125 0.9809255036388383 
72100 0.08333333333333333 0.9809185494422177 
72200 0.0625 0.9809206676500325 
72300 0.10416666666666667 0.9809230681456688 
72400 0.0625 0.9809215414266838 
72500 0.11458333333333333 0.9809170017195165 
72600 0.07291666666666667 0.9809162408231291 
72700 0.09375 0.9809125447609616 
72800 0.07291666666666667 0.9809106474041107 
72900 0.020833333333333332 0.9809162925862929 
73000 0.07291666666666667 0.9809182123075939 
73100 0.09375 0.9809178112018532 
73200 0.08333333333333333 0.9809125017645478 
73300 0.10416666666666667 0.9809129266653934 
73400 0.08333333333333333 0.9809120376993047 
73500 0.08333333333333333 0.9809093442039337 
73600 0.052083333333333336 0.9809161404623126 
73700 0.08333333333333333 0.9809155687620702 
73800 0.052083333333333336 0.9809173980817785 
73900 0.07291666666666667 0.9809192929279261 
74000 0.08333333333333333 0.9809228366283339 
74100 0.08333333333333333 0.9809171983171617 
74200 0.07291666666666667 0.980915821833039 
74300 0.08333333333333333 0.9809138532231508 
74400 0.08333333333333333 0.9809107348467538 
74500 0.052083333333333336 0.9809180064137841 
74600 0.07291666666666667 0.9809232338261775 
74700 0.07291666666666667 0.9809274362681446 
74800 0.0625 0.980930130446117 
74900 0.07291666666666667 0.9809297230677828 
75000 0.08333333333333333 0.980929802880406 
75100 0.10416666666666667 0.9809256867418543 
75200 0.08333333333333333 0.9809249752330421 
75300 0.08333333333333333 0.9809232972780353 
75400 0.10416666666666667 0.98092141654841 
75500 0.09375 0.9809167814554333 
75600 0.07291666666666667 0.980917601123001 
75700 0.07291666666666667 0.9809201042588606 
75800 0.041666666666666664 0.9809241811343737 
75900 0.09375 0.9809273208960796 
76000 0.052083333333333336 0.9809318572562642 
76100 0.07291666666666667 0.9809318988909476 
76200 0.0625 0.980933580814775 
76300 0.0625 0.9809336542116093 
76400 0.0625 0.9809339660148427 
76500 0.07291666666666667 0.9809347195352566 
76600 0.09375 0.9809283318211686 
76700 0.08333333333333333 0.980923013281009 
76800 0.09375 0.980918895370286 
76900 0.07291666666666667 0.9809084894864826 
77000 0.07291666666666667 0.9809051451712748 
77100 0.09375 0.9809057951042572 
77200 0.041666666666666664 0.9809050603295294 
77300 0.10416666666666667 0.9809020029387286 
77400 0.11458333333333333 0.9808982469003416 
77500 0.07291666666666667 0.9808969534801701 
77600 0.08333333333333333 0.9808924753439603 
77700 0.0625 0.9808914608027353 
77800 0.09375 0.9808921224770033 
77900 0.10416666666666667 0.9808929495984219 
78000 0.11458333333333333 0.9808881323102695 
78100 0.07291666666666667 0.980884827819106 
78200 0.052083333333333336 0.9808823643026731 
78300 0.08333333333333333 0.9808794082025346 
78400 0.09375 0.9808770243151661 
78500 0.08333333333333333 0.980876305185072 
78600 0.09375 0.9808751571756933 
78700 0.07291666666666667 0.9808724568832247 
78800 0.07291666666666667 0.9808718123818225 
78900 0.052083333333333336 0.9808758562945971 
79000 0.0625 0.9808760002510517 
79100 0.09375 0.9808748928058221 
79200 0.0625 0.9808730976671169 
79300 0.09375 0.9808739670159687 
79400 0.052083333333333336 0.980874440603183 
79500 0.07291666666666667 0.9808763215242575 
79600 0.11458333333333333 0.9808664529444773 
79700 0.0625 0.9808654638377603 
79800 0.07291666666666667 0.9808658804400947 
79900 0.08333333333333333 0.9808674367342086 
80000 0.08333333333333333 0.9808651805914926 
80100 0.09375 0.9808660511416836 
80200 0.10416666666666667 0.9808684131640087 
80300 0.08333333333333333 0.9808642184302395 
80400 0.07291666666666667 0.980859451115865 
80500 0.08333333333333333 0.9808568307122478 
80600 0.07291666666666667 0.9808543137388701 
80700 0.041666666666666664 0.9808535132774068 
80800 0.07291666666666667 0.9808599341798575 
80900 0.052083333333333336 0.9808613820183516 
81000 0.07291666666666667 0.980863694326819 
81100 0.0625 0.9808685376361985 
81200 0.08333333333333333 0.9808719258383517 
81300 0.07291666666666667 0.9808716861826218 
81400 0.09375 0.980872374878687 
81500 0.041666666666666664 0.9808695471016715 
81600 0.07291666666666667 0.9808738748606022 
81700 0.07291666666666667 0.9808719127774854 
81800 0.08333333333333333 0.9808685865698463 
81900 0.07291666666666667 0.9808649823160482 
82000 0.09375 0.980863800441458 
82100 0.08333333333333333 0.9808608768975612 
82200 0.07291666666666667 0.9808571367744918 
82300 0.07291666666666667 0.9808564433704734 
82400 0.08333333333333333 0.9808540134525067 
82500 0.08333333333333333 0.9808542409081911 
82600 0.041666666666666664 0.9808615298745375 
82700 0.10416666666666667 0.980860267711394 
82800 0.09375 0.980856115113344 
82900 0.07291666666666667 0.9808567158920479 
83000 0.07291666666666667 0.9808610174877411 
83100 0.041666666666666664 0.9808620809817772 
83200 0.0625 0.9808662092903531 
83300 0.07291666666666667 0.9808690459398246 
83400 0.0625 0.9808723753811904 
83500 0.052083333333333336 0.980874948353912 
83600 0.0625 0.9808777955207872 
83700 0.10416666666666667 0.9808802625317101 
83800 0.10416666666666667 0.980878404145933 
83900 0.0625 0.9808763949972785 
84000 0.052083333333333336 0.9808794438955092 
84100 0.08333333333333333 0.9808845601816071 
84200 0.041666666666666664 0.9808870045090518 
84300 0.07291666666666667 0.9808894121461588 
84400 0.11458333333333333 0.9808876178402309 
84500 0.11458333333333333 0.9808899574166775 
84600 0.08333333333333333 0.9808870893468556 
84700 0.11458333333333333 0.9808811535086166 
84800 0.052083333333333336 0.9808805750620079 
84900 0.08333333333333333 0.9808796605752582 
85000 0.07291666666666667 0.9808794528887895 
85100 0.07291666666666667 0.980882458784268 
85200 0.0625 0.9808848463241824 
85300 0.08333333333333333 0.9808791380425396 
85400 0.07291666666666667 0.9808819507870712 
85500 0.09375 0.9808786958632063 
85600 0.09375 0.9808773042955106 
85700 0.0625 0.9808788938674383 
85800 0.052083333333333336 0.9808741059739009 
85900 0.07291666666666667 0.9808781208406576 
86000 0.08333333333333333 0.980876887817196 
86100 0.0625 0.9808810111090464 
86200 0.09375 0.980878146231869 
86300 0.08333333333333333 0.9808739602766287 
86400 0.0625 0.980875149014479 
86500 0.08333333333333333 0.9808774188063336 
86600 0.0625 0.9808770070495721 
86700 0.0625 0.9808822130079238 
86800 0.052083333333333336 0.9808880070026075 
86900 0.09375 0.9808915101667415 
87000 0.09375 0.9808934487821979 
87100 0.07291666666666667 0.980895711826883 
87200 0.0625 0.9808992538311869 
87300 0.0625 0.9809019823178811 
87400 0.0625 0.9809070584146634 
87500 0.09375 0.980907658674377 
87600 0.10416666666666667 0.9809075143738846 
87700 0.07291666666666667 0.9809031835915972 
87800 0.07291666666666667 0.9809036972338964 
87900 0.07291666666666667 0.980905661388001 
88000 0.0625 0.9809103731775776 
88100 0.07291666666666667 0.9809121479419454 
88200 0.09375 0.9809102575367626 
88300 0.052083333333333336 0.9809127067266131 
88400 0.10416666666666667 0.9809129409829451 
88500 0.07291666666666667 0.9809087314926762 
88600 0.08333333333333333 0.9809078528082829 
88700 0.07291666666666667 0.9809068880283198 
88800 0.08333333333333333 0.9809077436252595 
88900 0.11458333333333333 0.9809026508419478 
89000 0.09375 0.9808986813818571 
89100 0.10416666666666667 0.980893902472101 
89200 0.07291666666666667 0.9808917617702343 
89300 0.07291666666666667 0.9808894508926739 
89400 0.0625 0.98089168931742 
89500 0.09375 0.9808921187565874 
89600 0.09375 0.9808924600450888 
89700 0.10416666666666667 0.9808878651947396 
89800 0.07291666666666667 0.9808847305430897 
89900 0.09375 0.9808818635684438 
90000 0.10416666666666667 0.9808760226738221 
90100 0.07291666666666667 0.9808702814526661 
90200 0.11458333333333333 0.9808663718159074 
90300 0.08333333333333333 0.9808591543836724 
90400 0.09375 0.9808567348535967 
90500 0.09375 0.9808508101199619 
90600 0.08333333333333333 0.9808506758571466 
90700 0.11458333333333333 0.9808467519652485 
90800 0.0625 0.9808464217079107 
90900 0.09375 0.9808430554486016 
91000 0.08333333333333333 0.9808375217030582 
91100 0.08333333333333333 0.9808366309553865 
91200 0.09375 0.980834228791351 
91300 0.07291666666666667 0.9808313184777092 
91400 0.10416666666666667 0.9808281581073146 
91500 0.09375 0.980826456131627 
91600 0.07291666666666667 0.9808229099573149 
91700 0.03125 0.9808291405855262 
91800 0.08333333333333333 0.9808331733405228 
91900 0.10416666666666667 0.9808278745606686 
92000 0.07291666666666667 0.980826267060503 
92100 0.0625 0.9808241258238238 
92200 0.08333333333333333 0.9808244182546827 
92300 0.0625 0.9808246254103422 
92400 0.07291666666666667 0.9808266358499006 
92500 0.0625 0.9808303311135375 
92600 0.07291666666666667 0.9808309249270166 
92700 0.11458333333333333 0.9808288768010414 
92800 0.0625 0.9808284045520342 
92900 0.0625 0.9808300076604844 
93000 0.052083333333333336 0.9808325593721214 
93100 0.041666666666666664 0.9808344342882103 
93200 0.0625 0.9808397978562462 
93300 0.07291666666666667 0.9808394001672007 
93400 0.041666666666666664 0.9808414011448843 
93500 0.052083333333333336 0.9808449575405611 
93600 0.08333333333333333 0.9808491740650919 
93700 0.10416666666666667 0.9808467670213409 
93800 0.09375 0.9808459198196181 
93900 0.0625 0.9808451576216796 
94000 0.09375 0.980848746511562 
94100 0.0625 0.9808539052011491 
94200 0.09375 0.9808499578029958 
94300 0.07291666666666667 0.9808554908838012 
94400 0.08333333333333333 0.9808570674127746 
94500 0.09375 0.9808572351968057 
94600 0.08333333333333333 0.9808580632956664 
94700 0.052083333333333336 0.9808635919455267 
94800 0.08333333333333333 0.9808631754499777 
94900 0.09375 0.980862732391299 
95000 0.08333333333333333 0.9808650862885654 
95100 0.09375 0.9808648886008909 
95200 0.07291666666666667 0.9808616002808094 
95300 0.08333333333333333 0.9808645491215552 
95400 0.10416666666666667 0.9808609677833565 
95500 0.11458333333333333 0.9808619750491269 
95600 0.08333333333333333 0.9808602562124524 
95700 0.08333333333333333 0.9808586770253185 
95800 0.10416666666666667 0.9808566662056416 
95900 0.09375 0.9808519712602928 
96000 0.07291666666666667 0.9808526300073264 
96100 0.0625 0.9808548319823241 
96200 0.0625 0.9808563526280045 
96300 0.10416666666666667 0.9808571670249184 
96400 0.07291666666666667 0.980857493482087 
96500 0.08333333333333333 0.9808566858547234 
96600 0.09375 0.980854612874953 
96700 0.09375 0.9808534059454745 
96800 0.10416666666666667 0.9808538156458438 
96900 0.07291666666666667 0.9808540901280689 
97000 0.09375 0.9808577467414425 
97100 0.041666666666666664 0.9808605376103233 
97200 0.041666666666666664 0.980861742034547 
97300 0.08333333333333333 0.9808673065196315 
97400 0.09375 0.980865159452504 
97500 0.08333333333333333 0.9808685455790197 
97600 0.07291666666666667 0.9808734189455026 
97700 0.08333333333333333 0.9808722051207255 
97800 0.0625 0.980876984897905 
97900 0.11458333333333333 0.9808783767104865 
98000 0.07291666666666667 0.9808776398540151 
98100 0.07291666666666667 0.9808795856226407 
98200 0.07291666666666667 0.9808788225170824 
98300 0.0625 0.9808819817448449 
98400 0.0625 0.9808846052546891 
98500 0.10416666666666667 0.980881724339516 
98600 0.07291666666666667 0.9808817280842317 
98700 0.11458333333333333 0.9808798585289579 
98800 0.10416666666666667 0.9808782826928203 
98900 0.08333333333333333 0.9808769733538252 
99000 0.0625 0.9808766136200644 
99100 0.07291666666666667 0.9808792240155666 
99200 0.09375 0.9808817241425658 
99300 0.10416666666666667 0.9808771384897097 
99400 0.041666666666666664 0.9808789021237211 
99500 0.08333333333333333 0.9808841692964559 
99600 0.07291666666666667 0.9808873342135119 
99700 0.0625 0.9808876196076268 
99800 0.052083333333333336 0.9808928100252836 
99900 0.10416666666666667 0.9808894399205214 
