0 0.0 1.0 
100 0.1894736842105263 0.9715346534653465 
200 0.28421052631578947 0.9610500130924325 
300 0.3 0.9565046336772163 
400 0.28421052631578947 0.9539719779498622 
500 0.25263157894736843 0.9534483664250446 
600 0.1894736842105263 0.9535149750415973 
700 0.14210526315789473 0.9541397627449508 
800 0.3157894736842105 0.9538775543728234 
900 0.17368421052631577 0.9537684736257959 
1000 0.20526315789473681 0.9539933750460067 
1100 0.1894736842105263 0.9535888426789043 
1200 0.18947368421052632 0.953739208554275 
1300 0.28421052631578947 0.9537425664468627 
1400 0.26842105263157895 0.9535176941282543 
1500 0.1894736842105263 0.9534477015323118 
1600 0.28421052631578947 0.9532118084092179 
1700 0.26842105263157895 0.9522900615736873 
1800 0.2210526315789474 0.9520606242146176 
1900 0.20526315789473687 0.9523034967745508 
2000 0.17368421052631577 0.9524201714932008 
2100 0.23684210526315788 0.9529187229139007 
2200 0.2210526315789474 0.9530446686912647 
2300 0.25263157894736843 0.9532168507971363 
2400 0.18947368421052632 0.9530143690129113 
2500 0.28421052631578947 0.9528912119362781 
2600 0.1894736842105263 0.9531366984358243 
2700 0.18947368421052632 0.9530863325473996 
2800 0.23684210526315788 0.9530642251827355 
2900 0.22105263157894733 0.952836136359513 
3000 0.26842105263157895 0.9530321033339764 
3100 0.18947368421052632 0.9530255520290568 
3200 0.3 0.9530594879889508 
3300 0.17368421052631577 0.9531162805529425 
3400 0.33157894736842103 0.9530333570621644 
3500 0.15789473684210523 0.9530237601286851 
3600 0.1894736842105263 0.9530548897236147 
3700 0.23684210526315788 0.953095002773077 
3800 0.20526315789473681 0.9530282889544303 
3900 0.23684210526315788 0.9531437620583116 
4000 0.23684210526315788 0.9531013628171905 
4100 0.2210526315789474 0.953126804758788 
4200 0.26842105263157895 0.9530359312945539 
4300 0.26842105263157895 0.9529102779035475 
4400 0.12631578947368421 0.9531416304906779 
4500 0.17368421052631577 0.9532640407394848 
4600 0.2526315789473684 0.9533868495407177 
4700 0.22105263157894733 0.9532910131103125 
4800 0.23684210526315788 0.9533033140025653 
4900 0.23684210526315788 0.9534285430470688 
5000 0.25263157894736843 0.9532652679990318 
5100 0.17368421052631577 0.9534243801524985 
5200 0.22105263157894733 0.9535248788188506 
5300 0.17368421052631577 0.9535899383433116 
5400 0.17368421052631577 0.9537159297985753 
5500 0.14210526315789473 0.953842722375836 
5600 0.18947368421052632 0.9539514795290315 
5700 0.1894736842105263 0.9539594854088387 
5800 0.20526315789473681 0.9539791233816312 
5900 0.12631578947368421 0.9541686734630169 
6000 0.20526315789473687 0.9543014760697779 
6100 0.12631578947368421 0.9544493353117263 
6200 0.14210526315789473 0.9546460036157156 
6300 0.20526315789473684 0.9548510470351406 
6400 0.15789473684210525 0.9549623208544717 
6500 0.20526315789473684 0.9548925671354205 
6600 0.20526315789473681 0.9548274184932107 
6700 0.17368421052631577 0.9548869375348534 
6800 0.23684210526315788 0.9549200388487761 
6900 0.25263157894736843 0.9548620909250376 
7000 0.17368421052631577 0.9548137860004962 
7100 0.23684210526315788 0.9548882107042003 
7200 0.23684210526315788 0.9547677954085324 
7300 0.23684210526315788 0.9548020638845436 
7400 0.25263157894736843 0.9547967379941544 
7500 0.20526315789473684 0.9547196338733783 
7600 0.25263157894736843 0.9547016839889488 
7700 0.22105263157894733 0.9546607070852042 
7800 0.2210526315789474 0.9546418644033491 
7900 0.2210526315789474 0.9546813694469054 
8000 0.23684210526315788 0.9546705510495399 
8100 0.20526315789473687 0.9546258908906633 
8200 0.26842105263157895 0.9546107984263793 
8300 0.23684210526315788 0.9545172109891643 
8400 0.25263157894736843 0.9544642241838378 
8500 0.22105263157894733 0.9543753366477009 
8600 0.25263157894736843 0.9543569750151452 
8700 0.26842105263157895 0.9542293989196644 
8800 0.25263157894736843 0.9540987417697749 
8900 0.1894736842105263 0.9541857360793288 
9000 0.23684210526315788 0.9541516585876423 
9100 0.14210526315789473 0.954230738091245 
9200 0.20526315789473684 0.9542044200001144 
9300 0.20526315789473684 0.9542462185729887 
9400 0.22105263157894733 0.9542353417049698 
9500 0.17368421052631577 0.9542025354671807 
9600 0.20526315789473681 0.954222147912224 
9700 0.23684210526315788 0.9542386433303132 
9800 0.1894736842105263 0.9542084857076882 
9900 0.23684210526315788 0.9542390720767174 
10000 0.23684210526315788 0.9541654387192859 
10100 0.22105263157894733 0.9541147567463357 
10200 0.20526315789473681 0.9541888953095414 
10300 0.22105263157894733 0.9542152907995647 
10400 0.20526315789473684 0.9542683775345489 
10500 0.15789473684210525 0.9543577303414712 
10600 0.20526315789473681 0.9544019556248418 
10700 0.18947368421052632 0.954387870784334 
10800 0.23684210526315788 0.9543728285392679 
10900 0.22105263157894733 0.9543203424118502 
11000 0.25263157894736843 0.9542978150311694 
11100 0.25263157894736843 0.954234801037365 
11200 0.22105263157894733 0.9541934695680366 
11300 0.20526315789473684 0.9541819773750809 
11400 0.17368421052631577 0.9542208901342911 
11500 0.25263157894736843 0.9542828655631775 
11600 0.26842105263157895 0.9542391422699495 
11700 0.15789473684210525 0.9542540785987702 
11800 0.23684210526315788 0.9542662530829233 
11900 0.14210526315789473 0.9543652899579425 
12000 0.20526315789473681 0.9544377332590706 
12100 0.23684210526315788 0.9544404768635911 
12200 0.22105263157894733 0.9543897933301412 
12300 0.15789473684210525 0.9543487585519363 
12400 0.2210526315789474 0.9543959209571384 
12500 0.22105263157894733 0.9544399605926263 
12600 0.20526315789473681 0.9544232600587255 
12700 0.17368421052631577 0.9544034555919758 
12800 0.1894736842105263 0.9544266175751072 
12900 0.20526315789473684 0.9544404962487608 
13000 0.20526315789473684 0.9544561855565766 
13100 0.1894736842105263 0.9544590810665317 
13200 0.28421052631578947 0.954500556177961 
13300 0.15789473684210523 0.9544971391149855 
13400 0.22105263157894733 0.9545195468523558 
13500 0.22105263157894733 0.9545138469275181 
13600 0.26842105263157895 0.9544424461823627 
13700 0.26842105263157895 0.9543862530203328 
13800 0.26842105263157895 0.9543697253059465 
13900 0.26842105263157895 0.9543292985358872 
14000 0.17368421052631577 0.9543362034290783 
14100 0.18947368421052632 0.9543766026298993 
14200 0.22105263157894733 0.9543613033181503 
14300 0.23684210526315788 0.9543821006260144 
14400 0.15789473684210525 0.9543889039138364 
14500 0.22105263157894733 0.9544096777354738 
14600 0.15789473684210525 0.9544252106020136 
14700 0.28421052631578947 0.9544027169651903 
14800 0.20526315789473684 0.9544043076748014 
14900 0.15789473684210525 0.9544701168060074 
15000 0.25263157894736843 0.9545166287159803 
15100 0.22105263157894733 0.9545230971110313 
15200 0.25263157894736843 0.9545695141247632 
15300 0.20526315789473684 0.9545484643246571 
15400 0.20526315789473687 0.9545484059476658 
15500 0.1894736842105263 0.9545583222135074 
15600 0.22105263157894733 0.9544907293392124 
15700 0.26842105263157895 0.9544547950348452 
15800 0.25263157894736843 0.9544682381861241 
15900 0.2210526315789474 0.9544397240822325 
16000 0.23684210526315788 0.954440141899026 
16100 0.23684210526315788 0.9544285006815529 
16200 0.23684210526315788 0.9544131453873868 
16300 0.17368421052631577 0.9544347053296698 
16400 0.25263157894736843 0.9544186971911212 
16500 0.25263157894736843 0.9543715851351912 
16600 0.15789473684210525 0.9543670482754685 
16700 0.20526315789473681 0.9543706412159373 
16800 0.23684210526315788 0.9543949451630386 
16900 0.26842105263157895 0.9544234380401035 
17000 0.20526315789473684 0.9544330209678068 
17100 0.28421052631578947 0.95444672364497 
17200 0.20526315789473681 0.9544355973795893 
17300 0.1894736842105263 0.9544348668619702 
17400 0.18947368421052632 0.9544360351340969 
17500 0.20526315789473687 0.9544614367900781 
17600 0.25263157894736843 0.954480382394541 
17700 0.26842105263157895 0.9544784861991146 
17800 0.1894736842105263 0.9544503709135206 
17900 0.23684210526315788 0.9544363516886737 
18000 0.20526315789473687 0.954424498346583 
18100 0.20526315789473684 0.9544138663464362 
18200 0.2526315789473685 0.9543883505533242 
18300 0.20526315789473684 0.9543945686028086 
18400 0.17368421052631577 0.9544103724339924 
18500 0.20526315789473681 0.9544251164232943 
18600 0.1894736842105263 0.9544165353305849 
18700 0.23684210526315788 0.9544124434662936 
18800 0.17368421052631577 0.9544160934888681 
18900 0.22105263157894733 0.9543843753741796 
19000 0.23684210526315788 0.95438190233755 
19100 0.22105263157894733 0.9543882381468041 
19200 0.23684210526315788 0.9543994761785981 
19300 0.23684210526315788 0.9544150289458686 
19400 0.1894736842105263 0.9544002411704225 
19500 0.23684210526315788 0.9544414389005692 
19600 0.23684210526315788 0.954465769737849 
19700 0.17368421052631577 0.954452285350196 
19800 0.18947368421052632 0.9544582078523414 
19900 0.23684210526315788 0.9545096913934502 
20000 0.25263157894736843 0.9545111560211463 
20100 0.1894736842105263 0.9545181700831852 
20200 0.17368421052631577 0.9545301626547931 
20300 0.1894736842105263 0.9545588887246934 
20400 0.20526315789473684 0.9545900742739649 
20500 0.23684210526315788 0.954625608763629 
20600 0.17368421052631577 0.95462710675772 
20700 0.15789473684210525 0.954645434113277 
20800 0.17368421052631577 0.9546721248219342 
20900 0.2210526315789474 0.9546692867880913 
21000 0.28421052631578947 0.9546146298797802 
21100 0.3 0.954591201714062 
21200 0.23684210526315788 0.9545847514640571 
21300 0.23684210526315788 0.9545612202540528 
21400 0.26842105263157895 0.9545540481384294 
21500 0.17368421052631577 0.9545522974451617 
21600 0.22105263157894733 0.9545784308231344 
21700 0.23684210526315788 0.9546008369733143 
21800 0.20526315789473687 0.954575810139081 
21900 0.18947368421052632 0.9545818023209707 
22000 0.17368421052631577 0.9545718914690481 
22100 0.17368421052631577 0.9545702564065927 
22200 0.26842105263157895 0.954559449669171 
22300 0.18947368421052632 0.9545158465870069 
22400 0.26842105263157895 0.954527405966369 
22500 0.26842105263157895 0.9545185418659755 
22600 0.18947368421052632 0.954516887934628 
22700 0.17368421052631577 0.9545575606453692 
22800 0.1894736842105263 0.9545534417927192 
22900 0.18947368421052632 0.9545384423571482 
23000 0.1894736842105263 0.9545953665630098 
23100 0.1894736842105263 0.9546164839070534 
23200 0.25263157894736843 0.9546009813551594 
23300 0.3157894736842105 0.9545645770793664 
23400 0.26842105263157895 0.9544986831421959 
23500 0.22105263157894733 0.9545160732242077 
23600 0.1894736842105263 0.9545310858817312 
23700 0.1894736842105263 0.954561932763219 
23800 0.23684210526315788 0.9545875449726792 
23900 0.20526315789473684 0.9545804623898141 
24000 0.26842105263157895 0.9545787839980352 
24100 0.15789473684210525 0.9545996398926447 
24200 0.1736842105263158 0.9546182845858914 
24300 0.2210526315789474 0.9546249991878177 
24400 0.17368421052631577 0.9546185822841601 
24500 0.2210526315789474 0.9546323565740603 
24600 0.23684210526315788 0.9546272990614416 
24700 0.15789473684210525 0.9546411928773393 
24800 0.25263157894736843 0.9546525872258971 
24900 0.23684210526315788 0.9546258446606456 
