0 0.0 1.0 
100 0.09130434782608694 0.99114829961257 
200 0.07826086956521738 0.9865887951546615 
300 0.06521739130434782 0.984336631518128 
400 0.09130434782608694 0.9845494958256532 
500 0.10434782608695652 0.9832780091989933 
600 0.10434782608695652 0.9820995804094624 
700 0.13043478260869565 0.9814511877442164 
800 0.07826086956521738 0.9807679259621126 
900 0.10434782608695652 0.9804534816387589 
1000 0.10434782608695652 0.9802480128567085 
1100 0.11739130434782609 0.9799515262804565 
1200 0.1695652173913043 0.9793831227600188 
1300 0.05217391304347826 0.9793386358319687 
1400 0.09130434782608694 0.9796476895385284 
1500 0.07826086956521738 0.979841337658952 
1600 0.10434782608695652 0.9796662412079407 
1700 0.10434782608695652 0.9795213173836362 
1800 0.14347826086956522 0.9793728725587234 
1900 0.09130434782608694 0.9792686343572033 
2000 0.13043478260869565 0.9793160484974904 
2100 0.09130434782608694 0.9792412515779235 
2200 0.10434782608695652 0.9792535013728938 
2300 0.13043478260869565 0.9791465903293464 
2400 0.07826086956521738 0.9788697644097568 
2500 0.07826086956521738 0.9790333866453419 
2600 0.11739130434782609 0.9790256255955068 
2700 0.11739130434782608 0.9788232619158765 
2800 0.07826086956521738 0.9788788553777378 
2900 0.16956521739130434 0.978917502210632 
3000 0.10434782608695652 0.9788784173391478 
3100 0.06521739130434782 0.9790109782258177 
3200 0.13043478260869565 0.9790036741235755 
3300 0.10434782608695652 0.978888149836018 
3400 0.10434782608695652 0.9789719775513596 
3500 0.13043478260869565 0.9788290302149696 
3600 0.09130434782608696 0.9788215531917462 
3700 0.14347826086956522 0.9789268176638511 
3800 0.1565217391304348 0.9787427221669355 
3900 0.10434782608695652 0.978687878247495 
4000 0.07826086956521738 0.9787322191191332 
4100 0.06521739130434782 0.9787936134346872 
4200 0.10434782608695652 0.9788249174627159 
4300 0.10434782608695652 0.9787151370257675 
4400 0.11739130434782609 0.9787091372514152 
4500 0.10434782608695652 0.9787009891521691 
4600 0.07826086956521738 0.9786861079349479 
4700 0.11739130434782609 0.9786857329152909 
4800 0.09130434782608694 0.9786666953442671 
4900 0.10434782608695652 0.9786412267239162 
5000 0.09130434782608694 0.9786564426245186 
5100 0.07826086956521738 0.9786566785711242 
5200 0.11739130434782609 0.9786579503941549 
5300 0.14347826086956522 0.9785807435840653 
5400 0.10434782608695652 0.9785345708926688 
5500 0.10434782608695652 0.9785236676335528 
5600 0.11739130434782609 0.9784578452605514 
5700 0.09130434782608694 0.9784501002875163 
5800 0.09130434782608696 0.9784337220719066 
5900 0.16956521739130434 0.9783948741186093 
6000 0.11739130434782609 0.9782735486114633 
6100 0.11739130434782608 0.9782470621352166 
6200 0.07826086956521738 0.9782937359331945 
6300 0.10434782608695652 0.9783535912174051 
6400 0.10434782608695652 0.9783198786874333 
6500 0.09130434782608696 0.9783235689492586 
6600 0.10434782608695652 0.9783823103218879 
6700 0.10434782608695652 0.9783103430377037 
6800 0.14347826086956522 0.9782740549663412 
6900 0.10434782608695652 0.9781608525544502 
7000 0.13043478260869565 0.9781362755631183 
7100 0.09130434782608696 0.9780752710885791 
7200 0.13043478260869565 0.9780703012262789 
7300 0.09130434782608694 0.9780114993181399 
7400 0.07826086956521738 0.9780291881825606 
7500 0.09130434782608696 0.9781184972438457 
7600 0.14347826086956522 0.9781861511357202 
7700 0.11739130434782609 0.9781694782721612 
7800 0.07826086956521738 0.9781229273838917 
7900 0.11739130434782609 0.9781294882871183 
8000 0.13043478260869562 0.9780509773234868 
8100 0.15652173913043477 0.9780495429979122 
8200 0.06521739130434782 0.9780391972346957 
8300 0.09130434782608696 0.9781155230118949 
8400 0.14347826086956522 0.978027978035741 
8500 0.05217391304347826 0.97804158590038 
8600 0.09130434782608694 0.9780523498278765 
8700 0.10434782608695652 0.978084103276485 
8800 0.11739130434782609 0.9780901256280166 
8900 0.10434782608695652 0.9780459450086214 
9000 0.10434782608695652 0.9780721828009448 
9100 0.07826086956521738 0.9781638305394056 
9200 0.09130434782608694 0.9782183411065904 
9300 0.10434782608695652 0.9782088648719399 
9400 0.10434782608695652 0.9782151991231275 
9500 0.09130434782608694 0.978203667348517 
9600 0.10434782608695652 0.9782257735833677 
9700 0.07826086956521738 0.9782070875705329 
9800 0.07826086956521738 0.9781971005620544 
9900 0.1695652173913043 0.9781716712848505 
10000 0.09130434782608694 0.9781285458410681 
10100 0.13043478260869562 0.9780989183163096 
10200 0.13043478260869565 0.9780693388968686 
10300 0.15652173913043477 0.9780872899634059 
10400 0.11739130434782608 0.9780578685995912 
10500 0.14347826086956522 0.9780554025910576 
10600 0.11739130434782608 0.978045805768939 
10700 0.05217391304347826 0.9780653372500742 
10800 0.14347826086956522 0.9780686570889169 
10900 0.13043478260869565 0.9780499794594034 
11000 0.14347826086956522 0.9780284302217584 
11100 0.10434782608695652 0.9780006599483791 
11200 0.1043478260869565 0.9779981309898572 
11300 0.09130434782608694 0.9779946849643933 
11400 0.11739130434782609 0.977978905359179 
11500 0.07826086956521738 0.9779863187700124 
11600 0.06521739130434782 0.9780034423569183 
11700 0.09130434782608696 0.97802375679522 
11800 0.11739130434782609 0.9780317530201935 
11900 0.10434782608695652 0.9780195215601174 
12000 0.10434782608695652 0.9780063617886915 
12100 0.07826086956521738 0.9780223876575058 
12200 0.11739130434782609 0.9779751214262552 
12300 0.09130434782608694 0.9779739098624007 
12400 0.13043478260869565 0.9779963835314824 
12500 0.09130434782608696 0.9779995861200669 
12600 0.06521739130434782 0.9780495336809018 
12700 0.14347826086956522 0.9780432814259746 
12800 0.11739130434782608 0.9780394619306236 
12900 0.11739130434782608 0.9780498141364168 
13000 0.15652173913043477 0.9780169502011551 
13100 0.11739130434782608 0.9779810618505723 
13200 0.13043478260869562 0.977965272723081 
13300 0.1826086956521739 0.9779730111825524 
13400 0.07826086956521738 0.9779723203654497 
13500 0.06521739130434782 0.9779700295952313 
13600 0.10434782608695652 0.9780051338936075 
13700 0.11739130434782608 0.9780004553777414 
13800 0.14347826086956522 0.9779915129023417 
13900 0.09130434782608694 0.977987781610957 
14000 0.07826086956521738 0.9779710998903804 
14100 0.13043478260869565 0.9779706496301527 
14200 0.09130434782608694 0.977980921429293 
14300 0.07826086956521738 0.9779779386056919 
14400 0.09130434782608694 0.9780129248270802 
14500 0.07826086956521738 0.9780228799812907 
14600 0.10434782608695652 0.9780274876944105 
14700 0.16956521739130434 0.9780063394090316 
14800 0.11739130434782608 0.977974093994824 
14900 0.10434782608695652 0.9779585116843632 
15000 0.06521739130434782 0.9779786420035765 
15100 0.07826086956521738 0.9780179400730732 
15200 0.09130434782608694 0.9780029131378657 
15300 0.11739130434782609 0.9779948312557009 
15400 0.11739130434782609 0.9779842076883771 
15500 0.10434782608695652 0.9779847653587567 
15600 0.11739130434782609 0.9779882769499169 
15700 0.13043478260869565 0.9779476106478956 
15800 0.1695652173913043 0.9779580199932311 
15900 0.10434782608695652 0.9779248912428259 
16000 0.10434782608695652 0.9779444830893721 
16100 0.14347826086956522 0.97790509906217 
16200 0.11739130434782609 0.977879451885686 
16300 0.10434782608695652 0.9778922938843443 
16400 0.11739130434782609 0.9778953695824486 
16500 0.10434782608695652 0.9778890212187403 
16600 0.10434782608695652 0.9778655620536217 
16700 0.10434782608695652 0.97786304777376 
16800 0.10434782608695652 0.977866709538511 
16900 0.11739130434782608 0.9778597163018397 
17000 0.10434782608695652 0.9778604775166678 
17100 0.0782608695652174 0.9778510600702222 
17200 0.06521739130434782 0.9778600776496816 
17300 0.10434782608695652 0.977835378955225 
17400 0.09130434782608696 0.9778272050831661 
17500 0.11739130434782609 0.9778150875850572 
17600 0.13043478260869565 0.9777989392895167 
17700 0.10434782608695652 0.9777817453202103 
17800 0.13043478260869565 0.9777569591840224 
17900 0.13043478260869565 0.9777030005610569 
18000 0.11739130434782609 0.9776840598227635 
18100 0.09130434782608694 0.9776779387638924 
18200 0.11739130434782609 0.9776678538924044 
18300 0.13043478260869565 0.9776725790702813 
18400 0.13043478260869565 0.9776716411915232 
18500 0.14347826086956522 0.9776385471525628 
18600 0.07826086956521738 0.9776221708510295 
18700 0.13043478260869565 0.9776023370059262 
18800 0.09130434782608694 0.9775764991686381 
18900 0.10434782608695652 0.9775647366253913 
19000 0.13043478260869565 0.977526497461232 
19100 0.06521739130434782 0.9775152621192152 
19200 0.11739130434782608 0.9775023040013767 
19300 0.14347826086956522 0.9774875090950458 
19400 0.10434782608695652 0.977455498708045 
19500 0.09130434782608696 0.977435939739991 
19600 0.10434782608695652 0.9774332165838922 
19700 0.11739130434782609 0.9774367279965925 
19800 0.14347826086956522 0.9773899759125033 
19900 0.10434782608695652 0.9773766011321258 
20000 0.14347826086956522 0.9773689304665202 
20100 0.09130434782608696 0.9773803974710321 
20200 0.13043478260869565 0.9773827382630649 
20300 0.10434782608695652 0.9773675209831171 
20400 0.06521739130434782 0.9773950765414312 
20500 0.13043478260869565 0.9773898887222893 
20600 0.0782608695652174 0.9774162767531336 
20700 0.10434782608695652 0.9774298080538012 
20800 0.09130434782608694 0.9774193025836968 
20900 0.10434782608695652 0.9774395805900695 
21000 0.09130434782608696 0.9774437500905754 
21100 0.13043478260869565 0.977453675181271 
21200 0.0782608695652174 0.9774664546176042 
21300 0.09130434782608694 0.9774671223845379 
21400 0.10434782608695652 0.9774614351625178 
21500 0.0782608695652174 0.9774776653462023 
21600 0.06521739130434782 0.9774911034714576 
21700 0.11739130434782609 0.9775131831231981 
21800 0.10434782608695652 0.9775012813532686 
21900 0.06521739130434782 0.9775139312677801 
22000 0.07826086956521738 0.9775349885281894 
22100 0.10434782608695652 0.9775500764277831 
22200 0.13043478260869565 0.9775535228534555 
22300 0.13043478260869565 0.9775503584358666 
22400 0.06521739130434782 0.9775780341716112 
22500 0.11739130434782609 0.9775675428918135 
22600 0.14347826086956522 0.9775409129646052 
22700 0.13043478260869565 0.9775178693526239 
22800 0.09130434782608696 0.9775135005520352 
22900 0.0782608695652174 0.9775310030129689 
23000 0.13043478260869565 0.9775325222154803 
23100 0.07826086956521738 0.977529911183969 
23200 0.10434782608695652 0.9775462967300884 
23300 0.07826086956521738 0.9775485470860553 
23400 0.09130434782608694 0.9775496169803223 
23500 0.10434782608695652 0.9775416587268256 
23600 0.11739130434782608 0.977551499291666 
23700 0.09130434782608694 0.9775531164526171 
23800 0.09130434782608696 0.9775464996903674 
23900 0.09130434782608694 0.9775533541438143 
24000 0.13043478260869565 0.9775506410059002 
24100 0.1043478260869565 0.9775343076148744 
24200 0.07826086956521738 0.9775458434164597 
24300 0.11739130434782608 0.9775581788546902 
24400 0.06521739130434782 0.9775763154753102 
24500 0.10434782608695652 0.9776018458873906 
24600 0.10434782608695652 0.9775975658465633 
24700 0.09130434782608694 0.9775893600505524 
24800 0.11739130434782609 0.9775807821563998 
24900 0.13043478260869562 0.9775732553084127 
