0 0.0 1.0 
100 0.049999999999999996 0.9936571782178217 
200 0.049999999999999996 0.9899072346600332 
300 0.08750000000000001 0.988813330564784 
400 0.075 0.9876415731504572 
500 0.08750000000000001 0.9869531769793746 
600 0.075 0.9862208818635607 
700 0.08750000000000001 0.9861247325249644 
800 0.09999999999999999 0.9860233302122348 
900 0.0625 0.9859299852016278 
1000 0.075 0.986032196969697 
1100 0.075 0.9860046737814109 
1200 0.075 0.9858754857063559 
1300 0.08749999999999998 0.9855359659236484 
1400 0.08749999999999998 0.9855534737092553 
1500 0.09999999999999999 0.9851036808794137 
1600 0.0375 0.985002862794087 
1700 0.075 0.9850424995100922 
1800 0.09999999999999999 0.9848883143623912 
1900 0.09999999999999999 0.9847955571628967 
2000 0.0625 0.9847667312177245 
2100 0.075 0.9847493257179121 
2200 0.08749999999999998 0.9846388478721793 
2300 0.0625 0.9846239859481385 
2400 0.075 0.9845246772178259 
2500 0.0625 0.9846311475409836 
2600 0.0625 0.984706402986031 
2700 0.0625 0.9846835277057879 
2800 0.049999999999999996 0.9846753019754849 
2900 0.049999999999999996 0.9848579512811674 
3000 0.075 0.9849234283016772 
3100 0.08750000000000001 0.9847982505643341 
3200 0.075 0.9847793332812663 
3300 0.0375 0.9847852292234677 
3400 0.0375 0.9848941487797707 
3500 0.075 0.984924694135009 
3600 0.075 0.9848942423400907 
3700 0.024999999999999998 0.985052604025939 
3800 0.049999999999999996 0.9851382311672366 
3900 0.0625 0.9851974386909339 
4000 0.049999999999999996 0.9852621480046655 
4100 0.0375 0.9853967274242055 
4200 0.0375 0.9855496955090058 
4300 0.075 0.9855496299310238 
4400 0.0625 0.9856258994167992 
4500 0.049999999999999996 0.9857016727764201 
4600 0.075 0.9857492483518075 
4700 0.0375 0.9857953538254273 
4800 0.049999999999999996 0.9858861869055058 
4900 0.049999999999999996 0.9859201778548595 
5000 0.075 0.9860397712124241 
5100 0.08750000000000001 0.9860209191008299 
5200 0.0625 0.9860163109658399 
5300 0.0375 0.9860870393950827 
5400 0.075 0.9861570773930753 
5500 0.0375 0.9861440912258377 
5600 0.049999999999999996 0.9862008458311016 
5700 0.049999999999999996 0.9862738810442613 
5800 0.08749999999999998 0.9862833455438718 
5900 0.09999999999999999 0.9862170253629329 
6000 0.0625 0.9861398968227517 
6100 0.0375 0.9861822515434628 
6200 0.075 0.9861505872708702 
6300 0.0625 0.9861104222874676 
6400 0.11249999999999999 0.9859877037442066 
6500 0.08749999999999998 0.985906415038712 
6600 0.08750000000000001 0.9858650677927586 
6700 0.0625 0.985869257697856 
6800 0.11249999999999999 0.9858143563446552 
6900 0.09999999999999999 0.9857225553059943 
7000 0.0375 0.9856984716469076 
7100 0.075 0.9857682163310332 
7200 0.0375 0.9857940737397584 
7300 0.09999999999999999 0.9858117324110852 
7400 0.0625 0.985750447574652 
7500 0.075 0.9857706472470338 
7600 0.09999999999999999 0.9857365258957155 
7700 0.0625 0.9857056578150024 
7800 0.049999999999999996 0.9857226504080674 
7900 0.08749999999999998 0.9857504192507277 
8000 0.08749999999999998 0.9856886378785985 
8100 0.0625 0.9856557060856684 
8200 0.075 0.9856696210827948 
8300 0.049999999999999996 0.9856941809219772 
8400 0.049999999999999996 0.9857020369598857 
8500 0.0625 0.9857486129082853 
8600 0.049999999999999996 0.9857856281246367 
8700 0.08749999999999998 0.9857754017737425 
8800 0.0625 0.9857586022421695 
8900 0.0625 0.9857764108901621 
9000 0.09999999999999999 0.9857368278524609 
9100 0.09999999999999999 0.9856840937809032 
9200 0.075 0.9856409969025106 
9300 0.0625 0.98564026493567 
9400 0.0625 0.9856794379144063 
9500 0.0375 0.9856975033329824 
9600 0.049999999999999996 0.98575018227268 
9700 0.09999999999999999 0.9857472812081228 
9800 0.09999999999999999 0.9857064436452063 
9900 0.075 0.985637235716931 
10000 0.0625 0.9856371133719961 
10100 0.075 0.9855862043362044 
10200 0.075 0.9855725439499395 
10300 0.08750000000000001 0.9855588959809727 
10400 0.075 0.9855447593180143 
10500 0.049999999999999996 0.9855388276513348 
10600 0.08749999999999998 0.9855271122221174 
10700 0.08749999999999998 0.9855161024670591 
10800 0.075 0.9855055376816961 
10900 0.0625 0.98550257239397 
11000 0.0625 0.985511023619065 
11100 0.0625 0.9855277677686695 
11200 0.075 0.9854967841412969 
11300 0.075 0.9854990708786833 
11400 0.0625 0.9855271284682631 
11500 0.0625 0.9855388480711822 
11600 0.0625 0.9855209590408873 
11700 0.09999999999999999 0.985463092541948 
11800 0.08749999999999998 0.9854209918650961 
11900 0.08750000000000001 0.9853914149371201 
12000 0.075 0.9853840304974586 
12100 0.08749999999999998 0.9853580454783352 
12200 0.075 0.9853245891730186 
12300 0.0625 0.9853429091130802 
12400 0.0625 0.9853569436604575 
12500 0.0625 0.9853770031730795 
12600 0.049999999999999996 0.9853979842869613 
12700 0.049999999999999996 0.9854258112878251 
12800 0.024999999999999998 0.9854615443454938 
12900 0.0625 0.9854844101232463 
13000 0.0625 0.9854886963823296 
13100 0.075 0.9854925196549882 
13200 0.08749999999999998 0.9855041758200136 
13300 0.075 0.9855074336516051 
13400 0.0625 0.985507533641768 
13500 0.11249999999999999 0.9854856430387873 
13600 0.0625 0.985469052520648 
13700 0.08749999999999998 0.98547741344914 
13800 0.0625 0.9854464048498901 
13900 0.075 0.9854823468935089 
14000 0.075 0.9854794598004905 
14100 0.0625 0.985477352374536 
14200 0.0625 0.985473257458395 
14300 0.09999999999999999 0.9854517385147892 
14400 0.075 0.9854520374742495 
14500 0.049999999999999996 0.9854424551180379 
14600 0.0625 0.9854438836951807 
14700 0.075 0.9854601727773621 
14800 0.09999999999999999 0.9854563599306353 
14900 0.075 0.9854457824418943 
15000 0.08749999999999998 0.9854313531875653 
15100 0.0625 0.9854210813853387 
15200 0.08749999999999998 0.9854030642172664 
15300 0.09999999999999999 0.9853805170686012 
15400 0.09999999999999998 0.9853602918100556 
15500 0.09999999999999999 0.9853324315097951 
15600 0.0625 0.9853075991389441 
15700 0.08749999999999998 0.9853061376133155 
15800 0.0625 0.9853132647195325 
15900 0.08750000000000001 0.985315716516781 
16000 0.08749999999999998 0.985289819125888 
16100 0.049999999999999996 0.9852812260625634 
16200 0.0625 0.9853031191490237 
16300 0.11249999999999999 0.98528352682862 
16400 0.0625 0.985286561540963 
16500 0.0625 0.9852873500090904 
16600 0.075 0.985292207547738 
16700 0.049999999999999996 0.9853015288505679 
16800 0.08749999999999998 0.9853062441719739 
16900 0.08749999999999998 0.9852939544997338 
17000 0.075 0.9852877833166677 
17100 0.075 0.985274831637526 
17200 0.08749999999999998 0.985243863002151 
17300 0.0625 0.9852073820395738 
17400 0.08750000000000001 0.9852063399134149 
17500 0.024999999999999998 0.9851986136506485 
17600 0.075 0.9852186428801394 
17700 0.0625 0.9852402112404196 
17800 0.075 0.9852619761530251 
17900 0.075 0.9852481472171014 
18000 0.0625 0.9852603674795845 
18100 0.075 0.9852579219840525 
18200 0.075 0.9852708127300698 
18300 0.075 0.9852790091160775 
18400 0.075 0.9852663125192471 
18500 0.075 0.9852637470046665 
18600 0.0625 0.9852592490547103 
18700 0.0625 0.9852655216744203 
18800 0.0625 0.9852882105118522 
18900 0.0625 0.9852840678623705 
19000 0.049999999999999996 0.9852999787291897 
19100 0.075 0.9853012713121477 
19200 0.075 0.9852922428085342 
19300 0.0375 0.9853115069599158 
19400 0.0375 0.9853511094788928 
19500 0.049999999999999996 0.9853913741602994 
19600 0.0625 0.985400271882387 
19700 0.0625 0.9854081539854153 
19800 0.08749999999999998 0.9854248996262815 
19900 0.0625 0.9854015658760866 
20000 0.075 0.9854009903671483 
20100 0.0625 0.9854010683548082 
20200 0.08750000000000001 0.9854005010065509 
20300 0.08749999999999998 0.985373000919495 
20400 0.0375 0.9853875116415862 
20500 0.024999999999999998 0.9854114077768564 
20600 0.0625 0.9854402547206447 
20700 0.0625 0.9854658037856464 
20800 0.049999999999999996 0.9854717020816307 
20900 0.0625 0.9854888821109038 
21000 0.0625 0.9854952343539196 
21100 0.075 0.9854842483768542 
21200 0.08749999999999998 0.9854718920491172 
21300 0.0625 0.985463563917187 
21400 0.049999999999999996 0.9854863431225955 
21500 0.075 0.985492559454599 
21600 0.0625 0.9854800317886517 
21700 0.075 0.9854776997603797 
21800 0.08749999999999998 0.9854585464351788 
21900 0.0625 0.9854501506780512 
22000 0.075 0.9854494066557581 
22100 0.0625 0.9854390072847382 
22200 0.08749999999999998 0.9854453581295137 
22300 0.075 0.9854477984918464 
22400 0.075 0.9854553321652307 
22500 0.08749999999999998 0.9854259949557798 
22600 0.075 0.9854171966948365 
22700 0.08750000000000001 0.9854017077074432 
22800 0.049999999999999996 0.9853882962004591 
22900 0.0625 0.9854000189220267 
23000 0.049999999999999996 0.9854098281958755 
23100 0.08749999999999998 0.9854032067515115 
23200 0.075 0.9853858669884918 
23300 0.09999999999999999 0.9853797404975466 
23400 0.0625 0.9853842383872484 
23500 0.075 0.9853900277293165 
23600 0.0375 0.9854031608830134 
23700 0.024999999999999998 0.9854338732191328 
23800 0.0375 0.9854519636779967 
23900 0.075 0.9854703385841597 
24000 0.09999999999999999 0.9854589392108662 
24100 0.075 0.9854476344342559 
24200 0.0375 0.9854504118287123 
24300 0.049999999999999996 0.9854738488128061 
24400 0.08749999999999998 0.9854793775528325 
24500 0.08749999999999998 0.9854596708637743 
24600 0.0625 0.9854529329769792 
24700 0.049999999999999996 0.9854567924038163 
24800 0.0625 0.985460305700039 
24900 0.1125 0.9854556334752286 
