0 0.0 1.0 
100 0.29296875 0.9487159653465347 
200 0.37109375 0.9418143656716418 
300 0.37109375 0.9400176495016611 
400 0.37109375 0.939107309850374 
500 0.2734375 0.9393556636726547 
600 0.3125 0.9393848793677204 
700 0.33203125 0.9393054564907275 
800 0.21484375 0.9381729868913857 
900 0.1953125 0.939368583518313 
1000 0.25390625 0.9404345654345654 
1100 0.234375 0.9401254541326067 
1200 0.29296875 0.9398710709825145 
1300 0.29296875 0.9399019984627209 
1400 0.29296875 0.9400233092433976 
1500 0.2734375 0.9399931295802798 
1600 0.2734375 0.9403400218613367 
1700 0.2734375 0.9409194040270429 
1800 0.21484375 0.941427939339256 
1900 0.3515625 0.9417679017622304 
2000 0.3515625 0.9412461737881059 
2100 0.21484375 0.9414936339838172 
2200 0.33203125 0.9417292565879146 
2300 0.21484375 0.942122650478053 
2400 0.21484375 0.9421318591211995 
2500 0.25390625 0.9426042083166734 
2600 0.33203125 0.9428449995194156 
2700 0.25390625 0.9428698283043317 
2800 0.3515625 0.9427659764369868 
2900 0.25390625 0.9427016007411237 
3000 0.390625 0.9425621147117628 
3100 0.25390625 0.9425638906804257 
3200 0.25390625 0.9423788464542331 
3300 0.3125 0.9422026469251742 
3400 0.3125 0.9422481439282564 
3500 0.37109375 0.9421381837332191 
3600 0.3125 0.942124366495418 
3700 0.25390625 0.9421883443663874 
3800 0.3125 0.9420732208629308 
3900 0.3125 0.9418758811843118 
4000 0.234375 0.9419188171707074 
4100 0.29296875 0.941756774262375 
4200 0.21484375 0.9418562916567484 
4300 0.29296875 0.9420329211229946 
4400 0.25390625 0.9420186818336742 
4500 0.3125 0.9420276396911798 
4600 0.234375 0.9419198951314931 
4700 0.21484375 0.9419388826845352 
4800 0.21484375 0.9420831923036868 
4900 0.234375 0.9421395187206693 
5000 0.3125 0.9420537767446511 
5100 0.25390625 0.9420050909135463 
5200 0.29296875 0.9420213660834454 
5300 0.17578125 0.9422352504244482 
5400 0.2734375 0.9423197093130902 
5500 0.33203125 0.9422988433921106 
5600 0.29296875 0.9420946036422068 
5700 0.3125 0.9418893067005788 
5800 0.3125 0.9418526978107223 
5900 0.3515625 0.9419490605405864 
6000 0.2734375 0.9419243928095318 
6100 0.3125 0.9421041376413702 
6200 0.25390625 0.9421779249314627 
6300 0.25390625 0.9422902862640851 
6400 0.2734375 0.9422026343540072 
6500 0.29296875 0.9421266920473773 
6600 0.29296875 0.9420406235797606 
6700 0.234375 0.9420562229517982 
6800 0.29296875 0.9421552207395971 
6900 0.2734375 0.9421681413925518 
7000 0.33203125 0.9422208657691759 
7100 0.234375 0.942350769257851 
7200 0.33203125 0.942214514477156 
7300 0.25390625 0.9422189597315436 
7400 0.21484375 0.9422897876976084 
7500 0.2734375 0.9423149830022663 
7600 0.3125 0.9422603728127877 
7700 0.234375 0.9422594265355149 
7800 0.21484375 0.9422464868286117 
7900 0.1953125 0.942240301860524 
8000 0.234375 0.942319221816023 
8100 0.29296875 0.9423667795642513 
8200 0.234375 0.942444137910011 
8300 0.15625 0.9425958657089507 
8400 0.3125 0.9426351773598382 
8500 0.2734375 0.9425467408246089 
8600 0.234375 0.9425961552435763 
8700 0.17578125 0.9426736151017124 
8800 0.234375 0.9427124758550165 
8900 0.25390625 0.9427372977755308 
9000 0.33203125 0.9427181702033107 
9100 0.29296875 0.9427895972970003 
9200 0.3125 0.9427894216661232 
9300 0.234375 0.9428707262659929 
9400 0.25390625 0.9429744009945751 
9500 0.25390625 0.9430948058099148 
9600 0.25390625 0.9431122083637121 
9700 0.234375 0.9431022736058138 
9800 0.2734375 0.9430554758443016 
9900 0.234375 0.9429674085950914 
10000 0.17578125 0.9430658496650335 
10100 0.3515625 0.9430637282199782 
10200 0.29296875 0.9430145482060582 
10300 0.21484375 0.9430186541355208 
10400 0.234375 0.9429971427026248 
10500 0.2734375 0.9429976162984478 
10600 0.390625 0.9428639544618432 
10700 0.21484375 0.942710158513223 
10800 0.25390625 0.9427179775020832 
10900 0.33203125 0.942641085106871 
11000 0.3125 0.9425805040450869 
11100 0.2734375 0.9425762600216196 
11200 0.29296875 0.9425410538121596 
11300 0.25390625 0.942499211906026 
11400 0.1953125 0.9425136090035962 
11500 0.29296875 0.9425009238327102 
11600 0.29296875 0.9424564692698906 
11700 0.3515625 0.9424651872703188 
11800 0.29296875 0.9423555869206 
11900 0.25390625 0.9423262751029325 
12000 0.29296875 0.9423283736771936 
12100 0.21484375 0.9423549706635815 
12200 0.25390625 0.9423721672403901 
12300 0.25390625 0.9424389404316722 
12400 0.234375 0.9424740822312717 
12500 0.3125 0.9424189814814815 
12600 0.33203125 0.9424103245774145 
12700 0.25390625 0.9424122608456027 
12800 0.2734375 0.9423766331731896 
12900 0.29296875 0.9423161237500969 
13000 0.25390625 0.9423247490577648 
13100 0.234375 0.9423207197923823 
13200 0.234375 0.9423939829368987 
13300 0.29296875 0.9424091703631305 
13400 0.2734375 0.9424051843146034 
13500 0.29296875 0.9424136985223317 
13600 0.2734375 0.9424304164215866 
13700 0.234375 0.9424528775271878 
13800 0.3125 0.942506713734512 
13900 0.25390625 0.9425181866412489 
14000 0.25390625 0.9425785992964788 
14100 0.29296875 0.9425572654421672 
14200 0.2734375 0.9425934463242025 
14300 0.390625 0.9425796819278373 
14400 0.234375 0.9425221664294147 
14500 0.29296875 0.9425123159609682 
14600 0.2734375 0.9425213277344018 
14700 0.37109375 0.9424515657948439 
14800 0.33203125 0.9424191672015404 
14900 0.2734375 0.9423932328367224 
15000 0.3515625 0.9423895177821479 
15100 0.234375 0.9423592084133501 
15200 0.3125 0.9423136224590487 
15300 0.33203125 0.9422489747402131 
15400 0.33203125 0.9422521264852932 
15500 0.2734375 0.9422643095606735 
15600 0.29296875 0.9422570568393052 
15700 0.2734375 0.9422827367683587 
15800 0.234375 0.9423140248243782 
15900 0.37109375 0.9422864521099302 
16000 0.37109375 0.9422269994844072 
16100 0.33203125 0.9421251009254084 
16200 0.2734375 0.9420750937442133 
16300 0.29296875 0.942061165726029 
16400 0.25390625 0.9420755117828181 
16500 0.2734375 0.9420806882916187 
16600 0.234375 0.9420618016233961 
16700 0.3515625 0.9420611509041374 
16800 0.25390625 0.9420335378102493 
16900 0.25390625 0.9420490096739838 
17000 0.29296875 0.9420472968501853 
17100 0.390625 0.9420188786474475 
17200 0.3125 0.9419955598511714 
17300 0.29296875 0.9419837997081093 
17400 0.234375 0.9420038270070685 
17500 0.29296875 0.9420082245300269 
17600 0.25390625 0.9420389821601045 
17700 0.33203125 0.9419831065335291 
17800 0.29296875 0.9419574830767934 
17900 0.29296875 0.9420004469024077 
18000 0.21484375 0.9419912869423921 
18100 0.3515625 0.942011793202033 
18200 0.29296875 0.9420230602027361 
18300 0.2734375 0.9420083772744658 
18400 0.29296875 0.9420324897424053 
18500 0.29296875 0.9420202370817794 
18600 0.25390625 0.9420116861996667 
18700 0.234375 0.9420155506390032 
18800 0.29296875 0.9420588499281953 
18900 0.3125 0.9420155100920586 
19000 0.37109375 0.9419864003868218 
19100 0.3125 0.9420056541542328 
19200 0.33203125 0.942030810569762 
19300 0.234375 0.9420215030956945 
19400 0.29296875 0.9420634326194526 
19500 0.33203125 0.9420594616942721 
19600 0.3515625 0.942069082891179 
19700 0.2734375 0.9420675029186336 
19800 0.25390625 0.9420937547346093 
19900 0.37109375 0.9421024697251394 
20000 0.29296875 0.9420872706364681 
20100 0.3125 0.9420867976095717 
20200 0.234375 0.942097351306866 
20300 0.234375 0.942119538446382 
20400 0.21484375 0.9421652507842753 
20500 0.3125 0.9421619296009951 
20600 0.2734375 0.942147832629484 
20700 0.29296875 0.9421529304139896 
20800 0.234375 0.9421547867290034 
20900 0.15625 0.9422102635639443 
21000 0.234375 0.9422207573448883 
21100 0.25390625 0.9422143056016302 
21200 0.21484375 0.9422163901466912 
21300 0.2734375 0.942206535197878 
21400 0.29296875 0.9422433166090369 
21500 0.2734375 0.9422648583205432 
21600 0.21484375 0.942301571686496 
21700 0.33203125 0.942292585883139 
21800 0.2734375 0.942294612345764 
21900 0.390625 0.9422759306081914 
22000 0.21484375 0.9422870693377574 
22100 0.3125 0.9423011119406361 
22200 0.37109375 0.9422564369285167 
22300 0.2734375 0.9422386117774988 
22400 0.3515625 0.9422444868532655 
22500 0.3515625 0.9422247900093329 
22600 0.21484375 0.9422071686540419 
22700 0.234375 0.9422463148649839 
22800 0.15625 0.9422551368361037 
22900 0.25390625 0.9423003839897821 
23000 0.25390625 0.9423257073062041 
23100 0.3125 0.9422769171247998 
23200 0.2734375 0.9422521187125555 
23300 0.2734375 0.942256367752457 
23400 0.29296875 0.9422482279069271 
23500 0.2734375 0.9422100721777796 
23600 0.3125 0.9421899495784077 
23700 0.21484375 0.9421892799881861 
23800 0.3125 0.942216352516701 
23900 0.25390625 0.9422391126417304 
24000 0.3125 0.9422904905003958 
24100 0.21484375 0.9422803384714327 
24200 0.234375 0.9422975483967605 
24300 0.2734375 0.9422905050203695 
24400 0.2734375 0.9423211395024794 
24500 0.234375 0.9423183620056325 
24600 0.29296875 0.9423203706150156 
24700 0.33203125 0.9423065488239343 
24800 0.29296875 0.9423114239345187 
24900 0.2734375 0.9422848856471627 
