0 0.017361111111111112 0.9930555555555556 
100 0.15625 0.9766226622662266 
200 0.2777777777777778 0.9665733830845771 
300 0.1909722222222222 0.9617248062015504 
400 0.24305555555555555 0.9585238293155999 
500 0.22569444444444445 0.9577511643379907 
600 0.22569444444444445 0.9569294231835829 
700 0.22569444444444445 0.9567879220161674 
800 0.1909722222222222 0.9567467748647523 
900 0.2777777777777778 0.9561212849919842 
1000 0.24305555555555555 0.9552808302808303 
1100 0.1736111111111111 0.9555013119386416 
1200 0.1388888888888889 0.9563644879267277 
1300 0.20833333333333334 0.9560754547783756 
1400 0.22569444444444445 0.9556913712427632 
1500 0.1909722222222222 0.9557332148937745 
1600 0.2777777777777778 0.9556939239364286 
1700 0.24305555555555555 0.9556612940100594 
1800 0.1736111111111111 0.9559465420445431 
1900 0.1909722222222222 0.9562857998714127 
2000 0.3298611111111111 0.9560480176578378 
2100 0.24305555555555555 0.9556709106774551 
2200 0.24305555555555555 0.9554321899136756 
2300 0.2604166666666667 0.9552157274614902 
2400 0.20833333333333334 0.9551170808459438 
2500 0.20833333333333334 0.9549208094539962 
2600 0.2951388888888889 0.9547743389294716 
2700 0.3125 0.9546297153317701 
2800 0.24305555555555555 0.9542226982426911 
2900 0.22569444444444445 0.954166906047723 
3000 0.1388888888888889 0.9541009478322041 
3100 0.24305555555555555 0.9543471639972768 
3200 0.2604166666666667 0.9540226144607588 
3300 0.22569444444444445 0.9538113450469554 
3400 0.22569444444444445 0.95389121663563 
3500 0.15625 0.9538405693611349 
3600 0.2604166666666667 0.9540077601900706 
3700 0.2777777777777778 0.9539407517487766 
3800 0.1909722222222222 0.9539110687246046 
3900 0.1736111111111111 0.9540698254008944 
4000 0.1736111111111111 0.9542527562553806 
4100 0.3298611111111111 0.9541151887073613 
4200 0.1909722222222222 0.9540668227141685 
4300 0.22569444444444445 0.9539730747371412 
4400 0.2951388888888889 0.9539900969476635 
4500 0.22569444444444445 0.9539083907279864 
4600 0.1388888888888889 0.9539230602043034 
4700 0.24305555555555555 0.9541409629156917 
4800 0.2604166666666667 0.9541957404707353 
4900 0.2951388888888889 0.954017320728196 
5000 0.22569444444444445 0.9539661512142016 
5100 0.24305555555555555 0.9539135844823455 
5200 0.1909722222222222 0.9540232647567776 
5300 0.24305555555555555 0.9539460583956906 
5400 0.2604166666666667 0.9537669207348434 
5500 0.22569444444444445 0.9537394716112222 
5600 0.2604166666666667 0.9537092830645322 
5700 0.2777777777777778 0.9536283839092556 
5800 0.1909722222222222 0.9535293244459767 
5900 0.3298611111111111 0.953602496751963 
6000 0.3125 0.9535337860356607 
6100 0.1388888888888889 0.953590827551039 
6200 0.24305555555555555 0.9536286710028848 
6300 0.24305555555555555 0.9535749396039429 
6400 0.2951388888888889 0.9534008358069052 
6500 0.3125 0.9533351706575057 
6600 0.22569444444444445 0.953390374354054 
6700 0.2604166666666667 0.953354806082011 
6800 0.2951388888888889 0.9531803942230718 
6900 0.20833333333333334 0.9531383334138369 
7000 0.1736111111111111 0.953160461203955 
7100 0.1909722222222222 0.9531756090691452 
7200 0.22569444444444445 0.9531233123485936 
7300 0.20833333333333334 0.9530719726369294 
7400 0.2604166666666667 0.9530173287393595 
7500 0.1909722222222222 0.9529854352752967 
7600 0.3645833333333333 0.9529767647531757 
7700 0.2951388888888889 0.9528258415213031 
7800 0.1736111111111111 0.9527931782250139 
7900 0.1909722222222222 0.952791664908802 
8000 0.1909722222222222 0.9527776041883653 
8100 0.22569444444444445 0.9527711770837619 
8200 0.2604166666666667 0.9527691406197076 
8300 0.20833333333333334 0.9529097899851423 
8400 0.24305555555555555 0.9529788947083019 
8500 0.2604166666666667 0.9528948391692481 
8600 0.2604166666666667 0.9527953790902867 
8700 0.22569444444444445 0.9528969371336627 
8800 0.1736111111111111 0.952986718680958 
8900 0.20833333333333334 0.9530378141032843 
9000 0.22569444444444445 0.9530545988717303 
9100 0.24305555555555555 0.9530141681622288 
9200 0.24305555555555555 0.9530248070861863 
9300 0.1736111111111111 0.9530550030462674 
9400 0.2777777777777778 0.9530435591958303 
9500 0.22569444444444445 0.9530020231788466 
9600 0.20833333333333334 0.9530307896168223 
9700 0.24305555555555555 0.9529991896597143 
9800 0.1909722222222222 0.9530713277556712 
9900 0.22569444444444445 0.9531230711824844 
10000 0.24305555555555555 0.9530342104678421 
10100 0.20833333333333334 0.9531207031207031 
10200 0.20833333333333334 0.9531258509514318 
10300 0.24305555555555555 0.9531457301880076 
10400 0.24305555555555555 0.9531515399160337 
10500 0.2604166666666667 0.9530848252547376 
10600 0.24305555555555555 0.9530373837897892 
10700 0.1736111111111111 0.9530304151221589 
10800 0.22569444444444445 0.9530801546153134 
10900 0.2604166666666667 0.9530700547350396 
11000 0.1736111111111111 0.9531564049732852 
11100 0.1736111111111111 0.9532108593820376 
11200 0.20833333333333334 0.9532122627939966 
11300 0.20833333333333334 0.9532376067997915 
11400 0.20833333333333334 0.953255501466733 
11500 0.1909722222222222 0.9532767078225082 
11600 0.15625 0.9533080242124721 
11700 0.12152777777777778 0.9533672929189339 
11800 0.22569444444444445 0.9533896609515201 
11900 0.1909722222222222 0.9534382031388585 
12000 0.2777777777777778 0.9534465877843513 
12100 0.22569444444444445 0.9534789365433527 
12200 0.24305555555555555 0.9533986285277163 
12300 0.2777777777777778 0.953326118472753 
12400 0.1736111111111111 0.9533026570437868 
12500 0.2777777777777778 0.9532601280786426 
12600 0.15625 0.9533072772002222 
12700 0.2604166666666667 0.9533219715857894 
12800 0.24305555555555555 0.9533988230086191 
12900 0.1909722222222222 0.9534397634980923 
13000 0.22569444444444445 0.9534197155774342 
13100 0.20833333333333334 0.9534760387247793 
13200 0.20833333333333334 0.9535322976373843 
13300 0.22569444444444445 0.9535668266379304 
13400 0.2604166666666667 0.9534933131026706 
13500 0.2604166666666667 0.9534679529911365 
13600 0.22569444444444445 0.9535208297592497 
13700 0.20833333333333334 0.9535688798060158 
13800 0.2604166666666667 0.9536230265117664 
13900 0.24305555555555555 0.9536169460230679 
14000 0.20833333333333334 0.9536124403812426 
14100 0.2604166666666667 0.9536343462638583 
14200 0.2951388888888889 0.9536412733062617 
14300 0.2777777777777778 0.9536684983179109 
14400 0.20833333333333334 0.9536955863404547 
14500 0.24305555555555555 0.9537484004934526 
14600 0.22569444444444445 0.95370180124649 
14700 0.2604166666666667 0.9536969329372907 
14800 0.22569444444444445 0.9536829812550203 
14900 0.24305555555555555 0.9536489441424513 
15000 0.2777777777777778 0.9536422108896444 
15100 0.2604166666666667 0.9536132632864638 
15200 0.22569444444444445 0.9536319796212237 
15300 0.24305555555555555 0.9536288931732857 
15400 0.22569444444444445 0.9535832359370604 
15500 0.2951388888888889 0.9535059118049731 
15600 0.2777777777777778 0.9535094794493231 
15700 0.1736111111111111 0.9535253858565271 
15800 0.1909722222222222 0.9535217531942423 
15900 0.22569444444444445 0.9535445883906672 
16000 0.1388888888888889 0.9535988202126257 
16100 0.24305555555555555 0.9536200305019011 
16200 0.22569444444444445 0.9536598392417478 
16300 0.1909722222222222 0.9536693386227157 
16400 0.22569444444444445 0.9536427318117459 
16500 0.20833333333333334 0.9536271791608589 
16600 0.20833333333333334 0.9536218534358707 
16700 0.20833333333333334 0.9536111859569287 
16800 0.2777777777777778 0.9535609652864578 
16900 0.20833333333333334 0.9535111334635031 
17000 0.3298611111111111 0.9535070240966218 
17100 0.20833333333333334 0.953508444925248 
17200 0.3125 0.9535074268937852 
17300 0.2604166666666667 0.9534883580910545 
17400 0.2604166666666667 0.9534341896059614 
17500 0.22569444444444445 0.9534238916506358 
17600 0.1909722222222222 0.9534444854774665 
17700 0.22569444444444445 0.953456607912924 
17800 0.20833333333333334 0.9534231457034249 
17900 0.22569444444444445 0.9534494115784965 
18000 0.1909722222222222 0.9534919742113093 
18100 0.15625 0.9535212142975527 
18200 0.22569444444444445 0.9535213266670329 
18300 0.2951388888888889 0.9534969628253466 
18400 0.22569444444444445 0.9534689011466768 
18500 0.22569444444444445 0.9534540925715727 
18600 0.1909722222222222 0.9534775236098417 
18700 0.20833333333333334 0.9534752672168452 
18800 0.24305555555555555 0.9534975976455153 
18900 0.1909722222222222 0.953496912273895 
19000 0.22569444444444445 0.9535128633580688 
19100 0.15625 0.9535321012861456 
19200 0.2604166666666667 0.9535820616981754 
19300 0.20833333333333334 0.9535739368714344 
19400 0.20833333333333334 0.9535948891523346 
19500 0.22569444444444445 0.9536042311220507 
19600 0.22569444444444445 0.9535665343038053 
19700 0.2777777777777778 0.9535269289770965 
19800 0.2777777777777778 0.9535201645259218 
19900 0.20833333333333334 0.9535185278238392 
20000 0.2777777777777778 0.9534677779999889 
20100 0.24305555555555555 0.9534619269909181 
20200 0.2604166666666667 0.953443242633753 
20300 0.2777777777777778 0.9534279920529366 
20400 0.1736111111111111 0.9534140823706899 
20500 0.1909722222222222 0.953414027229024 
20600 0.20833333333333334 0.953430827252183 
20700 0.20833333333333334 0.9534405879479789 
20800 0.2777777777777778 0.9534041832924699 
20900 0.20833333333333334 0.953344204689834 
21000 0.22569444444444445 0.9532968668158659 
21100 0.2951388888888889 0.953300824342185 
21200 0.20833333333333334 0.9532950817309456 
21300 0.2604166666666667 0.9532445659828177 
21400 0.22569444444444445 0.9532013366457435 
21500 0.2951388888888889 0.9532113170446853 
21600 0.20833333333333334 0.9532310103956092 
21700 0.22569444444444445 0.9532433221203324 
21800 0.1909722222222222 0.9532477167204358 
21900 0.22569444444444445 0.9532585713995809 
22000 0.1909722222222222 0.9532335020125348 
22100 0.2951388888888889 0.9532105447717298 
22200 0.2604166666666667 0.9531643344393896 
22300 0.1909722222222222 0.9531515465175951 
22400 0.2777777777777778 0.9531487929606317 
22500 0.1909722222222222 0.9531678221708665 
22600 0.1736111111111111 0.9531891410901189 
22700 0.20833333333333334 0.9532177669608289 
22800 0.2604166666666667 0.9531945175406537 
22900 0.1736111111111111 0.9532390931497412 
23000 0.24305555555555555 0.9532805638885266 
23100 0.2951388888888889 0.9532384059853108 
23200 0.24305555555555555 0.9532456994190863 
23300 0.20833333333333334 0.9532544204111412 
23400 0.24305555555555555 0.9532712277253109 
23500 0.1909722222222222 0.9532714919932486 
23600 0.1909722222222222 0.9532841122551304 
23700 0.1909722222222222 0.9532980910322584 
23800 0.1736111111111111 0.9533199760514264 
23900 0.1388888888888889 0.953332961428857 
24000 0.24305555555555555 0.9533235594350236 
24100 0.2951388888888889 0.9532878707199793 
24200 0.3125 0.953233251380797 
24300 0.20833333333333334 0.9532246615365623 
24400 0.2951388888888889 0.953210165566985 
24500 0.2951388888888889 0.9531850173915803 
24600 0.24305555555555555 0.9531404549950544 
24700 0.20833333333333334 0.9531544494374946 
24800 0.20833333333333334 0.9531499905917772 
24900 0.24305555555555555 0.9531540734642517 
