Created:December-14-2022 
Coverage:25 
N:20 
NUM-IONS:100 
NSTEPS:15000 
WRITE-PERIODICITY:100 
epsilon:1.71 
-2  53 
22  21 
-1  -25 
-4  -10 
26  22 
13  40 
12  34 
34  16 
5  23 
10  5 
1  7 
-5  10 
13  43 
-2  19 
11  8 
18  11 
11  -1 
6  3 
-1  18 
24  14 
-8  13 
-1  5 
1  9 
-21  2 
8  -7 
7  10 
-44  12 
11  26 
25  22 
8  25 
14  21 
9  29 
-7  -12 
-14  10 
8  28 
0  40 
21  37 
14  5 
17  11 
-14  26 
23  9 
32  2 
2  16 
33  -6 
7  22 
-22  23 
4  4 
18  -11 
-3  -1 
10  24 
-13  -22 
-40  15 
-3  14 
-8  47 
33  12 
2  14 
-1  30 
22  3 
-3  8 
22  6 
-6  -5 
42  -8 
17  -11 
6  13 
62  11 
23  28 
19  -3 
3  -3 
15  56 
5  1 
-16  -2 
-13  14 
4  12 
10  17 
-11  23 
-23  1 
14  63 
51  12 
-2  -14 
3  15 
7  -9 
15  23 
17  4 
29  -5 
-19  -8 
23  -15 
-5  11 
10  2 
-22  48 
6  18 
35  25 
2  -10 
5  12 
33  16 
60  13 
5  10 
32  -10 
-8  6 
19  23 
-8  38 
-2  53 
20  20 
2  -26 
-6  -10 
31  25 
14  41 
13  32 
35  16 
10  22 
11  8 
-1  10 
-4  10 
13  43 
-9  20 
12  6 
23  8 
9  0 
8  5 
-2  19 
26  12 
-10  12 
-3  6 
3  10 
-17  2 
9  -9 
-1  14 
-43  14 
15  25 
23  21 
6  27 
12  22 
9  29 
-7  -9 
-16  10 
9  27 
0  38 
23  35 
14  5 
19  17 
-13  26 
24  7 
35  3 
2  21 
31  -6 
5  23 
-21  22 
8  3 
19  -9 
-3  1 
15  27 
-14  -23 
-39  17 
-4  14 
-7  48 
34  12 
2  15 
1  32 
18  3 
-10  5 
23  7 
-8  -1 
38  -4 
17  -12 
-1  7 
61  9 
22  23 
17  -3 
3  -3 
14  55 
2  0 
-20  -1 
-13  19 
5  13 
11  18 
-11  22 
-23  3 
13  64 
48  10 
1  -14 
8  11 
9  -5 
14  23 
17  4 
30  -3 
-22  -9 
24  -14 
-8  14 
10  4 
-22  49 
7  20 
33  29 
2  -11 
6  10 
30  15 
61  13 
5  10 
31  -7 
-11  5 
23  24 
-7  39 
-3  54 
20  19 
4  -26 
-13  -9 
31  24 
18  39 
12  36 
33  16 
11  28 
14  6 
-3  9 
-4  10 
12  42 
-11  22 
14  3 
23  8 
10  -9 
10  4 
-4  17 
24  13 
-8  12 
3  9 
1  11 
-18  0 
6  -8 
0  9 
-41  15 
15  25 
25  23 
9  31 
13  19 
8  28 
-5  -10 
-13  10 
8  25 
-1  37 
30  32 
11  6 
19  18 
-11  25 
24  6 
37  6 
6  22 
31  -8 
13  24 
-18  22 
7  1 
17  -4 
-4  -1 
15  26 
-12  -22 
-37  18 
-9  13 
-7  48 
34  12 
1  17 
-1  33 
21  3 
-10  5 
24  5 
-11  0 
34  -4 
17  -12 
1  7 
61  13 
19  22 
21  -8 
1  -4 
14  55 
2  3 
-18  -6 
-13  22 
8  11 
11  18 
-9  23 
-22  3 
14  65 
44  7 
-5  -20 
11  14 
13  -6 
13  23 
17  4 
26  -2 
-19  -11 
25  -10 
-9  9 
7  4 
-22  49 
7  20 
33  27 
2  -9 
11  11 
32  14 
60  12 
6  10 
32  -13 
-10  6 
26  24 
-13  38 
-4  53 
27  20 
2  -29 
-15  -11 
32  27 
14  41 
13  35 
34  15 
13  24 
14  7 
-2  11 
-5  11 
10  46 
-14  20 
18  3 
21  3 
5  -8 
10  4 
3  19 
24  10 
-8  15 
3  8 
4  7 
-22  -7 
8  -7 
0  10 
-39  13 
15  24 
25  24 
9  31 
14  17 
9  29 
-4  -13 
-13  10 
8  28 
-2  36 
26  37 
13  8 
21  19 
-10  25 
23  5 
39  2 
6  26 
32  -6 
9  22 
-17  22 
5  0 
14  -4 
-6  3 
14  25 
-13  -22 
-37  18 
-9  13 
-8  53 
29  13 
-1  18 
-5  36 
20  2 
-14  7 
27  3 
-8  -2 
33  -4 
14  -14 
-1  4 
61  8 
22  21 
20  -7 
3  -3 
16  61 
4  2 
-18  -5 
-13  22 
5  13 
9  15 
-12  18 
-23  5 
13  63 
48  11 
-3  -14 
6  13 
15  -5 
17  19 
18  2 
25  -3 
-17  -13 
24  -7 
-9  8 
6  1 
-21  47 
6  18 
35  25 
-3  -6 
12  10 
31  15 
63  15 
7  8 
31  -14 
-11  5 
31  25 
-2  39 
-4  52 
25  20 
4  -28 
-16  -10 
31  28 
13  43 
11  37 
31  12 
11  26 
15  10 
5  12 
-6  12 
12  46 
-11  21 
19  2 
21  2 
9  -11 
13  4 
2  21 
27  8 
-9  10 
3  9 
2  5 
-20  -5 
4  -6 
0  13 
-43  6 
23  23 
29  22 
9  31 
6  10 
9  27 
0  -10 
-13  10 
8  28 
-3  36 
26  38 
16  7 
19  18 
-15  22 
24  7 
44  2 
6  27 
34  -4 
7  22 
-15  24 
4  0 
15  -9 
-7  0 
17  28 
-8  -23 
-37  15 
-14  12 
-9  54 
29  12 
2  16 
1  37 
22  3 
-14  4 
32  -6 
-7  -1 
33  -4 
12  -13 
3  5 
62  11 
20  20 
20  -3 
3  2 
15  59 
5  3 
-17  -4 
-14  22 
8  14 
10  13 
-10  17 
-23  4 
11  65 
45  10 
-2  -12 
6  17 
17  -6 
16  24 
24  6 
26  -7 
-12  -10 
22  -6 
-12  18 
9  -5 
-21  51 
7  18 
34  25 
-2  -5 
15  5 
27  11 
58  16 
7  6 
30  -17 
-10  5 
29  20 
-2  39 
0  53 
20  19 
0  -26 
-16  -8 
31  29 
14  41 
15  35 
32  14 
15  30 
14  12 
5  10 
-4  17 
13  43 
-13  18 
20  7 
17  1 
9  -11 
9  5 
0  17 
24  7 
-5  6 
1  3 
2  11 
-24  -1 
6  -10 
2  13 
-39  8 
22  23 
29  22 
8  31 
8  10 
7  26 
-4  -12 
-13  10 
11  28 
-3  35 
26  38 
14  5 
18  19 
-13  20 
21  9 
45  3 
5  27 
36  -8 
0  22 
-14  24 
5  4 
13  -12 
-4  7 
18  29 
-8  -22 
-35  17 
-13  11 
-8  55 
27  12 
4  14 
-1  37 
21  -3 
-14  2 
36  -10 
-7  0 
29  -5 
12  -14 
-1  7 
59  10 
20  20 
19  -2 
3  -3 
13  61 
2  1 
-14  -9 
-13  22 
9  11 
11  12 
-9  18 
-21  2 
13  67 
46  6 
-2  -12 
8  12 
20  -5 
18  26 
23  9 
26  -7 
-10  -9 
26  -8 
-14  17 
8  -7 
-22  53 
17  17 
35  25 
-3  -6 
18  3 
29  7 
59  15 
11  6 
30  -15 
-14  7 
28  18 
-5  39 
-1  55 
22  22 
-6  -24 
-19  -3 
27  26 
15  44 
14  37 
35  16 
13  26 
10  20 
12  16 
-7  16 
14  43 
-11  20 
25  11 
16  1 
8  -7 
8  5 
0  20 
19  13 
-7  8 
4  7 
2  15 
-26  1 
5  -10 
2  7 
-41  6 
21  22 
29  22 
7  33 
11  12 
6  26 
-6  -8 
-12  11 
13  23 
-2  36 
27  38 
15  5 
17  19 
-13  20 
21  8 
45  4 
3  27 
40  -9 
-1  24 
-15  23 
3  8 
13  -13 
-3  8 
18  29 
-7  -21 
-33  12 
-16  14 
-6  55 
26  11 
0  15 
-1  38 
23  -2 
-11  3 
35  -9 
-8  -1 
29  -2 
7  -18 
-4  6 
62  16 
21  20 
18  -1 
0  -1 
10  65 
1  3 
-14  -10 
-14  22 
13  15 
9  15 
-8  14 
-23  2 
12  67 
48  7 
-3  -11 
15  10 
19  -3 
19  25 
22  14 
26  -3 
-10  -9 
24  -8 
-14  13 
12  -7 
-21  54 
17  15 
37  21 
-2  -7 
18  3 
29  5 
58  15 
11  7 
30  -16 
-13  8 
26  18 
-7  40 
-1  57 
26  22 
-6  -25 
-21  -2 
27  26 
17  46 
12  34 
35  16 
12  26 
12  19 
11  18 
-8  16 
15  39 
-9  15 
26  14 
13  0 
9  -9 
8  5 
1  17 
23  9 
0  12 
3  8 
0  20 
-27  4 
4  -10 
-3  12 
-34  6 
23  24 
34  28 
7  34 
6  10 
8  28 
-9  -11 
-13  10 
13  23 
-5  35 
27  40 
15  4 
14  23 
-12  18 
19  10 
43  5 
4  27 
42  -9 
-1  22 
-11  27 
2  9 
10  -14 
1  9 
17  29 
-4  -16 
-27  13 
-23  15 
-5  54 
28  10 
3  15 
1  36 
20  2 
-11  2 
33  -6 
-11  -4 
27  -2 
7  -18 
-8  7 
64  14 
22  21 
18  -1 
1  -1 
13  67 
-5  5 
-15  -7 
-15  20 
10  17 
4  13 
-9  12 
-24  0 
15  66 
51  7 
-2  -11 
15  10 
16  -3 
20  35 
22  14 
26  -3 
-10  -9 
28  -7 
-15  10 
16  -6 
-23  54 
17  11 
35  20 
1  -7 
18  3 
29  5 
54  16 
14  5 
29  -17 
-14  8 
27  16 
-9  37 
5  57 
25  24 
-6  -24 
-20  -1 
26  24 
21  49 
11  33 
35  19 
8  25 
11  17 
10  17 
-7  9 
16  41 
-8  13 
21  17 
13  -1 
9  -11 
12  -1 
-1  18 
23  10 
0  15 
4  7 
0  20 
-28  4 
6  -10 
-4  17 
-40  5 
17  24 
36  30 
9  35 
6  13 
4  30 
-9  -12 
-12  13 
13  23 
-1  31 
26  42 
14  5 
13  24 
-13  18 
22  10 
40  9 
3  27 
43  -11 
-2  29 
-12  28 
5  10 
11  -14 
-1  7 
17  29 
-3  -21 
-25  10 
-22  14 
0  54 
29  11 
1  20 
5  32 
21  2 
-11  2 
31  -8 
-8  -4 
27  2 
5  -18 
-8  6 
68  11 
21  23 
18  -1 
1  -1 
13  68 
-7  7 
-13  -8 
-18  22 
7  16 
5  11 
-5  11 
-22  -5 
12  67 
50  4 
-3  -12 
13  11 
14  3 
18  33 
18  8 
30  -1 
-10  -9 
30  -8 
-14  8 
17  -6 
-22  51 
16  12 
33  20 
2  -9 
19  2 
26  6 
53  16 
15  5 
24  -18 
-13  11 
26  18 
-8  34 
4  53 
23  29 
-6  -25 
-20  0 
26  26 
17  49 
13  29 
41  12 
8  25 
14  16 
8  18 
-5  10 
13  43 
-7  13 
19  17 
12  -1 
9  -11 
11  -3 
3  15 
22  10 
1  9 
5  10 
-1  18 
-30  4 
7  -9 
-4  16 
-41  6 
17  24 
36  30 
8  33 
7  12 
5  29 
-8  -14 
-10  15 
13  24 
0  32 
26  44 
14  3 
15  23 
-14  18 
22  11 
41  13 
3  25 
43  -13 
0  35 
-9  29 
4  10 
12  -13 
-3  6 
16  26 
-2  -17 
-26  5 
-26  17 
-3  56 
28  11 
4  22 
1  31 
27  4 
-10  5 
32  -4 
-6  -11 
27  2 
6  -18 
-5  5 
70  11 
18  22 
17  2 
0  -2 
13  67 
-11  5 
-15  -3 
-18  23 
7  18 
7  10 
-5  11 
-24  -7 
11  65 
51  6 
-6  -14 
11  12 
19  2 
17  34 
18  9 
30  3 
-7  -5 
34  -10 
-11  7 
19  -9 
-22  53 
16  12 
33  19 
-2  -4 
17  3 
31  8 
55  16 
14  1 
22  -18 
-12  10 
21  17 
-11  33 
7  55 
24  32 
-10  -28 
-17  -1 
24  27 
17  44 
13  27 
41  13 
8  25 
18  19 
7  19 
-7  8 
14  43 
-8  14 
21  17 
18  2 
9  -15 
11  -7 
3  17 
23  9 
3  3 
6  13 
0  15 
-31  3 
5  -7 
-2  10 
-35  5 
13  29 
32  29 
2  36 
9  15 
4  30 
-9  -14 
-7  12 
15  24 
1  31 
24  46 
13  0 
14  25 
-14  17 
22  11 
38  12 
4  22 
43  -12 
-4  33 
-9  28 
6  10 
11  -13 
1  6 
15  25 
-2  -17 
-31  2 
-31  12 
-2  53 
28  10 
6  24 
1  29 
25  4 
-9  3 
32  -8 
-5  -14 
25  3 
7  -18 
-3  5 
73  11 
17  26 
17  1 
4  1 
11  65 
-10  4 
-15  -3 
-19  23 
8  18 
11  10 
-2  6 
-21  -8 
7  68 
53  3 
0  -6 
13  19 
23  2 
17  34 
17  9 
33  4 
-11  -9 
32  -10 
-14  6 
20  -8 
-22  48 
16  12 
29  20 
-2  -4 
19  7 
32  7 
54  17 
15  0 
21  -18 
-12  11 
20  17 
-12  39 
4  52 
26  33 
-15  -32 
-16  -5 
24  27 
17  44 
13  24 
40  15 
8  25 
17  15 
13  19 
-8  7 
11  44 
-9  8 
22  14 
18  3 
10  -15 
11  -8 
3  15 
23  9 
2  3 
1  20 
0  20 
-30  2 
7  -10 
3  5 
-39  6 
13  27 
33  28 
2  36 
11  21 
4  33 
-8  -14 
-8  15 
18  19 
-4  32 
29  53 
13  0 
14  32 
-14  17 
21  10 
35  10 
4  22 
41  -11 
-6  30 
-9  26 
7  11 
9  -15 
3  8 
15  23 
-1  -17 
-31  2 
-33  12 
0  49 
26  10 
7  22 
3  27 
28  8 
-10  4 
33  -9 
-1  -14 
25  3 
6  -16 
-1  14 
72  13 
17  26 
15  2 
10  -3 
10  63 
-9  5 
-17  -3 
-11  27 
7  20 
11  9 
-8  2 
-18  -7 
9  69 
51  3 
-3  -4 
10  20 
22  1 
18  31 
18  8 
32  4 
-12  -9 
31  -7 
-14  6 
24  -9 
-23  48 
14  16 
34  21 
-5  -4 
17  9 
34  8 
54  15 
18  0 
18  -18 
-16  10 
20  18 
-15  38 
7  58 
26  33 
-11  -33 
-18  -6 
24  27 
17  43 
13  23 
37  14 
8  25 
15  14 
9  15 
-8  6 
11  45 
-9  14 
22  12 
15  2 
9  -15 
10  -9 
2  15 
24  10 
2  5 
2  11 
-1  18 
-29  3 
3  -9 
6  6 
-38  9 
22  27 
33  27 
3  37 
7  19 
7  31 
-9  -12 
-7  11 
13  20 
-2  33 
27  53 
10  0 
12  36 
-14  17 
17  8 
34  6 
1  27 
38  -12 
-7  29 
-9  30 
8  11 
12  -13 
3  8 
16  20 
5  -20 
-30  5 
-36  20 
-1  54 
25  10 
11  26 
3  27 
29  9 
-14  3 
36  -10 
-1  -13 
27  8 
2  -18 
3  9 
69  11 
14  25 
14  1 
10  -3 
12  64 
-7  8 
-21  -9 
-13  27 
5  23 
13  14 
-7  -1 
-19  0 
14  70 
50  3 
-3  -5 
9  22 
22  3 
20  29 
16  1 
32  2 
-13  -10 
31  -8 
-12  8 
25  -8 
-26  43 
15  16 
38  19 
0  -5 
18  9 
41  9 
54  15 
22  1 
19  -18 
-14  10 
19  17 
-8  38 
13  51 
25  32 
-16  -33 
-22  -7 
23  27 
14  45 
16  29 
39  11 
9  25 
13  18 
9  11 
-9  5 
13  42 
-11  15 
22  11 
17  -1 
14  -17 
9  -7 
1  16 
31  13 
5  3 
2  10 
-1  17 
-28  -1 
7  -6 
8  8 
-42  9 
17  26 
31  27 
-1  32 
6  22 
7  30 
-10  -15 
-6  12 
15  24 
-4  34 
31  52 
8  -2 
10  35 
-13  18 
18  8 
41  3 
1  29 
37  -11 
-7  29 
-8  34 
7  11 
13  -14 
6  6 
18  19 
1  -21 
-30  4 
-31  22 
-2  56 
28  10 
8  25 
5  24 
29  9 
-17  -3 
36  -10 
-5  -14 
25  10 
4  -18 
3  9 
72  10 
13  28 
14  1 
11  -3 
11  61 
-7  7 
-20  -5 
-15  29 
6  24 
11  14 
-7  0 
-20  0 
12  67 
50  2 
-5  -6 
7  22 
16  1 
16  32 
20  6 
33  1 
-11  -4 
34  -12 
-11  7 
30  -9 
-24  39 
14  16 
37  14 
2  -7 
17  8 
40  9 
54  15 
19  -2 
18  -17 
-14  13 
23  14 
-10  37 
15  50 
26  34 
-17  -35 
-21  -9 
23  28 
15  47 
11  32 
43  9 
11  26 
13  16 
6  13 
-8  7 
15  46 
-15  17 
22  10 
17  6 
15  -16 
4  -9 
2  14 
26  10 
3  3 
1  11 
0  20 
-27  0 
7  -4 
10  12 
-44  6 
22  23 
34  28 
1  33 
5  21 
7  26 
-8  -14 
-9  13 
17  23 
-7  34 
33  51 
7  0 
15  36 
-14  18 
19  8 
42  5 
4  27 
36  -10 
-6  25 
-6  32 
8  11 
11  -15 
7  8 
15  21 
2  -29 
-27  1 
-35  22 
-2  56 
26  9 
12  22 
7  22 
28  8 
-17  -5 
37  -12 
-8  -16 
26  8 
2  -19 
1  4 
69  13 
13  28 
15  5 
9  -5 
10  57 
-9  7 
-22  -5 
-15  30 
6  26 
12  14 
-7  -1 
-21  -3 
13  67 
48  5 
-6  -5 
3  16 
14  3 
17  36 
21  9 
33  4 
-11  -2 
39  -17 
-11  7 
29  -9 
-20  31 
20  15 
40  13 
-1  -7 
18  8 
36  12 
54  21 
20  -1 
19  -18 
-13  14 
21  19 
-13  38 
13  49 
25  37 
-17  -33 
-14  -8 
23  28 
13  47 
14  35 
43  9 
12  28 
9  11 
7  12 
-12  5 
15  45 
-19  16 
18  8 
21  9 
10  -16 
7  -10 
1  15 
31  15 
4  5 
0  10 
5  23 
-25  3 
6  -7 
11  13 
-42  3 
22  21 
36  32 
0  32 
6  22 
9  25 
-9  -14 
-6  16 
17  24 
-8  34 
31  52 
5  0 
17  37 
-14  18 
17  8 
44  7 
1  27 
37  -11 
-1  22 
-10  32 
7  11 
6  -12 
6  9 
20  25 
0  -26 
-27  -1 
-39  22 
-3  54 
27  8 
13  20 
8  18 
28  8 
-18  -6 
38  -11 
-7  -12 
26  10 
-1  -22 
2  2 
70  11 
17  26 
21  6 
12  -5 
7  58 
-8  6 
-21  -6 
-15  33 
6  26 
15  15 
-7  -7 
-19  0 
14  66 
47  0 
-4  -3 
1  11 
11  5 
17  35 
22  11 
33  4 
-17  6 
40  -13 
-11  7 
28  -10 
-21  31 
20  15 
41  17 
0  -11 
19  9 
38  11 
54  21 
22  0 
20  -18 
-15  10 
20  20 
-12  39 
15  50 
25  40 
-23  -32 
-13  -10 
23  28 
14  47 
5  37 
40  7 
12  27 
6  11 
10  11 
-9  6 
13  47 
-17  15 
18  9 
19  6 
12  -14 
11  -8 
1  13 
30  17 
6  2 
3  9 
2  21 
-26  3 
3  -3 
13  9 
-42  3 
21  23 
38  32 
2  31 
1  17 
10  24 
-5  -14 
-10  12 
15  21 
-7  33 
34  52 
2  -4 
19  36 
-14  18 
9  5 
43  7 
3  23 
38  -12 
-2  22 
-11  35 
9  11 
5  -10 
6  10 
21  28 
0  -28 
-26  -3 
-36  22 
-3  59 
26  9 
14  21 
11  21 
30  5 
-18  -6 
38  -7 
-9  -15 
26  13 
-1  -22 
3  2 
71  13 
17  24 
17  6 
8  -6 
8  58 
-6  5 
-23  -6 
-16  30 
9  22 
14  15 
-5  -4 
-22  -1 
16  70 
45  3 
-7  0 
-1  17 
11  8 
20  33 
22  10 
33  3 
-16  7 
40  -14 
-11  10 
31  -11 
-24  33 
20  15 
46  20 
-7  -12 
23  5 
38  16 
55  25 
21  7 
22  -17 
-13  12 
20  20 
-13  40 
11  52 
25  43 
-23  -32 
-15  -10 
26  28 
9  51 
6  38 
39  5 
11  26 
12  18 
9  13 
-7  7 
13  49 
-18  20 
18  9 
22  3 
11  -12 
7  -6 
-2  11 
29  15 
9  5 
1  8 
2  21 
-27  3 
0  -1 
14  5 
-43  -1 
22  22 
36  33 
-1  36 
1  17 
12  26 
-5  -15 
-16  13 
14  16 
-8  32 
30  51 
3  -4 
22  33 
-13  20 
8  5 
43  9 
3  28 
38  -12 
-2  23 
-12  38 
6  13 
4  -10 
8  13 
21  26 
2  -30 
-27  1 
-34  24 
-6  61 
25  12 
15  24 
14  23 
30  5 
-19  -13 
38  -7 
-7  -16 
32  22 
0  -25 
0  2 
75  15 
17  24 
24  7 
7  -9 
5  60 
-4  -1 
-19  -7 
-14  35 
10  23 
13  15 
-8  -7 
-23  -3 
17  66 
47  8 
-10  -1 
1  19 
8  11 
17  36 
22  11 
38  6 
-13  10 
39  -14 
-12  8 
32  -6 
-22  35 
20  12 
47  24 
-8  -13 
24  2 
39  17 
55  30 
23  4 
24  -20 
-12  10 
20  20 
-13  38 
16  50 
26  44 
-22  -32 
-17  -5 
26  28 
8  51 
9  40 
40  2 
12  27 
8  21 
14  12 
-8  10 
12  55 
-19  19 
20  11 
23  5 
11  -12 
12  -7 
4  10 
29  12 
13  8 
-1  3 
3  17 
-30  5 
1  -4 
14  6 
-46  1 
22  23 
38  35 
-3  37 
0  18 
14  25 
-9  -17 
-16  13 
14  16 
-5  30 
29  51 
6  -3 
22  34 
-11  21 
8  5 
43  8 
3  27 
38  -11 
1  23 
-11  33 
11  12 
6  -10 
12  16 
23  23 
2  -29 
-30  -3 
-35  22 
-7  63 
20  20 
12  22 
13  21 
32  6 
-21  -15 
40  -7 
-4  -14 
33  19 
-4  -28 
-2  2 
73  11 
18  23 
24  7 
7  -9 
9  56 
-6  3 
-22  -7 
-6  37 
9  22 
10  11 
-7  -5 
-26  -5 
17  69 
48  8 
-18  1 
-1  17 
7  10 
22  36 
25  13 
40  9 
-18  13 
35  -15 
-11  7 
32  -3 
-18  30 
17  14 
46  22 
-10  -14 
24  2 
38  16 
53  29 
24  6 
27  -18 
-13  12 
22  20 
-14  38 
15  51 
22  43 
-25  -35 
-17  -2 
29  32 
6  53 
6  38 
43  5 
13  28 
5  17 
11  9 
-12  11 
12  50 
-16  22 
18  9 
23  9 
9  -15 
11  -13 
6  7 
33  12 
13  9 
-6  5 
2  20 
-30  4 
2  -5 
12  7 
-42  3 
19  27 
40  34 
-9  33 
0  20 
14  26 
-11  -18 
-15  10 
15  16 
-5  23 
31  52 
6  -10 
23  37 
-14  22 
8  5 
42  11 
2  30 
35  -12 
3  22 
-7  33 
12  16 
6  -8 
9  15 
22  21 
2  -26 
-30  -3 
-28  26 
-7  61 
17  19 
17  21 
14  21 
31  5 
-30  -15 
38  -5 
1  -14 
33  20 
-3  -23 
-1  5 
73  11 
17  24 
24  7 
6  -9 
11  55 
-8  4 
-20  -7 
-9  34 
10  15 
14  12 
-4  -8 
-26  -5 
17  69 
44  5 
-15  0 
1  17 
10  11 
27  34 
22  18 
41  8 
-17  15 
33  -17 
-11  6 
33  -1 
-12  30 
19  17 
45  23 
-10  -18 
27  2 
38  16 
54  30 
23  3 
26  -16 
-16  14 
22  22 
-16  32 
10  56 
19  42 
-30  -37 
-19  -3 
25  32 
11  53 
9  40 
44  7 
13  28 
3  17 
9  11 
-14  10 
10  44 
-14  24 
17  8 
20  9 
11  -14 
14  -10 
9  9 
31  15 
16  6 
-3  6 
3  15 
-37  0 
4  -6 
13  7 
-47  3 
19  25 
39  35 
-13  36 
2  21 
11  28 
-10  -20 
-19  9 
15  16 
-7  26 
32  52 
7  -10 
21  36 
-14  22 
11  5 
42  11 
-2  28 
34  -19 
4  22 
-6  26 
14  16 
6  -14 
9  15 
25  22 
2  -26 
-30  -1 
-28  27 
-12  58 
18  23 
18  19 
10  17 
29  2 
-34  -17 
37  -4 
-5  -21 
28  19 
-1  -34 
6  5 
74  17 
16  23 
16  13 
5  -7 
7  54 
-11  3 
-22  -5 
-7  33 
8  13 
14  12 
-4  -8 
-22  -11 
12  66 
43  9 
-13  0 
-1  17 
8  11 
26  33 
24  15 
38  5 
-19  19 
33  -16 
-12  8 
38  -4 
-10  31 
16  19 
43  27 
-11  -24 
25  3 
39  14 
55  31 
19  3 
30  -15 
-16  10 
22  23 
-13  26 
9  55 
17  43 
-27  -33 
-20  0 
26  33 
9  52 
5  40 
44  7 
13  29 
-4  17 
9  11 
-14  10 
11  46 
-14  23 
14  6 
23  7 
14  -15 
14  -11 
9  9 
34  16 
14  3 
4  6 
3  16 
-37  -1 
7  -10 
13  3 
-53  0 
19  27 
39  38 
-18  38 
2  21 
10  35 
-10  -23 
-20  5 
11  17 
-9  25 
31  54 
1  -11 
21  37 
-18  20 
14  1 
42  11 
-2  29 
33  -19 
1  23 
-3  29 
14  12 
9  -12 
6  15 
26  22 
2  -25 
-30  -1 
-28  27 
-12  59 
15  25 
23  17 
13  19 
33  4 
-35  -17 
39  -3 
-5  -17 
26  18 
-3  -34 
8  5 
74  15 
10  22 
18  13 
7  -9 
4  53 
-11  2 
-25  -5 
-7  32 
10  12 
10  16 
-8  -4 
-22  -12 
9  65 
42  3 
-12  -2 
-1  22 
5  10 
19  35 
21  16 
46  4 
-19  19 
32  -14 
-11  7 
37  -5 
-8  30 
18  19 
41  22 
-8  -21 
30  4 
40  13 
56  30 
17  4 
30  -15 
-17  9 
27  22 
-14  26 
10  51 
22  47 
-28  -33 
-19  0 
30  39 
8  53 
9  42 
39  6 
14  32 
-8  15 
6  12 
-16  7 
12  46 
-10  22 
17  6 
27  8 
15  -17 
13  -13 
8  8 
33  14 
15  2 
1  2 
2  14 
-37  -5 
7  -10 
12  4 
-53  -1 
11  23 
37  35 
-16  40 
7  20 
9  33 
-10  -20 
-17  8 
11  18 
-9  24 
32  52 
3  -13 
20  38 
-20  20 
12  -1 
39  12 
-7  32 
26  -14 
4  21 
-2  29 
14  15 
6  -12 
6  13 
27  22 
5  -28 
-33  -2 
-29  28 
-12  58 
16  19 
21  17 
13  23 
35  4 
-38  -17 
39  -2 
-2  -17 
26  17 
-3  -41 
4  10 
70  17 
9  25 
19  14 
8  -10 
4  52 
-10  3 
-23  -3 
-9  32 
15  11 
5  17 
-9  -7 
-23  -12 
9  67 
39  3 
-14  2 
-2  28 
3  17 
15  33 
22  15 
47  4 
-19  15 
34  -15 
-13  7 
38  -4 
-5  30 
18  19 
44  26 
-8  -22 
30  4 
40  7 
56  30 
13  8 
31  -14 
-19  9 
25  23 
-18  21 
9  51 
21  49 
-29  -34 
-20  0 
27  40 
3  49 
9  41 
38  6 
13  32 
-10  15 
5  10 
-19  8 
12  47 
-6  23 
17  6 
24  7 
17  -16 
12  -14 
10  4 
28  18 
15  3 
4  6 
-3  17 
-32  -3 
8  -12 
14  5 
-54  -2 
9  22 
41  31 
-19  40 
4  22 
4  32 
-18  -17 
-20  15 
6  23 
-10  25 
35  51 
7  -10 
21  37 
-18  16 
12  -1 
42  14 
-11  32 
26  -7 
4  21 
-8  28 
9  13 
6  -10 
8  11 
27  22 
6  -26 
-32  -7 
-29  27 
-10  57 
13  20 
23  15 
13  23 
35  10 
-39  -17 
40  -2 
-3  -21 
27  14 
-6  -39 
8  10 
69  15 
11  23 
18  16 
12  -6 
7  52 
-7  7 
-22  -5 
-7  31 
14  7 
3  17 
-7  -4 
-25  -16 
9  67 
40  2 
-15  4 
-2  31 
2  18 
11  32 
26  17 
47  6 
-23  14 
31  -11 
-14  6 
41  -8 
-3  28 
18  19 
45  22 
-7  -21 
32  2 
40  9 
56  30 
11  8 
35  -15 
-22  8 
25  23 
-18  21 
6  48 
22  49 
-30  -38 
-20  0 
25  40 
3  47 
10  40 
40  7 
14  32 
-3  16 
-1  17 
-15  10 
11  46 
-2  20 
13  9 
25  8 
20  -18 
16  -14 
11  5 
26  17 
18  3 
4  7 
-5  19 
-35  -3 
8  -12 
13  6 
-56  -7 
9  22 
41  26 
-12  35 
2  15 
5  32 
-18  -17 
-19  11 
5  23 
-11  23 
35  51 
4  -8 
23  37 
-18  14 
11  -5 
42  12 
-7  32 
27  -14 
6  22 
-8  27 
10  11 
7  -6 
4  10 
26  26 
6  -30 
-30  -8 
-30  24 
-8  58 
16  19 
23  16 
13  23 
33  8 
-41  -17 
39  -2 
-5  -20 
29  15 
-5  -34 
7  12 
67  10 
7  22 
16  12 
12  -5 
11  52 
-3  8 
-22  -7 
-11  32 
19  6 
2  20 
-11  0 
-23  -16 
9  67 
42  1 
-13  0 
2  31 
1  17 
12  34 
25  13 
49  5 
-20  15 
33  -13 
-12  11 
40  -8 
-3  29 
18  19 
46  23 
-6  -19 
31  3 
38  8 
56  30 
15  16 
35  -15 
-21  11 
25  21 
-19  23 
6  47 
21  52 
-31  -38 
-19  -1 
22  40 
3  48 
7  39 
40  7 
14  30 
-8  14 
0  20 
-15  9 
14  46 
-5  22 
15  4 
20  9 
24  -18 
19  -18 
10  6 
33  23 
17  1 
3  9 
-4  21 
-32  -2 
10  -15 
16  6 
-53  -6 
12  19 
41  27 
-9  33 
3  17 
3  35 
-18  -19 
-25  15 
1  23 
-10  24 
36  50 
7  -10 
22  36 
-21  14 
7  -8 
38  13 
-5  30 
23  -15 
6  24 
-14  22 
14  12 
-1  -4 
4  13 
26  26 
8  -30 
-35  2 
-32  28 
-6  61 
15  19 
22  14 
12  22 
32  10 
-38  -18 
39  -2 
-5  -20 
31  12 
-3  -34 
6  11 
69  9 
10  17 
17  16 
14  -5 
13  53 
-3  8 
-23  -6 
-14  32 
19  6 
0  17 
-7  -1 
-22  -11 
7  66 
38  2 
-13  0 
2  31 
1  17 
9  38 
26  18 
49  5 
-22  16 
31  -14 
-11  11 
40  -5 
-3  29 
18  19 
42  27 
-6  -15 
30  3 
38  8 
51  25 
15  16 
33  -11 
-23  13 
25  23 
-22  23 
12  47 
24  50 
-34  -39 
-19  -3 
21  39 
4  47 
5  33 
41  9 
13  31 
-14  17 
3  17 
-14  10 
16  46 
-6  23 
13  4 
18  8 
27  -20 
24  -18 
13  8 
37  24 
17  1 
3  8 
-7  20 
-26  -2 
13  -17 
14  5 
-45  -9 
9  15 
43  29 
-7  32 
3  18 
8  31 
-19  -17 
-28  10 
4  25 
-10  24 
36  50 
7  -10 
26  40 
-18  16 
13  -4 
39  14 
-5  30 
23  -15 
10  22 
-14  24 
18  6 
0  -10 
11  15 
28  25 
5  -28 
-38  1 
-32  28 
-9  57 
20  20 
22  14 
15  20 
31  12 
-36  -14 
43  -4 
-1  -13 
35  14 
1  -32 
10  11 
66  8 
10  17 
18  16 
14  -5 
8  58 
-2  9 
-23  -4 
-18  31 
22  9 
2  23 
-6  -4 
-23  -12 
10  65 
42  0 
-8  -6 
5  23 
3  15 
16  34 
24  11 
52  6 
-23  14 
33  -11 
-15  10 
40  -5 
-7  26 
19  17 
42  26 
-5  -14 
35  5 
36  12 
52  32 
15  13 
29  -15 
-25  15 
21  22 
-17  23 
11  48 
24  50 
-38  -37 
-18  -5 
17  39 
2  45 
6  31 
39  3 
11  29 
-17  17 
0  18 
-15  10 
11  45 
-8  17 
10  4 
13  8 
27  -18 
26  -18 
17  6 
37  23 
21  3 
3  8 
-7  20 
-29  -2 
12  -13 
13  3 
-48  -8 
9  18 
39  30 
-13  34 
1  20 
4  35 
-16  -18 
-25  10 
8  28 
-9  26 
34  52 
11  -8 
22  41 
-14  13 
10  -9 
38  19 
-9  33 
22  -10 
9  22 
-14  26 
19  2 
-6  -14 
9  15 
30  25 
7  -30 
-37  3 
-32  31 
-13  58 
21  17 
19  17 
17  21 
32  14 
-36  -14 
42  -9 
-2  -14 
32  19 
0  -31 
8  12 
68  5 
6  18 
19  15 
8  -2 
10  57 
-1  7 
-22  -7 
-22  36 
20  12 
5  22 
-4  -4 
-25  -15 
9  67 
40  0 
-9  -3 
5  23 
8  10 
14  36 
26  12 
52  6 
-24  12 
33  -14 
-13  8 
40  -6 
-7  27 
20  19 
40  31 
-6  -19 
34  3 
37  14 
53  33 
19  18 
29  -15 
-26  17 
21  21 
-17  18 
11  46 
25  52 
-38  -39 
-15  -11 
17  39 
4  47 
10  31 
38  3 
11  29 
-21  12 
5  22 
-10  12 
11  45 
-9  18 
13  4 
13  8 
26  -17 
25  -16 
19  4 
37  24 
21  2 
8  8 
-14  20 
-27  0 
13  -13 
15  1 
-48  -13 
9  20 
43  29 
-11  35 
3  18 
3  36 
-14  -18 
-25  10 
12  25 
-9  28 
30  57 
13  -7 
22  43 
-14  13 
7  -10 
38  19 
-11  31 
18  -14 
7  22 
-14  24 
21  3 
-3  -14 
13  9 
29  22 
0  -28 
-37  8 
-31  33 
-14  58 
20  20 
20  19 
18  16 
36  10 
-39  -14 
42  -9 
5  -14 
32  18 
-3  -35 
8  11 
69  7 
5  10 
14  15 
10  -1 
11  57 
-3  3 
-17  -10 
-23  34 
22  14 
5  23 
-9  -8 
-27  -14 
9  69 
40  -3 
-10  0 
4  22 
0  13 
15  36 
27  18 
56  6 
-24  12 
35  -15 
-15  7 
40  -9 
-6  25 
19  18 
41  37 
-7  -17 
34  3 
43  17 
55  35 
19  14 
30  -15 
-23  17 
23  27 
-12  18 
17  46 
20  53 
-41  -46 
-15  -10 
16  44 
3  47 
10  31 
37  3 
12  30 
-20  12 
5  23 
-11  9 
7  48 
-13  18 
11  5 
13  8 
30  -14 
20  -11 
17  1 
39  25 
20  0 
6  8 
-11  19 
-24  -1 
15  -15 
15  4 
-49  -13 
10  17 
48  31 
-14  30 
3  17 
7  31 
-18  -17 
-27  7 
8  25 
-8  33 
34  52 
12  -6 
19  42 
-11  11 
8  -10 
41  22 
-13  34 
18  -4 
6  22 
-13  22 
20  8 
-6  -12 
11  8 
27  19 
-2  -32 
-39  8 
-28  39 
-14  57 
23  15 
23  16 
17  17 
36  10 
-42  -11 
42  -9 
6  -16 
34  21 
-6  -37 
5  13 
66  5 
7  10 
17  14 
8  -1 
10  60 
2  5 
-19  -11 
-22  35 
18  13 
1  26 
-9  -7 
-29  -14 
8  67 
42  0 
-5  2 
1  23 
2  14 
15  36 
26  18 
55  6 
-24  12 
35  -19 
-18  10 
39  -9 
-6  25 
14  18 
40  37 
-8  -18 
33  3 
42  15 
54  35 
20  15 
28  -12 
-20  14 
24  25 
-8  16 
17  46 
22  54 
-38  -45 
-13  -10 
12  55 
6  50 
9  31 
37  4 
12  34 
-20  14 
4  25 
-12  10 
8  45 
-14  18 
13  3 
17  14 
30  -15 
18  -12 
14  1 
41  29 
23  -3 
10  12 
-12  18 
-21  -2 
16  -10 
15  0 
-49  -11 
13  19 
47  34 
-14  31 
2  16 
14  27 
-18  -19 
-28  8 
9  25 
-9  32 
32  52 
14  -8 
18  42 
-11  14 
7  -8 
41  23 
-9  34 
18  -4 
4  22 
-13  18 
18  6 
-5  -17 
11  6 
29  22 
-5  -35 
-39  8 
-26  36 
-15  57 
21  17 
28  11 
17  19 
33  7 
-42  -11 
41  -13 
2  -16 
33  20 
-6  -37 
5  12 
66  2 
10  11 
18  11 
7  0 
12  65 
3  5 
-23  -12 
-23  41 
14  15 
3  29 
-9  -5 
-28  -14 
11  68 
39  2 
-2  -1 
2  23 
2  10 
14  37 
26  12 
55  4 
-24  12 
36  -21 
-17  15 
39  -10 
-7  32 
16  17 
41  39 
-10  -16 
34  5 
41  20 
55  36 
18  13 
31  -15 
-18  9 
23  28 
-9  13 
12  47 
22  54 
-38  -44 
-12  -10 
14  56 
5  54 
9  31 
32  6 
13  36 
-18  11 
9  29 
-13  10 
11  46 
-11  14 
15  3 
17  17 
28  -12 
20  -10 
17  -1 
41  27 
23  -3 
4  10 
-8  13 
-21  -3 
16  -10 
17  1 
-48  -6 
10  17 
46  32 
-14  30 
2  15 
17  28 
-18  -19 
-30  5 
12  24 
-12  33 
31  58 
16  -8 
20  47 
-13  11 
6  -9 
41  23 
-12  39 
19  -5 
3  22 
-14  18 
19  6 
-7  -17 
13  8 
27  18 
-6  -35 
-39  13 
-21  38 
-14  53 
18  15 
28  11 
17  16 
24  0 
-42  -11 
38  -9 
-1  -17 
33  20 
-6  -39 
5  10 
65  3 
11  8 
19  12 
7  2 
10  63 
2  3 
-22  -12 
-22  43 
15  16 
1  29 
-11  -5 
-25  -10 
6  66 
35  2 
-4  -1 
0  20 
7  12 
19  39 
23  15 
57  4 
-25  15 
35  -19 
-18  18 
40  -5 
-7  34 
19  11 
41  37 
-10  -20 
35  5 
40  17 
54  35 
18  13 
31  -15 
-16  5 
24  27 
-9  12 
12  46 
22  54 
-37  -37 
-12  -9 
11  58 
14  52 
10  31 
31  3 
6  38 
-19  13 
10  25 
-12  7 
11  46 
-10  15 
10  3 
18  11 
23  -12 
17  -12 
18  -5 
40  22 
21  -1 
9  15 
-5  10 
-19  -3 
13  -13 
12  7 
-48  -6 
12  16 
46  32 
-14  26 
1  16 
19  31 
-18  -17 
-30  4 
12  23 
-7  31 
34  57 
14  -4 
21  51 
-14  10 
7  -9 
45  24 
-13  38 
18  -7 
7  24 
-15  17 
21  7 
-7  -17 
11  8 
28  19 
-5  -35 
-44  12 
-21  38 
-15  47 
16  14 
28  10 
19  14 
27  0 
-43  -8 
40  -7 
4  -18 
32  18 
-8  -41 
5  10 
69  5 
15  11 
19  17 
6  4 
9  62 
-1  7 
-20  -13 
-23  46 
13  16 
2  21 
-12  -2 
-24  -10 
8  65 
35  3 
-7  2 
5  23 
7  10 
15  40 
23  17 
59  2 
-26  15 
33  -16 
-22  23 
45  -9 
-9  32 
22  11 
43  36 
-9  -19 
36  7 
40  20 
55  36 
20  15 
31  -15 
-17  7 
23  29 
-12  12 
15  44 
23  57 
-40  -40 
-12  -7 
7  58 
16  52 
8  31 
32  7 
8  38 
-20  15 
6  29 
-14  6 
13  47 
-7  12 
9  2 
15  13 
20  -14 
18  -11 
17  -6 
43  22 
21  -3 
12  15 
-8  10 
-21  -2 
11  -12 
11  6 
-51  -5 
14  16 
46  30 
-13  30 
2  15 
21  33 
-18  -15 
-29  3 
17  24 
-9  33 
30  59 
10  -5 
19  53 
-12  10 
4  -7 
43  28 
-8  38 
18  -7 
7  20 
-17  15 
15  7 
-6  -19 
11  9 
33  19 
-6  -34 
-44  10 
-18  36 
-16  47 
16  14 
29  11 
20  12 
26  -3 
-42  -9 
30  -9 
3  -20 
33  13 
-7  -39 
4  10 
70  4 
15  11 
19  17 
6  2 
7  63 
-3  8 
-21  -12 
-23  46 
18  19 
4  22 
-7  3 
-25  -10 
9  67 
39  2 
-6  5 
2  23 
7  11 
17  43 
22  18 
62  1 
-30  17 
36  -15 
-17  25 
42  -9 
-10  32 
22  9 
42  34 
-14  -22 
33  8 
42  20 
51  37 
18  16 
30  -15 
-17  9 
23  27 
-9  12 
16  46 
23  56 
-38  -35 
-10  -3 
6  58 
15  56 
9  31 
31  7 
8  38 
-18  14 
8  28 
-12  7 
10  45 
-8  6 
8  -1 
19  11 
21  -11 
22  -9 
16  -3 
37  26 
17  -3 
14  18 
-7  10 
-22  -1 
12  -13 
11  6 
-47  -4 
14  16 
48  31 
-16  32 
3  15 
18  34 
-15  -16 
-29  5 
21  26 
-8  35 
29  57 
11  -5 
20  54 
-13  10 
5  -8 
39  27 
-13  34 
18  -7 
7  20 
-14  13 
17  4 
-7  -21 
11  8 
32  19 
-7  -37 
-46  10 
-19  36 
-17  48 
14  15 
34  8 
15  19 
25  -3 
-42  -11 
34  -8 
-1  -18 
32  18 
-7  -36 
7  11 
69  9 
16  10 
16  14 
6  2 
7  66 
-3  8 
-24  -8 
-26  45 
16  19 
6  26 
-5  1 
-25  -9 
6  70 
39  4 
-9  12 
4  27 
10  11 
18  43 
23  18 
58  2 
-33  18 
35  -20 
-16  26 
40  -7 
-9  33 
26  7 
40  35 
-14  -23 
33  8 
41  17 
53  31 
14  17 
30  -14 
-18  7 
19  25 
-8  13 
14  43 
21  56 
-36  -35 
-7  0 
8  59 
14  55 
8  30 
32  4 
7  38 
-22  15 
6  27 
-11  5 
9  40 
-7  7 
11  -2 
17  16 
19  -14 
20  -5 
15  -4 
33  28 
18  -4 
16  19 
-13  11 
-21  -3 
11  -12 
11  4 
-54  -2 
7  14 
49  29 
-13  30 
2  12 
17  34 
-16  -18 
-29  5 
21  23 
-8  35 
31  52 
14  -3 
21  55 
-9  13 
4  -7 
43  28 
-14  33 
15  -3 
4  20 
-19  9 
15  5 
-7  -19 
11  6 
30  17 
-7  -37 
-47  13 
-21  38 
-17  47 
14  16 
38  10 
13  19 
27  -8 
-37  -11 
34  -8 
-2  -18 
29  19 
-8  -26 
6  12 
68  5 
15  10 
16  14 
7  2 
14  64 
-5  7 
-24  -7 
-26  45 
17  19 
7  29 
-5  1 
-25  -14 
4  70 
37  1 
-7  15 
9  27 
3  16 
17  44 
23  17 
58  3 
-31  15 
34  -19 
-16  26 
36  -8 
-12  31 
25  10 
39  36 
-10  -28 
33  12 
42  23 
55  31 
8  18 
26  -14 
-19  7 
25  24 
-10  15 
9  45 
22  57 
-41  -33 
-7  1 
10  59 
9  52 
11  33 
35  4 
9  39 
-25  16 
6  27 
-10  5 
6  37 
-7  7 
13  0 
21  12 
17  -12 
22  -7 
14  -4 
35  30 
18  -7 
15  21 
-15  10 
-21  -3 
14  -14 
12  6 
-52  -2 
5  13 
49  33 
-14  31 
1  17 
20  29 
-17  -22 
-31  4 
19  18 
-8  38 
32  52 
17  -3 
22  49 
-10  12 
6  -7 
43  27 
-11  35 
17  -4 
6  22 
-18  11 
13  4 
-2  -21 
11  7 
24  20 
-6  -37 
-48  16 
-23  39 
-19  46 
13  18 
38  9 
16  17 
30  -3 
-37  -11 
31  -8 
3  -17 
29  20 
-8  -26 
6  18 
69  2 
19  11 
15  15 
12  2 
16  61 
-6  10 
-23  -6 
-25  45 
20  15 
8  31 
-5  3 
-27  -17 
4  70 
41  9 
-7  15 
6  26 
0  19 
18  43 
23  17 
62  2 
-38  14 
39  -18 
-16  27 
36  -7 
-11  31 
29  7 
43  36 
-10  -29 
34  12 
41  23 
53  31 
9  9 
31  -15 
-23  6 
25  23 
-7  12 
11  45 
21  57 
-46  -35 
-8  -2 
12  59 
12  52 
12  36 
37  2 
8  30 
-32  18 
9  25 
-11  2 
6  33 
-6  3 
10  2 
22  10 
18  -11 
20  -5 
15  -4 
36  30 
21  -9 
16  21 
-12  8 
-23  -1 
11  -14 
8  5 
-54  -2 
11  12 
49  35 
-16  30 
-1  18 
21  29 
-12  -17 
-29  8 
19  15 
-12  39 
31  49 
16  -8 
17  43 
-9  15 
9  -13 
42  25 
-15  37 
12  -5 
6  24 
-17  7 
10  4 
0  -13 
13  8 
25  23 
-5  -41 
-46  15 
-18  40 
-16  45 
17  14 
38  8 
16  16 
30  -9 
-37  -17 
26  -3 
2  -17 
30  19 
-8  -34 
7  18 
70  3 
9  6 
15  15 
13  0 
15  66 
-6  12 
-21  -3 
-28  47 
18  13 
6  30 
-2  2 
-27  -17 
5  70 
35  5 
-2  19 
11  27 
0  20 
19  42 
20  18 
61  3 
-37  15 
42  -19 
-16  27 
38  -4 
-12  31 
29  9 
44  34 
-13  -30 
33  7 
47  20 
50  35 
12  13 
25  -11 
-29  3 
14  21 
-8  14 
11  46 
22  52 
-47  -39 
-11  -2 
11  53 
14  52 
15  30 
37  3 
7  30 
-28  15 
9  25 
-13  2 
7  31 
-7  -1 
10  2 
24  12 
19  -5 
17  -6 
14  -4 
36  30 
20  -5 
17  21 
-12  8 
-25  5 
11  -15 
6  6 
-50  0 
10  11 
49  32 
-14  30 
2  21 
18  29 
-11  -20 
-26  5 
18  15 
-14  33 
33  52 
20  -7 
19  43 
-5  14 
9  -12 
43  29 
-12  39 
8  -7 
6  24 
-19  9 
8  5 
4  -13 
14  10 
26  23 
-5  -36 
-45  16 
-19  43 
-17  48 
16  17 
37  8 
20  11 
29  -9 
-38  -17 
27  -8 
5  -19 
31  17 
-8  -33 
7  18 
70  5 
9  7 
14  15 
13  0 
21  66 
-7  13 
-20  -11 
-27  56 
19  10 
5  33 
-2  2 
-28  -16 
8  78 
34  3 
-5  21 
13  26 
0  20 
17  46 
15  23 
61  2 
-37  15 
39  -18 
-25  26 
38  -4 
-16  34 
29  9 
44  30 
-15  -30 
32  6 
47  20 
51  32 
8  11 
28  -10 
-34  2 
14  21 
-8  14 
9  45 
26  53 
-46  -35 
-8  2 
11  55 
15  45 
18  25 
37  4 
6  30 
-27  6 
10  24 
-15  2 
5  32 
-7  0 
11  -2 
30  15 
20  0 
21  -8 
14  -5 
35  30 
22  -5 
18  19 
-13  6 
-25  0 
15  -14 
6  2 
-48  -3 
10  11 
48  31 
-16  30 
1  23 
18  29 
-13  -22 
-22  6 
18  16 
-13  34 
31  52 
16  -12 
19  42 
-9  8 
9  -13 
48  28 
-15  37 
13  -6 
5  24 
-18  11 
9  2 
4  -13 
14  10 
21  29 
-8  -34 
-44  12 
-22  42 
-18  49 
12  16 
38  8 
20  15 
32  -8 
-40  -18 
24  -6 
5  -20 
30  17 
-8  -33 
6  18 
68  5 
11  6 
15  16 
13  3 
19  69 
-10  5 
-19  -14 
-25  47 
18  13 
4  32 
-2  3 
-25  -18 
7  76 
35  1 
-1  18 
16  25 
2  23 
14  44 
16  21 
64  2 
-41  21 
42  -15 
-20  27 
39  -3 
-17  37 
29  9 
41  28 
-11  -32 
33  9 
47  20 
52  34 
9  11 
27  -9 
-35  3 
14  21 
-6  12 
11  47 
33  54 
-45  -35 
-10  4 
14  55 
14  50 
13  23 
34  5 
10  31 
-28  2 
10  25 
-15  2 
9  31 
-6  1 
18  -4 
26  17 
20  0 
23  -5 
15  -4 
36  30 
21  -3 
20  19 
-12  5 
-25  4 
13  -13 
7  0 
-54  2 
4  13 
46  33 
-13  32 
-1  22 
16  32 
-14  -22 
-23  6 
19  17 
-17  36 
28  54 
19  -10 
18  43 
-8  8 
9  -12 
48  28 
-13  39 
8  -2 
6  24 
-19  9 
9  2 
4  -13 
14  16 
20  27 
-9  -32 
-42  15 
-22  42 
-16  50 
8  13 
37  14 
26  15 
33  -12 
-39  -17 
25  -10 
6  -17 
33  19 
-8  -35 
7  18 
69  5 
12  6 
13  21 
13  2 
19  66 
-9  5 
-22  -11 
-28  47 
20  15 
4  32 
-3  3 
-28  -16 
5  77 
35  -1 
3  9 
17  24 
-4  19 
10  43 
19  18 
60  2 
-38  23 
43  -12 
-21  27 
42  -9 
-17  37 
29  9 
42  30 
-9  -34 
35  10 
55  20 
52  34 
7  10 
28  -9 
-37  2 
18  19 
-7  11 
11  48 
32  54 
-39  -33 
-12  8 
14  57 
13  54 
9  20 
37  6 
5  30 
-26  3 
7  20 
-13  3 
10  35 
-7  -1 
20  -5 
26  12 
20  0 
22  -5 
15  -4 
37  28 
23  -5 
25  17 
-11  5 
-25  5 
13  -14 
0  5 
-57  1 
2  16 
44  33 
-14  33 
1  23 
14  36 
-14  -22 
-23  2 
20  18 
-23  34 
33  56 
21  -9 
17  43 
-8  6 
9  -13 
46  26 
-14  40 
8  -2 
6  24 
-14  11 
10  3 
8  -9 
6  16 
22  34 
-6  -30 
-42  15 
-25  40 
-11  51 
12  11 
39  11 
26  10 
38  -14 
-41  -17 
23  -15 
4  -18 
26  22 
-9  -34 
11  17 
70  4 
9  2 
13  21 
2  3 
20  69 
-10  5 
-20  -13 
-29  45 
22  13 
10  31 
-3  1 
-27  -17 
7  78 
34  5 
4  5 
14  21 
-2  19 
7  42 
19  17 
65  3 
-38  21 
43  -12 
-19  22 
42  -11 
-17  37 
27  9 
43  27 
-9  -33 
35  10 
54  19 
49  33 
2  11 
31  -6 
-39  -3 
21  16 
-9  12 
11  53 
36  54 
-41  -35 
-12  8 
13  53 
14  52 
13  14 
38  3 
6  30 
-26  3 
7  20 
-14  2 
5  37 
-8  -3 
18  -9 
26  13 
22  -6 
22  -4 
9  -6 
38  28 
21  -8 
24  13 
-11  7 
-26  6 
11  -15 
1  6 
-61  -2 
3  15 
44  32 
-15  30 
3  23 
15  35 
-15  -27 
-18  6 
18  19 
-20  34 
32  55 
16  -7 
17  43 
-11  5 
9  -11 
46  24 
-14  40 
10  -1 
3  28 
-15  9 
9  2 
7  -9 
0  12 
20  33 
-4  -33 
-44  17 
-23  45 
-11  55 
13  7 
37  1 
29  11 
42  -13 
-45  -15 
23  -11 
4  -18 
25  22 
-4  -35 
12  24 
70  4 
7  4 
13  23 
2  1 
27  69 
-12  5 
-21  -10 
-28  47 
19  17 
12  30 
-3  4 
-29  -12 
7  78 
34  5 
4  6 
13  19 
-2  15 
7  42 
22  20 
65  3 
-32  21 
41  -11 
-26  21 
43  -13 
-18  42 
26  6 
44  27 
-8  -28 
34  10 
57  19 
48  31 
7  12 
32  -6 
-40  -1 
20  11 
-14  17 
14  55 
37  54 
-40  -33 
-12  8 
16  50 
10  54 
14  12 
38  3 
6  26 
-25  0 
7  22 
-14  -6 
10  35 
-8  -2 
16  -8 
26  10 
22  -7 
22  -8 
9  -7 
39  32 
18  -4 
22  11 
-11  9 
-31  5 
13  -16 
4  7 
-61  -3 
6  15 
45  30 
-12  30 
2  23 
15  35 
-14  -27 
-17  8 
18  18 
-20  30 
31  53 
18  -7 
14  41 
-4  -1 
9  -13 
47  27 
-14  40 
7  -1 
0  29 
-11  12 
7  0 
8  -9 
-7  14 
20  34 
-3  -34 
-40  13 
-22  46 
-10  52 
15  11 
41  -3 
30  11 
38  -12 
-47  -12 
19  -14 
6  -16 
24  25 
-5  -38 
7  24 
68  5 
6  2 
14  23 
1  3 
27  70 
-10  5 
-22  -11 
-28  47 
22  21 
12  32 
-3  4 
-27  -13 
8  78 
35  3 
1  7 
9  15 
-7  16 
5  43 
25  20 
67  -2 
-30  24 
44  -10 
-27  19 
43  -11 
-20  40 
25  9 
43  27 
-16  -28 
33  15 
53  20 
49  31 
4  22 
32  -5 
-37  -4 
27  11 
-14  18 
14  56 
36  52 
-38  -30 
-12  5 
16  50 
16  53 
13  8 
39  5 
14  29 
-23  -1 
10  26 
-14  -9 
12  35 
-10  -3 
16  -3 
26  6 
22  -6 
21  -8 
7  -10 
39  37 
17  -3 
20  13 
-11  7 
-26  3 
15  -15 
7  6 
-59  2 
7  11 
45  29 
-11  31 
-4  21 
15  36 
-15  -30 
-17  5 
17  15 
-22  33 
34  52 
19  -9 
13  40 
-2  -1 
8  -14 
47  28 
-20  40 
11  1 
1  29 
-13  18 
10  0 
7  -8 
-8  10 
20  35 
0  -34 
-42  16 
-22  49 
-8  54 
11  13 
41  0 
27  14 
38  -12 
-48  -13 
15  -14 
4  -20 
24  26 
-2  -35 
6  24 
70  5 
7  2 
14  22 
9  -1 
26  70 
-8  6 
-22  -9 
-29  47 
23  21 
10  32 
-2  3 
-27  -13 
8  74 
35  -1 
4  5 
9  15 
-10  11 
9  45 
26  23 
71  -3 
-30  24 
42  -9 
-29  26 
41  -14 
-19  43 
28  7 
42  25 
-16  -27 
34  15 
53  19 
49  33 
4  27 
31  -6 
-37  -2 
28  15 
-18  20 
11  55 
35  54 
-35  -30 
-11  5 
18  48 
22  54 
13  8 
43  5 
18  33 
-22  3 
10  26 
-16  -10 
17  34 
-5  -4 
20  -7 
32  6 
22  -4 
20  -5 
7  -9 
39  38 
14  -4 
19  9 
-8  8 
-26  5 
12  -13 
8  10 
-58  1 
7  10 
48  28 
-8  34 
-5  24 
14  37 
-11  -28 
-11  9 
18  16 
-24  32 
33  52 
20  -8 
14  44 
-2  -1 
9  -12 
47  34 
-16  42 
6  -2 
4  27 
-12  19 
12  3 
4  -8 
-11  11 
22  33 
-3  -36 
-41  11 
-23  48 
-6  52 
12  12 
43  -3 
29  15 
37  -11 
-49  -12 
15  -14 
7  -20 
21  29 
-6  -34 
6  22 
74  3 
6  6 
15  22 
10  -3 
24  73 
-10  5 
-21  -3 
-25  50 
22  15 
11  33 
-1  4 
-25  -11 
11  72 
37  3 
3  7 
10  11 
-9  9 
10  43 
25  23 
71  -2 
-34  24 
42  -9 
-27  27 
39  -15 
-18  45 
28  6 
43  28 
-13  -28 
33  14 
53  20 
52  30 
-2  31 
28  -2 
-38  3 
25  17 
-22  22 
12  54 
36  52 
-32  -29 
-11  5 
19  51 
18  55 
11  12 
42  3 
17  34 
-22  -1 
13  23 
-14  -11 
17  37 
-6  -4 
20  -5 
33  6 
22  -5 
19  -7 
6  -10 
40  39 
13  -6 
18  8 
-9  8 
-27  9 
14  -17 
7  11 
-57  2 
6  7 
49  28 
-6  32 
0  25 
14  35 
-16  -26 
-11  13 
18  16 
-18  33 
34  45 
23  -12 
14  41 
-3  -1 
9  -11 
49  31 
-15  43 
6  2 
5  29 
-14  24 
9  2 
7  -10 
-12  10 
22  34 
1  -33 
-41  12 
-23  48 
-5  55 
12  12 
41  -3 
28  13 
38  -11 
-47  -13 
21  -14 
5  -18 
23  25 
-9  -37 
8  25 
75  5 
11  5 
10  24 
7  -2 
22  69 
-9  6 
-20  0 
-21  57 
23  15 
10  31 
-5  4 
-24  -10 
6  73 
38  3 
3  9 
5  13 
-8  7 
12  44 
26  23 
65  0 
-38  25 
42  -10 
-25  30 
39  -6 
-18  46 
29  7 
41  29 
-15  -29 
37  21 
53  19 
53  28 
-3  24 
27  0 
-38  1 
26  18 
-21  22 
6  57 
41  55 
-31  -29 
-9  6 
17  48 
18  56 
9  13 
43  5 
13  39 
-22  -1 
13  21 
-14  -14 
18  33 
-6  -5 
20  -5 
32  7 
23  -4 
21  -8 
5  -12 
42  41 
11  -7 
18  8 
-9  8 
-27  7 
13  -17 
7  11 
-59  2 
8  11 
48  25 
-6  32 
5  25 
14  37 
-15  -27 
-15  17 
19  18 
-23  36 
36  39 
27  -8 
14  41 
-3  -1 
9  -11 
50  31 
-13  40 
11  3 
5  30 
-11  25 
5  0 
11  -3 
-14  13 
22  34 
3  -31 
-42  9 
-23  49 
-7  56 
11  15 
41  -4 
23  10 
36  -10 
-47  -11 
22  -17 
4  -20 
24  25 
-10  -34 
9  27 
74  5 
16  9 
10  25 
6  0 
19  66 
-9  5 
-21  -3 
-28  54 
23  15 
10  32 
0  5 
-24  -8 
6  78 
37  3 
2  11 
4  10 
-7  8 
17  44 
25  23 
67  2 
-36  27 
47  -10 
-28  35 
42  -7 
-21  47 
26  5 
41  29 
-12  -27 
33  26 
51  21 
51  27 
-3  26 
28  -2 
-37  2 
28  19 
-22  22 
5  57 
40  55 
-34  -27 
-8  7 
17  48 
20  53 
4  13 
39  5 
17  41 
-22  -1 
12  18 
-15  -10 
18  36 
-2  -7 
17  -4 
31  8 
21  3 
17  -5 
7  -13 
43  36 
10  -9 
18  8 
-6  12 
-26  5 
15  -18 
2  14 
-62  3 
9  9 
49  25 
-11  31 
5  23 
15  35 
-17  -23 
-9  12 
20  20 
-24  39 
33  40 
27  -9 
10  39 
-5  -1 
14  -4 
47  32 
-13  42 
10  4 
6  30 
-10  25 
6  4 
11  -2 
-14  11 
18  34 
3  -32 
-42  9 
-23  49 
-5  60 
9  15 
41  -3 
22  11 
28  -7 
-47  -13 
19  -17 
4  -18 
20  32 
-9  -34 
6  26 
73  8 
15  10 
7  20 
8  -2 
24  66 
-10  6 
-22  0 
-28  54 
21  16 
5  32 
3  9 
-24  -8 
7  78 
39  2 
-2  11 
4  10 
-7  9 
17  44 
23  22 
66  3 
-43  26 
48  -9 
-21  35 
39  -8 
-16  54 
25  4 
42  29 
-12  -30 
33  23 
49  22 
52  26 
-5  25 
26  -2 
-38  1 
25  14 
-23  23 
7  59 
40  55 
-36  -27 
-10  13 
20  51 
14  57 
5  10 
34  5 
13  41 
-21  0 
12  15 
-14  -7 
18  36 
2  -9 
14  -5 
34  10 
23  2 
17  -6 
6  -17 
38  33 
11  -9 
19  5 
-7  12 
-25  6 
15  -17 
3  17 
-62  3 
9  9 
50  26 
-13  30 
11  17 
14  36 
-17  -25 
-8  12 
21  16 
-22  39 
29  35 
26  -8 
13  40 
-6  1 
15  -4 
41  31 
-15  43 
13  3 
3  28 
-10  24 
4  2 
10  -3 
-14  6 
16  33 
8  -34 
-44  10 
-19  46 
-2  62 
11  13 
43  -4 
23  7 
32  -6 
-50  -15 
17  -15 
-1  -18 
21  32 
-9  -35 
6  27 
72  6 
15  10 
8  18 
6  -3 
22  63 
-7  7 
-21  -3 
-34  54 
21  13 
8  31 
4  7 
-25  -5 
7  80 
38  -5 
1  14 
4  10 
-2  9 
19  43 
21  19 
65  4 
-43  26 
46  -10 
-24  32 
41  -13 
-16  51 
29  2 
40  25 
-13  -29 
34  23 
46  22 
57  29 
-6  18 
27  -2 
-37  1 
29  11 
-23  24 
5  52 
38  56 
-33  -22 
-14  13 
21  49 
14  55 
6  10 
34  5 
16  39 
-21  -2 
9  15 
-18  -5 
20  35 
0  -6 
11  -7 
33  8 
20  0 
17  -4 
6  -18 
36  33 
9  -11 
17  6 
-8  10 
-19  6 
15  -19 
1  17 
-61  2 
11  8 
51  26 
-13  30 
7  22 
13  36 
-19  -24 
-7  10 
20  17 
-26  41 
29  31 
28  -10 
13  38 
-5  0 
15  -4 
44  30 
-20  42 
9  5 
2  29 
-6  23 
3  3 
6  -2 
-10  5 
19  32 
8  -33 
-48  12 
-23  48 
-1  63 
9  12 
42  -6 
22  5 
31  -8 
-52  -15 
24  -15 
2  -17 
17  34 
-16  -32 
8  28 
72  4 
12  13 
9  13 
8  -2 
23  57 
-5  5 
-21  -3 
-33  52 
22  11 
9  27 
3  7 
-27  -5 
7  80 
32  -6 
3  15 
3  9 
0  9 
18  43 
20  19 
66  4 
-44  21 
44  -7 
-23  32 
42  -10 
-13  51 
31  1 
44  27 
-8  -29 
37  21 
45  25 
58  29 
-7  23 
30  -2 
-35  1 
33  11 
-23  24 
9  55 
40  52 
-33  -22 
-14  10 
16  49 
11  52 
8  12 
30  4 
18  39 
-18  1 
12  14 
-19  -8 
19  30 
-2  -7 
13  -6 
34  3 
20  -3 
18  -4 
7  -20 
42  31 
9  -13 
14  1 
-4  12 
-17  7 
15  -20 
3  17 
-58  3 
13  7 
53  23 
-15  29 
9  22 
15  31 
-15  -27 
-5  10 
19  17 
-23  43 
27  33 
26  -7 
13  39 
-4  1 
14  -4 
44  32 
-19  43 
12  6 
1  29 
-1  22 
8  10 
13  0 
-7  4 
17  34 
7  -29 
-50  17 
-22  48 
0  62 
9  11 
42  -6 
27  3 
30  -8 
-53  -18 
23  -11 
1  -19 
16  33 
-11  -31 
10  25 
75  5 
11  13 
9  13 
4  -7 
24  62 
-3  6 
-19  -3 
-37  55 
24  10 
8  25 
3  8 
-24  -2 
10  78 
28  -9 
2  16 
5  10 
-1  7 
20  39 
18  23 
65  3 
-43  21 
44  -6 
-21  34 
46  -9 
-10  54 
32  2 
41  26 
-5  -25 
38  22 
44  27 
58  26 
-10  26 
25  -3 
-32  3 
36  10 
-23  24 
9  55 
41  51 
-33  -20 
-9  6 
17  48 
10  51 
7  8 
33  7 
13  40 
-18  2 
14  12 
-24  -4 
19  27 
-2  -7 
8  -6 
34  3 
18  -2 
18  -6 
7  -22 
40  35 
9  -13 
13  3 
-4  12 
-16  7 
15  -23 
0  20 
-58  0 
11  8 
49  25 
-12  25 
9  22 
15  28 
-13  -30 
-6  15 
19  18 
-24  39 
24  34 
27  -9 
13  39 
-5  -1 
14  -4 
46  33 
-16  45 
12  7 
0  27 
-1  22 
8  8 
14  1 
-5  0 
18  36 
6  -34 
-55  13 
-20  52 
3  65 
8  11 
43  -5 
26  0 
26  -3 
-50  -16 
23  -11 
1  -17 
16  33 
-11  -31 
11  25 
75  3 
11  12 
9  11 
3  -3 
26  62 
-7  8 
-17  -4 
-37  58 
22  11 
14  25 
6  10 
-22  -1 
8  78 
28  -10 
2  14 
6  4 
0  9 
19  37 
15  21 
67  2 
-43  23 
47  -6 
-22  28 
45  -10 
-8  50 
35  4 
37  25 
-5  -24 
38  23 
44  26 
61  22 
-5  25 
26  -2 
-38  3 
31  13 
-23  24 
7  54 
44  54 
-32  -22 
-10  4 
13  51 
7  51 
5  10 
31  10 
15  42 
-18  1 
14  12 
-26  -4 
21  26 
-2  -4 
14  -5 
27  2 
16  -6 
19  -5 
6  -20 
42  34 
6  -14 
13  3 
-4  12 
-17  9 
14  -30 
0  19 
-60  2 
10  6 
49  25 
-12  25 
12  22 
13  27 
-14  -30 
-4  10 
21  19 
-24  39 
26  32 
23  -13 
7  38 
-2  -1 
13  -1 
46  33 
-15  44 
10  3 
4  27 
-3  24 
9  7 
15  3 
-5  0 
20  38 
5  -32 
-56  12 
-16  53 
4  62 
4  10 
43  -4 
25  0 
24  0 
-49  -15 
27  -14 
3  -15 
17  33 
-11  -31 
9  22 
72  4 
10  12 
6  11 
2  -4 
26  64 
-7  6 
-19  -11 
-37  55 
21  8 
13  28 
5  9 
-23  -1 
7  80 
25  -8 
1  16 
6  2 
-4  13 
21  37 
15  24 
65  2 
-46  23 
49  -9 
-22  29 
42  -9 
-9  52 
33  0 
35  25 
-5  -24 
38  23 
42  23 
59  22 
-6  25 
26  -2 
-38  0 
33  14 
-23  26 
7  54 
47  51 
-34  -22 
-10  5 
14  50 
10  51 
8  11 
35  10 
13  44 
-19  3 
14  12 
-26  -4 
24  25 
-1  -7 
20  -8 
22  3 
20  -7 
17  -6 
4  -18 
42  34 
8  -22 
13  6 
-5  12 
-14  10 
16  -30 
1  17 
-58  1 
12  2 
51  26 
-12  25 
13  20 
13  28 
-14  -27 
-5  5 
21  19 
-21  42 
28  28 
30  -8 
5  41 
-4  -1 
13  1 
49  32 
-15  42 
10  4 
3  26 
-1  24 
9  7 
15  1 
-5  2 
19  38 
3  -31 
-53  12 
-16  57 
3  65 
6  6 
43  2 
23  0 
21  0 
-49  -15 
27  -12 
-1  -14 
23  35 
-11  -31 
9  22 
70  2 
11  13 
9  11 
2  2 
23  59 
-2  9 
-20  -13 
-37  57 
18  3 
14  25 
4  7 
-26  1 
6  82 
25  -11 
5  13 
6  4 
-4  12 
22  35 
12  24 
67  4 
-49  24 
41  -5 
-22  28 
42  -9 
-6  55 
33  -1 
32  26 
-8  -28 
37  24 
40  22 
58  19 
-5  24 
25  -3 
-41  1 
29  15 
-23  26 
10  57 
47  52 
-32  -21 
-8  7 
15  47 
11  53 
-3  9 
35  11 
18  45 
-19  3 
14  15 
-28  -6 
23  25 
2  -6 
17  -3 
24  1 
18  -10 
18  -7 
2  -15 
42  31 
9  -20 
11  6 
-3  14 
-13  10 
14  -30 
1  17 
-57  2 
9  5 
53  28 
-11  27 
13  19 
17  26 
-12  -29 
-7  3 
19  17 
-27  47 
28  25 
34  -8 
6  38 
-2  -1 
14  -4 
52  37 
-14  43 
14  3 
3  23 
0  26 
9  8 
15  0 
-6  1 
19  38 
3  -31 
-55  10 
-14  60 
2  61 
6  7 
47  0 
25  0 
18  2 
-49  -12 
24  -13 
3  -12 
26  33 
-13  -32 
7  22 
71  3 
15  16 
11  15 
6  2 
29  62 
-3  8 
-14  -14 
-37  58 
15  2 
15  25 
5  13 
-24  1 
5  83 
27  -9 
4  10 
10  4 
-4  12 
23  35 
15  26 
71  5 
-47  24 
38  -4 
-22  28 
39  -6 
-5  55 
33  1 
35  24 
-11  -25 
37  21 
39  26 
55  19 
-2  23 
24  -7 
-40  -2 
28  10 
-23  24 
8  58 
43  55 
-34  -22 
-9  7 
13  47 
15  56 
-1  5 
35  10 
18  43 
-17  5 
9  12 
-29  -6 
21  29 
1  -3 
14  -4 
27  2 
26  -7 
16  -6 
2  -15 
38  30 
12  -22 
11  8 
-3  14 
-11  11 
19  -29 
3  17 
-58  3 
10  6 
50  31 
-11  28 
10  19 
14  27 
-13  -30 
-5  4 
23  16 
-23  44 
29  25 
34  -8 
9  35 
-2  -1 
6  -8 
51  37 
-14  43 
14  3 
6  24 
-5  26 
9  9 
22  1 
-5  -1 
20  38 
1  -34 
-49  12 
-14  60 
0  63 
9  7 
47  -1 
26  2 
18  2 
-49  -15 
23  -12 
6  -12 
32  34 
-15  -31 
10  20 
70  5 
14  15 
11  13 
9  2 
27  58 
-3  8 
-12  -12 
-41  58 
13  0 
12  26 
8  11 
-28  2 
8  83 
26  -10 
5  10 
10  3 
-4  12 
22  31 
14  25 
73  3 
-49  26 
39  -5 
-22  28 
37  -3 
-5  51 
32  -4 
35  25 
-16  -26 
34  21 
37  23 
57  21 
-1  26 
24  -10 
-41  3 
33  8 
-21  22 
10  52 
43  58 
-31  -25 
-8  7 
11  52 
14  55 
-2  9 
32  16 
13  44 
-18  9 
5  10 
-27  0 
26  27 
1  -3 
19  -2 
34  4 
24  -10 
20  -5 
1  -18 
34  25 
13  -21 
12  6 
-2  16 
-17  9 
17  -27 
2  15 
-57  2 
9  5 
51  27 
-11  28 
7  20 
13  28 
-12  -30 
-3  6 
23  17 
-23  43 
28  28 
29  -8 
7  34 
-4  -3 
1  -4 
50  37 
-18  41 
16  -1 
10  23 
0  27 
7  10 
25  0 
-6  -4 
20  40 
4  -35 
-55  13 
-13  58 
2  63 
9  7 
46  -2 
28  5 
18  2 
-50  -15 
23  -12 
6  -14 
28  33 
-15  -31 
8  18 
70  4 
11  17 
14  12 
9  2 
27  59 
-2  8 
-13  -14 
-43  57 
14  -1 
11  26 
12  12 
-29  4 
6  80 
21  -11 
6  10 
10  2 
-4  13 
22  31 
15  19 
76  6 
-45  30 
37  -6 
-19  26 
43  -5 
-4  50 
28  -1 
35  23 
-14  -27 
31  25 
34  21 
60  18 
-3  31 
26  -4 
-41  10 
29  11 
-22  23 
7  51 
41  57 
-31  -25 
-5  8 
8  58 
15  56 
-2  9 
32  15 
13  43 
-18  11 
9  7 
-25  3 
26  27 
6  -7 
21  -9 
33  7 
24  -10 
14  -4 
0  -13 
36  25 
13  -20 
12  4 
-1  15 
-19  9 
17  -26 
2  15 
-58  1 
10  2 
51  26 
-14  29 
5  23 
13  28 
-12  -29 
-1  2 
22  20 
-23  44 
31  25 
33  -6 
6  36 
-4  -3 
3  -3 
49  40 
-15  44 
20  -1 
9  18 
-3  26 
9  9 
26  4 
-5  -3 
20  35 
3  -33 
-47  11 
-13  60 
4  62 
8  5 
46  -2 
30  4 
21  3 
-54  -14 
22  -15 
6  -10 
27  32 
-15  -30 
13  19 
69  5 
15  20 
13  13 
9  2 
24  60 
-9  14 
-12  -17 
-42  56 
19  -2 
10  25 
11  8 
-26  1 
1  79 
21  -7 
2  14 
5  0 
-4  12 
20  33 
18  19 
76  6 
-45  30 
36  -6 
-20  25 
42  -4 
-4  50 
31  -3 
35  25 
-14  -23 
34  26 
34  23 
59  17 
-2  33 
27  -10 
-43  8 
28  8 
-22  23 
5  53 
43  55 
-28  -24 
-10  15 
7  60 
14  56 
-3  8 
34  12 
15  45 
-19  12 
6  8 
-25  2 
25  30 
5  -9 
21  -13 
37  1 
28  -9 
7  -2 
-3  -14 
35  24 
13  -20 
11  8 
2  11 
-22  6 
15  -24 
2  14 
-58  2 
9  2 
52  25 
-13  31 
5  23 
14  30 
-12  -30 
-2  3 
22  21 
-23  43 
32  27 
29  -5 
6  37 
-5  -5 
6  0 
51  37 
-14  46 
18  -5 
8  18 
-7  24 
9  7 
24  0 
-7  -4 
20  35 
3  -38 
-49  15 
-9  58 
7  62 
8  5 
46  -2 
30  3 
23  9 
-53  -12 
23  -12 
9  -8 
32  34 
-14  -30 
9  20 
71  5 
18  18 
7  12 
4  2 
21  63 
-16  12 
-9  -14 
-45  54 
20  -1 
13  28 
12  10 
-26  1 
0  80 
20  -11 
3  17 
2  0 
1  11 
18  36 
15  21 
74  6 
-44  30 
38  -7 
-26  25 
41  -3 
-9  47 
31  -7 
30  24 
-19  -24 
40  27 
34  23 
61  20 
-3  35 
33  -8 
-42  9 
29  9 
-23  24 
8  50 
41  56 
-29  -25 
-8  15 
6  60 
13  59 
-3  8 
31  11 
14  45 
-24  13 
13  7 
-25  -1 
26  30 
3  -11 
23  -12 
33  0 
31  -7 
7  -2 
1  -13 
33  29 
14  -17 
11  6 
-2  8 
-20  7 
16  -28 
2  15 
-58  3 
8  5 
49  22 
-9  27 
4  22 
13  32 
-14  -32 
-1  5 
23  16 
-22  42 
30  26 
27  -10 
8  39 
-6  -5 
3  5 
50  42 
-14  46 
19  -6 
7  20 
-8  25 
9  7 
19  -2 
-11  0 
22  30 
3  -33 
-48  14 
-12  58 
6  64 
7  6 
46  -2 
35  5 
22  9 
-55  -10 
24  -15 
7  -9 
34  32 
-7  -27 
5  16 
70  -1 
17  17 
2  14 
5  -3 
24  60 
-11  15 
-2  -11 
-40  54 
22  -4 
16  30 
12  7 
-23  4 
2  80 
20  -11 
3  15 
0  0 
0  13 
11  38 
14  21 
77  6 
-52  31 
40  -5 
-22  26 
43  -3 
-7  48 
32  -10 
24  27 
-16  -19 
41  23 
32  22 
61  17 
-2  35 
32  -7 
-39  9 
29  10 
-18  25 
6  53 
42  54 
-30  -23 
-9  12 
7  60 
13  59 
-9  6 
24  14 
15  42 
-22  16 
10  6 
-24  -1 
30  36 
3  -11 
23  -12 
34  1 
30  -9 
8  -2 
4  -18 
33  30 
12  -16 
13  4 
-2  6 
-18  3 
16  -28 
1  17 
-57  -2 
9  5 
50  25 
-8  26 
1  23 
14  36 
-14  -28 
1  6 
24  12 
-21  42 
32  27 
25  -10 
6  41 
-6  -5 
3  5 
55  44 
-14  46 
20  -7 
7  19 
-9  25 
9  9 
19  -2 
-11  2 
22  31 
4  -35 
-49  13 
-14  58 
5  64 
7  12 
47  -2 
38  2 
21  11 
-51  -9 
25  -20 
4  -4 
33  32 
-8  -27 
11  17 
73  0 
13  18 
-2  8 
3  -3 
28  55 
-11  15 
-3  -11 
-36  50 
23  -5 
15  30 
13  7 
-23  4 
-2  83 
23  -13 
5  13 
0  -2 
-3  14 
15  36 
15  21 
77  6 
-53  31 
40  -8 
-22  29 
41  -4 
-9  48 
34  -8 
24  27 
-18  -22 
46  23 
33  23 
63  16 
-5  40 
31  -6 
-40  7 
27  10 
-21  25 
7  50 
46  57 
-29  -19 
-8  10 
10  62 
7  61 
-9  6 
31  13 
18  43 
-22  13 
13  6 
-23  1 
29  35 
5  -8 
23  -12 
34  1 
28  -10 
8  -2 
5  -17 
33  33 
13  -19 
13  7 
-4  8 
-19  3 
19  -26 
0  19 
-60  0 
10  5 
51  25 
-7  28 
-3  26 
12  39 
-15  -26 
2  9 
29  11 
-18  41 
31  28 
25  -10 
6  40 
-5  -4 
-2  6 
51  43 
-14  46 
20  -7 
7  18 
-8  27 
11  9 
19  -2 
-13  0 
21  31 
2  -35 
-48  14 
-14  58 
6  64 
9  16 
49  -3 
42  2 
17  17 
-53  -9 
29  -19 
5  -3 
34  32 
-9  -28 
10  17 
73  -1 
14  17 
-2  8 
3  -3 
28  59 
-9  15 
-2  -8 
-36  50 
22  -4 
19  30 
15  5 
-23  3 
0  82 
24  -13 
7  13 
1  4 
1  17 
15  35 
17  18 
75  10 
-56  25 
34  -5 
-19  28 
42  -2 
-10  51 
29  -8 
29  25 
-20  -22 
47  24 
30  24 
63  15 
0  32 
33  0 
-44  13 
28  13 
-25  24 
9  55 
46  58 
-29  -20 
-6  12 
11  65 
5  63 
-8  6 
24  10 
22  41 
-21  11 
15  10 
-19  3 
33  39 
8  -9 
23  -11 
34  1 
24  -6 
11  -3 
7  -18 
41  29 
14  -17 
11  8 
-2  9 
-16  3 
22  -29 
0  19 
-59  -3 
16  7 
53  28 
-9  32 
-3  24 
14  35 
-11  -28 
2  10 
30  11 
-18  43 
33  23 
26  -13 
8  39 
-5  -4 
-1  2 
49  45 
-20  49 
20  -5 
6  22 
-5  28 
10  12 
19  -3 
-17  0 
16  34 
-1  -33 
-48  14 
-13  58 
4  62 
6  17 
50  -1 
41  0 
18  13 
-54  -10 
27  -20 
13  -5 
38  31 
-9  -27 
15  15 
73  0 
12  18 
-2  8 
7  -9 
30  57 
-3  19 
1  -8 
-32  50 
25  -10 
19  33 
11  6 
-16  7 
2  82 
17  -12 
9  13 
4  5 
3  17 
17  34 
13  27 
74  6 
-57  28 
36  -10 
-17  27 
49  2 
-11  50 
27  -10 
28  25 
-22  -24 
46  24 
29  26 
62  14 
-2  35 
31  -2 
-44  12 
22  13 
-25  24 
5  52 
48  61 
-28  -21 
-8  16 
14  63 
6  62 
-11  5 
27  11 
22  41 
-20  12 
13  13 
-15  3 
30  37 
9  -9 
19  -15 
37  4 
24  -10 
12  -6 
2  -15 
42  30 
15  -15 
10  15 
-8  7 
-15  4 
23  -31 
-1  18 
-57  -5 
16  6 
48  28 
-6  32 
-2  23 
14  35 
-10  -24 
4  13 
30  12 
-21  43 
35  21 
26  -13 
10  31 
-6  -3 
0  -1 
46  46 
-26  46 
20  -6 
7  22 
-5  30 
6  10 
20  0 
-14  4 
18  35 
0  -34 
-51  15 
-12  58 
-1  62 
2  14 
45  0 
41  -3 
19  11 
-55  -11 
21  -21 
11  -3 
38  29 
-8  -34 
18  13 
73  3 
13  20 
-2  6 
4  -6 
36  54 
-3  21 
1  -11 
-35  50 
27  -10 
22  31 
9  3 
-17  7 
2  83 
18  -12 
9  12 
5  2 
2  16 
20  35 
10  26 
74  5 
-57  28 
35  -9 
-17  25 
49  2 
-11  47 
27  -11 
30  24 
-20  -27 
44  27 
29  29 
63  17 
-3  34 
26  -2 
-44  12 
18  11 
-30  25 
7  52 
55  59 
-28  -18 
-9  21 
15  63 
8  59 
-11  5 
28  10 
21  40 
-22  8 
16  13 
-14  2 
29  35 
7  -10 
14  -15 
35  2 
23  -9 
12  -6 
4  -13 
41  29 
18  -9 
15  10 
-9  7 
-19  3 
24  -30 
-2  19 
-60  0 
13  7 
46  26 
-1  30 
2  21 
14  35 
-11  -21 
8  13 
30  11 
-22  42 
38  26 
26  -16 
14  32 
-11  -8 
-4  -1 
47  48 
-27  48 
18  -4 
5  23 
-5  31 
8  8 
23  -3 
-15  2 
21  31 
0  -35 
-50  15 
-17  58 
-3  64 
2  15 
45  -7 
39  -2 
21  6 
-54  -17 
21  -18 
14  1 
40  30 
-9  -35 
18  13 
70  4 
13  23 
-3  6 
6  -3 
35  56 
-8  24 
-1  -6 
-38  49 
31  -7 
23  29 
10  3 
-17  8 
1  79 
17  -12 
8  11 
11  6 
1  17 
17  36 
9  27 
75  5 
-58  26 
40  -7 
-17  22 
47  -2 
-11  48 
26  -15 
30  22 
-18  -26 
43  27 
29  29 
62  16 
-3  34 
26  -4 
-44  12 
22  11 
-28  29 
11  52 
56  61 
-27  -17 
-13  20 
13  59 
7  58 
-13  -1 
26  10 
21  39 
-18  10 
21  11 
-14  6 
29  36 
4  -9 
16  -15 
35  5 
28  -9 
15  -5 
3  -13 
40  34 
19  -10 
16  10 
-9  7 
-19  3 
24  -28 
-4  12 
-60  -2 
13  8 
46  28 
-1  38 
2  21 
15  36 
-14  -25 
9  14 
25  10 
-23  43 
43  29 
29  -18 
14  32 
-8  -6 
-6  1 
48  50 
-31  45 
17  -4 
6  23 
-9  28 
7  8 
21  -7 
-17  2 
20  33 
-5  -30 
-51  15 
-11  63 
-3  64 
3  17 
45  -6 
41  -3 
19  5 
-54  -18 
19  -18 
12  1 
37  28 
-7  -33 
18  13 
70  4 
18  26 
-5  7 
1  0 
40  55 
-6  29 
-2  -4 
-37  51 
33  -9 
25  33 
6  4 
-17  8 
7  81 
16  -14 
9  11 
14  5 
-1  17 
18  39 
9  27 
74  3 
-59  29 
38  -5 
-19  22 
52  -8 
-11  48 
27  -14 
27  22 
-17  -24 
44  27 
29  29 
60  20 
-3  37 
30  -1 
-42  9 
22  11 
-27  32 
9  55 
56  61 
-32  -15 
-12  18 
12  57 
11  53 
-14  -2 
29  9 
21  36 
-14  5 
22  14 
-14  6 
27  30 
10  -11 
13  -11 
37  6 
28  -7 
19  -9 
4  -15 
37  36 
17  -6 
15  10 
-9  6 
-22  11 
22  -24 
0  10 
-60  -1 
13  8 
46  32 
-2  39 
2  21 
19  37 
-22  -27 
12  14 
21  9 
-22  43 
46  31 
30  -15 
12  33 
-9  -5 
-7  -1 
49  53 
-26  43 
14  -5 
6  24 
-5  26 
6  8 
26  -7 
-14  2 
21  28 
-1  -35 
-53  19 
-9  63 
-3  68 
3  15 
50  -8 
40  -2 
23  7 
-53  -18 
19  -18 
11  -2 
38  28 
-11  -35 
20  11 
73  2 
14  26 
-7  12 
7  0 
36  52 
-9  28 
-2  -5 
-35  50 
36  -7 
27  33 
7  4 
-17  9 
7  86 
16  -14 
9  11 
15  5 
5  13 
15  42 
9  27 
74  5 
-56  30 
40  -3 
-18  25 
51  -8 
-11  48 
24  -13 
21  23 
-20  -25 
42  24 
28  31 
61  17 
-3  33 
30  -3 
-37  8 
17  12 
-25  36 
11  54 
57  59 
-33  -14 
-18  22 
13  59 
13  54 
-18  -7 
29  5 
23  37 
-20  2 
16  17 
-16  6 
26  36 
8  -10 
16  -10 
31  6 
25  -3 
23  -11 
3  -17 
38  36 
20  -8 
8  5 
-9  3 
-22  13 
23  -25 
1  13 
-58  0 
11  8 
42  36 
-2  39 
-1  16 
19  37 
-18  -26 
14  16 
18  9 
-23  44 
50  31 
31  -15 
9  35 
-4  -6 
-7  3 
56  46 
-26  41 
12  -3 
6  24 
-5  25 
6  12 
28  -2 
-16  0 
21  23 
0  -35 
-50  17 
-11  62 
-2  67 
3  16 
53  -7 
40  -1 
27  8 
-53  -16 
19  -18 
11  -3 
31  32 
-10  -36 
21  16 
72  4 
19  23 
-8  14 
5  0 
31  53 
-11  29 
-8  -1 
-32  48 
39  -10 
26  30 
5  4 
-17  6 
6  86 
12  -13 
9  11 
13  4 
8  11 
15  40 
5  29 
79  15 
-56  30 
39  -2 
-22  26 
44  -8 
-16  53 
22  -15 
24  22 
-20  -25 
42  23 
33  31 
61  17 
-4  32 
30  -1 
-36  7 
26  13 
-28  36 
16  57 
53  61 
-36  -13 
-19  23 
14  65 
10  52 
-20  -7 
31  6 
21  42 
-26  1 
19  14 
-17  7 
27  38 
8  -9 
16  -10 
33  8 
25  -3 
24  -7 
2  -17 
40  37 
21  -11 
8  5 
-9  5 
-18  9 
24  -28 
-2  8 
-60  0 
11  13 
42  35 
0  38 
-2  16 
19  38 
-9  -25 
21  11 
17  8 
-26  44 
49  32 
33  -13 
6  36 
2  -6 
-3  5 
53  46 
-30  43 
13  0 
5  22 
-8  27 
7  12 
32  -6 
-13  -3 
17  23 
0  -34 
-50  17 
-11  62 
-3  66 
3  17 
52  -8 
35  2 
26  10 
-49  -20 
17  -16 
13  -1 
33  33 
-11  -33 
22  11 
68  10 
19  23 
-6  16 
3  2 
35  57 
-8  26 
-8  -2 
-36  50 
43  -11 
24  31 
6  4 
-17  8 
5  90 
12  -7 
9  9 
18  -1 
10  11 
14  43 
7  31 
80  15 
-55  32 
39  -3 
-19  27 
49  -9 
-11  53 
22  -19 
24  22 
-19  -24 
46  22 
38  29 
61  17 
-3  34 
23  -5 
-40  9 
26  13 
-26  35 
18  53 
56  60 
-33  -16 
-15  22 
15  65 
10  51 
-22  -9 
31  7 
12  44 
-23  -1 
18  16 
-22  6 
27  38 
5  -10 
14  -10 
35  10 
28  -4 
24  -8 
2  -19 
42  40 
23  -12 
10  2 
-7  8 
-27  6 
26  -30 
-3  12 
-56  1 
3  11 
41  36 
0  40 
-4  17 
18  39 
-5  -25 
20  15 
15  11 
-25  44 
46  38 
31  -12 
5  37 
-3  -6 
-9  5 
61  49 
-33  39 
14  1 
5  23 
-8  27 
5  11 
34  -8 
-13  0 
17  21 
2  -31 
-47  19 
-11  62 
-6  65 
3  18 
49  -5 
37  4 
26  8 
-50  -23 
21  -17 
16  1 
32  26 
-14  -34 
24  13 
68  10 
18  22 
-8  14 
1  2 
37  55 
-10  25 
-9  -2 
-33  49 
44  -13 
24  30 
5  4 
-18  5 
-1  87 
11  -7 
9  9 
15  -1 
8  17 
15  42 
6  33 
80  9 
-55  32 
41  -3 
-16  25 
47  -8 
-12  51 
27  -18 
26  24 
-18  -25 
50  19 
39  31 
62  14 
-3  33 
23  -5 
-38  13 
29  11 
-26  36 
19  55 
51  64 
-29  -14 
-14  22 
13  71 
11  53 
-24  -8 
32  6 
13  43 
-23  -5 
18  18 
-23  6 
30  37 
4  -10 
11  -8 
33  20 
25  -8 
22  -10 
-1  -18 
37  41 
24  -13 
13  8 
-6  10 
-27  7 
29  -30 
-4  9 
-60  0 
-2  8 
38  36 
3  38 
-8  16 
17  36 
-8  -25 
25  10 
15  10 
-22  49 
46  38 
31  -15 
6  37 
-2  -7 
-10  4 
63  47 
-33  37 
10  -4 
7  20 
-6  32 
2  11 
32  -6 
-20  2 
13  24 
3  -32 
-45  22 
-11  62 
-5  65 
2  14 
58  -1 
38  3 
25  9 
-49  -26 
24  -18 
12  2 
30  22 
-11  -31 
24  13 
69  11 
17  24 
-7  14 
1  3 
37  54 
-11  27 
-9  -2 
-32  48 
41  -16 
27  30 
6  4 
-13  11 
0  86 
12  -8 
9  5 
17  -1 
8  18 
14  35 
6  33 
83  9 
-56  34 
42  1 
-19  28 
48  -10 
-13  54 
25  -18 
27  26 
-17  -23 
50  20 
41  29 
60  15 
-3  29 
18  -8 
-40  12 
29  15 
-25  36 
16  57 
53  60 
-31  -15 
-11  22 
13  67 
13  53 
-24  -8 
31  7 
17  46 
-20  -7 
21  17 
-20  7 
30  37 
3  -5 
13  -12 
31  18 
31  -10 
26  -14 
4  -20 
39  42 
24  -15 
11  8 
-5  10 
-32  5 
31  -28 
-3  4 
-60  0 
-2  8 
37  34 
5  33 
-6  12 
17  35 
-7  -21 
24  10 
9  9 
-22  49 
50  39 
32  -13 
7  38 
-6  -5 
-8  6 
61  47 
-28  34 
11  -3 
7  20 
-11  31 
3  7 
29  -2 
-13  2 
12  19 
3  -35 
-44  21 
-14  64 
-4  66 
-2  11 
63  -3 
38  3 
26  13 
-47  -26 
26  -18 
8  -2 
30  24 
-14  -32 
28  12 
71  9 
13  26 
0  15 
2  1 
37  60 
-12  28 
-6  1 
-33  46 
44  -13 
26  32 
5  3 
-12  11 
1  89 
12  -4 
15  5 
16  0 
7  19 
21  31 
2  31 
83  8 
-53  30 
39  -2 
-18  29 
51  -7 
-13  51 
28  -17 
30  25 
-14  -22 
50  23 
43  29 
56  13 
-3  28 
18  -7 
-43  16 
26  15 
-26  36 
15  64 
55  63 
-34  -12 
-6  21 
15  66 
7  51 
-22  -7 
32  7 
21  45 
-19  -7 
19  17 
-19  3 
33  36 
0  0 
13  -13 
33  19 
26  -9 
26  -14 
4  -18 
42  41 
24  -14 
13  2 
-4  10 
-31  5 
25  -30 
-9  8 
-62  -1 
-7  8 
39  35 
5  32 
-7  12 
14  38 
-10  -23 
26  12 
9  8 
-24  52 
48  39 
32  -14 
8  38 
-3  -5 
-9  6 
62  51 
-30  39 
15  2 
11  25 
-13  33 
3  5 
33  0 
-13  0 
12  18 
7  -37 
-46  26 
-13  62 
-6  65 
1  12 
62  -8 
37  -1 
26  13 
-47  -27 
27  -16 
9  -9 
30  25 
-12  -32 
32  15 
69  9 
13  23 
-1  7 
6  2 
38  63 
-11  27 
-4  1 
-32  47 
43  -11 
23  36 
3  3 
-13  10 
2  83 
9  -5 
11  9 
19  -4 
8  17 
20  29 
1  31 
82  5 
-54  30 
42  -6 
-17  27 
51  -7 
-12  51 
27  -22 
35  25 
-14  -22 
51  23 
41  29 
57  14 
-2  28 
17  -11 
-39  17 
24  12 
-26  36 
13  67 
52  67 
-34  -14 
-6  21 
15  62 
2  54 
-23  -7 
34  3 
21  43 
-21  -6 
19  17 
-23  6 
32  34 
1  0 
11  -14 
31  18 
26  -10 
28  -13 
2  -17 
43  36 
25  -18 
13  0 
-7  13 
-30  6 
23  -32 
-9  7 
-62  -2 
-9  8 
38  33 
2  35 
-4  10 
14  37 
-6  -28 
23  15 
9  9 
-18  49 
52  39 
30  -18 
9  40 
-2  -4 
-11  2 
61  49 
-30  37 
15  -4 
7  26 
-12  30 
5  3 
33  -1 
-14  0 
15  19 
12  -35 
-45  30 
-14  62 
-8  66 
0  15 
62  -9 
37  -1 
29  7 
-47  -24 
26  -16 
5  -6 
27  22 
-12  -32 
33  9 
68  11 
13  23 
3  9 
7  4 
39  68 
-11  25 
-4  1 
-36  45 
47  -12 
19  33 
4  0 
-14  13 
2  81 
9  -7 
13  8 
22  0 
8  18 
20  29 
2  30 
83  3 
-55  29 
39  -9 
-17  25 
47  -9 
-13  50 
27  -17 
41  27 
-14  -23 
44  22 
38  28 
57  15 
3  27 
17  -11 
-38  17 
24  7 
-26  33 
15  67 
54  65 
-34  -14 
-9  26 
14  61 
6  53 
-24  -12 
34  3 
18  43 
-24  -3 
19  18 
-25  6 
30  32 
3  -5 
12  -14 
30  15 
27  -9 
27  -14 
10  -22 
49  33 
24  -18 
13  0 
-12  18 
-29  5 
23  -32 
-10  5 
-61  -3 
-9  8 
35  36 
6  35 
-4  10 
7  38 
-10  -31 
21  12 
9  9 
-19  49 
52  38 
33  -19 
13  36 
-6  -4 
-7  3 
58  46 
-31  39 
14  -5 
8  25 
-10  31 
6  3 
31  1 
-11  0 
16  19 
13  -32 
-46  29 
-14  62 
-2  68 
0  14 
61  -14 
35  -1 
29  7 
-49  -28 
25  -17 
8  -9 
23  24 
-15  -30 
38  16 
74  10 
10  23 
7  14 
5  0 
38  69 
-11  25 
-5  0 
-43  46 
48  -12 
26  27 
8  -1 
-19  16 
2  82 
15  -10 
13  6 
20  -3 
6  18 
17  34 
8  30 
82  1 
-54  28 
42  -11 
-13  19 
44  -6 
-12  52 
27  -16 
39  27 
-11  -25 
41  23 
37  28 
56  12 
-3  24 
15  -15 
-39  22 
22  7 
-22  33 
15  65 
52  66 
-39  -17 
-3  26 
14  61 
7  54 
-22  -11 
33  4 
17  44 
-23  -3 
23  15 
-26  4 
31  35 
2  -4 
13  -12 
32  14 
27  -4 
26  -13 
12  -22 
51  32 
27  -18 
15  -1 
-9  18 
-29  5 
21  -32 
-6  2 
-60  -3 
-9  8 
34  37 
6  33 
-4  10 
9  40 
-8  -29 
22  11 
9  9 
-22  47 
53  39 
33  -20 
14  36 
-2  -4 
-11  2 
58  50 
-30  38 
15  -4 
9  28 
-12  33 
9  5 
33  1 
-10  -1 
18  19 
12  -31 
-47  27 
-13  64 
3  65 
0  20 
59  -15 
35  3 
31  6 
-47  -29 
24  -20 
10  -9 
23  27 
-13  -31 
42  13 
74  6 
10  22 
12  16 
2  -6 
38  68 
-10  25 
-5  0 
-41  43 
46  -12 
27  32 
6  -2 
-21  17 
4  82 
15  -10 
11  7 
19  -2 
8  18 
17  36 
7  30 
82  3 
-56  30 
43  -11 
-19  19 
47  -9 
-17  57 
25  -17 
41  31 
-13  -20 
49  21 
37  28 
53  14 
-2  23 
11  -17 
-41  22 
24  7 
-22  33 
16  66 
54  65 
-39  -18 
2  27 
15  61 
5  49 
-20  -6 
33  4 
17  46 
-23  -3 
23  15 
-25  2 
31  33 
1  -5 
15  -4 
31  17 
27  -2 
29  -15 
10  -23 
52  31 
26  -18 
16  -1 
-7  19 
-29  7 
18  -37 
-3  1 
-62  0 
-11  9 
35  40 
6  33 
-4  10 
11  38 
-9  -28 
23  9 
9  8 
-21  42 
53  40 
34  -19 
14  36 
0  -3 
-13  2 
57  48 
-29  41 
14  -5 
9  27 
-14  30 
12  6 
33  1 
-12  -2 
18  19 
10  -25 
-46  32 
-10  62 
3  68 
-1  17 
63  -13 
35  -1 
32  7 
-47  -27 
21  -17 
5  -9 
24  27 
-13  -32 
42  9 
75  4 
13  23 
11  15 
3  -2 
38  69 
-9  26 
-3  4 
-44  41 
48  -12 
24  26 
6  -2 
-20  19 
3  83 
15  -10 
8  5 
20  -5 
9  17 
16  32 
9  31 
84  5 
-54  27 
41  -14 
-18  23 
44  -8 
-16  53 
26  -14 
42  31 
-10  -16 
47  20 
40  26 
55  11 
-5  25 
5  -17 
-42  25 
28  11 
-19  29 
14  70 
57  68 
-38  -19 
1  29 
16  61 
1  51 
-18  -5 
29  7 
19  45 
-23  -4 
18  16 
-21  2 
31  29 
2  -4 
17  -7 
30  17 
29  -5 
27  -14 
10  -24 
51  30 
27  -20 
16  -1 
-9  17 
-29  7 
18  -37 
1  2 
-63  1 
-11  10 
40  41 
8  30 
-7  11 
10  40 
-9  -28 
23  8 
6  9 
-19  43 
51  38 
34  -19 
14  36 
1  -3 
-13  2 
57  55 
-30  39 
15  -4 
9  29 
-8  33 
10  5 
33  -1 
-12  -2 
17  19 
6  -27 
-47  33 
-9  66 
4  67 
-1  17 
65  -17 
36  -3 
33  8 
-47  -20 
20  -22 
7  -10 
23  27 
-14  -30 
43  9 
74  3 
17  25 
14  12 
4  0 
32  74 
-9  28 
-2  2 
-45  39 
46  -13 
24  25 
8  -1 
-20  20 
6  84 
14  -15 
8  5 
17  -3 
7  18 
18  33 
5  32 
82  12 
-56  30 
38  -11 
-18  25 
43  -3 
-12  51 
26  -14 
39  35 
-7  -17 
49  18 
43  25 
55  11 
-5  25 
6  -18 
-48  28 
27  11 
-21  31 
18  68 
58  69 
-39  -23 
2  31 
18  59 
1  53 
-21  -2 
28  8 
17  46 
-23  -5 
17  16 
-18  2 
31  28 
3  -5 
16  -6 
24  18 
29  -5 
24  -11 
7  -21 
49  31 
27  -22 
17  -6 
-9  12 
-32  5 
18  -37 
3  3 
-64  0 
-11  12 
40  39 
10  32 
-14  17 
8  38 
-5  -27 
21  11 
8  10 
-21  42 
49  39 
33  -19 
14  36 
0  -5 
-14  2 
59  55 
-33  40 
13  -1 
9  28 
-8  30 
10  4 
24  2 
-9  -1 
22  23 
4  -30 
-48  34 
-6  61 
1  69 
0  20 
66  -16 
37  -3 
33  8 
-47  -22 
19  -23 
10  -9 
18  32 
-12  -29 
45  10 
72  6 
11  27 
13  14 
4  0 
28  73 
-8  27 
-3  4 
-39  43 
47  -9 
24  27 
11  -2 
-17  16 
5  83 
18  -16 
11  6 
15  -4 
6  18 
16  32 
-2  35 
78  16 
-56  34 
37  -12 
-17  27 
43  -3 
-14  51 
26  -14 
40  33 
-10  -18 
42  20 
43  25 
54  12 
-5  25 
7  -18 
-51  22 
31  15 
-18  33 
19  70 
63  68 
-40  -27 
4  27 
18  59 
-2  55 
-19  -3 
23  7 
16  49 
-23  -3 
15  15 
-19  -1 
33  27 
3  -5 
16  -8 
23  18 
28  -6 
25  -10 
7  -18 
47  32 
25  -23 
15  -4 
-10  17 
-29  8 
19  -38 
3  2 
-63  1 
-9  13 
39  38 
12  36 
-14  18 
8  38 
-4  -30 
21  13 
8  10 
-22  43 
47  38 
32  -18 
12  34 
0  -5 
-16  2 
62  54 
-30  44 
13  -1 
7  24 
-6  25 
13  3 
26  3 
-8  -7 
19  25 
6  -27 
-46  35 
-7  64 
1  69 
1  23 
66  -16 
34  -4 
31  7 
-42  -24 
20  -23 
9  -9 
18  32 
-12  -29 
47  10 
72  6 
11  25 
11  12 
2  1 
29  69 
-7  28 
-3  4 
-35  40 
48  -12 
20  27 
11  -2 
-18  11 
5  83 
18  -11 
15  5 
9  -5 
5  12 
17  35 
-1  34 
81  15 
-49  37 
37  -11 
-23  34 
43  -4 
-10  52 
26  -14 
44  34 
-10  -15 
41  16 
41  28 
48  13 
-7  20 
7  -20 
-50  22 
35  10 
-21  31 
21  66 
63  68 
-44  -28 
2  23 
15  59 
2  51 
-20  -2 
24  2 
15  50 
-21  -3 
20  15 
-19  -4 
32  26 
3  -5 
17  -8 
23  17 
29  -5 
25  -10 
5  -17 
49  31 
22  -24 
15  -4 
-15  11 
-29  6 
25  -39 
2  1 
-68  2 
-8  16 
40  40 
5  42 
-13  22 
10  38 
-4  -30 
16  6 
8  11 
-21  47 
46  38 
31  -21 
13  27 
2  -6 
-10  3 
62  50 
-30  46 
8  -2 
6  24 
-5  25 
12  7 
34  5 
-8  -6 
23  29 
4  -30 
-48  39 
-7  63 
4  67 
-1  22 
66  -18 
37  -7 
35  6 
-43  -23 
20  -28 
6  -3 
19  34 
-12  -30 
47  10 
71  5 
10  24 
11  12 
0  -3 
27  68 
-7  28 
-2  3 
-37  38 
49  -11 
18  28 
11  -3 
-19  9 
8  79 
17  -12 
10  5 
12  -8 
8  12 
18  36 
0  29 
79  18 
-48  38 
40  -14 
-23  34 
50  0 
-9  53 
29  -13 
50  31 
-11  -15 
43  16 
39  31 
50  17 
-7  19 
7  -22 
-50  22 
31  8 
-22  33 
25  63 
64  67 
-43  -29 
2  22 
13  59 
2  51 
-18  1 
25  1 
15  50 
-21  -4 
19  15 
-19  -3 
34  26 
3  -5 
18  -12 
22  14 
26  -10 
28  -6 
6  -16 
49  29 
20  -28 
7  -4 
-12  18 
-29  8 
27  -41 
1  9 
-66  -4 
-9  14 
40  40 
1  43 
-13  22 
9  42 
-4  -34 
19  5 
8  11 
-22  43 
47  38 
29  -21 
17  24 
0  -6 
-10  3 
62  50 
-31  47 
5  -4 
6  22 
-6  25 
12  6 
33  9 
-9  -8 
23  27 
11  -34 
-43  34 
-13  67 
5  64 
-1  22 
62  -17 
35  -4 
36  10 
-43  -21 
20  -25 
8  -10 
19  28 
-10  -27 
45  10 
72  5 
18  29 
4  13 
3  -3 
26  66 
-7  28 
-2  2 
-39  42 
48  -12 
13  27 
9  -5 
-17  8 
10  77 
15  -12 
10  4 
10  -8 
9  18 
18  34 
1  26 
80  19 
-48  35 
39  -14 
-22  35 
54  -8 
-8  56 
29  -15 
49  34 
-9  -15 
42  18 
39  27 
52  18 
-6  23 
7  -20 
-50  22 
33  13 
-22  33 
29  65 
60  67 
-40  -26 
8  19 
13  59 
5  50 
-14  0 
26  4 
21  51 
-24  -7 
17  17 
-21  -3 
37  26 
2  -4 
13  -17 
19  15 
27  -14 
33  -4 
5  -18 
48  28 
21  -28 
6  -2 
-10  20 
-29  9 
27  -40 
0  9 
-65  -4 
-11  20 
42  45 
1  36 
-16  22 
11  45 
-6  -35 
21  9 
6  6 
-26  41 
48  38 
32  -26 
17  24 
2  -6 
-7  8 
62  53 
-29  52 
3  -3 
10  25 
-6  26 
13  4 
29  15 
-9  -10 
23  28 
9  -38 
-42  33 
-8  66 
7  64 
3  22 
62  -17 
32  -8 
35  11 
-45  -15 
17  -25 
6  -9 
18  23 
-16  -30 
44  14 
71  6 
18  29 
3  15 
12  -5 
23  67 
-10  24 
1  3 
-34  42 
46  -7 
13  27 
8  -7 
-16  7 
7  82 
17  -11 
12  3 
7  -8 
7  11 
20  35 
2  30 
79  18 
-51  38 
44  -14 
-22  36 
53  -7 
-10  57 
28  -15 
51  38 
-9  -12 
40  20 
37  28 
56  17 
-5  19 
1  -23 
-45  27 
30  12 
-23  36 
29  65 
56  66 
-42  -25 
9  15 
13  63 
8  48 
-14  2 
30  5 
24  50 
-25  -10 
17  15 
-21  -2 
37  26 
-1  -3 
17  -19 
20  12 
27  -9 
35  -4 
7  -18 
49  31 
22  -27 
6  -2 
-10  20 
-28  10 
34  -44 
1  6 
-68  -1 
-7  20 
42  41 
4  33 
-15  22 
12  46 
-2  -34 
22  9 
6  6 
-26  43 
47  40 
31  -27 
15  23 
2  -6 
-8  12 
62  55 
-34  54 
-1  2 
3  29 
-5  26 
12  7 
34  12 
-8  -9 
24  26 
10  -36 
-42  33 
-7  68 
5  63 
-2  22 
57  -16 
34  -14 
33  7 
-42  -12 
18  -24 
8  -10 
21  22 
-11  -31 
39  10 
73  6 
18  29 
3  16 
11  -2 
21  67 
-9  25 
2  0 
-33  38 
46  -3 
14  30 
9  -8 
-17  5 
3  82 
17  -12 
15  1 
6  -7 
5  10 
14  35 
4  27 
80  19 
-50  39 
40  -18 
-24  32 
53  -4 
-11  56 
28  -15 
47  37 
-9  -14 
41  20 
36  30 
58  19 
0  23 
5  -20 
-46  25 
28  11 
-21  35 
30  66 
54  65 
-41  -29 
13  14 
11  63 
8  48 
-15  3 
30  3 
19  50 
-24  -10 
14  15 
-19  -3 
34  21 
-2  -4 
15  -18 
19  9 
28  -10 
35  -5 
9  -18 
44  30 
17  -26 
6  -3 
-6  16 
-31  11 
34  -41 
-2  2 
-68  -2 
-7  20 
45  35 
4  32 
-16  22 
11  46 
-1  -34 
18  9 
7  11 
-27  43 
46  38 
28  -26 
15  24 
2  -6 
-8  14 
62  51 
-36  53 
-1  2 
5  30 
-7  27 
13  6 
31  12 
-9  -9 
23  28 
10  -38 
-42  33 
-8  67 
3  64 
-1  23 
58  -17 
35  -15 
32  13 
-43  -11 
17  -23 
8  -9 
21  19 
-11  -31 
40  9 
72  6 
23  37 
3  18 
13  1 
19  65 
-9  25 
7  2 
-31  38 
48  -2 
16  28 
14  -8 
-19  8 
6  82 
18  -12 
16  1 
11  -7 
1  9 
12  36 
2  30 
87  14 
-45  37 
42  -17 
-24  34 
49  -4 
-10  57 
30  -16 
45  37 
-9  -12 
43  15 
35  30 
56  19 
3  23 
-1  -22 
-46  23 
29  6 
-21  34 
31  65 
54  63 
-38  -26 
14  12 
12  64 
7  46 
-15  2 
29  5 
22  53 
-26  -9 
9  15 
-22  2 
35  20 
-2  -4 
10  -16 
15  14 
24  -10 
37  -6 
9  -18 
48  30 
12  -24 
6  -10 
-5  16 
-32  11 
38  -37 
-1  5 
-70  -4 
-8  19 
46  37 
3  29 
-13  22 
11  48 
-3  -39 
20  14 
7  10 
-28  46 
47  38 
31  -28 
16  26 
3  -5 
-5  10 
62  49 
-35  50 
2  2 
8  37 
-5  24 
14  5 
29  11 
-11  -11 
23  27 
7  -36 
-42  33 
-9  66 
6  66 
-1  22 
53  -17 
36  -10 
33  8 
-42  -11 
10  -20 
6  -9 
22  18 
-10  -25 
37  8 
73  7 
25  32 
4  22 
9  -8 
17  64 
-10  26 
6  2 
-26  36 
47  1 
12  27 
12  -6 
-20  12 
6  84 
18  -12 
18  -1 
11  -7 
-5  7 
12  33 
1  26 
87  14 
-43  35 
43  -12 
-28  35 
48  -2 
-11  58 
28  -15 
41  36 
-10  -9 
39  18 
35  25 
63  22 
2  23 
0  -20 
-47  19 
29  7 
-20  35 
31  66 
54  63 
-37  -23 
13  14 
15  64 
9  47 
-15  3 
30  4 
28  51 
-25  -9 
14  18 
-23  4 
33  20 
-4  -4 
11  -15 
18  18 
27  -9 
40  -6 
10  -18 
47  30 
11  -22 
8  -10 
0  18 
-34  12 
38  -37 
-2  9 
-74  -10 
-4  12 
51  32 
0  29 
-12  13 
11  48 
-1  -42 
24  18 
5  10 
-30  47 
46  38 
33  -32 
20  27 
3  -5 
-5  9 
62  51 
-38  45 
1  3 
11  33 
-4  19 
12  7 
28  12 
-9  -11 
21  29 
5  -38 
-41  34 
-10  65 
6  64 
-2  22 
53  -14 
36  -10 
33  9 
-36  -13 
7  -22 
5  -9 
20  15 
-5  -24 
38  10 
75  5 
29  28 
6  22 
9  -5 
13  67 
-12  25 
7  2 
-24  34 
53  -1 
8  23 
10  -1 
-21  11 
9  82 
18  -12 
18  -1 
14  -10 
-8  6 
13  32 
-1  30 
86  13 
-39  33 
44  -14 
-28  38 
48  -2 
-13  60 
25  -16 
42  43 
-10  -7 
41  17 
36  17 
64  22 
3  22 
0  -20 
-49  17 
27  6 
-19  36 
30  65 
57  59 
-26  -24 
13  13 
15  61 
8  48 
-14  3 
29  5 
29  49 
-28  -14 
10  20 
-25  5 
30  24 
-8  -8 
13  -13 
20  18 
22  -15 
37  -3 
11  -15 
47  32 
13  -21 
6  -10 
0  19 
-35  12 
41  -38 
-3  8 
-73  -9 
-4  14 
54  31 
-2  36 
-9  13 
11  47 
-1  -42 
22  14 
8  10 
-33  50 
46  37 
31  -32 
17  26 
6  -7 
-5  10 
62  51 
-41  45 
4  0 
12  34 
-3  23 
12  7 
30  11 
-12  -9 
23  28 
7  -38 
-37  35 
-10  66 
4  62 
-2  23 
54  -17 
36  -10 
38  11 
-36  -13 
7  -22 
1  -11 
19  17 
-6  -25 
37  9 
73  6 
29  27 
13  23 
10  -5 
11  66 
-12  25 
9  4 
-23  34 
57  1 
6  24 
5  0 
-23  16 
9  82 
18  -12 
18  -1 
17  -16 
-13  8 
14  26 
-4  32 
88  21 
-37  27 
38  -15 
-26  41 
48  -2 
-13  60 
27  -14 
41  43 
-16  -8 
43  17 
36  13 
62  23 
1  20 
0  -23 
-45  16 
26  6 
-19  32 
37  69 
55  60 
-22  -25 
14  12 
16  57 
9  48 
-16  2 
29  2 
29  49 
-24  -14 
10  17 
-22  9 
30  23 
-7  -13 
11  -12 
22  21 
22  -18 
39  -6 
6  -18 
46  30 
13  -21 
6  -15 
0  20 
-29  13 
41  -38 
3  8 
-73  -11 
-4  12 
55  30 
0  35 
-7  8 
11  46 
-1  -44 
23  9 
10  11 
-32  51 
47  34 
31  -35 
14  23 
5  -8 
-9  18 
60  54 
-40  49 
6  4 
13  36 
-3  23 
14  5 
32  14 
-10  -15 
25  29 
3  -45 
-38  34 
-12  68 
7  61 
1  23 
57  -21 
36  -10 
41  13 
-41  -15 
7  -22 
-1  -13 
19  18 
-6  -25 
37  8 
72  6 
29  27 
11  23 
11  -8 
13  64 
-11  25 
8  3 
-25  35 
57  4 
5  24 
8  -2 
-25  16 
10  84 
24  -13 
18  -1 
15  -17 
-14  6 
15  25 
-2  28 
87  20 
-37  27 
37  -14 
-25  42 
54  -3 
-13  62 
22  -9 
39  42 
-14  -7 
41  17 
37  14 
62  23 
4  24 
-1  -23 
-49  20 
28  5 
-11  32 
36  70 
53  60 
-22  -24 
14  12 
20  55 
8  48 
-16  2 
30  3 
29  49 
-29  -14 
8  16 
-22  8 
31  20 
-8  -14 
13  -11 
21  19 
21  -20 
38  -11 
8  -15 
44  30 
15  -11 
6  -16 
2  17 
-30  12 
43  -37 
7  6 
-75  -10 
-4  12 
53  31 
2  36 
-7  7 
10  45 
2  -47 
21  9 
7  10 
-34  49 
53  32 
31  -35 
17  24 
5  -8 
-8  19 
63  55 
-41  54 
6  3 
12  33 
-5  22 
17  6 
32  10 
-5  -13 
27  32 
6  -47 
-38  35 
-17  67 
9  58 
2  21 
54  -24 
33  -12 
43  17 
-42  -17 
8  -22 
2  -17 
19  18 
-14  -29 
36  13 
75  10 
27  28 
10  24 
6  -14 
14  63 
-11  22 
12  7 
-26  35 
56  0 
3  21 
8  2 
-31  14 
9  85 
24  -19 
18  -1 
12  -16 
-11  3 
17  34 
2  34 
83  22 
-36  26 
39  -15 
-23  39 
49  -5 
-14  61 
20  -8 
39  42 
-14  0 
41  17 
39  17 
64  27 
6  22 
2  -22 
-48  16 
29  8 
-9  32 
36  70 
52  62 
-25  -23 
13  12 
21  56 
8  48 
-17  2 
30  6 
26  46 
-30  -16 
8  10 
-21  14 
34  21 
-7  -13 
15  -9 
21  19 
21  -23 
38  -12 
9  -15 
47  31 
17  -12 
6  -16 
4  18 
-29  15 
44  -33 
6  3 
-71  -13 
-2  16 
52  32 
3  35 
-8  7 
11  48 
-3  -46 
22  11 
5  7 
-35  50 
55  24 
33  -37 
17  24 
9  -9 
-7  22 
60  54 
-41  56 
7  4 
17  37 
-5  22 
17  6 
35  10 
-5  -15 
27  30 
7  -48 
-40  33 
-18  69 
7  60 
1  23 
56  -28 
34  -8 
49  13 
-41  -18 
6  -22 
4  -18 
19  17 
-15  -31 
35  16 
74  11 
24  30 
10  23 
9  -11 
13  68 
-13  22 
12  6 
-20  35 
58  3 
1  22 
14  5 
-34  10 
11  86 
23  -23 
18  -1 
11  -17 
-16  0 
12  38 
2  34 
83  18 
-42  29 
42  -10 
-25  39 
49  -3 
-12  59 
21  -7 
37  39 
-13  -2 
44  15 
40  20 
63  29 
3  23 
4  -28 
-48  15 
31  12 
-8  34 
36  70 
50  64 
-23  -25 
12  14 
22  60 
9  47 
-23  3 
28  7 
27  48 
-29  -14 
9  8 
-26  15 
32  24 
-4  -12 
15  -5 
22  13 
21  -27 
38  -11 
8  -15 
47  31 
17  -12 
7  -18 
6  13 
-34  18 
44  -35 
6  1 
-70  -14 
-6  16 
48  31 
4  32 
-4  7 
13  49 
-1  -45 
19  7 
3  6 
-39  49 
53  23 
29  -35 
17  24 
10  -9 
-9  23 
60  55 
-42  56 
6  2 
17  36 
-7  21 
17  6 
33  12 
-5  -15 
27  30 
8  -50 
-43  29 
-25  70 
7  60 
2  22 
56  -26 
33  -6 
48  15 
-39  -12 
6  -23 
5  -20 
20  19 
-13  -34 
34  17 
72  16 
25  30 
9  20 
9  -11 
14  69 
-15  23 
11  8 
-20  29 
54  1 
-2  23 
15  9 
-31  11 
18  86 
23  -23 
13  6 
6  -16 
-16  2 
13  40 
3  35 
80  20 
-42  28 
44  -10 
-19  37 
47  -1 
-11  62 
22  -9 
34  45 
-12  -2 
43  16 
41  20 
63  27 
2  14 
6  -30 
-49  9 
29  16 
-7  39 
33  71 
50  64 
-26  -24 
13  13 
17  64 
9  41 
-31  2 
29  8 
31  43 
-29  -14 
9  7 
-27  19 
34  23 
-5  -15 
16  -7 
22  9 
20  -27 
38  -11 
13  -16 
45  32 
17  -12 
6  -18 
11  13 
-33  18 
44  -30 
10  -3 
-69  -15 
-5  16 
47  30 
4  34 
-6  6 
16  50 
-3  -47 
19  3 
2  1 
-42  48 
48  25 
31  -32 
19  22 
7  -9 
-14  17 
60  52 
-44  59 
2  2 
16  34 
-5  21 
19  7 
31  9 
-8  -14 
25  30 
8  -49 
-45  30 
-25  71 
5  63 
4  22 
56  -28 
30  -6 
50  11 
-39  -14 
7  -26 
2  -17 
16  17 
-14  -34 
32  15 
70  15 
22  31 
8  19 
9  -11 
13  70 
-15  24 
13  9 
-20  27 
54  1 
-2  23 
22  14 
-31  11 
17  86 
23  -25 
13  1 
6  -16 
-13  0 
13  40 
1  37 
77  14 
-40  35 
43  -9 
-21  37 
51  -2 
-17  57 
18  -9 
33  46 
-8  -6 
42  15 
39  18 
63  27 
1  11 
2  -24 
-50  5 
28  12 
-14  31 
34  72 
51  65 
-30  -20 
11  15 
17  66 
7  42 
-30  4 
26  6 
27  39 
-27  -13 
9  8 
-33  18 
36  19 
-2  -17 
14  -4 
22  14 
18  -34 
39  -10 
12  -18 
52  35 
19  -14 
7  -16 
9  11 
-30  11 
46  -27 
13  -1 
-67  -16 
-2  15 
40  37 
4  30 
-6  10 
16  50 
1  -47 
22  0 
6  0 
-42  48 
52  26 
31  -34 
18  19 
7  -10 
-13  14 
59  54 
-41  57 
1  3 
18  33 
-2  20 
24  7 
24  14 
-5  -20 
25  30 
6  -50 
-44  34 
-25  70 
5  63 
3  19 
57  -26 
31  -7 
47  11 
-39  -11 
13  -19 
4  -18 
12  16 
-11  -33 
32  14 
71  12 
20  29 
8  18 
9  -11 
9  65 
-10  25 
11  7 
-17  29 
58  2 
-6  21 
22  12 
-32  10 
22  83 
22  -22 
13  3 
6  -17 
-14  -2 
13  40 
3  35 
78  16 
-42  29 
41  -9 
-15  42 
50  3 
-21  55 
22  -9 
34  45 
-5  -14 
40  20 
40  18 
63  28 
2  15 
3  -23 
-52  5 
34  11 
-15  33 
34  72 
50  64 
-30  -21 
13  16 
12  64 
6  42 
-32  5 
28  7 
33  39 
-25  -13 
6  6 
-33  18 
35  22 
-2  -17 
14  -4 
21  17 
19  -35 
38  -7 
13  -19 
50  35 
22  -6 
11  -15 
9  12 
-25  11 
39  -30 
9  0 
-72  -18 
-4  19 
40  39 
4  34 
-2  8 
12  47 
6  -47 
19  -3 
4  2 
-44  52 
51  26 
31  -33 
18  19 
14  -5 
-17  15 
61  52 
-45  56 
1  2 
21  30 
2  22 
24  7 
20  14 
-7  -17 
24  30 
6  -50 
-45  30 
-28  68 
6  64 
1  19 
59  -25 
34  -10 
52  12 
-33  -14 
13  -20 
0  -18 
15  15 
-13  -32 
31  9 
71  12 
21  23 
7  20 
9  -11 
9  67 
-11  26 
13  8 
-15  30 
55  -1 
-8  22 
15  14 
-32  11 
23  83 
19  -18 
20  7 
7  -18 
-12  -4 
12  34 
6  27 
80  9 
-39  31 
42  -11 
-15  43 
54  3 
-23  54 
21  -11 
34  41 
-7  -13 
40  18 
40  17 
63  27 
2  20 
-1  -22 
-50  5 
31  8 
-12  34 
34  72 
46  64 
-34  -22 
17  14 
12  67 
9  42 
-32  5 
28  11 
33  40 
-25  -16 
9  8 
-32  19 
34  15 
-4  -15 
12  -5 
21  13 
17  -36 
37  -5 
12  -15 
57  37 
20  -5 
13  -19 
7  10 
-26  9 
37  -32 
6  -5 
-70  -18 
-2  19 
41  37 
6  30 
-2  12 
11  49 
4  -50 
18  -4 
4  2 
-44  52 
55  25 
27  -32 
19  18 
12  -2 
-12  18 
56  54 
-46  56 
4  6 
15  35 
0  19 
23  7 
22  10 
-7  -16 
25  30 
6  -43 
-45  28 
-27  74 
5  64 
1  20 
58  -27 
32  -6 
51  19 
-31  -15 
13  -17 
-1  -18 
15  16 
-14  -34 
24  13 
72  9 
17  22 
2  16 
9  -11 
8  68 
-10  24 
11  3 
-9  32 
54  1 
-8  19 
15  10 
-29  13 
21  83 
17  -17 
18  3 
6  -18 
-12  -5 
12  33 
6  27 
79  11 
-39  31 
42  -11 
-18  43 
54  7 
-21  54 
21  -11 
35  42 
-5  -14 
42  22 
42  14 
63  28 
0  20 
-1  -23 
-49  5 
32  6 
-12  33 
36  70 
47  62 
-32  -22 
16  16 
7  71 
9  42 
-32  5 
24  13 
33  41 
-26  -19 
10  5 
-35  20 
34  17 
-4  -16 
13  -9 
23  15 
18  -37 
37  -4 
13  -17 
58  36 
15  -4 
11  -13 
8  11 
-27  6 
38  -31 
13  -2 
-69  -14 
-1  19 
37  35 
10  31 
1  9 
12  50 
3  -49 
20  -6 
-1  2 
-44  57 
53  29 
26  -34 
19  17 
10  -3 
-13  19 
56  52 
-48  58 
2  2 
22  33 
-3  17 
25  10 
22  14 
-9  -12 
25  33 
7  -44 
-49  30 
-29  72 
6  62 
1  23 
58  -27 
33  0 
52  24 
-32  -12 
11  -15 
4  -18 
14  15 
-14  -32 
30  15 
74  12 
14  23 
1  20 
9  -11 
9  68 
-10  24 
4  0 
-12  30 
55  5 
-7  19 
13  8 
-28  14 
19  87 
19  -17 
17  6 
6  -16 
-11  -9 
11  33 
10  26 
81  13 
-40  33 
37  -9 
-15  44 
52  7 
-18  49 
23  -12 
38  39 
-7  -13 
43  24 
41  16 
63  29 
0  20 
-1  -22 
-48  6 
29  7 
-14  30 
36  70 
49  62 
-28  -21 
18  16 
5  70 
16  44 
-32  5 
27  20 
33  40 
-25  -16 
4  10 
-34  20 
34  15 
-5  -17 
11  -5 
22  20 
17  -39 
37  -6 
14  -17 
58  31 
14  -2 
12  -13 
4  13 
-23  6 
37  -32 
14  -3 
-71  -15 
1  17 
35  35 
6  30 
-2  8 
11  53 
4  -53 
19  -9 
-3  4 
-45  56 
58  29 
25  -37 
19  18 
10  -3 
-10  20 
56  52 
-48  58 
2  -2 
21  29 
0  15 
22  9 
23  16 
-9  -11 
30  31 
11  -43 
-47  30 
-28  72 
4  62 
-2  23 
62  -30 
33  -1 
53  23 
-37  -14 
11  -17 
0  -22 
18  13 
-17  -32 
31  14 
73  16 
15  19 
1  23 
9  -12 
7  72 
-7  26 
6  -2 
-13  30 
54  12 
-2  19 
11  11 
-27  13 
19  87 
19  -14 
13  9 
6  -17 
-14  -7 
11  32 
10  24 
82  14 
-43  33 
44  -15 
-13  42 
54  5 
-17  49 
23  -15 
40  40 
-7  -12 
42  21 
41  20 
66  24 
-1  22 
-1  -23 
-49  8 
26  6 
-12  31 
