0 0.052500000000000005 0.9791666666666666 
100 0.40249999999999997 0.9184405940594059 
200 0.35 0.9171227197346601 
300 0.4375 0.9125276854928017 
400 0.385 0.9121051537822111 
500 0.40249999999999997 0.9112109115103127 
600 0.3325000000000001 0.9091791458679978 
700 0.4025 0.9082382310984308 
800 0.35 0.9087754889721182 
900 0.33249999999999996 0.907949500554939 
1000 0.40249999999999997 0.9085081585081585 
1100 0.27999999999999997 0.9080532848925219 
1200 0.315 0.9086733277824035 
1300 0.24500000000000002 0.9096432231616705 
1400 0.35 0.9102099690697121 
1500 0.36750000000000005 0.9100821674439262 
1600 0.29750000000000004 0.9107406829065168 
1700 0.3325000000000001 0.9108171663727219 
1800 0.42000000000000004 0.9110332222839164 
1900 0.40249999999999997 0.9111454497632825 
2000 0.385 0.9111423454939197 
2100 0.3325000000000001 0.9105981278756148 
2200 0.385 0.9100730728456762 
2300 0.3325000000000001 0.9103161668839634 
2400 0.42 0.9104053866444537 
2500 0.24500000000000002 0.9105057976809277 
2600 0.42000000000000004 0.9108291682686146 
2700 0.35 0.9109712452178206 
2800 0.42000000000000004 0.9109246697607997 
2900 0.29750000000000004 0.9112820291853384 
3000 0.385 0.9113906475619238 
3100 0.3325000000000001 0.9109104589917231 
3200 0.4375 0.9112399770904925 
3300 0.4375 0.9110017166515197 
3400 0.4375 0.91102616877389 
3500 0.385 0.9109659145006189 
3600 0.4375 0.9109228917893177 
3700 0.42000000000000004 0.9108484193461227 
3800 0.3675 0.9109707971586425 
3900 0.4375 0.9108401691873879 
4000 0.3325000000000001 0.9109962092810131 
4100 0.35 0.9110095098756401 
4200 0.28 0.9111530984686186 
4300 0.35 0.911325854452453 
4400 0.35 0.911328864651973 
4500 0.385 0.9110642079537881 
4600 0.385 0.9110619068318482 
4700 0.315 0.9110313408494647 
4800 0.33249999999999996 0.9109734083177116 
4900 0.4375 0.911057267224376 
5000 0.4375 0.911000299940012 
5100 0.45500000000000007 0.9107993530680258 
5200 0.315 0.9107022687944626 
5300 0.3675 0.9106292837829341 
5400 0.31500000000000006 0.9105890884404123 
5500 0.3675 0.9108010664727625 
5600 0.33249999999999996 0.9107302267452241 
5700 0.28 0.9107868502601882 
5800 0.40249999999999997 0.910760357409642 
5900 0.3675 0.910690984578885 
6000 0.42000000000000004 0.910728073098928 
6100 0.3325000000000001 0.9106423810304322 
6200 0.385 0.9107301241735204 
6300 0.455 0.9107291170713643 
6400 0.40249999999999997 0.9107118679373014 
6500 0.3325000000000001 0.910762446803056 
6600 0.49 0.9106360147452406 
6700 0.47250000000000003 0.9105997861015769 
6800 0.28 0.9105511444395432 
6900 0.42000000000000004 0.910615611264068 
7000 0.35 0.9106086035328287 
7100 0.3325000000000001 0.9105970990001409 
7200 0.455 0.9107664444753043 
7300 0.49 0.9106897456969365 
7400 0.455 0.9104687429626627 
7500 0.35 0.9103808381104742 
7600 0.455 0.9102946980660439 
7700 0.40249999999999997 0.9102740986019132 
7800 0.4025 0.910371533564073 
7900 0.31500000000000006 0.9105645909800447 
8000 0.385 0.9104606715827188 
8100 0.40249999999999997 0.9105110480187631 
8200 0.42000000000000004 0.9105114213713775 
8300 0.42000000000000004 0.910520318837088 
8400 0.2625 0.9105359481014165 
8500 0.385 0.9106595302513429 
8600 0.3675 0.9107627988993527 
8700 0.40249999999999997 0.9107387081944605 
8800 0.455 0.9106323145097148 
8900 0.385 0.9105662285136501 
9000 0.35 0.910702514535422 
9100 0.3675 0.9107117349741787 
9200 0.36750000000000005 0.9107044524145926 
9300 0.4025 0.9106538723434756 
9400 0.4375 0.9106584405914264 
9500 0.315 0.9107848296670525 
9600 0.36749999999999994 0.9107527861681075 
9700 0.385 0.910848537951414 
9800 0.35 0.910951263476516 
9900 0.29750000000000004 0.9110094098239235 
10000 0.42000000000000004 0.9109830683598307 
10100 0.35 0.9109440484440484 
10200 0.40249999999999997 0.9109433715648793 
10300 0.385 0.9109629324013849 
10400 0.42000000000000004 0.9109725026439766 
10500 0.29750000000000004 0.9109445925784846 
10600 0.49000000000000005 0.9109486526428324 
10700 0.4025 0.9108167460984955 
10800 0.42000000000000004 0.9107270160170354 
10900 0.3675 0.9107272268599211 
11000 0.315 0.9108421961639851 
11100 0.385 0.9108980422184187 
11200 0.28 0.9110347290420499 
11300 0.5075000000000001 0.9110524879804147 
11400 0.385 0.911065184340555 
11500 0.42000000000000004 0.9110870793844014 
11600 0.455 0.9111172169065885 
11700 0.4375 0.9111158590433867 
11800 0.35 0.9110283733016976 
11900 0.2275 0.9111020082346022 
12000 0.36750000000000005 0.911141779851679 
12100 0.385 0.9111715973886456 
12200 0.385 0.9111848755566484 
12300 0.3675 0.9111478064114029 
12400 0.385 0.911213813402145 
12500 0.3325000000000001 0.911227768445191 
12600 0.35 0.9112534058143533 
12700 0.40249999999999997 0.9112940582106396 
12800 0.42000000000000004 0.9113184516834623 
12900 0.35 0.9113747642301631 
13000 0.40249999999999997 0.9113869445940056 
13100 0.40249999999999997 0.9113833549601812 
13200 0.35 0.9113861323637098 
13300 0.29750000000000004 0.9114377365110393 
13400 0.5425000000000001 0.9113682436634082 
13500 0.47250000000000003 0.9112797200207392 
13600 0.31500000000000006 0.9112050584515844 
13700 0.315 0.9111704133518235 
13800 0.35 0.9111993696108978 
13900 0.43750000000000006 0.9111877442869818 
14000 0.3675 0.9111837249720258 
14100 0.35 0.9111803536392218 
14200 0.4375 0.9111429946247916 
14300 0.35 0.9111653031256556 
14400 0.42000000000000004 0.9111398513992084 
14500 0.385 0.9110937751419442 
14600 0.4375 0.9110397689655959 
14700 0.315 0.911061038931592 
14800 0.42 0.9110445803211494 
14900 0.33249999999999996 0.9110462385074827 
15000 0.42 0.9110306535119881 
15100 0.385 0.9109973401320001 
15200 0.385 0.9110280573646471 
15300 0.455 0.9110959523342701 
15400 0.42000000000000004 0.9110815315022834 
15500 0.455 0.9110901447218459 
15600 0.455 0.9110975792150076 
15700 0.385 0.9110773199159289 
15800 0.35 0.911098981077147 
15900 0.455 0.911136616145735 
16000 0.35 0.9111151907172469 
16100 0.36750000000000005 0.911192627787094 
16200 0.35000000000000003 0.9112130424047898 
16300 0.3675 0.9112375518884323 
16400 0.315 0.9111664939129728 
16500 0.5425 0.9111069026119629 
16600 0.33249999999999996 0.9110949641587857 
16700 0.3675 0.9110716923138334 
16800 0.31500000000000006 0.9110593615459397 
16900 0.40249999999999997 0.9110422460209455 
17000 0.33249999999999996 0.9110427327804247 
17100 0.385 0.911041508293862 
17200 0.315 0.9110504718717904 
17300 0.385 0.911143864516502 
17400 0.29750000000000004 0.9111547707986131 
17500 0.385 0.9111807896691617 
17600 0.3325000000000001 0.9111799992424673 
17700 0.40249999999999997 0.9111811008794231 
17800 0.33249999999999996 0.9111742317847312 
17900 0.36749999999999994 0.9111669739120719 
18000 0.3675 0.9111702127659574 
18100 0.4375 0.9111943631106937 
18200 0.35 0.9111658242221123 
18300 0.42000000000000004 0.9111881409030472 
18400 0.4375 0.9111565494628915 
18500 0.3675 0.9111491721168226 
18600 0.385 0.9110928175904521 
18700 0.4375 0.9110085467800296 
18800 0.31500000000000006 0.9110486144354024 
18900 0.4375 0.9110677565560905 
19000 0.28 0.9110770485763907 
19100 0.29750000000000004 0.911141432385739 
19200 0.3325000000000001 0.9111880023609882 
19300 0.4025 0.9112062414728079 
19400 0.47250000000000003 0.9112051784272288 
19500 0.4375 0.9111960070423739 
19600 0.35 0.9112347584306923 
19700 0.36749999999999994 0.9112773463275976 
19800 0.455 0.9112734205343165 
19900 0.40249999999999997 0.9112663936485603 
20000 0.28 0.9113440161325267 
20100 0.42 0.911344584846525 
20200 0.315 0.9113591736382687 
20300 0.42 0.9113828547033808 
20400 0.3325000000000001 0.9114197833439537 
20500 0.3325000000000001 0.9114392793847454 
20600 0.42000000000000004 0.9114778004303998 
20700 0.49 0.9114477158913418 
20800 0.4375 0.9114377513901575 
20900 0.2275 0.9114244932459372 
21000 0.29750000000000004 0.9114952859387648 
21100 0.42000000000000004 0.9115263099695117 
21200 0.28 0.9114860934232663 
21300 0.36750000000000005 0.9115839631942162 
21400 0.47250000000000003 0.9115806504368955 
21500 0.24500000000000002 0.9115643846022665 
21600 0.2625 0.9115673657083777 
21700 0.4025 0.9116169761762131 
21800 0.385 0.9116189242083697 
21900 0.385 0.9116062051961098 
22000 0.3675 0.9115634895383543 
22100 0.42000000000000004 0.9115858256790794 
22200 0.385 0.9115822485473627 
22300 0.315 0.9115986951257791 
22400 0.45499999999999996 0.9115971385206018 
22500 0.315 0.911575041109284 
22600 0.455 0.911558485612731 
22700 0.31500000000000006 0.9115356518802402 
22800 0.28 0.9115541350525562 
22900 0.35 0.9115549903206556 
23000 0.31500000000000006 0.9115929742185123 
23100 0.29750000000000004 0.9116001471797758 
23200 0.33249999999999996 0.9115977400399408 
23300 0.47250000000000003 0.9115826573966782 
23400 0.4025 0.9115696622651454 
23500 0.3675 0.9116246826376183 
23600 0.35 0.911622388881827 
23700 0.40249999999999997 0.9116422654459024 
23800 0.29750000000000004 0.9116607495483383 
23900 0.385 0.9117179546183563 
24000 0.4375 0.9117043734288849 
24100 0.385 0.9116893489896685 
24200 0.315 0.9116877057421869 
24300 0.2625 0.9117201966997243 
24400 0.35 0.9117402975287898 
24500 0.35 0.9117760499571446 
24600 0.3325000000000001 0.9118218432855033 
24700 0.40249999999999997 0.9118080577034668 
24800 0.31500000000000006 0.9117893431716463 
24900 0.315 0.9118154558719195 
25000 0.385 0.9118775248990041 
25100 0.29750000000000004 0.9119010862781032 
25200 0.385 0.9119183431874397 
25300 0.4375 0.9119132313610793 
25400 0.36749999999999994 0.9119322730076244 
25500 0.49000000000000005 0.9119080297504673 
25600 0.35 0.9119380102339752 
25700 0.315 0.9119625695498229 
25800 0.31500000000000006 0.9120029262431689 
25900 0.4025 0.9120342843905641 
26000 0.35 0.9120426457956745 
26100 0.4375 0.9120475907691915 
26200 0.5075000000000001 0.9120548834013968 
26300 0.2625 0.9120855670887038 
26400 0.3325000000000001 0.9121048129490045 
26500 0.4375 0.9121509565676766 
26600 0.42000000000000004 0.9121317494329787 
26700 0.3325000000000001 0.9121822840592737 
26800 0.40249999999999997 0.9121758516473266 
26900 0.2625 0.9121494863883622 
27000 0.4025 0.9121609693468143 
27100 0.36750000000000005 0.9121771336851039 
27200 0.49 0.9121876646691911 
27300 0.40249999999999997 0.9121801093977021 
27400 0.42000000000000004 0.9121931377200345 
27500 0.42000000000000004 0.912199556379768 
27600 0.40249999999999997 0.912155507650689 
27700 0.29750000000000004 0.9121362947186022 
27800 0.385 0.9120971367936405 
27900 0.35 0.9120848416424739 
28000 0.29750000000000004 0.9120842410390105 
28100 0.245 0.9121023273193125 
28200 0.33249999999999996 0.9121220583194449 
28300 0.385 0.9121335524068643 
28400 0.33249999999999996 0.9121278006642959 
28500 0.42 0.9121292527747564 
28600 0.3675 0.912142057970001 
28700 0.3675 0.9121453375608283 
28800 0.2625 0.9121391907688391 
28900 0.42000000000000004 0.9121590371728775 
29000 0.45500000000000007 0.9121656724480764 
29100 0.49 0.9121758416091085 
29200 0.385 0.9121145965320823 
29300 0.4025 0.9120978521779689 
29400 0.42000000000000004 0.9121095654342822 
29500 0.4025 0.9121032620363152 
29600 0.385 0.912103898516942 
29700 0.385 0.9121077573145685 
29800 0.47250000000000003 0.912137176604812 
29900 0.35 0.9121408982977158 
30000 0.40249999999999997 0.9121636223237003 
30100 0.36750000000000005 0.9121419000476174 
30200 0.28 0.9121452932022118 
30300 0.40249999999999997 0.912173965655699 
30400 0.3675 0.9122045053342543 
30500 0.315 0.912201922341344 
30600 0.315 0.9122180103046741 
30700 0.29750000000000004 0.9122182502198626 
30800 0.36750000000000005 0.9122017142300575 
30900 0.3675 0.9121848807481958 
31000 0.29750000000000004 0.9121883165059191 
31100 0.28 0.9122193284245952 
31200 0.385 0.9122270386632907 
31300 0.3325000000000001 0.9122340340564199 
31400 0.385 0.9122257252953727 
31500 0.42000000000000004 0.9121748780461996 
31600 0.3675 0.9121914654599538 
31700 0.40249999999999997 0.9121787693343008 
31800 0.3675 0.9121775520685932 
31900 0.3325000000000001 0.9122078200265404 
32000 0.35 0.9122446694374134 
32100 0.35 0.9122393642981008 
32200 0.49 0.9122523368839477 
32300 0.35 0.9122457509055447 
32400 0.4375 0.9122500077158112 
32500 0.35 0.9122464180589315 
32600 0.35 0.912240549880883 
32700 0.35 0.9122348450098366 
32800 0.3675 0.9122152017723036 
32900 0.35 0.9121928918067334 
33000 0.3675 0.9121743785541853 
33100 0.47250000000000003 0.9121951250213991 
33200 0.4025 0.9121468479865065 
33300 0.3675 0.912163548642183 
33400 0.385 0.9121406045727174 
33500 0.3675 0.9121354586430256 
33600 0.43750000000000006 0.9121387756316777 
33700 0.35 0.912142567480688 
33800 0.35 0.9121368450637555 
33900 0.40249999999999997 0.9121509444165855 
34000 0.3675 0.9121557699283355 
34100 0.29750000000000004 0.9121711973255916 
34200 0.385 0.9121797120941882 
34300 0.3325000000000001 0.9121802814300847 
34400 0.35 0.9122031336298363 
34500 0.42 0.912196264842565 
34600 0.385 0.9121822105334143 
34700 0.33249999999999996 0.9121760419968685 
34800 0.31500000000000006 0.9121651197762516 
34900 0.3325000000000001 0.9121363523490253 
35000 0.28 0.9121731045779644 
35100 0.3675 0.912170949545597 
35200 0.3675 0.9121671496074922 
35300 0.45499999999999996 0.9121745842893969 
35400 0.4025 0.9121773867028239 
35500 0.33249999999999996 0.9121792343877637 
35600 0.4375 0.912211501549582 
35700 0.4375 0.9122188454104927 
35800 0.315 0.9122500069830451 
35900 0.29750000000000004 0.9122852891748605 
36000 0.42000000000000004 0.9122884318028203 
36100 0.385 0.9122788611580473 
36200 0.42000000000000004 0.9122846514368848 
36300 0.42000000000000004 0.9122642397362791 
36400 0.2625 0.9122604232484456 
36500 0.29750000000000004 0.9122474955024064 
36600 0.42000000000000004 0.9122464777829385 
36700 0.385 0.9122416055874953 
36800 0.5425 0.9122245319420668 
36900 0.40249999999999997 0.9122118415941755 
37000 0.43750000000000006 0.912196967649523 
37100 0.315 0.9122117103761803 
37200 0.315 0.9122349981631318 
37300 0.525 0.9122309053376585 
37400 0.31500000000000006 0.9122072270794899 
37500 0.4375 0.9122241184679519 
37600 0.3675 0.9122265143657526 
37700 0.24500000000000002 0.9122356391961309 
37800 0.3325000000000001 0.9122629030978017 
37900 0.28 0.9122836468694757 
38000 0.27999999999999997 0.9122810364639528 
38100 0.29750000000000004 0.9123022799051643 
38200 0.29750000000000004 0.9123199218170553 
38300 0.3675 0.9123277895268183 
38400 0.35 0.9123280209716761 
38500 0.385 0.9123508696743807 
38600 0.42000000000000004 0.9123952963222024 
38700 0.245 0.9124121469729465 
38800 0.28 0.9124516765031829 
38900 0.3325000000000001 0.9124629401129363 
39000 0.35 0.9124742527969368 
39100 0.455 0.9124466126186032 
39200 0.36750000000000005 0.9124330374225147 
39300 0.29750000000000004 0.9124192132515712 
39400 0.35 0.9124003832390041 
39500 0.33249999999999996 0.9124112891656752 
39600 0.42000000000000004 0.9123907855862226 
39700 0.42 0.912409427134497 
39800 0.35 0.912406200011725 
39900 0.385 0.9124092545717317 
40000 0.455 0.9123961484296226 
40100 0.33249999999999996 0.9123830037488675 
40200 0.455 0.9123693025878294 
40300 0.35 0.912376864097665 
40400 0.42000000000000004 0.9123691245266207 
40500 0.3325000000000001 0.9123599828810811 
40600 0.3675 0.912336005681305 
40700 0.35 0.9123151151077369 
40800 0.2275 0.9123154661241963 
40900 0.315 0.9123316055842156 
41000 0.42000000000000004 0.9123451257286408 
41100 0.35 0.9123396227180198 
41200 0.43750000000000006 0.9123520464713639 
41300 0.36749999999999994 0.9123397940324286 
41400 0.42 0.9123563843063373 
41500 0.42 0.9123570315574725 
41600 0.42 0.9123781078980473 
41700 0.35 0.9123638122187318 
41800 0.35 0.9123574595504095 
41900 0.4375 0.9123446735559215 
42000 0.28 0.9123502019793179 
42100 0.31500000000000006 0.9123746070956351 
42200 0.3325000000000001 0.9123941573264457 
42300 0.385 0.9124052425868576 
42400 0.29750000000000004 0.9124086106459753 
42500 0.27999999999999997 0.9124307859422915 
42600 0.42000000000000004 0.9124273295619039 
42700 0.3675 0.9124229135929681 
42800 0.315 0.9124440238935227 
42900 0.385 0.9124517299519048 
43000 0.3325000000000001 0.9124562994659039 
43100 0.3675 0.9124655847118783 
43200 0.35 0.9124728980039042 
43300 0.385 0.9124972094562867 
43400 0.24500000000000002 0.9124877114966629 
43500 0.315 0.9124734680428802 
43600 0.385 0.9124693240980711 
43700 0.40249999999999997 0.9124607179088198 
43800 0.28 0.9124486313097875 
43900 0.40249999999999997 0.9124648831082056 
44000 0.35 0.9124603228714498 
44100 0.3325000000000001 0.9124500200297802 
44200 0.3675 0.912472097162206 
44300 0.385 0.9124681158438861 
44400 0.3675 0.9124621817826926 
44500 0.42000000000000004 0.9124938203635873 
44600 0.4375 0.9124997197372257 
44700 0.2625 0.9125111854320932 
44800 0.29750000000000004 0.9125287381978081 
44900 0.33249999999999996 0.912552986941642 
45000 0.35 0.9125502766605187 
45100 0.40249999999999997 0.912542866750922 
45200 0.455 0.9125395455852746 
45300 0.35 0.9125572099217825 
45400 0.315 0.9125688310830158 
45500 0.35 0.9125810421748972 
45600 0.385 0.9125661535200251 
45700 0.35 0.9125789552380327 
45800 0.28 0.9126135346389816 
45900 0.4375 0.9126077500127086 
46000 0.3675 0.9125864111649746 
46100 0.385 0.9125850487697302 
46200 0.35 0.912582159116325 
46300 0.33249999999999996 0.9125799118809529 
46400 0.385 0.9125780335193926 
46500 0.40249999999999997 0.912595248847695 
46600 0.35 0.9125895009406093 
46700 0.4025 0.912575569402511 
46800 0.28 0.9125517261027186 
46900 0.31500000000000006 0.9125554359182106 
47000 0.315 0.9125484032254633 
47100 0.315 0.9125588274842006 
47200 0.3325000000000001 0.912560733176557 
47300 0.455 0.9125707349386553 
47400 0.56 0.9125599495088008 
47500 0.3675 0.9125587706925469 
47600 0.3325000000000001 0.9125533077036196 
47700 0.315 0.9125545935445099 
47800 0.315 0.9125475059796517 
47900 0.4025 0.9125274872480046 
48000 0.31500000000000006 0.9125388880787206 
48100 0.35 0.9125436581360055 
48200 0.42000000000000004 0.9125250686361971 
48300 0.40249999999999997 0.9124989648247448 
48400 0.3325000000000001 0.9125129129563438 
48500 0.35 0.9124975945513151 
48600 0.3675 0.9124912553239646 
48700 0.42 0.9124886210413201 
48800 0.35 0.9124801062819751 
48900 0.4375 0.9124787836649557 
49000 0.315 0.9124863098032013 
49100 0.3325000000000001 0.9124858285303082 
49200 0.49000000000000005 0.9124533376692886 
49300 0.35 0.9124326416637931 
49400 0.40249999999999997 0.9124407906722536 
49500 0.40249999999999997 0.912430641131829 
49600 0.4375 0.9124149042694032 
49700 0.385 0.912397973213148 
49800 0.3675 0.9124059590503537 
49900 0.3325000000000001 0.9124186723044962 
50000 0.28 0.9124312513749725 
50100 0.35 0.9124244027065328 
50200 0.385 0.9124253832924974 
50300 0.315 0.912446985812078 
50400 0.31500000000000006 0.912443949524811 
50500 0.3325000000000001 0.9124320145475667 
50600 0.3675 0.912418562215503 
50700 0.35 0.9124007251664991 
50800 0.3325000000000001 0.9124116651247023 
50900 0.4375 0.912412902824437 
51000 0.4025 0.9124125834133971 
51100 0.245 0.9124181359790742 
51200 0.35 0.9124266778643646 
51300 0.49000000000000005 0.9124144753513577 
51400 0.31500000000000006 0.9124036173096503 
51500 0.3325000000000001 0.9123978175181064 
51600 0.40249999999999997 0.9123943818918238 
51700 0.29750000000000004 0.9123916848803698 
51800 0.385 0.9123930200832674 
51900 0.385 0.9123801403954965 
52000 0.4025 0.9123802106369749 
52100 0.525 0.9123618068751079 
52200 0.35 0.9123526528865986 
52300 0.315 0.9123507836051573 
52400 0.40249999999999997 0.9123443095869672 
52500 0.315 0.9123537329447693 
52600 0.31500000000000006 0.9123746063129344 
52700 0.3675 0.9123836201716602 
52800 0.5425000000000001 0.9123842351470616 
52900 0.28 0.9123891797886619 
53000 0.35 0.9123840430683697 
53100 0.33249999999999996 0.9123804950314809 
53200 0.35 0.9124111858799646 
53300 0.35 0.912419716953403 
53400 0.3675 0.9124277479198267 
53500 0.42000000000000004 0.9124325557777736 
53600 0.35 0.9124375789008912 
53700 0.36749999999999994 0.9124381606798135 
53800 0.42000000000000004 0.9124509767476441 
53900 0.40249999999999997 0.9124570972709226 
54000 0.42000000000000004 0.9124405875199842 
54100 0.40249999999999997 0.9124396961239164 
54200 0.40249999999999997 0.9124414986193367 
54300 0.4375 0.9124348538700945 
54400 0.4025 0.9124451603218078 
54500 0.2275 0.9124618508528896 
54600 0.42000000000000004 0.9124742068216088 
54700 0.385 0.9124861367555742 
54800 0.36750000000000005 0.9124906479808763 
54900 0.455 0.9124815577129742 
55000 0.4375 0.9124671218099065 
55100 0.42000000000000004 0.912445781383278 
55200 0.455 0.9124434641884507 
55300 0.3325000000000001 0.9124283466845085 
55400 0.3675 0.9124073422260729 
55500 0.385 0.9124200464856489 
55600 0.385 0.9124124715982327 
55700 0.4025 0.9123996876178165 
55800 0.3325000000000001 0.9123841866633214 
55900 0.40249999999999997 0.9123714244825674 
56000 0.315 0.912381847347964 
56100 0.43750000000000006 0.9124052304474668 
56200 0.3325000000000001 0.912412293968672 
56300 0.29750000000000004 0.9124109696097761 
56400 0.455 0.9124125311016944 
56500 0.385 0.9124255912874698 
56600 0.49 0.912417625130298 
56700 0.36750000000000005 0.9124057923728565 
56800 0.36749999999999994 0.9124025838746971 
56900 0.42000000000000004 0.9123911852750098 
57000 0.385 0.9123657918282135 
57100 0.35 0.9123741995178135 
57200 0.42000000000000004 0.9123884780569105 
57300 0.4375 0.912390708713635 
57400 0.28 0.9124064331051143 
57500 0.24500000000000002 0.9124161608783615 
57600 0.455 0.9124165234399866 
57700 0.49000000000000005 0.9124093025539708 
57800 0.35 0.9124097478128983 
57900 0.385 0.9124206979729769 
58000 0.42000000000000004 0.9124344120503669 
58100 0.29750000000000004 0.9124383975031984 
58200 0.3675 0.9124546829092284 
58300 0.3675 0.9124577623025334 
58400 0.4025 0.912468108422801 
58500 0.42000000000000004 0.9124599009703538 
58600 0.45500000000000007 0.912464164434054 
58700 0.29750000000000004 0.9124733820548202 
58800 0.40249999999999997 0.912460388995652 
58900 0.40249999999999997 0.9124472278342756 
59000 0.40249999999999997 0.9124515544934266 
59100 0.4375 0.9124605900633379 
59200 0.3675 0.9124465802942517 
59300 0.35 0.9124475837956639 
59400 0.4375 0.9124293642643502 
59500 0.35 0.9124269620118429 
59600 0.35 0.9124191848011499 
59700 0.3675 0.9124183430763304 
59800 0.3675 0.9124338082417797 
59900 0.245 0.9124634118517777 
60000 0.455 0.9124662505624906 
60100 0.315 0.9124588886485527 
60200 0.315 0.9124775751233368 
60300 0.35 0.9124845911897537 
60400 0.4375 0.912491377074331 
60500 0.385 0.91249132245748 
60600 0.3325000000000001 0.912497318526097 
60700 0.3325000000000001 0.9125004118548294 
60800 0.31500000000000006 0.9124915708623214 
60900 0.42000000000000004 0.9124885743529115 
61000 0.35 0.9124971994994617 
61100 0.3325000000000001 0.912508387751428 
61200 0.35 0.9125022466953154 
61300 0.40249999999999997 0.9124921154086665 
61400 0.42 0.9124744168118869 
61500 0.315 0.9124735099158279 
61600 0.42000000000000004 0.9124726059641889 
61700 0.4375 0.9124731906019892 
61800 0.43750000000000006 0.9124574575384433 
61900 0.3675 0.9124522759459998 
62000 0.40249999999999997 0.9124520169029532 
62100 0.35 0.9124463239990768 
62200 0.3675 0.9124404484386639 
62300 0.3675 0.9124339898235984 
62400 0.2625 0.9124414405752045 
62500 0.315 0.9124456008703861 
62600 0.385 0.9124677853921397 
62700 0.385 0.9124706277943467 
62800 0.38499999999999995 0.9124743236572666 
62900 0.35 0.9124607186955163 
63000 0.3675 0.9124814156389052 
63100 0.40249999999999997 0.9124869917539605 
63200 0.3325000000000001 0.9124865508457145 
63300 0.40249999999999997 0.9124974987230323 
63400 0.28 0.912489353480229 
63500 0.3675 0.9124851708372047 
63600 0.35 0.9124943659166784 
63700 0.45499999999999996 0.9124816852692004 
63800 0.3675 0.9124729628062256 
63900 0.315 0.9124767218040406 
64000 0.42 0.9124784508575386 
64100 0.31500000000000006 0.9124959699016656 
64200 0.3325000000000001 0.9125014278074589 
64300 0.42000000000000004 0.9124943624515949 
64400 0.3675 0.9124820137368468 
64500 0.42000000000000004 0.9124910208110468 
64600 0.36750000000000005 0.9124954206075241 
64700 0.455 0.9124976816432513 
64800 0.49000000000000005 0.9124961420348452 
64900 0.3325000000000001 0.9124822165041114 
65000 0.35 0.9124791028855966 
65100 0.385 0.9124971838630231 
65200 0.385 0.9125138673742222 
65300 0.33249999999999996 0.9125408365364491 
65400 0.28 0.9125523692298283 
65500 0.31500000000000006 0.9125553426665242 
65600 0.47250000000000003 0.9125631342001901 
65700 0.3325000000000001 0.912550608057716 
65800 0.47250000000000003 0.9125415393889658 
65900 0.41999999999999993 0.9125506441480402 
66000 0.4375 0.9125495573299395 
66100 0.3325000000000001 0.9125566683307867 
66200 0.245 0.9125484005780375 
66300 0.3325000000000001 0.9125696319311423 
66400 0.3325000000000001 0.9125626873089261 
66500 0.31500000000000006 0.9125650366159908 
66600 0.385 0.9125609350209957 
66700 0.47250000000000003 0.9125721503425736 
66800 0.315 0.9125756600450093 
66900 0.29750000000000004 0.9125761074822001 
67000 0.35 0.9125761182668916 
67100 0.36750000000000005 0.9125692364246931 
67200 0.35 0.9125729775846589 
67300 0.29750000000000004 0.9125831463623622 
67400 0.36750000000000005 0.9126027432827406 
67500 0.42 0.9125969121445114 
67600 0.385 0.9125981247811916 
67700 0.3325000000000001 0.9125985952940134 
67800 0.42 0.9126159029119532 
67900 0.42000000000000004 0.912614136757927 
68000 0.385 0.9126237726896174 
68100 0.24500000000000002 0.9126163712720812 
68200 0.49000000000000005 0.9126246926975655 
68300 0.27999999999999997 0.9126199347984169 
68400 0.315 0.9126321252613266 
68500 0.315 0.9126209836352754 
68600 0.3675 0.9126158875235055 
68700 0.385 0.9126063788494102 
68800 0.4375 0.912610281827299 
68900 0.35 0.9125982690139959 
69000 0.3675 0.912599636237156 
69100 0.3675 0.912597321312282 
69200 0.3675 0.912593568012023 
69300 0.33249999999999996 0.9125957177145111 
69400 0.3675 0.9126033846774542 
69500 0.33249999999999996 0.9125916653477408 
69600 0.41999999999999993 0.9125868641734075 
69700 0.42000000000000004 0.9125775933391678 
69800 0.2625 0.9125710352764764 
69900 0.45499999999999996 0.9125619328288103 
70000 0.385 0.9125511897449085 
70100 0.31500000000000006 0.9125539103103617 
70200 0.3675 0.9125632113502656 
70300 0.42000000000000004 0.912555179395267 
70400 0.35 0.9125449212369142 
70500 0.35 0.9125313234327646 
70600 0.4375 0.9125128067118974 
70700 0.31500000000000006 0.9125104312527405 
70800 0.47250000000000003 0.9125014712598222 
70900 0.3675 0.9124895981720991 
71000 0.2625 0.9124981220921771 
71100 0.29750000000000004 0.9125043951561863 
71200 0.33249999999999996 0.9125063201359531 
71300 0.35 0.912501636255686 
71400 0.35 0.9124980742566631 
71500 0.35 0.9125018065015408 
71600 0.3325000000000001 0.9125090780855016 
71700 0.33249999999999996 0.9125084843075177 
71800 0.36750000000000005 0.9125008124306533 
71900 0.3675 0.9124928721436419 
72000 0.29750000000000004 0.9124971643912353 
72100 0.35 0.9124994798962567 
72200 0.36749999999999994 0.9125053669616764 
72300 0.3675 0.9125118716661365 
72400 0.33249999999999996 0.9125117401693347 
72500 0.315 0.9125149423226346 
72600 0.2625 0.9125172747850121 
72700 0.40249999999999997 0.9125116344112644 
72800 0.33249999999999996 0.912510817159105 
72900 0.3675 0.9125122311993892 
73000 0.35 0.9125105592160838 
73100 0.315 0.9125011399752854 
73200 0.36749999999999994 0.912520206918849 
73300 0.3675 0.9125299563898628 
73400 0.4025 0.9125312779571577 
73500 0.4375 0.9125141721427826 
73600 0.3325000000000001 0.9125050950394695 
73700 0.455 0.9124990389094675 
73800 0.3675 0.9124926039845892 
73900 0.40249999999999997 0.9124949820255026 
74000 0.31500000000000006 0.9125103602203574 
74100 0.29750000000000004 0.9125166439499242 
74200 0.4025 0.9125190361315885 
74300 0.4375 0.9125097015293648 
74400 0.3675 0.912508120410568 
74500 0.3675 0.9125103466172714 
74600 0.385 0.9125034628668963 
74700 0.3325000000000001 0.9125080320209904 
74800 0.4375 0.9125056260388675 
74900 0.385 0.9124949377622906 
75000 0.40249999999999997 0.9124985555748145 
75100 0.4025 0.9124936751840854 
75200 0.31500000000000006 0.9124962877266704 
75300 0.35 0.9124971226588403 
75400 0.385 0.9124994473990177 
75500 0.36750000000000005 0.9125055738776087 
75600 0.42000000000000004 0.9124964175958872 
75700 0.36749999999999994 0.9124919089576096 
75800 0.49 0.912487247309842 
75900 0.3675 0.9124771632345643 
76000 0.3675 0.9124708337171002 
76100 0.29750000000000004 0.9124739381436074 
76200 0.455 0.9124808620184337 
76300 0.4375 0.9124736788071803 
76400 0.315 0.912471913543889 
76500 0.43750000000000006 0.9124661224472012 
76600 0.42000000000000004 0.9124632837691414 
76700 0.28 0.9124589857585516 
76800 0.2625 0.9124861655447195 
76900 0.385 0.9124879715478342 
77000 0.35 0.9124956710518911 
77100 0.45500000000000007 0.9124879487079718 
77200 0.35 0.9124909867316053 
77300 0.43750000000000006 0.9124931005635977 
77400 0.38499999999999995 0.9124790054392062 
77500 0.3675 0.9124894625015592 
77600 0.35 0.9124761601010296 
77700 0.35 0.9124812850971459 
77800 0.4025 0.9124824338161892 
77900 0.40249999999999997 0.91247844486378 
78000 0.3325000000000001 0.9124753208292201 
78100 0.42000000000000004 0.9124913573449763 
78200 0.28 0.9125030370455621 
78300 0.3675 0.9125029799534276 
78400 0.31500000000000006 0.9125054739948045 
78500 0.35 0.9125046708534499 
78600 0.3675 0.9124923134989801 
78700 0.385 0.9124863936502289 
78800 0.35 0.9124830268651413 
78900 0.4375 0.9124830483770802 
79000 0.3325000000000001 0.9124792196723248 
79100 0.40249999999999997 0.9124804574741997 
79200 0.42000000000000004 0.9124799560611608 
79300 0.385 0.9124831864247194 
79400 0.525 0.9124753361628527 
79500 0.45499999999999996 0.912463889343111 
79600 0.35 0.9124581244791732 
79700 0.35 0.9124478258323818 
79800 0.385 0.9124407380024477 
79900 0.29750000000000004 0.9124359102722953 
80000 0.36749999999999994 0.9124381778561101 
80100 0.42000000000000004 0.9124298281752621 
80200 0.3675 0.9124287727085697 
80300 0.385 0.912435139869574 
80400 0.3675 0.9124314374199326 
80500 0.29750000000000004 0.9124435307221856 
80600 0.315 0.9124449965467757 
80700 0.315 0.912447697880654 
80800 0.385 0.9124537443843517 
80900 0.35 0.9124631236531893 
81000 0.2625 0.912468518907174 
81100 0.3325000000000001 0.9124811449098449 
81200 0.3325000000000001 0.9124947660743095 
81300 0.4375 0.91250409999057 
81400 0.315 0.9125108516275394 
81500 0.35 0.912512372036335 
81600 0.35 0.9125224159834643 
81700 0.4025 0.9125140757151076 
81800 0.3325000000000001 0.912514618810691 
81900 0.35 0.9125059523082746 
82000 0.40249999999999997 0.9125183432722365 
82100 0.35 0.9125188284348952 
82200 0.3325000000000001 0.91251328045482 
82300 0.315 0.9125192889515316 
82400 0.3325000000000001 0.9125239681557262 
82500 0.42000000000000004 0.9125329288937912 
82600 0.40249999999999997 0.912530820853662 
82700 0.385 0.9125261987964676 
82800 0.3325000000000001 0.9125306960866012 
82900 0.385 0.91252905071511 
83000 0.36750000000000005 0.9125278109099088 
83100 0.42 0.912524117238862 
83200 0.31500000000000006 0.9125282949323525 
83300 0.31500000000000006 0.9125289112175524 
83400 0.3675 0.9125275776069831 
83500 0.36750000000000005 0.9125314367492605 
83600 0.28 0.9125369812163331 
83700 0.385 0.91254181550997 
83800 0.45499999999999996 0.9125441024967881 
83900 0.315 0.9125336706356301 
84000 0.36750000000000005 0.9125251485101368 
84100 0.385 0.9125307665782809 
84200 0.35 0.9125355300610049 
84300 0.40249999999999997 0.9125398374080181 
84400 0.42000000000000004 0.9125336686374174 
84500 0.28 0.9125430961369293 
84600 0.2625 0.9125446212219713 
84700 0.35 0.9125516030900855 
84800 0.455 0.9125443685805592 
84900 0.3675 0.912537887264775 
85000 0.4025 0.912542548519037 
85100 0.28 0.9125469050500777 
85200 0.42000000000000004 0.9125446982234168 
85300 0.42 0.9125363907418045 
85400 0.3325000000000001 0.9125360553935746 
85500 0.385 0.9125240250601357 
85600 0.455 0.9125106112467534 
85700 0.49 0.9125149745432765 
85800 0.33249999999999996 0.9125219985781051 
85900 0.315 0.9125272115574906 
86000 0.385 0.9125282457955916 
86100 0.4375 0.9125183892560288 
86200 0.385 0.9125101990309471 
86300 0.385 0.9125026071540306 
86400 0.385 0.9125039544295398 
86500 0.3675 0.9124894509890059 
86600 0.24500000000000002 0.9124895593969277 
86700 0.4025 0.912493368011903 
86800 0.29750000000000004 0.9125034081788612 
86900 0.3675 0.912509205877953 
87000 0.3675 0.9125036398049065 
87100 0.3325000000000001 0.9124967470714075 
87200 0.455 0.9124981842715871 
87300 0.3675 0.9124839158008882 
87400 0.29750000000000004 0.9124827423789964 
87500 0.385 0.9124836668533312 
87600 0.2625 0.9124860637055132 
87700 0.3325000000000001 0.9124955340684067 
87800 0.3325000000000001 0.9124999050884006 
87900 0.385 0.9125045031721293 
88000 0.29750000000000004 0.9125110320716052 
88100 0.315 0.9125159381467483 
88200 0.385 0.9125136525285049 
88300 0.42000000000000004 0.9125092486683805 
88400 0.35 0.9125052789749739 
88500 0.35 0.912495009472586 
88600 0.29750000000000004 0.9125019281196977 
88700 0.35 0.9125012213315896 
88800 0.525 0.9124850320754646 
88900 0.42000000000000004 0.9124680356051488 
89000 0.33249999999999996 0.9124683055995626 
89100 0.35 0.9124679203001836 
89200 0.385 0.9124669286218764 
89300 0.4025 0.912463186302505 
89400 0.42000000000000004 0.9124646722818164 
89500 0.40249999999999997 0.9124610339549278 
89600 0.35 0.9124609379359605 
89700 0.49 0.9124654407420207 
89800 0.29750000000000004 0.9124653400296211 
89900 0.35 0.9124551821818816 
90000 0.31500000000000006 0.9124568986270523 
90100 0.385 0.9124508422030092 
90200 0.35 0.9124471088642772 
90300 0.42000000000000004 0.9124502589487751 
90400 0.4725 0.9124555222471727 
90500 0.2625 0.9124626615543843 
90600 0.3325000000000001 0.9124687733395143 
90700 0.3325000000000001 0.9124625141949924 
90800 0.29750000000000004 0.9124653546400003 
90900 0.315 0.9124630092078195 
91000 0.4375 0.9124631414306803 
91100 0.385 0.9124517934307343 
91200 0.3675 0.9124688874025504 
91300 0.4375 0.9124710663994188 
91400 0.385 0.9124745626415466 
91500 0.385 0.912471493936314 
91600 0.385 0.9124686593668919 
91700 0.4025 0.9124599695386819 
91800 0.31500000000000006 0.9124618286656282 
91900 0.315 0.9124801870128363 
92000 0.2625 0.912485507403905 
92100 0.385 0.9124798228756112 
92200 0.2625 0.9124858099875995 
92300 0.4375 0.9124905652882056 
92400 0.42000000000000004 0.9124840369692969 
92500 0.385 0.9124789641913781 
92600 0.42000000000000004 0.9124670629906805 
92700 0.3675 0.9124552773612654 
92800 0.47250000000000003 0.9124522724252253 
92900 0.29750000000000004 0.9124481975436217 
93000 0.3675 0.9124492388970727 
93100 0.42000000000000004 0.9124502780134836 
93200 0.3325000000000001 0.9124579761304421 
93300 0.47250000000000003 0.9124510544724422 
93400 0.42000000000000004 0.9124465119930907 
93500 0.385 0.9124496885951309 
93600 0.40249999999999997 0.9124533480767656 
93700 0.35 0.9124577112304031 
93800 0.315 0.9124567790677427 
93900 0.5075 0.912447284906444 
94000 0.315 0.9124450803714854 
94100 0.315 0.9124488581417838 
94200 0.4025 0.9124571837524725 
94300 0.29750000000000004 0.9124601453501731 
94400 0.4375 0.9124662786058058 
94500 0.33249999999999996 0.9124592596903737 
94600 0.4025 0.9124643238443568 
94700 0.455 0.9124578937920402 
94800 0.385 0.9124560482835976 
94900 0.35 0.9124581581507747 
95000 0.29750000000000004 0.9124625881131075 
95100 0.4375 0.9124603929857029 
95200 0.315 0.9124537819980882 
95300 0.45499999999999996 0.9124418946285978 
95400 0.35 0.9124322159446268 
95500 0.385 0.9124395730585718 
95600 0.3675 0.9124389825071565 
95700 0.3675 0.9124414844150008 
95800 0.315 0.9124456773241755 
95900 0.35 0.9124423885048123 
96000 0.315 0.9124464849324486 
96100 0.4375 0.9124487951911704 
96200 0.29750000000000004 0.9124582038301751 
96300 0.3675 0.9124544829925615 
96400 0.31500000000000006 0.9124522826526695 
96500 0.24500000000000002 0.9124609675892823 
96600 0.42000000000000004 0.9124677367038988 
96700 0.4375 0.9124635905178505 
96800 0.33249999999999996 0.9124664259666739 
96900 0.47250000000000003 0.9124647406459514 
97000 0.33249999999999996 0.9124608681010161 
97100 0.35 0.9124630539335331 
97200 0.35 0.9124616344824985 
97300 0.3325000000000001 0.9124684826808905 
97400 0.3675 0.9124689000455163 
97500 0.31500000000000006 0.912474145564319 
97600 0.42000000000000004 0.9124779715371769 
97700 0.35 0.9124794867333327 
97800 0.35 0.912474352682147 
97900 0.3675 0.9124806351995043 
98000 0.315 0.9124858844977772 
98100 0.4025 0.912486748351189 
98200 0.3675 0.9124938052226216 
98300 0.315 0.9124872415675663 
98400 0.42 0.9124852643773945 
98500 0.35 0.9124957276237466 
98600 0.385 0.9124832658897982 
98700 0.455 0.9124796523507023 
98800 0.3675 0.912475455714011 
98900 0.29750000000000004 0.9124852124852125 
99000 0.4025 0.9124890573495891 
99100 0.385 0.9124852843731815 
99200 0.5425000000000001 0.9124824850555942 
99300 0.3325000000000001 0.9124897617680923 
99400 0.31500000000000006 0.9124953890470585 
99500 0.40249999999999997 0.9124850922771296 
99600 0.3675 0.9124808820527237 
99700 0.5075 0.9124799818122854 
99800 0.40249999999999997 0.9124725704151261 
99900 0.40249999999999997 0.9124623794222947 
