0 0.0328125 0.984375 
100 0.3609375 0.9354888613861386 
200 0.4265625 0.929745802238806 
300 0.3609375 0.9225109011627907 
400 0.37734375 0.9220503428927681 
500 0.34453125 0.9198478043912176 
600 0.34453125 0.9175917741264559 
700 0.37734375 0.9177514265335235 
800 0.3609375 0.918227215980025 
900 0.3609375 0.9183892896781354 
1000 0.2296875 0.9200682130369631 
1100 0.31171875 0.9204097127611263 
1200 0.328125 0.9206097783097419 
1300 0.3609375 0.9205028583781706 
1400 0.31171875 0.9206454095289079 
1500 0.31171875000000004 0.9200741172551632 
1600 0.37734375 0.9196864264522173 
1700 0.328125 0.9198793907995297 
1800 0.24609375 0.9205280920322043 
1900 0.2625 0.92074483824303 
2000 0.34453125 0.9202156734132934 
2100 0.27890625 0.92006968407901 
2200 0.3609375 0.9202528680145389 
2300 0.39375000000000004 0.9201043703824424 
2400 0.37734375000000003 0.9200447079341941 
2500 0.3609375 0.920281887245102 
2600 0.34453124999999996 0.9200968377547097 
2700 0.36093749999999997 0.9200238337652721 
2800 0.2953125 0.9200606368261335 
2900 0.39375000000000004 0.9198175198207514 
3000 0.42656250000000007 0.9195216177940686 
3100 0.34453125 0.9195383041760722 
3200 0.27890625 0.9196503534051859 
3300 0.3609375 0.9197934811420782 
3400 0.39375000000000004 0.9197524625110262 
3500 0.328125 0.9197059768637532 
3600 0.328125 0.9196891922382672 
3700 0.37734375 0.9198516870440422 
3800 0.2953125 0.9198740874112076 
3900 0.459375 0.9199804537298129 
4000 0.2953125 0.919845234003999 
4100 0.31171875 0.9199585466959278 
4200 0.328125 0.9197140561771007 
4300 0.31171875000000004 0.9197579414671007 
4400 0.41015625 0.9195211315610089 
4500 0.34453125 0.9193651410797601 
4600 0.41015625 0.9193746943599218 
4700 0.44296875 0.9191520088810892 
4800 0.39375000000000004 0.918955686315351 
4900 0.31171875 0.9188175882472964 
5000 0.34453125 0.9184897395520896 
5100 0.328125 0.9185553384140365 
5200 0.44296875 0.9185140177369736 
5300 0.44296875 0.9183836186568572 
5400 0.37734375 0.9182508158211442 
5500 0.3609375 0.9183294798672968 
5600 0.22968750000000002 0.9182860761471165 
5700 0.39375000000000004 0.9181914357130329 
5800 0.3609375 0.9180414745302534 
5900 0.34453125 0.9181176919166243 
6000 0.37734375000000003 0.9181217192967839 
6100 0.31171875000000004 0.9180904001393214 
6200 0.34453125 0.9180890682954362 
6300 0.3609375 0.9180952180209491 
6400 0.42656250000000007 0.9179443397516013 
6500 0.328125 0.9179050578757114 
6600 0.328125 0.917814298969853 
6700 0.3609375 0.9177140072377257 
6800 0.328125 0.9176867372445229 
6900 0.3609375 0.917667050065208 
7000 0.2953125 0.9177874142979574 
7100 0.22968750000000002 0.9178999876777919 
7200 0.3609375 0.9178608005832524 
7300 0.29531250000000003 0.9178055660183536 
7400 0.34453125 0.9178515783340089 
7500 0.37734375000000003 0.9177885656912411 
7600 0.3609375 0.9177888805749244 
7700 0.328125 0.9177612891182964 
7800 0.34453125 0.9177088674528907 
7900 0.37734375000000003 0.9176889199152006 
8000 0.27890625 0.9177080404011998 
8100 0.328125 0.9176808804468584 
8200 0.37734375000000003 0.9176219935068894 
8300 0.36093749999999997 0.9175551138417058 
8400 0.3609375 0.9175112151827164 
8500 0.37734375000000003 0.9174210203211387 
8600 0.3609375 0.9173020397337519 
8700 0.3609375 0.9172351777094587 
8800 0.39375000000000004 0.9172852339222816 
8900 0.34453125 0.9172398115380295 
9000 0.37734375 0.9172227391400956 
9100 0.31171875 0.9172004621744864 
9200 0.37734375 0.9172593332246495 
9300 0.3609375 0.9172472214009246 
9400 0.39375000000000004 0.9173454785395171 
9500 0.2953125 0.9172907786022524 
9600 0.27890625 0.9172860411675867 
9700 0.27890625 0.9172914680187609 
9800 0.3609375 0.9172342107948168 
9900 0.328125 0.9172124343500656 
10000 0.4921875 0.9171020397960205 
10100 0.37734375 0.9170112334174834 
10200 0.328125 0.9170049198607979 
10300 0.31171875000000004 0.9170101052082322 
10400 0.34453125 0.917015190847034 
10500 0.3609375 0.9170633302780687 
10600 0.37734375 0.9170018600839543 
10700 0.2953125 0.9170068801981123 
10800 0.44296875 0.9169684085964263 
10900 0.3609375 0.9169714934409687 
11000 0.37734375 0.9169269413007909 
11100 0.328125 0.9168955077245293 
11200 0.34453125 0.9169200852602446 
11300 0.29531250000000003 0.9168965274090788 
11400 0.37734375 0.9169059320454346 
11500 0.47578125000000004 0.9168700004347448 
11600 0.47578125000000004 0.9167771097319196 
11700 0.2953125 0.9167332119049654 
11800 0.34453125 0.9168264342004915 
11900 0.3609375 0.9168097743887068 
12000 0.2953125 0.9168008785726189 
12100 0.41015625 0.9168098839971903 
12200 0.27890625 0.9167499077944431 
12300 0.34453125000000007 0.9166493069669133 
12400 0.3609375 0.9165906479316184 
12500 0.2953125 0.9165426140908727 
12600 0.3609375 0.916514872331561 
12700 0.37734375000000003 0.916517092650185 
12800 0.3609375 0.9165403337629873 
12900 0.27890625 0.9166001545422835 
13000 0.31171875000000004 0.9167257566725636 
13100 0.34453125 0.9168324459964888 
13200 0.34453125 0.916899347113855 
13300 0.2953125 0.9169758147883618 
13400 0.24609375 0.9171009859338856 
13500 0.31171875 0.9171600714761869 
13600 0.3609375 0.9171530930630101 
13700 0.31171875000000004 0.917143650554704 
13800 0.34453125 0.9171535916781393 
13900 0.44296875 0.9171633897741169 
14000 0.31171875000000004 0.9171549130419255 
14100 0.31171875 0.9172041765654918 
14200 0.41015625 0.9172164372227308 
14300 0.328125 0.9172869794944409 
14400 0.34453125 0.9173256197486286 
14500 0.39375000000000004 0.9172729466933315 
14600 0.34453125000000007 0.9172399899835628 
14700 0.18046875 0.9172250187062104 
14800 0.31171875000000004 0.9172770209783123 
14900 0.3609375 0.9172467976142541 
15000 0.34453125 0.917321136924205 
15100 0.2953125 0.9173096462982584 
15200 0.3609375 0.9173473887408723 
15300 0.27890625 0.9173540025978694 
15400 0.44296875 0.9173440442179079 
15500 0.3609375 0.9173410183213986 
15600 0.31171875000000004 0.9173440404461253 
15700 0.31171875000000004 0.9173609563085153 
15800 0.39375000000000004 0.9172911326814759 
15900 0.27890625 0.9172298027639771 
16000 0.2625 0.9172488242922318 
16100 0.31171875000000004 0.9172724617259798 
16200 0.34453124999999996 0.9172102127183507 
16300 0.27890625 0.9172191794215079 
16400 0.3609375 0.9172113647795866 
16500 0.328125 0.9172079059602448 
16600 0.3609375 0.917224489488585 
16700 0.27890625 0.9172502301508891 
16800 0.3609375 0.9173026345158026 
16900 0.2953125 0.9173063446689546 
17000 0.37734375000000003 0.9173116195370861 
17100 0.3609375 0.9173184316706625 
17200 0.24609375 0.9173537784867158 
17300 0.328125 0.9173848784029824 
17400 0.34453125 0.917368703666456 
17500 0.37734375000000003 0.9173654362607851 
17600 0.328125 0.9173475583773649 
17700 0.4265625 0.9173618810377945 
17800 0.37734375000000003 0.9173549765462614 
17900 0.27890625 0.9173405117032568 
18000 0.31171875000000004 0.9173459547386257 
18100 0.328125 0.9173914769902215 
18200 0.34453125 0.9174238366023845 
18300 0.37734375000000003 0.9174353518933391 
18400 0.2953125 0.9174212678658769 
18500 0.34453125 0.9173972015026215 
18600 0.37734375000000003 0.9174164443443901 
18700 0.37734375 0.9174640978423614 
18800 0.37734375 0.9174634577283123 
18900 0.34453124999999996 0.9174363707608063 
19000 0.31171875000000004 0.9174097744855534 
19100 0.37734375000000003 0.9173910233757395 
19200 0.27890625 0.9174371614759648 
19300 0.22968750000000002 0.9174419395368115 
19400 0.42656249999999996 0.9174531113086954 
19500 0.2625 0.9174663719168248 
19600 0.328125 0.9175036111040253 
19700 0.328125 0.9175202480204051 
19800 0.24609375 0.9175221185167416 
19900 0.29531250000000003 0.9175263256243404 
20000 0.34453125 0.9175711136318184 
20100 0.2953125 0.9175956342346152 
20200 0.27890625 0.9176293871590515 
20300 0.27890625 0.9176389478966553 
20400 0.3609375 0.9176612436277634 
20500 0.328125 0.9176555030852154 
20600 0.27890625 0.9176005184821125 
20700 0.3609375 0.917595504142312 
20800 0.29531250000000003 0.917591476972261 
20900 0.31171875000000004 0.9176330902229558 
21000 0.2953125 0.9176039980239036 
21100 0.328125 0.9176075778399128 
21200 0.37734375 0.917578327673223 
21300 0.37734375 0.9175201941810244 
21400 0.29531250000000003 0.9174768410354657 
21500 0.34453125 0.9174649580252081 
21600 0.44296875 0.9174671094509513 
21700 0.328125 0.9174118200198148 
21800 0.31171875000000004 0.9174674111852668 
21900 0.328125 0.9174905683530432 
22000 0.44296875 0.9174494199127312 
22100 0.34453125000000007 0.9174567185873942 
22200 0.4921875 0.9174335122854826 
22300 0.24609375 0.9174066605757589 
22400 0.34453125000000007 0.9174023690348645 
22500 0.27890625 0.9173758944046931 
22600 0.31171875000000004 0.9174054798460245 
22700 0.31171875 0.9174034871811815 
22800 0.37734375 0.9173965437371168 
22900 0.44296875 0.9173441184336929 
23000 0.3609375 0.917339531433416 
23100 0.2625 0.9173331241071815 
23200 0.22968750000000002 0.9173915927653981 
23300 0.328125 0.9173690909188447 
23400 0.34453125 0.9173748250608948 
23500 0.4265625 0.9173625590400408 
23600 0.37734375 0.9173517210605483 
23700 0.24609375 0.9173389967722881 
23800 0.39375000000000004 0.91736347081005 
23900 0.37734375000000003 0.9173857788377056 
24000 0.44296875 0.9173633064768134 
24100 0.2953125 0.917339723974109 
24200 0.3609375 0.9173387721581753 
24300 0.37734375000000003 0.9173291479774495 
24400 0.3609375 0.9173447361276177 
24500 0.37734375 0.917316990888127 
24600 0.41015625 0.9173004273200276 
24700 0.41015625 0.917328593731023 
24800 0.328125 0.9173507053647031 
24900 0.3609375 0.9173817379322116 
25000 0.328125 0.9174462708991641 
25100 0.2625 0.9174654707481774 
25200 0.2953125 0.9174794030990834 
25300 0.3609375 0.9174858145429035 
25400 0.3609375 0.9174715685406086 
25500 0.41015625 0.9174684632465393 
25600 0.44296875 0.9174667554490059 
25700 0.34453125 0.9174732683066806 
25800 0.34453125000000007 0.917496233188636 
25900 0.3609375 0.9174689502818424 
26000 0.4265625 0.9174907034825583 
26100 0.37734375 0.9174566168441822 
26200 0.42656250000000007 0.9174032598946605 
26300 0.2953125 0.9173800128797384 
26400 0.37734375000000003 0.9173877173213136 
26500 0.39375000000000004 0.9173486377872533 
26600 0.31171875000000004 0.9173841561407466 
26700 0.328125 0.9174031695910265 
26800 0.41015625 0.9174096523917018 
26900 0.29531250000000003 0.917407810118583 
27000 0.328125 0.9173894890467019 
27100 0.37734375 0.9174224717261356 
27200 0.328125 0.9174167252582626 
27300 0.3609375 0.9174446448848027 
27400 0.328125 0.917435295472793 
27500 0.34453125 0.9174405021635577 
27600 0.37734375000000003 0.9174281219430456 
27700 0.328125 0.9174289454803076 
27800 0.34453125 0.9174369289773749 
27900 0.41015625 0.9174178344862192 
28000 0.4265625 0.9173850654887326 
28100 0.328125 0.9173735198480482 
28200 0.34453125 0.9173760460621964 
28300 0.37734375 0.9173596449772092 
28400 0.4265625 0.9173639902644273 
28500 0.31171875 0.9173151271008034 
28600 0.3609375 0.9173131785164854 
28700 0.37734375 0.9173158709626842 
28800 0.41015625 0.9172873500486094 
28900 0.328125 0.9172825442891249 
29000 0.31171875000000004 0.9172806002379228 
29100 0.31171875000000004 0.9172942403182022 
29200 0.37734375000000003 0.9173254447621657 
29300 0.21328125 0.9173156419576124 
29400 0.3609375 0.9172907596680385 
29500 0.31171875000000004 0.9172639274939832 
29600 0.328125 0.917268156058917 
29700 0.41015625 0.9172830092000269 
29800 0.34453125000000007 0.9172800671537867 
29900 0.31171875000000004 0.9172652565967694 
30000 0.21328124999999998 0.9172978088230392 
30100 0.3609375 0.917351816592472 
30200 0.39375000000000004 0.9173720965365385 
30300 0.27890625 0.9173860547094155 
30400 0.37734375000000003 0.9173775636492221 
30500 0.3609375 0.9173704089620013 
30600 0.328125 0.9173890865494592 
30700 0.328125 0.9173965729943651 
30800 0.328125 0.917373573504107 
30900 0.34453125 0.917362731990874 
31000 0.3609375 0.9173406200606432 
31100 0.34453125 0.9173231718835407 
31200 0.31171875 0.9172686522467228 
31300 0.34453125 0.9172662714450017 
31400 0.22968750000000002 0.9172688817633197 
31500 0.2625 0.9172693674407162 
31600 0.37734375000000003 0.9172812223110028 
31700 0.37734375 0.9172587467666635 
31800 0.37734375000000003 0.9172490644948272 
31900 0.2953125 0.9172159326901979 
32000 0.37734375 0.9172148673088341 
32100 0.31171875000000004 0.9171824135151553 
32200 0.328125 0.9171990485543927 
32300 0.3609375 0.917191031237423 
32400 0.3609375 0.9171868007546063 
32500 0.27890625 0.9172000236531184 
32600 0.3609375 0.9172433600579737 
32700 0.34453125 0.9172317216981132 
32800 0.2625 0.917234683203256 
32900 0.31171875 0.917238339070241 
33000 0.328125 0.917265883041423 
33100 0.4265625 0.9172209204404701 
33200 0.34453125 0.9172232905258878 
33300 0.37734375 0.9172039456397706 
33400 0.328125 0.9172110303583725 
33500 0.39375000000000004 0.9171679343527059 
33600 0.31171875000000004 0.9171913596321538 
33700 0.2625 0.9172098936233346 
33800 0.34453125 0.9172391811632792 
33900 0.3609375 0.9172387982655379 
34000 0.3609375 0.9172638074983088 
34100 0.2953125 0.9172632400809361 
34200 0.41015625 0.91726119119324 
34300 0.3609375 0.9172465134033994 
34400 0.27890625 0.9172505432254876 
34500 0.3609375 0.9172427746659517 
34600 0.42656250000000007 0.9172195845134534 
34700 0.31171875000000004 0.9172172406775021 
34800 0.328125 0.9172252368825609 
34900 0.3609375 0.9172128171470731 
35000 0.34453125 0.917229597011514 
35100 0.34453125000000007 0.9171960912794507 
35200 0.49218750000000006 0.917148127894094 
35300 0.29531250000000003 0.917157534489108 
35400 0.5085937500000001 0.9171681017132285 
35500 0.2625 0.9171855414284105 
35600 0.26249999999999996 0.9172091373837814 
35700 0.3609375 0.917213015741856 
35800 0.3609375 0.9171973417292814 
35900 0.31171875000000004 0.9171803405545806 
36000 0.27890625 0.9171907768186994 
36100 0.22968750000000002 0.9172094869255699 
36200 0.24609375 0.9172078076227176 
36300 0.34453125000000007 0.9172380969188176 
36400 0.328125 0.9172573813219417 
36500 0.31171875000000004 0.9172662863688666 
36600 0.3609375000000001 0.9172724746250103 
36700 0.32812500000000006 0.9172995967412332 
36800 0.29531250000000003 0.9173165938085922 
36900 0.328125 0.9173271472995311 
37000 0.24609375 0.9173182185954434 
37100 0.37734375000000003 0.9173355544661869 
37200 0.31171875000000004 0.91734114170318 
37300 0.37734375 0.9173271158950163 
37400 0.34453125000000007 0.9173382312638699 
37500 0.3609375 0.9173141841217568 
37600 0.37734375 0.917303250744661 
37700 0.4265625 0.9173011823293812 
37800 0.36093749999999997 0.9172727738684162 
37900 0.41015625 0.917273064200153 
38000 0.41015625 0.917247963047025 
38100 0.31171875000000004 0.9172329384399359 
38200 0.328125 0.917235682639198 
38300 0.328125 0.9172457556591211 
38400 0.31171875000000004 0.9172312610674201 
38500 0.37734375 0.917208217806031 
38600 0.34453125 0.9172297187896686 
38700 0.3609375 0.9172427311309785 
38800 0.34453125 0.91727148221051 
38900 0.4265625 0.9172673501323874 
39000 0.328125 0.9172681469705904 
39100 0.39375000000000004 0.9172696390437585 
39200 0.31171875000000004 0.9172795934733807 
39300 0.29531250000000003 0.9172944669028777 
39400 0.27890625 0.9173119416385371 
39500 0.328125 0.9173151866408445 
39600 0.34453125 0.9173136805257442 
39700 0.3609375 0.9173182822850809 
39800 0.24609375 0.9173247256664405 
39900 0.2953125 0.9173300598669206 
40000 0.37734375 0.9173304847066324 
40100 0.34453125000000007 0.917328277349692 
40200 0.39375000000000004 0.917341822187259 
40300 0.3609375 0.9173531674152006 
40400 0.34453125 0.9173465693918468 
40500 0.27890625 0.9173391359163972 
40600 0.2953125 0.9173440540257629 
40700 0.22968750000000002 0.9173482761480062 
40800 0.2953125 0.9173721998235337 
40900 0.2953125 0.9173814897557517 
41000 0.3609375 0.9173793017243482 
41100 0.328125 0.9173593518101749 
41200 0.37734375000000003 0.9173513499368947 
41300 0.3609375 0.9173427247524273 
41400 0.3609375 0.9173347073440256 
41500 0.44296875 0.9173575071986217 
41600 0.34453125 0.9173599154767914 
41700 0.328125 0.9173536006330784 
41800 0.37734375 0.9173404007978277 
41900 0.328125 0.9173569097396244 
42000 0.34453125 0.917387476637461 
42100 0.328125 0.9173844037255647 
42200 0.34453125000000007 0.9173839371401151 
42300 0.37734375000000003 0.9173927071759533 
42400 0.27890625 0.9174116618711823 
42500 0.328125 0.917402862579704 
42600 0.3609375 0.9174018985763245 
42700 0.41015625 0.9173923400505843 
42800 0.29531250000000003 0.9173725132006262 
42900 0.31171875000000004 0.9173573314141862 
43000 0.39375000000000004 0.9173473073300621 
43100 0.37734375000000003 0.9173334326639753 
43200 0.328125 0.9173219731603435 
43300 0.29531250000000003 0.917315889067227 
43400 0.34453124999999996 0.9173418743231723 
43500 0.27890625 0.9173370296085147 
43600 0.328125 0.9173435851528635 
43700 0.2953125 0.917341976585204 
43800 0.3609375 0.9173486692655419 
43900 0.328125 0.9173453658515751 
44000 0.39375 0.9173499785516238 
44100 0.24609375 0.9173626306659713 
44200 0.34453125000000007 0.9173793791430058 
44300 0.39375 0.9173509063000835 
44400 0.2953125 0.9173482508839891 
44500 0.31171875 0.9173346350362913 
44600 0.31171875000000004 0.9173385090861191 
44700 0.31171875000000004 0.9173476089740722 
44800 0.29531250000000003 0.9173299877513895 
44900 0.3609375 0.9173517676388053 
45000 0.3609375 0.917349058909802 
45100 0.41015625 0.917333370518392 
45200 0.4265625 0.917313257726599 
45300 0.39375000000000004 0.9173029775832763 
45400 0.42656250000000007 0.9172997979119403 
45500 0.328125 0.9172950869211666 
45600 0.34453125 0.917266068726563 
45700 0.4265625 0.9172752134800114 
45800 0.34453125 0.9172876445110368 
45900 0.3609375 0.9173074252194942 
46000 0.328125 0.9173013052705375 
46100 0.27890625 0.9173031767206785 
46200 0.39375000000000004 0.9172931186554404 
46300 0.34453124999999996 0.9172811636087773 
46400 0.31171875 0.917291400643305 
46500 0.37734375 0.9172908411915873 
46600 0.3609375 0.917278632701015 
46700 0.2625 0.9172634653165885 
46800 0.41015625 0.9172606321179034 
46900 0.34453125 0.9172496488614316 
47000 0.31171875000000004 0.9172465246750069 
47100 0.328125 0.9172575953801405 
47200 0.328125 0.9172574468761255 
47300 0.37734375000000003 0.91725465634976 
47400 0.3609375 0.9172463562213877 
47500 0.34453125 0.917243025146839 
47600 0.2625 0.9172520994832042 
47700 0.328125 0.9172774319458712 
47800 0.27890625 0.917280430848727 
47900 0.29531250000000003 0.9172768933581762 
48000 0.328125 0.9172857401408304 
48100 0.328125 0.9172960931165672 
48200 0.3609375 0.9172822529615569 
48300 0.39375000000000004 0.9172531042317964 
48400 0.3609375 0.9172405399681824 
48500 0.34453125 0.9172397057534896 
48600 0.39375000000000004 0.9172237646859118 
48700 0.3609375 0.9172171130982937 
48800 0.29531250000000003 0.9172109690375198 
48900 0.37734375000000003 0.917204131178299 
49000 0.4265625 0.9171915815493561 
49100 0.27890625 0.9171965852273885 
49200 0.27890625 0.9172030770461983 
49300 0.39375000000000004 0.9172032039157421 
49400 0.27890625 0.9172314009331795 
49500 0.31171875000000004 0.917244411729056 
49600 0.2625 0.9172619377633515 
49700 0.39375000000000004 0.9172621809671837 
49800 0.3609375 0.9172548147878556 
49900 0.34453125 0.9172556975311116 
50000 0.39375000000000004 0.917254779904402 
50100 0.31171875000000004 0.9172444318726173 
50200 0.37734375000000003 0.9172560681062131 
50300 0.2953125 0.9172719292359993 
50400 0.3609375 0.917290517549255 
50500 0.19687500000000002 0.9172849764113582 
50600 0.3609375 0.9173046234264145 
50700 0.22968750000000002 0.917315949143015 
50800 0.41015625 0.9173117747436074 
50900 0.39375000000000004 0.9173043935777293 
51000 0.328125 0.9173063855365581 
51100 0.3609375 0.9172946866255064 
51200 0.4265625 0.9172807446387766 
51300 0.39375000000000004 0.9172555115884681 
51400 0.328125 0.9172605469737943 
51500 0.31171875000000004 0.9172475868187026 
51600 0.328125 0.9172673040493401 
51700 0.29531250000000003 0.9172791628788611 
51800 0.31171875000000004 0.9172817006428448 
51900 0.328125 0.9172870886399106 
52000 0.41015625000000006 0.9172944841204976 
52100 0.31171875 0.9172881308660102 
52200 0.39375000000000004 0.9172791828700599 
52300 0.3609375 0.9172571240272652 
52400 0.328125 0.9172479711742142 
52500 0.39375000000000004 0.9172494928668026 
52600 0.2953125 0.9172517513925591 
52700 0.37734375 0.9172315426889432 
52800 0.2953125 0.9172271684011667 
52900 0.3609375 0.9172152788935937 
53000 0.27890625 0.9172102147836834 
53100 0.34453125 0.9172104662576976 
53200 0.328125 0.9172057973534332 
53300 0.41015625 0.9171987275098028 
53400 0.34453125 0.9171999500243441 
53500 0.37734375 0.9171714518186576 
53600 0.39375000000000004 0.9171515864909237 
53700 0.2953125 0.9171555813671999 
53800 0.29531250000000003 0.9171629738527165 
53900 0.328125 0.9171573666304892 
54000 0.27890625 0.9171706600340734 
54100 0.328125 0.9171865758026654 
54200 0.39375000000000004 0.9172004869605727 
54300 0.3609375 0.9171826226726948 
54400 0.2625 0.917200223801033 
54500 0.41015625 0.917200415474028 
54600 0.41015625 0.9172026811551071 
54700 0.328125 0.9171896566104825 
54800 0.39375000000000004 0.9171786754575646 
54900 0.39375000000000004 0.9171858066109907 
55000 0.39375000000000004 0.9171733809385284 
55100 0.39375000000000004 0.9171580937732527 
55200 0.29531250000000003 0.9171778194688502 
55300 0.29531250000000003 0.9171639922876621 
55400 0.27890625 0.91717764289002 
55500 0.3609375 0.9171928630790436 
55600 0.31171875000000004 0.9171900432321362 
55700 0.31171875000000004 0.9171973320721352 
55800 0.3609375 0.9171885640490314 
55900 0.27890625 0.9172004414053416 
56000 0.27890625 0.9172123460964983 
56100 0.42656249999999996 0.9172178024901517 
56200 0.29531250000000003 0.9172136477776196 
56300 0.3609375 0.9172061775101685 
56400 0.31171875000000004 0.9171938163773692 
56500 0.31171875000000004 0.9172059039884249 
56600 0.3609375 0.9172013165624282 
56700 0.29531250000000003 0.9171978475908714 
56800 0.34453125 0.9171950097709547 
56900 0.27890625 0.9171970560710708 
57000 0.27890625 0.9172132122682058 
57100 0.31171875000000004 0.9172358791877551 
57200 0.2625 0.9172433064981381 
57300 0.34453125 0.9172523439817805 
57400 0.2953125 0.917281425301824 
57500 0.31171875000000004 0.9172780011434584 
57600 0.31171875000000004 0.9172853715647298 
57700 0.328125 0.9172744379430166 
57800 0.2625 0.917284897752634 
57900 0.34453125 0.9172965357895373 
58000 0.41015625 0.917296886583852 
58100 0.39375000000000004 0.9172827140453693 
58200 0.27890625 0.9172881882398928 
58300 0.37734375 0.917286340500163 
58400 0.47578125000000004 0.9172768740047259 
58500 0.27890625 0.917276253824721 
58600 0.3609375 0.9172899673213768 
58700 0.27890625 0.9172981774160577 
58800 0.34453125 0.9173108769408683 
58900 0.328125 0.917318227831446 
59000 0.3609375 0.9173175428170709 
59100 0.31171875 0.9173216189235377 
59200 0.37734375 0.9173118908464384 
59300 0.328125 0.9173070042031332 
59400 0.2953125 0.9173218622161243 
59500 0.328125 0.9173207172988689 
59600 0.2953125 0.9173429740063086 
59700 0.4265625 0.9173424518642904 
59800 0.27890625 0.9173383388237655 
59900 0.3609375 0.9173318266806898 
60000 0.3609375 0.9173186957300712 
60100 0.34453125 0.9173302414893263 
60200 0.31171875000000004 0.9173193629466287 
60300 0.328125 0.9173206989726539 
60400 0.4265625 0.9173161454280558 
60500 0.3609375 0.9173006308780021 
60600 0.3609375 0.9172799463911486 
60700 0.328125 0.9172957534678177 
60800 0.328125 0.917307782252759 
60900 0.34453125 0.9173188735611895 
61000 0.3609375 0.917309244930411 
61100 0.2625 0.9173116029197558 
61200 0.31171875000000004 0.917327229130243 
61300 0.328125 0.9173326087665781 
61400 0.3609375 0.9173226387803131 
61500 0.37734375 0.9173176554039771 
61600 0.29531250000000003 0.9173242926251197 
61700 0.4265625 0.9173339471807588 
61800 0.34453125 0.9173582977014935 
61900 0.34453124999999996 0.9173570121040048 
62000 0.3609375 0.9173607078918082 
62100 0.31171875000000004 0.917355962967585 
62200 0.37734375 0.9173573877429624 
62300 0.29531250000000003 0.9173630715197187 
62400 0.328125 0.9173584708177753 
62500 0.34453124999999996 0.9173510098838419 
62600 0.37734375 0.917343822383029 
62700 0.2625 0.9173472487480263 
62800 0.328125 0.91733698010382 
62900 0.2625 0.9173356867339152 
63000 0.37734375000000003 0.9173264610879193 
63100 0.39375000000000004 0.917322278965468 
63200 0.31171875000000004 0.9173270720597775 
63300 0.34453125 0.9173198167288037 
63400 0.27890625 0.9173225037854292 
63500 0.27890625 0.9173347786845877 
63600 0.31171875000000004 0.9173331959206616 
63700 0.41015625 0.9173294105469302 
63800 0.328125 0.9173184124269212 
63900 0.39375000000000004 0.9173111776419774 
64000 0.41015625 0.9173119609459227 
64100 0.36093749999999997 0.9173146309144943 
64200 0.34453125 0.9173084701756982 
64300 0.44296875 0.9173128990023484 
64400 0.34453125 0.917310217426748 
64500 0.328125 0.9173147509340941 
64600 0.3609375 0.9173087490905714 
64700 0.34453125 0.9173050600068006 
64800 0.328125 0.9173083145900526 
64900 0.37734375000000003 0.917308971067472 
65000 0.29531250000000003 0.917307462096737 
65100 0.31171875000000004 0.9173167582871231 
65200 0.21328124999999998 0.9173298003481541 
65300 0.3609375 0.9173372392842376 
65400 0.24609375 0.9173386827036284 
65500 0.41015625 0.9173282540533733 
65600 0.39375000000000004 0.9173003507949574 
65700 0.31171875 0.9172916769721922 
65800 0.21328124999999998 0.9172984049444537 
65900 0.34453125000000007 0.9172945616341178 
66000 0.3609375 0.9172858176391266 
66100 0.27890625 0.9172908101806326 
66200 0.34453125 0.9172895920190027 
66300 0.37734375000000003 0.9172883775320131 
66400 0.44296874999999997 0.9172828134177197 
66500 0.2953125 0.9172969438429497 
66600 0.27890625 0.917305811849672 
66700 0.34453125 0.917314887520427 
66800 0.2953125 0.9173270352427358 
66900 0.2953125 0.9173303883723711 
67000 0.2953125 0.9173446338487485 
67100 0.37734375000000003 0.9173446907460395 
67200 0.328125 0.917347421355337 
67300 0.41015625 0.9173298293301734 
67400 0.39375 0.9173185486862213 
67500 0.27890625 0.9173221739307565 
67600 0.3609375 0.9173146361555302 
67700 0.31171875000000004 0.9173086208106231 
67800 0.31171875 0.9173038907058892 
67900 0.34453125 0.9173041219937851 
68000 0.41015625 0.9172975167644594 
68100 0.27890625 0.9173042957335428 
68200 0.3609375 0.9173046399612909 
68300 0.2953125 0.91729211504956 
68400 0.42656249999999996 0.9172923047543164 
68500 0.34453125 0.9172817732587846 
68600 0.31171875000000004 0.9172644394761009 
68700 0.37734375 0.9172670567022314 
68800 0.2953125 0.9172685875750353 
68900 0.37734375 0.9172699439231651 
69000 0.34453125 0.917272315346879 
69100 0.3609375 0.91727366237464 
69200 0.31171875000000004 0.9172838113791708 
69300 0.196875 0.9173070644723741 
69400 0.2953125 0.9173116201495656 
69500 0.44296875 0.9173052590969915 
69600 0.4265625 0.9172866252819644 
69700 0.31171875000000004 0.9172752184330211 
69800 0.2953125 0.9172811926942307 
69900 0.2953125 0.9172986616786598 
70000 0.29531250000000003 0.9173026322838245 
70100 0.328125 0.9173196307827278 
70200 0.3609375 0.9173167160190026 
70300 0.39375000000000004 0.9173110868799875 
70400 0.41015625 0.9173043640182668 
70500 0.29531250000000003 0.9173137282627197 
70600 0.3609375 0.917321018824096 
70700 0.4265625 0.9173174597070762 
70800 0.2625 0.9173012762001949 
70900 0.2953125 0.9173041459217782 
71000 0.328125 0.9173139396804271 
71100 0.2625 0.917307553691228 
71200 0.2296875 0.9173059037969973 
71300 0.31171875000000004 0.9173189410036325 
71400 0.4265625 0.9173135595965043 
71500 0.34453125000000007 0.9173046967874575 
71600 0.4265625 0.9172965679599447 
71700 0.328125 0.9172945635346788 
71800 0.31171875000000004 0.917313346958956 
71900 0.39375000000000004 0.9173144214788389 
72000 0.34453125 0.9173103390057082 
72100 0.3609375 0.9173025296112398 
72200 0.2625 0.9173023702926553 
72300 0.31171875 0.9173149619299872 
72400 0.3609375 0.9173202890844049 
72500 0.39375 0.9173201059295734 
72600 0.328125 0.9173196542575172 
72700 0.39375 0.9173030309933838 
72800 0.31171875000000004 0.9173131743554347 
72900 0.328125 0.9173317024114895 
73000 0.39375 0.9173245486363201 
73100 0.31171875000000004 0.9173250023939481 
73200 0.39375000000000004 0.9173369280303548 
73300 0.42656250000000007 0.917327558201798 
73400 0.34453125000000007 0.9173145950838545 
73500 0.31171875000000004 0.9173262736221276 
73600 0.3609375 0.9173184955876958 
73700 0.29531250000000003 0.9173237769840301 
73800 0.37734375 0.917310254095473 
73900 0.34453125 0.9173119380150472 
74000 0.31171875 0.917312931159714 
74100 0.3609375 0.9173088609634148 
74200 0.27890625 0.9173012219343405 
74300 0.29531250000000003 0.9172958641202675 
74400 0.31171875 0.9173050114413784 
74500 0.29531250000000003 0.9173105163856861 
74600 0.27890625 0.9173042775063337 
74700 0.3609375 0.9172969572027149 
74800 0.3609375 0.9172984819721661 
74900 0.29531250000000003 0.9173080862571928 
75000 0.24609375 0.9173239148478021 
75100 0.2953125 0.9173395452457357 
75200 0.42656250000000007 0.9173472905114294 
75300 0.4265625 0.9173449514282679 
75400 0.21328124999999998 0.9173534978813278 
75500 0.3609375 0.9173586070052052 
75600 0.328125 0.9173613258257166 
75700 0.42656250000000007 0.9173589289606479 
75800 0.39375000000000004 0.9173660720175195 
75900 0.3609375 0.9173578081975204 
76000 0.31171875000000004 0.9173611819252379 
76100 0.328125 0.9173545374732264 
76200 0.328125 0.917350729895277 
76300 0.27890625 0.9173565570077719 
76400 0.2625 0.9173828201692387 
76500 0.2625 0.9173847094319029 
76600 0.27890625 0.9173925091545803 
76700 0.31171875000000004 0.9173979458383854 
76800 0.3609375 0.9173956373452169 
76900 0.37734375000000003 0.9173818042028062 
77000 0.27890625 0.9173719639192998 
77100 0.41015625 0.917363517091218 
77200 0.34453125 0.9173465410098315 
77300 0.34453125000000007 0.9173522981591441 
77400 0.31171875000000004 0.9173459786533765 
77500 0.34453125 0.9173506128146733 
77600 0.3609375 0.9173407881341735 
77700 0.328125 0.9173361165718588 
77800 0.3609375 0.9173358251339957 
77900 0.2625 0.9173488225439982 
78000 0.39375000000000004 0.9173542747048115 
78100 0.3609375 0.9173528607988374 
78200 0.41015625000000006 0.9173418098873416 
78300 0.31171875 0.9173415130394248 
78400 0.328125 0.9173388253976352 
78500 0.328125 0.9173386823893963 
78600 0.328125 0.9173423167326116 
78700 0.3609375 0.9173480264704388 
78800 0.2953125 0.9173523832978008 
78900 0.2953125 0.9173518772734186 
79000 0.3609375 0.9173571082169846 
79100 0.3609375 0.9173554616882214 
79200 0.27890625 0.917365656289062 
79300 0.4265625 0.9173643972018007 
79400 0.31171875000000004 0.9173533019892697 
79500 0.34453125 0.917355206223821 
79600 0.36093749999999997 0.9173545048114974 
79700 0.39375000000000004 0.9173471396218366 
79800 0.34453124999999996 0.9173458137272716 
79900 0.34453125 0.9173364734171037 
80000 0.31171875000000004 0.9173345294121323 
80100 0.27890625 0.9173436115029775 
80200 0.31171875000000004 0.9173463879035174 
80300 0.44296875 0.9173369961146187 
80400 0.37734375 0.9173308342713399 
80500 0.41015625 0.9173145946944758 
80600 0.41015625 0.9172991708384511 
80700 0.41015625 0.9172878027378842 
80800 0.328125 0.917288548795807 
80900 0.31171875 0.917294507716221 
81000 0.37734375000000003 0.9173007412717127 
81100 0.29531250000000003 0.9173038768788301 
81200 0.3609375 0.917313643381855 
81300 0.328125 0.917311037840863 
81400 0.3609375 0.917303160050245 
81500 0.41015625 0.9172949181605133 
81600 0.328125 0.9172941642106102 
81700 0.4265625 0.9173034047165886 
81800 0.29531250000000003 0.9173059371982005 
81900 0.27890625 0.9173159515756828 
82000 0.31171875000000004 0.9173331346568945 
82100 0.37734375 0.9173370490310715 
82200 0.328125 0.917337769993674 
82300 0.31171875 0.9173398181674585 
82400 0.328125 0.9173468389339935 
82500 0.26249999999999996 0.9173524222433668 
82600 0.34453125 0.9173619644435297 
82700 0.328125 0.9173637845219526 
82800 0.39375000000000004 0.9173715444257919 
82900 0.24609375 0.9173645372190926 
83000 0.37734375000000003 0.9173660181805039 
83100 0.328125 0.9173629359905416 
83200 0.24609375 0.9173569503371354 
83300 0.3609375 0.9173519169187645 
83400 0.34453125 0.9173448815811561 
83500 0.328125 0.9173513827678711 
83600 0.328125 0.9173615129454193 
83700 0.27890625 0.9173677920514689 
83800 0.34453125 0.9173727509964081 
83900 0.24609375 0.9173717852737154 
84000 0.29531250000000003 0.9173855166158736 
84100 0.31171875000000004 0.917383469726876 
84200 0.2625 0.9173932112593675 
84300 0.4265625 0.9173912064358667 
84400 0.34453125 0.9173856426464141 
84500 0.2953125 0.9174008480668868 
84600 0.3609375 0.9173920077776858 
84700 0.2625 0.9173996064096056 
84800 0.34453125000000007 0.9174092139243641 
84900 0.328125 0.9174172804943405 
85000 0.31171875000000004 0.9174137013829249 
85100 0.3609375 0.9174148585210514 
85200 0.328125 0.9174245864191735 
85300 0.328125 0.9174393746116692 
85400 0.31171875000000004 0.9174447057118769 
85500 0.31171875000000004 0.9174359071823721 
85600 0.3609375 0.9174404084794571 
85700 0.39375000000000004 0.9174405691736386 
85800 0.31171875000000004 0.9174361312805213 
85900 0.39375000000000004 0.9174214721016053 
86000 0.34453125000000007 0.917403531281613 
86100 0.3609375 0.9174053673157107 
86200 0.3609375 0.9174031660015545 
86300 0.328125 0.9173993855807001 
86400 0.34453125 0.9173888775158853 
86500 0.3609375 0.9173881931278252 
86600 0.27890625 0.9173980200863732 
86700 0.32812499999999994 0.9174004354765227 
86800 0.24609375000000003 0.9174057254524718 
86900 0.41015625 0.917412891177892 
87000 0.31171875000000004 0.9174019910690682 
87100 0.2953125 0.9174065434811312 
87200 0.34453125 0.9174033805518286 
87300 0.42656250000000007 0.9173988377853632 
87400 0.34453125 0.9174043167412272 
87500 0.39375000000000004 0.9174052742968651 
87600 0.39375 0.9173969546580518 
87700 0.2625 0.917393286208253 
87800 0.41015625 0.9173957212190066 
87900 0.2296875 0.917402016899694 
88000 0.34453125 0.917414956577198 
88100 0.328125 0.9174222359138943 
88200 0.36093749999999997 0.9174298087606716 
88300 0.39375 0.9174251105593368 
88400 0.2953125 0.9174274488552165 
88500 0.2953125 0.9174281487638558 
88600 0.2953125 0.9174287589163779 
88700 0.41015625 0.9174238628933158 
88800 0.31171875000000004 0.9174283475129784 
88900 0.31171875000000004 0.9174248690256578 
89000 0.44296875 0.9174203888860799 
89100 0.31171875 0.9174110086446842 
89200 0.39375000000000004 0.9174009487701932 
89300 0.39375 0.9174085834005218 
89400 0.27890625 0.9174080739449223 
89500 0.22968750000000002 0.9174159890671613 
89600 0.21328124999999998 0.9174197013007668 
89700 0.328125 0.9174176134463384 
89800 0.4265625 0.9174145297658155 
89900 0.3609375 0.9174164497614042 
90000 0.459375 0.9174171936284041 
90100 0.328125 0.9174255228160619 
90200 0.3609375 0.9174283336659239 
90300 0.37734375 0.9174208428616516 
90400 0.31171875 0.917420887213637 
90500 0.41015625 0.9174249887432183 
90600 0.34453125 0.9174217085766162 
90700 0.34453125 0.9174360501813651 
90800 0.2625 0.9174482952417925 
90900 0.328125 0.9174557004323385 
91000 0.328125 0.917460127498599 
91100 0.3609375 0.9174538252873184 
91200 0.27890625 0.9174488646643129 
91300 0.27890625 0.9174496907892575 
91400 0.31171875 0.9174474807441931 
91500 0.36093749999999997 0.9174386584572847 
91600 0.34453125 0.9174395783070054 
91700 0.37734375000000003 0.9174267796970589 
91800 0.31171875000000004 0.9174305188668969 
91900 0.41015625 0.9174308495010935 
92000 0.29531250000000003 0.9174286743486484 
92100 0.45937500000000003 0.9174112353557508 
92200 0.37734375 0.9174006552260822 
92300 0.328125 0.917401947839135 
92400 0.31171875 0.9174089025010552 
92500 0.31171875000000004 0.9174233589366602 
92600 0.328125 0.9174271538644291 
92700 0.27890625 0.9174318255061974 
92800 0.3609375 0.9174384654394888 
92900 0.3609375 0.9174381952966061 
93000 0.2953125 0.9174451501193536 
93100 0.328125 0.9174435307488641 
93200 0.3609375 0.9174420405896933 
93300 0.3609375 0.9174412653669307 
93400 0.34453125 0.9174403245147268 
93500 0.3609375 0.9174336203623491 
93600 0.3609375 0.9174421213448575 
93700 0.34453125 0.9174438089641519 
93800 0.31171875000000004 0.9174474502537286 
93900 0.29531250000000003 0.9174557845496853 
94000 0.37734375 0.9174572860262125 
94100 0.2625 0.9174565427041158 
94200 0.31171875000000004 0.9174609014235517 
94300 0.34453125 0.9174650852058833 
94400 0.37734375000000003 0.9174487359773731 
94500 0.328125 0.91744292057756 
94600 0.34453125 0.9174437654596674 
94700 0.27890625 0.917450795794131 
94800 0.2953125 0.9174490346884526 
94900 0.34453125000000007 0.9174524636199829 
95000 0.37734375000000003 0.9174625053288913 
95100 0.39375000000000004 0.9174592177001293 
95200 0.3609375 0.9174550342827281 
95300 0.27890625 0.9174623774278339 
95400 0.3609375 0.917462130244966 
95500 0.37734375000000003 0.9174488765169998 
95600 0.4265625 0.9174488891329589 
95700 0.34453125 0.9174448608165013 
95800 0.39375000000000004 0.9174398215441384 
95900 0.27890625 0.9174444462909668 
96000 0.44296875 0.9174403131217383 
96100 0.31171875 0.9174300914532627 
96200 0.3609375 0.9174239515441628 
96300 0.2296875 0.9174286141239447 
96400 0.3609375 0.9174400745324218 
96500 0.328125 0.9174419177003347 
96600 0.3609375 0.9174409264655645 
96700 0.26249999999999996 0.9174382810803404 
96800 0.29531250000000003 0.9174451242110102 
96900 0.37734375000000003 0.9174517919706711 
97000 0.31171875000000004 0.9174526873434294 
97100 0.31171875000000004 0.9174487131955387 
97200 0.3609375 0.9174406481157601 
97300 0.31171875000000004 0.9174315558164869 
97400 0.328125 0.9174327891269084 
97500 0.2953125 0.9174371048117456 
97600 0.2625 0.9174373693660925 
97700 0.34453125 0.9174393525910687 
97800 0.34453125 0.9174450063138414 
97900 0.328125 0.9174534813868092 
98000 0.328125 0.9174572756272895 
98100 0.37734375000000003 0.9174613806816444 
98200 0.2625 0.9174679436181913 
98300 0.34453125 0.9174699631107517 
98400 0.31171875 0.9174774567204601 
98500 0.328125 0.9174752191602116 
98600 0.2953125 0.917469737566049 
98700 0.21328125 0.9174750319145702 
98800 0.41015625 0.917475571160717 
98900 0.45937500000000003 0.917468170506365 
99000 0.39375000000000004 0.9174594827324977 
99100 0.328125 0.917462125129918 
99200 0.3609375 0.9174705506370904 
99300 0.31171875000000004 0.9174785264624726 
99400 0.2625 0.9174807487474975 
99500 0.328125 0.917486892405604 
99600 0.37734375000000003 0.917490474493228 
99700 0.37734375 0.9174850772559954 
99800 0.34453125 0.9174926071632549 
99900 0.27890625 0.917500356603037 
