0 0.013461538461538462 0.9967948717948718 
100 0.29615384615384616 0.9597613607514598 
200 0.18846153846153846 0.9553195560658247 
300 0.30961538461538457 0.9517633529261437 
400 0.22884615384615387 0.9502685593708038 
500 0.30961538461538457 0.9498950816316086 
600 0.2826923076923077 0.9486539528136866 
700 0.29615384615384616 0.9469347818135264 
800 0.28269230769230774 0.9461690515061302 
900 0.20192307692307693 0.9456159822419534 
1000 0.2153846153846154 0.946351725197879 
1100 0.20192307692307693 0.9464589301101562 
1200 0.20192307692307693 0.9466016567390423 
1300 0.20192307692307693 0.9468530124756105 
1400 0.2153846153846154 0.9469907026116876 
1500 0.29615384615384616 0.9467491757631664 
1600 0.17500000000000002 0.9467400182578196 
1700 0.18846153846153849 0.9466301873709281 
1800 0.25576923076923075 0.946509417844787 
1900 0.24230769230769228 0.9461181024831735 
2000 0.22884615384615387 0.946220799856482 
2100 0.2692307692307692 0.9460086161656842 
2200 0.22884615384615387 0.9455463134472676 
2300 0.24230769230769228 0.9455295356533948 
2400 0.2557692307692308 0.9454767778382939 
2500 0.22884615384615387 0.9456320036088128 
2600 0.18846153846153846 0.9455534853458729 
2700 0.2557692307692308 0.9454582348417965 
2800 0.20192307692307693 0.9453297357170973 
2900 0.2153846153846154 0.9458000777804294 
3000 0.14807692307692308 0.9460115858816291 
3100 0.2692307692307692 0.9461805124897675 
3200 0.18846153846153846 0.9464980895393267 
3300 0.20192307692307693 0.9465080511733042 
3400 0.29615384615384616 0.9465259086693959 
3500 0.3230769230769231 0.9464090845838918 
3600 0.2557692307692308 0.9461990615142517 
3700 0.22884615384615387 0.9460038520427605 
3800 0.24230769230769228 0.9460803162460621 
3900 0.2557692307692308 0.9460534445474205 
4000 0.24230769230769228 0.946045539897077 
4100 0.18846153846153849 0.9461505636523925 
4200 0.2826923076923077 0.9461948925469515 
4300 0.24230769230769228 0.9462274724423062 
4400 0.16153846153846155 0.9462308974067666 
4500 0.2826923076923077 0.9463829975105247 
4600 0.18846153846153849 0.9463571185751146 
4700 0.24230769230769228 0.946424383246336 
4800 0.1346153846153846 0.9465422534835157 
4900 0.17500000000000002 0.9465317125233469 
5000 0.29615384615384616 0.9463985408046596 
5100 0.24230769230769234 0.9462705904825097 
5200 0.25576923076923075 0.9462886821567844 
5300 0.2826923076923077 0.9462528840712202 
5400 0.20192307692307693 0.9462635124549584 
5500 0.22884615384615387 0.9462143246682422 
5600 0.18846153846153846 0.9462950755130723 
5700 0.30961538461538457 0.9462684234434805 
5800 0.2692307692307692 0.9461272150248189 
5900 0.24230769230769234 0.9462037073247037 
6000 0.2961538461538461 0.9461815124829622 
6100 0.2153846153846154 0.9461448102244693 
6200 0.18846153846153849 0.9461273822667147 
6300 0.24230769230769228 0.9461578137780328 
6400 0.24230769230769228 0.9461772799923089 
6500 0.24230769230769228 0.9462350959812889 
6600 0.22884615384615387 0.946331946597058 
6700 0.18846153846153849 0.9463010687268261 
6800 0.2153846153846154 0.9463271803920238 
6900 0.16153846153846155 0.9463441753146143 
7000 0.2153846153846154 0.9463272646032251 
7100 0.2692307692307692 0.9462697561556878 
7200 0.20192307692307693 0.9463402518880925 
7300 0.20192307692307693 0.9464092554936275 
7400 0.2153846153846154 0.9465365906894079 
7500 0.24230769230769234 0.946491749817973 
7600 0.22884615384615387 0.9464236318433135 
7700 0.18846153846153849 0.9464093074825447 
7800 0.22884615384615387 0.9463201627667722 
7900 0.20192307692307693 0.9463716050224087 
8000 0.2557692307692308 0.9463648774672396 
8100 0.2826923076923077 0.9464212237172366 
8200 0.17500000000000002 0.9464105378018316 
8300 0.2692307692307692 0.9463557062942679 
8400 0.22884615384615387 0.9463376612674316 
8500 0.24230769230769228 0.9463155164249153 
8600 0.25576923076923075 0.946305438544713 
8700 0.29615384615384616 0.9463630027789319 
8800 0.22884615384615387 0.9464123395068742 
8900 0.18846153846153849 0.9464097954997854 
9000 0.22884615384615387 0.9463845185292802 
9100 0.2153846153846154 0.9464277664612792 
9200 0.22884615384615387 0.946381942876889 
9300 0.2692307692307692 0.9463901730996667 
9400 0.2692307692307692 0.9463239044400623 
9500 0.2153846153846154 0.9462775848156334 
9600 0.20192307692307693 0.9462492555529739 
9700 0.29615384615384616 0.9462264662115193 
9800 0.22884615384615387 0.9462862240640019 
9900 0.24230769230769234 0.9462994543415713 
10000 0.2153846153846154 0.9463044080207363 
10100 0.29615384615384616 0.9463060905368598 
10200 0.3096153846153846 0.9462961147599909 
10300 0.2153846153846154 0.9462685972733541 
10400 0.24230769230769228 0.9462644124455488 
10500 0.24230769230769234 0.9463173836923956 
10600 0.2692307692307692 0.9463430518165921 
10700 0.2153846153846154 0.9463448779050124 
10800 0.24230769230769234 0.9463264916116504 
10900 0.2153846153846154 0.9462810986524407 
11000 0.2826923076923077 0.9463163605173422 
11100 0.2692307692307692 0.9463362621524049 
11200 0.2557692307692308 0.9462336238293743 
11300 0.22884615384615387 0.9462360376549387 
11400 0.22884615384615387 0.9462625860529553 
11500 0.2153846153846154 0.9463198852273715 
11600 0.18846153846153849 0.9463278475109351 
11700 0.22884615384615387 0.946345808708 
11800 0.35000000000000003 0.9463547743672309 
11900 0.29615384615384616 0.94628360254148 
12000 0.20192307692307693 0.9463217808772346 
12100 0.20192307692307693 0.9462909931156357 
12200 0.3230769230769231 0.946343721300692 
12300 0.2153846153846154 0.946302051740634 
12400 0.22884615384615387 0.9463034412030461 
12500 0.21538461538461534 0.9463112181794687 
12600 0.28269230769230774 0.9463097149391888 
12700 0.2153846153846154 0.9462638213425553 
12800 0.14807692307692308 0.9462657164203918 
12900 0.29615384615384616 0.9463229843045361 
13000 0.24230769230769228 0.9463389403970898 
13100 0.17500000000000002 0.9463358150385858 
13200 0.3634615384615385 0.9462470306251081 
13300 0.2692307692307692 0.9461923529944731 
13400 0.2692307692307692 0.946145188170037 
13500 0.2692307692307692 0.9461196131720537 
13600 0.17500000000000002 0.9461104387120857 
13700 0.24230769230769234 0.9461173056804763 
13800 0.2826923076923077 0.9461015459674977 
13900 0.24230769230769228 0.9460869352693682 
14000 0.24230769230769228 0.9460613161330967 
14100 0.2692307692307692 0.9460494709413226 
14200 0.22884615384615387 0.9460208652695097 
14300 0.28269230769230763 0.9460184333532351 
14400 0.20192307692307693 0.9459815379629976 
14500 0.24230769230769228 0.9459420570464636 
14600 0.21538461538461534 0.9458985071271901 
14700 0.18846153846153846 0.9458984998404085 
14800 0.2692307692307692 0.9458811688052956 
14900 0.2153846153846154 0.9458318061599721 
15000 0.2557692307692308 0.945820919630999 
15100 0.24230769230769228 0.9457808873244937 
15200 0.2692307692307692 0.9457947267301915 
15300 0.2153846153846154 0.945785133869246 
15400 0.24230769230769234 0.9457781629231535 
15500 0.2153846153846154 0.9457441951635874 
15600 0.2153846153846154 0.9457667490085284 
15700 0.18846153846153846 0.945813103525988 
15800 0.18846153846153846 0.9458061320364339 
15900 0.20192307692307696 0.9457508719819266 
16000 0.20192307692307693 0.9457816338401926 
16100 0.24230769230769228 0.9457944959621875 
16200 0.2692307692307692 0.9457795023732312 
16300 0.22884615384615387 0.945754665043359 
16400 0.2826923076923077 0.9457559263897292 
16500 0.2557692307692308 0.9457136630414008 
16600 0.18846153846153846 0.9456919879710676 
16700 0.2826923076923077 0.9457047328656814 
16800 0.2557692307692308 0.94566276579996 
16900 0.175 0.9456357080979885 
17000 0.22884615384615387 0.9456221655136425 
17100 0.24230769230769228 0.9456372696753377 
17200 0.22884615384615387 0.94562219847087 
17300 0.2557692307692308 0.9456073014899095 
17400 0.20192307692307693 0.9456297825500745 
17500 0.2153846153846154 0.9456199572478642 
17600 0.22884615384615387 0.945646117134953 
17700 0.2826923076923077 0.9456281623955767 
17800 0.22884615384615387 0.9456372373202888 
17900 0.16153846153846155 0.9456279480160827 
18000 0.2153846153846154 0.9456278426127324 
18100 0.24230769230769228 0.9456040111114417 
18200 0.3230769230769231 0.945604742765613 
18300 0.18846153846153846 0.9456028394132869 
18400 0.24230769230769234 0.9455899832645661 
18500 0.2557692307692308 0.9456089691617501 
18600 0.2692307692307692 0.9456086245707771 
18700 0.24230769230769228 0.945575205768511 
18800 0.18846153846153849 0.945575896808544 
18900 0.2692307692307692 0.9455162120034349 
19000 0.28269230769230774 0.9455111336920189 
19100 0.29615384615384616 0.9454695283774913 
19200 0.16153846153846155 0.9454614075922861 
19300 0.22884615384615387 0.9454666557731166 
19400 0.16153846153846155 0.9455262020593704 
19500 0.24230769230769228 0.9455243255112492 
19600 0.2153846153846154 0.945556807017957 
19700 0.20192307692307693 0.9455611390284757 
19800 0.22884615384615387 0.9455956964100493 
19900 0.16153846153846155 0.9456097747954941 
20000 0.17500000000000002 0.9456283596076607 
20100 0.2557692307692308 0.9456470784078863 
20200 0.24230769230769228 0.9456407019708342 
20300 0.29615384615384616 0.9455953919157702 
20400 0.22884615384615387 0.945594830067405 
20500 0.3096153846153846 0.9456291375405077 
20600 0.18846153846153846 0.9456528435886234 
20700 0.29615384615384616 0.945650928544267 
20800 0.2557692307692308 0.9456202179628937 
20900 0.28269230769230774 0.9456108099354834 
21000 0.20192307692307693 0.945610648577174 
21100 0.22884615384615387 0.9456226403172046 
21200 0.2153846153846154 0.9456175869788436 
21300 0.20192307692307693 0.945616794203715 
21400 0.20192307692307693 0.9456515032247474 
21500 0.2692307692307692 0.945645640810982 
21600 0.2692307692307692 0.945625291564137 
21700 0.2153846153846154 0.9456237394235644 
21800 0.24230769230769228 0.9455930920599972 
21900 0.17500000000000002 0.945592432847581 
22000 0.22884615384615387 0.945615234272568 
22100 0.22884615384615387 0.9456410198401511 
22200 0.20192307692307693 0.9456698935945367 
22300 0.2692307692307692 0.9456538110858544 
22400 0.18846153846153849 0.9456471723446412 
22500 0.3096153846153846 0.9456549794368113 
22600 0.16153846153846155 0.9456734952730705 
22700 0.2557692307692308 0.94568168238381 
22800 0.22884615384615387 0.9456660414129385 
22900 0.20192307692307693 0.9456541758897551 
23000 0.29615384615384616 0.9456340527000499 
23100 0.22884615384615387 0.9456421300443204 
23200 0.17500000000000002 0.9456317643249241 
23300 0.2153846153846154 0.9456373062012305 
23400 0.3096153846153846 0.9456462248490367 
23500 0.25576923076923075 0.9456125162158948 
23600 0.2153846153846154 0.9456001429752542 
23700 0.18846153846153849 0.9455815182525026 
23800 0.24230769230769228 0.9455805563006942 
23900 0.29615384615384616 0.9455808092999005 
24000 0.16153846153846155 0.9455973522470752 
24100 0.24230769230769228 0.9456020550269751 
24200 0.24230769230769228 0.945571755352343 
24300 0.24230769230769228 0.9455610932967832 
24400 0.2153846153846154 0.9455719290613352 
24500 0.22884615384615387 0.9455705104658209 
24600 0.25576923076923075 0.945542004233724 
24700 0.2692307692307692 0.9454950438007804 
24800 0.2153846153846154 0.9455084265626179 
24900 0.22884615384615387 0.945494800435365 
25000 0.2557692307692308 0.9454933341127894 
25100 0.25576923076923075 0.9454683846490946 
25200 0.22884615384615387 0.945450882596234 
25300 0.175 0.9454458068445658 
25400 0.25576923076923075 0.9454454397616084 
25500 0.2153846153846154 0.945436151825117 
25600 0.3365384615384615 0.9454489708434867 
25700 0.2153846153846154 0.9454548311499403 
25800 0.22884615384615387 0.9454571677305292 
25900 0.30961538461538457 0.9454309010938099 
26000 0.24230769230769234 0.9454232036440413 
26100 0.20192307692307693 0.9454371774733064 
26200 0.2557692307692308 0.9454370991907727 
26300 0.2153846153846154 0.9454242258508256 
26400 0.2557692307692308 0.9454370658065594 
26500 0.2692307692307692 0.9454181216190197 
26600 0.2153846153846154 0.945426068424264 
26700 0.16153846153846155 0.9454293942702616 
26800 0.29615384615384616 0.9454249219556484 
26900 0.2153846153846154 0.9453953432290669 
27000 0.24230769230769228 0.9454265226644027 
27100 0.22884615384615387 0.9454240027097117 
27200 0.2826923076923077 0.9454099538195712 
27300 0.2557692307692308 0.9454176093859622 
27400 0.2153846153846154 0.9454151495500351 
27500 0.18846153846153849 0.9454141061537156 
27600 0.18846153846153846 0.9454250310514576 
27700 0.175 0.9454275463535057 
27800 0.22884615384615387 0.9454311964428507 
27900 0.20192307692307696 0.9454228733645242 
28000 0.2557692307692308 0.9454168990301628 
28100 0.20192307692307693 0.9454092563545964 
28200 0.3230769230769231 0.9454157608522702 
28300 0.24230769230769228 0.9454022871349115 
28400 0.20192307692307693 0.9454268267910393 
28500 0.2826923076923077 0.9454248793789511 
28600 0.29615384615384616 0.9453938090742748 
28700 0.24230769230769228 0.9453780311415934 
28800 0.18846153846153849 0.9453746041581533 
28900 0.20192307692307696 0.9453753041993933 
29000 0.22884615384615387 0.9454031868043454 
29100 0.22884615384615387 0.9454030128491487 
29200 0.24230769230769228 0.9454298412681688 
29300 0.2692307692307692 0.9454242176034947 
29400 0.24230769230769228 0.9454425063162861 
29500 0.18846153846153849 0.9454422014377609 
29600 0.22884615384615387 0.9454567326640905 
29700 0.2692307692307692 0.9454818494413121 
29800 0.24230769230769228 0.9454446331606494 
29900 0.24230769230769234 0.9454358571319542 
30000 0.20192307692307693 0.945430344629538 
30100 0.22884615384615387 0.9454477617661565 
30200 0.21538461538461534 0.9454417157183622 
30300 0.30961538461538457 0.9454345460376614 
30400 0.21538461538461534 0.9454257366702681 
30500 0.22884615384615387 0.9454486149676471 
30600 0.18846153846153849 0.9454536427919651 
30700 0.2826923076923077 0.9454549839268578 
30800 0.24230769230769228 0.9454731739478988 
30900 0.2153846153846154 0.9454818074927457 
31000 0.2692307692307692 0.9454898683996132 
31100 0.30961538461538457 0.9454627355538902 
31200 0.18846153846153846 0.9454288940443231 
31300 0.2153846153846154 0.9454306981262989 
31400 0.24230769230769234 0.9454249374713691 
31500 0.24230769230769228 0.9454231815188611 
31600 0.28269230769230774 0.9454166697094136 
31700 0.24230769230769234 0.945403526055556 
31800 0.24230769230769228 0.9453990319607753 
31900 0.29615384615384616 0.945387734007213 
32000 0.2153846153846154 0.9453705973931904 
32100 0.2153846153846154 0.945369742455503 
32200 0.25576923076923075 0.9453759598165051 
32300 0.175 0.9453785665125871 
32400 0.2557692307692308 0.9453796733085953 
32500 0.18846153846153846 0.9453710102805515 
32600 0.2557692307692308 0.9453647599294972 
32700 0.22884615384615387 0.9453613901872365 
32800 0.22884615384615387 0.9453483672714794 
32900 0.16153846153846155 0.9453402943874358 
33000 0.22884615384615387 0.945336738047565 
33100 0.22884615384615387 0.9453197440002975 
33200 0.2826923076923077 0.9453212909095262 
33300 0.24230769230769228 0.9453197486176976 
33400 0.20192307692307693 0.9453286750972449 
33500 0.2153846153846154 0.9453269286259346 
33600 0.24230769230769228 0.945319755440734 
33700 0.29615384615384616 0.945339729704437 
33800 0.2692307692307692 0.9453308542684596 
33900 0.2692307692307692 0.9453369691083918 
34000 0.1346153846153846 0.9453524745501453 
34100 0.25576923076923075 0.9453684529891972 
34200 0.24230769230769228 0.9453779654066196 
34300 0.28269230769230774 0.945370696376498 
34400 0.2153846153846154 0.9453694324628309 
34500 0.2826923076923077 0.9453816463142279 
34600 0.175 0.9453678528633009 
34700 0.24230769230769228 0.9453589418467953 
34800 0.18846153846153849 0.9453668440119979 
34900 0.2826923076923077 0.945348344291068 
35000 0.2557692307692308 0.9453533012609896 
35100 0.2692307692307692 0.9453303799511885 
35200 0.25576923076923075 0.945323614058167 
35300 0.22884615384615387 0.9453206090624294 
35400 0.25576923076923075 0.9453290288047781 
35500 0.2692307692307692 0.9453327966926175 
35600 0.18846153846153849 0.9453405947254435 
35700 0.20192307692307693 0.9453612769591314 
35800 0.175 0.9453492561087321 
35900 0.12115384615384614 0.9453797087289191 
36000 0.2692307692307692 0.9453880020426783 
36100 0.2153846153846154 0.9454033519918121 
36200 0.20192307692307693 0.9453966599591029 
36300 0.29615384615384616 0.9454019243660025 
36400 0.24230769230769228 0.9454003799557493 
36500 0.2557692307692308 0.9454156155890355 
36600 0.24230769230769228 0.9454020452012311 
36700 0.18846153846153849 0.9454166692865911 
36800 0.2826923076923077 0.9454198046457768 
36900 0.2557692307692308 0.9454197961419988 
37000 0.2692307692307692 0.9453996045844915 
37100 0.175 0.9454190881578284 
37200 0.3230769230769231 0.9454019363968021 
37300 0.29615384615384616 0.9454079907117359 
37400 0.2826923076923077 0.9454023579514876 
37500 0.29615384615384616 0.9453911998244149 
37600 0.3230769230769231 0.9453757537817802 
37700 0.22884615384615387 0.9453801980359632 
37800 0.24230769230769234 0.9453782595630695 
37900 0.2153846153846154 0.9453598409892439 
38000 0.2557692307692308 0.9453626051676103 
38100 0.2826923076923077 0.9453524000648748 
38200 0.22884615384615387 0.9453330192054309 
38300 0.18846153846153849 0.9453359154443982 
38400 0.2557692307692308 0.9453562407228978 
38500 0.2153846153846154 0.945365221948947 
38600 0.22884615384615387 0.9453738245123183 
38700 0.29615384615384616 0.9453690489677932 
38800 0.22884615384615387 0.9453562854248404 
38900 0.2153846153846154 0.9453574293456302 
39000 0.20192307692307693 0.9453500206109113 
39100 0.28269230769230763 0.9453512566732177 
39200 0.20192307692307693 0.9453486436439678 
39300 0.20192307692307693 0.9453556672075285 
39400 0.24230769230769234 0.9453642820467266 
39500 0.2153846153846154 0.9453644958030923 
39600 0.28269230769230774 0.9453599332832181 
39700 0.29615384615384616 0.9453405391196631 
39800 0.25576923076923075 0.9453334827948531 
39900 0.17500000000000002 0.9453332896354375 
40000 0.18846153846153849 0.9453395075379526 
40100 0.18846153846153846 0.945340738993017 
40200 0.24230769230769228 0.9453560761022018 
40300 0.2153846153846154 0.945367440141143 
40400 0.17500000000000002 0.9453694659753916 
40500 0.24230769230769228 0.945364596885547 
40600 0.24230769230769228 0.94536401465418 
40700 0.24230769230769228 0.9453500480993663 
40800 0.29615384615384616 0.9453671007309399 
40900 0.24230769230769228 0.9453623634053208 
41000 0.20192307692307693 0.9453537405904421 
41100 0.20192307692307693 0.9453726093132677 
41200 0.22884615384615387 0.9453855520061437 
41300 0.2153846153846154 0.9453908268192426 
41400 0.22884615384615387 0.9453846184812829 
41500 0.17500000000000002 0.945400836804056 
41600 0.16153846153846155 0.9454247586504023 
41700 0.25576923076923075 0.9454321946408467 
41800 0.22884615384615387 0.9454378315081409 
41900 0.22884615384615387 0.9454370160677886 
42000 0.16153846153846155 0.9454389516977313 
42100 0.28269230769230774 0.9454374523048664 
42200 0.18846153846153846 0.9454506181953399 
42300 0.2153846153846154 0.9454564479593439 
42400 0.2826923076923077 0.9454509871864415 
42500 0.16153846153846155 0.9454550541495554 
42600 0.16153846153846155 0.9454672275057947 
42700 0.33653846153846156 0.9454587774621264 
42800 0.22884615384615387 0.9454701363914934 
42900 0.22884615384615387 0.9454716553735225 
43000 0.16153846153846155 0.9454695150202231 
43100 0.22884615384615387 0.9454893217421929 
43200 0.22884615384615387 0.9454897470915619 
43300 0.20192307692307693 0.9454972023503928 
43400 0.24230769230769228 0.9454912565526377 
43500 0.22884615384615387 0.9454828329911661 
43600 0.175 0.9454862832480319 
43700 0.18846153846153849 0.9454860506037824 
43800 0.2692307692307692 0.9454862580704456 
43900 0.20192307692307693 0.9454799668718487 
44000 0.24230769230769234 0.9454794588001788 
44100 0.25576923076923075 0.9454660892043264 
44200 0.20192307692307693 0.9454580010082148 
44300 0.20192307692307693 0.9454673130605954 
44400 0.24230769230769234 0.9454589697968225 
44500 0.17500000000000002 0.9454477830806453 
44600 0.22884615384615387 0.9454458448959693 
44700 0.20192307692307693 0.9454528780690388 
44800 0.22884615384615387 0.9454449276830473 
44900 0.3096153846153846 0.9454460068561091 
45000 0.22884615384615387 0.9454564115099436 
45100 0.22884615384615387 0.9454524147795915 
45200 0.24230769230769234 0.9454671555371761 
45300 0.24230769230769228 0.9454734825008109 
45400 0.22884615384615387 0.9454739221264188 
45500 0.2153846153846154 0.9454754164320986 
45600 0.20192307692307693 0.9454669235211328 
45700 0.2692307692307692 0.9454732657479862 
45800 0.22884615384615387 0.9454744717812118 
45900 0.22884615384615387 0.9454742760199069 
46000 0.35000000000000003 0.945467740667845 
46100 0.29615384615384616 0.9454541422150584 
46200 0.175 0.9454487887097571 
46300 0.2153846153846154 0.9454632563177735 
46400 0.2557692307692308 0.9454545215924282 
46500 0.24230769230769228 0.9454396210944457 
46600 0.20192307692307696 0.9454409473990599 
46700 0.28269230769230774 0.9454505037228105 
46800 0.2557692307692308 0.9454704288041182 
46900 0.17500000000000002 0.9454764646098519 
47000 0.2692307692307692 0.9454854070207999 
47100 0.2557692307692308 0.9454823350149352 
47200 0.20192307692307693 0.9454771710073504 
47300 0.18846153846153846 0.9454920181120473 
47400 0.2692307692307692 0.945510927228085 
47500 0.22884615384615387 0.9455091768648325 
47600 0.22884615384615387 0.9455165238394583 
47700 0.20192307692307693 0.9455214210958325 
47800 0.22884615384615387 0.9455217383608003 
47900 0.20192307692307696 0.9455128874243298 
48000 0.17500000000000002 0.9455238379114965 
48100 0.2826923076923077 0.94552681350513 
48200 0.2153846153846154 0.9455321705741822 
48300 0.22884615384615387 0.9455293435024703 
48400 0.2153846153846154 0.9455269254343653 
48500 0.2153846153846154 0.9455292092840804 
48600 0.2153846153846154 0.9455308242575994 
48700 0.25576923076923075 0.9455174931910523 
48800 0.2826923076923077 0.9455061214067177 
48900 0.30961538461538457 0.9454980077487797 
49000 0.24230769230769228 0.9455017663166476 
49100 0.16153846153846155 0.9455055095749786 
49200 0.20192307692307693 0.9455192045815204 
49300 0.22884615384615387 0.9455216620664583 
49400 0.2557692307692308 0.9455113931566838 
49500 0.22884615384615387 0.945517158679519 
49600 0.22884615384615387 0.9455353722707204 
49700 0.20192307692307693 0.9455317155564635 
49800 0.24230769230769228 0.9455343163225535 
49900 0.2826923076923077 0.9455327959616451 
50000 0.2153846153846154 0.9455270509974416 
50100 0.24230769230769234 0.9455151235529871 
50200 0.22884615384615387 0.9455192689490811 
50300 0.3230769230769231 0.9455127567938446 
50400 0.2692307692307692 0.9455183530648303 
50500 0.2557692307692308 0.9455140898453902 
50600 0.24230769230769234 0.945502432555554 
50700 0.22884615384615387 0.9455086482388705 
50800 0.2692307692307692 0.9455027258195503 
50900 0.2692307692307692 0.9455024308121497 
51000 0.2153846153846154 0.9455062846932614 
51100 0.24230769230769234 0.9455060465975125 
51200 0.17500000000000002 0.9455024916881131 
51300 0.29615384615384616 0.945505010898473 
51400 0.2692307692307692 0.9454938644813355 
51500 0.24230769230769234 0.9455040454778324 
51600 0.2557692307692308 0.945511205557038 
51700 0.22884615384615387 0.9455142463643267 
51800 0.17500000000000002 0.9455266802591179 
51900 0.22884615384615387 0.9455411658981918 
52000 0.2153846153846154 0.9455513429475468 
52100 0.12115384615384614 0.9455523763262578 
52200 0.2557692307692308 0.9455613263131318 
52300 0.2557692307692308 0.9455437068173919 
52400 0.2557692307692308 0.9455325157721104 
52500 0.2692307692307692 0.9455217336519598 
52600 0.22884615384615387 0.9455137954382266 
52700 0.2692307692307692 0.9455143409432701 
52800 0.22884615384615387 0.9455016513381885 
52900 0.20192307692307693 0.9454922208343693 
53000 0.2692307692307692 0.9454981255796335 
53100 0.2153846153846154 0.945494350630318 
53200 0.18846153846153846 0.9454974578750448 
53300 0.24230769230769234 0.9454985089518213 
53400 0.2153846153846154 0.9454935540917077 
53500 0.2153846153846154 0.9454839449442354 
53600 0.22884615384615387 0.9454795141116292 
53700 0.16153846153846155 0.9454943182550676 
53800 0.18846153846153846 0.9455056716608546 
53900 0.2692307692307692 0.9455043172692196 
54000 0.18846153846153849 0.9454959048716571 
54100 0.24230769230769234 0.9455095028813629 
54200 0.2692307692307692 0.9455079715153331 
54300 0.2153846153846154 0.9455072131173861 
54400 0.17500000000000002 0.9455048078395994 
54500 0.22884615384615387 0.9455051753931591 
54600 0.2557692307692308 0.9455156968572473 
54700 0.2557692307692308 0.9455077228701111 
54800 0.22884615384615387 0.9455084340122935 
54900 0.24230769230769228 0.9455078582007054 
55000 0.18846153846153846 0.9455224939966127 
55100 0.2557692307692308 0.945524861338549 
55200 0.24230769230769234 0.945530936126668 
55300 0.25576923076923075 0.9455263246966833 
55400 0.20192307692307693 0.945529887223178 
55500 0.20192307692307693 0.9455433119939165 
55600 0.2557692307692308 0.9455421618961843 
55700 0.24230769230769228 0.9455334204283954 
55800 0.2153846153846154 0.9455336132658224 
55900 0.29615384615384616 0.9455294478930013 
56000 0.2692307692307692 0.9455210048904804 
56100 0.24230769230769228 0.9455033938331919 
56200 0.22884615384615387 0.9455034106063447 
56300 0.20192307692307693 0.9454989299730068 
56400 0.2153846153846154 0.9455121954102469 
56500 0.28269230769230774 0.9455046518350708 
56600 0.20192307692307696 0.9455054024142909 
56700 0.2692307692307692 0.9455131596738446 
56800 0.2153846153846154 0.9455097734375388 
56900 0.22884615384615387 0.9455063427752836 
57000 0.2153846153846154 0.9454979759689326 
57100 0.2826923076923077 0.9455041763604661 
57200 0.29615384615384616 0.945504527668738 
57300 0.20192307692307693 0.945516568154044 
57400 0.24230769230769228 0.9455261656747693 
57500 0.20192307692307693 0.9455287065241674 
57600 0.24230769230769228 0.9455285676575238 
57700 0.22884615384615387 0.9455306511596697 
57800 0.2153846153846154 0.9455297885450478 
57900 0.20192307692307693 0.9455313091886726 
58000 0.22884615384615387 0.9455224909915346 
58100 0.30961538461538457 0.9455122688651372 
58200 0.24230769230769228 0.9455139219125233 
58300 0.18846153846153849 0.945516009093392 
58400 0.25576923076923075 0.9455090885781285 
58500 0.22884615384615387 0.9455195593851343 
58600 0.22884615384615387 0.9455159927698792 
58700 0.2692307692307692 0.9455185536087054 
58800 0.2692307692307692 0.9455200700842782 
58900 0.22884615384615387 0.9455198945296737 
59000 0.22884615384615387 0.9455173836688556 
59100 0.22884615384615387 0.9455236667868434 
59200 0.2692307692307692 0.9455239733043318 
59300 0.22884615384615387 0.9455228735278819 
59400 0.16153846153846155 0.9455266336274232 
59500 0.20192307692307693 0.9455173991904468 
59600 0.24230769230769234 0.9455183057073127 
59700 0.2153846153846154 0.9455238798989323 
59800 0.24230769230769234 0.9455251477228535 
59900 0.30961538461538457 0.9455290866682162 
60000 0.2557692307692308 0.9455226494088347 
60100 0.3230769230769231 0.9455161269128591 
60200 0.2692307692307692 0.9455162279014873 
60300 0.25576923076923075 0.9455171789896754 
60400 0.20192307692307693 0.9455160043622983 
60500 0.18846153846153846 0.9455209788861298 
60600 0.20192307692307693 0.945524403210745 
60700 0.2692307692307692 0.9455278690546643 
60800 0.24230769230769228 0.9455137693838538 
60900 0.2692307692307692 0.9455115048003506 
61000 0.24230769230769234 0.9455074086637504 
61100 0.2557692307692308 0.9454972410120444 
61200 0.2557692307692308 0.9454925007509932 
61300 0.2557692307692308 0.9454804037580012 
61400 0.18846153846153849 0.9454715303642846 
61500 0.22884615384615387 0.9454696171294276 
61600 0.24230769230769228 0.9454706238118845 
61700 0.30961538461538457 0.9454665884565724 
61800 0.18846153846153846 0.9454629291949885 
61900 0.24230769230769228 0.9454806661919632 
62000 0.24230769230769228 0.9454733256990479 
62100 0.22884615384615387 0.9454691055389917 
62200 0.22884615384615387 0.945475410775406 
62300 0.17500000000000002 0.945487766381492 
62400 0.22884615384615387 0.9454984901211725 
62500 0.25576923076923075 0.9455056924217418 
62600 0.29615384615384616 0.9455029902446876 
62700 0.2557692307692308 0.9454919133911495 
62800 0.25576923076923075 0.9454892417603998 
62900 0.24230769230769228 0.9454872410409684 
63000 0.2692307692307692 0.9454910463366678 
63100 0.29615384615384616 0.9454907760818126 
63200 0.2826923076923077 0.9454794004801125 
63300 0.2826923076923077 0.9454806178376896 
63400 0.2153846153846154 0.9454787981585666 
63500 0.2153846153846154 0.945475217632349 
63600 0.2557692307692308 0.9454745208408672 
63700 0.2692307692307693 0.9454734237155236 
63800 0.24230769230769228 0.9454633377259982 
63900 0.22884615384615387 0.945458499706477 
64000 0.22884615384615387 0.9454607379932766 
64100 0.24230769230769228 0.9454618192683901 
64200 0.18846153846153849 0.9454640953352033 
64300 0.22884615384615387 0.9454605822216746 
64400 0.20192307692307693 0.9454473752000188 
64500 0.22884615384615387 0.9454492158539383 
64600 0.17500000000000002 0.945448619712563 
64700 0.22884615384615387 0.9454427248974474 
64800 0.2826923076923077 0.9454357106708151 
64900 0.29615384615384616 0.9454334590079801 
65000 0.29615384615384616 0.9454225852146654 
65100 0.24230769230769228 0.9454179482059238 
65200 0.28269230769230774 0.9454254182038265 
65300 0.22884615384615387 0.9454227543537049 
65400 0.2692307692307692 0.9454108852722788 
65500 0.17500000000000002 0.9454136832516552 
65600 0.2153846153846154 0.9454161306953185 
65700 0.20192307692307693 0.9454192536584738 
65800 0.2153846153846154 0.9454201752058168 
65900 0.29615384615384616 0.9454238175444986 
66000 0.18846153846153846 0.9454257977443232 
66100 0.2557692307692308 0.945424086838362 
66200 0.3096153846153846 0.9454178784966839 
66300 0.22884615384615387 0.945417925010993 
66400 0.2692307692307692 0.9454252117766222 
66500 0.2153846153846154 0.9454230300758925 
66600 0.22884615384615387 0.9454206143050905 
66700 0.29615384615384616 0.9454146499168313 
66800 0.18846153846153849 0.9454240570634787 
66900 0.20192307692307693 0.9454222734013021 
67000 0.24230769230769234 0.9454192034638595 
67100 0.2826923076923077 0.9454180533057897 
67200 0.25576923076923075 0.9454031228167774 
67300 0.2692307692307692 0.9453987615530535 
67400 0.2826923076923077 0.9453968384399684 
67500 0.20192307692307696 0.9453920720642696 
67600 0.22884615384615387 0.9453924877457813 
67700 0.20192307692307693 0.9453943224714705 
67800 0.24230769230769228 0.9453945445173451 
67900 0.2557692307692308 0.9453859861585816 
68000 0.24230769230769228 0.9453886707548418 
68100 0.24230769230769228 0.9453883353495695 
68200 0.29615384615384616 0.9453845232737771 
68300 0.24230769230769228 0.9453835848782483 
68400 0.2153846153846154 0.9453859761384505 
68500 0.2826923076923077 0.945376475881505 
68600 0.24230769230769228 0.9453615836503841 
68700 0.20192307692307693 0.945373233846109 
68800 0.22884615384615387 0.9453681725705388 
68900 0.2557692307692308 0.9453656379517398 
69000 0.20192307692307693 0.9453639932382994 
69100 0.2826923076923077 0.9453642549979795 
69200 0.24230769230769234 0.9453687307764561 
69300 0.25576923076923075 0.9453700486802462 
69400 0.17500000000000002 0.9453768585319283 
69500 0.2153846153846154 0.9453805128795417 
69600 0.30961538461538457 0.9453823147250684 
69700 0.29615384615384616 0.9453669593821815 
69800 0.24230769230769228 0.9453627142951078 
69900 0.20192307692307696 0.9453615076120476 
70000 0.22884615384615387 0.9453699196238589 
70100 0.29615384615384616 0.9453710836269573 
70200 0.20192307692307693 0.9453770838971904 
70300 0.2557692307692308 0.9453730825581866 
70400 0.2692307692307692 0.9453675902039561 
70500 0.22884615384615387 0.9453616588089858 
70600 0.18846153846153846 0.9453616913249213 
70700 0.22884615384615387 0.9453759584875128 
70800 0.2557692307692308 0.9453797280858339 
70900 0.2826923076923077 0.9453768870208695 
71000 0.2153846153846154 0.9453667409523665 
71100 0.2557692307692308 0.9453661349925115 
71200 0.3230769230769231 0.9453674213737274 
71300 0.2153846153846154 0.945372075552578 
71400 0.22884615384615387 0.9453686366527223 
71500 0.2826923076923077 0.9453691520900371 
71600 0.2153846153846154 0.9453723519117159 
71700 0.2153846153846154 0.9453718325996955 
71800 0.2153846153846154 0.9453806442950048 
71900 0.22884615384615387 0.9453798920096329 
72000 0.2692307692307692 0.9453782960279398 
72100 0.22884615384615387 0.9453836391898971 
72200 0.2826923076923077 0.9453776032649593 
72300 0.22884615384615387 0.9453796521592956 
72400 0.21538461538461534 0.9453807214732478 
72500 0.22884615384615387 0.9453828488307323 
72600 0.2692307692307692 0.9453772445742253 
72700 0.2153846153846154 0.9453764611568494 
72800 0.2153846153846154 0.9453820196186372 
72900 0.20192307692307693 0.945390288691478 
73000 0.21538461538461534 0.9453905443515175 
73100 0.20192307692307693 0.9454001821855886 
73200 0.21538461538461534 0.9454025253262969 
73300 0.22884615384615387 0.9453939306806253 
73400 0.22884615384615387 0.9453972366058032 
73500 0.2153846153846154 0.9454025830452681 
73600 0.25576923076923075 0.94541218259646 
73700 0.25576923076923075 0.9454048826530204 
73800 0.2692307692307692 0.9454072872336176 
73900 0.2557692307692308 0.9454074734077711 
74000 0.22884615384615387 0.9454130730735101 
74100 0.2153846153846154 0.945414505288866 
74200 0.2557692307692308 0.9454114845366312 
74300 0.2826923076923077 0.9454010523377019 
74400 0.20192307692307693 0.9454013748781293 
74500 0.3096153846153846 0.945401438425022 
74600 0.20192307692307693 0.945402103292078 
74700 0.20192307692307693 0.945407185706847 
74800 0.24230769230769228 0.9454090408773501 
74900 0.22884615384615387 0.9453969410562113 
75000 0.2557692307692308 0.945386326472912 
75100 0.20192307692307693 0.9453807761103935 
75200 0.17500000000000002 0.9453863645430247 
75300 0.22884615384615387 0.945391512490555 
75400 0.22884615384615387 0.9453873800898376 
75500 0.22884615384615387 0.9453913668659168 
75600 0.2557692307692308 0.9453828364772003 
75700 0.20192307692307693 0.9453809335581043 
75800 0.20192307692307696 0.9453953147901777 
75900 0.2557692307692308 0.9454013392614333 
76000 0.2692307692307692 0.945398913442097 
76100 0.28269230769230774 0.9453897974318205 
76200 0.2153846153846154 0.9453934079201464 
76300 0.20192307692307693 0.9454015456328663 
76400 0.2557692307692308 0.9454068512997715 
76500 0.33653846153846156 0.9453979401643484 
76600 0.20192307692307693 0.945400642490106 
76700 0.16153846153846155 0.945408937268561 
76800 0.18846153846153849 0.9454157080620278 
76900 0.33653846153846156 0.9454195437423873 
77000 0.24230769230769228 0.9454071775291629 
77100 0.2692307692307692 0.9454074392596591 
77200 0.22884615384615387 0.9453966568786972 
77300 0.20192307692307693 0.9454044778005658 
77400 0.24230769230769228 0.9454064397895873 
77500 0.24230769230769234 0.9454090170548668 
77600 0.2692307692307692 0.9454073748058361 
77700 0.22884615384615387 0.9454102329805345 
77800 0.16153846153846155 0.9454082638183743 
77900 0.175 0.945410619790602 
78000 0.22884615384615387 0.9454033133697497 
78100 0.18846153846153849 0.9454075163685156 
78200 0.2557692307692308 0.9454095363722479 
78300 0.20192307692307693 0.9454130248197373 
78400 0.2153846153846154 0.9454104130670756 
78500 0.2826923076923077 0.9454011936480312 
78600 0.2692307692307692 0.9454018249914613 
78700 0.2826923076923077 0.9454016809482433 
78800 0.2692307692307692 0.945395883626363 
78900 0.24230769230769234 0.9454031000874513 
79000 0.2153846153846154 0.9454089594451742 
79100 0.2153846153846154 0.9454078751638201 
79200 0.24230769230769228 0.9454039608409502 
79300 0.29615384615384616 0.9453975101035037 
79400 0.20192307692307693 0.9453918425751274 
79500 0.24230769230769234 0.945390624017308 
79600 0.28269230769230774 0.945387234215264 
79700 0.2557692307692308 0.9453792282630691 
79800 0.22884615384615387 0.9453850587952918 
79900 0.29615384615384616 0.9453901927994868 
80000 0.18846153846153849 0.945390586463823 
80100 0.30961538461538457 0.9454002222834696 
80200 0.20192307692307693 0.9454038794835667 
80300 0.22884615384615387 0.9454151910488071 
80400 0.2826923076923077 0.9454137577699474 
80500 0.2826923076923077 0.9454216447064362 
80600 0.22884615384615387 0.9454263706087505 
80700 0.2557692307692308 0.9454255245462914 
80800 0.22884615384615387 0.9454221022270922 
80900 0.24230769230769228 0.9454331885219637 
81000 0.21538461538461534 0.9454423481318212 
81100 0.2692307692307692 0.9454337801013551 
81200 0.16153846153846155 0.9454341537413175 
81300 0.18846153846153846 0.9454456437442501 
81400 0.22884615384615387 0.9454422219345254 
81500 0.2692307692307692 0.9454356230960199 
81600 0.2153846153846154 0.9454302187724573 
81700 0.22884615384615387 0.9454340074926114 
81800 0.22884615384615387 0.9454265808925287 
81900 0.2153846153846154 0.9454241816026165 
82000 0.2153846153846154 0.945421866337465 
82100 0.18846153846153849 0.9454208449942363 
82200 0.22884615384615387 0.9454172137153488 
82300 0.22884615384615387 0.9454103978547789 
82400 0.22884615384615387 0.9454149952748271 
82500 0.2557692307692308 0.9454190765053664 
82600 0.24230769230769228 0.9454200436513 
82700 0.2153846153846154 0.9454176754753532 
82800 0.20192307692307693 0.9454214290116031 
82900 0.2826923076923077 0.945422080522984 
83000 0.18846153846153846 0.9454236572373703 
83100 0.24230769230769228 0.9454212575429528 
83200 0.16153846153846155 0.9454285713405195 
83300 0.22884615384615387 0.9454295189610492 
83400 0.2692307692307692 0.9454389574127348 
83500 0.30961538461538457 0.9454369347334701 
83600 0.2557692307692308 0.9454344568323468 
83700 0.3230769230769231 0.9454334399705423 
83800 0.22884615384615387 0.9454308191659178 
83900 0.16153846153846155 0.9454387099692281 
84000 0.175 0.9454415835708916 
84100 0.25576923076923075 0.9454478802807004 
84200 0.22884615384615387 0.9454502032529609 
84300 0.2692307692307692 0.9454587940222748 
84400 0.18846153846153846 0.945465807459445 
84500 0.2153846153846154 0.9454701871226527 
84600 0.20192307692307693 0.9454702375161353 
84700 0.2153846153846154 0.9454771747616578 
84800 0.24230769230769228 0.9454855696851664 
84900 0.2557692307692308 0.9454816756409199 
85000 0.20192307692307693 0.9454878585138817 
85100 0.3230769230769231 0.9454970398672587 
85200 0.22884615384615387 0.9454948012828789 
85300 0.2153846153846154 0.9454912904198376 
85400 0.2826923076923077 0.9454859112620732 
85500 0.22884615384615387 0.9454846307090725 
85600 0.24230769230769228 0.9454803577360557 
85700 0.2153846153846154 0.9454878754070128 
85800 0.20192307692307693 0.9454915653066024 
85900 0.2826923076923077 0.9454977465114134 
86000 0.2557692307692308 0.9454993293160873 
86100 0.2557692307692308 0.9455031419570159 
86200 0.24230769230769234 0.9455080612129254 
86300 0.22884615384615387 0.9455055041403982 
86400 0.24230769230769234 0.9455067738710289 
86500 0.22884615384615387 0.9455041500928254 
86600 0.30961538461538457 0.945507009897144 
86700 0.16153846153846155 0.9455119332903326 
86800 0.3096153846153846 0.9455066540353576 
86900 0.2826923076923077 0.9454994690391867 
87000 0.24230769230769228 0.9454893901897384 
87100 0.20192307692307693 0.945493096873391 
87200 0.24230769230769228 0.9454918698003639 
87300 0.2826923076923077 0.9454977679640054 
87400 0.20192307692307693 0.945496428339874 
87500 0.2153846153846154 0.945496703480898 
87600 0.2153846153846154 0.9455077713958892 
87700 0.18846153846153846 0.9455087638973798 
87800 0.2153846153846154 0.9455031833350418 
87900 0.2692307692307692 0.9455044340384098 
88000 0.33653846153846156 0.9454943183920695 
88100 0.24230769230769234 0.9454894280719186 
88200 0.18846153846153849 0.9454886914765488 
88300 0.18846153846153846 0.9454991725563406 
88400 0.20192307692307693 0.9455097749503356 
88500 0.14807692307692308 0.9455103578432693 
88600 0.22884615384615387 0.9455102159233603 
88700 0.2153846153846154 0.9455118448929116 
88800 0.25576923076923075 0.9455133980068947 
88900 0.2692307692307693 0.9455080975986253 
89000 0.20192307692307693 0.9455108398378699 
89100 0.22884615384615387 0.9455117773290409 
89200 0.2826923076923077 0.9455113473201835 
89300 0.16153846153846155 0.9455140767080163 
89400 0.22884615384615387 0.9455174094593676 
89500 0.24230769230769228 0.9455169745990519 
89600 0.18846153846153846 0.9455126416572159 
89700 0.33653846153846156 0.9455088186136335 
89800 0.2557692307692308 0.9454940824997952 
89900 0.20192307692307693 0.9454906451227404 
90000 0.20192307692307693 0.9454999289181687 
90100 0.24230769230769228 0.9454975954335006 
90200 0.2826923076923077 0.9455023737584353 
90300 0.24230769230769228 0.9455041600186725 
90400 0.2557692307692308 0.9455124659671623 
90500 0.2153846153846154 0.9455142017130282 
90600 0.24230769230769228 0.9455148015856507 
90700 0.2153846153846154 0.9455149760879576 
90800 0.24230769230769228 0.945509890747278 
90900 0.22884615384615387 0.9455073905423736 
91000 0.22884615384615387 0.9455051423779789 
91100 0.20192307692307693 0.9455111317700642 
91200 0.18846153846153846 0.9455100793148074 
91300 0.22884615384615387 0.9455123290418085 
91400 0.2153846153846154 0.9455114879795682 
91500 0.2557692307692308 0.9455141866181089 
91600 0.22884615384615387 0.9455187688299226 
91700 0.2153846153846154 0.9455235857115335 
91800 0.2153846153846154 0.9455280778741307 
91900 0.28269230769230774 0.9455251316982963 
92000 0.2557692307692308 0.9455227841726358 
92100 0.2557692307692308 0.9455240957599781 
92200 0.2692307692307692 0.9455231449461446 
92300 0.17500000000000002 0.9455264326108087 
92400 0.20192307692307693 0.9455332512496396 
92500 0.22884615384615387 0.9455345804993376 
92600 0.20192307692307696 0.9455382258983192 
92700 0.2557692307692308 0.945534879301775 
92800 0.2692307692307692 0.9455301929494018 
92900 0.22884615384615387 0.945527552213702 
93000 0.3096153846153846 0.9455199544311489 
93100 0.20192307692307693 0.9455096877143901 
93200 0.24230769230769228 0.9455118919985177 
93300 0.18846153846153846 0.9455171145828266 
93400 0.2557692307692308 0.9455232525100621 
93500 0.22884615384615387 0.9455265321445897 
93600 0.28269230769230774 0.9455222371884587 
93700 0.20192307692307693 0.9455154885739938 
93800 0.22884615384615387 0.9455094719071115 
93900 0.25576923076923075 0.945501385938655 
94000 0.22884615384615387 0.9455000683298787 
94100 0.2692307692307692 0.9454936444447715 
94200 0.24230769230769234 0.9455024090603862 
94300 0.2557692307692308 0.9455064647056248 
94400 0.2557692307692308 0.945499001939082 
94500 0.2153846153846154 0.9454922672097623 
94600 0.25576923076923075 0.9454932714702696 
94700 0.2153846153846154 0.9454851693819604 
94800 0.2153846153846154 0.9454871256632315 
94900 0.22884615384615387 0.9454892804620415 
95000 0.24230769230769228 0.9454915656758269 
95100 0.24230769230769228 0.9454956997135838 
95200 0.2153846153846154 0.9454931926754702 
95300 0.2153846153846154 0.9454880003680646 
95400 0.24230769230769228 0.9454889670833424 
95500 0.2692307692307692 0.9454944289749685 
95600 0.20192307692307693 0.9454931742211687 
95700 0.24230769230769228 0.9454956061065193 
95800 0.2557692307692308 0.9454936501653133 
95900 0.2557692307692308 0.9454947062127905 
96000 0.24230769230769228 0.9454989985414147 
96100 0.2826923076923077 0.9454951107795511 
96200 0.17500000000000002 0.9454940630448162 
96300 0.2692307692307692 0.9454981096929259 
96400 0.2692307692307692 0.9454956646103522 
96500 0.16153846153846155 0.9455012290293789 
96600 0.22884615384615387 0.9455063837795383 
96700 0.22884615384615387 0.9454999272141804 
96800 0.2557692307692308 0.9454929873313981 
96900 0.18846153846153849 0.9454871532907363 
97000 0.22884615384615387 0.9454854615561722 
97100 0.22884615384615387 0.9454812316755036 
97200 0.25576923076923075 0.9454885514789734 
97300 0.2692307692307692 0.9454852165063262 
97400 0.22884615384615387 0.9454796178315444 
97500 0.24230769230769234 0.9454797505035452 
97600 0.2153846153846154 0.9454831011346826 
97700 0.22884615384615387 0.9454840829123078 
97800 0.25576923076923075 0.9454810645059211 
97900 0.2557692307692308 0.9454802457427558 
98000 0.18846153846153846 0.9454780877432177 
98100 0.2557692307692308 0.9454744312441992 
98200 0.16153846153846155 0.9454717939840291 
98300 0.2826923076923077 0.9454719987458718 
98400 0.17500000000000002 0.9454745808555729 
98500 0.17500000000000002 0.9454742292086583 
98600 0.20192307692307693 0.9454819072672846 
98700 0.2153846153846154 0.9454865497686745 
98800 0.33653846153846156 0.9454803802722852 
98900 0.22884615384615387 0.945480186220927 
99000 0.20192307692307693 0.9454810933015698 
99100 0.17500000000000002 0.9454828394445552 
99200 0.2557692307692308 0.9454854867312907 
99300 0.2826923076923077 0.94548167330667 
99400 0.175 0.9454766100222384 
99500 0.2692307692307692 0.9454716213392006 
99600 0.22884615384615387 0.9454755886242517 
99700 0.2557692307692308 0.9454745972509084 
99800 0.24230769230769228 0.9454715203768319 
99900 0.17500000000000002 0.9454721071296481 
