0 0.03841463414634147 0.9878048780487805 
100 0.2945121951219512 0.9573774450615793 
200 0.23048780487804876 0.9506431258342434 
300 0.19207317073170732 0.9514828620046998 
400 0.19207317073170732 0.952101453682866 
500 0.21768292682926832 0.9518949905067913 
600 0.23048780487804876 0.9515188101132259 
700 0.21768292682926832 0.9516500817647263 
800 0.25609756097560976 0.9512994427697086 
900 0.19207317073170732 0.9515612733818792 
1000 0.20487804878048782 0.9513809361370337 
1100 0.19207317073170732 0.9514438093972221 
1200 0.2432926829268293 0.9514555959464673 
1300 0.20487804878048782 0.9514679139873643 
1400 0.2432926829268293 0.9517548441009035 
1500 0.16646341463414638 0.9518390178905121 
1600 0.19207317073170732 0.9518365046236347 
1700 0.17926829268292682 0.9522698269310735 
1800 0.15365853658536588 0.9528090762584472 
1900 0.17926829268292682 0.9530093275682888 
2000 0.2432926829268293 0.9527644714228252 
2100 0.17926829268292682 0.9525908104154815 
2200 0.15365853658536588 0.9525728327478641 
2300 0.23048780487804876 0.9527233652388675 
2400 0.20487804878048782 0.9526124785404455 
2500 0.25609756097560976 0.9523788045757307 
2600 0.2560975609756098 0.9521009742969402 
2700 0.23048780487804876 0.9520085153646798 
2800 0.2432926829268293 0.9517963967572557 
2900 0.19207317073170732 0.9517933261028577 
3000 0.20487804878048782 0.9519428483188531 
3100 0.23048780487804876 0.9520030910563863 
3200 0.19207317073170732 0.9519205126446766 
3300 0.23048780487804876 0.9519057417929526 
3400 0.23048780487804876 0.9518864609404695 
3500 0.19207317073170732 0.9519954229105273 
3600 0.15365853658536588 0.9520729336701864 
3700 0.15365853658536588 0.9520638785825848 
3800 0.19207317073170732 0.9520288306671544 
3900 0.14085365853658538 0.952086238050281 
4000 0.20487804878048776 0.9520813394212423 
4100 0.20487804878048782 0.9520276137289537 
4200 0.28170731707317076 0.9519401594277785 
4300 0.15365853658536588 0.9520779342297027 
4400 0.25609756097560976 0.9521304747812305 
4500 0.17926829268292682 0.9521170092283016 
4600 0.17926829268292682 0.9520464798214598 
4700 0.17926829268292685 0.952030185585838 
4800 0.20487804878048782 0.9520348911050035 
4900 0.14085365853658538 0.9520207424069752 
5000 0.19207317073170735 0.951893157953775 
5100 0.2432926829268293 0.9518691935105981 
5200 0.20487804878048782 0.951993870784699 
5300 0.21768292682926832 0.9519959418609466 
5400 0.20487804878048782 0.952066803347167 
5500 0.19207317073170732 0.9520752324411083 
5600 0.20487804878048782 0.951990280481273 
5700 0.16646341463414632 0.9519692736832648 
5800 0.15365853658536588 0.9520756513805442 
5900 0.21768292682926832 0.9521934066569949 
6000 0.2432926829268293 0.9522041041940165 
6100 0.16646341463414638 0.952250930475212 
6200 0.16646341463414635 0.9523223044276887 
6300 0.17926829268292685 0.9524552819722769 
6400 0.23048780487804876 0.952475985078551 
6500 0.19207317073170735 0.9524505610769075 
6600 0.23048780487804876 0.9524319116467941 
6700 0.16646341463414635 0.9523978947445049 
6800 0.19207317073170732 0.9522245652540337 
6900 0.19207317073170732 0.952256389141199 
7000 0.23048780487804876 0.952271626701412 
7100 0.2432926829268293 0.9522439299171191 
7200 0.21768292682926832 0.9523084530942518 
7300 0.21768292682926832 0.9524012748003113 
7400 0.21768292682926832 0.9523931340853741 
7500 0.12804878048780488 0.9523892749259448 
7600 0.21768292682926832 0.9524573146665555 
7700 0.15365853658536588 0.9525204202178368 
7800 0.26890243902439026 0.9524822489924681 
7900 0.17926829268292682 0.9524411852775659 
8000 0.2432926829268293 0.9523881923296174 
8100 0.12804878048780488 0.9523180667246741 
8200 0.20487804878048782 0.9523091324377455 
8300 0.21768292682926832 0.952336406721494 
8400 0.21768292682926832 0.9523594026262844 
8500 0.21768292682926832 0.9523284204727708 
8600 0.23048780487804876 0.9523839400410049 
8700 0.20487804878048782 0.9523162462402696 
8800 0.19207317073170735 0.9523547074750375 
8900 0.21768292682926832 0.9524186786357247 
9000 0.16646341463414638 0.9524531149655459 
9100 0.20487804878048782 0.9524951693863714 
9200 0.16646341463414635 0.9525078133076733 
9300 0.2432926829268293 0.9525005179091679 
9400 0.17926829268292685 0.9524988908808352 
9500 0.21768292682926832 0.9524751566587343 
9600 0.29451219512195126 0.9523868194624036 
9700 0.19207317073170732 0.9523163314820449 
9800 0.21768292682926832 0.9522793219208593 
9900 0.21768292682926832 0.9522125752264492 
10000 0.19207317073170732 0.9521965486378191 
10100 0.17926829268292682 0.9522031747641504 
10200 0.21768292682926832 0.9521818759997226 
10300 0.16646341463414635 0.9521379051524715 
10400 0.20487804878048782 0.9521029872831177 
10500 0.15365853658536585 0.9520574114892658 
10600 0.16646341463414638 0.95213894915574 
10700 0.19207317073170732 0.9521277929347839 
10800 0.10243902439024391 0.9521411183697986 
10900 0.16646341463414635 0.9522023041072535 
11000 0.19207317073170732 0.9522188670209581 
11100 0.16646341463414632 0.9522406243339976 
11200 0.20487804878048782 0.9522630819112405 
11300 0.17926829268292685 0.9523007892675157 
11400 0.21768292682926832 0.9523439856580831 
11500 0.21768292682926832 0.9522955055870009 
11600 0.14085365853658538 0.9523088316608534 
11700 0.29451219512195126 0.9523550207299355 
11800 0.23048780487804882 0.9523683916823915 
11900 0.16646341463414635 0.9523892232872417 
12000 0.17926829268292682 0.9524140264734037 
12100 0.19207317073170732 0.9524159966622392 
12200 0.17926829268292682 0.9524006928660386 
12300 0.20487804878048782 0.9524213280300432 
12400 0.24329268292682926 0.9524077031553317 
12500 0.25609756097560976 0.9523545433438496 
12600 0.24329268292682926 0.9523010175344194 
12700 0.15365853658536588 0.95231890709585 
12800 0.19207317073170732 0.9522996012125577 
12900 0.17926829268292682 0.9523418018266687 
13000 0.23048780487804876 0.9523594338897008 
13100 0.20487804878048782 0.9523249016552451 
13200 0.23048780487804876 0.9523045186894563 
13300 0.17926829268292685 0.9523119479371622 
13400 0.12804878048780488 0.9523308690105035 
13500 0.17926829268292685 0.9523490581546805 
13600 0.21768292682926832 0.9523398566461218 
13700 0.19207317073170732 0.9523683957553392 
13800 0.2689024390243902 0.952304401766574 
13900 0.21768292682926832 0.9522887018129946 
14000 0.19207317073170735 0.9522625561588807 
14100 0.17926829268292682 0.9522510512141502 
14200 0.23048780487804882 0.9522403523626815 
14300 0.17926829268292682 0.9521965460372036 
14400 0.20487804878048776 0.9522111438738163 
14500 0.19207317073170732 0.9522236481588318 
14600 0.2432926829268293 0.9522372340016805 
14700 0.23048780487804882 0.9522151720224773 
14800 0.24329268292682926 0.9521857867217278 
14900 0.17926829268292685 0.9521846217556196 
15000 0.20487804878048782 0.9521832690828741 
15100 0.15365853658536588 0.9522097955070008 
15200 0.24329268292682926 0.9521834250314084 
15300 0.17926829268292682 0.952151222381448 
15400 0.19207317073170732 0.9521608115405873 
15500 0.19207317073170732 0.9521553290818373 
15600 0.21768292682926832 0.9521829432447263 
15700 0.19207317073170732 0.9521775838419488 
15800 0.20487804878048782 0.9521508749832135 
15900 0.20487804878048782 0.952173777995248 
16000 0.20487804878048782 0.9522118282241506 
16100 0.21768292682926832 0.9522020674371081 
16200 0.19207317073170735 0.9521854643118989 
16300 0.25609756097560976 0.9521550376230098 
16400 0.14085365853658538 0.952131116335857 
16500 0.16646341463414635 0.9521725216949157 
16600 0.10243902439024391 0.952203143801211 
16700 0.20487804878048782 0.9522472730565279 
16800 0.19207317073170732 0.9522870662460567 
16900 0.20487804878048782 0.9522924751169292 
17000 0.23048780487804876 0.9523062488433248 
17100 0.20487804878048782 0.9522998940298741 
17200 0.17926829268292685 0.9523180728290046 
17300 0.16646341463414635 0.9523265256061612 
17400 0.20487804878048782 0.9523145571953392 
17500 0.2432926829268293 0.9522659680770855 
17600 0.20487804878048782 0.9522096166930648 
17700 0.19207317073170732 0.9522009229187823 
17800 0.16646341463414638 0.9522209289420572 
17900 0.19207317073170732 0.9522323660893723 
18000 0.20487804878048782 0.9522416437569187 
18100 0.26890243902439026 0.9522513242092809 
18200 0.23048780487804876 0.9522699436241107 
18300 0.23048780487804882 0.9522630377388414 
18400 0.20487804878048782 0.952273106843345 
18500 0.17926829268292682 0.9522888347498685 
18600 0.21768292682926832 0.9522793162182469 
18700 0.2432926829268293 0.9522107204388444 
18800 0.21768292682926832 0.9522078807432401 
18900 0.15365853658536585 0.9522300729991058 
19000 0.28170731707317076 0.9521921824396918 
19100 0.16646341463414635 0.9521933151246071 
19200 0.20487804878048776 0.952200628524175 
19300 0.19207317073170732 0.9522203449587472 
19400 0.23048780487804876 0.9522257150436048 
19500 0.19207317073170735 0.9522124256292047 
19600 0.14085365853658538 0.9522319356528599 
19700 0.23048780487804882 0.952235153347422 
19800 0.17926829268292682 0.9522180143648818 
19900 0.14085365853658538 0.9522372021996689 
20000 0.20487804878048782 0.9522493387525746 
20100 0.19207317073170732 0.9522398169730665 
20200 0.21768292682926832 0.9522385392657451 
20300 0.17926829268292685 0.9522450834453667 
20400 0.20487804878048782 0.9522206288309636 
20500 0.14085365853658538 0.9522395397725988 
20600 0.21768292682926832 0.9522572311786901 
20700 0.23048780487804876 0.9522519237317392 
20800 0.21768292682926832 0.9522638158812722 
20900 0.16646341463414632 0.952277344647998 
21000 0.20487804878048782 0.9522823245350686 
21100 0.17926829268292682 0.9522989605162626 
21200 0.25609756097560976 0.9523128510965313 
21300 0.14085365853658538 0.9523217448854456 
21400 0.23048780487804882 0.9523459412085827 
21500 0.16646341463414638 0.9523368737245347 
21600 0.20487804878048782 0.9523484967385205 
21700 0.2689024390243902 0.9523387985941977 
21800 0.26890243902439026 0.9523235955835546 
21900 0.10243902439024391 0.9523386001975631 
22000 0.25609756097560976 0.9523483411507903 
22100 0.25609756097560976 0.9523384053916554 
22200 0.20487804878048776 0.952302192496273 
22300 0.21768292682926826 0.9522676714704907 
22400 0.14085365853658538 0.9522706140078677 
22500 0.2560975609756098 0.9522751563345152 
22600 0.19207317073170732 0.9522644152374005 
22700 0.16646341463414635 0.9522663931211798 
22800 0.16646341463414638 0.9522822597639599 
22900 0.17926829268292685 0.9523021148293663 
23000 0.17926829268292682 0.9523125187558124 
23100 0.19207317073170732 0.9523058076886124 
23200 0.21768292682926832 0.9523199168244431 
23300 0.25609756097560976 0.9523078670338654 
23400 0.2432926829268293 0.9523360477611442 
23500 0.24329268292682926 0.9523268859342778 
23600 0.2432926829268293 0.9523238732133095 
23700 0.17926829268292682 0.952315611876004 
23800 0.23048780487804876 0.9523160022995549 
23900 0.20487804878048782 0.9523066949949027 
24000 0.16646341463414635 0.9522963220028434 
24100 0.19207317073170732 0.9523150036280248 
24200 0.15365853658536588 0.9523126186077777 
24300 0.15365853658536588 0.9523161497920892 
24400 0.29451219512195126 0.9523216511518421 
24500 0.19207317073170732 0.9523197659428535 
24600 0.16646341463414635 0.9523260753826188 
24700 0.15365853658536588 0.9523429484932475 
24800 0.16646341463414632 0.9523481301403071 
24900 0.19207317073170732 0.9523962452286665 
25000 0.15365853658536588 0.9524069037238511 
25100 0.15365853658536585 0.9524346032273517 
25200 0.19207317073170735 0.9524353466422645 
25300 0.23048780487804882 0.9524112610992913 
25400 0.20487804878048782 0.952411010321276 
25500 0.23048780487804882 0.9524130330613529 
25600 0.19207317073170735 0.952425400684615 
25700 0.19207317073170732 0.9524364858157744 
25800 0.20487804878048782 0.9524428765759694 
25900 0.15365853658536585 0.9524508659143964 
26000 0.21768292682926832 0.9524644221000881 
26100 0.16646341463414635 0.9524733189364766 
26200 0.23048780487804876 0.9524735371299364 
26300 0.21768292682926832 0.9524710875316806 
26400 0.15365853658536588 0.9524663468955814 
26500 0.19207317073170732 0.9524791287213276 
26600 0.2432926829268293 0.9524600670614803 
26700 0.16646341463414638 0.9524479991157726 
26800 0.20487804878048782 0.952460365057365 
26900 0.14085365853658538 0.9524728657289918 
27000 0.21768292682926832 0.9524894516101933 
27100 0.16646341463414635 0.9525065900727271 
27200 0.23048780487804876 0.9524945729219065 
27300 0.16646341463414635 0.9525012931716073 
27400 0.19207317073170732 0.9524808156369582 
27500 0.16646341463414632 0.9524783355993264 
27600 0.21768292682926832 0.9524644962492522 
27700 0.26890243902439026 0.9524392004867307 
27800 0.20487804878048782 0.9524164993187646 
27900 0.19207317073170732 0.95241854693555 
28000 0.24329268292682926 0.9524093651707561 
28100 0.16646341463414635 0.9523973194253134 
28200 0.20487804878048782 0.9523675211309753 
28300 0.19207317073170732 0.9523704669575581 
28400 0.17926829268292682 0.9523536400727903 
28500 0.17926829268292685 0.9523617485394179 
28600 0.21768292682926832 0.9523654298289076 
28700 0.16646341463414635 0.9523594189375572 
28800 0.26890243902439026 0.9523532380735426 
28900 0.20487804878048776 0.9523243140375766 
29000 0.21768292682926832 0.9523131456358528 
29100 0.17926829268292685 0.9523281405969621 
29200 0.15365853658536588 0.9523534735278862 
29300 0.20487804878048782 0.9523763444350938 
29400 0.20487804878048782 0.9523760391425213 
29500 0.16646341463414632 0.9523691218404337 
29600 0.20487804878048782 0.9523484498298921 
29700 0.15365853658536588 0.9523289435109765 
29800 0.21768292682926832 0.9523280852418604 
29900 0.16646341463414638 0.9523325347630922 
30000 0.17926829268292682 0.9523499623183292 
30100 0.23048780487804882 0.952335875722466 
30200 0.23048780487804882 0.9523224881101499 
30300 0.19207317073170732 0.9523248850355901 
30400 0.21768292682926832 0.952343111306512 
30500 0.20487804878048782 0.9523395274525186 
30600 0.24329268292682926 0.9523309855169726 
30700 0.21768292682926832 0.9523318339515436 
30800 0.21768292682926832 0.9523232734762334 
30900 0.19207317073170732 0.9523387434773996 
31000 0.23048780487804882 0.9523175294896074 
31100 0.17926829268292682 0.9523103719510234 
31200 0.23048780487804876 0.952317721992963 
31300 0.17926829268292682 0.9523411938058551 
31400 0.20487804878048782 0.9523491756127077 
31500 0.25609756097560976 0.9523465573295776 
31600 0.19207317073170732 0.952347332324309 
31700 0.19207317073170732 0.9523485832946718 
31800 0.19207317073170732 0.9523762866791273 
31900 0.21768292682926832 0.9523752409321216 
32000 0.16646341463414638 0.9523750591635475 
32100 0.2432926829268293 0.952365096140915 
32200 0.23048780487804882 0.9523494195377965 
32300 0.21768292682926832 0.9523331792944566 
32400 0.15365853658536588 0.9523372697771297 
32500 0.15365853658536588 0.9523686325598987 
32600 0.20487804878048782 0.9523777326896302 
32700 0.20487804878048782 0.9523804373849983 
32800 0.20487804878048782 0.9523813595807981 
32900 0.25609756097560976 0.9523693956963277 
33000 0.16646341463414635 0.9523668351513369 
33100 0.17926829268292685 0.9523754348295423 
33200 0.20487804878048782 0.952358821839777 
33300 0.16646341463414635 0.9523686756641747 
33400 0.17926829268292682 0.9523725374075992 
33500 0.2432926829268293 0.9523599950784141 
33600 0.20487804878048782 0.9523399056793461 
33700 0.26890243902439026 0.9523302485777002 
33800 0.23048780487804876 0.9523145151572222 
33900 0.2432926829268293 0.9523045402646587 
34000 0.2432926829268293 0.9522810842722703 
34100 0.16646341463414635 0.9522715341299626 
34200 0.25609756097560976 0.9522651598405695 
34300 0.25609756097560976 0.9522669110834427 
34400 0.20487804878048782 0.9522768056232058 
34500 0.23048780487804882 0.9522611928533709 
34600 0.2689024390243903 0.9522573011776764 
34700 0.20487804878048782 0.9522352452062604 
34800 0.17926829268292685 0.9522388093697897 
34900 0.19207317073170735 0.9522427025293146 
35000 0.15365853658536588 0.9522538032014416 
35100 0.21768292682926832 0.952262234902626 
35200 0.20487804878048782 0.9522570208302009 
35300 0.17926829268292685 0.9522656547420407 
35400 0.19207317073170732 0.952270019931916 
35500 0.25609756097560976 0.9522801144041975 
35600 0.17926829268292685 0.9522969175297213 
35700 0.20487804878048782 0.9522854453076056 
35800 0.21768292682926832 0.9522771880605597 
35900 0.19207317073170735 0.9522789975956917 
36000 0.24329268292682926 0.9522702960148126 
36100 0.21768292682926832 0.952260122515355 
36200 0.20487804878048782 0.9522681963373872 
36300 0.19207317073170732 0.9522514497685678 
36400 0.20487804878048782 0.9522455159031412 
36500 0.23048780487804876 0.9522381946101043 
36600 0.20487804878048782 0.9522393263945207 
36700 0.16646341463414632 0.9522636287573742 
36800 0.19207317073170732 0.9522690760656689 
36900 0.23048780487804882 0.9522573087780687 
37000 0.17926829268292682 0.9522561519431577 
37100 0.17926829268292682 0.9522545904686022 
37200 0.25609756097560976 0.952242711151877 
37300 0.23048780487804876 0.9522292608384919 
37400 0.15365853658536588 0.952217268222253 
37500 0.23048780487804876 0.952213306832143 
37600 0.24329268292682926 0.9522262316583433 
37700 0.23048780487804882 0.9522319715916185 
37800 0.17926829268292682 0.95222348615116 
37900 0.14085365853658538 0.9522238939573638 
38000 0.19207317073170732 0.9522415488424245 
38100 0.20487804878048782 0.9522487086633025 
38200 0.15365853658536588 0.9522493664768066 
38300 0.21768292682926832 0.9522654633611426 
38400 0.17926829268292685 0.9522472579156666 
38500 0.23048780487804876 0.9522564665726135 
38600 0.25609756097560976 0.9522537802319035 
38700 0.21768292682926832 0.9522656816707957 
38800 0.21768292682926832 0.952259842435542 
38900 0.23048780487804876 0.9522530143748265 
39000 0.20487804878048782 0.952253569483209 
39100 0.21768292682926832 0.9522510808469125 
39200 0.16646341463414635 0.9522657149736723 
39300 0.17926829268292685 0.9522729825654532 
39400 0.23048780487804876 0.9522852428531899 
39500 0.21768292682926832 0.9522877932698215 
39600 0.23048780487804882 0.9522889450315679 
39700 0.19207317073170732 0.9522876335977284 
39800 0.17926829268292682 0.9522908481892537 
39900 0.19207317073170732 0.9522987840026016 
40000 0.23048780487804876 0.9522920463573776 
40100 0.30731707317073176 0.9522688443387763 
40200 0.16646341463414638 0.9522537207847639 
40300 0.17926829268292685 0.9522804312184955 
40400 0.19207317073170732 0.9522879172877271 
40500 0.21768292682926832 0.952288139829128 
40600 0.23048780487804882 0.9522798759612433 
40700 0.14085365853658538 0.9522901546734933 
40800 0.20487804878048782 0.9522859614272965 
40900 0.16646341463414638 0.9522884227888757 
41000 0.19207317073170735 0.9522921362417692 
41100 0.19207317073170732 0.9523027301572984 
41200 0.23048780487804882 0.952306686849301 
41300 0.19207317073170732 0.952309148009763 
41400 0.24329268292682926 0.9523160156965691 
41500 0.19207317073170735 0.9523282130727382 
41600 0.21768292682926832 0.9523145550558412 
41700 0.19207317073170732 0.9523121484482152 
41800 0.20487804878048782 0.9523266014758662 
41900 0.28170731707317076 0.9523080973095118 
42000 0.25609756097560976 0.952296141613353 
42100 0.2432926829268293 0.9522872117631178 
42200 0.15365853658536588 0.9522964575455095 
42300 0.21768292682926832 0.9523112813454794 
42400 0.14085365853658538 0.952305830338792 
42500 0.19207317073170732 0.9522990420311488 
42600 0.15365853658536588 0.9522903533124437 
42700 0.26890243902439026 0.9523120495835763 
42800 0.21768292682926832 0.9523077161976499 
42900 0.23048780487804876 0.9523071694843659 
43000 0.21768292682926832 0.9523086105201184 
43100 0.16646341463414635 0.9523238383354808 
43200 0.16646341463414635 0.9523225523799416 
43300 0.20487804878048776 0.9523212019550047 
43400 0.17926829268292682 0.9523246345341037 
43500 0.23048780487804882 0.9523366718230756 
43600 0.17926829268292682 0.9523423606865137 
43700 0.19207317073170732 0.9523397215334136 
43800 0.21768292682926832 0.952336885615152 
43900 0.16646341463414635 0.9523382988664628 
44000 0.19207317073170735 0.9523331232494162 
44100 0.20487804878048782 0.9523330177237284 
44200 0.26890243902439026 0.9523355337397178 
44300 0.2432926829268293 0.9523217281336489 
44400 0.17926829268292685 0.9523127225765625 
44500 0.25609756097560976 0.9523191038184398 
44600 0.21768292682926832 0.9522965415300215 
44700 0.16646341463414632 0.9522871071253385 
44800 0.20487804878048782 0.9522884669930604 
44900 0.21768292682926832 0.9522818085967991 
45000 0.25609756097560976 0.952254177549442 
45100 0.16646341463414638 0.9522495850776117 
45200 0.25609756097560976 0.9522384703338638 
45300 0.17926829268292685 0.9522258567489761 
45400 0.19207317073170732 0.9522244460071525 
45500 0.25609756097560976 0.9522215003583411 
45600 0.17926829268292682 0.9522220442320211 
45700 0.23048780487804876 0.952225454318393 
45800 0.19207317073170732 0.9522146044313656 
45900 0.20487804878048782 0.9522116394722258 
46000 0.24329268292682926 0.9521972878638375 
46100 0.23048780487804876 0.9521900747087122 
46200 0.2432926829268293 0.9521782735142994 
46300 0.17926829268292685 0.9521749517078333 
46400 0.21768292682926832 0.9521796602365067 
46500 0.23048780487804876 0.9521753662785117 
46600 0.26890243902439026 0.952169258903164 
46700 0.19207317073170732 0.9521592607041892 
46800 0.17926829268292682 0.9521508035319237 
46900 0.16646341463414632 0.952160258687084 
47000 0.21768292682926832 0.9521552732920576 
47100 0.21768292682926832 0.9521595652518382 
47200 0.19207317073170732 0.9521466577030975 
47300 0.19207317073170732 0.9521494028126049 
47400 0.20487804878048782 0.9521537443122791 
47500 0.21768292682926832 0.952152932852248 
47600 0.16646341463414635 0.9521512281203357 
47700 0.21768292682926832 0.9521503614231128 
47800 0.16646341463414632 0.9521494983521622 
47900 0.16646341463414635 0.9521512484336342 
48000 0.17926829268292682 0.9521579453883329 
48100 0.21768292682926832 0.9521761501839878 
48200 0.25609756097560976 0.952164741041199 
48300 0.20487804878048782 0.9521578606916687 
48400 0.21768292682926832 0.9521637957490295 
48500 0.26890243902439026 0.9521545570345293 
48600 0.15365853658536588 0.9521629836985187 
48700 0.17926829268292682 0.9521858368211 
48800 0.20487804878048782 0.9521983505935754 
48900 0.25609756097560976 0.9521990297968868 
49000 0.17926829268292685 0.9521876980111407 
49100 0.20487804878048782 0.9521828078609497 
49200 0.19207317073170732 0.9521855593853189 
49300 0.21768292682926832 0.9522043781826025 
49400 0.26890243902439026 0.9522059640344992 
49500 0.17926829268292682 0.9522072971179197 
49600 0.14085365853658538 0.9522197501918972 
49700 0.17926829268292682 0.9522301288534706 
49800 0.19207317073170732 0.9522339765926926 
49900 0.26890243902439026 0.9522274224916555 
50000 0.17926829268292682 0.9522327236382102 
50100 0.20487804878048782 0.952240316025044 
50200 0.23048780487804876 0.952232209444861 
50300 0.16646341463414635 0.9522309234990721 
50400 0.23048780487804876 0.952225408322812 
50500 0.21768292682926832 0.9522272198425435 
50600 0.21768292682926832 0.9522248066050946 
50700 0.23048780487804876 0.9522158484390312 
50800 0.19207317073170732 0.9522164677956695 
50900 0.17926829268292682 0.9522266681233442 
51000 0.19207317073170732 0.9522322852588735 
51100 0.20487804878048782 0.9522414601212997 
51200 0.23048780487804882 0.9522262451047784 
51300 0.19207317073170732 0.9522213112376928 
51400 0.24329268292682926 0.9522158627453865 
51500 0.2560975609756098 0.9522142241140475 
51600 0.20487804878048782 0.9522133599225956 
51700 0.23048780487804876 0.9522100813259733 
51800 0.23048780487804876 0.9522009298247844 
51900 0.23048780487804882 0.9522034445503893 
52000 0.28170731707317076 0.9522024904774345 
52100 0.19207317073170732 0.9522070406401075 
52200 0.17926829268292685 0.952205032050129 
52300 0.21768292682926832 0.9522092684885473 
52400 0.23048780487804882 0.9522077287670455 
52500 0.20487804878048782 0.9522000393953007 
52600 0.15365853658536588 0.9522098253719558 
52700 0.19207317073170732 0.9522215989792391 
52800 0.21768292682926832 0.9522232810631358 
52900 0.11524390243902438 0.9522344660366511 
53000 0.16646341463414635 0.9522499230341259 
53100 0.17926829268292682 0.9522488437818222 
53200 0.21768292682926832 0.9522533273489724 
53300 0.26890243902439026 0.9522500721855308 
53400 0.15365853658536585 0.9522466579368889 
53500 0.20487804878048782 0.9522547675197318 
53600 0.17926829268292685 0.9522546562427622 
53700 0.20487804878048782 0.9522507983454911 
53800 0.23048780487804876 0.9522543215943489 
53900 0.19207317073170732 0.952263544592367 
54000 0.20487804878048782 0.9522614983191369 
54100 0.19207317073170735 0.9522706176027583 
54200 0.21768292682926832 0.9522590596609458 
54300 0.16646341463414632 0.9522587734763004 
54400 0.21768292682926832 0.9522607300529358 
54500 0.20487804878048782 0.9522570295197089 
54600 0.16646341463414632 0.952258814611186 
54700 0.20487804878048782 0.9522623209724173 
54800 0.20487804878048782 0.9522575807544904 
54900 0.21768292682926832 0.9522444724228667 
55000 0.21768292682926832 0.9522403362067474 
55100 0.19207317073170732 0.9522404754727571 
55200 0.20487804878048782 0.9522423263806197 
55300 0.2432926829268293 0.9522313251513557 
55400 0.20487804878048782 0.95222306016313 
55500 0.19207317073170732 0.9522314693516838 
55600 0.23048780487804882 0.9522376001308978 
55700 0.17926829268292682 0.9522506054758398 
55800 0.24329268292682926 0.952247774211582 
55900 0.24329268292682926 0.9522511705144242 
56000 0.19207317073170732 0.9522455718343009 
56100 0.23048780487804882 0.9522286894586027 
56200 0.23048780487804876 0.9522350309711528 
56300 0.12804878048780488 0.952236043114947 
56400 0.23048780487804876 0.9522442950976912 
56500 0.16646341463414635 0.9522445318256832 
56600 0.23048780487804882 0.9522418051736568 
56700 0.19207317073170732 0.9522358082040107 
56800 0.21768292682926832 0.9522230156545681 
56900 0.19207317073170732 0.9522207162547188 
57000 0.24329268292682926 0.9522076741486349 
57100 0.16646341463414638 0.952204235028988 
57200 0.11524390243902438 0.9522274576472098 
57300 0.16646341463414638 0.9522386809747925 
57400 0.26890243902439026 0.9522343559919284 
57500 0.23048780487804876 0.9522271828994703 
57600 0.19207317073170732 0.9522226282487474 
57700 0.15365853658536588 0.9522450365445753 
57800 0.28170731707317076 0.9522453194117243 
57900 0.21768292682926832 0.9522339645340807 
58000 0.19207317073170732 0.9522345809008339 
58100 0.16646341463414635 0.9522429087950713 
58200 0.17926829268292685 0.9522493222604087 
58300 0.26890243902439026 0.9522468237795361 
58400 0.21768292682926832 0.9522467874547754 
58500 0.16646341463414632 0.9522388297719322 
58600 0.25609756097560976 0.9522371423779084 
58700 0.21768292682926832 0.9522416932274806 
58800 0.21768292682926832 0.952242858405013 
58900 0.23048780487804876 0.9522622395329741 
59000 0.19207317073170732 0.9522617123893311 
59100 0.21768292682926832 0.9522635083967462 
59200 0.24329268292682926 0.9522598909626196 
59300 0.19207317073170732 0.9522582907950797 
59400 0.16646341463414635 0.952257517221727 
59500 0.25609756097560976 0.9522534669431668 
59600 0.20487804878048782 0.9522424734238786 
59700 0.23048780487804876 0.952243517594386 
59800 0.2432926829268293 0.9522302323029919 
59900 0.25609756097560976 0.9522218265829676 
60000 0.20487804878048782 0.9522158878652836 
60100 0.14085365853658538 0.9522173244144714 
60200 0.20487804878048782 0.9522240737432042 
60300 0.19207317073170732 0.9522289805492041 
60400 0.19207317073170732 0.9522396758089533 
60500 0.20487804878048782 0.9522378384392759 
60600 0.26890243902439026 0.9522396293871026 
60700 0.12804878048780488 0.9522501537926205 
60800 0.15365853658536585 0.9522525704607715 
60900 0.21768292682926832 0.9522424138175472 
61000 0.19207317073170732 0.9522402371652444 
61100 0.25609756097560976 0.9522395645594399 
61200 0.20487804878048782 0.9522397410212889 
61300 0.21768292682926832 0.9522412100069191 
61400 0.2432926829268293 0.9522326938347314 
61500 0.21768292682926832 0.9522205865381527 
61600 0.19207317073170732 0.9522211391088441 
61700 0.16646341463414632 0.9522310782012863 
61800 0.16646341463414638 0.9522361999036246 
61900 0.19207317073170732 0.9522324396035999 
62000 0.17926829268292685 0.9522392636468098 
62100 0.15365853658536588 0.9522465566518115 
62200 0.16646341463414635 0.9522519636379464 
62300 0.19207317073170732 0.9522523128274573 
62400 0.19207317073170732 0.9522528074714249 
62500 0.17926829268292682 0.952257837045339 
62600 0.17926829268292685 0.95225754205594 
62700 0.20487804878048782 0.9522623049151976 
62800 0.20487804878048782 0.9522637514316418 
62900 0.23048780487804876 0.9522608310930727 
63000 0.17926829268292685 0.9522676469324335 
63100 0.17926829268292682 0.9522654060988558 
63200 0.21768292682926832 0.9522481216529068 
63300 0.12804878048780488 0.9522516020052856 
63400 0.2432926829268293 0.9522583893998748 
63500 0.19207317073170735 0.9522580016984561 
63600 0.19207317073170732 0.95224980164064 
63700 0.20487804878048782 0.9522554590979734 
63800 0.23048780487804882 0.9522557945991366 
63900 0.2432926829268293 0.9522440581677221 
64000 0.19207317073170732 0.9522512224466005 
64100 0.21768292682926832 0.9522549874607185 
64200 0.19207317073170732 0.952241692534992 
64300 0.17926829268292682 0.9522352191920544 
64400 0.12804878048780488 0.952239086198101 
64500 0.21768292682926832 0.9522479515348788 
64600 0.19207317073170732 0.952234230686605 
64700 0.21768292682926832 0.952232615245891 
64800 0.19207317073170732 0.9522331690153834 
64900 0.17926829268292685 0.9522426934682129 
65000 0.25609756097560976 0.9522371325619381 
65100 0.19207317073170732 0.9522392691131716 
65200 0.19207317073170732 0.952245139888248 
65300 0.23048780487804876 0.9522489850937926 
65400 0.25609756097560976 0.9522299297280827 
65500 0.17926829268292682 0.9522260598516277 
65600 0.21768292682926832 0.9522273604544249 
65700 0.23048780487804882 0.9522147359378649 
65800 0.14085365853658538 0.9522130381293783 
65900 0.20487804878048782 0.9522061640132038 
66000 0.2432926829268293 0.9522086417020289 
66100 0.25609756097560976 0.9521998117441122 
66200 0.17926829268292682 0.9522012323150376 
66300 0.16646341463414635 0.9522061433793626 
66400 0.19207317073170732 0.9522062186104309 
66500 0.16646341463414638 0.9522083108231272 
66600 0.16646341463414638 0.9522127313696674 
66700 0.17926829268292685 0.9522159045408688 
66800 0.25609756097560976 0.9522152344732681 
66900 0.21768292682926832 0.9522086876823089 
67000 0.19207317073170735 0.9522059827283248 
67100 0.25609756097560976 0.9521986513959118 
67200 0.19207317073170732 0.9521981470949366 
67300 0.28170731707317076 0.9521807924428333 
67400 0.20487804878048782 0.9521790495979469 
67500 0.23048780487804876 0.9521724339404547 
67600 0.21768292682926832 0.9521653417596291 
67700 0.25609756097560976 0.9521575950349834 
67800 0.17926829268292685 0.9521615175112533 
67900 0.20487804878048782 0.9521563136575093 
68000 0.20487804878048776 0.9521527391455147 
68100 0.21768292682926832 0.9521507867976582 
68200 0.2432926829268293 0.9521433864248467 
68300 0.21768292682926832 0.9521524342928236 
68400 0.17926829268292685 0.952149911515343 
68500 0.16646341463414635 0.95215233639103 
68600 0.16646341463414638 0.9521532431618539 
68700 0.16646341463414638 0.9521506414682784 
68800 0.19207317073170732 0.9521497755456617 
68900 0.15365853658536585 0.9521455492344796 
69000 0.30731707317073176 0.9521472559075672 
69100 0.16646341463414635 0.9521428248717589 
69200 0.17926829268292682 0.9521507866268675 
69300 0.23048780487804876 0.9521611450367977 
69400 0.19207317073170732 0.9521674759729687 
69500 0.17926829268292685 0.9521756749595812 
69600 0.21768292682926832 0.9521757905076357 
69700 0.29451219512195126 0.9521613837643089 
69800 0.19207317073170732 0.9521664550895734 
69900 0.23048780487804876 0.9521801041961436 
70000 0.19207317073170732 0.9521827824062443 
70100 0.21768292682926832 0.9521815387623641 
70200 0.15365853658536588 0.952186205046763 
70300 0.17926829268292685 0.9521860008930241 
70400 0.16646341463414638 0.9521926396555481 
70500 0.17926829268292685 0.9521948486459801 
70600 0.21768292682926832 0.9521994264573742 
70700 0.2560975609756098 0.9522014039888351 
70800 0.20487804878048782 0.9522035051179173 
70900 0.16646341463414638 0.9522012572666594 
71000 0.21768292682926832 0.9522064443613126 
71100 0.17926829268292685 0.9521981097998348 
71200 0.17926829268292685 0.9522041859510743 
71300 0.26890243902439026 0.9522058408512726 
71400 0.21768292682926832 0.9522023244874961 
71500 0.28170731707317076 0.9521885417942304 
71600 0.21768292682926832 0.9521807588189428 
71700 0.23048780487804876 0.9521681501873804 
71800 0.16646341463414635 0.9521631772911648 
71900 0.15365853658536588 0.9521686068343973 
72000 0.25609756097560976 0.9521683049117543 
72100 0.26890243902439026 0.9521644941834642 
72200 0.2432926829268293 0.952158202659851 
72300 0.16646341463414635 0.9521601512781425 
72400 0.16646341463414635 0.9521661791492572 
72500 0.17926829268292685 0.9521831237987971 
72600 0.12804878048780488 0.9521953184814695 
72700 0.20487804878048782 0.9521981698510538 
72800 0.23048780487804882 0.9521954016981139 
72900 0.25609756097560976 0.9521838587646929 
73000 0.20487804878048782 0.9521846677008434 
73100 0.21768292682926832 0.9521854744237925 
73200 0.2432926829268293 0.9521797816303322 
73300 0.17926829268292685 0.95217897070582 
73400 0.17926829268292682 0.9521713085586326 
73500 0.19207317073170732 0.9521708017246157 
73600 0.25609756097560976 0.9521675209211433 
73700 0.19207317073170732 0.9521667310335333 
73800 0.25609756097560976 0.952170776653499 
73900 0.23048780487804876 0.9521647863770285 
74000 0.20487804878048782 0.9521671345245499 
74100 0.15365853658536588 0.9521675425860748 
74200 0.20487804878048782 0.9521688534866238 
74300 0.23048780487804876 0.9521577279103028 
74400 0.23048780487804876 0.952155893197082 
74500 0.21768292682926832 0.9521569279967105 
74600 0.23048780487804876 0.9521490099688064 
74700 0.21768292682926832 0.9521398887467142 
74800 0.2689024390243903 0.9521395550013841 
74900 0.28170731707317076 0.952129249633907 
75000 0.20487804878048782 0.9521299065605955 
75100 0.16646341463414638 0.9521363263325713 
75200 0.15365853658536588 0.95214349932425 
75300 0.20487804878048782 0.9521481835015957 
75400 0.23048780487804876 0.9521476392400825 
75500 0.17926829268292685 0.9521468137556569 
75600 0.21768292682926832 0.952149579580345 
75700 0.23048780487804882 0.9521510493304692 
75800 0.23048780487804876 0.9521500617309573 
75900 0.17926829268292685 0.9521513261337539 
76000 0.2432926829268293 0.9521557964096108 
76100 0.20487804878048782 0.9521490374954209 
76200 0.17926829268292682 0.952146697389862 
76300 0.20487804878048782 0.9521375706804341 
76400 0.2432926829268293 0.9521304631116755 
76500 0.2432926829268293 0.9521328989482363 
76600 0.14085365853658538 0.9521424925676001 
76700 0.20487804878048782 0.9521468540652474 
76800 0.17926829268292682 0.9521533875479898 
76900 0.20487804878048782 0.9521575253073242 
77000 0.17926829268292685 0.952146725367203 
77100 0.21768292682926832 0.9521396309117499 
77200 0.16646341463414632 0.9521310146683933 
77300 0.20487804878048782 0.952135317720624 
77400 0.17926829268292682 0.9521352768178138 
77500 0.20487804878048782 0.9521419235817885 
77600 0.16646341463414632 0.9521456066224945 
77700 0.15365853658536585 0.9521505357780183 
77800 0.17926829268292682 0.9521497309740516 
77900 0.16646341463414635 0.9521518634815108 
78000 0.19207317073170732 0.9521532087925076 
78100 0.19207317073170732 0.9521520913663701 
78200 0.16646341463414635 0.9521577994293006 
78300 0.20487804878048782 0.9521683210599746 
78400 0.21768292682926832 0.952156222497162 
78500 0.20487804878048782 0.9521544855262059 
78600 0.28170731707317076 0.9521511238763486 
78700 0.2432926829268293 0.9521388995893999 
78800 0.14085365853658538 0.9521443874830113 
78900 0.25609756097560976 0.9521436403322348 
79000 0.24329268292682926 0.9521410812644854 
79100 0.16646341463414638 0.952138991181697 
79200 0.26890243902439026 0.9521432964168659 
79300 0.17926829268292682 0.9521380178209545 
79400 0.17926829268292685 0.9521368994246863 
79500 0.19207317073170732 0.952134556675311 
79600 0.20487804878048782 0.9521356668824787 
79700 0.21768292682926832 0.9521249542114874 
79800 0.23048780487804882 0.9521217565278998 
79900 0.16646341463414638 0.9521140643253343 
80000 0.16646341463414638 0.9521266273805724 
80100 0.19207317073170732 0.952125571039733 
80200 0.23048780487804876 0.9521265320881286 
80300 0.17926829268292685 0.9521319708377717 
80400 0.19207317073170732 0.9521303050775063 
80500 0.21768292682926832 0.9521290600540941 
80600 0.20487804878048776 0.952116583919403 
80700 0.17926829268292682 0.9521098432908469 
80800 0.2432926829268293 0.952115269039474 
80900 0.16646341463414635 0.9521119006940431 
81000 0.28170731707317076 0.9521164448135389 
81100 0.23048780487804882 0.9521111661129558 
81200 0.19207317073170732 0.952114235647104 
81300 0.19207317073170732 0.9521137351384091 
81400 0.20487804878048782 0.9521163070747918 
81500 0.20487804878048782 0.9521226134888066 
81600 0.19207317073170732 0.9521233375009452 
81700 0.23048780487804876 0.9521246941181423 
81800 0.23048780487804876 0.9521169906384948 
81900 0.19207317073170732 0.9521130284897799 
82000 0.23048780487804876 0.9521221261132746 
82100 0.19207317073170735 0.9521202468939952 
82200 0.19207317073170732 0.9521190398550133 
82300 0.20487804878048782 0.9521132793040181 
82400 0.19207317073170732 0.9521202604988513 
82500 0.14085365853658538 0.9521339504827879 
82600 0.21768292682926832 0.9521354271090441 
82700 0.21768292682926832 0.9521394438560775 
82800 0.19207317073170732 0.952144113671303 
82900 0.17926829268292685 0.9521498755053412 
83000 0.20487804878048782 0.9521546684274448 
83100 0.25609756097560976 0.9521546804197419 
83200 0.17926829268292685 0.952158136877459 
83300 0.20487804878048782 0.9521578152811095 
83400 0.2432926829268293 0.9521554473377374 
83500 0.17926829268292682 0.9521645132919395 
83600 0.25609756097560976 0.9521645134365005 
83700 0.19207317073170732 0.9521668811836325 
83800 0.20487804878048782 0.9521721901566458 
83900 0.16646341463414632 0.9521700372186616 
84000 0.20487804878048782 0.9521717366314745 
84100 0.2432926829268293 0.9521669067477229 
84200 0.17926829268292685 0.9521627038784373 
84300 0.14085365853658538 0.9521650207546073 
84400 0.21768292682926832 0.9521591684412478 
84500 0.21768292682926832 0.9521624220928544 
84600 0.25609756097560976 0.9521596138084051 
84700 0.23048780487804876 0.9521544005153278 
84800 0.19207317073170732 0.9521523992612835 
84900 0.20487804878048782 0.9521520545737489 
85000 0.12804878048780488 0.9521523921813259 
85100 0.19207317073170732 0.9521533738533352 
85200 0.25609756097560976 0.9521516336834476 
85300 0.19207317073170732 0.9521562953112093 
85400 0.19207317073170732 0.9521571618656434 
85500 0.2432926829268293 0.95215282034927 
85600 0.23048780487804882 0.9521488095221136 
85700 0.15365853658536588 0.9521497529271509 
85800 0.25609756097560976 0.9521432321699588 
85900 0.21768292682926832 0.9521491487222529 
86000 0.19207317073170732 0.9521549806142356 
86100 0.16646341463414635 0.9521525839902713 
86200 0.20487804878048782 0.9521527040742269 
86300 0.20487804878048782 0.9521444513120697 
86400 0.21768292682926832 0.9521350179156124 
86500 0.17926829268292682 0.9521332898731468 
86600 0.12804878048780488 0.9521397333608214 
86700 0.20487804878048782 0.9521460916561854 
86800 0.20487804878048776 0.9521466398751729 
86900 0.29451219512195126 0.952139468489655 
87000 0.17926829268292682 0.95213998801808 
87100 0.21768292682926832 0.9521467368552515 
87200 0.20487804878048782 0.9521456036110573 
87300 0.20487804878048782 0.9521406314737825 
87400 0.25609756097560976 0.9521309615534342 
87500 0.21768292682926832 0.9521260523573111 
87600 0.17926829268292682 0.9521252611271561 
87700 0.17926829268292685 0.9521221077936369 
87800 0.20487804878048782 0.9521320872227412 
87900 0.23048780487804876 0.9521338584621668 
88000 0.28170731707317076 0.9521307407537775 
88100 0.21768292682926832 0.9521360738686557 
88200 0.19207317073170735 0.9521444712893858 
88300 0.23048780487804876 0.9521467038602165 
88400 0.3329268292682927 0.9521429994308088 
88500 0.21768292682926832 0.9521352383781801 
88600 0.14085365853658538 0.9521464548795215 
88700 0.2689024390243903 0.9521417664881827 
88800 0.2432926829268293 0.9521380156397932 
88900 0.20487804878048782 0.9521391429929867 
89000 0.23048780487804882 0.9521354035210895 
89100 0.2432926829268293 0.9521329384767793 
89200 0.14085365853658538 0.9521315043225207 
89300 0.2432926829268293 0.9521385402233772 
89400 0.16646341463414638 0.9521349204638678 
89500 0.21768292682926832 0.952132909810791 
89600 0.19207317073170732 0.9521347486049944 
89700 0.15365853658536585 0.9521436188682129 
89800 0.20487804878048782 0.9521472070629883 
89900 0.21768292682926832 0.9521450899512499 
90000 0.16646341463414635 0.9521491766622647 
90100 0.21768292682926832 0.9521578223462505 
90200 0.19207317073170732 0.9521599592887537 
90300 0.23048780487804876 0.9521615850619919 
90400 0.21768292682926832 0.9521583508276538 
90500 0.20487804878048782 0.9521635456932022 
90600 0.20487804878048782 0.9521610230975214 
90700 0.12804878048780488 0.9521709766826999 
90800 0.23048780487804882 0.9521747302664819 
90900 0.17926829268292682 0.9521765638361326 
91000 0.21768292682926832 0.9521844573672602 
91100 0.2689024390243903 0.9521804196949994 
91200 0.2689024390243903 0.9521823412826292 
91300 0.21768292682926832 0.9521831233115017 
91400 0.12804878048780488 0.9521854713656599 
91500 0.16646341463414635 0.952187181214333 
91600 0.2432926829268293 0.952184993187581 
91700 0.20487804878048782 0.9521823777222952 
91800 0.23048780487804882 0.9521841185639882 
91900 0.17926829268292682 0.9521866518079768 
92000 0.19207317073170732 0.9521839436527864 
92100 0.21768292682926832 0.952191834203225 
92200 0.2432926829268293 0.9521931935027422 
92300 0.20487804878048782 0.952188075810293 
92400 0.17926829268292682 0.952180890503508 
92500 0.17926829268292682 0.9521831471301168 
92600 0.17926829268292685 0.9521813492505612 
92700 0.24329268292682926 0.9521756744276971 
92800 0.20487804878048782 0.9521631127292836 
92900 0.21768292682926832 0.9521570103081145 
93000 0.2432926829268293 0.9521510849214577 
93100 0.17926829268292685 0.9521497568468128 
93200 0.20487804878048776 0.9521501326401554 
93300 0.23048780487804876 0.9521548209689018 
93400 0.25609756097560976 0.9521515020077342 
93500 0.19207317073170732 0.9521511573764309 
93600 0.19207317073170732 0.952147686560572 
93700 0.17926829268292682 0.9521450365862769 
93800 0.16646341463414638 0.9521460975635758 
93900 0.21768292682926832 0.9521430003732525 
94000 0.16646341463414635 0.952140234107525 
94100 0.20487804878048782 0.9521418475892923 
94200 0.21768292682926832 0.9521375025535693 
94300 0.21768292682926832 0.9521371756914354 
94400 0.23048780487804882 0.9521389164697253 
94500 0.14085365853658538 0.9521378467797863 
94600 0.14085365853658538 0.9521351035066148 
94700 0.21768292682926832 0.9521382896773182 
94800 0.25609756097560976 0.9521284122504625 
94900 0.19207317073170732 0.9521249808208349 
95000 0.20487804878048782 0.95212142824684 
95100 0.23048780487804876 0.9521195501778469 
95200 0.23048780487804882 0.9521119436386326 
95300 0.17926829268292685 0.9521252112370023 
95400 0.17926829268292682 0.9521264669465805 
95500 0.23048780487804876 0.9521271134691222 
95600 0.19207317073170732 0.9521308201439876 
95700 0.20487804878048782 0.9521313651945936 
95800 0.19207317073170732 0.9521273900852911 
95900 0.19207317073170732 0.9521259347482579 
96000 0.25609756097560976 0.9521243554119482 
96100 0.19207317073170732 0.9521183378970448 
96200 0.16646341463414638 0.9521233299385103 
96300 0.25609756097560976 0.9521232778526475 
96400 0.21768292682926832 0.9521297724621316 
96500 0.14085365853658538 0.9521294610620742 
96600 0.17926829268292682 0.9521329375724787 
96700 0.20487804878048782 0.9521370374508701 
96800 0.17926829268292685 0.952144246897268 
96900 0.20487804878048782 0.9521515673149941 
97000 0.23048780487804876 0.9521575525623196 
97100 0.19207317073170732 0.9521576226513957 
97200 0.25609756097560976 0.9521592295171107 
97300 0.23048780487804876 0.952156070388568 
97400 0.26890243902439026 0.9521519474057586 
97500 0.25609756097560976 0.952147332572699 
97600 0.19207317073170732 0.9521468817417654 
97700 0.28170731707317076 0.9521443722896713 
97800 0.21768292682926832 0.9521430837282575 
97900 0.19207317073170732 0.952142202638255 
98000 0.23048780487804876 0.9521412611270019 
98100 0.15365853658536588 0.9521443616720547 
98200 0.20487804878048776 0.9521441649916138 
98300 0.21768292682926832 0.9521439997260778 
98400 0.24329268292682926 0.9521385056814562 
98500 0.23048780487804882 0.9521401107479162 
98600 0.15365853658536588 0.9521421763644112 
98700 0.23048780487804882 0.9521401913292696 
98800 0.20487804878048782 0.9521353405379278 
98900 0.21768292682926832 0.9521355551165849 
99000 0.23048780487804882 0.9521329976711248 
99100 0.21768292682926832 0.9521365059691504 
99200 0.17926829268292682 0.9521380095253761 
99300 0.19207317073170732 0.9521372380746295 
99400 0.19207317073170732 0.9521372656357926 
99500 0.25609756097560976 0.9521344741969746 
99600 0.21768292682926832 0.9521353921659617 
99700 0.20487804878048782 0.9521315990910383 
99800 0.19207317073170732 0.9521258585072099 
99900 0.16646341463414638 0.9521270875239658 
