0 0.02441860465116279 0.9941860465116279 
100 0.17093023255813952 0.9655767902371633 
200 0.18313953488372092 0.9617465000578502 
300 0.17093023255813955 0.9621706714053929 
400 0.2319767441860465 0.9606796961085657 
500 0.10988372093023258 0.9608283433133733 
600 0.14651162790697675 0.9622625082227295 
700 0.17093023255813952 0.9624664101118005 
800 0.13430232558139535 0.9627573091774816 
900 0.19534883720930232 0.9624448287432569 
1000 0.19534883720930232 0.9624474362846456 
1100 0.12209302325581395 0.9620429630568404 
1200 0.19534883720930232 0.9620229266309084 
1300 0.15872093023255815 0.9615613213449404 
1400 0.17093023255813952 0.9612735089553973 
1500 0.17093023255813955 0.9615140294067521 
1600 0.15872093023255815 0.9618788402597214 
1700 0.12209302325581395 0.9622315190790643 
1800 0.15872093023255815 0.962336815464277 
1900 0.14651162790697675 0.9623561038865713 
2000 0.17093023255813952 0.9621482863219553 
2100 0.17093023255813952 0.9621705610838692 
2200 0.19534883720930232 0.9620534535042211 
2300 0.19534883720930232 0.9619338912303044 
2400 0.2563953488372093 0.9618279205369855 
2500 0.15872093023255818 0.9618408450573259 
2600 0.20755813953488375 0.9619835394258023 
2700 0.10988372093023258 0.9620080418105267 
2800 0.18313953488372092 0.9620743837333843 
2900 0.23197674418604655 0.9619467625437901 
3000 0.19534883720930232 0.9619109521632324 
3100 0.19534883720930232 0.9618380792392551 
3200 0.14651162790697675 0.9617970038432757 
3300 0.15872093023255815 0.9619407085942949 
3400 0.13430232558139535 0.9620639962254603 
3500 0.17093023255813955 0.9618721893412513 
3600 0.13430232558139535 0.9619114199544054 
3700 0.15872093023255815 0.9618369956579931 
3800 0.17093023255813955 0.9618154341268822 
3900 0.17093023255813952 0.9617033199597003 
4000 0.10988372093023258 0.9618234976139686 
4100 0.2441860465116279 0.9618229813488486 
4200 0.20755813953488375 0.9616861710666895 
4300 0.14651162790697675 0.961660484581736 
4400 0.13430232558139535 0.9617641075231317 
4500 0.13430232558139535 0.9617765819481976 
4600 0.13430232558139535 0.9618978179667717 
4700 0.15872093023255818 0.9619403095828201 
4800 0.19534883720930232 0.9620064618320796 
4900 0.13430232558139535 0.9619839093113413 
5000 0.15872093023255815 0.9620174802248852 
5100 0.15872093023255815 0.9620993147718414 
5200 0.14651162790697675 0.9621578810872685 
5300 0.13430232558139535 0.9622756566334566 
5400 0.2197674418604651 0.9622954190223172 
5500 0.18313953488372092 0.9623213326963808 
5600 0.19534883720930232 0.9623240036040076 
5700 0.20755813953488375 0.9623061845535055 
5800 0.19534883720930232 0.9621747252879416 
5900 0.18313953488372092 0.9621743259912588 
6000 0.18313953488372092 0.9621792685715171 
6100 0.17093023255813952 0.9621745196174474 
6200 0.20755813953488375 0.9621689862475294 
6300 0.14651162790697675 0.9621050368527698 
6400 0.15872093023255815 0.962138909981362 
6500 0.12209302325581395 0.9622410505718262 
6600 0.2197674418604651 0.9622163484743327 
6700 0.14651162790697675 0.9622583231242821 
6800 0.20755813953488375 0.9622358032163533 
6900 0.14651162790697675 0.9623045025493441 
7000 0.15872093023255815 0.9622553920868447 
7100 0.19534883720930232 0.9622506492698375 
7200 0.17093023255813955 0.9621511708645117 
7300 0.14651162790697675 0.9621858108000497 
7400 0.20755813953488375 0.9621519562095632 
7500 0.19534883720930232 0.9622120151421671 
7600 0.15872093023255815 0.9621771768096609 
7700 0.19534883720930232 0.9621896733435404 
7800 0.2197674418604651 0.9621347740152575 
7900 0.2319767441860465 0.9621073870543323 
8000 0.15872093023255815 0.9620508918943271 
8100 0.23197674418604655 0.9620679186893378 
8200 0.18313953488372092 0.9620909106376704 
8300 0.13430232558139535 0.9621641270454947 
8400 0.17093023255813955 0.9621369825851297 
8500 0.15872093023255818 0.9621600605127167 
8600 0.14651162790697675 0.9622180898381205 
8700 0.20755813953488375 0.962202620388461 
8800 0.15872093023255815 0.962141260374746 
8900 0.14651162790697675 0.9621312473382923 
9000 0.15872093023255812 0.9621996134796392 
9100 0.17093023255813955 0.9622211206026426 
9200 0.18313953488372092 0.9621890820765184 
9300 0.15872093023255815 0.9621877367524873 
9400 0.18313953488372092 0.9622052824662394 
9500 0.19534883720930232 0.9621946159890146 
9600 0.15872093023255818 0.9621932550630627 
9700 0.19534883720930232 0.9621856293884831 
9800 0.13430232558139535 0.9621796423241102 
9900 0.14651162790697675 0.9622107703473692 
10000 0.15872093023255815 0.9622264517734274 
10100 0.17093023255813955 0.9622340523503314 
10200 0.10988372093023258 0.9622879539853594 
10300 0.19534883720930232 0.9623001718054016 
10400 0.2563953488372093 0.9623409421723761 
10500 0.18313953488372095 0.9622934582088527 
10600 0.19534883720930232 0.962297874487488 
10700 0.18313953488372092 0.9622853656363348 
10800 0.14651162790697675 0.9623115753709282 
10900 0.14651162790697675 0.9623247707165761 
11000 0.18313953488372092 0.9623258350720759 
11100 0.18313953488372092 0.9623198098641857 
11200 0.19534883720930232 0.9623092207298767 
11300 0.14651162790697675 0.9623096227335305 
11400 0.15872093023255815 0.9623383199760119 
11500 0.17093023255813955 0.9622967568037561 
11600 0.19534883720930232 0.9622561607559894 
11700 0.17093023255813955 0.9622942682299068 
11800 0.17093023255813952 0.9623285275390536 
11900 0.20755813953488375 0.9623187322542761 
12000 0.18313953488372092 0.9623035289694851 
12100 0.18313953488372092 0.9622539843910651 
12200 0.19534883720930232 0.9622073962675571 
12300 0.2441860465116279 0.962172672669834 
12400 0.17093023255813955 0.9621366337673444 
12500 0.15872093023255812 0.9621018690597776 
12600 0.19534883720930232 0.9620842661066028 
12700 0.14651162790697675 0.9620129251862607 
12800 0.15872093023255818 0.9619996984247233 
12900 0.15872093023255815 0.9620044777491559 
13000 0.13430232558139535 0.9620161150394514 
13100 0.12209302325581395 0.9620417756145013 
13200 0.18313953488372092 0.9620685888842107 
13300 0.14651162790697675 0.9620869125070156 
13400 0.13430232558139535 0.9621001903710761 
13500 0.18313953488372092 0.9621498752030426 
13600 0.1953488372093023 0.9621056420270055 
13700 0.13430232558139535 0.9620991847480154 
13800 0.2441860465116279 0.9621159909207793 
13900 0.15872093023255818 0.9621059970589367 
14000 0.13430232558139535 0.9621405779985815 
14100 0.14651162790697675 0.9621818838512195 
14200 0.14651162790697675 0.9621986578082448 
14300 0.15872093023255815 0.9621739331938082 
14400 0.17093023255813952 0.9621725639207872 
14500 0.14651162790697675 0.962171614467647 
14600 0.14651162790697675 0.9621987503245238 
14700 0.12209302325581395 0.9621926921598436 
14800 0.17093023255813952 0.962195357636112 
14900 0.18313953488372092 0.9621872576056235 
15000 0.17093023255813955 0.9621953497673799 
15100 0.19534883720930232 0.9622035272575511 
15200 0.15872093023255815 0.9621819555934967 
15300 0.14651162790697675 0.9621800444719375 
15400 0.13430232558139535 0.9622053385237745 
15500 0.13430232558139535 0.9622389328220385 
15600 0.17093023255813952 0.9622311032536675 
15700 0.19534883720930232 0.9622170784559716 
15800 0.14651162790697675 0.9622444414027372 
15900 0.1953488372093023 0.9622645131284708 
16000 0.17093023255813955 0.9622558110466933 
16100 0.14651162790697675 0.962282243050049 
16200 0.14651162790697675 0.9622557751961909 
16300 0.2197674418604651 0.9622438985766317 
16400 0.14651162790697675 0.9622318122973217 
16500 0.17093023255813952 0.9622322043907134 
16600 0.13430232558139535 0.9622506279391967 
16700 0.13430232558139535 0.9622462030542663 
16800 0.17093023255813952 0.9622356019782876 
16900 0.19534883720930232 0.9622020783137918 
17000 0.1953488372093023 0.9622185357085699 
17100 0.20755813953488375 0.9622079424159882 
17200 0.2197674418604651 0.9622282303760057 
17300 0.14651162790697675 0.9622474436885622 
17400 0.15872093023255812 0.9622442174534209 
17500 0.15872093023255812 0.9622328890176375 
17600 0.19534883720930232 0.9621947682676593 
17700 0.20755813953488375 0.9621891024419853 
17800 0.2197674418604651 0.9621536156186679 
17900 0.19534883720930232 0.9621156022204814 
18000 0.17093023255813952 0.9621053029353667 
18100 0.20755813953488375 0.9620896571305967 
18200 0.15872093023255815 0.9620609268849271 
18300 0.15872093023255815 0.962065867540597 
18400 0.18313953488372092 0.9620726502477747 
18500 0.1953488372093023 0.9620828163908174 
18600 0.14651162790697675 0.9620730255812703 
18700 0.17093023255813955 0.9621011126130551 
18800 0.20755813953488375 0.962096431040902 
18900 0.13430232558139535 0.9621094860244874 
19000 0.2197674418604651 0.9620962421806442 
19100 0.17093023255813955 0.962063047959257 
19200 0.17093023255813952 0.962075770036202 
19300 0.15872093023255815 0.962075407588232 
19400 0.13430232558139535 0.9620829902078891 
19500 0.18313953488372095 0.9620955633759986 
19600 0.20755813953488375 0.9621013344122215 
19700 0.12209302325581395 0.9620896353980378 
19800 0.15872093023255815 0.9620905333651225 
19900 0.18313953488372092 0.9621199063270164 
20000 0.14651162790697675 0.9621343060753939 
20100 0.13430232558139535 0.9621513103015816 
20200 0.14651162790697675 0.9621621022675598 
20300 0.17093023255813952 0.9621470130352153 
20400 0.20755813953488375 0.9621504531811597 
20500 0.18313953488372092 0.9621415234424185 
20600 0.18313953488372092 0.9621223794735636 
20700 0.19534883720930232 0.9620931692997642 
20800 0.13430232558139535 0.9621179046624547 
20900 0.21976744186046515 0.9621052681356072 
21000 0.17093023255813955 0.9620959356309722 
21100 0.15872093023255818 0.9620880692307099 
21200 0.12209302325581395 0.9620952225816466 
21300 0.17093023255813955 0.9620920734150488 
21400 0.17093023255813952 0.9620693936275527 
21500 0.19534883720930232 0.9620355678427072 
21600 0.18313953488372092 0.9620270863859662 
21700 0.20755813953488375 0.9620299353903957 
21800 0.23197674418604655 0.9620094235062825 
21900 0.2319767441860465 0.9619814004457692 
22000 0.18313953488372095 0.9619679020932452 
22100 0.14651162790697675 0.9619616285909404 
22200 0.15872093023255818 0.9619817303431754 
22300 0.14651162790697675 0.9619738868733595 
22400 0.18313953488372092 0.9619968689105449 
22500 0.15872093023255815 0.9620190007059117 
22600 0.15872093023255815 0.9620198427112198 
22700 0.13430232558139535 0.9620393733295224 
22800 0.15872093023255815 0.9620393536391203 
22900 0.23197674418604655 0.9620185165063372 
23000 0.10988372093023255 0.9620035478740561 
23100 0.20755813953488375 0.9619976433115248 
23200 0.17093023255813955 0.9619905366949901 
23300 0.17093023255813952 0.9619990857763365 
23400 0.10988372093023258 0.9619879343260027 
23500 0.18313953488372092 0.9619951847670015 
23600 0.12209302325581395 0.9620002798462423 
23700 0.12209302325581395 0.962010360665775 
23800 0.1953488372093023 0.9620127842977089 
23900 0.17093023255813955 0.9620087414849822 
24000 0.1953488372093023 0.9620007354344732 
24100 0.17093023255813955 0.9620112501362966 
24200 0.18313953488372095 0.9620282844356807 
24300 0.18313953488372092 0.9620116838908916 
24400 0.18313953488372092 0.9620227392510601 
24500 0.20755813953488375 0.961998466128103 
24600 0.23197674418604655 0.9619828982183557 
24700 0.2197674418604651 0.9619556876993023 
24800 0.12209302325581395 0.961967611020936 
24900 0.20755813953488375 0.9619674142161098 
25000 0.19534883720930232 0.9619544287995923 
25100 0.19534883720930232 0.9619590343384818 
25200 0.19534883720930232 0.9619457238223289 
25300 0.17093023255813955 0.9619312546705112 
25400 0.17093023255813955 0.9619381859165039 
25500 0.15872093023255815 0.9619507625327962 
25600 0.14651162790697675 0.9619646034902343 
25700 0.14651162790697675 0.9619673653092857 
25800 0.19534883720930232 0.9619739364708236 
25900 0.19534883720930232 0.9619618260227001 
26000 0.10988372093023255 0.961968144337919 
26100 0.2197674418604651 0.9619567057485992 
26200 0.20755813953488375 0.9619394741723865 
26300 0.17093023255813955 0.9619259105012365 
26400 0.19534883720930232 0.9619191662049447 
26500 0.19534883720930232 0.9619000774872032 
26600 0.19534883720930232 0.9618891097816746 
26700 0.14651162790697675 0.9619104501791154 
26800 0.13430232558139535 0.9619278350426008 
26900 0.18313953488372092 0.9619136446038575 
27000 0.14651162790697675 0.9619188307409803 
27100 0.17093023255813952 0.9619439298129392 
27200 0.14651162790697675 0.9619517451051304 
27300 0.2319767441860465 0.9619333093685127 
27400 0.17093023255813955 0.9619384541219426 
27500 0.17093023255813952 0.9619307712277693 
27600 0.19534883720930232 0.9619424178261151 
27700 0.17093023255813955 0.9619183003216238 
27800 0.2441860465116279 0.9619162101413451 
27900 0.2197674418604651 0.9618954851163958 
28000 0.13430232558139535 0.9618950485987626 
28100 0.12209302325581395 0.9618959600047338 
28200 0.13430232558139535 0.9619122239603907 
28300 0.17093023255813952 0.9619081378503348 
28400 0.15872093023255818 0.9618938450414865 
28500 0.19534883720930232 0.9619033155099413 
28600 0.17093023255813955 0.9619062148583193 
28700 0.20755813953488375 0.9619053464630922 
28800 0.17093023255813955 0.9619066036951236 
28900 0.13430232558139535 0.9619030241972797 
29000 0.2441860465116279 0.9618847345279994 
29100 0.20755813953488375 0.9618758605753978 
29200 0.19534883720930232 0.9618700339188766 
29300 0.20755813953488375 0.9618567070097616 
29400 0.12209302325581395 0.9618497986542144 
29500 0.19534883720930232 0.9618586047142272 
29600 0.18313953488372092 0.9618780556596532 
29700 0.13430232558139535 0.9618712430792793 
29800 0.20755813953488375 0.9618659394136142 
29900 0.12209302325581395 0.9618598934623793 
30000 0.18313953488372092 0.9618655153355353 
30100 0.12209302325581395 0.961857000037857 
30200 0.18313953488372095 0.961857492782851 
30300 0.13430232558139535 0.9618461820662915 
30400 0.12209302325581395 0.9618589466533766 
30500 0.17093023255813952 0.9618526613309667 
30600 0.19534883720930232 0.9618470820607018 
30700 0.18313953488372092 0.9618311235979738 
30800 0.14651162790697675 0.9618271605497556 
30900 0.19534883720930232 0.9618097705876908 
31000 0.10988372093023255 0.961803088872602 
31100 0.17093023255813955 0.9618096292424606 
31200 0.20755813953488375 0.9617805369982924 
31300 0.15872093023255818 0.9617731768730177 
31400 0.18313953488372092 0.9617631789240899 
31500 0.17093023255813952 0.9617741001946782 
31600 0.13430232558139535 0.9617988428390918 
31700 0.13430232558139535 0.9617928933354755 
31800 0.15872093023255818 0.9617942941680202 
31900 0.17093023255813955 0.9617994223407738 
32000 0.15872093023255818 0.9617945260431542 
32100 0.18313953488372092 0.9617965425984701 
32200 0.17093023255813952 0.9617985466289867 
32300 0.18313953488372092 0.9617954984473804 
32400 0.15872093023255815 0.961796685861691 
32500 0.17093023255813955 0.9618184377868875 
32600 0.15872093023255818 0.961835776188917 
32700 0.18313953488372095 0.9618450968358125 
32800 0.14651162790697675 0.9618463844338269 
32900 0.12209302325581395 0.9618601222978308 
33000 0.2197674418604651 0.9618573926230565 
33100 0.2441860465116279 0.9618656571184879 
33200 0.14651162790697675 0.9618646783544625 
33300 0.15872093023255815 0.9618599518276915 
33400 0.2197674418604651 0.9618622162127161 
33500 0.15872093023255818 0.9618622977585536 
33600 0.18313953488372092 0.9618626383627841 
33700 0.18313953488372092 0.9618666860344355 
33800 0.14651162790697675 0.9618758699171553 
33900 0.14651162790697675 0.9618777967035341 
34000 0.14651162790697675 0.9618819350730451 
34100 0.17093023255813952 0.9618748819341723 
34200 0.19534883720930232 0.961861155290577 
34300 0.19534883720930232 0.9618369150536665 
34400 0.15872093023255815 0.9618505884428725 
34500 0.17093023255813952 0.961867300105221 
34600 0.18313953488372092 0.9618623235112844 
34700 0.17093023255813952 0.9618624019279653 
34800 0.14651162790697675 0.9618497831190362 
34900 0.15872093023255815 0.9618702202842192 
35000 0.18313953488372095 0.9618608903532989 
35100 0.18313953488372092 0.9618536012026425 
35200 0.18313953488372092 0.9618579149773097 
35300 0.09767441860465116 0.9618679686918415 
35400 0.18313953488372092 0.9618691792309112 
35500 0.19534883720930232 0.9618637503168925 
35600 0.19534883720930232 0.9618651292131198 
35700 0.17093023255813955 0.9618515180670465 
35800 0.17093023255813952 0.9618612868420591 
35900 0.20755813953488375 0.9618443613995334 
36000 0.2441860465116279 0.9618259957895227 
36100 0.19534883720930232 0.9618157037458861 
36200 0.19534883720930232 0.9618062715728655 
36300 0.17093023255813955 0.9617847192370254 
36400 0.21976744186046515 0.9617790975586539 
36500 0.18313953488372092 0.9617642683252386 
36600 0.18313953488372092 0.9617603217093446 
36700 0.14651162790697675 0.9617590104318811 
36800 0.17093023255813955 0.9617605499850548 
36900 0.18313953488372095 0.9617649959697318 
37000 0.19534883720930232 0.96175527625589 
37100 0.14651162790697675 0.9617474110583116 
37200 0.18313953488372092 0.9617494340924819 
37300 0.15872093023255812 0.9617494200230308 
37400 0.14651162790697675 0.9617339388388446 
37500 0.14651162790697675 0.961732880921625 
37600 0.19534883720930232 0.9617356168780766 
37700 0.15872093023255815 0.9617216062987658 
37800 0.19534883720930232 0.9617149755482044 
37900 0.14651162790697675 0.9617031642412331 
38000 0.13430232558139535 0.9617184951681198 
38100 0.20755813953488375 0.9617022351241468 
38200 0.13430232558139535 0.9616948874466332 
38300 0.14651162790697675 0.9617131558287081 
38400 0.20755813953488375 0.9617094516070621 
38500 0.20755813953488375 0.9616982917387226 
38600 0.15872093023255815 0.9616856835254901 
38700 0.19534883720930232 0.9616789993408018 
38800 0.17093023255813955 0.9616797667046462 
38900 0.15872093023255818 0.9616826224949081 
39000 0.14651162790697675 0.961691650124654 
39100 0.14651162790697675 0.9616943122254056 
39200 0.2197674418604651 0.9616827970098057 
39300 0.15872093023255815 0.9616797726313846 
39400 0.17093023255813955 0.9616743288890672 
39500 0.18313953488372092 0.9616761983653048 
39600 0.15872093023255815 0.9616725529012363 
39700 0.15872093023255818 0.9616616768483952 
39800 0.1953488372093023 0.9616629797194531 
39900 0.13430232558139535 0.9616659517188764 
40000 0.18313953488372092 0.9616656385915934 
40100 0.18313953488372092 0.961656338095147 
40200 0.15872093023255815 0.9616491085782316 
40300 0.15872093023255815 0.9616605248989725 
40400 0.17093023255813952 0.9616637540056284 
40500 0.15872093023255812 0.961668402675099 
40600 0.14651162790697675 0.961676035588538 
40700 0.12209302325581395 0.9616873449769533 
40800 0.18313953488372092 0.9616856318501086 
40900 0.14651162790697675 0.9616826477774183 
41000 0.2197674418604651 0.9616811671638185 
41100 0.15872093023255815 0.9616782084745292 
41200 0.19534883720930232 0.9616845775362192 
41300 0.15872093023255815 0.9616744456325457 
41400 0.17093023255813955 0.9616764396770553 
41500 0.19534883720930232 0.9616564296853592 
41600 0.18313953488372092 0.9616628597367125 
41700 0.23197674418604655 0.9616521102890289 
41800 0.18313953488372095 0.9616472539045744 
41900 0.12209302325581395 0.9616589324892618 
42000 0.2441860465116279 0.961656228561557 
42100 0.18313953488372092 0.961652777954233 
42200 0.15872093023255818 0.9616543722374042 
42300 0.19534883720930232 0.9616461318469023 
42400 0.20755813953488375 0.9616340910125529 
42500 0.13430232558139535 0.9616233380008021 
42600 0.15872093023255815 0.9616271700140241 
42700 0.19534883720930232 0.9616305756142087 
42800 0.21976744186046515 0.9616221474938371 
42900 0.15872093023255818 0.9616299533322528 
43000 0.18313953488372092 0.9616271092667937 
43100 0.13430232558139535 0.9616270436718946 
43200 0.18313953488372092 0.9616265073536735 
43300 0.18313953488372092 0.9616322169905308 
43400 0.18313953488372092 0.9616374314598902 
43500 0.18313953488372092 0.9616414190959524 
43600 0.19534883720930232 0.9616465218687644 
43700 0.20755813953488375 0.9616378982333968 
43800 0.12209302325581395 0.9616455077217627 
43900 0.19534883720930232 0.96163692568321 
44000 0.15872093023255812 0.9616335358128753 
44100 0.13430232558139535 0.9616254153388918 
44200 0.15872093023255812 0.961629827379471 
44300 0.17093023255813955 0.9616134839730113 
44400 0.18313953488372095 0.9616074931268571 
44500 0.17093023255813955 0.9616045994262998 
44600 0.19534883720930232 0.9615996982026161 
44700 0.21976744186046515 0.9616096461085362 
44800 0.2197674418604651 0.961599564586131 
44900 0.17093023255813955 0.9616029295457759 
45000 0.18313953488372092 0.9615969774315093 
45100 0.14651162790697675 0.9616057474103343 
45200 0.20755813953488375 0.9616065038692805 
45300 0.19534883720930232 0.9616039201352401 
45400 0.14651162790697675 0.9616138334213518 
45500 0.17093023255813955 0.9616236392453424 
45600 0.18313953488372092 0.9616152976041427 
45700 0.14651162790697675 0.9616181239736752 
45800 0.18313953488372092 0.9616122426493176 
45900 0.13430232558139535 0.9616220931499188 
46000 0.17093023255813955 0.9616348709305106 
46100 0.12209302325581395 0.9616434315353095 
46200 0.17093023255813952 0.961639937321401 
46300 0.18313953488372092 0.9616389695737145 
46400 0.18313953488372092 0.9616467142097479 
46500 0.13430232558139535 0.961658801536151 
46600 0.1953488372093023 0.9616549300519053 
46700 0.20755813953488375 0.961643854546215 
46800 0.15872093023255818 0.9616333232792184 
46900 0.18313953488372092 0.9616127339973413 
47000 0.18313953488372092 0.9616071998468118 
47100 0.19534883720930232 0.9616121812453495 
47200 0.12209302325581395 0.9616133847183963 
47300 0.13430232558139535 0.9616207288011512 
47400 0.17093023255813955 0.9616236263291472 
47500 0.14651162790697675 0.9616321418937079 
47600 0.13430232558139535 0.9616365300123165 
47700 0.17093023255813955 0.9616409606741217 
47800 0.2441860465116279 0.9616383183576485 
47900 0.14651162790697675 0.9616395710532819 
48000 0.17093023255813952 0.961636700398199 
48100 0.12209302325581395 0.9616363195079346 
48200 0.15872093023255815 0.9616413077408893 
48300 0.14651162790697675 0.9616457938421998 
48400 0.20755813953488375 0.9616467779110849 
48500 0.15872093023255815 0.961643981927009 
48600 0.2197674418604651 0.9616528610043913 
48700 0.15872093023255815 0.9616477360906108 
48800 0.14651162790697675 0.9616516865123332 
48900 0.15872093023255812 0.9616632893320772 
49000 0.17093023255813952 0.9616561574680725 
49100 0.18313953488372092 0.9616551526682307 
49200 0.18313953488372092 0.9616530884463966 
49300 0.13430232558139535 0.9616577544773609 
49400 0.15872093023255815 0.9616658734429159 
49500 0.17093023255813955 0.9616708471475559 
49600 0.13430232558139535 0.9616658961770744 
49700 0.18313953488372092 0.9616684517601303 
49800 0.20755813953488375 0.961660256658711 
49900 0.13430232558139535 0.9616591432431564 
50000 0.13430232558139535 0.9616669294521086 
50100 0.14651162790697675 0.9616659232072144 
50200 0.12209302325581395 0.9616672372411742 
50300 0.13430232558139535 0.9616827627912524 
50400 0.18313953488372092 0.9616917092361125 
50500 0.17093023255813952 0.9617014836915502 
50600 0.19534883720930232 0.9617053597157516 
50700 0.14651162790697675 0.9616963199202988 
50800 0.18313953488372092 0.96170614202339 
50900 0.15872093023255818 0.9616991350743326 
51000 0.13430232558139535 0.9616943785415972 
51100 0.18313953488372092 0.9616881615660368 
51200 0.19534883720930232 0.961688441314055 
51300 0.14651162790697675 0.9616944998125518 
51400 0.18313953488372092 0.9616935219340136 
51500 0.13430232558139535 0.9616922091826621 
51600 0.20755813953488375 0.9616878593933865 
51700 0.14651162790697675 0.9616862253125418 
51800 0.17093023255813952 0.9616945304548759 
51900 0.18313953488372092 0.9616925537573099 
52000 0.20755813953488375 0.9616866155972851 
52100 0.14651162790697675 0.9616902969768468 
52200 0.08546511627906976 0.9616863349762078 
52300 0.2319767441860465 0.9616987847179764 
52400 0.18313953488372092 0.9617013122863357 
52500 0.14651162790697675 0.9617084259303145 
52600 0.17093023255813952 0.9617146282920609 
52700 0.13430232558139535 0.9617110989906639 
52800 0.15872093023255815 0.9617064268955442 
52900 0.15872093023255815 0.9617094106894712 
53000 0.18313953488372092 0.9617009749267565 
53100 0.19534883720930232 0.9617023154208544 
53200 0.19534883720930232 0.9616975856809825 
53300 0.14651162790697675 0.9617021998365579 
53400 0.15872093023255815 0.9617101173525624 
53500 0.2197674418604651 0.9616894793968207 
53600 0.17093023255813952 0.9616888764223854 
53700 0.2197674418604651 0.961684486409027 
53800 0.13430232558139535 0.9616749796731539 
53900 0.19534883720930232 0.9616826585173593 
54000 0.14651162790697675 0.961682826287024 
54100 0.19534883720930232 0.9616783724498064 
54200 0.18313953488372092 0.961682516369946 
54300 0.13430232558139535 0.961688197527734 
54400 0.13430232558139535 0.9616935371827553 
54500 0.19534883720930232 0.9616983772006744 
54600 0.18313953488372095 0.9617003245106253 
54700 0.1953488372093023 0.9616946652478187 
54800 0.15872093023255818 0.9616933764152157 
54900 0.18313953488372092 0.9616869561828628 
55000 0.17093023255813952 0.9616744811827945 
55100 0.20755813953488375 0.9616628428218287 
55200 0.17093023255813952 0.9616593565249703 
55300 0.18313953488372095 0.9616585637250347 
55400 0.17093023255813952 0.9616457578005266 
55500 0.17093023255813955 0.9616356168734441 
55600 0.17093023255813955 0.9616271331910962 
55700 0.17093023255813955 0.9616275520918792 
55800 0.21976744186046515 0.9616313556938006 
55900 0.10988372093023255 0.9616361337297706 
56000 0.19534883720930232 0.9616368976799833 
56100 0.23197674418604655 0.9616384361593687 
56200 0.15872093023255818 0.9616384691491462 
56300 0.13430232558139535 0.9616413934570124 
56400 0.13430232558139535 0.9616514716257298 
56500 0.13430232558139535 0.9616555459195413 
56600 0.15872093023255812 0.9616490772001316 
56700 0.15872093023255818 0.9616553458923451 
56800 0.20755813953488375 0.9616489514801368 
56900 0.19534883720930232 0.9616424773668505 
57000 0.13430232558139535 0.961636433958931 
57100 0.23197674418604655 0.9616333644627247 
57200 0.20755813953488375 0.9616353877371635 
57300 0.18313953488372092 0.9616374546813786 
57400 0.18313953488372092 0.9616368303282943 
57500 0.18313953488372092 0.9616255409916026 
57600 0.15872093023255812 0.9616132310364444 
57700 0.17093023255813955 0.9616163800313001 
57800 0.14651162790697675 0.9616082525328483 
57900 0.20755813953488375 0.9615987473405889 
58000 0.13430232558139535 0.9616078692308031 
58100 0.18313953488372092 0.9616068029890211 
58200 0.14651162790697675 0.9615990974341926 
58300 0.15872093023255815 0.9615939113892896 
58400 0.14651162790697675 0.9615983001246793 
58500 0.10988372093023255 0.9616048105717135 
58600 0.17093023255813952 0.9616012783336104 
58700 0.15872093023255815 0.9616098414392529 
58800 0.14651162790697675 0.961610811475679 
58900 0.15872093023255815 0.9616142458986167 
59000 0.15872093023255812 0.9616205263371571 
59100 0.14651162790697675 0.9616270314554155 
59200 0.15872093023255815 0.9616316977675189 
59300 0.19534883720930232 0.9616267402839985 
59400 0.17093023255813952 0.9616307062405574 
59500 0.15872093023255815 0.9616254739513856 
59600 0.10988372093023255 0.96163084316909 
59700 0.14651162790697675 0.9616322990187924 
59800 0.18313953488372092 0.9616308333492128 
59900 0.14651162790697675 0.9616354873137576 
60000 0.18313953488372092 0.9616373641834651 
60100 0.10988372093023255 0.9616417983216624 
60200 0.10988372093023258 0.9616450105325455 
60300 0.21976744186046515 0.9616421379104747 
60400 0.15872093023255815 0.9616412961744435 
60500 0.14651162790697675 0.9616398325916581 
60600 0.15872093023255818 0.9616448976396506 
60700 0.18313953488372092 0.9616411342213818 
60800 0.17093023255813955 0.961640395296436 
60900 0.18313953488372092 0.9616340740576681 
61000 0.18313953488372092 0.9616296320723678 
61100 0.18313953488372092 0.9616306283572416 
61200 0.15872093023255812 0.9616375587418202 
61300 0.17093023255813952 0.9616444190940396 
61400 0.18313953488372092 0.9616504522500391 
61500 0.18313953488372092 0.9616517390717413 
61600 0.19534883720930232 0.961656655377461 
61700 0.15872093023255815 0.961657645290887 
61800 0.13430232558139535 0.9616645587506486 
61900 0.09767441860465116 0.961659333752357 
62000 0.14651162790697675 0.9616701137228469 
62100 0.14651162790697675 0.9616636327243354 
62200 0.17093023255813952 0.9616756329723256 
62300 0.20755813953488375 0.9616698171629632 
62400 0.15872093023255815 0.9616629951144939 
62500 0.14651162790697675 0.961662380843767 
62600 0.19534883720930232 0.9616517382328761 
62700 0.14651162790697675 0.9616539256263484 
62800 0.2197674418604651 0.9616458299619729 
62900 0.17093023255813955 0.961635772788764 
63000 0.20755813953488375 0.9616403744791058 
63100 0.2197674418604651 0.9616341354557828 
63200 0.19534883720930232 0.9616297100097401 
63300 0.19534883720930232 0.9616301663921691 
63400 0.17093023255813955 0.9616282829520333 
63500 0.20755813953488375 0.9616266801145413 
63600 0.17093023255813952 0.9616171750992653 
63700 0.20755813953488375 0.9616087951596539 
63800 0.2319767441860465 0.9616009882472499 
63900 0.19534883720930232 0.9615928873260708 
64000 0.15872093023255815 0.9615928057810144 
64100 0.15872093023255818 0.9615933140396533 
64200 0.15872093023255818 0.961588568315425 
64300 0.2441860465116279 0.9615903022232285 
64400 0.15872093023255815 0.9615850793881215 
64500 0.14651162790697675 0.9615869936034884 
64600 0.18313953488372092 0.9615787321313696 
64700 0.12209302325581395 0.9615833010740282 
64800 0.17093023255813952 0.9615855680521727 
64900 0.18313953488372092 0.9615929342114269 
65000 0.20755813953488375 0.9615953582825023 
65100 0.15872093023255812 0.9615887995861886 
65200 0.18313953488372092 0.9615955027084404 
65300 0.19534883720930232 0.9615914122900643 
65400 0.20755813953488375 0.9615940461048352 
65500 0.12209302325581395 0.9616023969809798 
65600 0.14651162790697675 0.961609614572665 
65700 0.12209302325581395 0.9616139342327097 
65800 0.17093023255813955 0.9616176222669974 
65900 0.20755813953488375 0.9616170644268023 
66000 0.20755813953488375 0.9616042639241196 
66100 0.15872093023255815 0.9616003416899368 
66200 0.2197674418604651 0.96159045935862 
66300 0.17093023255813955 0.9615895512467278 
66400 0.18313953488372092 0.9615906159300627 
66500 0.17093023255813955 0.9615841150141823 
66600 0.19534883720930232 0.961582522156417 
66700 0.19534883720930232 0.9615808469103528 
66800 0.18313953488372092 0.9615821793504693 
66900 0.2197674418604651 0.9615759471735918 
67000 0.14651162790697675 0.9615681716656086 
67100 0.18313953488372095 0.9615682606885906 
67200 0.18313953488372092 0.9615648455535857 
67300 0.17093023255813955 0.9615602311448429 
67400 0.18313953488372092 0.9615547247073486 
67500 0.13430232558139535 0.9615565988169684 
67600 0.21976744186046515 0.9615524901069649 
67700 0.13430232558139535 0.9615515709808827 
67800 0.19534883720930232 0.9615534414495499 
67900 0.15872093023255818 0.9615533370574054 
68000 0.14651162790697675 0.96156050030728 
68100 0.17093023255813952 0.9615651240308939 
68200 0.19534883720930232 0.9615522158680753 
68300 0.14651162790697675 0.9615542419447705 
68400 0.14651162790697675 0.961544532362678 
68500 0.19534883720930232 0.961545290630624 
68600 0.18313953488372092 0.9615447330586746 
68700 0.15872093023255815 0.961542823079316 
68800 0.18313953488372092 0.9615472141934118 
68900 0.20755813953488375 0.9615464031136012 
69000 0.17093023255813952 0.961543277262918 
69100 0.17093023255813952 0.9615447038595005 
69200 0.17093023255813952 0.961550243090317 
69300 0.20755813953488375 0.961546705759137 
69400 0.17093023255813952 0.9615456918220131 
69500 0.18313953488372092 0.9615424640033622 
69600 0.1953488372093023 0.9615353611933536 
69700 0.19534883720930232 0.9615256929682701 
69800 0.15872093023255815 0.9615233406065016 
69900 0.18313953488372092 0.961526359705404 
70000 0.18313953488372092 0.9615278336555325 
70100 0.19534883720930232 0.961532454999315 
70200 0.14651162790697675 0.9615311002327868 
70300 0.17093023255813952 0.961535042175787 
70400 0.12209302325581395 0.9615369909187997 
70500 0.12209302325581395 0.9615308936736177 
70600 0.20755813953488375 0.9615342838875396 
70700 0.18313953488372092 0.9615301813105502 
70800 0.15872093023255815 0.9615285127690024 
70900 0.19534883720930232 0.9615309079840446 
71000 0.17093023255813952 0.9615228151061089 
71100 0.14651162790697675 0.9615192832469239 
71200 0.1953488372093023 0.9615211913995197 
71300 0.15872093023255818 0.9615175086425286 
71400 0.15872093023255815 0.9615244216825835 
71500 0.12209302325581395 0.9615293232197436 
71600 0.13430232558139535 0.9615365252466592 
71700 0.14651162790697675 0.9615442342440814 
71800 0.20755813953488375 0.9615442293185655 
71900 0.21976744186046515 0.9615404643917687 
72000 0.18313953488372092 0.9615368714194215 
72100 0.18313953488372095 0.9615300226458814 
72200 0.17093023255813952 0.9615203342220023 
72300 0.14651162790697675 0.961522613955933 
72400 0.2563953488372093 0.9615246464859954 
72500 0.14651162790697675 0.961519456187132 
72600 0.13430232558139535 0.9615124383256941 
72700 0.20755813953488375 0.9615103179860934 
72800 0.13430232558139535 0.9615066861143934 
72900 0.2197674418604651 0.9615029047038306 
73000 0.17093023255813955 0.9614976204531126 
73100 0.20755813953488375 0.9614921120603128 
73200 0.19534883720930232 0.9614841565577799 
73300 0.2563953488372093 0.9614754692581687 
73400 0.14651162790697675 0.9614679541467498 
73500 0.14651162790697675 0.9614667479607143 
73600 0.15872093023255812 0.961463372748664 
73700 0.15872093023255815 0.961467658606759 
73800 0.20755813953488375 0.9614753597275892 
73900 0.19534883720930232 0.9614796177664462 
74000 0.15872093023255815 0.9614804466815816 
74100 0.13430232558139535 0.9614862555600574 
74200 0.17093023255813955 0.9614917745419967 
74300 0.17093023255813955 0.9614879670779729 
74400 0.10988372093023255 0.9614856545751604 
74500 0.18313953488372095 0.9614957954364901 
74600 0.15872093023255812 0.961488607765405 
74700 0.15872093023255815 0.961483852057645 
74800 0.17093023255813952 0.9614902238279989 
74900 0.20755813953488375 0.9614878849383511 
75000 0.17093023255813955 0.9614884592236445 
75100 0.18313953488372092 0.9614958832183512 
75200 0.15872093023255818 0.9614914973607167 
75300 0.14651162790697675 0.9614883971089052 
75400 0.10988372093023258 0.961483415956176 
75500 0.18313953488372092 0.9614850704272205 
75600 0.15872093023255815 0.9614776075005775 
75700 0.14651162790697675 0.9614826829420398 
75800 0.15872093023255818 0.9614849070838177 
75900 0.15872093023255815 0.9614846741915647 
76000 0.18313953488372092 0.9614878078409617 
76100 0.13430232558139535 0.9614925376099022 
76200 0.17093023255813952 0.9614912656032408 
76300 0.18313953488372092 0.9614924733529354 
76400 0.13430232558139535 0.9614878564538453 
76500 0.10988372093023255 0.9614958293598838 
76600 0.17093023255813955 0.9614890190576783 
76700 0.2319767441860465 0.9614888211335895 
76800 0.12209302325581395 0.9614856335143408 
76900 0.18313953488372095 0.9614841930564304 
77000 0.13430232558139535 0.9614899670587184 
77100 0.15872093023255815 0.9614860362864416 
77200 0.17093023255813955 0.9614855799253113 
77300 0.18313953488372092 0.9614757984718751 
77400 0.12209302325581395 0.9614770090405057 
77500 0.2686046511627907 0.9614728902222717 
77600 0.19534883720930232 0.9614756373014852 
77700 0.14651162790697675 0.9614710070775181 
77800 0.14651162790697675 0.9614734506013105 
77900 0.10988372093023255 0.961476074433173 
78000 0.14651162790697675 0.9614808903761818 
78100 0.14651162790697675 0.9614843912608093 
78200 0.18313953488372095 0.9614849465137988 
78300 0.18313953488372092 0.9614808596403325 
78400 0.15872093023255815 0.9614744472587707 
78500 0.10988372093023255 0.9614800122528435 
78600 0.18313953488372092 0.9614780553416239 
78700 0.19534883720930232 0.9614787259285438 
78800 0.15872093023255812 0.9614744146500325 
78900 0.14651162790697675 0.9614785514257932 
79000 0.17093023255813952 0.9614842231905808 
79100 0.08546511627906977 0.9614806195670357 
79200 0.15872093023255815 0.9614868616587234 
79300 0.15872093023255815 0.9614914017624342 
79400 0.19534883720930232 0.9614936239160482 
79500 0.19534883720930232 0.961488381161214 
79600 0.19534883720930232 0.961483005501567 
79700 0.13430232558139535 0.961477242122666 
79800 0.15872093023255815 0.9614788516084924 
79900 0.18313953488372092 0.9614810391813358 
80000 0.20755813953488375 0.9614743187803175 
80100 0.19534883720930232 0.9614656191325893 
80200 0.15872093023255815 0.9614670538527763 
80300 0.14651162790697675 0.9614671093614925 
80400 0.15872093023255815 0.9614665139245346 
80500 0.18313953488372092 0.9614738644009333 
80600 0.17093023255813952 0.9614708456211086 
80700 0.14651162790697675 0.9614716886306991 
80800 0.14651162790697675 0.961470298980297 
80900 0.17093023255813955 0.9614709968514489 
81000 0.18313953488372092 0.9614738821771652 
81100 0.12209302325581395 0.9614767245435852 
81200 0.18313953488372092 0.9614802043049647 
81300 0.15872093023255818 0.961485677827127 
81400 0.20755813953488375 0.9614894594461013 
81500 0.15872093023255815 0.9614890586304691 
81600 0.17093023255813955 0.9614905468839728 
81700 0.20755813953488375 0.9614880820393591 
81800 0.20755813953488375 0.9614814653712939 
81900 0.15872093023255815 0.9614808988049384 
82000 0.17093023255813955 0.9614838786707933 
82100 0.15872093023255815 0.9614870283142459 
82200 0.23197674418604655 0.9614899581089236 
82300 0.15872093023255815 0.9614901963665422 
82400 0.17093023255813955 0.9614904340458726 
82500 0.14651162790697675 0.9614934900013897 
82600 0.18313953488372092 0.9614966793295763 
82700 0.15872093023255815 0.9614977870687428 
82800 0.1953488372093023 0.9614958728450365 
82900 0.17093023255813955 0.9614939281737842 
83000 0.20755813953488375 0.9614924084691611 
83100 0.17093023255813955 0.9614906125720369 
83200 0.17093023255813955 0.961493852237353 
83300 0.18313953488372092 0.961489197343453 
83400 0.15872093023255815 0.9614897122141473 
83500 0.17093023255813952 0.9614824624019264 
83600 0.15872093023255815 0.9614782203283982 
83700 0.18313953488372095 0.9614749261143556 
83800 0.14651162790697675 0.9614752474230895 
83900 0.15872093023255815 0.9614713062987026 
84000 0.21976744186046515 0.9614744688809076 
84100 0.19534883720930232 0.9614697084872756 
84200 0.20755813953488375 0.961460851014585 
84300 0.17093023255813952 0.961457876716958 
84400 0.20755813953488375 0.9614579059600032 
84500 0.23197674418604655 0.9614511924036677 
84600 0.18313953488372092 0.9614478277374807 
84700 0.18313953488372092 0.9614463243205992 
84800 0.17093023255813952 0.961446469888601 
84900 0.18313953488372092 0.9614476080622493 
85000 0.15872093023255818 0.961444981632227 
85100 0.15872093023255818 0.9614478609958126 
85200 0.15872093023255815 0.9614503582909143 
85300 0.17093023255813952 0.9614480105061611 
85400 0.17093023255813952 0.9614456341805268 
85500 0.14651162790697675 0.961443467409466 
85600 0.2441860465116279 0.9614370607493989 
85700 0.20755813953488375 0.9614327381596861 
85800 0.15872093023255818 0.9614347951709784 
85900 0.13430232558139535 0.9614371519621154 
86000 0.17093023255813955 0.9614386582308535 
86100 0.2441860465116279 0.96143573812583 
86200 0.20755813953488375 0.9614311049108317 
86300 0.2197674418604651 0.9614271561163834 
86400 0.20755813953488375 0.9614184724929163 
86500 0.18313953488372092 0.9614108507416099 
86600 0.18313953488372092 0.9614053949105803 
86700 0.15872093023255815 0.9614058527261428 
86800 0.17093023255813955 0.961402893493618 
86900 0.17093023255813955 0.9614040556174187 
87000 0.19534883720930232 0.9613990002253382 
87100 0.18313953488372092 0.961400464523543 
87200 0.2441860465116279 0.9614005920030253 
87300 0.19534883720930232 0.9613959575305219 
87400 0.15872093023255815 0.9613917327857725 
87500 0.13430232558139535 0.9613958564726037 
87600 0.15872093023255818 0.9613980128717868 
87700 0.19534883720930232 0.9613978441019075 
87800 0.18313953488372095 0.9613894978681972 
87900 0.20755813953488375 0.9613816336190053 
88000 0.2197674418604651 0.9613790065282027 
88100 0.17093023255813952 0.9613763854012163 
88200 0.15872093023255815 0.9613778241189588 
88300 0.12209302325581395 0.961385876743475 
88400 0.20755813953488375 0.9613858545744116 
88500 0.17093023255813952 0.9613826791603721 
88600 0.15872093023255815 0.9613878445909714 
88700 0.15872093023255815 0.9613916874642613 
88800 0.10988372093023258 0.9613937212104515 
88900 0.17093023255813955 0.9614046772173803 
89000 0.19534883720930232 0.9614054179689123 
89100 0.14651162790697675 0.9613994035511829 
89200 0.20755813953488375 0.9614027882678341 
89300 0.19534883720930232 0.9614075000592457 
89400 0.19534883720930232 0.9614033894319376 
89500 0.12209302325581395 0.9614003923043084 
89600 0.17093023255813952 0.9614023332899887 
89700 0.15872093023255818 0.961401774577712 
89800 0.14651162790697675 0.9613997280291332 
89900 0.17093023255813955 0.9613985267515197 
90000 0.17093023255813952 0.9613988139149875 
90100 0.18313953488372092 0.961399423076377 
90200 0.19534883720930232 0.9614028024749893 
90300 0.18313953488372092 0.9613993818606145 
90400 0.15872093023255815 0.9614078988630245 
90500 0.19534883720930232 0.9614096195262394 
90600 0.14651162790697675 0.961409539604137 
90700 0.15872093023255815 0.9614157096291085 
90800 0.18313953488372092 0.9614146307168526 
90900 0.19534883720930232 0.9614106760152816 
91000 0.15872093023255815 0.9614038230604672 
91100 0.15872093023255815 0.9614029522051043 
91200 0.20755813953488375 0.9613988001967543 
91300 0.20755813953488375 0.9613922374828162 
91400 0.20755813953488375 0.9613919546450436 
91500 0.14651162790697675 0.9613937056984763 
91600 0.13430232558139535 0.9613949451653696 
91700 0.19534883720930232 0.9613955162163786 
91800 0.20755813953488375 0.9613941227270413 
91900 0.13430232558139535 0.9613947566934388 
92000 0.2197674418604651 0.9613940621980095 
92100 0.14651162790697675 0.9613964939400451 
92200 0.17093023255813952 0.9613956098947622 
92300 0.19534883720930232 0.9613961765134948 
92400 0.17093023255813955 0.9613964273013254 
92500 0.19534883720930232 0.9613922464194604 
92600 0.20755813953488375 0.961393474077205 
92700 0.20755813953488375 0.9613915632228949 
92800 0.13430232558139535 0.9613934154679067 
92900 0.14651162790697675 0.9613984867111601 
93000 0.17093023255813952 0.961394888727128 
93100 0.15872093023255815 0.9613960445058043 
93200 0.15872093023255812 0.9613976032795336 
93300 0.18313953488372092 0.9613915252534745 
93400 0.19534883720930232 0.9613899420428494 
93500 0.14651162790697675 0.9613841961148034 
93600 0.10988372093023255 0.9613852018575632 
93700 0.14651162790697675 0.961393216870188 
93800 0.19534883720930232 0.9613955744509095 
93900 0.18313953488372092 0.9613971221050969 
94000 0.14651162790697675 0.9614007075135025 
94100 0.09767441860465116 0.9614095369571981 
94200 0.18313953488372092 0.9614120832174052 
94300 0.20755813953488375 0.9614119421654016 
94400 0.2319767441860465 0.9614103233041235 
94500 0.2441860465116279 0.9614050165089922 
94600 0.18313953488372092 0.9613983381364521 
94700 0.2563953488372093 0.9613922264026582 
94800 0.18313953488372092 0.9613841037394611 
94900 0.17093023255813952 0.9613797352589958 
95000 0.15872093023255815 0.9613812816658234 
95100 0.21976744186046515 0.9613794012876885 
95200 0.17093023255813955 0.9613751125830953 
95300 0.15872093023255818 0.9613814479605988 
95400 0.17093023255813952 0.96138414399147 
95500 0.15872093023255815 0.9613842166026266 
95600 0.18313953488372092 0.9613813395451979 
95700 0.18313953488372092 0.9613812023057279 
95800 0.17093023255813952 0.9613781219936773 
95900 0.17093023255813955 0.961376442469863 
96000 0.17093023255813955 0.9613702243411708 
96100 0.15872093023255815 0.9613681935405652 
96200 0.17093023255813952 0.9613679800263161 
96300 0.17093023255813955 0.9613687631054086 
96400 0.17093023255813952 0.9613702682810151 
96500 0.13430232558139535 0.9613655949582882 
96600 0.14651162790697675 0.9613703502997104 
96700 0.2197674418604651 0.9613693841217101 
96800 0.17093023255813952 0.9613678793919821 
96900 0.20755813953488375 0.9613677877421286 
97000 0.17093023255813952 0.961367965997953 
97100 0.17093023255813955 0.9613664973153104 
97200 0.17093023255813952 0.961370713958106 
97300 0.17093023255813952 0.9613774016519824 
97400 0.13430232558139535 0.9613774797689628 
97500 0.15872093023255815 0.961377855874108 
97600 0.20755813953488375 0.9613774866012381 
97700 0.20755813953488375 0.961371316091835 
97800 0.13430232558139535 0.9613713703883277 
97900 0.18313953488372092 0.9613789369089752 
98000 0.15872093023255818 0.9613756017677086 
98100 0.2197674418604651 0.9613747032898937 
98200 0.17093023255813955 0.9613673237353951 
98300 0.18313953488372092 0.9613731188236984 
98400 0.17093023255813955 0.9613668784799171 
98500 0.17093023255813955 0.96137180640121 
98600 0.12209302325581395 0.9613678501774712 
98700 0.2563953488372093 0.9613710883445727 
98800 0.18313953488372095 0.9613687885185231 
98900 0.17093023255813952 0.9613686684100121 
99000 0.14651162790697675 0.9613729236467661 
99100 0.25639534883720927 0.9613725649402078 
99200 0.15872093023255812 0.9613778919145367 
99300 0.13430232558139535 0.9613838229222263 
99400 0.19534883720930232 0.9613852090299967 
99500 0.19534883720930232 0.9613833202097068 
99600 0.15872093023255815 0.9613830112380958 
99700 0.15872093023255818 0.9613839857919365 
99800 0.19534883720930232 0.9613802105725276 
99900 0.14651162790697675 0.9613721945190855 
