0 0.0 1.0 
100 0.14 0.9762101210121013 
200 0.11666666666666667 0.9715312327252625 
300 0.175 0.9707087486157253 
400 0.15166666666666667 0.9703311166528125 
500 0.12833333333333335 0.9692171213129297 
600 0.175 0.9682750970604548 
700 0.1516666666666667 0.9677920431130131 
800 0.105 0.9675024275211541 
900 0.175 0.9670181280059194 
1000 0.175 0.9663891663891664 
1100 0.12833333333333335 0.9661242304975275 
1200 0.175 0.9666458506799889 
1300 0.13999999999999999 0.966920744726279 
1400 0.105 0.9669402807518439 
1500 0.15166666666666664 0.9669331556739951 
1600 0.11666666666666667 0.9670049968769519 
1700 0.105 0.9670896204846822 
1800 0.16333333333333333 0.9670183231538034 
1900 0.09333333333333334 0.9671707873049272 
2000 0.105 0.967419068243656 
2100 0.1516666666666667 0.9673383045110794 
2200 0.08166666666666668 0.9673506991771417 
2300 0.16333333333333336 0.9672304312134821 
2400 0.14 0.9670866305705956 
2500 0.09333333333333334 0.9671298147407703 
2600 0.15166666666666667 0.9670885129650989 
2700 0.105 0.9672456703278621 
2800 0.16333333333333333 0.9673172279741362 
2900 0.11666666666666667 0.9673015052280822 
3000 0.12833333333333335 0.9672192602465844 
3100 0.11666666666666667 0.9669712279193092 
3200 0.18666666666666668 0.9667829497726405 
3300 0.11666666666666667 0.9667617556969269 
3400 0.14 0.966771211081708 
3500 0.16333333333333336 0.9667071312958202 
3600 0.12833333333333335 0.9665625289271499 
3700 0.14 0.9663957188747786 
3800 0.11666666666666667 0.9662734952790202 
3900 0.14 0.9661475689994019 
4000 0.13999999999999999 0.9661834541364659 
4100 0.12833333333333335 0.9661904955430924 
4200 0.12833333333333335 0.9661436430479515 
4300 0.14 0.9661176987263944 
4400 0.15166666666666667 0.9660702113156101 
4500 0.08166666666666667 0.9661365375595546 
4600 0.12833333333333335 0.966207225482383 
4700 0.19833333333333336 0.9659995509229715 
4800 0.17500000000000002 0.9659411233770743 
4900 0.175 0.965828969144619 
5000 0.14 0.9657835099646738 
5100 0.14 0.9657719619246771 
5200 0.11666666666666667 0.9657886303915914 
5300 0.14 0.965877507388543 
5400 0.11666666666666667 0.9658535456396964 
5500 0.175 0.9658435839948292 
5600 0.14 0.9657595865817612 
5700 0.11666666666666667 0.965676586953556 
5800 0.10500000000000001 0.9657444118830086 
5900 0.14 0.9657590992110565 
6000 0.1516666666666667 0.9657751485863467 
6100 0.10500000000000001 0.9658512265748784 
6200 0.175 0.9658934938809153 
6300 0.15166666666666667 0.9660278791726181 
6400 0.11666666666666667 0.9660560849867208 
6500 0.14 0.9661500794749526 
6600 0.14 0.9661894662424885 
6700 0.13999999999999999 0.9662351390339751 
6800 0.11666666666666667 0.9662296394321097 
6900 0.18666666666666668 0.9661675441562414 
7000 0.14 0.9661980828135663 
7100 0.11666666666666667 0.9662989563285296 
7200 0.12833333333333335 0.9663399373543798 
7300 0.105 0.9663151166506871 
7400 0.105 0.9664061913555225 
7500 0.21 0.966436697329245 
7600 0.15166666666666667 0.9663498223917906 
7700 0.11666666666666667 0.9663258018439164 
7800 0.15166666666666667 0.9663607942001737 
7900 0.175 0.9662848584567354 
8000 0.12833333333333335 0.9662313044202808 
8100 0.16333333333333333 0.9662215912987423 
8200 0.16333333333333336 0.9661470823341327 
8300 0.11666666666666667 0.9661506645785648 
8400 0.175 0.9660999351929003 
8500 0.11666666666666667 0.966171300108484 
8600 0.14 0.9661961141469338 
8700 0.1516666666666667 0.9661619354097231 
8800 0.12833333333333335 0.9661556767539042 
8900 0.21 0.9661249048171866 
9000 0.14 0.9661185794171018 
9100 0.15166666666666664 0.9661126982382888 
9200 0.16333333333333333 0.9660311681097465 
9300 0.175 0.966046661649285 
9400 0.14 0.9659915020860665 
9500 0.16333333333333333 0.9659600159047586 
9600 0.10500000000000001 0.9659691120137949 
9700 0.19833333333333336 0.965977447914877 
9800 0.12833333333333335 0.9658906687526216 
9900 0.15166666666666667 0.9658898091101908 
10000 0.18666666666666668 0.9658778566587786 
10100 0.12833333333333335 0.9658793408793409 
10200 0.1516666666666667 0.9658317811979218 
10300 0.18666666666666668 0.9658091447432288 
10400 0.09333333333333334 0.9657997628433164 
10500 0.11666666666666667 0.9659106540117872 
10600 0.15166666666666664 0.9659180475636471 
10700 0.15166666666666664 0.9658541776988651 
10800 0.15166666666666667 0.965864529004516 
10900 0.18666666666666668 0.9658323905044389 
11000 0.19833333333333336 0.9657839186336595 
11100 0.19833333333333336 0.9657478305257785 
11200 0.16333333333333336 0.9657262744397822 
11300 0.12833333333333335 0.9657021502521901 
11400 0.11666666666666667 0.9657237669210303 
11500 0.1516666666666667 0.9657244780647094 
11600 0.175 0.9657462479288184 
11700 0.1516666666666667 0.9657066347605617 
11800 0.13999999999999999 0.9656975868335075 
11900 0.12833333333333335 0.9656756201626381 
12000 0.11666666666666667 0.9656889703635808 
12100 0.15166666666666664 0.965710822797014 
12200 0.15166666666666664 0.9656927027839248 
12300 0.18666666666666665 0.9656595218094283 
12400 0.11666666666666667 0.9656351638308739 
12500 0.12833333333333335 0.9656260832466736 
12600 0.1516666666666667 0.9656480085354778 
12700 0.14 0.9656352518174421 
12800 0.08166666666666668 0.9656459130797073 
12900 0.18666666666666668 0.9656404757598464 
13000 0.1516666666666667 0.9656389679426369 
13100 0.1516666666666667 0.9656359989483415 
13200 0.11666666666666667 0.96564717319395 
13300 0.11666666666666667 0.96568887886458 
13400 0.11666666666666667 0.9657084048454095 
13500 0.1516666666666667 0.9657307277650216 
13600 0.19833333333333336 0.9657655891315181 
13700 0.16333333333333333 0.9657216829266315 
13800 0.14 0.9657371849060857 
13900 0.175 0.9657250877235051 
14000 0.15166666666666667 0.9657060209985001 
14100 0.14 0.9657045599602865 
14200 0.14 0.9657569107026892 
14300 0.12833333333333335 0.9657826958487752 
14400 0.16333333333333333 0.9658034935845504 
14500 0.12833333333333335 0.9658000597659931 
14600 0.16333333333333333 0.9658059950231719 
14700 0.15166666666666667 0.9658280993734364 
14800 0.16333333333333336 0.9658221291354188 
14900 0.14 0.9658257462213573 
15000 0.12833333333333335 0.9658337592308661 
15100 0.16333333333333336 0.9658460808334989 
15200 0.16333333333333336 0.9658286370048754 
15300 0.12833333333333335 0.9658558990334691 
15400 0.12833333333333335 0.9658636885050754 
15500 0.16333333333333333 0.9658611630790845 
15600 0.08166666666666667 0.9658905412046236 
15700 0.14 0.9659480287879753 
15800 0.15166666666666667 0.9659379856408525 
15900 0.12833333333333335 0.9659352311874165 
16000 0.12833333333333335 0.9659231367483977 
16100 0.09333333333333334 0.9659555307123782 
16200 0.15166666666666667 0.9659976407491992 
16300 0.12833333333333335 0.9660138437314684 
16400 0.11666666666666667 0.9660227357410456 
16500 0.11666666666666667 0.966034886774539 
16600 0.09333333333333334 0.966047895374442 
16700 0.12833333333333335 0.9660529309622178 
16800 0.12833333333333335 0.9660374051809085 
16900 0.14 0.9660669322656779 
17000 0.105 0.9660923540445333 
17100 0.12833333333333335 0.9660906769584625 
17200 0.16333333333333336 0.9660678642714571 
17300 0.16333333333333333 0.9660387325074338 
17400 0.11666666666666667 0.9660268566940597 
17500 0.19833333333333336 0.9659755950453625 
17600 0.15166666666666667 0.9659479575024147 
17700 0.1516666666666667 0.9659248692791995 
17800 0.16333333333333336 0.9659213901840721 
17900 0.105 0.965920277576051 
18000 0.14 0.9659316766352487 
18100 0.11666666666666667 0.9659498554407675 
18200 0.10500000000000001 0.9659656978554292 
18300 0.12833333333333335 0.9659875902348991 
18400 0.14 0.9659909787511548 
18500 0.16333333333333333 0.9659694070590779 
18600 0.105 0.9660080999229432 
18700 0.14 0.9660202365886554 
18800 0.1516666666666667 0.9660617934034241 
18900 0.14 0.9660749872140804 
19000 0.1516666666666667 0.9660307352244619 
19100 0.1516666666666667 0.9660238847297117 
19200 0.11666666666666667 0.9660009027307606 
19300 0.11666666666666667 0.9660191757479463 
19400 0.15166666666666667 0.9660140657125349 
19500 0.11666666666666667 0.9660379239811063 
19600 0.11666666666666667 0.9660477923461955 
19700 0.07 0.9660830809490776 
19800 0.11666666666666667 0.9661268510569051 
19900 0.16333333333333336 0.9661291448224266 
20000 0.1516666666666667 0.9661153053458438 
20100 0.13999999999999999 0.9661198447838416 
20200 0.12833333333333335 0.9661341022721648 
20300 0.14 0.9661345363392061 
20400 0.14 0.9661465396576421 
20500 0.15166666666666664 0.9661570709287893 
20600 0.18666666666666668 0.966131633307984 
20700 0.11666666666666667 0.9661151635186705 
20800 0.105 0.9661351751251275 
20900 0.16333333333333336 0.9661223014316168 
21000 0.18666666666666668 0.9661360041056246 
21100 0.11666666666666667 0.9661586602004117 
21200 0.16333333333333336 0.966154505290631 
21300 0.105 0.9661443907171807 
21400 0.12833333333333335 0.9661700647425614 
21500 0.11666666666666667 0.9661546749763577 
21600 0.175 0.9661760772392225 
21700 0.11666666666666667 0.9661698897644245 
21800 0.11666666666666667 0.9661621026558415 
21900 0.12833333333333335 0.966167957830439 
22000 0.14 0.9661774212283281 
22100 0.1516666666666667 0.9661870503597122 
22200 0.12833333333333335 0.9661745717159888 
22300 0.1516666666666667 0.9661734152429637 
22400 0.175 0.9661537927374274 
22500 0.16333333333333336 0.9661502698645492 
22600 0.11666666666666667 0.9661575938134498 
22700 0.14 0.9661748870583283 
22800 0.175 0.9661659576334372 
22900 0.175 0.9661436424416207 
23000 0.12833333333333335 0.9661383079962707 
23100 0.09333333333333334 0.9661512969616515 
23200 0.18666666666666668 0.9661573495395314 
23300 0.10500000000000001 0.9661839739829955 
23400 0.11666666666666667 0.9661962451747076 
23500 0.11666666666666667 0.9661951737278319 
23600 0.11666666666666667 0.9661969360996945 
23700 0.09333333333333334 0.9662173185378957 
23800 0.175 0.9662252753152295 
23900 0.12833333333333335 0.9662480416904918 
24000 0.175 0.9662490914730405 
24100 0.105 0.9662555495622588 
24200 0.15166666666666667 0.9662633316345973 
24300 0.11666666666666667 0.966255846810145 
24400 0.10500000000000001 0.9662614009444057 
24500 0.11666666666666667 0.9662610142896662 
24600 0.11666666666666667 0.9662739545366268 
24700 0.15166666666666667 0.9662640738791501 
24800 0.12833333333333335 0.9662529288693557 
24900 0.175 0.9662328375924215 
25000 0.12833333333333335 0.9662267953726296 
25100 0.10500000000000001 0.9662237892248648 
25200 0.15166666666666667 0.9662058163476758 
25300 0.105 0.9662135664378658 
25400 0.15166666666666664 0.9662283637127147 
25500 0.175 0.9662142878928495 
25600 0.11666666666666667 0.9662270137017217 
25700 0.16333333333333336 0.9662124041866075 
25800 0.09333333333333334 0.966225576958688 
25900 0.19833333333333336 0.9662354306354538 
26000 0.08166666666666668 0.966258028537364 
26100 0.16333333333333336 0.9662624675938342 
26200 0.16333333333333336 0.9662800189984266 
26300 0.14 0.9662692377560633 
26400 0.12833333333333333 0.9662665345167902 
26500 0.15166666666666667 0.9662657383998088 
26600 0.12833333333333335 0.9662764348875773 
26700 0.08166666666666667 0.9662864270584955 
26800 0.16333333333333336 0.9662872239427218 
26900 0.12833333333333335 0.9662776889748006 
27000 0.16333333333333333 0.9662839647914275 
27100 0.19833333333333336 0.9662749222045927 
27200 0.058333333333333334 0.9662994416054965 
27300 0.18666666666666668 0.9663019059130923 
27400 0.18666666666666668 0.9662806304717184 
27500 0.1516666666666667 0.9662650651087435 
27600 0.1516666666666667 0.9662596765817664 
27700 0.11666666666666667 0.9662750843330967 
27800 0.1516666666666667 0.9662972754777006 
27900 0.09333333333333334 0.9663013870470593 
28000 0.11666666666666667 0.9663035843957953 
28100 0.14 0.9663181223285846 
28200 0.16333333333333336 0.9663198507539134 
28300 0.12833333333333335 0.9663242170476897 
28400 0.12833333333333333 0.9663206303377424 
28500 0.18666666666666668 0.9663303236923461 
28600 0.12833333333333335 0.9663247011565252 
28700 0.12833333333333335 0.9663352806135288 
28800 0.16333333333333333 0.9663405784521371 
28900 0.10500000000000001 0.9663262324640823 
29000 0.11666666666666667 0.9663320996593987 
29100 0.14 0.9663268539836355 
29200 0.14 0.9663391474416781 
29300 0.13999999999999999 0.9663400756136499 
29400 0.11666666666666667 0.9663446821536682 
29500 0.16333333333333336 0.966345679430829 
29600 0.1516666666666667 0.9663398196006892 
29700 0.15166666666666667 0.9663312870124089 
29800 0.12833333333333335 0.9663375390087581 
29900 0.11666666666666667 0.9663257267501273 
30000 0.16333333333333333 0.9663176042280072 
30100 0.1516666666666667 0.9663063058074852 
30200 0.11666666666666667 0.9663091545901717 
30300 0.15166666666666667 0.9663103344590754 
30400 0.18666666666666668 0.9662978922476966 
30500 0.1516666666666667 0.9662825262559698 
30600 0.12833333333333335 0.9662783351306602 
30700 0.105 0.9662716379126268 
30800 0.09333333333333334 0.9662891536710568 
30900 0.12833333333333335 0.9662857908230227 
31000 0.08166666666666668 0.9662857649753234 
31100 0.12833333333333335 0.9663010121146516 
31200 0.12833333333333335 0.966302896274692 
31300 0.1516666666666667 0.9663130215932043 
31400 0.14 0.96630326705802 
31500 0.14 0.9663054788384143 
31600 0.16333333333333333 0.9663082919316899 
31700 0.16333333333333336 0.9663074946812052 
31800 0.14 0.9663133409501449 
31900 0.11666666666666667 0.9663120104211292 
32000 0.14 0.9663142471242218 
32100 0.15166666666666667 0.96630565333721 
32200 0.105 0.9663155733603856 
32300 0.12833333333333335 0.9663034168188808 
32400 0.1516666666666667 0.9663027375698281 
32500 0.175 0.9662975327254888 
32600 0.15166666666666667 0.9662699508195045 
32700 0.11666666666666667 0.9662820369067885 
32800 0.09333333333333334 0.966304042220935 
32900 0.11666666666666667 0.9663266736235643 
33000 0.12833333333333335 0.9663357844375087 
33100 0.21 0.9663361966238012 
33200 0.19833333333333336 0.9663263991379109 
33300 0.15166666666666664 0.966329589702011 
33400 0.14 0.9663257753427209 
33500 0.16333333333333336 0.9663145212912384 
33600 0.16333333333333336 0.9663081290570056 
33700 0.1516666666666667 0.9663086159658961 
33800 0.19833333333333336 0.9662980056474332 
33900 0.12833333333333335 0.9662878676145247 
34000 0.175 0.966299929087053 
34100 0.14 0.9662947323147904 
34200 0.12833333333333335 0.9662907030008869 
34300 0.1516666666666667 0.9662917180904995 
34400 0.14 0.966294584459754 
34500 0.11666666666666667 0.9662876921441891 
34600 0.16333333333333333 0.9662795551830551 
34700 0.16333333333333336 0.9662635402758166 
34800 0.1516666666666667 0.9662592709660323 
34900 0.15166666666666664 0.9662559016137711 
35000 0.16333333333333336 0.9662550117615687 
35100 0.12833333333333335 0.9662424938827321 
35200 0.14 0.9662536417841665 
35300 0.12833333333333335 0.9662583527693581 
35400 0.12833333333333335 0.9662581722424665 
35500 0.11666666666666667 0.9662508724323885 
35600 0.13999999999999999 0.9662324560171531 
35700 0.12833333333333335 0.9662398967971642 
35800 0.15166666666666667 0.9662380628722351 
35900 0.11666666666666667 0.9662512495783157 
36000 0.13999999999999999 0.966252789274372 
36100 0.11666666666666667 0.966264554075141 
36200 0.10500000000000001 0.9662633628905278 
36300 0.14 0.9662782476148499 
36400 0.12833333333333335 0.9662843511625139 
36500 0.11666666666666667 0.9662776362291444 
36600 0.175 0.9662752080240673 
36700 0.105 0.9662846001774097 
36800 0.12833333333333335 0.966294696098234 
36900 0.11666666666666667 0.9662890045135784 
37000 0.10500000000000001 0.9662939289929101 
37100 0.11666666666666667 0.9662923131751465 
37200 0.11666666666666667 0.9663022051378547 
37300 0.12833333333333335 0.9662975970259957 
37400 0.11666666666666667 0.9663122495239284 
37500 0.12833333333333335 0.9663300089775384 
37600 0.12833333333333335 0.9663350413257331 
37700 0.15166666666666664 0.9663338579289085 
37800 0.11666666666666667 0.9663248179795361 
37900 0.09333333333333334 0.966340597873407 
38000 0.175 0.9663375817595443 
38100 0.14 0.9663288948379891 
38200 0.16333333333333333 0.9663169812308579 
38300 0.11666666666666667 0.9663096263805122 
38400 0.16333333333333336 0.9663324739807123 
38500 0.18666666666666668 0.9663159542753579 
38600 0.13999999999999999 0.9663016790008319 
38700 0.2216666666666667 0.9662936501784335 
38800 0.11666666666666667 0.9662931081386791 
38900 0.16333333333333333 0.966289926851352 
39000 0.16333333333333333 0.966284411510816 
39100 0.14 0.9662870941067151 
39200 0.11666666666666667 0.9662906841945642 
39300 0.12833333333333335 0.9662880362105573 
39400 0.10500000000000001 0.9662912531830833 
39500 0.105 0.9662980402746485 
39600 0.175 0.9663174190326282 
39700 0.19833333333333336 0.9663045851070082 
39800 0.14 0.9663063323367085 
39900 0.15166666666666667 0.9663043115043065 
40000 0.175 0.9663068145518584 
40100 0.16333333333333333 0.9662986376067098 
40200 0.16333333333333333 0.9662875992581721 
40300 0.13999999999999999 0.9662698609629207 
40400 0.175 0.9662759997689826 
40500 0.16333333333333333 0.9662708602531076 
40600 0.15166666666666664 0.966259930653049 
40700 0.11666666666666667 0.9662586777829647 
40800 0.14 0.966249942131048 
40900 0.12833333333333335 0.9662589749231885 
41000 0.14 0.9662533976136083 
41100 0.11666666666666667 0.9662475095226123 
41200 0.14 0.9662507517347205 
41300 0.11666666666666667 0.9662666225461315 
41400 0.12833333333333335 0.9662769149430099 
41500 0.12833333333333335 0.9662713616003898 
41600 0.21 0.966264165658411 
41700 0.14 0.9662480116384099 
41800 0.12833333333333335 0.9662534654939143 
41900 0.14 0.966250606588546 
42000 0.16333333333333333 0.9662370472660704 
42100 0.12833333333333335 0.966220583306282 
42200 0.12833333333333335 0.9662210479477843 
42300 0.12833333333333335 0.9662198687186276 
42400 0.09333333333333334 0.9662278667431847 
42500 0.105 0.9662343892562005 
42600 0.1516666666666667 0.9662371644901397 
42700 0.15166666666666667 0.966226526050652 
42800 0.15166666666666667 0.966213795627828 
42900 0.16333333333333333 0.9662059806945708 
43000 0.1516666666666667 0.9662019487918886 
43100 0.10500000000000001 0.9661939398157815 
43200 0.15166666666666664 0.96619689873434 
43300 0.13999999999999999 0.9661771988842958 
43400 0.11666666666666667 0.9661777506406662 
43500 0.16333333333333333 0.9661775335943746 
43600 0.15166666666666667 0.9661864916451968 
43700 0.14 0.9661856199578448 
43800 0.16333333333333333 0.9661863377041112 
43900 0.14 0.9661781305918113 
44000 0.12833333333333335 0.9661698976538412 
44100 0.16333333333333336 0.9661654812564089 
44200 0.175 0.9661591366711161 
44300 0.14 0.966157147192564 
44400 0.15166666666666667 0.9661656769492178 
44500 0.105 0.9661606855276661 
44600 0.11666666666666667 0.9661647471780652 
44700 0.09333333333333334 0.9661698470578585 
44800 0.14 0.9661744901527496 
44900 0.16333333333333333 0.9661810303655697 
45000 0.175 0.9661846403413258 
45100 0.10500000000000001 0.9661882958988345 
45200 0.16333333333333336 0.9661962370547358 
45300 0.09333333333333334 0.9661938416861046 
45400 0.14 0.9661946995783255 
45500 0.105 0.9662067866640294 
45600 0.11666666666666667 0.9662162623139356 
45700 0.14 0.9662218064763961 
45800 0.14 0.9662107086453716 
45900 0.11666666666666667 0.9662227765553402 
46000 0.16333333333333333 0.9662269419263833 
46100 0.15166666666666667 0.9662204242376039 
46200 0.11666666666666667 0.9662161593423904 
46300 0.12833333333333335 0.9662278712482811 
46400 0.13999999999999999 0.9662311516274793 
46500 0.14 0.9662334621238731 
46600 0.11666666666666667 0.9662330803583137 
46700 0.15166666666666667 0.9662388266727574 
46800 0.12833333333333335 0.9662403937237808 
46900 0.15166666666666667 0.9662440270167184 
47000 0.15166666666666667 0.966239193492337 
47100 0.14 0.9662339086926676 
47200 0.11666666666666667 0.9662318241845159 
47300 0.14 0.9662209983815235 
47400 0.12833333333333335 0.9662101596543908 
47500 0.16333333333333336 0.9662100680921337 
47600 0.09333333333333334 0.9662069424311814 
47700 0.11666666666666667 0.9662217074414932 
47800 0.18666666666666668 0.9662315293264436 
47900 0.13999999999999999 0.9662282624579862 
48000 0.14 0.9662305646410144 
48100 0.14 0.966231298032612 
48200 0.11666666666666667 0.9662338148816645 
48300 0.12833333333333335 0.9662393118154904 
48400 0.175 0.9662387599888891 
48500 0.16333333333333333 0.9662362058972438 
48600 0.11666666666666667 0.9662393777905804 
48700 0.11666666666666667 0.9662388862651691 
48800 0.15166666666666667 0.9662445441691768 
48900 0.19833333333333336 0.9662310927520228 
49000 0.17500000000000002 0.9662132745590226 
49100 0.16333333333333333 0.9661994324623395 
49200 0.1516666666666667 0.9662046164373352 
49300 0.12833333333333335 0.9662130472900031 
49400 0.13999999999999999 0.9662176204260372 
49500 0.13999999999999999 0.966209549077572 
49600 0.11666666666666667 0.9662117587235024 
49700 0.15166666666666667 0.9662190454473306 
49800 0.16333333333333333 0.9662176573875134 
49900 0.11666666666666667 0.9662161635594032 
50000 0.105 0.9662224533287112 
50100 0.11666666666666667 0.9662349831118917 
50200 0.14 0.9662365623526756 
50300 0.14 0.9662313980945817 
50400 0.16333333333333333 0.9662359543130759 
50500 0.12833333333333335 0.9662319668037377 
50600 0.15166666666666664 0.9662271716193576 
50700 0.11666666666666667 0.9662330241130462 
50800 0.14 0.9662284097644622 
50900 0.11666666666666667 0.9662246867012 
51000 0.11666666666666667 0.966224137217353 
51100 0.16333333333333336 0.9662281016461952 
51200 0.15166666666666667 0.9662185959909637 
51300 0.19833333333333336 0.966212484486982 
51400 0.19833333333333336 0.9662001820111584 
51500 0.105 0.9661963953234997 
51600 0.14 0.9662029051977891 
51700 0.15166666666666667 0.9662043932096736 
51800 0.14 0.9662043740039339 
51900 0.15166666666666667 0.9662056928896682 
52000 0.1516666666666667 0.9662106391116411 
52100 0.11666666666666667 0.9662146599873322 
52200 0.16333333333333333 0.966202914375842 
52300 0.15166666666666667 0.9661890892249776 
52400 0.1516666666666667 0.9661925450956195 
52500 0.12833333333333335 0.9661954587108393 
52600 0.15166666666666667 0.9661914961481509 
52700 0.14 0.9661888136214999 
52800 0.14 0.9661854573461361 
52900 0.175 0.9661889399276217 
53000 0.11666666666666667 0.9661785731506114 
53100 0.16333333333333333 0.9661740519638676 
53200 0.16333333333333336 0.9661748734881759 
53300 0.16333333333333336 0.9661683958399779 
53400 0.17500000000000002 0.9661629827989072 
53500 0.13999999999999999 0.9661608609600236 
53600 0.08166666666666668 0.9661635147768802 
53700 0.12833333333333335 0.9661787283083907 
53800 0.105 0.9661809776356903 
53900 0.16333333333333333 0.9661758491390595 
54000 0.13999999999999999 0.9661704824396256 
54100 0.14 0.9661700646322002 
54200 0.12833333333333335 0.9661780020458827 
54300 0.12833333333333335 0.9661758838081558 
54400 0.16333333333333336 0.9661758158040396 
54500 0.13999999999999999 0.9661696829212104 
54600 0.14 0.9661646408592435 
54700 0.14 0.966164238313742 
54800 0.18666666666666668 0.9661627727798966 
54900 0.21000000000000002 0.9661582768174634 
55000 0.15166666666666667 0.9661503629226943 
55100 0.14 0.9661403100165554 
55200 0.105 0.966131803167817 
55300 0.11666666666666667 0.9661393505040093 
55400 0.16333333333333336 0.9661479736627298 
55500 0.1516666666666667 0.9661395490371545 
55600 0.16333333333333336 0.9661354512009176 
55700 0.175 0.9661318667727888 
55800 0.15166666666666667 0.9661350155015143 
55900 0.11666666666666667 0.9661354199586968 
56000 0.12833333333333335 0.9661411800186108 
56100 0.13999999999999999 0.9661351352421922 
56200 0.105 0.9661367729716158 
56300 0.15166666666666667 0.9661437333854342 
56400 0.15166666666666667 0.966145891818309 
56500 0.18666666666666668 0.9661346210194903 
56600 0.12833333333333335 0.9661229483578029 
56700 0.12833333333333335 0.9661198901057987 
56800 0.15166666666666667 0.9661128814242316 
56900 0.21 0.9661035053084402 
57000 0.14 0.9660954291250251 
57100 0.12833333333333335 0.9660902513869187 
57200 0.15166666666666667 0.9660886367565447 
57300 0.13999999999999999 0.9660975957371308 
57400 0.11666666666666668 0.9660952964427643 
57500 0.175 0.9660929568374657 
57600 0.16333333333333336 0.9660895644172844 
57700 0.14 0.9660911422678983 
57800 0.12833333333333335 0.9660915612763331 
57900 0.14 0.966091930862833 
58000 0.09333333333333334 0.9660948374453314 
58100 0.11666666666666667 0.9660921403150453 
58200 0.15166666666666667 0.9660965160965161 
58300 0.1516666666666667 0.9660820092660884 
58400 0.175 0.9660803943615882 
58500 0.14 0.9660816814147526 
58600 0.15166666666666667 0.9660859503724814 
58700 0.12833333333333335 0.9660885012369654 
58800 0.105 0.9660909489445568 
58900 0.11666666666666667 0.9660986231133597 
59000 0.105 0.9661062241882906 
59100 0.16333333333333333 0.9661031774232058 
59200 0.18666666666666668 0.966097701052347 
59300 0.16333333333333336 0.966089245262868 
59400 0.14 0.9660918072834539 
59500 0.16333333333333336 0.9660899256595127 
59600 0.14 0.9660929440035495 
59700 0.12833333333333333 0.9660935327716453 
59800 0.16333333333333333 0.9660891493824889 
59900 0.105 0.9660876557430872 
60000 0.15166666666666664 0.9660900559064757 
60100 0.14 0.9660836665686835 
60200 0.105 0.9660879110535262 
60300 0.14 0.966088824766127 
60400 0.12833333333333335 0.966086194305098 
60500 0.12833333333333335 0.9660912859107931 
60600 0.2216666666666667 0.9660806385666536 
60700 0.12833333333333335 0.9660771193591905 
60800 0.12833333333333335 0.9660857186193941 
60900 0.16333333333333333 0.9660895916688104 
61000 0.12833333333333335 0.9660846634572475 
61100 0.1516666666666667 0.9660732048393461 
61200 0.12833333333333335 0.9660749915124843 
61300 0.16333333333333333 0.9660750504341963 
61400 0.14 0.9660731186064649 
61500 0.12833333333333335 0.9660787810134975 
61600 0.13999999999999999 0.9660834780820657 
61700 0.11666666666666667 0.9660883850252742 
61800 0.09333333333333334 0.9660942649255945 
61900 0.11666666666666667 0.9660915099199618 
62000 0.175 0.9660941848608177 
62100 0.09333333333333334 0.9660987298468982 
62200 0.16333333333333336 0.9660980798808165 
62300 0.1516666666666667 0.9660906994537274 
62400 0.12833333333333335 0.9660840104058162 
62500 0.12833333333333335 0.9660931202878532 
62600 0.16333333333333333 0.9660895548349423 
62700 0.12833333333333335 0.9660807731225268 
62800 0.18666666666666668 0.9660763098252151 
62900 0.12833333333333335 0.9660745987080227 
63000 0.11666666666666667 0.9660748330273418 
63100 0.16333333333333333 0.9660729535893955 
63200 0.11666666666666667 0.9660678276890837 
63300 0.08166666666666668 0.9660722403893918 
63400 0.14 0.9660836492238993 
63500 0.09333333333333334 0.966091128923604 
63600 0.09333333333333334 0.9660963576743203 
63700 0.12833333333333335 0.9660998693549203 
63800 0.11666666666666667 0.9660974488383149 
63900 0.12833333333333335 0.9660982092090369 
64000 0.08166666666666668 0.9661021789590093 
64100 0.12833333333333335 0.9661016295464276 
64200 0.13999999999999999 0.9660958032844763 
64300 0.12833333333333335 0.9661017022372211 
64400 0.12833333333333335 0.9660983093775286 
64500 0.12833333333333335 0.9660936350685346 
64600 0.12833333333333335 0.9660961560622556 
64700 0.13999999999999999 0.9660916712604476 
64800 0.10500000000000001 0.9661004031144924 
64900 0.09333333333333334 0.9661091936607722 
65000 0.13999999999999999 0.966107914579092 
65100 0.16333333333333333 0.9661012204966983 
65200 0.13999999999999999 0.9661023433519255 
65300 0.14 0.9660986559674941 
65400 0.105 0.9661054706944678 
65500 0.1516666666666667 0.9661148939201946 
65600 0.12833333333333335 0.9661159043984763 
65700 0.12833333333333335 0.9661241838023774 
65800 0.12833333333333335 0.9661218843347534 
65900 0.12833333333333335 0.966125745857844 
66000 0.17500000000000002 0.9661250923807552 
66100 0.12833333333333335 0.9661289373668914 
66200 0.09333333333333334 0.9661243368260634 
66300 0.13999999999999999 0.966125406186265 
66400 0.12833333333333335 0.9661242969901725 
66500 0.105 0.9661304591910899 
66600 0.16333333333333333 0.9661402314613228 
66700 0.16333333333333336 0.9661374808640217 
66800 0.1516666666666667 0.9661299980539213 
66900 0.09333333333333334 0.9661344125399222 
67000 0.12833333333333335 0.9661439132749262 
67100 0.175 0.9661421671145818 
67200 0.12833333333333335 0.9661446836935297 
67300 0.13999999999999999 0.9661381950738721 
67400 0.17500000000000002 0.9661355584899004 
67500 0.12833333333333335 0.9661349049972923 
67600 0.15166666666666667 0.9661297334523322 
67700 0.14 0.9661318395100024 
67800 0.105 0.9661340622639129 
67900 0.15166666666666664 0.9661440512249042 
68000 0.11666666666666667 0.9661517232589717 
68100 0.15166666666666667 0.9661479518166645 
68200 0.1516666666666667 0.9661507081193009 
68300 0.105 0.9661584180482147 
68400 0.09333333333333334 0.966167932892469 
68500 0.11666666666666667 0.9661709723621229 
68600 0.09333333333333334 0.9661767969044831 
68700 0.14 0.966183291849221 
68800 0.16333333333333333 0.9661778575569799 
68900 0.105 0.966176631850207 
69000 0.11666666666666667 0.9661789523179213 
69100 0.14 0.9661768040018717 
69200 0.12833333333333335 0.966180683002333 
69300 0.15166666666666667 0.9661751313513193 
69400 0.17500000000000002 0.9661779209073196 
69500 0.1516666666666667 0.9661685123635312 
69600 0.14 0.9661651971794786 
69700 0.13999999999999999 0.9661683078036502 
69800 0.12833333333333335 0.9661659973034452 
69900 0.1516666666666667 0.9661615475219716 
70000 0.12833333333333335 0.966164491300918 
70100 0.12833333333333335 0.9661682191885042 
70200 0.12833333333333335 0.966170551543267 
70300 0.12833333333333335 0.9661622483637817 
70400 0.12833333333333335 0.966167383986023 
70500 0.14 0.9661681315789059 
70600 0.12833333333333335 0.9661738344908555 
70700 0.12833333333333335 0.9661832930227295 
70800 0.14 0.966185348920056 
70900 0.105 0.9661767817097079 
71000 0.12833333333333335 0.9661772369403248 
71100 0.1516666666666667 0.9661776127543135 
71200 0.16333333333333336 0.9661694826383525 
71300 0.12833333333333335 0.9661660893021603 
71400 0.16333333333333336 0.9661616161616161 
71500 0.12833333333333335 0.9661540475735382 
71600 0.09333333333333334 0.9661583714690515 
71700 0.175 0.9661662474876377 
71800 0.15166666666666667 0.9661656290766609 
71900 0.15166666666666667 0.966164201085134 
72000 0.11666666666666667 0.9661675223646585 
72100 0.18666666666666668 0.9661691007521855 
72200 0.12833333333333335 0.9661765226397295 
72300 0.09333333333333334 0.9661800051943342 
72400 0.17500000000000002 0.9661842454600842 
72500 0.1516666666666667 0.9661815775721101 
72600 0.10500000000000001 0.9661873726869388 
72700 0.14 0.9661955589790145 
72800 0.10500000000000001 0.9661927720773066 
72900 0.14 0.9661952891973742 
73000 0.12833333333333335 0.9662005010585852 
73100 0.11666666666666667 0.9662055466637484 
73200 0.18666666666666668 0.9662061386532363 
73300 0.12833333333333335 0.9662050616256561 
73400 0.12833333333333335 0.9662028143727984 
73500 0.15166666666666664 0.9661974364672287 
73600 0.15166666666666667 0.9661950169759167 
73700 0.14 0.966188269720447 
73800 0.16333333333333333 0.9661835356040042 
73900 0.16333333333333336 0.9661746796389765 
74000 0.105 0.9661623566648498 
74100 0.21 0.9661641243408021 
74200 0.11666666666666667 0.9661606462326803 
74300 0.16333333333333333 0.9661538501799737 
74400 0.16333333333333336 0.9661444962657312 
74500 0.12833333333333335 0.9661510136329267 
74600 0.12833333333333335 0.9661516676124389 
74700 0.08166666666666668 0.9661552946636145 
74800 0.12833333333333335 0.9661652621994061 
74900 0.16333333333333333 0.9661624826252134 
75000 0.14 0.9661604511939841 
75100 0.16333333333333333 0.9661587580576675 
75200 0.15166666666666664 0.9661552594602022 
75300 0.12833333333333335 0.9661621728499991 
75400 0.16333333333333333 0.9661671522187297 
75500 0.11666666666666667 0.96617281743141 
75600 0.105 0.9661760059023323 
75700 0.12833333333333335 0.9661818279224258 
75800 0.12833333333333335 0.9661845196999747 
75900 0.14 0.966184313191599 
76000 0.175 0.9661859712372206 
76100 0.1516666666666667 0.9661825147574349 
76200 0.105 0.9661771717781481 
76300 0.09333333333333334 0.9661798884243544 
76400 0.16333333333333336 0.9661805255603112 
76500 0.16333333333333336 0.9661791276512 
76600 0.09333333333333334 0.9661842607218647 
76700 0.175 0.9661798194721495 
76800 0.11666666666666667 0.9661736175310217 
76900 0.11666666666666667 0.9661798213865157 
77000 0.11666666666666667 0.9661785416928207 
77100 0.12833333333333335 0.9661829937354898 
77200 0.12833333333333335 0.9661841239822743 
77300 0.12833333333333335 0.9661897431253584 
77400 0.13999999999999999 0.9661910052841695 
77500 0.11666666666666667 0.966187497222258 
77600 0.11666666666666667 0.9661882936789188 
77700 0.12833333333333335 0.9661916263053958 
77800 0.16333333333333336 0.9661902374862362 
77900 0.13999999999999999 0.9661946287952372 
78000 0.09333333333333334 0.9661997210861969 
78100 0.11666666666666667 0.9662064719615199 
78200 0.175 0.966205035741231 
78300 0.15166666666666667 0.9662018294075995 
78400 0.16333333333333336 0.9662025994566396 
78500 0.11666666666666667 0.9662021644451805 
78600 0.10500000000000001 0.9662075263390768 
78700 0.11666666666666667 0.9662032389818568 
78800 0.1516666666666667 0.9662053428537991 
78900 0.14 0.9662074061869375 
79000 0.19833333333333336 0.9662033462304978 
79100 0.105 0.9662042480148446 
79200 0.16333333333333333 0.9662034640415595 
79300 0.12833333333333335 0.9661968323224172 
79400 0.15166666666666667 0.9661979138242032 
79500 0.1516666666666667 0.9661912009492543 
79600 0.14 0.9661852726584954 
79700 0.14 0.9661876192826243 
79800 0.1516666666666667 0.9661865139534592 
79900 0.18666666666666668 0.9661862805221462 
80000 0.14 0.9661829227134661 
80100 0.16333333333333333 0.9661801281437741 
80200 0.12833333333333335 0.9661852720040898 
80300 0.15166666666666667 0.9661896420274274 
80400 0.15166666666666667 0.9661874714106652 
80500 0.09333333333333334 0.9661934151266582 
80600 0.15166666666666667 0.9661942779866255 
80700 0.16333333333333336 0.9662015065213291 
80800 0.175 0.9661989538083274 
80900 0.16333333333333333 0.9661913600848224 
81000 0.12833333333333335 0.9661952047231241 
81100 0.1516666666666667 0.9661973273380654 
81200 0.09333333333333334 0.9662036181820421 
81300 0.12833333333333335 0.9662076043891765 
81400 0.18666666666666668 0.9662033908947337 
81500 0.175 0.9662046409791836 
81600 0.16333333333333336 0.9661998967877572 
81700 0.15166666666666667 0.9661883643475057 
81800 0.11666666666666667 0.9661892886395032 
81900 0.10500000000000001 0.9661936701356244 
82000 0.14 0.9662000395659132 
82100 0.14 0.9662043296265169 
82200 0.13999999999999999 0.9662043176008943 
82300 0.13999999999999999 0.9662046093675114 
82400 0.11666666666666667 0.9662028440863042 
82500 0.16333333333333333 0.9662024635391625 
82600 0.175 0.9662007051300159 
82700 0.11666666666666667 0.9661905203349684 
82800 0.14 0.966192135360684 
82900 0.14 0.9661937799972926 
83000 0.14 0.9661961904073445 
83100 0.21 0.9661954529227487 
83200 0.14 0.9661884405769695 
83300 0.12833333333333335 0.9661901150979914 
83400 0.10500000000000001 0.966191019558785 
83500 0.16333333333333333 0.966192786779666 
83600 0.16333333333333333 0.9661843824303006 
83700 0.175 0.9661835315919497 
83800 0.13999999999999999 0.9661759538801579 
83900 0.11666666666666667 0.9661828623417281 
84000 0.17500000000000002 0.9661829422665603 
84100 0.14 0.9661852679780528 
84200 0.09333333333333334 0.966188083013002 
84300 0.15166666666666664 0.9661910890736765 
84400 0.1516666666666667 0.966188723409017 
84500 0.15166666666666664 0.9661866263252638 
84600 0.10500000000000001 0.9661849938732009 
84700 0.11666666666666667 0.9661925151087026 
84800 0.14 0.966195399949424 
84900 0.12833333333333335 0.9662005355256907 
85000 0.10500000000000001 0.9662042864855185 
85100 0.175 0.9662096933186579 
85200 0.11666666666666667 0.9662129030827755 
85300 0.14 0.9662146073577358 
85400 0.14 0.9662177713245617 
85500 0.175 0.966210109303465 
85600 0.15166666666666664 0.9662054506112987 
85700 0.1516666666666667 0.966204270921252 
85800 0.13999999999999999 0.966205360206887 
85900 0.175 0.9662108124468866 
86000 0.16333333333333336 0.9662079187709703 
86100 0.175 0.9662015152746968 
86200 0.16333333333333333 0.966196866754575 
86300 0.09333333333333334 0.966194321167902 
86400 0.10500000000000001 0.9661990794859627 
86500 0.15166666666666667 0.9662061389142579 
86600 0.12833333333333335 0.9662063820150909 
86700 0.14 0.9662085789091245 
86800 0.10500000000000001 0.9662151549713329 
86900 0.15166666666666667 0.9662174326084983 
87000 0.13999999999999999 0.9662193218724178 
87100 0.15166666666666664 0.9662186554816949 
87200 0.175 0.9662174172314537 
87300 0.175 0.9662108363274444 
87400 0.14 0.9662122159802392 
87500 0.13999999999999999 0.9662087353922304 
87600 0.13999999999999999 0.9662132218176099 
87700 0.14 0.9662105081786727 
87800 0.16333333333333336 0.9662094774926633 
87900 0.11666666666666667 0.966209839604909 
88000 0.11666666666666667 0.966212063246756 
88100 0.12833333333333335 0.9662093947729185 
88200 0.11666666666666667 0.9662147317553719 
88300 0.15166666666666664 0.9662226362102354 
88400 0.09333333333333334 0.9662226671643986 
88500 0.12833333333333335 0.9662267469670776 
88600 0.12833333333333335 0.9662301905295777 
88700 0.14 0.9662293986413782 
88800 0.13999999999999999 0.9662260122195822 
88900 0.11666666666666667 0.9662260704479014 
89000 0.12833333333333335 0.9662341184680822 
89100 0.10500000000000001 0.9662332633752707 
89200 0.175 0.9662304794789296 
89300 0.175 0.9662257110471576 
89400 0.13999999999999999 0.9662220718386197 
89500 0.16333333333333336 0.9662181303995362 
89600 0.11666666666666667 0.9662227852119706 
89700 0.16333333333333336 0.9662257264566604 
89800 0.14 0.966221391991428 
89900 0.15166666666666667 0.9662222580641174 
90000 0.12833333333333335 0.9662205605122905 
90100 0.16333333333333336 0.9662222271549582 
90200 0.12833333333333335 0.9662200714700133 
90300 0.14 0.9662223501893051 
90400 0.14 0.9662303698705398 
90500 0.11666666666666667 0.9662324787080314 
90600 0.16333333333333336 0.9662335098091878 
90700 0.14 0.9662339873748789 
90800 0.12833333333333335 0.9662365747318006 
90900 0.175 0.9662416621746002 
91000 0.11666666666666667 0.9662356274473174 
91100 0.14 0.9662358566621417 
91200 0.13999999999999999 0.9662328568522032 
91300 0.14 0.9662295897939538 
91400 0.14 0.9662313748086879 
91500 0.16333333333333336 0.9662247467847953 
91600 0.11666666666666667 0.9662213173315672 
91700 0.1516666666666667 0.9662226511524774 
91800 0.12833333333333335 0.9662208654226715 
91900 0.16333333333333333 0.9662198694488876 
92000 0.14 0.9662146184401377 
92100 0.16333333333333333 0.9662131186897476 
92200 0.16333333333333333 0.9662124356327781 
92300 0.175 0.9662122656670387 
92400 0.12833333333333335 0.9662141703613116 
92500 0.11666666666666667 0.9662090439863112 
92600 0.15166666666666664 0.9662106780704312 
92700 0.11666666666666667 0.966213866804745 
92800 0.12833333333333335 0.9662152527092022 
92900 0.14 0.9662159778210736 
93000 0.14 0.9662129379731879 
93100 0.14 0.9662116948260492 
93200 0.09333333333333334 0.9662133155462089 
93300 0.105 0.9662178802418457 
93400 0.175 0.9662176469678531 
93500 0.14 0.9662181866147599 
93600 0.11666666666666667 0.9662199418572214 
93700 0.11666666666666667 0.9662227902228009 
93800 0.12833333333333335 0.9662264024666878 
93900 0.16333333333333333 0.9662300661808122 
94000 0.15166666666666667 0.9662267186282888 
94100 0.175 0.9662253264518383 
94200 0.13999999999999999 0.9662272693495823 
94300 0.14 0.9662323599726172 
94400 0.11666666666666667 0.9662316430263803 
94500 0.175 0.9662320151814972 
94600 0.08166666666666668 0.9662316524725485 
94700 0.15166666666666667 0.9662342824022743 
94800 0.12833333333333335 0.9662348264024406 
94900 0.11666666666666667 0.9662327934724959 
95000 0.16333333333333333 0.9662320221190654 
95100 0.12833333333333335 0.966230230082871 
95200 0.16333333333333333 0.9662325850918932 
95300 0.09333333333333334 0.9662377916053113 
95400 0.13999999999999999 0.9662449962672183 
95500 0.12833333333333335 0.9662436635334825 
95600 0.13999999999999999 0.9662405321190272 
95700 0.12833333333333335 0.9662429221104156 
95800 0.12833333333333335 0.9662446982112226 
95900 0.16333333333333336 0.9662495119388166 
96000 0.14 0.9662457219774331 
96100 0.15166666666666667 0.9662460732863226 
96200 0.07 0.966250755074156 
96300 0.16333333333333333 0.9662572155129345 
96400 0.15166666666666667 0.9662519349153824 
96500 0.18666666666666668 0.9662519329103095 
96600 0.12833333333333335 0.9662533111573495 
96700 0.11666666666666667 0.9662567835102245 
96800 0.18666666666666668 0.96625448084214 
96900 0.16333333333333336 0.9662502909613363 
97000 0.175 0.9662470260902236 
97100 0.1516666666666667 0.9662470005458235 
97200 0.15166666666666667 0.9662477466509832 
97300 0.12833333333333335 0.9662462930037261 
97400 0.13999999999999999 0.9662464964425417 
97500 0.175 0.9662460442001165 
97600 0.14 0.9662426045270484 
97700 0.175 0.9662434366076089 
97800 0.14 0.9662347237985524 
97900 0.13999999999999999 0.9662329802555643 
98000 0.14 0.9662330826556191 
98100 0.175 0.9662369508069348 
98200 0.12833333333333335 0.9662343334362967 
98300 0.16333333333333333 0.9662367795512423 
98400 0.11666666666666667 0.9662395594444049 
98500 0.16333333333333333 0.9662379062141501 
98600 0.11666666666666667 0.9662362281653668 
98700 0.15166666666666667 0.9662312326003677 
98800 0.11666666666666667 0.966227118708875 
98900 0.18666666666666668 0.9662260745594079 
99000 0.14 0.9662227036988403 
99100 0.09333333333333334 0.9662215259628505 
99200 0.105 0.9662247748398594 
99300 0.175 0.9662278213601967 
99400 0.15166666666666664 0.966220158750918 
99500 0.14 0.9662178995409315 
99600 0.21 0.9662127165166793 
99700 0.12833333333333335 0.9662173509905729 
99800 0.16333333333333336 0.9662183300323198 
99900 0.15166666666666667 0.9662175831851311 
