0 0.0 1.0 
100 0.07840000000000001 0.987960396039604 
200 0.0896 0.9798341625207296 
300 0.0784 0.9790210409745294 
400 0.13440000000000002 0.977383208645054 
500 0.06720000000000001 0.9773306719893546 
600 0.06720000000000001 0.9771802551303383 
700 0.10079999999999999 0.9774303376129339 
800 0.06720000000000001 0.9773516437786101 
900 0.0784 0.9774916759156492 
1000 0.112 0.976993672993673 
1100 0.10080000000000001 0.9767411444141689 
1200 0.15680000000000002 0.9767860116569526 
1300 0.1456 0.9763279528567769 
1400 0.1232 0.97602284082798 
1500 0.1456 0.9756357983566512 
1600 0.1232 0.9754736622943994 
1700 0.10080000000000001 0.9752537722908093 
1800 0.112 0.9753736812881733 
1900 0.112 0.975273364895669 
2000 0.10080000000000001 0.9750418124271197 
2100 0.0896 0.9751458035855941 
2200 0.07840000000000001 0.9753118279569892 
2300 0.112 0.9753776618861365 
2400 0.0896 0.9753669304456476 
2500 0.07840000000000001 0.9754380914300946 
2600 0.1456 0.9754873766500064 
2700 0.10079999999999999 0.9755142539800074 
2800 0.0896 0.97551541116268 
2900 0.10079999999999999 0.9755376307020568 
3000 0.1232 0.9753211151838276 
3100 0.10079999999999999 0.9752828119961303 
3200 0.1232 0.9752727272727273 
3300 0.07840000000000001 0.9752616378875089 
3400 0.1232 0.9752449279623641 
3500 0.056 0.9753175283252404 
3600 0.13440000000000002 0.9753483291678238 
3700 0.0896 0.9752931640097271 
3800 0.1456 0.975274576865737 
3900 0.0896 0.9752466888831923 
4000 0.112 0.975230192451887 
4100 0.112 0.9751371210273917 
4200 0.07840000000000001 0.9751164008569388 
4300 0.10079999999999999 0.9750805239091684 
4400 0.06720000000000001 0.9750759675831251 
4500 0.0896 0.9751681848478116 
4600 0.10080000000000001 0.9751932188654641 
4700 0.0784 0.975168403885698 
4800 0.12319999999999999 0.9751918350343678 
4900 0.112 0.9751109297422295 
5000 0.112 0.9750743184696394 
5100 0.0896 0.9750971704894466 
5200 0.0896 0.9750771005575851 
5300 0.10079999999999999 0.9751050745142426 
5400 0.10080000000000001 0.9752065666851818 
5500 0.1456 0.9751982063867176 
5600 0.12319999999999999 0.9752087127298696 
5700 0.112 0.9752623516342163 
5800 0.0896 0.9752235821410101 
5900 0.0896 0.9752701801954471 
6000 0.13440000000000002 0.9752183524968061 
6100 0.10080000000000001 0.975238157679069 
6200 0.10080000000000001 0.975298607751438 
6300 0.0896 0.9752949267312067 
6400 0.07840000000000001 0.9753363536947351 
6500 0.0896 0.9753970158437163 
6600 0.06720000000000001 0.9754469524819471 
6700 0.1232 0.9755379794060588 
6800 0.10079999999999999 0.9755122285938342 
6900 0.14560000000000003 0.9755316620779597 
7000 0.13440000000000002 0.975503309051088 
7100 0.07840000000000001 0.975496408956485 
7200 0.1232 0.975498588159052 
7300 0.10080000000000001 0.9754824453271241 
7400 0.06720000000000001 0.9755153808043958 
7500 0.06720000000000001 0.9755961427365241 
7600 0.10080000000000001 0.975633732403631 
7700 0.0896 0.9756665368134009 
7800 0.10080000000000001 0.975681066529932 
7900 0.13440000000000002 0.9756105134371177 
8000 0.06720000000000001 0.9755993834104071 
8100 0.0672 0.9756964983746863 
8200 0.0784 0.975734016176889 
8300 0.0896 0.97577255752319 
8400 0.1232 0.9757209855969528 
8500 0.112 0.9757183076500804 
8600 0.1344 0.9757175522226098 
8700 0.112 0.975755123932115 
8800 0.0896 0.9757512403893497 
8900 0.10079999999999999 0.9757414522712804 
9000 0.10079999999999999 0.975791134318409 
9100 0.0896 0.9758101307548621 
9200 0.0784 0.9758559576857588 
9300 0.13440000000000002 0.9758423108626313 
9400 0.0896 0.9758005885898663 
9500 0.07840000000000001 0.9758534891064099 
9600 0.10079999999999999 0.9758961219317432 
9700 0.112 0.9759059890732914 
9800 0.07840000000000001 0.9758892630003742 
9900 0.0672 0.97593536006464 
10000 0.1232 0.97595200479952 
10100 0.10079999999999999 0.975927135927136 
10200 0.1232 0.9758993562722609 
10300 0.10079999999999999 0.9758470051451316 
10400 0.06720000000000001 0.9758443739384034 
10500 0.07840000000000001 0.9759108656318446 
10600 0.07840000000000001 0.9759461686004465 
10700 0.0896 0.9759309721832851 
10800 0.112 0.975949140511681 
10900 0.10079999999999999 0.9759483839403112 
11000 0.1232 0.9759129776080963 
11100 0.06720000000000001 0.975897666876858 
11200 0.10079999999999999 0.9759457191322204 
11300 0.14560000000000003 0.9759065569418636 
11400 0.0896 0.9758631698973774 
11500 0.1344 0.9758196098889952 
11600 0.1232 0.9757784099071919 
11700 0.14559999999999998 0.9757894197077173 
11800 0.112 0.9757896223483885 
11900 0.112 0.9757826513178164 
12000 0.112 0.9757524650723551 
12100 0.112 0.9757386441891854 
12200 0.112 0.9757298582083436 
12300 0.112 0.9757411592553451 
12400 0.112 0.9757238932344166 
12500 0.112 0.9757115964056209 
12600 0.112 0.9757100759199006 
12700 0.0896 0.9757711466288743 
12800 0.10079999999999999 0.9757854334296799 
12900 0.0896 0.975787303309821 
13000 0.07840000000000001 0.9758426787682999 
13100 0.112 0.9758186397984887 
13200 0.0784 0.9758232457137086 
13300 0.1232 0.9758255770242839 
13400 0.112 0.9758236947491481 
13500 0.1232 0.9758095943510358 
13600 0.0896 0.9758057005612333 
13700 0.112 0.9758394277789942 
13800 0.10079999999999999 0.9758423302659227 
13900 0.0896 0.9758413543390164 
14000 0.07840000000000001 0.9758881984620146 
14100 0.06720000000000001 0.9758940973453419 
14200 0.10079999999999999 0.975946858202474 
14300 0.10079999999999999 0.9759086310980584 
14400 0.10079999999999999 0.9758918593616184 
14500 0.056 0.9759192699354068 
14600 0.10080000000000001 0.9759587242882908 
14700 0.0672 0.9759951023739881 
14800 0.0896 0.9759904510956466 
14900 0.112 0.9759668926022862 
15000 0.06720000000000001 0.975937426393796 
15100 0.07840000000000001 0.9759586782332296 
15200 0.112 0.9759650900160077 
15300 0.1232 0.9759444045051522 
15400 0.112 0.9758994004718309 
15500 0.13440000000000002 0.9758782014063608 
15600 0.112 0.9758497532209474 
15700 0.112 0.975833386408509 
15800 0.10079999999999999 0.9758425416112905 
15900 0.06720000000000001 0.975837829905876 
16000 0.1232 0.9758373434993646 
16100 0.112 0.9758340475746848 
16200 0.1232 0.9758375408925375 
16300 0.14560000000000003 0.9757896243584239 
16400 0.112 0.9757777371298498 
16500 0.0896 0.9757975072217845 
16600 0.1232 0.9757701343292573 
16700 0.10079999999999999 0.9757571402910006 
16800 0.112 0.9757763625181041 
16900 0.112 0.9757764234857897 
17000 0.0896 0.9757940513303139 
17100 0.07840000000000001 0.9758028965167729 
17200 0.10079999999999999 0.9758283820708098 
17300 0.07840000000000001 0.9758259830838294 
17400 0.0896 0.9758231519261346 
17500 0.1232 0.9758418376092794 
17600 0.06720000000000001 0.9758324337632331 
17700 0.10080000000000001 0.9758365440747228 
17800 0.13440000000000002 0.9758427054659851 
17900 0.1232 0.9758352419790328 
18000 0.0896 0.9758484528637298 
18100 0.10079999999999999 0.9758520892031748 
18200 0.0896 0.9758523158068239 
18300 0.1456 0.9758289346665938 
18400 0.13440000000000002 0.9758126188794087 
18500 0.10079999999999999 0.9758070014233465 
18600 0.112 0.9758043115961508 
18700 0.112 0.9758009375612713 
18800 0.0896 0.9757801535379323 
18900 0.07840000000000001 0.9757904872758055 
19000 0.0896 0.9758007122432153 
19100 0.056 0.9758281416330733 
19200 0.1232 0.9758527854452025 
19300 0.0896 0.9758368305614562 
19400 0.112 0.9758335480988952 
19500 0.13440000000000002 0.975805821923662 
19600 0.10080000000000001 0.9757914392122851 
19700 0.0896 0.9758136135221562 
19800 0.0896 0.9758321970270861 
19900 0.10080000000000001 0.9758270103679882 
20000 0.1232 0.975818142426212 
20100 0.112 0.9758259456411787 
20200 0.0896 0.9758481923337129 
20300 0.1232 0.9758237196854014 
20400 0.112 0.9758204009607372 
20500 0.112 0.9758038469668147 
20600 0.10079999999999999 0.9757941847483131 
20700 0.112 0.9757983994331997 
20800 0.0784 0.9758023171962886 
20900 0.10079999999999999 0.9758275042661436 
21000 0.14559999999999998 0.975822357665508 
21100 0.1232 0.975778588692479 
21200 0.10080000000000001 0.9757640362875964 
21300 0.0896 0.9757555044364115 
21400 0.07840000000000001 0.9757861782159712 
21500 0.07840000000000001 0.9758116056617522 
21600 0.1456 0.9758145764856565 
21700 0.13440000000000002 0.9757956468979924 
21800 0.0896 0.9757974404843814 
21900 0.0896 0.9758006788122308 
22000 0.0896 0.975794554792964 
22100 0.1232 0.9758005520112212 
22200 0.0896 0.9758084170382716 
22300 0.13440000000000002 0.9757966010492803 
22400 0.10079999999999999 0.9757900093745815 
22500 0.1232 0.9757966312608328 
22600 0.056 0.9757968231494182 
22700 0.07840000000000001 0.9758373052582118 
22800 0.112 0.9758521702264521 
22900 0.06720000000000001 0.9758524664134026 
23000 0.10079999999999999 0.9758420938220077 
23100 0.1344 0.9758551289265976 
23200 0.1456 0.975844029711363 
23300 0.112 0.9758195213367095 
23400 0.10079999999999999 0.9758385254191416 
23500 0.10080000000000001 0.9758311561210161 
23600 0.112 0.9758418146123752 
23700 0.10079999999999999 0.9758439446999423 
23800 0.0896 0.9758487458510147 
23900 0.10079999999999999 0.9758396719802519 
24000 0.10080000000000001 0.9758373401108287 
24100 0.112 0.9758433260030704 
24200 0.112 0.9758549922179525 
24300 0.06720000000000001 0.9758559181377996 
24400 0.10079999999999999 0.9758544321954018 
24500 0.1568 0.9758401153694407 
24600 0.0896 0.975831117976234 
24700 0.1232 0.9758273754099024 
24800 0.112 0.9758485007324973 
24900 0.10079999999999999 0.9758498587740787 
25000 0.10079999999999999 0.9758627254909804 
25100 0.13440000000000002 0.9758679468281476 
25200 0.1232 0.975863814927979 
25300 0.06720000000000001 0.9758593994967261 
25400 0.1232 0.975867406795008 
25500 0.13440000000000002 0.9758556919336496 
25600 0.112 0.9758322982175175 
25700 0.112 0.9758214336666537 
25800 0.0896 0.9758293606190974 
25900 0.07840000000000001 0.9758454628521421 
26000 0.0672 0.9758507749701935 
26100 0.1232 0.9758598265711403 
26200 0.10080000000000001 0.9758613793366665 
26300 0.12319999999999999 0.9758649481008327 
26400 0.1456 0.9758558640455538 
26500 0.0896 0.9758671748235915 
26600 0.0896 0.9758744909339248 
26700 0.07840000000000001 0.9758578829756688 
26800 0.112 0.9758688606146537 
26900 0.0896 0.9758693481035401 
27000 0.0896 0.975869239410886 
27100 0.10079999999999999 0.9758861542624503 
27200 0.10080000000000001 0.9758743183461392 
27300 0.112 0.9758808346458616 
27400 0.12319999999999999 0.9758722187754705 
27500 0.1456 0.975856296134686 
27600 0.112 0.9758308273854812 
27700 0.1232 0.9758246994693333 
27800 0.0896 0.975823315708068 
27900 0.10080000000000001 0.9758098992867639 
28000 0.10079999999999999 0.9758121971834339 
28100 0.10079999999999999 0.9758143838297569 
28200 0.0896 0.9758180679172134 
28300 0.0896 0.9758176742871276 
28400 0.0896 0.9758008520826732 
28500 0.07840000000000001 0.9758107200916927 
28600 0.0896 0.9758178152279058 
28700 0.10079999999999999 0.9758263475140239 
28800 0.0896 0.9758380611784313 
28900 0.10080000000000001 0.9758330853603682 
29000 0.0896 0.9758233624127903 
29100 0.0896 0.9758316667239385 
29200 0.056 0.9758301428033287 
29300 0.0896 0.9758374571971378 
29400 0.1456 0.975840368241443 
29500 0.13440000000000002 0.975824638712812 
29600 0.13440000000000002 0.9758258617389052 
29700 0.112 0.9758234851800724 
29800 0.07840000000000001 0.9758086865094012 
29900 0.07840000000000001 0.9757958596702452 
30000 0.056 0.975805428707932 
30100 0.112 0.9758004053021494 
30200 0.1456 0.9758045097844442 
30300 0.112 0.9757980264677734 
30400 0.112 0.9758014100413364 
30500 0.0784 0.9758038971399845 
30600 0.1456 0.9758116837140398 
30700 0.1232 0.9758129051170972 
30800 0.1232 0.9757943789703798 
30900 0.10080000000000001 0.9757853791139446 
31000 0.168 0.9757669752588626 
31100 0.10079999999999999 0.9757454315509684 
31200 0.056 0.9757511190880634 
31300 0.07840000000000001 0.9757737239491816 
31400 0.07840000000000001 0.9757808986974937 
31500 0.10080000000000001 0.9757834566098431 
31600 0.0896 0.9757839730810206 
31700 0.10080000000000001 0.9757781773445633 
31800 0.06720000000000001 0.9757873442134943 
31900 0.13440000000000002 0.9757791500788899 
32000 0.112 0.9757667572888348 
32100 0.13440000000000002 0.9757737972856505 
32200 0.056 0.9757658871877685 
32300 0.10079999999999999 0.9757718130501636 
32400 0.10079999999999999 0.9757702128535127 
32500 0.10079999999999999 0.9757631252371722 
32600 0.1232 0.9757520730447942 
32700 0.15680000000000002 0.9757344831452657 
32800 0.14559999999999998 0.975730739916466 
32900 0.0784 0.9757181848576031 
33000 0.07840000000000001 0.9757217862084987 
33100 0.10079999999999999 0.9757297161213659 
33200 0.112 0.9757446663253115 
33300 0.112 0.9757363042150886 
33400 0.0896 0.9757419638134587 
33500 0.0896 0.9757365252778524 
33600 0.1232 0.9757262779877584 
33700 0.1344 0.9757130846760235 
33800 0.1232 0.9757014683983709 
33900 0.0448 0.9757059673755937 
34000 0.112 0.9757153024911032 
34100 0.10080000000000001 0.9757180923335581 
34200 0.10080000000000001 0.9757122111439237 
34300 0.10080000000000001 0.9757129724109113 
34400 0.112 0.9757073728476885 
34500 0.10079999999999999 0.9756953131793281 
34600 0.07840000000000001 0.9757121470477732 
34700 0.112 0.9756912288790909 
34800 0.07840000000000001 0.9756881315671005 
34900 0.112 0.9756885667077352 
35000 0.10079999999999999 0.9756802377074941 
35100 0.1232 0.9756971026466482 
35200 0.06720000000000001 0.9757046296033257 
35300 0.0784 0.9757096210683361 
35400 0.10080000000000001 0.9757202338916979 
35500 0.10079999999999999 0.9757142615700967 
35600 0.0896 0.9757235283653081 
35700 0.13440000000000002 0.9757228835793582 
35800 0.10079999999999999 0.9757182946472631 
35900 0.112 0.9757103887542594 
36000 0.0784 0.9757168226808515 
36100 0.10079999999999999 0.9757215220261674 
36200 0.10079999999999999 0.9757175768625176 
36300 0.10079999999999999 0.9757138003544439 
36400 0.13440000000000002 0.9757208135307638 
36500 0.13440000000000002 0.9757138343241738 
36600 0.112 0.9757126490168757 
36700 0.112 0.9757167742931618 
36800 0.0896 0.9757221814624603 
36900 0.0896 0.9757194655971383 
37000 0.0672 0.9757262776681711 
37100 0.1232 0.9757455594188836 
37200 0.10079999999999999 0.9757352759334427 
37300 0.112 0.9757323396155599 
37400 0.07840000000000001 0.9757374758250671 
37500 0.0896 0.9757431535159062 
37600 0.112 0.9757533398934426 
37700 0.13440000000000002 0.9757424648329399 
37800 0.0896 0.9757438515735916 
37900 0.10080000000000001 0.9757539554805063 
38000 0.112 0.9757369893774726 
38100 0.13440000000000002 0.975730750723953 
38200 0.0896 0.9757255220194934 
38300 0.1232 0.9757247765506558 
38400 0.112 0.9757279237519856 
38500 0.10079999999999999 0.9757174099374042 
38600 0.07840000000000001 0.9757139970467086 
38700 0.10079999999999999 0.9757207996348071 
38800 0.112 0.9757166396055085 
38900 0.112 0.9757055088558135 
39000 0.1232 0.9757033922207123 
39100 0.0784 0.975705719376316 
39200 0.10080000000000001 0.9757060619201892 
39300 0.10079999999999999 0.9757123058785612 
39400 0.1456 0.9756966574452425 
39500 0.06720000000000001 0.975691282077247 
39600 0.0896 0.9757035091706439 
39700 0.112 0.9756991511548827 
39800 0.13440000000000002 0.9756981650377293 
39900 0.1232 0.9756935749312883 
40000 0.13440000000000002 0.9756885411198053 
40100 0.0896 0.9756730256103339 
40200 0.1232 0.9756589802907059 
40300 0.0896 0.9756591647849929 
40400 0.14559999999999998 0.9756547280182833 
40500 0.0896 0.9756445190653729 
40600 0.112 0.9756346888007684 
40700 0.14560000000000003 0.9756230068057296 
40800 0.0896 0.9756204668186237 
40900 0.0784 0.9756262846059184 
41000 0.0896 0.9756278464752892 
41100 0.10079999999999999 0.9756360834691775 
41200 0.10079999999999999 0.9756355428266305 
41300 0.1232 0.9756279670387319 
41400 0.1232 0.9756236483820842 
41500 0.112 0.97562179224597 
41600 0.0672 0.9756218039630458 
41700 0.112 0.9756242456216078 
41800 0.112 0.9756195944275655 
41900 0.112 0.9756212660000159 
42000 0.10079999999999999 0.9756273739514139 
42100 0.13440000000000002 0.9756297158420624 
42200 0.07840000000000001 0.9756290767201409 
42300 0.112 0.97562673853258 
42400 0.0896 0.9756240969159532 
42500 0.1232 0.975618581523572 
42600 0.13440000000000002 0.9756169104011643 
42700 0.1232 0.975607315987916 
42800 0.112 0.975599760130215 
42900 0.112 0.9755940420969208 
43000 0.10080000000000001 0.9755850018991806 
43100 0.1232 0.9755722295693062 
43200 0.0448 0.9755748246568366 
43300 0.112 0.9755800558878548 
43400 0.1232 0.9755664001597505 
43500 0.10079999999999999 0.9755729753339004 
43600 0.1232 0.9755713859773858 
43700 0.10079999999999999 0.9755668748998879 
43800 0.07840000000000001 0.9755732213115378 
43900 0.10079999999999999 0.9755784454416376 
44000 0.056 0.975580130754604 
44100 0.0896 0.9755894877667173 
44200 0.10080000000000001 0.9755865553569678 
44300 0.112 0.9755809274433234 
44400 0.112 0.9755716612989197 
44500 0.1232 0.9755726837599155 
44600 0.07840000000000001 0.9755731635314604 
44700 0.112 0.9755650507445769 
44800 0.0896 0.9755686405809394 
44900 0.07840000000000001 0.9755615836321389 
45000 0.0896 0.9755713873025044 
45100 0.07840000000000001 0.9755762991212316 
45200 0.13440000000000002 0.9755710419386002 
45300 0.112 0.9755687512416944 
45400 0.1232 0.9755657658054522 
45500 0.1232 0.9755683611349201 
45600 0.07840000000000001 0.9755720561683588 
45700 0.10080000000000001 0.9755648235268375 
45800 0.0896 0.9755601260525607 
45900 0.1232 0.9755465603509001 
46000 0.06720000000000001 0.9755539807105643 
46100 0.1232 0.9755504942047534 
46200 0.0896 0.9755467341976725 
46300 0.1232 0.9755431632146174 
46400 0.0896 0.9755547222401816 
46500 0.056 0.975566805014946 
46600 0.10079999999999999 0.9755762036580045 
46700 0.112 0.9755781960414838 
46800 0.10080000000000001 0.9755846242601653 
46900 0.112 0.9755920484993212 
47000 0.10079999999999999 0.9755843492691645 
47100 0.13440000000000002 0.9755870434456452 
47200 0.06720000000000001 0.9755920425414716 
47300 0.06720000000000001 0.975606942770766 
47400 0.10079999999999999 0.9756145229003608 
47500 0.10080000000000001 0.9756164010582233 
47600 0.10079999999999999 0.9756036497832679 
47700 0.0784 0.9756010146537808 
47800 0.10080000000000001 0.975601960907373 
47900 0.0896 0.975600064020932 
48000 0.10079999999999999 0.9755943417845462 
48100 0.0896 0.97559080545796 
48200 0.0896 0.9755882796345857 
48300 0.10080000000000001 0.975593383159769 
48400 0.1232 0.9755971433097113 
48500 0.112 0.975591596049566 
48600 0.0896 0.9755958930886196 
48700 0.1232 0.9755828696193781 
48800 0.056 0.975581374698606 
48900 0.112 0.9755799404238495 
49000 0.11200000000000002 0.9755851513234424 
49100 0.10079999999999999 0.9755891461816799 
49200 0.0896 0.9755994661355122 
49300 0.1232 0.9755918405982299 
49400 0.06720000000000001 0.9755948260156677 
49500 0.10079999999999999 0.9755945671131223 
49600 0.112 0.975601405885634 
49700 0.112 0.9755955547507428 
49800 0.13440000000000002 0.975596688152179 
49900 0.0448 0.9755931143664456 
50000 0.13440000000000002 0.9755962214089051 
50100 0.0896 0.9755947386279715 
50200 0.112 0.9755843907491882 
50300 0.10080000000000001 0.9755740840142343 
50400 0.112 0.9755773099740085 
50500 0.1232 0.9755677445331116 
50600 0.1232 0.9755560562044229 
50700 0.10080000000000001 0.9755566688362491 
50800 0.14560000000000003 0.9755508749827759 
50900 0.112 0.9755460992907802 
51000 0.0784 0.9755408717476128 
51100 0.0896 0.9755373345596628 
51200 0.10079999999999999 0.9755355299050149 
51300 0.112 0.9755423610975744 
51400 0.112 0.9755456897725725 
51500 0.10080000000000001 0.9755411351235899 
51600 0.13440000000000002 0.9755380451283244 
51700 0.10080000000000001 0.975527436606642 
51800 0.1232 0.9755244879442482 
51900 0.1232 0.9755220130633321 
52000 0.0896 0.975526829612251 
52100 0.0896 0.9755270212343973 
52200 0.0896 0.9755353345721346 
52300 0.10079999999999999 0.9755362230167683 
52400 0.10079999999999999 0.9755325788948048 
52500 0.0896 0.9755270185329803 
52600 0.10080000000000001 0.9755260419637143 
52700 0.07840000000000001 0.9755240065020904 
52800 0.168 0.9755218272381205 
52900 0.1568 0.9755224790961734 
53000 0.15680000000000002 0.9755131161047276 
53100 0.06720000000000001 0.9755113211929468 
53200 0.112 0.9755163499432968 
53300 0.0784 0.9755167070036209 
53400 0.1232 0.9755173623465229 
53500 0.13440000000000002 0.9755057537865336 
53600 0.15680000000000002 0.9754933925362089 
53700 0.13440000000000002 0.9754879797396696 
53800 0.10079999999999999 0.975484420983501 
53900 0.13440000000000002 0.9754789954422615 
54000 0.0896 0.9754800590112529 
54100 0.10079999999999999 0.9754793934800958 
54200 0.0784 0.9754790256022337 
54300 0.0672 0.9754866638429004 
54400 0.112 0.9754796664277005 
54500 0.056 0.9754928533421405 
54600 0.07840000000000001 0.9754946612699401 
54700 0.0896 0.975491831349823 
54800 0.1232 0.9754936832052943 
54900 0.0896 0.975491739676873 
55000 0.10080000000000001 0.9754921789300801 
55100 0.06720000000000001 0.9754980853342045 
55200 0.10079999999999999 0.9754962893184302 
55300 0.13440000000000002 0.9754995147767068 
55400 0.1232 0.9754854966516849 
55500 0.0784 0.9754812826195324 
55600 0.0896 0.9754845656253185 
55700 0.10080000000000001 0.9754881719657935 
55800 0.13440000000000002 0.9754849793611823 
55900 0.1344 0.9754785543490576 
56000 0.1232 0.9754761522115677 
56100 0.112 0.9754662008401513 
56200 0.10080000000000001 0.9754716582741707 
56300 0.10080000000000001 0.9754781383397572 
56400 0.056 0.9754844535853383 
56500 0.112 0.9754878202745674 
56600 0.0448 0.9754903270260242 
56700 0.07840000000000001 0.9754961640888168 
56800 0.112 0.9754925910928798 
56900 0.1232 0.9754813916568543 
57000 0.1232 0.9754849680999749 
57100 0.10080000000000001 0.9754800324571081 
57200 0.07840000000000001 0.9754969318718204 
57300 0.0896 0.9755004624701139 
57400 0.112 0.9755015185565873 
57500 0.1232 0.9754979797452797 
57600 0.07840000000000001 0.975496767995926 
57700 0.07840000000000001 0.9754945899262288 
57800 0.1232 0.9754884978921934 
57900 0.1344 0.9754843151816607 
58000 0.13440000000000002 0.9754795032269559 
58100 0.0784 0.9754803531780865 
58200 0.10079999999999999 0.9754869274869274 
58300 0.14560000000000003 0.9754817698953134 
58400 0.0896 0.9754819266793376 
58500 0.10080000000000001 0.9754743337720723 
58600 0.0784 0.9754823751585582 
58700 0.0896 0.9754848015082083 
58800 0.13440000000000002 0.9754815961179798 
58900 0.10079999999999999 0.9754767264845532 
59000 0.0896 0.9754787432981362 
59100 0.10079999999999999 0.9754827385887436 
59200 0.112 0.975481315067876 
59300 0.1232 0.9754771083118329 
59400 0.10079999999999999 0.9754802332171737 
59500 0.056 0.9754904735494642 
59600 0.1232 0.9754924022527586 
59700 0.07840000000000001 0.9754903937957489 
59800 0.10080000000000001 0.9754903987112813 
59900 0.07840000000000001 0.975485640195211 
60000 0.112 0.9754923195724515 
60100 0.112 0.9754899696621798 
60200 0.1232 0.9754855013482611 
60300 0.0896 0.9754840549907962 
60400 0.1232 0.9754804501029233 
60500 0.10080000000000001 0.9754709949697801 
60600 0.112 0.9754692276805114 
60700 0.06720000000000001 0.9754706292592653 
60800 0.10079999999999999 0.9754722455222776 
60900 0.07840000000000001 0.9754683831135778 
61000 0.13440000000000002 0.9754700851898602 
61100 0.0896 0.9754711270410195 
61200 0.0784 0.975478439894773 
61300 0.056 0.9754850328705894 
61400 0.07840000000000001 0.9754909529160762 
61500 0.12319999999999999 0.9754900895920392 
61600 0.10080000000000001 0.9754928220862216 
61700 0.0784 0.9754921746270995 
61800 0.112 0.9754944634121346 
61900 0.10080000000000001 0.9754943754274298 
62000 0.0896 0.9754965242496089 
62100 0.0896 0.9754966479337424 
62200 0.0672 0.9755043595226229 
62300 0.0896 0.9754994622879247 
62400 0.10080000000000001 0.9755099223837225 
62500 0.056 0.9755174050548524 
62600 0.10080000000000001 0.975517409200066 
62700 0.112 0.9755182213999777 
62800 0.06720000000000001 0.9755182666942671 
62900 0.07840000000000001 0.97552272088944 
63000 0.112 0.9755254255223462 
63100 0.112 0.9755260508285658 
63200 0.14560000000000003 0.975517265022178 
63300 0.10080000000000001 0.9755211450056082 
63400 0.1232 0.975515170633481 
63500 0.07840000000000001 0.9755222332456707 
63600 0.10079999999999999 0.975527051461455 
63700 0.0896 0.9755314359272225 
63800 0.0672 0.975536057428567 
63900 0.0896 0.9755371173116748 
64000 0.112 0.9755345072733238 
64100 0.112 0.9755297837267229 
64200 0.1232 0.9755223335046702 
64300 0.1232 0.975521873687812 
64400 0.1232 0.9755200074533004 
64500 0.10079999999999999 0.9755165759703984 
64600 0.10080000000000001 0.975512081856318 
64700 0.10079999999999999 0.9755107339917467 
64800 0.112 0.9755109952006914 
64900 0.1232 0.9755094888111636 
65000 0.10080000000000001 0.9755043358307308 
65100 0.10080000000000001 0.9755032129562782 
65200 0.112 0.9755021344253412 
65300 0.14560000000000003 0.9754983639862586 
65400 0.0896 0.9754939526918549 
65500 0.10079999999999999 0.9754989185915737 
65600 0.10079999999999999 0.9754962678414455 
65700 0.1232 0.9755017833315576 
65800 0.112 0.975500230492951 
65900 0.112 0.9754975088895971 
66000 0.1568 0.975486230006616 
66100 0.0784 0.97548309405304 
66200 0.0672 0.9754891114434324 
66300 0.112 0.9754879916341131 
66400 0.07840000000000001 0.9754900076806072 
66500 0.112 0.9754890502899706 
66600 0.0896 0.9754836914360645 
66700 0.112 0.9754890231530762 
66800 0.10079999999999999 0.9754872731446136 
66900 0.1568 0.9754783934470337 
67000 0.0784 0.9754773809346129 
67100 0.1344 0.975480107102229 
67200 0.07840000000000001 0.9754803648755227 
67300 0.1232 0.9754801067839507 
67400 0.13440000000000002 0.975473123544161 
67500 0.112 0.9754720868332815 
67600 0.14560000000000003 0.9754627692884228 
67700 0.0784 0.9754583634904457 
67800 0.0896 0.975460224283811 
67900 0.0896 0.9754645930595033 
68000 0.1232 0.9754638902369083 
68100 0.056 0.9754706294082809 
68200 0.10079999999999999 0.9754734779059936 
68300 0.10079999999999999 0.9754807299063459 
68400 0.0896 0.9754770446825826 
68500 0.06720000000000001 0.9754800659844381 
68600 0.112 0.9754865380971123 
68700 0.0784 0.9754868196969476 
68800 0.10080000000000001 0.9754839609889391 
68900 0.13440000000000002 0.9754764275312888 
69000 0.0896 0.9754703844871814 
69100 0.1344 0.9754691056086984 
69200 0.112 0.9754595068472035 
69300 0.1456 0.9754535528587851 
69400 0.07840000000000001 0.9754533796342992 
69500 0.0896 0.9754587320086522 
69600 0.13440000000000002 0.9754583219589756 
69700 0.10080000000000001 0.9754608590025011 
69800 0.10080000000000001 0.9754587661112782 
69900 0.1232 0.9754558399259906 
70000 0.0448 0.9754599315247877 
70100 0.07840000000000001 0.975471201076542 
70200 0.06720000000000001 0.9754760568462937 
70300 0.112 0.9754780159599437 
70400 0.112 0.9754784164997656 
70500 0.0896 0.9754797236918625 
70600 0.0896 0.97548038507481 
70700 0.07840000000000001 0.9754834962258903 
70800 0.1232 0.9754786137672256 
70900 0.10079999999999999 0.9754762650268214 
71000 0.0672 0.9754785049975822 
71100 0.0896 0.9754843016741442 
71200 0.1456 0.9754813930515958 
71300 0.112 0.9754733313698265 
71400 0.10079999999999999 0.9754738075563835 
71500 0.1232 0.9754707766324946 
71600 0.10079999999999999 0.9754618324697514 
71700 0.112 0.9754588638931116 
71800 0.0896 0.9754562378425555 
71900 0.13440000000000002 0.9754522839274372 
72000 0.14560000000000003 0.9754471558265394 
72100 0.112 0.9754445569409578 
72200 0.0896 0.975445880250966 
72300 0.07840000000000001 0.975451736490505 
72400 0.1344 0.9754481844173423 
72500 0.112 0.9754437226153202 
72600 0.1232 0.9754425788441848 
72700 0.1568 0.9754422818576544 
72800 0.07840000000000001 0.975447223710297 
72900 0.0896 0.9754516764744883 
73000 0.0784 0.975457724323411 
73100 0.0896 0.9754580283899446 
73200 0.112 0.9754635410263066 
73300 0.10079999999999999 0.9754620537236872 
73400 0.06720000000000001 0.9754697256622299 
73500 0.10079999999999999 0.9754749459191031 
73600 0.14560000000000003 0.9754661304420683 
73700 0.112 0.9754621873063686 
73800 0.10080000000000001 0.9754596279183209 
73900 0.1232 0.9754658800286871 
74000 0.112 0.97546227753679 
74100 0.0896 0.9754620675384498 
74200 0.112 0.9754660269627993 
74300 0.10079999999999999 0.9754710165408271 
74400 0.1232 0.9754790751020371 
74500 0.10079999999999999 0.9754823514673181 
74600 0.0896 0.9754829023739628 
74700 0.112 0.9754845941375171 
74800 0.0896 0.9754866022290255 
74900 0.1344 0.9754868248309991 
75000 0.0784 0.9754858379666049 
75100 0.1232 0.9754867356404486 
75200 0.10080000000000001 0.9754839784931938 
75300 0.10079999999999999 0.9754825389658394 
75400 0.10080000000000001 0.9754932339535727 
75500 0.112 0.975486558676927 
75600 0.0896 0.9754884018289 
75700 0.1232 0.9754818562502476 
75800 0.10080000000000001 0.9754801475794075 
75900 0.07840000000000001 0.9754807973544486 
76000 0.10079999999999999 0.9754853401051741 
76100 0.1232 0.9754801995593575 
76200 0.112 0.9754792719255653 
76300 0.112 0.9754822260957698 
76400 0.0896 0.9754816821769349 
76500 0.112 0.9754847300471018 
76600 0.0896 0.9754888839571285 
76700 0.0784 0.9754872557072267 
76800 0.112 0.9754869858465385 
76900 0.0896 0.9754857804189803 
77000 0.06720000000000001 0.9754853400172292 
77100 0.07840000000000001 0.9754947925448437 
77200 0.13440000000000002 0.9754931671869536 
77300 0.10080000000000001 0.9754865094457597 
77400 0.1232 0.975482039422402 
77500 0.0896 0.9754800927299863 
77600 0.0784 0.9754800754285813 
77700 0.0896 0.975479268821079 
77800 0.056 0.9754854907606157 
77900 0.10079999999999999 0.9754851927446374 
78000 0.1232 0.9754910834476481 
78100 0.1232 0.9754887645484693 
78200 0.1232 0.9754849511728324 
78300 0.0896 0.9754828163114136 
78400 0.1232 0.975477659723728 
78500 0.1456 0.9754735693388195 
78600 0.112 0.97546725020462 
78700 0.112 0.9754635222762946 
78800 0.1232 0.9754637969907319 
78900 0.0896 0.9754595421266312 
79000 0.0672 0.9754623527972219 
79100 0.10080000000000001 0.9754653586343198 
79200 0.06720000000000001 0.9754744847497717 
79300 0.10079999999999999 0.9754756182141461 
79400 0.1344 0.9754775212738714 
79500 0.06720000000000001 0.9754816668972718 
79600 0.1232 0.9754799395317479 
79700 0.10080000000000001 0.9754778819169981 
79800 0.112 0.9754814434238501 
79900 0.10080000000000001 0.9754809576851353 
80000 0.056 0.9754784065199185 
80100 0.056 0.9754848503763998 
80200 0.0784 0.975491145164441 
80300 0.0896 0.9754975238996608 
80400 0.112 0.9754994092113283 
80500 0.112 0.9754996997966899 
80600 0.10079999999999999 0.9754992948805432 
80700 0.112 0.9755003779383155 
80800 0.112 0.9754980590174214 
80900 0.07840000000000001 0.9755034589601282 
81000 0.10080000000000001 0.9755011748826146 
81100 0.1232 0.9755038943210729 
81200 0.1344 0.9755039469957266 
81300 0.10079999999999999 0.9755044915396694 
81400 0.112 0.9755042812741859 
81500 0.0896 0.9755083904900962 
81600 0.10080000000000001 0.9755091236627003 
81700 0.10080000000000001 0.9755101814339278 
81800 0.1232 0.9755059881093548 
81900 0.1232 0.975503498125786 
82000 0.10079999999999999 0.9755001686971297 
82100 0.06720000000000001 0.9754979192295669 
82200 0.10079999999999999 0.9754965835776531 
82300 0.112 0.9754934366937623 
82400 0.0896 0.9754934689303932 
82500 0.10080000000000001 0.9754950849080617 
82600 0.07840000000000001 0.9754980851724959 
82700 0.07840000000000001 0.9754956933209191 
82800 0.112 0.9754961413509499 
82900 0.0896 0.9754928891086959 
83000 0.112 0.9754925683626302 
83100 0.1568 0.9754927939094195 
83200 0.056 0.9754937240337657 
83300 0.0896 0.975497469017979 
83400 0.112 0.9754989988129639 
83500 0.10079999999999999 0.9754995988071999 
83600 0.1232 0.9754935945742276 
83700 0.10079999999999999 0.9754941358725304 
83800 0.0672 0.9754959487356952 
83900 0.10080000000000001 0.9754949285467396 
84000 0.0896 0.9754984504152728 
84100 0.1232 0.9755040249224147 
84200 0.10079999999999999 0.9755007185187824 
84300 0.1344 0.9754940036298502 
84400 0.10079999999999999 0.9754968148086713 
84500 0.1232 0.9754959270698966 
84600 0.112 0.97549021879174 
84700 0.1232 0.9754902539521375 
84800 0.10080000000000001 0.9754899431217399 
84900 0.1232 0.9754932136645427 
85000 0.0896 0.9754928687113485 
85100 0.056 0.9754980082490218 
85200 0.1232 0.9754989104196743 
85300 0.112 0.9754994665947644 
85400 0.0896 0.975504767703735 
85500 0.07840000000000001 0.9755048167077968 
85600 0.112 0.9755036195060026 
85700 0.10079999999999999 0.9755051010684433 
85800 0.112 0.9755070453724316 
85900 0.0896 0.9755049805396134 
86000 0.0896 0.9755069824769479 
86100 0.1232 0.9755062233113824 
86200 0.0784 0.9755064867770289 
86300 0.10080000000000001 0.9755125896571303 
86400 0.10079999999999999 0.9755128451445392 
86500 0.1456 0.9755097705999545 
86600 0.10079999999999999 0.9755081196137073 
86700 0.112 0.9755088099714344 
86800 0.0784 0.9755091915223711 
86900 0.1344 0.9755088357249437 
87000 0.10079999999999999 0.9755063964782014 
87100 0.112 0.9755056467013391 
87200 0.1232 0.9755085377461268 
87300 0.112 0.9755083370560856 
87400 0.13440000000000002 0.975505177286301 
87500 0.0896 0.975501019035973 
87600 0.0896 0.9754969616024171 
87700 0.112 0.9754957412116168 
87800 0.056 0.9754988667555039 
87900 0.10079999999999999 0.9755029256398297 
88000 0.10079999999999999 0.9755047935061344 
88100 0.10080000000000001 0.9755082310832642 
88200 0.13440000000000002 0.9755066117920054 
88300 0.1456 0.9755054491644112 
88400 0.168 0.9755004279740426 
88500 0.112 0.9754960508920804 
88600 0.112 0.9754910516435105 
88700 0.0784 0.9754897013562418 
88800 0.10080000000000001 0.975491176901161 
88900 0.06720000000000001 0.9754960986565581 
89000 0.10079999999999999 0.9755031666310865 
89100 0.0672 0.9754999532365892 
89200 0.10080000000000001 0.9755024569978662 
89300 0.112 0.9755023273348936 
89400 0.0896 0.9754991256622783 
89500 0.10079999999999999 0.9754963184768886 
89600 0.112 0.9754936068421856 
89700 0.1232 0.975490485055908 
89800 0.10080000000000001 0.9754900724936247 
89900 0.13440000000000002 0.9754884446965736 
90000 0.0896 0.9754840649918705 
90100 0.06720000000000001 0.9754892546512617 
90200 0.0672 0.9754931320051884 
90300 0.112 0.9754917147466067 
90400 0.10079999999999999 0.9754938109091713 
90500 0.06720000000000001 0.975498171290925 
90600 0.112 0.975501903952495 
90700 0.0896 0.9755091564591349 
90800 0.10080000000000001 0.9755084929314288 
90900 0.0896 0.9755086229341078 
91000 0.10080000000000001 0.9755103643549704 
91100 0.1568 0.9755091162555845 
91200 0.0896 0.9755088650343746 
91300 0.07840000000000001 0.9755144850549282 
91400 0.10080000000000001 0.975518838232988 
91500 0.0896 0.9755205589738546 
91600 0.07840000000000001 0.9755254491399293 
91700 0.1232 0.9755304158805974 
91800 0.1232 0.975528342102301 
91900 0.0784 0.9755270272721007 
92000 0.10079999999999999 0.9755265558707695 
92100 0.112 0.9755286623742775 
92200 0.0896 0.9755281902220873 
92300 0.10079999999999999 0.9755245699757676 
92400 0.112 0.9755256328394715 
92500 0.10079999999999999 0.9755302393127282 
92600 0.07840000000000001 0.9755264557978136 
92700 0.0896 0.9755265063663463 
92800 0.1344 0.9755268729144442 
92900 0.0896 0.9755264923592498 
93000 0.1232 0.9755272308899904 
93100 0.0896 0.975523785995854 
93200 0.112 0.9755238963816554 
93300 0.07840000000000001 0.9755234063229047 
93400 0.112 0.9755243162992545 
93500 0.1568 0.9755188643258718 
93600 0.14559999999999998 0.9755132530635356 
93700 0.112 0.9755088206102389 
93800 0.07840000000000001 0.9755112774206387 
93900 0.0896 0.9755108039318006 
94000 0.1232 0.9755108137147477 
94100 0.07840000000000001 0.9755122120558407 
94200 0.0896 0.975511003067908 
94300 0.1232 0.9755086655143282 
94400 0.13440000000000002 0.9755096379628747 
94500 0.0896 0.9755091127783481 
94600 0.0896 0.975508363195597 
94700 0.112 0.9755103184408471 
94800 0.06720000000000001 0.9755084721328537 
94900 0.10079999999999999 0.9755097487557208 
95000 0.06720000000000001 0.9755116121584685 
95100 0.10080000000000001 0.9755093216685419 
95200 0.06720000000000001 0.975511041550684 
95300 0.10080000000000001 0.9755144646960683 
95400 0.112 0.9755120666100635 
95500 0.07840000000000001 0.9755125496068104 
95600 0.10080000000000001 0.9755134499987796 
95700 0.10080000000000001 0.9755148500712288 
95800 0.10079999999999999 0.9755191421105556 
95900 0.112 0.9755201162309743 
96000 0.15680000000000002 0.9755217549817189 
96100 0.0896 0.9755187840570511 
96200 0.112 0.975517288455075 
96300 0.10079999999999999 0.9755185650547069 
96400 0.10079999999999999 0.9755165195381791 
96500 0.112 0.9755139255897175 
96600 0.10079999999999999 0.9755114750364903 
96700 0.1232 0.9755110977825118 
96800 0.112 0.9755090408845639 
96900 0.0896 0.9755101529739976 
97000 0.1232 0.9755061219300145 
97100 0.0784 0.9755064932389985 
97200 0.10080000000000001 0.9755105400150205 
97300 0.13440000000000002 0.9755141125647904 
97400 0.06720000000000001 0.9755119557294073 
97500 0.10079999999999999 0.975508900763411 
97600 0.13440000000000002 0.9755059613460244 
97700 0.10080000000000001 0.9754999709999557 
97800 0.10079999999999999 0.9755019001169041 
97900 0.112 0.9754975059839361 
98000 0.0896 0.9754999234701687 
98100 0.112 0.9754963286137076 
98200 0.0896 0.9754916277159431 
98300 0.10079999999999999 0.97549149381322 
98400 0.1344 0.9754870241833585 
98500 0.13440000000000002 0.9754844587026189 
98600 0.10079999999999999 0.9754831695418911 
98700 0.0896 0.9754809643941467 
98800 0.10079999999999999 0.9754809229326289 
98900 0.10080000000000001 0.9754856540041725 
99000 0.0896 0.9754851769174049 
99100 0.14559999999999998 0.9754813372216223 
99200 0.13440000000000002 0.9754783654734663 
99300 0.13440000000000002 0.9754747820599322 
99400 0.0896 0.9754715009574015 
99500 0.1232 0.9754722465100854 
99600 0.10079999999999999 0.9754723480018608 
99700 0.112 0.9754761670728812 
99800 0.0896 0.9754749818806091 
99900 0.13440000000000002 0.975469661631682 
