0 0.0 1.0 
100 0.0984375 0.9877011138613861 
200 0.109375 0.9832478233830846 
300 0.0546875 0.9827917358803987 
400 0.065625 0.9830371986699917 
500 0.065625 0.9827012641383899 
600 0.065625 0.9827067734331669 
700 0.08750000000000001 0.982335502853067 
800 0.08750000000000001 0.982082943196005 
900 0.065625 0.9822650758416575 
1000 0.065625 0.9827073967698968 
1100 0.07656249999999999 0.9828186497123826 
1200 0.043750000000000004 0.982859335970025 
1300 0.065625 0.9829818408916219 
1400 0.08750000000000001 0.9829678949559838 
1500 0.0765625 0.9830061209193871 
1600 0.1203125 0.9827972100770351 
1700 0.08750000000000001 0.982390873015873 
1800 0.08750000000000001 0.9822219715898575 
1900 0.0765625 0.9820585108714711 
2000 0.07656249999999999 0.9819608424954189 
2100 0.0765625 0.98205591583373 
2200 0.065625 0.9820985726185067 
2300 0.0765625 0.9821035691003911 
2400 0.0546875 0.9819595567818964 
2500 0.07656249999999999 0.9819426396108223 
2600 0.08750000000000001 0.9819580610021786 
2700 0.08750000000000001 0.9819530575095644 
2800 0.07656249999999999 0.9818442818041175 
2900 0.065625 0.9819360062622084 
3000 0.09843750000000001 0.9819487254248583 
3100 0.0984375 0.9817489989788241 
3200 0.0546875 0.9818944926064771 
3300 0.0765625 0.9819357139250732 
3400 0.065625 0.9820541446143292 
3500 0.07656249999999999 0.9819969592021327 
3600 0.0765625 0.9820210531796724 
3700 0.07656249999999999 0.9820093668377916 
3800 0.065625 0.9821010644128738 
3900 0.08750000000000001 0.9820371913184653 
4000 0.0765625 0.9820110076647505 
4100 0.0546875 0.981987370966431 
4200 0.0546875 0.9820795395937475 
4300 0.065625 0.9821377538169418 
4400 0.065625 0.9822004231992729 
4500 0.0984375 0.9821347570910168 
4600 0.043750000000000004 0.9820821334130262 
4700 0.08750000000000001 0.9820367342054882 
4800 0.08750000000000001 0.9819888868638478 
4900 0.065625 0.9820327909270217 
5000 0.0765625 0.9820213040725189 
5100 0.09843750000000001 0.9820475356139319 
5200 0.07656249999999999 0.9819666089854515 
5300 0.08750000000000001 0.9820228494623656 
5400 0.0984375 0.9819381441708326 
5500 0.0984375 0.9818915500212083 
5600 0.08750000000000001 0.9818814906564304 
5700 0.08750000000000001 0.9818494014208033 
5800 0.08750000000000001 0.9817878921737632 
5900 0.0546875 0.981822907840479 
6000 0.08750000000000001 0.9818788882408488 
6100 0.08750000000000001 0.9818459576298968 
6200 0.08750000000000001 0.9818577648766328 
6300 0.08750000000000001 0.9818452262868328 
6400 0.065625 0.9819185153361454 
6500 0.043750000000000004 0.981942281315695 
6600 0.0546875 0.9819811076604554 
6700 0.0765625 0.9820036188628563 
6800 0.0546875 0.9820446135372249 
6900 0.07656249999999999 0.982031966985461 
7000 0.065625 0.9820419999523877 
7100 0.08750000000000001 0.9820048085950336 
7200 0.08750000000000001 0.9819520147664677 
7300 0.08750000000000001 0.981949889855271 
7400 0.0765625 0.9819115800792686 
7500 0.065625 0.9818708200017775 
7600 0.0546875 0.9818479202297943 
7700 0.0765625 0.9818249388607541 
7800 0.0546875 0.9818522865658249 
7900 0.0765625 0.9818588364342067 
8000 0.0546875 0.9818648970961963 
8100 0.08750000000000001 0.9818222673126774 
8200 0.0984375 0.9817946490265415 
8300 0.043750000000000004 0.9817416576316107 
8400 0.109375 0.9817702133674563 
8500 0.08750000000000001 0.9817227385013528 
8600 0.109375 0.981683028620703 
8700 0.065625 0.9816804462130789 
8800 0.08750000000000001 0.9816699333409082 
8900 0.0765625 0.9816584864060218 
9000 0.07656249999999999 0.9816742005517906 
9100 0.08750000000000001 0.9816620998608212 
9200 0.08750000000000001 0.9816440355215013 
9300 0.0546875 0.9816154400960471 
9400 0.07656249999999999 0.981637591745559 
9500 0.043750000000000004 0.9816839455495913 
9600 0.07656249999999999 0.9817163142728188 
9700 0.09843750000000001 0.9817219766862523 
9800 0.0765625 0.981706001513451 
9900 0.08750000000000001 0.9817008698616302 
10000 0.0765625 0.9817171928640469 
10100 0.07656249999999999 0.9817156614031614 
10200 0.08750000000000001 0.9817243713851583 
10300 0.0765625 0.9817200190919976 
10400 0.0984375 0.9817102422042753 
10500 0.065625 0.9816845320286957 
10600 0.0765625 0.9816988570260667 
10700 0.08750000000000001 0.9817294625891662 
10800 0.0984375 0.9817223713853656 
10900 0.08750000000000001 0.9817156491759166 
11000 0.065625 0.9817173344089931 
11100 0.0765625 0.9817539429630964 
11200 0.0984375 0.9817840854983186 
11300 0.065625 0.9818017118691561 
11400 0.08750000000000001 0.9817795131275034 
11500 0.043750000000000004 0.9818036656232791 
11600 0.08750000000000001 0.9818166267994138 
11700 0.065625 0.9818258054867105 
11800 0.0765625 0.9818257810072593 
11900 0.07656249999999999 0.9818235687477243 
12000 0.0765625 0.9818485178318473 
12100 0.0546875 0.9818384069498388 
12200 0.0546875 0.9818880112285878 
12300 0.0546875 0.9819107694496383 
12400 0.0546875 0.9819029211353923 
12500 0.0984375 0.9819224878676373 
12600 0.0984375 0.9818909048223686 
12700 0.08750000000000001 0.9819061573235703 
12800 0.065625 0.9818945215868552 
12900 0.065625 0.9819095095987391 
13000 0.043750000000000004 0.9819511079275953 
13100 0.043750000000000004 0.9819924687682874 
13200 0.08750000000000001 0.9820369511148145 
13300 0.08750000000000001 0.9820134137784127 
13400 0.0765625 0.9819649653010969 
13500 0.065625 0.9819778010270844 
13600 0.0765625 0.9819998299757371 
13700 0.0546875 0.9820078522248984 
13800 0.0984375 0.9820017948578605 
13900 0.08750000000000001 0.9820066901661751 
14000 0.065625 0.9819854757398281 
14100 0.0765625 0.9819787825331536 
14200 0.0546875 0.9819699830411004 
14300 0.065625 0.9820150251730648 
14400 0.065625 0.9820060962201699 
14500 0.07656249999999999 0.982008604291658 
14600 0.0765625 0.9819857515466978 
14700 0.08750000000000001 0.9819554154479287 
14800 0.08750000000000001 0.9819341105893746 
14900 0.065625 0.9819428016576068 
15000 0.07656249999999999 0.9819459952669822 
15100 0.0984375 0.9819410414321348 
15200 0.08750000000000001 0.9819133678157139 
15300 0.0984375 0.9818935445395726 
15400 0.0546875 0.9818601132502218 
15500 0.09843750000000001 0.981858697288347 
15600 0.0765625 0.9818123971753947 
15700 0.065625 0.9818015174192727 
15800 0.08750000000000001 0.9817909401831107 
15900 0.0765625 0.9817865556149509 
16000 0.109375 0.9817631840718288 
16100 0.08750000000000001 0.981741720234768 
16200 0.1203125 0.981712805793881 
16300 0.08750000000000001 0.9817011801423225 
16400 0.043750000000000004 0.9817098614413755 
16500 0.0546875 0.9817394274084399 
16600 0.08750000000000001 0.9817073017689697 
16700 0.08750000000000001 0.9817165701155619 
16800 0.0546875 0.9817330131638989 
16900 0.08750000000000001 0.9817320042699643 
17000 0.09843750000000001 0.9816994527282709 
17100 0.08750000000000001 0.9816759619320508 
17200 0.0984375 0.9816734855531655 
17300 0.0765625 0.981682928973277 
17400 0.065625 0.9816904679807674 
17500 0.08750000000000001 0.9816921175932803 
17600 0.0984375 0.9816573513815503 
17700 0.08750000000000001 0.9816560799295708 
17800 0.0765625 0.9816559931090013 
17900 0.109375 0.981644705603039 
18000 0.0765625 0.9816387515508398 
18100 0.07656249999999999 0.9816410637994217 
18200 0.109375 0.9816324766954196 
18300 0.0765625 0.9816016428974738 
18400 0.0546875 0.9815998734217344 
18500 0.09843750000000001 0.9816013605120444 
18600 0.109375 0.9815749713277064 
18700 0.07656249999999999 0.981552206432811 
18800 0.07656249999999999 0.9815555854741769 
18900 0.109375 0.9815487330917235 
19000 0.09843750000000001 0.9815287956335631 
19100 0.065625 0.9815299264436417 
19200 0.065625 0.9815319948613788 
19300 0.0546875 0.9815730348600246 
19400 0.065625 0.9815971416851365 
19500 0.0765625 0.9815988336068235 
19600 0.0765625 0.9816031654422394 
19700 0.065625 0.9816054705344907 
19800 0.0546875 0.9816291896032187 
19900 0.0765625 0.9816333036028341 
20000 0.065625 0.9816460999866673 
20100 0.08750000000000001 0.9816333764489329 
20200 0.08750000000000001 0.9816220680081844 
20300 0.065625 0.9816131799747139 
20400 0.065625 0.9816304194647322 
20500 0.043750000000000004 0.9816662906687479 
20600 0.043750000000000004 0.9816976421047522 
20700 0.0765625 0.9817156075390883 
20800 0.0765625 0.9817157478406486 
20900 0.065625 0.9817026796963463 
21000 0.08750000000000001 0.9816901080107296 
21100 0.08750000000000001 0.981679630112317 
21200 0.07656249999999999 0.9816703565476471 
21300 0.065625 0.9816720508035617 
21400 0.065625 0.9817006214662867 
21500 0.065625 0.9817102741345364 
21600 0.043750000000000004 0.9817292409302039 
21700 0.08750000000000001 0.9817409527978741 
21800 0.065625 0.9817464651850832 
21900 0.0546875 0.9817400366041125 
22000 0.08750000000000001 0.9817374541687499 
22100 0.0984375 0.9817371338778034 
22200 0.08750000000000001 0.9817263768148582 
22300 0.08750000000000001 0.9817115123761266 
22400 0.08750000000000001 0.9817104984152493 
22500 0.0765625 0.981696762551294 
22600 0.08750000000000001 0.9816890246375529 
22700 0.08750000000000001 0.9816769956903514 
22800 0.0765625 0.9816823183924681 
22900 0.065625 0.9817010128742558 
23000 0.0546875 0.9817227149544223 
23100 0.065625 0.9817341962108422 
23200 0.065625 0.9817436703518526 
23300 0.043750000000000004 0.9817592100839735 
23400 0.065625 0.9817792909491048 
23500 0.0546875 0.9817852387487057 
23600 0.065625 0.9817878259042696 
23700 0.08750000000000001 0.9817807221565897 
23800 0.065625 0.9817881207722364 
23900 0.0765625 0.9817893559195571 
24000 0.043750000000000004 0.9818120642542671 
24100 0.065625 0.9818219420356001 
24200 0.07656249999999999 0.9818258198697023 
24300 0.08750000000000001 0.981816591909798 
24400 0.08750000000000001 0.9818176850675518 
24500 0.08750000000000001 0.9818093096540277 
24600 0.08750000000000001 0.981806083424793 
24700 0.08750000000000001 0.98179803364911 
24800 0.0765625 0.9818031740991626 
24900 0.065625 0.981809214489378 
25000 0.109375 0.9818048944708878 
25100 0.0984375 0.9817808968434193 
25200 0.0765625 0.9817652531976244 
25300 0.0765625 0.9817666133090919 
25400 0.0546875 0.9817697055890188 
25500 0.065625 0.9817735905781473 
25600 0.08750000000000001 0.9817711384971941 
25700 0.0984375 0.9817610047598667 
25800 0.065625 0.9817580148702246 
25900 0.0546875 0.9817733469106726 
26000 0.0765625 0.98175280518057 
26100 0.08750000000000001 0.9817471872086638 
26200 0.07656249999999999 0.9817342571212294 
26300 0.0765625 0.9817321188674701 
26400 0.065625 0.9817365069820587 
26500 0.08750000000000001 0.9817391914456058 
26600 0.065625 0.9817507643822914 
26700 0.0546875 0.9817579592836723 
26800 0.065625 0.9817621854905911 
26900 0.08750000000000001 0.9817747055561751 
27000 0.065625 0.9817838536844314 
27100 0.08750000000000001 0.9817831330024722 
27200 0.065625 0.9817721736639584 
27300 0.07656249999999999 0.9817748395968402 
27400 0.065625 0.9817571477014221 
27500 0.0546875 0.9817568186914415 
27600 0.08750000000000001 0.9817645118534353 
27700 0.043750000000000004 0.9817761918943961 
27800 0.07656249999999999 0.9817876005659268 
27900 0.065625 0.9817972474104871 
28000 0.065625 0.9818069183541064 
28100 0.07656249999999999 0.9818175398562329 
28200 0.0765625 0.9818275319728614 
28300 0.0765625 0.9818250312120891 
28400 0.0546875 0.9818263074656995 
28500 0.08750000000000001 0.9818235544366865 
28600 0.0546875 0.9818222774844703 
28700 0.065625 0.9818181966656214 
28800 0.0765625 0.9818181226346308 
28900 0.109375 0.9818068759154815 
29000 0.08750000000000001 0.9817908577865131 
29100 0.065625 0.9817908784635121 
29200 0.0546875 0.9818122131947536 
29300 0.08750000000000001 0.9818064727597465 
29400 0.0546875 0.9818152975238937 
29500 0.0328125 0.9818281230579754 
29600 0.065625 0.9818436771561772 
29700 0.0546875 0.9818509723297757 
29800 0.07656249999999999 0.981849742178674 
29900 0.065625 0.9818457332809382 
30000 0.08750000000000001 0.9818471328733487 
30100 0.0984375 0.9818416020231886 
30200 0.0765625 0.9818327449146276 
30300 0.0765625 0.9818282434298098 
30400 0.0765625 0.9818334512022631 
30500 0.065625 0.9818264155273597 
30600 0.08750000000000001 0.9818237659717003 
30700 0.07656249999999999 0.9818156201480951 
30800 0.0765625 0.9818111627869225 
30900 0.109375 0.9818053016083622 
31000 0.08750000000000001 0.9817914139866456 
31100 0.065625 0.9817938597901461 
31200 0.065625 0.9818009639114131 
31300 0.065625 0.9818219166320565 
31400 0.09843750000000001 0.9818225832776026 
31500 0.109375 0.9818045624212988 
31600 0.0765625 0.9817927537894371 
31700 0.0765625 0.9817826626131668 
31800 0.1203125 0.981777056932172 
31900 0.0546875 0.98176911904538 
32000 0.08750000000000001 0.9817669272053998 
32100 0.065625 0.9817696975950905 
32200 0.0984375 0.9817692158887406 
32300 0.09843750000000001 0.981763013013013 
32400 0.0984375 0.9817477662726459 
32500 0.08750000000000001 0.9817399849235409 
32600 0.0765625 0.9817351269899697 
32700 0.08750000000000001 0.9817287060538413 
32800 0.0765625 0.9817260557350894 
32900 0.065625 0.9817205720697446 
33000 0.0765625 0.9817257747239982 
33100 0.065625 0.9817185155534073 
33200 0.08750000000000001 0.9817172612772708 
33300 0.08750000000000001 0.9817053010169865 
33400 0.0765625 0.9816933344061555 
33500 0.0546875 0.9816903009114156 
33600 0.08750000000000001 0.9816989108707083 
33700 0.043750000000000004 0.9817111015499046 
33800 0.065625 0.9817232200970385 
33900 0.065625 0.9817249736979243 
34000 0.065625 0.9817347590266953 
34100 0.0765625 0.9817358575750467 
34200 0.08750000000000001 0.9817357314113623 
34300 0.0546875 0.9817480570294355 
34400 0.08750000000000001 0.9817522110549112 
34500 0.065625 0.9817403390481435 
34600 0.0984375 0.9817420829600301 
34700 0.065625 0.9817398393898351 
34800 0.0765625 0.9817410509037097 
34900 0.0546875 0.9817452401077333 
35000 0.0765625 0.9817445692027846 
35100 0.065625 0.9817522856661254 
35200 0.065625 0.9817591445082052 
35300 0.08750000000000001 0.9817587349980643 
35400 0.08750000000000001 0.981767964417201 
35500 0.0546875 0.9817740609419453 
35600 0.0765625 0.9817796843253467 
35700 0.08750000000000001 0.9817695203449016 
35800 0.08750000000000001 0.9817567217628931 
35900 0.0765625 0.9817516109114881 
36000 0.0765625 0.9817569448302362 
36100 0.065625 0.9817685249946908 
36200 0.043750000000000004 0.9817765163024963 
36300 0.07656249999999999 0.9817782941011726 
36400 0.07656249999999999 0.9817716918262319 
36500 0.065625 0.9817711187136425 
36600 0.1203125 0.9817594493092174 
36700 0.0546875 0.9817512493982907 
36800 0.0546875 0.981763827749246 
36900 0.0765625 0.9817680104649377 
37000 0.065625 0.9817754784780591 
37100 0.08750000000000001 0.9817774313136214 
37200 0.043750000000000004 0.9817749634866446 
37300 0.1203125 0.9817707635184043 
37400 0.0546875 0.9817685356006524 
37500 0.0765625 0.9817726388407421 
37600 0.0765625 0.9817648771530899 
37700 0.07656249999999999 0.9817627516511498 
37800 0.07656249999999999 0.9817624285733182 
37900 0.0546875 0.9817640997818879 
38000 0.0765625 0.981772478026894 
38100 0.065625 0.9817626314488683 
38200 0.0984375 0.9817617667076778 
38300 0.109375 0.9817417327006257 
38400 0.0765625 0.9817399096594707 
38500 0.08750000000000001 0.9817405310901015 
38600 0.065625 0.981733458438037 
38700 0.09843750000000001 0.9817256821529159 
38800 0.08750000000000001 0.981720227893611 
38900 0.0765625 0.9817184166216807 
39000 0.08750000000000001 0.981718818107228 
39100 0.0765625 0.9817220147822306 
39200 0.07656249999999999 0.9817084545037117 
39300 0.08750000000000001 0.9816999328897483 
39400 0.09843750000000001 0.9816863652995271 
39500 0.09843750000000001 0.9816796568441305 
39600 0.0765625 0.9816734425898336 
39700 0.08750000000000001 0.9816682435580968 
39800 0.0765625 0.9816706604942924 
39900 0.07656249999999999 0.9816706504849503 
40000 0.08750000000000001 0.9816599637092406 
40100 0.065625 0.9816473170868557 
40200 0.07656249999999999 0.9816502154797144 
40300 0.109375 0.981646314607578 
40400 0.0546875 0.981639274605414 
40500 0.065625 0.9816507874291169 
40600 0.0765625 0.9816453104603335 
40700 0.065625 0.9816480502117065 
40800 0.065625 0.981660031310507 
40900 0.08750000000000001 0.9816590288134764 
41000 0.0765625 0.9816537757209174 
41100 0.0546875 0.9816462672238307 
41200 0.065625 0.9816499827067304 
41300 0.08750000000000001 0.9816469334882932 
41400 0.065625 0.9816436473957956 
41500 0.043750000000000004 0.9816480325775283 
41600 0.065625 0.9816524592758187 
41700 0.07656249999999999 0.9816527431396529 
41800 0.065625 0.9816545831240082 
41900 0.109375 0.9816476511101565 
42000 0.065625 0.9816371559605723 
42100 0.0328125 0.9816473703118691 
42200 0.0765625 0.9816592640972173 
42300 0.065625 0.9816552184542524 
42400 0.065625 0.9816612643766264 
42500 0.07656249999999999 0.9816572943381724 
42600 0.043750000000000004 0.9816663634656464 
42700 0.065625 0.9816738044776468 
42800 0.0765625 0.9816830968707896 
42900 0.0765625 0.9816819052391941 
43000 0.0984375 0.9816824754075487 
43100 0.065625 0.9816878161179555 
43200 0.0765625 0.9816945185489533 
43300 0.0546875 0.9816925297144793 
43400 0.0765625 0.9816881499466218 
43500 0.08750000000000001 0.981690794464495 
43600 0.0984375 0.9816833329510791 
43700 0.0765625 0.9816790638848844 
43800 0.13125 0.9816749926752053 
43900 0.0765625 0.9816623387470294 
44000 0.08750000000000001 0.9816578505791536 
44100 0.09843750000000001 0.9816504302623523 
44200 0.065625 0.9816432791867454 
44300 0.065625 0.9816436846798041 
44400 0.08750000000000001 0.9816437950909515 
44500 0.043750000000000004 0.981644197602301 
44600 0.08750000000000001 0.9816527142515489 
44700 0.065625 0.9816534445538131 
44800 0.065625 0.9816688197064054 
44900 0.065625 0.9816634790984611 
45000 0.0546875 0.9816722244135315 
45100 0.065625 0.9816770623156914 
45200 0.08750000000000001 0.9816754837651085 
45300 0.08750000000000001 0.9816776487641921 
45400 0.0984375 0.9816763053126583 
45500 0.0984375 0.981666726189168 
45600 0.07656249999999999 0.9816625000913722 
45700 0.0546875 0.9816720253203796 
45800 0.109375 0.981673605652715 
45900 0.13125 0.9816630379330878 
46000 0.08750000000000001 0.9816516103816584 
46100 0.065625 0.98165604912764 
46200 0.08750000000000001 0.9816494209180177 
46300 0.08750000000000001 0.9816411340107845 
46400 0.065625 0.9816350154989476 
46500 0.0765625 0.9816336275026344 
46600 0.0546875 0.9816347042803087 
46700 0.0765625 0.9816382299986438 
46800 0.065625 0.9816382907594567 
46900 0.0765625 0.9816366855184324 
47000 0.0765625 0.9816313748643646 
47100 0.08750000000000001 0.9816278007190222 
47200 0.09843750000000001 0.9816219796720409 
47300 0.0765625 0.9816193764402444 
47400 0.0765625 0.9816194762065498 
47500 0.0765625 0.9816182049676148 
47600 0.08750000000000001 0.9816130547852636 
47700 0.043750000000000004 0.981614477421857 
47800 0.065625 0.9816204703702154 
47900 0.0765625 0.9816256228123282 
48000 0.0765625 0.9816238637389498 
48100 0.0765625 0.9816269845394759 
48200 0.0765625 0.9816320373712856 
48300 0.065625 0.9816330256274888 
48400 0.109375 0.9816271766940077 
48500 0.08750000000000001 0.9816223720473117 
48600 0.09843750000000001 0.9816129254885017 
48700 0.08750000000000001 0.9816032503610467 
48800 0.065625 0.9816018861464587 
48900 0.065625 0.9816030836963116 
49000 0.065625 0.9816019379706536 
49100 0.0546875 0.981603554832556 
49200 0.065625 0.9816099816738142 
49300 0.09843750000000001 0.9816022262056888 
49400 0.065625 0.9816084715727752 
49500 0.065625 0.9816114299879464 
49600 0.065625 0.9816146914880748 
49700 0.08750000000000001 0.9816167871370798 
49800 0.0765625 0.9816123902297812 
49900 0.07656249999999999 0.981605453798521 
50000 0.065625 0.9816059928801424 
50100 0.043750000000000004 0.981608660921605 
50200 0.08750000000000001 0.9816117333320054 
50300 0.0765625 0.9816155701013234 
50400 0.0546875 0.9816220267620351 
50500 0.043750000000000004 0.9816356256146743 
50600 0.0546875 0.9816547289085196 
50700 0.0546875 0.9816678500752779 
50800 0.0765625 0.981676562305204 
50900 0.0546875 0.9816769009940866 
51000 0.109375 0.9816746342391979 
51100 0.065625 0.9816691148411969 
51200 0.08750000000000001 0.9816652445753012 
51300 0.109375 0.9816519475741213 
51400 0.07656249999999999 0.9816465551902362 
51500 0.08750000000000001 0.9816444704957186 
51600 0.08750000000000001 0.9816388106981131 
51700 0.08750000000000001 0.9816289417354919 
51800 0.0765625 0.9816219764097218 
51900 0.0546875 0.9816238688400352 
52000 0.08750000000000001 0.9816324145208746 
52100 0.0546875 0.9816203843656232 
52200 0.043750000000000004 0.9816288540928335 
52300 0.08750000000000001 0.9816333578707864 
52400 0.0765625 0.9816309365915409 
52500 0.065625 0.9816319470898967 
52600 0.065625 0.9816240918265179 
52700 0.0546875 0.981630695258787 
52800 0.0765625 0.9816270150344375 
52900 0.09843750000000001 0.9816218226813608 
53000 0.08750000000000001 0.981615421564373 
53100 0.08750000000000001 0.981625375463739 
53200 0.0546875 0.9816303969850191 
53300 0.09843750000000001 0.9816326147727059 
53400 0.0546875 0.981637067501857 
53500 0.0546875 0.9816460303701489 
53600 0.0765625 0.9816521904908491 
53700 0.043750000000000004 0.9816623041625544 
53800 0.065625 0.9816730094855733 
53900 0.07656249999999999 0.9816783605591733 
54000 0.08750000000000001 0.981671491037203 
54100 0.0546875 0.9816753810773676 
54200 0.0984375 0.9816747403953187 
54300 0.0546875 0.9816713684677385 
54400 0.0765625 0.981677535033057 
54500 0.0546875 0.9816864503250705 
54600 0.043750000000000004 0.9816907065957278 
54700 0.07656249999999999 0.9816969468108444 
54800 0.0984375 0.9816984597300535 
54900 0.07656249999999999 0.9817013427199262 
55000 0.065625 0.9816986282067599 
55100 0.08750000000000001 0.9817017367349655 
55200 0.109375 0.9817019090837726 
55300 0.0765625 0.9817023162631177 
55400 0.065625 0.981705730341811 
55500 0.08750000000000001 0.9817075837222152 
55600 0.043750000000000004 0.9817097582927166 
55700 0.0546875 0.9817144496956967 
55800 0.07656249999999999 0.9817165108301524 
55900 0.0765625 0.9817132072771507 
56000 0.0765625 0.981719866981542 
56100 0.0765625 0.9817186116706179 
56200 0.0765625 0.981720650729821 
56300 0.0765625 0.9817261516225289 
56400 0.0765625 0.9817224447113821 
56500 0.0546875 0.9817259871506699 
56600 0.0765625 0.9817184288557917 
56700 0.0984375 0.9817114483577597 
56800 0.065625 0.981708022672723 
56900 0.0546875 0.9817136250534554 
57000 0.08750000000000001 0.9817070095261486 
57100 0.065625 0.9816982736729655 
57200 0.0546875 0.9817002671136286 
57300 0.0984375 0.9817052531078574 
57400 0.0765625 0.9817086792187127 
57500 0.0765625 0.9817034884900553 
57600 0.065625 0.9816965525772122 
57700 0.08750000000000001 0.9816946954992114 
57800 0.08750000000000001 0.981689961390518 
57900 0.0984375 0.9816872675630243 
58000 0.109375 0.9816851667068959 
58100 0.0765625 0.9816796218366867 
58200 0.07656249999999999 0.9816756620733893 
58300 0.08750000000000001 0.9816714478882581 
58400 0.065625 0.981672688253055 
58500 0.07656249999999999 0.9816742804966296 
58600 0.0546875 0.9816784892038247 
58700 0.07656249999999999 0.981684191921773 
58800 0.0546875 0.9816909824379404 
58900 0.08750000000000001 0.9816911622185248 
59000 0.0546875 0.981680836624238 
59100 0.0546875 0.9816805042074866 
59200 0.0765625 0.9816807887535683 
59300 0.043750000000000004 0.9816798866517147 
59400 0.043750000000000004 0.9816848183672553 
59500 0.08750000000000001 0.9816938038156221 
59600 0.0765625 0.9816947195377035 
59700 0.0546875 0.9816931022233016 
59800 0.065625 0.9816956273027765 
59900 0.08750000000000001 0.9816949268376154 
60000 0.109375 0.9816866333477775 
60100 0.0546875 0.9816849969218482 
60200 0.08750000000000001 0.981683755253235 
60300 0.065625 0.9816902912057843 
60400 0.043750000000000004 0.9816975815797752 
60500 0.0984375 0.9816977887417839 
60600 0.043750000000000004 0.9816913774800196 
60700 0.0765625 0.9816989303443655 
60800 0.09843750000000001 0.9816963074209306 
60900 0.0546875 0.9816904860620789 
61000 0.065625 0.9816939049496456 
61100 0.08750000000000001 0.9816888311293324 
61200 0.0765625 0.9816836887877649 
61300 0.043750000000000004 0.9816859550279223 
61400 0.0984375 0.9816796889844357 
61500 0.0984375 0.9816797948407343 
61600 0.065625 0.9816815490684675 
61700 0.043750000000000004 0.9816897551633414 
61800 0.065625 0.9816933838044691 
61900 0.08750000000000001 0.9816998194024867 
62000 0.0546875 0.981700311957334 
62100 0.07656249999999999 0.9817056253790868 
62200 0.043750000000000004 0.9817090795699962 
62300 0.0765625 0.9817118120763176 
62400 0.0765625 0.9817045616923874 
62500 0.08750000000000001 0.9817094593153176 
62600 0.0984375 0.9817150900810956 
62700 0.0546875 0.9817145144548466 
62800 0.08750000000000001 0.9817172165517534 
62900 0.08750000000000001 0.9817156871512377 
63000 0.08750000000000001 0.9817106491034534 
63100 0.07656249999999999 0.9817068651183553 
63200 0.07656249999999999 0.9817066366961493 
63300 0.0984375 0.981702953284045 
63400 0.08750000000000001 0.9816981314043417 
63500 0.065625 0.9816954982336236 
63600 0.07656249999999999 0.9816975001703327 
63700 0.07656249999999999 0.9817034204067964 
63800 0.109375 0.9817011178638788 
63900 0.0765625 0.9817017975070813 
64000 0.065625 0.9817057301839034 
64100 0.07656249999999999 0.9817118443940032 
64200 0.0765625 0.9817068253739557 
64300 0.065625 0.981702712956771 
64400 0.043750000000000004 0.9817056897408425 
64500 0.0546875 0.9817159649979587 
64600 0.08750000000000001 0.9817180655098219 
64700 0.0546875 0.9817155711143053 
64800 0.065625 0.981724497564338 
64900 0.0765625 0.9817227231989235 
65000 0.07656249999999999 0.9817162668651251 
65100 0.043750000000000004 0.9817164706891344 
65200 0.065625 0.9817255007591908 
65300 0.0546875 0.9817333466690148 
65400 0.065625 0.9817357532759438 
65500 0.08750000000000001 0.9817306780939731 
65600 0.0765625 0.9817354632551333 
65700 0.0984375 0.9817317516095645 
65800 0.0765625 0.9817341855873518 
65900 0.0765625 0.981742500113807 
66000 0.08750000000000001 0.9817419906516568 
66100 0.0765625 0.981741009969592 
66200 0.065625 0.9817423531492475 
66300 0.0765625 0.9817410213772543 
66400 0.07656249999999999 0.9817394190850539 
66500 0.08750000000000001 0.9817362943790319 
66600 0.065625 0.981732670743182 
66700 0.065625 0.9817361636882006 
66800 0.08750000000000001 0.9817374630744051 
66900 0.0984375 0.9817321412111428 
67000 0.065625 0.9817281955990707 
67100 0.065625 0.9817305489113426 
67200 0.0765625 0.9817345227997599 
67300 0.09843750000000001 0.98173179076091 
67400 0.109375 0.9817192530526253 
67500 0.0546875 0.9817195223651007 
67600 0.043750000000000004 0.98171778770531 
67700 0.0546875 0.9817200970689749 
67800 0.109375 0.9817197494014346 
67900 0.0984375 0.9817153757553889 
68000 0.0765625 0.9817085257324647 
68100 0.1203125 0.9817064375584303 
68200 0.09843750000000001 0.9816996589126259 
68300 0.043750000000000004 0.9817024320654163 
68400 0.0765625 0.9817103368371808 
68500 0.065625 0.9817107673002341 
68600 0.109375 0.9817099437933363 
68700 0.0984375 0.9817005938778184 
68800 0.065625 0.9816985384781229 
68900 0.065625 0.9817018560446631 
69000 0.07656249999999999 0.9817058055921895 
69100 0.0546875 0.9817091784127582 
69200 0.0546875 0.9817123909577414 
69300 0.065625 0.9817161203181292 
69400 0.08750000000000001 0.9817201391190329 
69500 0.1203125 0.981710357584783 
69600 0.08750000000000001 0.9817082369506185 
69700 0.065625 0.9817134079855382 
69800 0.065625 0.9817153556778079 
69900 0.08750000000000001 0.9817184527045393 
70000 0.109375 0.9817171882663581 
70100 0.0765625 0.9817154073527244 
70200 0.0765625 0.9817098477348376 
70300 0.0765625 0.9817141573970024 
70400 0.08750000000000001 0.9817096510821343 
70500 0.08750000000000001 0.9817102180583727 
70600 0.0546875 0.9817083858585572 
70700 0.0984375 0.9817093213556621 
70800 0.043750000000000004 0.9817149990230835 
70900 0.08750000000000001 0.9817163633094033 
71000 0.08750000000000001 0.9817121853917551 
71100 0.0984375 0.9817075064579495 
71200 0.065625 0.9817094972917048 
71300 0.0546875 0.981716888028686 
71400 0.0765625 0.9817223979706167 
71500 0.065625 0.981719879791891 
71600 0.07656249999999999 0.9817244972719189 
71700 0.09843750000000001 0.9817228185450692 
71800 0.0984375 0.9817190046099636 
71900 0.065625 0.9817146942207573 
72000 0.065625 0.9817181720277033 
72100 0.0546875 0.9817238072865379 
72200 0.065625 0.9817245577161905 
72300 0.043750000000000004 0.9817290519840666 
72400 0.09843750000000001 0.9817300089087168 
72500 0.0546875 0.981729059484237 
72600 0.0546875 0.9817292605014624 
72700 0.0546875 0.9817359444276328 
72800 0.07656249999999999 0.9817424669075059 
72900 0.08750000000000001 0.9817435417552571 
73000 0.0546875 0.981746183271462 
73100 0.08750000000000001 0.9817513825050272 
73200 0.0765625 0.9817524407681134 
73300 0.08750000000000001 0.9817475631301074 
73400 0.065625 0.9817468497817923 
73500 0.08750000000000001 0.9817499648530859 
73600 0.07656249999999999 0.9817439074650254 
73700 0.08750000000000001 0.981741187930512 
73800 0.0765625 0.981737417175919 
73900 0.043750000000000004 0.9817413033991421 
74000 0.08750000000000001 0.9817416600226123 
74100 0.0765625 0.9817419453965983 
74200 0.0765625 0.98173770260284 
74300 0.065625 0.98173406706056 
74400 0.109375 0.9817268711106033 
74500 0.0765625 0.9817239939173076 
74600 0.065625 0.9817254530211839 
74700 0.065625 0.9817204937573348 
74800 0.08750000000000001 0.9817199692071853 
74900 0.09843750000000001 0.9817169427533233 
75000 0.08750000000000001 0.9817173618240645 
75100 0.0546875 0.9817161153535461 
75200 0.043750000000000004 0.9817188892102499 
75300 0.08750000000000001 0.9817220361172716 
75400 0.065625 0.9817206847941893 
75500 0.09843750000000001 0.9817192335752727 
75600 0.0984375 0.9817142382375894 
75700 0.0765625 0.9817099785119527 
75800 0.043750000000000004 0.9817145593395865 
75900 0.0765625 0.981717549834653 
76000 0.09843750000000001 0.9817176542084972 
76100 0.0765625 0.9817172792297955 
76200 0.109375 0.9817125991894244 
76300 0.043750000000000004 0.9817149963630883 
76400 0.043750000000000004 0.98171922787878 
76500 0.065625 0.9817264779763227 
76600 0.065625 0.9817297995456978 
76700 0.0765625 0.9817299549006314 
76800 0.08750000000000001 0.9817308558265301 
76900 0.07656249999999999 0.9817323639592896 
77000 0.0984375 0.9817330226771946 
77100 0.043750000000000004 0.9817358075770742 
77200 0.065625 0.9817409127904215 
77300 0.0765625 0.9817438150325782 
77400 0.0546875 0.9817479546452889 
77500 0.07656249999999999 0.9817491602258895 
77600 0.065625 0.9817525104380098 
77700 0.0984375 0.981747707826583 
77800 0.0765625 0.981743486587576 
77900 0.0765625 0.9817493717988216 
78000 0.065625 0.9817461608398182 
78100 0.0984375 0.9817436916620786 
78200 0.0984375 0.9817384981223599 
78300 0.0765625 0.9817395039122532 
78400 0.0765625 0.9817386470410666 
78500 0.043750000000000004 0.9817394842103923 
78600 0.109375 0.9817427047153768 
78700 0.065625 0.9817426411883796 
78800 0.043750000000000004 0.9817471053138074 
78900 0.0546875 0.9817540995466894 
79000 0.065625 0.9817647680092657 
79100 0.0984375 0.9817612200962482 
79200 0.065625 0.9817619556045167 
79300 0.0765625 0.9817608174339962 
79400 0.0546875 0.9817618795733051 
79500 0.0984375 0.9817614322461353 
79600 0.0546875 0.9817600700158708 
79700 0.065625 0.9817642658184966 
79800 0.0765625 0.9817707680668162 
79900 0.0765625 0.9817774170014559 
80000 0.0765625 0.9817811847664404 
80100 0.065625 0.9817843579252028 
80200 0.08750000000000001 0.981785802234386 
80300 0.07656249999999999 0.9817832864783751 
80400 0.07656249999999999 0.9817832709895814 
80500 0.09843750000000001 0.9817816380645376 
80600 0.08750000000000001 0.9817746781470866 
80700 0.08750000000000001 0.9817709946799502 
80800 0.109375 0.9817684483587249 
80900 0.08750000000000001 0.9817630756521345 
81000 0.08750000000000001 0.9817559801216446 
81100 0.08750000000000001 0.9817546498090858 
81200 0.07656249999999999 0.9817563694823135 
81300 0.08750000000000001 0.9817569638339831 
81400 0.065625 0.9817583565210092 
81500 0.065625 0.9817588511183912 
81600 0.0984375 0.9817614827024178 
81700 0.0546875 0.9817635659804246 
81800 0.109375 0.981766503720411 
81900 0.021875000000000002 0.9817682260188113 
82000 0.065625 0.9817760416031511 
82100 0.0765625 0.9817730853866985 
82200 0.0765625 0.9817752369192589 
82300 0.08750000000000001 0.9817744405191512 
82400 0.08750000000000001 0.9817691899471285 
82500 0.0765625 0.9817643940174463 
82600 0.0984375 0.9817605239847782 
82700 0.0765625 0.9817550258864262 
82800 0.0546875 0.9817573094427201 
82900 0.0765625 0.9817583623840485 
83000 0.065625 0.9817576871563797 
83100 0.08750000000000001 0.9817584237353743 
83200 0.0546875 0.9817598784369579 
83300 0.0765625 0.9817607669275679 
83400 0.0765625 0.9817585932722629 
83500 0.0546875 0.9817574540025469 
83600 0.07656249999999999 0.9817575946061251 
83700 0.065625 0.9817571437318551 
83800 0.0765625 0.9817587759990931 
83900 0.0765625 0.9817593180256096 
84000 0.07656249999999999 0.981758277679234 
84100 0.08750000000000001 0.981758354537996 
84200 0.0765625 0.9817565755355241 
84300 0.07656249999999999 0.9817574265133272 
84400 0.08750000000000001 0.9817572881245483 
84500 0.065625 0.9817528355187118 
84600 0.0765625 0.9817481471850215 
84700 0.08750000000000001 0.9817493422942665 
84800 0.08750000000000001 0.9817490605456697 
84900 0.109375 0.9817476445605273 
85000 0.08750000000000001 0.9817431988545233 
85100 0.0765625 0.9817425887083191 
85200 0.0546875 0.9817431414635196 
85300 0.0765625 0.9817406094789822 
85400 0.109375 0.9817395166137789 
85500 0.0765625 0.9817375430306858 
85600 0.109375 0.9817323188884086 
85700 0.08750000000000001 0.9817309356561378 
85800 0.0765625 0.9817321658547103 
85900 0.09843750000000001 0.9817334538208713 
86000 0.0328125 0.9817324071813118 
86100 0.0765625 0.9817317259187853 
86200 0.08750000000000001 0.9817249437361516 
86300 0.0546875 0.9817257512948865 
86400 0.065625 0.9817271899341443 
86500 0.0546875 0.981726818909608 
86600 0.109375 0.981732613268515 
86700 0.0984375 0.9817295335886168 
86800 0.0984375 0.98172724104561 
86900 0.109375 0.9817228261182265 
87000 0.065625 0.9817226418374502 
87100 0.0546875 0.9817269128176868 
87200 0.07656249999999999 0.9817265152253606 
87300 0.0765625 0.9817248955242972 
87400 0.109375 0.9817235476901485 
87500 0.08750000000000001 0.9817215481823065 
87600 0.1203125 0.9817147076422263 
87700 0.09843750000000001 0.981705715062162 
87800 0.08750000000000001 0.9817012216071951 
87900 0.109375 0.9817012415482569 
88000 0.0984375 0.9816950174335141 
88100 0.0546875 0.9816908470108171 
88200 0.08750000000000001 0.9816930635234672 
88300 0.0546875 0.9816925027746005 
88400 0.043750000000000004 0.9816949480680837 
88500 0.0546875 0.9816921207105005 
88600 0.07656249999999999 0.9816918862371756 
88700 0.065625 0.9816893329368703 
88800 0.08750000000000001 0.9816898646036268 
88900 0.0765625 0.9816884910368462 
89000 0.0765625 0.9816855697782422 
89100 0.109375 0.9816829765752723 
89200 0.109375 0.9816723607358662 
89300 0.07656249999999999 0.9816678343001012 
89400 0.0765625 0.981665298766233 
89500 0.08750000000000001 0.9816620996785883 
89600 0.08750000000000001 0.9816595180764351 
89700 0.0765625 0.9816571454517415 
89800 0.0765625 0.9816562860751366 
89900 0.065625 0.9816572535344434 
90000 0.0765625 0.9816553832272235 
90100 0.0984375 0.981654355251329 
90200 0.0765625 0.9816481328274261 
90300 0.065625 0.9816483552230872 
90400 0.0984375 0.9816491532634226 
90500 0.08750000000000001 0.9816427845640748 
90600 0.07656249999999999 0.9816416324507088 
90700 0.07656249999999999 0.9816370949144257 
90800 0.065625 0.9816416302316788 
90900 0.065625 0.9816440642383839 
91000 0.065625 0.981643860140731 
91100 0.0765625 0.9816419127762959 
91200 0.0328125 0.9816464800276313 
91300 0.0765625 0.9816520640975089 
91400 0.065625 0.9816528493488401 
91500 0.07656249999999999 0.9816480830810592 
91600 0.07656249999999999 0.9816484729515326 
91700 0.08750000000000001 0.9816456245478966 
91800 0.065625 0.9816491934092948 
91900 0.0546875 0.9816529528605057 
92000 0.08750000000000001 0.9816541566124282 
92100 0.0765625 0.9816492503248245 
92200 0.0765625 0.9816501165479044 
92300 0.09843750000000001 0.9816502473339039 
92400 0.08750000000000001 0.9816456430395775 
92500 0.065625 0.9816454686976357 
92600 0.0546875 0.9816450416302199 
92700 0.08750000000000001 0.9816407668651542 
92800 0.0765625 0.9816435167724485 
92900 0.065625 0.9816461206015005 
93000 0.08750000000000001 0.9816457226714408 
93100 0.08750000000000001 0.9816398711703777 
93200 0.0546875 0.9816395087409648 
93300 0.0765625 0.9816350161931098 
93400 0.08750000000000001 0.9816337396458996 
93500 0.065625 0.9816355295219659 
93600 0.1203125 0.981635061991859 
93700 0.08750000000000001 0.9816317328523708 
93800 0.065625 0.9816319644335704 
93900 0.065625 0.9816338317749544 
94000 0.08750000000000001 0.9816307361978419 
94100 0.08750000000000001 0.9816251011767498 
94200 0.065625 0.981627273949675 
94300 0.08750000000000001 0.9816239466354192 
94400 0.065625 0.9816238539581148 
94500 0.0546875 0.9816235685777576 
94600 0.065625 0.9816277157922926 
94700 0.065625 0.981630616800949 
94800 0.0984375 0.9816308471165915 
94900 0.0765625 0.9816297049030042 
95000 0.065625 0.981631114409322 
95100 0.043750000000000004 0.9816361355295948 
95200 0.043750000000000004 0.9816410913925974 
95300 0.0546875 0.981647703722941 
95400 0.0765625 0.981645212270661 
95500 0.065625 0.981645970984597 
95600 0.0765625 0.9816465374316168 
95700 0.065625 0.9816506401883645 
95800 0.0765625 0.9816513093113155 
95900 0.07656249999999999 0.9816507550755467 
96000 0.08750000000000001 0.981652561995882 
96100 0.043750000000000004 0.9816571833713142 
96200 0.0765625 0.98166130787795 
96300 0.0546875 0.9816629630014226 
96400 0.065625 0.981662561634907 
96500 0.0546875 0.981663213550464 
96600 0.043750000000000004 0.9816675303999614 
96700 0.0765625 0.981673858077993 
96800 0.0984375 0.981675249566981 
96900 0.0765625 0.9816705645452576 
97000 0.109375 0.9816664798129229 
97100 0.09843750000000001 0.9816622157598789 
97200 0.0765625 0.9816600502223914 
97300 0.08750000000000001 0.9816556409577839 
97400 0.0546875 0.9816548501812097 
97500 0.0765625 0.9816553163557297 
97600 0.0546875 0.9816549544403576 
97700 0.065625 0.9816523276373834 
97800 0.0328125 0.9816533541323709 
97900 0.0765625 0.9816571183304222 
98000 0.0546875 0.9816643824637844 
98100 0.0546875 0.9816679419254986 
98200 0.0546875 0.9816685770766082 
98300 0.08750000000000001 0.981663700649027 
98400 0.0984375 0.9816611895034942 
98500 0.109375 0.9816556959658616 
98600 0.065625 0.9816526962201195 
98700 0.0984375 0.9816478292604263 
98800 0.065625 0.9816487444880787 
98900 0.09843750000000001 0.9816501844858326 
99000 0.08750000000000001 0.9816498854809548 
99100 0.065625 0.9816511900317185 
99200 0.0546875 0.9816559833906244 
99300 0.0765625 0.9816601901457858 
99400 0.0765625 0.9816585461497704 
99500 0.09843750000000001 0.9816545499542718 
99600 0.021875000000000002 0.9816551373312852 
99700 0.065625 0.9816613653992103 
99800 0.043750000000000004 0.9816642149126762 
99900 0.07656249999999999 0.9816664591695778 
