0 0.0 1.0 
100 0.11931818181818182 0.991899189918992 
200 0.11931818181818182 0.9868413613749435 
300 0.08522727272727272 0.9855311839323467 
400 0.06818181818181818 0.9860363296304693 
500 0.11931818181818182 0.9850356105969879 
600 0.17045454545454544 0.9837297685675389 
700 0.13636363636363635 0.9832787576189859 
800 0.06818181818181818 0.9833730564067643 
900 0.11931818181818182 0.9834401170416709 
1000 0.08522727272727272 0.9832355144855145 
1100 0.10227272727272728 0.9834060977623648 
1200 0.11931818181818182 0.9832738816138067 
1300 0.06818181818181818 0.983264621619733 
1400 0.11931818181818182 0.9836804879631432 
1500 0.05113636363636364 0.9839008842589788 
1600 0.11931818181818182 0.9842978110271989 
1700 0.11931818181818182 0.9842739564961788 
1800 0.10227272727272728 0.9842590606228863 
1900 0.10227272727272728 0.9842158433360433 
2000 0.11931818181818182 0.9840335514061151 
2100 0.10227272727272728 0.9840552118039029 
2200 0.13636363636363635 0.983920015695345 
2300 0.13636363636363635 0.9838002745841729 
2400 0.08522727272727272 0.9837555847942145 
2500 0.05113636363636364 0.9839575533422994 
2600 0.05113636363636364 0.9842706913424907 
2700 0.1534090909090909 0.9841977718690047 
2800 0.06818181818181818 0.9842203271558859 
2900 0.13636363636363635 0.9841757152705963 
3000 0.06818181818181818 0.9842552482505832 
3100 0.11931818181818182 0.9843296517252499 
3200 0.06818181818181818 0.9843763312601176 
3300 0.10227272727272728 0.9844365343835202 
3400 0.08522727272727272 0.9845199272941113 
3500 0.08522727272727272 0.9844687232219366 
3600 0.11931818181818182 0.9844882103456111 
3700 0.13636363636363635 0.9843400739357913 
3800 0.10227272727272728 0.9842684939370022 
3900 0.13636363636363635 0.984199855514903 
4000 0.10227272727272728 0.9840238803935379 
4100 0.13636363636363635 0.9839451575003879 
4200 0.06818181818181818 0.9838911460474778 
4300 0.1875 0.9837399072097398 
4400 0.06818181818181818 0.9836594472330669 
4500 0.11931818181818182 0.9837441427157602 
4600 0.1534090909090909 0.9836794372764814 
4700 0.13636363636363635 0.9835371100926302 
4800 0.11931818181818182 0.9834628439150934 
4900 0.017045454545454544 0.9835208723637106 
5000 0.10227272727272728 0.9836708794604715 
5100 0.10227272727272728 0.9837253390600773 
5200 0.06818181818181818 0.9837493008337558 
5300 0.08522727272727272 0.983676428975665 
5400 0.08522727272727272 0.9837603726582619 
5500 0.10227272727272728 0.9838355836128968 
5600 0.08522727272727272 0.9838127525928811 
5700 0.06818181818181818 0.9838375643826442 
5800 0.11931818181818182 0.983878661202614 
5900 0.10227272727272728 0.9838577051655344 
6000 0.10227272727272728 0.9838743732105255 
6100 0.10227272727272728 0.9838928230841442 
6200 0.11931818181818182 0.9838506619166997 
6300 0.08522727272727272 0.9838950527333323 
6400 0.1534090909090909 0.9838546178864098 
6500 0.10227272727272728 0.9837983841646739 
6600 0.06818181818181818 0.983864359394582 
6700 0.11931818181818182 0.9839406601457041 
6800 0.05113636363636364 0.9839746160324017 
6900 0.05113636363636364 0.9840969194187931 
7000 0.06818181818181818 0.984169469296594 
7100 0.03409090909090909 0.9842327745131928 
7200 0.05113636363636364 0.9843550769463837 
7300 0.08522727272727272 0.9843697469836012 
7400 0.08522727272727272 0.9843721210892877 
7500 0.06818181818181818 0.9843873089648653 
7600 0.11931818181818182 0.984412936096925 
7700 0.08522727272727272 0.9843976874313843 
7800 0.08522727272727272 0.9843988532938668 
7900 0.06818181818181818 0.9844298333927811 
8000 0.10227272727272728 0.9844461913851678 
8100 0.11931818181818182 0.9843965672027023 
8200 0.11931818181818182 0.9843710162840452 
8300 0.05113636363636364 0.9843717487487816 
8400 0.06818181818181818 0.9844245409096319 
8500 0.10227272727272728 0.9844236239586787 
8600 0.06818181818181818 0.9844521250171756 
8700 0.13636363636363635 0.9844538506545747 
8800 0.13636363636363635 0.9843732246335644 
8900 0.11931818181818182 0.9843378169970688 
9000 0.08522727272727272 0.9843565361424488 
9100 0.11931818181818182 0.9843998162040135 
9200 0.06818181818181818 0.9844254824080386 
9300 0.05113636363636364 0.9844738102452327 
9400 0.08522727272727272 0.9845353129744417 
9500 0.10227272727272728 0.9845727961649969 
9600 0.08522727272727272 0.9845840513772239 
9700 0.13636363636363635 0.9845769180309434 
9800 0.08522727272727272 0.9845539879975141 
9900 0.08522727272727272 0.9845289387665158 
10000 0.10227272727272728 0.9845620551581206 
10100 0.05113636363636364 0.9845953595953596 
10200 0.13636363636363635 0.984608238051528 
10300 0.11931818181818182 0.9845783948601636 
10400 0.08522727272727272 0.9845682451862147 
10500 0.10227272727272728 0.9845471968037676 
10600 0.05113636363636364 0.9845546839491987 
10700 0.11931818181818182 0.9845774290423155 
10800 0.11931818181818182 0.9845482005033204 
10900 0.11931818181818182 0.9845205506584049 
11000 0.06818181818181818 0.9845179363859484 
11100 0.10227272727272728 0.9845174165308612 
11200 0.08522727272727272 0.9844585710691416 
11300 0.10227272727272728 0.9844440053575307 
11400 0.13636363636363635 0.9844137475978981 
11500 0.10227272727272728 0.9843775936479832 
11600 0.11931818181818182 0.9843677758970621 
11700 0.11931818181818182 0.9843217071578964 
11800 0.08522727272727272 0.9843344362188104 
11900 0.11931818181818182 0.984357215971156 
12000 0.08522727272727272 0.9843467116376665 
12100 0.10227272727272728 0.9843650224248935 
12200 0.08522727272727272 0.984359981670653 
12300 0.10227272727272728 0.9843540990754632 
12400 0.11931818181818182 0.984356558488685 
12500 0.11931818181818182 0.9843519336634887 
12600 0.08522727272727272 0.9843370114925943 
12700 0.11931818181818182 0.9843795853583469 
12800 0.06818181818181818 0.9843953064746362 
12900 0.08522727272727272 0.9844198124176421 
13000 0.08522727272727272 0.9844496227562914 
13100 0.13636363636363635 0.9844564259494417 
13200 0.11931818181818182 0.9844366559695891 
13300 0.11931818181818182 0.9844178240186999 
13400 0.11931818181818182 0.9843801938118594 
13500 0.05113636363636364 0.9843923598251981 
13600 0.08522727272727272 0.9844248166912861 
13700 0.05113636363636364 0.9844298442051344 
13800 0.06818181818181818 0.9844527076430561 
13900 0.11931818181818182 0.9844840299259046 
14000 0.11931818181818182 0.984443278402192 
14100 0.03409090909090909 0.9844335266357641 
14200 0.08522727272727272 0.9844373155539623 
14300 0.13636363636363635 0.9844317148832568 
14400 0.10227272727272728 0.9844149475099583 
14500 0.06818181818181818 0.9844334795092502 
14600 0.08522727272727272 0.9844437803139262 
14700 0.08522727272727272 0.9844396407789204 
14800 0.08522727272727272 0.984462428828519 
14900 0.11931818181818182 0.9844240929528829 
15000 0.08522727272727272 0.9844201674433826 
15100 0.06818181818181818 0.9844431961158503 
15200 0.05113636363636364 0.9844760138388025 
15300 0.10227272727272728 0.9844894644437975 
15400 0.10227272727272728 0.9844872455153444 
15500 0.08522727272727272 0.9844705766783375 
15600 0.05113636363636364 0.9845041984488174 
15700 0.11931818181818182 0.9844852817712827 
15800 0.08522727272727272 0.9844657055652404 
15900 0.10227272727272728 0.9844710309814706 
16000 0.06818181818181818 0.9844787754742601 
16100 0.06818181818181818 0.9845134195504515 
16200 0.06818181818181818 0.9845409724988917 
16300 0.10227272727272728 0.9845573821461037 
16400 0.13636363636363635 0.9845588683616853 
16500 0.13636363636363635 0.9845086868013508 
16600 0.06818181818181818 0.9845126731138869 
16700 0.08522727272727272 0.9845390654342963 
16800 0.10227272727272728 0.9845252379457933 
16900 0.08522727272727272 0.9845203148280629 
17000 0.11931818181818182 0.9844945618172193 
17100 0.11931818181818182 0.9844890450319227 
17200 0.10227272727272728 0.9844883820179587 
17300 0.11931818181818182 0.9844808300623716 
17400 0.08522727272727272 0.9844632427080994 
17500 0.08522727272727272 0.9844677706728446 
17600 0.08522727272727272 0.9844754753087376 
17700 0.08522727272727272 0.9844747471894243 
17800 0.11931818181818182 0.98444817323848 
17900 0.06818181818181818 0.9844534777132816 
18000 0.10227272727272728 0.9844633000186859 
18100 0.05113636363636364 0.9844811750732003 
18200 0.10227272727272728 0.9844962002587271 
18300 0.11931818181818182 0.9844932095116511 
18400 0.13636363636363635 0.9844768194416311 
18500 0.08522727272727272 0.9844586103453867 
18600 0.10227272727272728 0.9844667136664207 
18700 0.13636363636363635 0.9844315872753523 
18800 0.06818181818181818 0.9844299263578823 
18900 0.05113636363636364 0.9844424116569109 
19000 0.10227272727272728 0.9844496820741492 
19100 0.11931818181818182 0.9844140418635864 
19200 0.13636363636363635 0.984407476409846 
19300 0.06818181818181818 0.984396121727089 
19400 0.08522727272727272 0.984388691304572 
19500 0.11931818181818182 0.9843635641062696 
19600 0.06818181818181818 0.9843482591333467 
19700 0.05113636363636364 0.9843638244020839 
19800 0.08522727272727272 0.9843656025177792 
19900 0.06818181818181818 0.9843770699051213 
20000 0.08522727272727272 0.9844000697692388 
20100 0.1534090909090909 0.9843788866225561 
20200 0.11931818181818182 0.984362413426878 
20300 0.11931818181818182 0.9843586970637362 
20400 0.13636363636363635 0.9843455479009496 
20500 0.06818181818181818 0.9843170067092071 
20600 0.06818181818181818 0.984326665519326 
20700 0.10227272727272728 0.9843288203029278 
20800 0.11931818181818182 0.9843099217257911 
20900 0.08522727272727272 0.9842909321433077 
21000 0.08522727272727272 0.984306753790945 
21100 0.08522727272727272 0.9843173093907657 
21200 0.08522727272727272 0.984319859483472 
21300 0.06818181818181818 0.9843283872716176 
21400 0.11931818181818182 0.9843378973369978 
21500 0.10227272727272728 0.984357757144488 
21600 0.08522727272727272 0.9843699365770103 
21700 0.10227272727272728 0.9843678653266921 
21800 0.06818181818181818 0.9843815807031371 
21900 0.10227272727272728 0.9843810317918236 
22000 0.10227272727272728 0.9844028267310163 
22100 0.08522727272727272 0.9844146552397876 
22200 0.11931818181818182 0.9844253534853057 
22300 0.08522727272727272 0.984422070351513 
22400 0.10227272727272728 0.9844242698175 
22500 0.08522727272727272 0.9844174854854936 
22600 0.11931818181818182 0.9844027164928342 
22700 0.10227272727272728 0.9844142328531783 
22800 0.11931818181818182 0.9844124410412621 
22900 0.11931818181818182 0.9844080597909579 
23000 0.06818181818181818 0.9843981585780855 
23100 0.017045454545454544 0.9844228998351114 
23200 0.11931818181818182 0.9844515910364365 
23300 0.08522727272727272 0.9844456539126296 
23400 0.13636363636363635 0.9844468087999347 
23500 0.1534090909090909 0.984427161706852 
23600 0.10227272727272728 0.9844013013701268 
23700 0.05113636363636364 0.9844093411862177 
23800 0.10227272727272728 0.9844230427674926 
23900 0.13636363636363635 0.9844319940968617 
24000 0.11931818181818182 0.9844245362882608 
24100 0.11931818181818182 0.9844001663454176 
24200 0.08522727272727272 0.9844035839991586 
24300 0.08522727272727272 0.9844137540168568 
24400 0.13636363636363635 0.9844034661396143 
24500 0.08522727272727272 0.9844062487245419 
24600 0.08522727272727272 0.9844011560875204 
24700 0.08522727272727272 0.9844034654467431 
24800 0.05113636363636364 0.984403579767678 
24900 0.10227272727272728 0.9844177260131941 
25000 0.06818181818181818 0.9844315318296359 
25100 0.10227272727272728 0.9844208941331566 
25200 0.11931818181818182 0.9844213884008932 
25300 0.17045454545454544 0.9843933585090061 
25400 0.10227272727272728 0.9843819901507099 
25500 0.08522727272727272 0.9843913206612218 
25600 0.10227272727272728 0.9844056828390937 
25700 0.10227272727272728 0.9844046791599902 
25800 0.08522727272727272 0.9844022518507035 
25900 0.11931818181818182 0.9843984174005216 
26000 0.06818181818181818 0.9844174481051428 
26100 0.06818181818181818 0.9844290405104646 
26200 0.06818181818181818 0.9844314365169963 
26300 0.11931818181818182 0.98443975514239 
26400 0.06818181818181818 0.984436281683545 
26500 0.08522727272727272 0.9844461272473423 
26600 0.05113636363636364 0.9844707435810683 
26700 0.10227272727272728 0.984495281926792 
26800 0.05113636363636364 0.9844843391189609 
26900 0.08522727272727272 0.9844968166103998 
27000 0.08522727272727272 0.9845081495298154 
27100 0.11931818181818182 0.9845254787646213 
27200 0.08522727272727272 0.984531923124484 
27300 0.10227272727272728 0.9845267697486939 
27400 0.1534090909090909 0.9845110787263902 
27500 0.10227272727272728 0.9845085178720774 
27600 0.11931818181818182 0.9844894042047225 
27700 0.1534090909090909 0.9844571987883601 
27800 0.08522727272727272 0.9844357503490718 
27900 0.11931818181818182 0.9844427619081754 
28000 0.06818181818181818 0.9844285187866667 
28100 0.06818181818181818 0.9844296425879376 
28200 0.06818181818181818 0.9844438543443012 
28300 0.06818181818181818 0.984448027856388 
28400 0.11931818181818182 0.9844465703832451 
28500 0.11931818181818182 0.9844325637696922 
28600 0.10227272727272728 0.9844250121578711 
28700 0.10227272727272728 0.9844173152028279 
28800 0.11931818181818182 0.9844105594502716 
28900 0.08522727272727272 0.9844066027913473 
29000 0.08522727272727272 0.984425203989831 
29100 0.11931818181818182 0.9844126334302788 
29200 0.10227272727272728 0.984408515741989 
29300 0.13636363636363635 0.9843935670827244 
29400 0.11931818181818182 0.9843751449394115 
29500 0.06818181818181818 0.984370040614956 
29600 0.08522727272727272 0.9843767755081985 
29700 0.11931818181818182 0.9843868128100982 
29800 0.11931818181818182 0.9843755243112647 
29900 0.06818181818181818 0.9843784678834092 
30000 0.05113636363636364 0.9844017510022394 
30100 0.08522727272727272 0.9844204435974643 
30200 0.10227272727272728 0.9844232091953607 
30300 0.08522727272727272 0.9844221125315397 
30400 0.08522727272727272 0.9844345730254088 
30500 0.13636363636363635 0.9844324217387805 
30600 0.13636363636363635 0.9844223005189967 
30700 0.20454545454545456 0.9843974396747515 
30800 0.11931818181818182 0.9843735703681403 
30900 0.08522727272727272 0.9843582217109773 
31000 0.11931818181818182 0.9843574510792907 
31100 0.08522727272727272 0.9843663679332146 
31200 0.11931818181818182 0.9843562888427235 
31300 0.08522727272727272 0.98434618339234 
31400 0.10227272727272728 0.9843385850479573 
31500 0.05113636363636364 0.9843458252407572 
31600 0.13636363636363635 0.9843510418254888 
31700 0.11931818181818182 0.9843514758639675 
31800 0.11931818181818182 0.9843378817418549 
31900 0.08522727272727272 0.9843321205376862 
32000 0.05113636363636364 0.9843453045501419 
32100 0.08522727272727272 0.9843570789355188 
32200 0.10227272727272728 0.9843587226257795 
32300 0.03409090909090909 0.9843771548024125 
32400 0.10227272727272728 0.9844038027726417 
32500 0.06818181818181818 0.984409133565121 
32600 0.08522727272727272 0.9844226229814479 
32700 0.11931818181818182 0.9844241279805177 
32800 0.10227272727272728 0.9844178288633108 
32900 0.08522727272727272 0.9844236566448658 
33000 0.10227272727272728 0.9844165362757602 
33100 0.10227272727272728 0.9844119478675459 
33200 0.06818181818181818 0.9844152592610846 
33300 0.10227272727272728 0.9844209394476279 
33400 0.06818181818181818 0.9844293073696759 
33500 0.06818181818181818 0.9844388125456228 
33600 0.11931818181818182 0.9844411590834689 
33700 0.08522727272727272 0.9844440817779888 
33800 0.10227272727272728 0.9844514417271141 
33900 0.13636363636363635 0.98444258482587 
34000 0.08522727272727272 0.9844426367138934 
34100 0.08522727272727272 0.984445854027208 
34200 0.10227272727272728 0.9844477234849592 
34300 0.11931818181818182 0.9844361647288311 
34400 0.11931818181818182 0.984431527492594 
34500 0.10227272727272728 0.9844223059410663 
34600 0.06818181818181818 0.9844242218432994 
34700 0.13636363636363635 0.9844289102226553 
34800 0.1534090909090909 0.9844175715953826 
34900 0.06818181818181818 0.9844241243413187 
35000 0.11931818181818182 0.9844282858152105 
35100 0.10227272727272728 0.9844182599045352 
35200 0.08522727272727272 0.9844168457249407 
35300 0.13636363636363635 0.9844146347901553 
35400 0.08522727272727272 0.9844047324035531 
35500 0.06818181818181818 0.9844144115018527 
35600 0.10227272727272728 0.984417173547219 
35700 0.08522727272727272 0.9844180898930766 
35800 0.10227272727272728 0.9844248732259891 
35900 0.05113636363636364 0.984422835145134 
36000 0.08522727272727272 0.9844312247639586 
36100 0.10227272727272728 0.9844318559546323 
36200 0.13636363636363635 0.9844286383349531 
36300 0.13636363636363635 0.9844051691538676 
36400 0.11931818181818182 0.9843879944606916 
36500 0.13636363636363635 0.9843652322103255 
36600 0.08522727272727272 0.9843493471365661 
36700 0.11931818181818182 0.9843404378379583 
36800 0.08522727272727272 0.9843353595875606 
36900 0.13636363636363635 0.9843348511126824 
37000 0.13636363636363635 0.9843178378471343 
37100 0.11931818181818182 0.9843111004114077 
37200 0.08522727272727272 0.9843119594781177 
37300 0.10227272727272728 0.9843126616152138 
37400 0.11931818181818182 0.9843020422399984 
37500 0.05113636363636364 0.9843050397443946 
37600 0.10227272727272728 0.984302959181453 
37700 0.11931818181818182 0.9842855175049613 
37800 0.11931818181818182 0.9842741053026495 
37900 0.11931818181818182 0.9842616289807656 
38000 0.06818181818181818 0.9842540776438897 
38100 0.10227272727272728 0.9842589433348206 
38200 0.17045454545454544 0.9842513641956065 
38300 0.11931818181818182 0.9842456789639957 
38400 0.13636363636363635 0.9842407631430052 
38500 0.10227272727272728 0.984233068916746 
38600 0.11931818181818182 0.984230198346251 
38700 0.1534090909090909 0.984230132061422 
38800 0.06818181818181818 0.9842253069859962 
38900 0.08522727272727272 0.984235477704476 
39000 0.10227272727272728 0.9842308821918319 
39100 0.17045454545454544 0.9842324132607629 
39200 0.13636363636363635 0.9842218339745508 
39300 0.11931818181818182 0.9842121759566609 
39400 0.06818181818181818 0.984206965213158 
39500 0.13636363636363635 0.9841990478952202 
39600 0.11931818181818182 0.9841909553477759 
39700 0.10227272727272728 0.98417911101392 
39800 0.08522727272727272 0.9841777473613043 
39900 0.11931818181818182 0.9841778857217067 
40000 0.10227272727272728 0.9841702821065837 
40100 0.10227272727272728 0.9841695882668988 
40200 0.11931818181818182 0.984161407111085 
40300 0.06818181818181818 0.9841593288910043 
40400 0.08522727272727272 0.9841656287760654 
40500 0.10227272727272728 0.984165584575914 
40600 0.13636363636363635 0.9841688992210224 
40700 0.08522727272727272 0.9841700337941216 
40800 0.11931818181818182 0.9841745745982162 
40900 0.13636363636363635 0.9841656183111771 
41000 0.11931818181818182 0.9841511626102246 
41100 0.08522727272727272 0.9841507395307789 
41200 0.10227272727272728 0.9841590754637465 
41300 0.06818181818181818 0.9841561589968105 
41400 0.1534090909090909 0.9841468064012507 
41500 0.10227272727272728 0.9841461925342434 
41600 0.11931818181818182 0.9841270751795739 
41700 0.11931818181818182 0.9841250128076283 
41800 0.10227272727272728 0.9841206495712369 
41900 0.11931818181818182 0.9841194937851342 
42000 0.10227272727272728 0.9841288951994649 
42100 0.11931818181818182 0.9841144995476246 
42200 0.11931818181818182 0.984113299232461 
42300 0.10227272727272728 0.9841139850551567 
42400 0.11931818181818182 0.9841119876032083 
42500 0.11931818181818182 0.9841076600336677 
42600 0.11931818181818182 0.9840997517130413 
42700 0.05113636363636364 0.9841033236394293 
42800 0.05113636363636364 0.9841178970967118 
42900 0.05113636363636364 0.9841271050049691 
43000 0.05113636363636364 0.9841286724833038 
43100 0.11931818181818182 0.984136428494593 
43200 0.10227272727272728 0.9841434252363687 
43300 0.10227272727272728 0.9841473060668345 
43400 0.11931818181818182 0.984149598040263 
43500 0.11931818181818182 0.9841389487389005 
43600 0.11931818181818182 0.9841370793205327 
43700 0.10227272727272728 0.9841275475285567 
43800 0.10227272727272728 0.9841204590596728 
43900 0.10227272727272728 0.9841135323071953 
44000 0.11931818181818182 0.9841066370392408 
44100 0.06818181818181818 0.9841104664705603 
44200 0.11931818181818182 0.9841151783896291 
44300 0.06818181818181818 0.984116790919967 
44400 0.13636363636363635 0.9841127017000026 
44500 0.11931818181818182 0.9841063964854723 
44600 0.1534090909090909 0.984095278642346 
44700 0.08522727272727272 0.984088786400955 
44800 0.05113636363636364 0.9841006491332377 
44900 0.10227272727272728 0.9841092322300982 
45000 0.10227272727272728 0.9841038886004554 
45100 0.10227272727272728 0.9840965529891496 
45200 0.05113636363636364 0.9841026370092375 
45300 0.06818181818181818 0.9841129585740632 
45400 0.06818181818181818 0.9841199808374265 
45500 0.08522727272727272 0.9841283458305612 
45600 0.06818181818181818 0.9841314409971074 
45700 0.08522727272727272 0.9841403659358956 
45800 0.10227272727272728 0.9841439795875835 
45900 0.06818181818181818 0.984145844515172 
46000 0.08522727272727272 0.9841498010912806 
46100 0.08522727272727272 0.9841555275866625 
46200 0.05113636363636364 0.984170022392274 
46300 0.06818181818181818 0.9841767849113803 
46400 0.05113636363636364 0.9841879877197004 
46500 0.11931818181818182 0.9841927886203816 
46600 0.06818181818181818 0.9841899486160071 
46700 0.08522727272727272 0.9841842008444437 
46800 0.10227272727272728 0.9841881292357778 
46900 0.08522727272727272 0.9841785332160005 
47000 0.08522727272727272 0.9841806436420115 
47100 0.08522727272727272 0.984186906859727 
47200 0.08522727272727272 0.9841823699806052 
47300 0.11931818181818182 0.9841735279477082 
47400 0.08522727272727272 0.9841676599649797 
47500 0.08522727272727272 0.984170189718494 
47600 0.13636363636363635 0.9841719329807815 
47700 0.10227272727272728 0.9841671772651993 
47800 0.10227272727272728 0.9841562605194643 
47900 0.11931818181818182 0.9841576660954127 
48000 0.10227272727272728 0.9841490636558708 
48100 0.13636363636363635 0.9841391385739476 
48200 0.10227272727272728 0.9841316711648759 
48300 0.08522727272727272 0.9841257639122849 
48400 0.06818181818181818 0.9841261614617278 
48500 0.08522727272727272 0.9841246244219894 
48600 0.11931818181818182 0.9841243796891571 
48700 0.08522727272727272 0.9841266443100851 
48800 0.10227272727272728 0.9841309953596331 
48900 0.08522727272727272 0.9841296352928273 
49000 0.10227272727272728 0.9841253239729801 
49100 0.1534090909090909 0.9841044826896693 
49200 0.11931818181818182 0.9840919253304165 
49300 0.08522727272727272 0.9840866218830154 
49400 0.05113636363636364 0.9840934164012138 
49500 0.06818181818181818 0.984100068685481 
49600 0.08522727272727272 0.9840984465122588 
49700 0.10227272727272728 0.9840940871868318 
49800 0.10227272727272728 0.984084668343644 
49900 0.13636363636363635 0.98407921548302 
50000 0.10227272727272728 0.9840752048595391 
50100 0.05113636363636364 0.9840778445721461 
50200 0.06818181818181818 0.9840865855624028 
50300 0.08522727272727272 0.9840896439796064 
50400 0.11931818181818182 0.9840929157249766 
50500 0.11931818181818182 0.9840796919412937 
50600 0.10227272727272728 0.9840790965324078 
50700 0.1534090909090909 0.9840685857011965 
50800 0.10227272727272728 0.984067790809415 
50900 0.06818181818181818 0.9840627572953559 
51000 0.08522727272727272 0.9840649292081617 
51100 0.10227272727272728 0.9840593094602311 
51200 0.13636363636363635 0.984057706614395 
51300 0.11931818181818182 0.9840617584984167 
51400 0.05113636363636364 0.9840593833512259 
51500 0.13636363636363635 0.984061375242493 
51600 0.10227272727272728 0.9840502562494384 
51700 0.05113636363636364 0.9840578628688385 
51800 0.06818181818181818 0.9840665918172868 
51900 0.11931818181818182 0.9840678428861942 
52000 0.11931818181818182 0.9840626425890411 
52100 0.10227272727272728 0.9840578984699299 
52200 0.08522727272727272 0.984058669199998 
52300 0.10227272727272728 0.9840584049322888 
52400 0.13636363636363635 0.9840536960606234 
52500 0.10227272727272728 0.984043161082646 
52600 0.10227272727272728 0.9840387691385059 
52700 0.05113636363636364 0.9840463071254469 
52800 0.10227272727272728 0.984051395376465 
52900 0.10227272727272728 0.9840573236285274 
53000 0.05113636363636364 0.984064301531189 
53100 0.03409090909090909 0.9840771381638079 
53200 0.06818181818181818 0.9840859215735863 
53300 0.08522727272727272 0.9840858243321378 
53400 0.08522727272727272 0.9840966865618792 
53500 0.13636363636363635 0.984084409637203 
53600 0.06818181818181818 0.9840873368203782 
53700 0.06818181818181818 0.984090041492371 
53800 0.08522727272727272 0.9840885645924121 
53900 0.10227272727272728 0.9840897811813241 
54000 0.13636363636363635 0.9840802611399452 
54100 0.08522727272727272 0.9840800182655001 
54200 0.06818181818181818 0.984086118421163 
54300 0.1534090909090909 0.9840856040655538 
54400 0.11931818181818182 0.984083002735578 
54500 0.10227272727272728 0.9840842682619668 
54600 0.06818181818181818 0.984084592606529 
54700 0.11931818181818182 0.9840793067602221 
54800 0.10227272727272728 0.9840785503250604 
54900 0.13636363636363635 0.9840769687089654 
55000 0.13636363636363635 0.9840683165264764 
55100 0.03409090909090909 0.9840752147708918 
55200 0.08522727272727272 0.9840870286440793 
55300 0.10227272727272728 0.9840901693377236 
55400 0.13636363636363635 0.9840867862575503 
55500 0.05113636363636364 0.9840928848947849 
55600 0.06818181818181818 0.9841038666734248 
55700 0.06818181818181818 0.9841145030038632 
55800 0.05113636363636364 0.9841234211345186 
55900 0.05113636363636364 0.9841365254483982 
56000 0.06818181818181818 0.984146386996336 
56100 0.08522727272727272 0.984156770418936 
56200 0.10227272727272728 0.9841604444113741 
56300 0.06818181818181818 0.984161229172419 
56400 0.11931818181818182 0.9841543045658443 
56500 0.17045454545454544 0.9841470022252221 
56600 0.11931818181818182 0.984126776189306 
56700 0.06818181818181818 0.9841327754360594 
56800 0.11931818181818182 0.9841277002165455 
56900 0.10227272727272728 0.9841252889787845 
57000 0.08522727272727272 0.9841215405311868 
57100 0.06818181818181818 0.9841176062033622 
57200 0.10227272727272728 0.9841184535076469 
57300 0.13636363636363635 0.984116571026049 
57400 0.08522727272727272 0.9841192483976364 
57500 0.08522727272727272 0.9841263630197735 
57600 0.11931818181818182 0.98413088827372 
57700 0.10227272727272728 0.984126732481397 
57800 0.11931818181818182 0.9841245079119424 
57900 0.05113636363636364 0.9841185130261528 
58000 0.10227272727272728 0.9841214532351323 
58100 0.10227272727272728 0.9841204227434671 
58200 0.1534090909090909 0.9841190052966913 
58300 0.06818181818181818 0.984116130863185 
58400 0.08522727272727272 0.9841170119285007 
58500 0.05113636363636364 0.9841239601964846 
58600 0.06818181818181818 0.9841244370635934 
58700 0.06818181818181818 0.9841351723139299 
58800 0.05113636363636364 0.9841427789570678 
58900 0.10227272727272728 0.9841488645817095 
59000 0.11931818181818182 0.98414611809353 
59100 0.11931818181818182 0.9841457843352904 
59200 0.11931818181818182 0.9841459315797798 
59300 0.13636363636363635 0.9841434913714471 
59400 0.10227272727272728 0.984141346334849 
59500 0.11931818181818182 0.9841366779931888 
59600 0.1534090909090909 0.9841279260872682 
59700 0.05113636363636364 0.984125199288576 
59800 0.05113636363636364 0.9841362108569178 
59900 0.06818181818181818 0.9841459051374162 
60000 0.13636363636363635 0.984144156309516 
60100 0.06818181818181818 0.9841434059484716 
60200 0.13636363636363635 0.9841389772293121 
60300 0.06818181818181818 0.9841318306948023 
60400 0.08522727272727272 0.9841374070417257 
60500 0.10227272727272728 0.9841249806539637 
60600 0.08522727272727272 0.9841313937213757 
60700 0.08522727272727272 0.984132637473398 
60800 0.11931818181818182 0.9841306998539199 
60900 0.11931818181818182 0.98412722921403 
61000 0.06818181818181818 0.9841219070924322 
61100 0.06818181818181818 0.9841294350933105 
61200 0.10227272727272728 0.9841283044988867 
61300 0.1534090909090909 0.9841199479913572 
61400 0.08522727272727272 0.9841159216388243 
61500 0.06818181818181818 0.9841161581260319 
61600 0.05113636363636364 0.9841215590508419 
61700 0.11931818181818182 0.9841284618932064 
61800 0.11931818181818182 0.9841272519126639 
61900 0.1534090909090909 0.9841262294191164 
62000 0.08522727272727272 0.9841186120898343 
62100 0.08522727272727272 0.9841241028178437 
62200 0.08522727272727272 0.9841310374285126 
62300 0.06818181818181818 0.9841348945953006 
62400 0.10227272727272728 0.9841403328326614 
62500 0.10227272727272728 0.9841394355872124 
62600 0.10227272727272728 0.9841384050646882 
62700 0.06818181818181818 0.9841480254048435 
62800 0.08522727272727272 0.9841500605809693 
62900 0.08522727272727272 0.9841483857750492 
63000 0.11931818181818182 0.9841487003813792 
63100 0.10227272727272728 0.984144376763947 
63200 0.11931818181818182 0.9841345828820315 
63300 0.13636363636363635 0.984129846433562 
63400 0.10227272727272728 0.9841274549727492 
63500 0.10227272727272728 0.9841308869867476 
63600 0.06818181818181818 0.984133236184108 
63700 0.06818181818181818 0.9841365145545025 
63800 0.13636363636363635 0.9841348400780267 
63900 0.08522727272727272 0.9841398839966937 
64000 0.13636363636363635 0.9841366115018089 
64100 0.05113636363636364 0.9841379141014677 
64200 0.06818181818181818 0.9841469121834693 
64300 0.11931818181818182 0.9841408164159754 
64400 0.1875 0.9841350483688142 
64500 0.05113636363636364 0.9841306195393729 
64600 0.11931818181818182 0.98413535147922 
64700 0.11931818181818182 0.9841333508263888 
64800 0.13636363636363635 0.9841314440293429 
64900 0.10227272727272728 0.9841227145260404 
65000 0.1534090909090909 0.9841191254400282 
65100 0.08522727272727272 0.9841217004067805 
65200 0.10227272727272728 0.9841219146109025 
65300 0.05113636363636364 0.9841254780311035 
65400 0.10227272727272728 0.9841244695313249 
65500 0.06818181818181818 0.9841285820063815 
65600 0.10227272727272728 0.984138225096347 
65700 0.10227272727272728 0.9841376341995625 
65800 0.08522727272727272 0.9841410603044165 
65900 0.08522727272727272 0.9841451657513819 
66000 0.11931818181818182 0.9841497752788869 
66100 0.10227272727272728 0.9841485687879842 
66200 0.10227272727272728 0.9841464647609004 
66300 0.10227272727272728 0.9841519512937553 
66400 0.11931818181818182 0.9841484366336214 
66500 0.13636363636363635 0.9841378837775508 
66600 0.11931818181818182 0.9841321826999595 
66700 0.10227272727272728 0.9841262431665874 
66800 0.10227272727272728 0.9841242765146412 
66900 0.11931818181818182 0.9841181117689504 
67000 0.10227272727272728 0.9841112022072941 
67100 0.11931818181818182 0.9841105792353725 
67200 0.06818181818181818 0.984114058773476 
67300 0.10227272727272728 0.9841209049304954 
67400 0.06818181818181818 0.9841225464013887 
67500 0.08522727272727272 0.9841278024837342 
67600 0.13636363636363635 0.9841264031193729 
67700 0.08522727272727272 0.9841244623753376 
67800 0.1534090909090909 0.9841210189310696 
67900 0.08522727272727272 0.984117878502258 
68000 0.06818181818181818 0.9841175881771792 
68100 0.1534090909090909 0.9841104989781221 
68200 0.05113636363636364 0.9841073461332879 
68300 0.06818181818181818 0.9841137275375976 
68400 0.17045454545454544 0.9840996144394486 
68500 0.10227272727272728 0.9840937126332595 
68600 0.11931818181818182 0.9840909753502135 
68700 0.11931818181818182 0.9840794381053074 
68800 0.08522727272727272 0.984073880400787 
68900 0.10227272727272728 0.9840750596046237 
69000 0.08522727272727272 0.9840775117224915 
69100 0.11931818181818182 0.9840750643655992 
69200 0.017045454545454544 0.9840761135874284 
69300 0.08522727272727272 0.9840842926968127 
69400 0.06818181818181818 0.9840867583123638 
69500 0.10227272727272728 0.9840895847149355 
69600 0.10227272727272728 0.9840935866908913 
69700 0.11931818181818182 0.984092930713137 
69800 0.06818181818181818 0.9840916254130249 
69900 0.08522727272727272 0.9840934532735258 
70000 0.05113636363636364 0.9841020939960597 
70100 0.05113636363636364 0.9841054011679252 
70200 0.08522727272727272 0.9841142025948866 
70300 0.08522727272727272 0.9841106537343967 
70400 0.13636363636363635 0.9841013847943793 
70500 0.10227272727272728 0.9840970985582409 
70600 0.08522727272727272 0.9840998260390337 
70700 0.08522727272727272 0.9840958354067256 
70800 0.06818181818181818 0.9841008842325031 
70900 0.10227272727272728 0.984102192429649 
71000 0.13636363636363635 0.9840982953505136 
71100 0.11931818181818182 0.9840912926681763 
71200 0.11931818181818182 0.9840891375376495 
71300 0.10227272727272728 0.9840887814272654 
71400 0.13636363636363635 0.9840869143671275 
71500 0.11931818181818182 0.9840877146028473 
71600 0.10227272727272728 0.9840855368322687 
71700 0.08522727272727272 0.9840844745413719 
71800 0.13636363636363635 0.9840867783558345 
71900 0.08522727272727272 0.9840857568044951 
72000 0.08522727272727272 0.9840902225474141 
72100 0.08522727272727272 0.9840831705776367 
72200 0.08522727272727272 0.9840783022395811 
72300 0.10227272727272728 0.9840731723187532 
72400 0.10227272727272728 0.9840700577340092 
72500 0.11931818181818182 0.9840634251439792 
72600 0.11931818181818182 0.9840633847392535 
72700 0.11931818181818182 0.9840601401631339 
72800 0.10227272727272728 0.9840567874317411 
72900 0.10227272727272728 0.9840507550089723 
73000 0.08522727272727272 0.984048085891725 
73100 0.10227272727272728 0.9840470174515707 
73200 0.05113636363636364 0.984045175736546 
73300 0.06818181818181818 0.9840520980738201 
73400 0.08522727272727272 0.9840560987526799 
73500 0.10227272727272728 0.9840573443032934 
73600 0.08522727272727272 0.984058393475385 
73700 0.10227272727272728 0.9840617525850766 
73800 0.06818181818181818 0.9840663344054219 
73900 0.10227272727272728 0.984071864878197 
74000 0.06818181818181818 0.9840706237384999 
74100 0.11931818181818182 0.984067775738519 
74200 0.05113636363636364 0.9840697212485497 
74300 0.05113636363636364 0.9840749879788722 
74400 0.08522727272727272 0.9840838680076391 
74500 0.13636363636363635 0.9840868136608294 
74600 0.11931818181818182 0.9840853339767563 
74700 0.11931818181818182 0.9840841624975204 
74800 0.08522727272727272 0.9840864502905284 
74900 0.06818181818181818 0.9840885802592756 
75000 0.10227272727272728 0.9840932045148489 
75100 0.13636363636363635 0.9840866572409761 
75200 0.10227272727272728 0.9840804673777307 
75300 0.08522727272727272 0.9840733507704232 
75400 0.11931818181818182 0.9840736001210497 
75500 0.08522727272727272 0.9840688443620855 
75600 0.10227272727272728 0.9840667691985796 
75700 0.10227272727272728 0.9840684898482186 
75800 0.11931818181818182 0.9840667204558348 
75900 0.1534090909090909 0.984065704308603 
76000 0.1534090909090909 0.9840576634159119 
76100 0.10227272727272728 0.9840540113557222 
76200 0.06818181818181818 0.9840510026711652 
76300 0.10227272727272728 0.9840482252704897 
76400 0.11931818181818182 0.9840409930379302 
76500 0.10227272727272728 0.9840404641175219 
76600 0.13636363636363635 0.9840369696099386 
76700 0.10227272727272728 0.9840365584305526 
76800 0.05113636363636364 0.9840445451704583 
76900 0.13636363636363635 0.9840456029062159 
77000 0.08522727272727272 0.9840428946613444 
77100 0.08522727272727272 0.9840478575327993 
77200 0.06818181818181818 0.9840448589926414 
77300 0.11931818181818182 0.9840465356204965 
77400 0.05113636363636364 0.9840472169140403 
77500 0.08522727272727272 0.9840463935362711 
77600 0.017045454545454544 0.9840555665871222 
77700 0.05113636363636364 0.9840669097507813 
77800 0.08522727272727272 0.9840725639189026 
77900 0.13636363636363635 0.984069706480603 
78000 0.08522727272727272 0.9840605190376347 
78100 0.08522727272727272 0.9840612490702598 
78200 0.08522727272727272 0.9840641206052934 
78300 0.10227272727272728 0.9840613248292429 
78400 0.13636363636363635 0.9840599856101093 
78500 0.11931818181818182 0.9840580345820725 
78600 0.05113636363636364 0.9840636424935607 
78700 0.08522727272727272 0.9840681171314677 
78800 0.10227272727272728 0.9840654782299717 
78900 0.1534090909090909 0.9840572290822446 
79000 0.08522727272727272 0.9840551140894649 
79100 0.08522727272727272 0.9840584276029151 
79200 0.06818181818181818 0.9840596164419412 
79300 0.13636363636363635 0.9840575780885487 
79400 0.05113636363636364 0.9840604108489589 
79500 0.10227272727272728 0.9840632722172734 
79600 0.08522727272727272 0.9840623790130549 
79700 0.06818181818181818 0.9840683674551819 
79800 0.1534090909090909 0.9840586057249225 
79900 0.08522727272727272 0.9840507528634868 
80000 0.05113636363636364 0.9840562007179455 
80100 0.06818181818181818 0.9840617413697026 
80200 0.13636363636363635 0.9840630175207519 
80300 0.10227272727272728 0.9840599389682683 
80400 0.08522727272727272 0.9840635109129127 
80500 0.11931818181818182 0.9840609334610185 
80600 0.08522727272727272 0.9840631559387375 
80700 0.08522727272727272 0.9840630847201398 
80800 0.10227272727272728 0.984063752023771 
80900 0.11931818181818182 0.9840673674108984 
81000 0.20454545454545456 0.9840590492148806 
81100 0.11931818181818182 0.9840479491901792 
81200 0.08522727272727272 0.9840439786903654 
81300 0.08522727272727272 0.9840464474886254 
81400 0.08522727272727272 0.9840506203296586 
81500 0.08522727272727272 0.9840502514748843 
81600 0.05113636363636364 0.9840608153197766 
81700 0.06818181818181818 0.9840649900246019 
81800 0.08522727272727272 0.9840655079233306 
81900 0.08522727272727272 0.9840667876738102 
82000 0.10227272727272728 0.9840656045214526 
82100 0.11931818181818182 0.9840663966001965 
82200 0.11931818181818182 0.9840610349796673 
82300 0.11931818181818182 0.9840566874256471 
82400 0.17045454545454544 0.9840450413774766 
82500 0.17045454545454544 0.9840361783493533 
82600 0.13636363636363635 0.9840323237887281 
82700 0.06818181818181818 0.9840281350340933 
82800 0.08522727272727272 0.984024951389476 
82900 0.08522727272727272 0.9840234545915116 
83000 0.06818181818181818 0.9840251787765975 
83100 0.13636363636363635 0.9840267620671888 
83200 0.05113636363636364 0.9840271464722343 
83300 0.08522727272727272 0.9840334299708287 
83400 0.11931818181818182 0.9840424915877398 
83500 0.11931818181818182 0.9840386369896496 
83600 0.10227272727272728 0.9840358110657659 
83700 0.08522727272727272 0.9840340101291285 
83800 0.08522727272727272 0.9840354340531844 
83900 0.10227272727272728 0.9840361773778836 
84000 0.10227272727272728 0.9840374938718262 
84100 0.11931818181818182 0.984034314530905 
84200 0.13636363636363635 0.9840276675617111 
84300 0.05113636363636364 0.9840259565021875 
84400 0.06818181818181818 0.9840307794715918 
84500 0.05113636363636364 0.984038919388797 
84600 0.10227272727272728 0.9840374361575353 
84700 0.08522727272727272 0.9840374992889426 
84800 0.1534090909090909 0.9840333746600329 
84900 0.08522727272727272 0.9840311335876759 
85000 0.11931818181818182 0.9840289980545683 
85100 0.10227272727272728 0.9840291709530173 
85200 0.10227272727272728 0.9840300436614594 
85300 0.10227272727272728 0.9840264848221965 
85400 0.13636363636363635 0.9840236994244266 
85500 0.10227272727272728 0.9840173652939732 
85600 0.06818181818181818 0.9840237900789179 
85700 0.06818181818181818 0.9840264208755387 
85800 0.06818181818181818 0.9840283833309847 
85900 0.08522727272727272 0.9840283899753521 
86000 0.08522727272727272 0.9840274386344345 
86100 0.11931818181818182 0.9840262255427294 
86200 0.06818181818181818 0.9840268278895731 
86300 0.06818181818181818 0.9840278238638339 
86400 0.10227272727272728 0.9840326974330053 
86500 0.13636363636363635 0.9840326005164417 
86600 0.1534090909090909 0.9840263693679792 
86700 0.10227272727272728 0.9840219219973346 
86800 0.10227272727272728 0.9840225905964636 
86900 0.10227272727272728 0.9840224403736331 
87000 0.11931818181818182 0.9840174250870679 
87100 0.13636363636363635 0.984016857128245 
87200 0.08522727272727272 0.9840176913630057 
87300 0.10227272727272728 0.9840169291510771 
87400 0.11931818181818182 0.984015551101454 
87500 0.13636363636363635 0.9840133645225873 
87600 0.08522727272727272 0.9840065778618136 
87700 0.10227272727272728 0.984006285302023 
87800 0.11931818181818182 0.9840058963399672 
87900 0.1875 0.984000983544504 
88000 0.10227272727272728 0.9839926599491121 
88100 0.11931818181818182 0.9839898370774864 
88200 0.08522727272727272 0.9839912722593332 
88300 0.1534090909090909 0.9839873634706083 
88400 0.10227272727272728 0.9839819531041916 
88500 0.10227272727272728 0.9839799896970861 
88600 0.06818181818181818 0.9839807882324333 
88700 0.11931818181818182 0.9839833785311429 
88800 0.11931818181818182 0.9839784769008539 
88900 0.10227272727272728 0.9839785394580898 
89000 0.11931818181818182 0.9839789849143676 
89100 0.08522727272727272 0.9839767192185375 
89200 0.10227272727272728 0.9839736305442968 
89300 0.10227272727272728 0.9839764341435655 
89400 0.08522727272727272 0.9839802801168586 
89500 0.10227272727272728 0.9839816099058314 
89600 0.10227272727272728 0.9839792905111652 
89700 0.06818181818181818 0.9839753610733031 
89800 0.06818181818181818 0.9839764388126878 
89900 0.05113636363636364 0.9839838342378636 
90000 0.10227272727272728 0.9839893193105935 
90100 0.13636363636363635 0.9839876663663303 
90200 0.05113636363636364 0.9839938279257133 
90300 0.06818181818181818 0.9840012027954991 
90400 0.08522727272727272 0.9840011763244775 
90500 0.05113636363636364 0.9840053562944056 
90600 0.11931818181818182 0.9840093388995305 
90700 0.10227272727272728 0.9840029765633536 
90800 0.10227272727272728 0.9840034488506835 
90900 0.10227272727272728 0.9840032950432589 
91000 0.06818181818181818 0.9840051083354728 
91100 0.08522727272727272 0.9840092876437839 
91200 0.06818181818181818 0.9840097509397325 
91300 0.10227272727272728 0.9840108666538552 
91400 0.08522727272727272 0.9840122285811475 
91500 0.08522727272727272 0.984012531904768 
91600 0.13636363636363635 0.9840132687614566 
91700 0.1534090909090909 0.9840004347132132 
91800 0.13636363636363635 0.9839954271145789 
91900 0.10227272727272728 0.9839989623221035 
92000 0.06818181818181818 0.984001285559149 
92100 0.10227272727272728 0.9840047450378093 
92200 0.08522727272727272 0.9840048384902156 
92300 0.08522727272727272 0.9840047778463938 
92400 0.10227272727272728 0.9840061008784832 
92500 0.06818181818181818 0.9840060390010525 
92600 0.06818181818181818 0.9840112233718269 
92700 0.08522727272727272 0.9840120141883337 
92800 0.10227272727272728 0.9840152829465983 
92900 0.11931818181818182 0.9840163734904507 
93000 0.13636363636363635 0.9840087557709546 
93100 0.17045454545454544 0.9840082947551584 
93200 0.10227272727272728 0.984003414906785 
93300 0.06818181818181818 0.9840075583814263 
93400 0.11931818181818182 0.9840032068471137 
93500 0.08522727272727272 0.9839997761326811 
93600 0.08522727272727272 0.9840004805212843 
93700 0.10227272727272728 0.9840007286232513 
93800 0.10227272727272728 0.9839976143886816 
93900 0.10227272727272728 0.9839961707736679 
94000 0.10227272727272728 0.9839917684628113 
94100 0.10227272727272728 0.9839907869784014 
94200 0.08522727272727272 0.9839917678445799 
94300 0.08522727272727272 0.9839926261265908 
94400 0.11931818181818182 0.9839902324320524 
94500 0.08522727272727272 0.9839830639117816 
94600 0.10227272727272728 0.983982457181406 
94700 0.10227272727272728 0.9839789418562346 
94800 0.10227272727272728 0.9839778912477908 
94900 0.13636363636363635 0.9839695685264357 
95000 0.08522727272727272 0.9839676328765917 
95100 0.08522727272727272 0.9839703912873491 
95200 0.06818181818181818 0.983973263267861 
95300 0.10227272727272728 0.9839747281579607 
95400 0.06818181818181818 0.9839736587952671 
95500 0.05113636363636364 0.9839802070135392 
95600 0.06818181818181818 0.9839845128093944 
95700 0.10227272727272728 0.9839852473755855 
95800 0.06818181818181818 0.9839841714975456 
95900 0.10227272727272728 0.9839842235506123 
96000 0.10227272727272728 0.9839826183155289 
96100 0.10227272727272728 0.983980632119049 
96200 0.06818181818181818 0.9839789748925308 
96300 0.05113636363636364 0.9839874692134793 
96400 0.11931818181818182 0.983992822122743 
96500 0.10227272727272728 0.9839894205052986 
96600 0.08522727272727272 0.9839911136342462 
96700 0.11931818181818182 0.9839922744523654 
96800 0.10227272727272728 0.9839882676362284 
96900 0.11931818181818182 0.9839859988310469 
97000 0.06818181818181818 0.9839858141106325 
97100 0.1534090909090909 0.9839813289536388 
97200 0.13636363636363635 0.9839711245020861 
97300 0.10227272727272728 0.9839666344641884 
97400 0.08522727272727272 0.9839689495907733 
97500 0.08522727272727272 0.9839695991463024 
97600 0.1534090909090909 0.9839662014454025 
97700 0.13636363636363635 0.9839635376394212 
97800 0.08522727272727272 0.9839609373765467 
97900 0.11931818181818182 0.9839605768257544 
98000 0.08522727272727272 0.983957173210663 
98100 0.11931818181818182 0.9839589312406231 
98200 0.08522727272727272 0.9839584581160532 
98300 0.08522727272727272 0.9839603557625882 
98400 0.10227272727272728 0.9839609792398636 
98500 0.10227272727272728 0.983964168337931 
98600 0.13636363636363635 0.9839638646943466 
98700 0.13636363636363635 0.983964655419352 
98800 0.10227272727272728 0.9839607864200859 
98900 0.08522727272727272 0.9839617797319817 
99000 0.17045454545454544 0.9839573475382709 
99100 0.11931818181818182 0.9839451555850734 
99200 0.06818181818181818 0.9839455888916075 
99300 0.10227272727272728 0.9839517431390877 
99400 0.11931818181818182 0.9839496538812944 
99500 0.10227272727272728 0.9839467979307654 
99600 0.06818181818181818 0.9839469711421298 
99700 0.10227272727272728 0.9839463176716564 
99800 0.08522727272727272 0.9839445553469587 
99900 0.06818181818181818 0.9839464649548507 
