15 7 0 5 15 2 4 1 2 18 0 9 9 16 4 6 15 -1 19 10 10 0 15 16 0 13 2 19 16 16 5 5 0 3 2 14 1 10 7 11 11 0 7 20 18 9 10 8 17 17 0 6 18 11 11 4 13 8 14 18 18 7 3 12 4 10 8 14 10 1 15 10 1 12 18 13 7 2 18 7 13 6 4 19 13 13 4 6 10 13 9 5 16 1 17 13 6 14 12 19 9 11 4 15 20 15 1 16 14 16 12 12 13 5 7 12 11 8 3 19 
 y:1 5 5 14 10 1 12 14 15 9 19 2 11 9 0 18 5 10 3 18 12 7 19 10 9 17 10 9 8 5 12 10 12 7 16 6 4 11 16 12 11 15 11 4 16 3 9 2 0 14 1 7 1 2 8 16 8 1 3 3 19 8 18 6 14 19 11 16 4 12 14 13 8 1 10 13 15 2 8 3 0 6 18 15 2 12 19 8 2 3 16 9 14 7 16 19 11 7 16 5 1 10 6 4 14 3 0 19 12 1 2 13 18 5 17 17 18 14 3 1 
15 7 0 6 15 2 4 1 2 18 0 9 9 16 4 6 15 -1 19 9 10 0 15 17 0 13 2 19 16 16 5 5 -1 4 1 14 1 10 7 11 11 1 7 20 18 9 9 8 17 17 1 6 18 11 11 4 13 7 14 18 19 7 3 13 4 10 8 14 10 1 15 10 1 13 18 13 7 3 19 7 13 5 4 19 13 13 4 5 10 13 9 5 16 0 17 13 6 14 12 19 9 11 4 14 20 16 1 16 14 16 12 12 12 5 6 12 11 7 2 19 
 y:1 4 5 14 10 1 12 14 15 9 18 2 11 9 0 18 5 10 3 18 12 8 19 10 9 17 10 9 8 4 12 10 12 7 16 6 5 11 16 12 11 15 11 4 15 3 9 2 0 13 1 7 1 3 8 16 8 1 3 3 19 9 17 6 15 19 12 16 4 12 13 13 8 1 10 13 15 2 8 3 0 6 17 15 2 12 19 8 2 3 16 9 14 7 15 19 11 7 16 5 1 9 6 4 14 3 0 19 12 1 2 13 18 4 17 17 18 14 3 0 
15 8 0 6 15 3 4 1 2 18 1 9 9 16 4 6 15 -1 19 9 10 0 15 17 0 13 2 19 16 16 5 5 -2 4 2 14 1 10 7 11 11 1 7 20 18 8 8 8 17 18 1 6 18 11 11 4 12 7 14 18 19 7 3 12 4 10 8 13 10 1 15 10 1 13 18 14 7 2 19 7 13 6 4 19 13 13 4 5 11 12 9 5 16 0 17 12 6 14 12 19 10 10 3 15 20 16 1 16 14 16 12 12 13 5 6 12 12 7 2 19 
 y:1 4 5 14 10 1 13 14 15 9 18 2 11 9 1 18 5 10 3 18 12 8 19 10 9 17 10 9 8 5 12 10 12 7 16 6 4 11 16 12 11 15 11 3 15 3 9 2 0 13 2 7 1 3 8 16 8 0 3 3 19 9 17 6 14 19 13 16 4 12 13 14 8 1 10 13 15 2 7 4 0 6 17 15 2 12 19 8 2 3 16 9 14 7 15 19 11 7 15 5 1 9 6 4 14 3 0 19 12 2 2 13 18 4 17 16 18 13 3 0 
15 8 0 6 15 3 5 1 2 18 1 9 9 16 4 6 15 -1 19 9 10 0 15 17 0 13 2 19 16 16 5 5 -2 4 1 14 0 10 7 12 11 1 7 20 18 8 8 8 16 18 1 6 18 11 10 4 12 7 13 18 19 7 3 12 4 10 8 13 10 1 15 11 1 14 18 13 7 3 19 7 13 6 4 19 14 13 4 5 11 12 9 5 16 0 17 13 6 14 13 19 9 10 3 15 20 16 1 16 15 16 12 12 13 5 6 12 12 7 2 20 
 y:1 4 5 14 9 1 13 14 14 9 18 3 11 9 0 19 5 10 3 17 12 8 19 10 9 17 9 9 8 6 12 10 12 6 16 6 4 11 16 12 11 15 11 3 15 3 10 2 0 13 2 7 1 3 8 16 8 0 3 3 19 9 17 6 14 20 13 16 4 12 13 14 8 1 10 13 14 2 8 4 0 5 17 15 2 12 19 8 1 3 15 9 14 7 15 19 11 7 15 5 1 10 6 4 14 3 0 19 12 2 2 13 18 3 17 16 19 13 3 0 
16 8 0 6 15 3 4 1 2 18 1 9 9 16 4 7 15 -1 19 9 10 0 15 17 0 13 2 19 17 17 5 5 -3 4 1 14 0 10 7 12 11 1 7 20 18 8 8 7 15 18 1 6 18 11 10 4 12 7 13 18 18 7 3 12 4 10 8 13 10 0 15 10 1 14 18 13 7 4 19 7 13 5 4 19 14 13 4 5 11 12 8 5 16 0 18 13 6 14 13 19 10 9 2 14 20 16 1 16 15 16 12 12 14 5 6 12 12 7 2 19 
 y:1 4 5 14 9 1 13 14 14 9 17 3 11 9 1 19 5 10 3 16 13 8 19 9 9 17 9 9 8 6 13 10 12 5 16 6 4 12 17 12 11 15 11 3 14 3 10 2 0 13 2 7 2 3 8 16 8 0 3 3 19 8 17 5 14 20 13 16 4 12 13 14 8 0 11 13 14 2 8 4 0 5 17 16 2 12 19 8 1 4 15 9 14 7 15 19 11 7 15 5 1 10 6 4 14 3 0 19 12 2 3 13 18 4 17 15 19 13 3 0 
15 8 0 6 15 3 4 1 2 18 1 9 9 16 4 7 15 -2 19 9 10 0 15 17 0 13 2 19 16 16 5 5 -3 4 1 14 0 10 7 12 11 1 7 20 18 8 8 7 15 18 1 7 18 11 10 4 12 8 13 18 18 6 3 12 4 10 8 13 10 1 16 10 2 14 18 13 7 4 19 7 13 5 4 19 13 13 5 5 11 13 8 6 16 0 18 14 6 14 13 19 10 9 2 14 20 16 1 16 15 16 12 11 15 5 6 12 12 6 2 19 
 y:1 5 5 14 9 1 13 14 14 9 17 2 11 9 1 19 5 10 3 16 13 8 19 9 9 17 9 9 8 6 14 10 13 5 16 6 4 12 17 12 11 15 11 3 14 2 10 1 0 13 2 7 2 3 8 16 9 0 3 3 18 8 17 5 14 19 13 16 4 12 13 15 8 0 12 13 15 3 8 3 0 5 17 15 2 11 19 8 1 4 15 9 14 7 15 19 11 7 15 5 1 10 7 4 14 3 0 19 12 2 3 13 18 3 17 15 19 13 3 0 
15 8 0 6 15 3 5 1 2 18 0 9 9 16 5 6 15 -2 19 9 10 0 15 17 0 13 3 19 16 16 5 4 -3 4 0 14 0 10 7 12 11 2 7 20 18 7 8 7 16 18 1 7 18 11 10 4 12 8 13 18 18 6 3 11 4 10 8 13 10 0 16 10 3 14 17 12 7 4 18 7 13 5 4 19 13 13 5 5 11 13 9 6 16 -1 17 13 6 14 13 19 10 9 2 14 20 16 1 16 15 16 12 11 15 5 6 11 12 6 3 19 
 y:1 5 5 14 8 1 13 14 14 9 17 2 11 10 1 19 5 11 3 16 13 8 19 10 9 17 9 9 9 6 14 10 13 5 16 6 4 11 17 12 11 15 11 3 14 2 11 0 0 13 2 8 1 3 7 16 9 0 3 3 18 8 17 5 14 18 13 16 4 12 13 15 8 0 12 13 15 3 8 4 0 4 17 15 2 12 18 9 1 4 15 9 14 7 15 19 11 7 15 5 0 9 7 4 14 3 0 19 12 2 2 13 17 3 17 15 19 13 3 -1 
15 8 0 6 15 3 5 1 2 18 0 9 9 16 4 5 15 -2 19 9 10 0 15 17 0 13 3 19 16 16 5 4 -3 4 0 14 0 10 7 12 11 2 7 20 18 7 8 7 15 18 1 7 18 11 10 4 12 8 13 18 18 5 3 12 4 10 8 14 10 1 16 10 4 14 17 12 7 4 18 7 13 5 4 19 13 13 5 5 11 13 9 6 16 -1 18 14 6 14 12 18 10 8 2 14 20 16 1 16 15 16 12 11 15 5 6 11 12 7 2 19 
 y:1 5 5 14 7 1 13 14 14 9 17 3 11 10 1 19 5 12 3 16 12 8 19 11 9 17 9 8 9 6 14 10 13 6 16 6 4 11 17 12 11 15 11 3 14 1 11 0 0 13 2 8 1 3 7 16 9 0 3 3 18 8 17 5 14 19 13 16 4 12 13 15 8 1 12 13 16 3 7 4 0 4 17 15 1 12 18 9 2 5 15 9 14 7 15 19 11 7 15 5 0 9 7 4 14 3 0 18 12 2 2 13 17 2 17 16 19 13 3 -1 
15 8 0 6 15 3 6 1 2 18 0 9 9 17 4 5 15 -2 19 9 10 0 15 17 0 13 3 18 16 16 5 4 -3 4 0 14 0 10 7 12 11 3 7 20 18 7 8 7 15 19 1 7 18 11 10 4 12 8 13 18 18 5 3 12 5 10 8 14 10 1 16 10 4 14 17 12 7 4 18 7 13 5 4 19 14 13 5 5 11 13 9 6 16 -1 18 14 6 14 12 18 10 8 2 13 20 16 1 16 16 16 12 11 15 5 6 11 12 7 2 19 
 y:1 5 5 14 7 1 13 14 14 9 18 2 11 10 1 20 5 12 3 16 12 7 19 11 9 16 9 8 9 6 13 10 14 5 16 6 4 11 17 12 11 15 11 3 14 1 12 0 0 13 1 7 2 3 7 16 8 0 3 3 18 8 17 5 14 19 13 16 5 12 13 15 8 2 12 13 16 2 6 4 0 5 17 15 1 11 19 9 2 5 15 9 14 7 15 18 11 7 16 4 0 8 7 4 14 3 0 18 12 2 2 12 17 2 17 17 19 14 2 -1 
15 8 0 6 15 3 6 1 2 18 0 9 9 18 4 5 15 -2 19 9 10 0 16 16 0 13 3 19 16 16 5 4 -3 4 0 14 0 9 7 12 10 3 7 20 18 7 8 7 15 19 0 6 18 11 10 4 12 8 13 18 18 5 3 12 5 10 8 14 10 2 16 11 4 14 17 12 7 4 18 7 13 5 4 19 14 13 6 5 11 13 8 6 16 -1 18 15 6 14 12 18 10 8 3 13 20 17 1 16 16 16 12 11 15 5 6 10 13 7 2 19 
 y:1 5 5 14 7 1 13 13 14 9 17 1 12 10 0 20 5 12 3 16 12 8 19 11 9 16 9 8 8 6 13 10 14 5 16 6 4 11 17 12 11 15 10 3 14 1 12 0 0 12 1 7 2 3 7 16 8 0 3 3 19 8 17 6 14 18 13 16 4 12 13 15 8 2 12 13 15 1 7 4 0 6 17 15 1 11 19 9 2 5 15 9 14 7 15 18 11 7 15 4 0 9 7 4 14 3 0 18 12 2 2 11 17 2 17 17 19 14 3 -1 
