0 0.0 1.0 
100 0.019021739130434784 0.9994080929832113 
200 0.03804347826086957 0.998026173480424 
300 0.019021739130434784 0.9976256680629785 
400 0.03804347826086957 0.9968353572590264 
500 0.03804347826086957 0.9965558014405971 
600 0.03804347826086957 0.9962200680026043 
700 0.057065217391304345 0.9959413570675433 
800 0.03804347826086957 0.9957865168539326 
900 0.057065217391304345 0.9954971529218742 
1000 0.057065217391304345 0.9952031663988186 
1100 0.03804347826086957 0.9948638589424633 
1200 0.07608695652173914 0.994757539007349 
1300 0.07608695652173914 0.9943939444574408 
1400 0.07608695652173914 0.9940415231356484 
1500 0.057065217391304345 0.9938627871274223 
1600 0.019021739130434784 0.9939558835510415 
1700 0.03804347826086957 0.9940939472944303 
1800 0.03804347826086957 0.9942287497284118 
1900 0.057065217391304345 0.9942121423507079 
2000 0.07608695652173914 0.9939826282510918 
2100 0.019021739130434784 0.9939353413488401 
2200 0.057065217391304345 0.993981243703455 
2300 0.057065217391304345 0.9937881450409085 
2400 0.057065217391304345 0.993666588196947 
2500 0.057065217391304345 0.9935840881038889 
2600 0.057065217391304345 0.9934682312822828 
2700 0.019021739130434784 0.9933720200247895 
2800 0.057065217391304345 0.9933467084736818 
2900 0.057065217391304345 0.9932734963955457 
3000 0.07608695652173914 0.9931897700766411 
3100 0.09510869565217392 0.9929852572101566 
3200 0.09510869565217392 0.9928453064938946 
3300 0.057065217391304345 0.9927838072784269 
3400 0.019021739130434784 0.992817809339964 
3500 0.019021739130434784 0.9929577574109261 
3600 0.0 0.9930876688842472 
3700 0.03804347826086957 0.9931275918376937 
3800 0.03804347826086957 0.9931918659849239 
3900 0.019021739130434784 0.9932403062759827 
4000 0.03804347826086957 0.9933311509079252 
4100 0.057065217391304345 0.9932883549081348 
4200 0.03804347826086957 0.9932993438415284 
4300 0.03804347826086957 0.9933148762168555 
4400 0.03804347826086957 0.9933581053713089 
4500 0.03804347826086957 0.9933601711696918 
4600 0.019021739130434784 0.9933999461364732 
4700 0.019021739130434784 0.9934854286322059 
4800 0.019021739130434784 0.993570746130788 
4900 0.07608695652173914 0.9935827204740825 
5000 0.057065217391304345 0.9935849786564426 
5100 0.019021739130434784 0.9935866155826223 
5200 0.03804347826086957 0.9936561112829473 
5300 0.019021739130434784 0.9936819755091328 
5400 0.03804347826086957 0.9936701536752454 
5500 0.09510869565217392 0.9935950380563218 
5600 0.03804347826086957 0.9935289117626511 
5700 0.09510869565217392 0.9934655819345195 
5800 0.03804347826086957 0.9934461262301103 
5900 0.03804347826086957 0.9934646301658525 
6000 0.019021739130434784 0.9934879512834818 
6100 0.057065217391304345 0.993522979126729 
6200 0.03804347826086957 0.9935235726355497 
6300 0.03804347826086957 0.9935271661503005 
6400 0.03804347826086957 0.9935374398022048 
6500 0.07608695652173914 0.993535693505347 
6600 0.057065217391304345 0.9934883054609644 
6700 0.07608695652173914 0.9934540918616949 
6800 0.057065217391304345 0.9934049020924033 
6900 0.019021739130434784 0.9934130529286871 
7000 0.057065217391304345 0.9934430950857952 
7100 0.03804347826086957 0.9934386155042462 
7200 0.03804347826086957 0.9934372792426173 
7300 0.019021739130434784 0.9934594278329949 
7400 0.057065217391304345 0.9934732674197964 
7500 0.057065217391304345 0.9934726094491749 
7600 0.019021739130434784 0.9935052167048958 
7700 0.03804347826086957 0.9935373299910232 
7800 0.057065217391304345 0.9935731483700528 
7900 0.057065217391304345 0.9935712595543768 
8000 0.09510869565217392 0.9935198317601605 
8100 0.057065217391304345 0.9934783950451636 
8200 0.07608695652173914 0.9934263716513893 
8300 0.03804347826086957 0.9933821488243951 
8400 0.057065217391304345 0.9933742359863992 
8500 0.07608695652173914 0.9933396582499245 
8600 0.057065217391304345 0.9933046207973795 
8700 0.057065217391304345 0.9932528994668279 
8800 0.057065217391304345 0.9932202615315453 
8900 0.019021739130434784 0.9932280447238464 
9000 0.03804347826086957 0.9932564859943098 
9100 0.07608695652173914 0.993263401537337 
9200 0.07608695652173914 0.9932267522906301 
9300 0.057065217391304345 0.9931865086970545 
9400 0.07608695652173914 0.9931141691679424 
9500 0.057065217391304345 0.9931048447989457 
9600 0.057065217391304345 0.9930809969975953 
9700 0.057065217391304345 0.9930775289862542 
9800 0.03804347826086957 0.9930741317434335 
9900 0.03804347826086957 0.9930713520373436 
10000 0.03804347826086957 0.9930680844958982 
10100 0.019021739130434784 0.9931084632171588 
10200 0.0 0.993172557677636 
10300 0.03804347826086957 0.9932269661451189 
10400 0.03804347826086957 0.9932568147711549 
10500 0.07608695652173914 0.9932260592158925 
10600 0.019021739130434784 0.9932217735816555 
10700 0.03804347826086957 0.993233820081829 
10800 0.03804347826086957 0.9932499204985046 
10900 0.019021739130434784 0.9932602413819235 
11000 0.03804347826086957 0.9932770439841437 
11100 0.03804347826086957 0.9932901168324044 
11200 0.03804347826086957 0.9932995598219103 
11300 0.057065217391304345 0.9933078738703385 
11400 0.057065217391304345 0.9932826735259683 
11500 0.07608695652173914 0.9932553123924952 
11600 0.11413043478260869 0.993186962893004 
11700 0.07608695652173914 0.9931325546311538 
11800 0.057065217391304345 0.9931281155244766 
11900 0.03804347826086957 0.9931283176788213 
12000 0.057065217391304345 0.9931187799567427 
12100 0.057065217391304345 0.9931062560406434 
12200 0.03804347826086957 0.993095719167709 
12300 0.07608695652173914 0.9930882254182233 
12400 0.057065217391304345 0.9930698961864927 
12500 0.09510869565217392 0.9930679458686783 
12600 0.03804347826086957 0.9930705551319253 
12700 0.03804347826086957 0.9930786860329381 
12800 0.03804347826086957 0.9930737408422575 
12900 0.03804347826086957 0.9930903569996259 
13000 0.019021739130434784 0.9931196764128511 
13100 0.03804347826086957 0.9931352734441115 
13200 0.03804347826086957 0.9931395184159303 
13300 0.03804347826086957 0.9931477855538812 
13400 0.03804347826086957 0.9931595792656616 
13500 0.03804347826086957 0.993170795722056 
13600 0.03804347826086957 0.9931840449711179 
13700 0.057065217391304345 0.9931758789425081 
13800 0.057065217391304345 0.9931690126424361 
13900 0.03804347826086957 0.9931694779543543 
14000 0.07608695652173914 0.9931623672843244 
14100 0.03804347826086957 0.9931364719739272 
14200 0.09510869565217392 0.9931126635295127 
14300 0.057065217391304345 0.993062966104529 
14400 0.03804347826086957 0.9930643403386842 
14500 0.07608695652173914 0.9930495797891 
14600 0.03804347826086957 0.9930422797128249 
14700 0.07608695652173914 0.9930286094113681 
14800 0.09510869565217392 0.993006678455921 
14900 0.07608695652173914 0.9929651642871941 
15000 0.07608695652173914 0.9929363404758523 
15100 0.03804347826086957 0.9929228340766376 
15200 0.057065217391304345 0.9929130806611693 
15300 0.057065217391304345 0.9929094929856815 
15400 0.07608695652173914 0.9928971297741818 
15500 0.057065217391304345 0.992891237030991 
15600 0.07608695652173914 0.9928763624405348 
15700 0.09510869565217392 0.9928438509870599 
15800 0.057065217391304345 0.9928222415752442 
15900 0.019021739130434784 0.9928432857654563 
16000 0.019021739130434784 0.9928734073685612 
16100 0.07608695652173914 0.9928776703040318 
16200 0.03804347826086957 0.99287097817365 
16300 0.057065217391304345 0.9928575334135276 
16400 0.057065217391304345 0.9928488917695899 
16500 0.057065217391304345 0.9928428250725253 
16600 0.07608695652173914 0.9928247185214092 
16700 0.057065217391304345 0.9928187065080716 
16800 0.03804347826086957 0.9928273226490142 
16900 0.057065217391304345 0.9928118801820319 
17000 0.057065217391304345 0.9927982177518969 
17100 0.057065217391304345 0.9927818548622888 
17200 0.03804347826086957 0.9927817960533134 
17300 0.019021739130434784 0.9927932037102656 
17400 0.057065217391304345 0.9927943296612138 
17500 0.057065217391304345 0.9927898530021887 
17600 0.03804347826086957 0.9928000941152059 
17700 0.057065217391304345 0.9927982452477507 
17800 0.057065217391304345 0.9928032865764747 
17900 0.03804347826086957 0.9928116112046206 
18000 0.07608695652173914 0.9927996149972345 
18100 0.057065217391304345 0.9927868505943702 
18200 0.057065217391304345 0.9927772124321884 
18300 0.07608695652173914 0.9927614433043573 
18400 0.03804347826086957 0.9927551491766752 
18500 0.07608695652173914 0.9927523012857119 
18600 0.07608695652173914 0.9927375047624836 
18700 0.019021739130434784 0.9927398674332691 
18800 0.03804347826086957 0.9927575256172775 
18900 0.057065217391304345 0.9927581758959153 
19000 0.057065217391304345 0.9927606784997586 
19100 0.057065217391304345 0.992754761303187 
19200 0.07608695652173914 0.9927457922254955 
19300 0.07608695652173914 0.9927322700107901 
19400 0.057065217391304345 0.9927242096440569 
19500 0.03804347826086957 0.9927206910236487 
19600 0.019021739130434784 0.9927431331143265 
19700 0.019021739130434784 0.9927645197882252 
19800 0.03804347826086957 0.992787748971835 
19900 0.07608695652173914 0.9927792027055665 
20000 0.057065217391304345 0.9927639487590838 
20100 0.019021739130434784 0.9927775062023737 
20200 0.03804347826086957 0.992796713679693 
20300 0.03804347826086957 0.992811850133748 
20400 0.019021739130434784 0.9928296353759299 
20500 0.019021739130434784 0.9928525490803206 
20600 0.057065217391304345 0.9928562458977297 
20700 0.03804347826086957 0.9928579379698104 
20800 0.057065217391304345 0.9928534738087424 
20900 0.09510869565217392 0.9928390414022212 
21000 0.057065217391304345 0.9928363918488353 
21100 0.03804347826086957 0.9928262981560734 
21200 0.03804347826086957 0.9928350129095633 
21300 0.09510869565217392 0.9928260410309375 
21400 0.057065217391304345 0.9928108042492935 
21500 0.03804347826086957 0.9928149196296229 
21600 0.057065217391304345 0.9928149713278169 
21700 0.07608695652173914 0.9928155234280929 
21800 0.07608695652173914 0.992803232001723 
21900 0.07608695652173914 0.992783980481336 
22000 0.057065217391304345 0.9927735498188818 
22100 0.057065217391304345 0.9927665332869061 
22200 0.03804347826086957 0.9927715751151045 
22300 0.057065217391304345 0.9927697480908441 
22400 0.057065217391304345 0.9927663603915198 
22500 0.057065217391304345 0.9927634858740577 
22600 0.03804347826086957 0.992753543032917 
22700 0.11413043478260869 0.9927543414099743 
22800 0.057065217391304345 0.9927347532430881 
22900 0.057065217391304345 0.992728981836753 
23000 0.07608695652173914 0.992716408360317 
23100 0.07608695652173914 0.9927093547616045 
23200 0.03804347826086957 0.9927079839137368 
23300 0.03804347826086957 0.9927153714246263 
23400 0.057065217391304345 0.9927216506912562 
23500 0.07608695652173914 0.9927174699318992 
23600 0.057065217391304345 0.9927104461306908 
23700 0.03804347826086957 0.9927082970265426 
23800 0.057065217391304345 0.9927081068935723 
23900 0.07608695652173914 0.9926922286315107 
24000 0.09510869565217392 0.9926658400102895 
24100 0.09510869565217392 0.9926412488747536 
24200 0.07608695652173914 0.9926250577141081 
24300 0.057065217391304345 0.9926189519844415 
24400 0.057065217391304345 0.992615346306192 
24500 0.07608695652173914 0.9926074445940982 
24600 0.03804347826086957 0.9926011535409484 
24700 0.03804347826086957 0.9926019541542941 
24800 0.03804347826086957 0.9926057066422638 
24900 0.03804347826086957 0.9926206691541984 
25000 0.057065217391304345 0.992620403879497 
25100 0.03804347826086957 0.9926213315596295 
25200 0.057065217391304345 0.9926218205626761 
25300 0.019021739130434784 0.9926213390775068 
25400 0.057065217391304345 0.992628670901351 
25500 0.07608695652173914 0.9926323221766239 
25600 0.07608695652173914 0.9926267104036357 
25700 0.057065217391304345 0.9926170187930431 
25800 0.03804347826086957 0.9926141428626798 
25900 0.057065217391304345 0.9926149611480504 
26000 0.07608695652173914 0.9926109656317567 
26100 0.057065217391304345 0.992604918518864 
26200 0.057065217391304345 0.9926026512429827 
26300 0.07608695652173914 0.9925948219856081 
26400 0.07608695652173914 0.9925729509587088 
26500 0.07608695652173914 0.9925596532042269 
26600 0.07608695652173914 0.9925391003607252 
26700 0.019021739130434784 0.9925517770870005 
26800 0.07608695652173914 0.9925553353784657 
26900 0.03804347826086957 0.9925569479395464 
27000 0.07608695652173914 0.9925624735315761 
27100 0.09510869565217392 0.9925424900091927 
27200 0.07608695652173914 0.9925325435605789 
27300 0.03804347826086957 0.9925338178407225 
27400 0.019021739130434784 0.9925481734243276 
27500 0.019021739130434784 0.9925651913052964 
27600 0.019021739130434784 0.9925803137252431 
27700 0.057065217391304345 0.9925864982114914 
27800 0.03804347826086957 0.9925839389574663 
27900 0.057065217391304345 0.9925788658034698 
28000 0.07608695652173914 0.9925600483212557 
28100 0.019021739130434784 0.9925547094873616 
28200 0.03804347826086957 0.9925607787574601 
28300 0.057065217391304345 0.9925525945465132 
28400 0.07608695652173914 0.9925450420453659 
28500 0.09510869565217392 0.9925258152650631 
28600 0.09510869565217392 0.9925100482956661 
28700 0.09510869565217392 0.9924888997959471 
28800 0.057065217391304345 0.9924830886004864 
28900 0.07608695652173914 0.9924796682227033 
29000 0.03804347826086957 0.9924798320297801 
29100 0.057065217391304345 0.9924857841430819 
29200 0.057065217391304345 0.9924893690359026 
29300 0.057065217391304345 0.9924939496055187 
29400 0.057065217391304345 0.9924858367727806 
29500 0.07608695652173914 0.9924706863289822 
29600 0.07608695652173914 0.9924502220107135 
29700 0.07608695652173914 0.9924344700734714 
29800 0.03804347826086957 0.992437881425047 
29900 0.019021739130434784 0.9924457230600111 
30000 0.019021739130434784 0.9924624795115525 
30100 0.019021739130434784 0.9924790343524627 
30200 0.03804347826086957 0.9924908907421723 
30300 0.019021739130434784 0.9925084083894491 
30400 0.019021739130434784 0.9925257214079056 
30500 0.019021739130434784 0.9925398917783166 
30600 0.03804347826086957 0.9925497070996543 
30700 0.07608695652173914 0.9925510498879091 
30800 0.03804347826086957 0.9925513252675309 
30900 0.03804347826086957 0.9925429808800335 
31000 0.019021739130434784 0.9925585324737071 
31100 0.019021739130434784 0.9925697027776264 
31200 0.019021739130434784 0.9925864625297685 
31300 0.019021739130434784 0.9926012052677856 
31400 0.019021739130434784 0.9926148156455832 
31500 0.019021739130434784 0.9926294610385039 
31600 0.09510869565217392 0.9926207962598872 
31700 0.057065217391304345 0.9926232439519806 
31800 0.03804347826086957 0.9926235400035274 
31900 0.03804347826086957 0.9926255378392118 
32000 0.019021739130434784 0.9926329578015904 
32100 0.019021739130434784 0.9926404161864116 
32200 0.019021739130434784 0.9926538198246612 
32300 0.03804347826086957 0.9926630182401137 
32400 0.057065217391304345 0.9926641924631956 
32500 0.07608695652173914 0.9926523999930437 
32600 0.057065217391304345 0.99263842933599 
32700 0.03804347826086957 0.9926381722138533 
32800 0.03804347826086957 0.9926397392444292 
32900 0.03804347826086957 0.9926436093524315 
33000 0.057065217391304345 0.992642515444196 
33100 0.057065217391304345 0.9926416744272799 
33200 0.07608695652173914 0.992635845829683 
33300 0.057065217391304345 0.992630052237627 
33400 0.07608695652173914 0.9926137169806163 
33500 0.07608695652173914 0.9925978036995651 
33600 0.09510869565217392 0.9925846539246374 
33700 0.07608695652173914 0.9925697276432257 
33800 0.057065217391304345 0.9925585074020192 
33900 0.09510869565217392 0.9925548079253786 
34000 0.057065217391304345 0.9925454558241893 
34100 0.019021739130434784 0.9925553630328321 
34200 0.019021739130434784 0.9925696617057981 
34300 0.019021739130434784 0.9925822925684763 
34400 0.03804347826086957 0.9925874247841633 
34500 0.03804347826086957 0.9925950476545733 
34600 0.03804347826086957 0.992600820157246 
34700 0.057065217391304345 0.9925996682215649 
34800 0.07608695652173914 0.992590792618403 
34900 0.057065217391304345 0.9925793206373805 
35000 0.057065217391304345 0.9925717960853292 
35100 0.09510869565217392 0.9925609080875932 
35200 0.09510869565217392 0.992543365862877 
35300 0.09510869565217392 0.992526615824407 
35400 0.09510869565217392 0.9925058921204634 
35500 0.09510869565217392 0.9924928630301902 
35600 0.03804347826086957 0.9924861661189293 
35700 0.019021739130434784 0.9924957192771363 
35800 0.057065217391304345 0.9924985396327283 
35900 0.057065217391304345 0.9924968784931508 
36000 0.057065217391304345 0.9924991515936151 
36100 0.057065217391304345 0.9924959925233915 
36200 0.03804347826086957 0.9924982555129993 
36300 0.03804347826086957 0.9925040243232011 
36400 0.03804347826086957 0.9925098360890706 
36500 0.019021739130434784 0.9925176260805243 
36600 0.057065217391304345 0.9925257447230593 
36700 0.019021739130434784 0.9925334489168047 
36800 0.07608695652173914 0.9925421450031485 
36900 0.057065217391304345 0.9925278182634382 
37000 0.07608695652173914 0.9925179019838477 
37100 0.057065217391304345 0.9925149972519198 
37200 0.07608695652173914 0.9925043652402986 
37300 0.07608695652173914 0.9924959028957144 
37400 0.03804347826086957 0.9924970763395073 
37500 0.03804347826086957 0.992497229059399 
37600 0.03804347826086957 0.9925038129189441 
37700 0.09510869565217392 0.9925051722765974 
37800 0.057065217391304345 0.9924946631271544 
37900 0.057065217391304345 0.9924902319888314 
38000 0.057065217391304345 0.9924874688652359 
38100 0.057065217391304345 0.9924829372274835 
38200 0.09510869565217392 0.9924741612728099 
38300 0.09510869565217392 0.9924639412298237 
38400 0.07608695652173914 0.9924517222717253 
38500 0.07608695652173914 0.9924422488179302 
38600 0.057065217391304345 0.9924295861900402 
38700 0.03804347826086957 0.9924351044743255 
38800 0.03804347826086957 0.9924409444848463 
38900 0.057065217391304345 0.9924464052002687 
39000 0.07608695652173914 0.9924407596014818 
39100 0.09510869565217392 0.9924328494878926 
39200 0.07608695652173914 0.9924257422448185 
39300 0.09510869565217392 0.9924168734505041 
39400 0.07608695652173914 0.9924053599389996 
39500 0.057065217391304345 0.9924003024689524 
39600 0.03804347826086957 0.9924054948107371 
39700 0.057065217391304345 0.9924094289597349 
39800 0.019021739130434784 0.9924186004721315 
39900 0.03804347826086957 0.9924286794599242 
40000 0.0 0.9924394553179648 
40100 0.057065217391304345 0.9924507873055318 
40200 0.07608695652173914 0.9924431362836529 
40300 0.03804347826086957 0.9924378831898658 
40400 0.03804347826086957 0.9924410636628667 
40500 0.057065217391304345 0.9924423497863176 
40600 0.057065217391304345 0.9924453697328081 
40700 0.057065217391304345 0.9924495098400531 
40800 0.07608695652173914 0.9924491673797424 
40900 0.03804347826086957 0.9924558026113957 
41000 0.03804347826086957 0.9924612787811113 
41100 0.057065217391304345 0.9924623647155523 
41200 0.03804347826086957 0.9924689855564924 
41300 0.03804347826086957 0.9924679421384681 
41400 0.09510869565217392 0.9924726797189314 
41500 0.057065217391304345 0.9924675728086175 
41600 0.057065217391304345 0.9924586365503337 
41700 0.057065217391304345 0.9924524148623274 
41800 0.07608695652173914 0.992448628231278 
41900 0.1331521739130435 0.9924233285913069 
42000 0.09510869565217392 0.9924087599363576 
42100 0.057065217391304345 0.9924045876221055 
42200 0.019021739130434784 0.9924151807653435 
42300 0.057065217391304345 0.9924237324022559 
42400 0.057065217391304345 0.9924226305163024 
42500 0.057065217391304345 0.9924189123938771 
42600 0.057065217391304345 0.9924113207181297 
42700 0.07608695652173914 0.9924065010187115 
42800 0.057065217391304345 0.9924010689510505 
42900 0.07608695652173914 0.9923981325052725 
43000 0.07608695652173914 0.9923864889896392 
43100 0.07608695652173914 0.9923767278677081 
43200 0.11413043478260869 0.9923602186141022 
43300 0.07608695652173914 0.992349621908521 
43400 0.057065217391304345 0.9923402636485034 
43500 0.09510869565217392 0.9923362581369943 
43600 0.07608695652173914 0.9923176871691216 
43700 0.057065217391304345 0.9923133785616288 
43800 0.07608695652173914 0.9923079108775559 
43900 0.09510869565217392 0.9922916359239118 
44000 0.057065217391304345 0.992282969359392 
44100 0.03804347826086957 0.992280996783076 
44200 0.03804347826086957 0.9922821685128115 
44300 0.03804347826086957 0.9922837643276283 
44400 0.057065217391304345 0.9922889638208305 
44500 0.07608695652173914 0.9922877893315538 
44600 0.057065217391304345 0.9922881432761792 
44700 0.09510869565217392 0.9922842403097684 
44800 0.03804347826086957 0.9922781105429518 
44900 0.07608695652173914 0.9922704345695796 
45000 0.03804347826086957 0.9922678650619359 
45100 0.019021739130434784 0.9922722960929238 
45200 0.03804347826086957 0.9922825389588341 
45300 0.057065217391304345 0.9922823591570586 
45400 0.057065217391304345 0.9922819407348813 
45500 0.057065217391304345 0.9922796130615381 
45600 0.057065217391304345 0.9922790833152972 
45700 0.03804347826086957 0.9922805180744785 
45800 0.057065217391304345 0.9922803446478765 
45900 0.057065217391304345 0.9922767383110911 
46000 0.019021739130434784 0.9922754514788431 
46100 0.057065217391304345 0.9922800057152396 
46200 0.07608695652173914 0.9922754236450745 
46300 0.03804347826086957 0.9922749109560034 
46400 0.03804347826086957 0.9922802567973141 
46500 0.09510869565217392 0.9922812552885726 
46600 0.07608695652173914 0.992268196334656 
46700 0.09510869565217392 0.9922533313223905 
46800 0.07608695652173914 0.9922433490365776 
46900 0.07608695652173914 0.9922365380176376 
47000 0.03804347826086957 0.9922282527753804 
47100 0.057065217391304345 0.9922273297068372 
47200 0.057065217391304345 0.9922284830921968 
47300 0.057065217391304345 0.9922288847648225 
47400 0.09510869565217392 0.9922234946428391 
47500 0.1331521739130435 0.9922096033676179 
47600 0.057065217391304345 0.9921988531479518 
47700 0.03804347826086957 0.9922012504523194 
47800 0.057065217391304345 0.9922015911982922 
47900 0.07608695652173914 0.9921981863862332 
48000 0.057065217391304345 0.9921940598157828 
48100 0.07608695652173914 0.9921894984556952 
48200 0.057065217391304345 0.9921826445960439 
48300 0.057065217391304345 0.992180207359106 
48400 0.057065217391304345 0.9921822155129745 
48500 0.057065217391304345 0.9921800133211058 
48600 0.057065217391304345 0.9921791620855895 
48700 0.03804347826086957 0.9921784817381663 
48800 0.03804347826086957 0.9921794189890977 
48900 0.07608695652173914 0.9921713501902246 
49000 0.03804347826086957 0.9921685271729148 
49100 0.03804347826086957 0.9921715820008978 
49200 0.03804347826086957 0.9921760051713335 
49300 0.03804347826086957 0.9921792529122347 
49400 0.07608695652173914 0.9921795171370409 
49500 0.03804347826086957 0.9921792313374433 
49600 0.07608695652173914 0.9921741256093188 
49700 0.07608695652173914 0.992169095101752 
49800 0.057065217391304345 0.9921630480617204 
49900 0.057065217391304345 0.9921592034837674 
