Created:December-14-2022 
Coverage:10 
N:20 
NUM-IONS:40 
NSTEPS:15000 
WRITE-PERIODICITY:100 
epsilon:1.71 
4  2 
3  -17 
-21  -1 
17  -1 
3  8 
8  -13 
-9  21 
19  6 
18  7 
25  13 
11  34 
-9  -9 
-9  -15 
10  -5 
-4  18 
25  20 
-2  10 
9  24 
0  53 
26  -19 
-20  18 
17  -4 
24  -5 
25  11 
21  10 
11  27 
34  16 
-5  25 
46  -2 
8  14 
14  32 
-6  -14 
-29  -11 
-18  16 
-6  0 
22  30 
21  0 
0  28 
7  1 
20  -5 
4  2 
0  -22 
-19  1 
16  -2 
4  5 
8  -9 
-14  22 
19  6 
19  4 
24  11 
13  33 
-4  -8 
-8  -16 
12  -5 
1  20 
29  19 
-5  8 
9  24 
-1  54 
27  -17 
-18  15 
13  -6 
24  -6 
27  11 
22  10 
13  27 
31  16 
-9  23 
46  -2 
9  16 
14  32 
-6  -16 
-30  -10 
-22  18 
-6  0 
24  37 
15  1 
-2  30 
12  1 
24  -5 
-2  10 
-3  -21 
-19  2 
16  -2 
3  7 
8  -9 
-8  24 
21  6 
20  3 
28  9 
12  27 
-1  -5 
-7  -13 
11  -1 
-2  17 
29  19 
-3  7 
9  24 
-1  52 
27  -17 
-18  18 
13  -6 
24  -3 
31  8 
20  8 
12  26 
29  14 
-9  23 
48  -2 
8  14 
16  37 
-6  -17 
-29  -11 
-20  18 
-6  -2 
19  34 
17  3 
-4  32 
9  -4 
20  -7 
2  7 
-6  -25 
-21  3 
16  -4 
-1  6 
9  -9 
-9  25 
22  8 
14  6 
27  9 
11  28 
-2  -5 
-6  -11 
11  -2 
1  20 
22  17 
-3  7 
8  21 
-1  52 
27  -17 
-18  18 
13  -7 
23  1 
26  8 
22  10 
12  24 
27  13 
-14  21 
49  -1 
4  11 
21  37 
-6  -17 
-29  -11 
-20  23 
-6  -2 
15  31 
15  9 
-4  28 
13  -6 
20  -7 
3  5 
-6  -24 
-23  3 
17  -9 
1  5 
5  -9 
-8  24 
26  8 
15  1 
20  9 
12  27 
4  -5 
-4  -11 
11  -4 
1  20 
24  14 
-5  9 
9  25 
-3  55 
26  -19 
-18  16 
13  -7 
23  3 
28  10 
28  7 
13  27 
29  14 
-14  22 
47  -4 
7  13 
26  38 
-5  -15 
-29  -11 
-21  23 
-6  -2 
18  30 
15  8 
-4  30 
13  -6 
15  -8 
3  8 
-9  -24 
-20  0 
22  -10 
1  3 
6  -12 
-6  23 
27  13 
12  4 
14  10 
15  25 
2  -9 
-9  -15 
11  -2 
0  23 
24  17 
-4  6 
6  21 
-4  58 
30  -18 
-16  14 
14  -4 
18  3 
29  11 
28  7 
11  29 
28  14 
-15  20 
46  -5 
9  14 
26  38 
-6  -14 
-28  -14 
-25  21 
-6  -2 
17  23 
14  9 
-4  30 
10  -4 
20  -7 
3  8 
-12  -27 
-19  0 
21  -10 
6  5 
2  -7 
-6  24 
30  14 
12  6 
16  17 
14  23 
3  -11 
-10  -14 
14  0 
-1  30 
24  15 
-2  5 
6  21 
-3  59 
32  -18 
-16  14 
20  0 
18  10 
25  12 
28  7 
9  29 
25  11 
-15  20 
44  -3 
7  13 
22  36 
-6  -14 
-30  -12 
-32  21 
-6  -2 
21  24 
13  7 
-1  24 
11  -6 
19  -4 
2  3 
-11  -26 
-20  0 
21  -10 
7  11 
0  -5 
-6  23 
29  16 
9  4 
21  20 
14  25 
6  -16 
-10  -14 
14  0 
1  26 
25  15 
-2  10 
6  21 
-1  58 
36  -18 
-16  14 
22  -4 
14  9 
29  11 
30  10 
7  27 
28  9 
-14  18 
44  -3 
5  11 
21  34 
-8  -14 
-27  -13 
-32  21 
-6  -2 
22  27 
11  5 
-1  26 
11  -6 
20  -7 
4  2 
-11  -29 
-20  2 
24  -9 
5  11 
1  -7 
-7  21 
32  15 
11  3 
20  18 
10  26 
2  -13 
-8  -16 
14  0 
-2  25 
22  18 
-5  9 
4  20 
-3  53 
36  -18 
-16  14 
22  -4 
17  14 
27  11 
31  9 
8  30 
27  14 
-11  20 
44  -3 
7  9 
20  35 
3  -17 
-30  -10 
-25  22 
-5  -1 
23  28 
11  7 
1  26 
11  -6 
21  -5 
4  2 
-16  -29 
-18  7 
25  -9 
5  13 
3  -12 
-10  22 
33  14 
16  6 
19  24 
10  26 
2  -11 
-9  -13 
14  3 
1  26 
22  19 
-3  10 
6  21 
2  51 
36  -18 
-16  15 
24  -3 
20  12 
21  10 
27  13 
11  28 
27  11 
-11  19 
46  -2 
9  11 
22  38 
-2  -16 
-32  -11 
-25  21 
0  -2 
24  25 
8  11 
5  26 
11  -6 
22  -5 
0  3 
-13  -30 
-12  10 
29  -9 
5  11 
2  -9 
-11  24 
33  14 
16  10 
19  18 
10  26 
-1  -16 
-9  -15 
14  0 
4  25 
25  26 
-2  10 
11  23 
-5  52 
36  -18 
-11  14 
24  -5 
22  7 
22  10 
24  16 
12  24 
26  10 
-13  21 
45  0 
1  7 
22  36 
1  -16 
-33  -9 
-25  21 
1  -3 
20  20 
8  9 
7  29 
11  -6 
24  -3 
2  -2 
-15  -29 
-11  -1 
28  -13 
4  11 
3  -12 
-9  23 
39  14 
18  10 
21  21 
4  28 
-1  -17 
-8  -16 
15  2 
4  22 
26  28 
-4  9 
10  22 
-5  49 
36  -18 
-9  14 
24  -6 
22  10 
23  7 
29  16 
11  25 
25  13 
-14  21 
47  -1 
1  4 
24  35 
2  -17 
-30  -11 
-25  21 
2  -4 
21  23 
7  10 
8  29 
9  -6 
28  -2 
1  -3 
-11  -29 
-11  -1 
28  -11 
1  9 
2  -10 
-11  21 
40  13 
14  16 
17  19 
5  27 
-3  -17 
-11  -16 
12  4 
5  22 
27  31 
-8  6 
6  25 
-4  50 
39  -17 
-11  13 
27  -4 
16  9 
21  8 
29  16 
14  29 
25  13 
-14  21 
44  -5 
2  5 
22  36 
4  -15 
-29  -11 
-25  21 
0  -5 
21  24 
7  13 
8  34 
8  -7 
27  -1 
1  -5 
-13  -29 
-8  1 
23  -15 
1  10 
10  -12 
-11  25 
33  13 
14  16 
20  18 
5  33 
0  -20 
-9  -11 
13  6 
4  22 
25  27 
-6  6 
5  22 
-1  54 
40  -17 
-9  16 
24  -5 
14  9 
21  13 
27  13 
18  30 
25  11 
-14  21 
44  -3 
2  6 
21  34 
3  -12 
-28  -13 
-26  20 
0  -5 
19  23 
10  14 
9  35 
3  -5 
25  0 
2  -2 
-14  -32 
-4  2 
23  -17 
1  9 
7  -9 
-11  24 
33  13 
14  16 
20  20 
8  30 
-1  -22 
-7  -13 
14  3 
7  23 
22  30 
-5  5 
4  22 
-4  50 
37  -14 
-11  14 
22  -4 
19  9 
20  13 
28  14 
19  34 
27  9 
-9  22 
43  -5 
2  7 
19  32 
3  -12 
-29  -11 
-26  20 
-6  -8 
18  23 
10  14 
7  33 
2  -5 
26  -2 
4  0 
-12  -33 
-6  6 
21  -14 
2  11 
7  -9 
-13  21 
31  14 
12  17 
20  18 
9  31 
-3  -23 
-8  -13 
12  6 
7  23 
25  31 
-8  5 
10  22 
-1  49 
40  -17 
-10  16 
24  -3 
21  10 
17  12 
26  8 
20  35 
23  8 
-5  21 
44  -5 
3  5 
21  37 
1  -16 
-32  -10 
-27  21 
-6  -11 
20  20 
10  15 
5  33 
-1  -8 
25  -1 
4  0 
-10  -32 
-9  7 
21  -13 
4  11 
5  -9 
-10  22 
31  14 
9  21 
19  19 
5  32 
-4  -30 
-12  -13 
11  8 
7  23 
27  31 
-8  4 
8  18 
-5  49 
40  -17 
-11  19 
21  -6 
22  10 
17  11 
29  11 
24  34 
25  8 
-5  21 
42  -4 
3  5 
22  38 
4  -16 
-31  -6 
-31  24 
-6  -11 
20  20 
6  10 
5  33 
0  -7 
24  -5 
4  -4 
-9  -35 
-6  6 
22  -10 
5  11 
2  -11 
-8  20 
31  14 
5  22 
18  17 
8  33 
-6  -31 
-11  -12 
12  6 
6  22 
29  34 
-6  0 
7  19 
-6  44 
40  -22 
-11  19 
20  -5 
22  5 
15  11 
28  11 
24  34 
25  6 
-7  21 
44  -5 
4  4 
24  40 
8  -12 
-36  -9 
-30  26 
-7  -13 
21  21 
1  9 
8  29 
0  -7 
22  -2 
2  -4 
-6  -36 
-5  9 
19  -8 
8  9 
-1  -14 
-8  17 
28  14 
3  20 
17  16 
7  36 
-4  -32 
-9  -13 
15  5 
6  21 
31  37 
-6  0 
8  18 
-5  41 
42  -22 
-11  19 
20  -5 
23  8 
18  14 
27  7 
27  34 
20  0 
-10  22 
44  -2 
-2  -2 
29  41 
8  -13 
-31  -9 
-30  26 
-6  -17 
19  23 
3  9 
5  33 
0  -7 
22  -1 
-2  -10 
-6  -34 
-4  10 
22  -9 
9  11 
-4  -14 
-7  14 
31  14 
6  18 
20  21 
9  34 
0  -31 
-9  -12 
14  3 
6  21 
32  37 
-4  -2 
8  19 
-3  43 
41  -20 
-11  19 
19  -8 
23  8 
14  16 
31  7 
26  34 
18  -2 
-11  23 
45  0 
0  -2 
30  42 
10  -10 
-36  -9 
-28  26 
-4  -18 
18  26 
1  10 
8  31 
2  -10 
20  -5 
-3  -17 
-1  -34 
-1  16 
22  -9 
8  7 
0  -7 
-5  11 
31  14 
6  19 
21  20 
8  34 
3  -35 
-6  -14 
16  2 
6  21 
34  38 
-3  -1 
4  20 
-7  41 
42  -15 
-10  22 
19  -7 
16  6 
13  14 
30  6 
27  33 
17  -4 
-12  21 
43  1 
-2  -3 
29  44 
7  -10 
-33  -6 
-28  24 
-6  -20 
20  23 
-4  18 
8  29 
-2  -10 
21  -3 
-7  -19 
-1  -36 
0  15 
16  -8 
6  8 
2  -4 
0  13 
31  13 
5  20 
19  13 
5  35 
1  -36 
-6  -17 
12  2 
10  22 
34  38 
-2  -10 
4  17 
-6  36 
43  -19 
-14  24 
19  -8 
21  10 
12  15 
31  5 
28  34 
17  -4 
-14  21 
46  2 
-3  -1 
29  44 
7  -4 
-31  -4 
-28  26 
-6  -20 
19  23 
-4  18 
5  31 
-9  -13 
24  -6 
-4  -18 
-3  -37 
4  15 
13  -7 
6  8 
2  -2 
-5  9 
31  14 
6  18 
19  12 
7  33 
0  -37 
-2  -15 
14  3 
8  22 
34  40 
-1  -14 
3  17 
-6  29 
41  -16 
-16  22 
19  -7 
22  5 
13  14 
31  8 
25  33 
17  -1 
-14  21 
41  0 
-2  -3 
24  37 
7  -4 
-31  -1 
-30  26 
-6  -22 
19  24 
-1  19 
8  29 
-9  -11 
22  -4 
-4  -18 
-4  -30 
7  16 
11  -9 
6  8 
0  -2 
-5  9 
31  14 
5  20 
20  15 
8  34 
-3  -37 
3  -18 
11  7 
10  22 
34  40 
-1  -14 
2  18 
-7  27 
43  -12 
-20  30 
17  -4 
22  5 
13  13 
29  5 
24  35 
22  -4 
-12  21 
40  1 
-3  -9 
24  37 
7  -7 
-31  -1 
-31  23 
-5  -26 
18  24 
1  20 
8  29 
-9  -11 
22  -10 
-8  -18 
-3  -29 
10  20 
11  -15 
5  11 
-1  -1 
-6  6 
28  14 
5  20 
20  14 
11  34 
-3  -37 
-2  -17 
8  7 
10  22 
34  43 
3  -11 
0  20 
-8  24 
40  -12 
-19  30 
19  -7 
22  7 
13  14 
29  4 
22  37 
26  -4 
-13  23 
39  3 
-4  -10 
24  37 
12  -14 
-31  -1 
-29  23 
-7  -27 
15  24 
1  20 
8  28 
-9  -13 
24  -9 
-8  -15 
-3  -29 
11  19 
8  -11 
7  11 
0  -2 
-9  5 
24  14 
5  20 
16  10 
11  38 
-1  -37 
-4  -14 
9  11 
10  26 
35  41 
-1  -8 
0  21 
-9  24 
42  -10 
-16  20 
25  -3 
22  7 
13  14 
29  4 
23  36 
28  -1 
-13  23 
40  3 
-3  -3 
22  38 
14  -14 
-31  -1 
-29  23 
-7  -27 
11  29 
-1  26 
6  28 
-5  -11 
31  -6 
-7  -13 
-4  -30 
11  17 
6  -15 
6  11 
-4  -3 
-8  4 
20  15 
4  15 
17  13 
14  38 
-1  -37 
-7  -14 
8  10 
4  31 
26  41 
1  -10 
0  20 
-10  22 
42  -13 
-16  17 
24  0 
22  8 
17  10 
29  4 
24  34 
25  0 
-18  25 
39  6 
-5  -6 
22  36 
11  -15 
-31  -1 
-29  23 
-7  -27 
14  32 
-2  30 
5  32 
-4  -11 
30  -6 
-9  -13 
-3  -28 
12  17 
3  -20 
9  11 
-3  -4 
-9  5 
22  16 
0  15 
20  13 
18  38 
1  -34 
-8  -16 
2  10 
4  31 
24  42 
2  -9 
0  18 
-11  24 
41  -12 
-16  16 
24  0 
21  9 
17  10 
25  2 
22  35 
26  -2 
-18  29 
39  3 
-7  -11 
24  37 
10  -14 
-32  -2 
-29  23 
-2  -23 
19  34 
0  23 
5  31 
-1  -11 
27  -1 
-9  -15 
-2  -30 
11  19 
0  -20 
10  10 
0  -5 
-9  7 
23  23 
-4  12 
22  15 
21  40 
2  -29 
-6  -17 
-4  10 
6  28 
29  49 
3  -12 
0  23 
-12  29 
41  -10 
-16  17 
24  0 
18  7 
17  19 
26  1 
22  39 
26  -2 
-13  29 
40  1 
-1  -11 
22  38 
9  -15 
-38  7 
-29  23 
-4  -22 
20  33 
-1  18 
4  31 
-1  -8 
25  0 
-12  -11 
-2  -33 
14  16 
0  -19 
7  10 
-3  -7 
-8  4 
23  23 
-2  10 
21  17 
20  40 
2  -29 
-6  -20 
-5  9 
6  28 
32  46 
2  -15 
-3  23 
-16  31 
45  -11 
-16  17 
25  0 
20  3 
21  14 
26  1 
22  38 
25  -2 
-11  31 
44  -5 
2  -13 
20  38 
9  -16 
-42  3 
-29  23 
-4  -22 
16  30 
-3  17 
5  32 
-1  -8 
25  -1 
-13  -9 
-9  -33 
12  17 
0  -27 
9  1 
-4  -10 
-8  6 
23  28 
-2  10 
22  18 
20  40 
-1  -26 
-4  -18 
-6  9 
3  29 
30  46 
2  -15 
1  20 
-16  31 
42  -10 
-16  15 
22  -4 
19  4 
17  15 
24  2 
24  40 
26  -2 
-12  27 
44  -6 
1  -10 
17  39 
10  -20 
-41  6 
-30  22 
-6  -20 
17  36 
-4  18 
7  33 
-3  -11 
19  -17 
-17  -13 
-5  -31 
11  16 
-3  -23 
6  1 
-3  -11 
-2  10 
21  24 
-6  6 
16  22 
22  43 
-1  -28 
-5  -18 
-6  9 
3  28 
30  46 
3  -15 
0  20 
-9  28 
42  -10 
-16  20 
21  -5 
20  3 
17  16 
24  2 
25  40 
26  -2 
-14  28 
48  -6 
-3  -17 
17  39 
9  -21 
-42  6 
-30  22 
-5  -19 
11  31 
-6  19 
4  31 
-3  -9 
19  -17 
-24  -10 
-6  -31 
14  20 
-4  -22 
8  2 
-6  -4 
4  11 
21  26 
-6  3 
15  21 
28  48 
-3  -23 
-4  -18 
-1  6 
2  30 
30  46 
3  -15 
0  18 
-9  27 
41  -10 
-16  20 
19  -6 
17  3 
19  18 
26  3 
27  39 
25  0 
-13  31 
51  -6 
0  -17 
17  36 
6  -22 
-40  0 
-26  21 
3  -19 
10  30 
-6  18 
5  36 
-5  -11 
20  -18 
-29  -14 
-4  -31 
12  22 
-5  -21 
8  2 
-10  -5 
8  9 
22  25 
-5  2 
14  20 
23  47 
0  -25 
-4  -18 
-3  8 
-1  29 
28  41 
4  -18 
-3  19 
-9  29 
41  -10 
-15  20 
20  -7 
17  3 
20  18 
27  3 
27  39 
24  -6 
-11  31 
48  -7 
-6  -17 
13  33 
6  -22 
-39  0 
-30  26 
3  -19 
14  29 
-6  18 
7  33 
-4  -14 
21  -16 
-30  -17 
-4  -32 
13  24 
-2  -21 
6  1 
-13  -7 
5  13 
22  25 
-5  1 
14  20 
23  48 
4  -24 
-4  -18 
-4  6 
-3  30 
29  44 
3  -19 
-3  16 
-10  28 
46  -12 
-16  17 
24  -5 
12  4 
20  18 
24  2 
30  42 
26  -4 
-12  30 
50  -5 
-6  -16 
13  33 
2  -24 
-41  3 
-29  27 
3  -15 
19  26 
-6  18 
11  31 
-1  -16 
21  -16 
-29  -17 
5  -34 
8  29 
-4  -22 
6  1 
-12  -2 
11  14 
23  25 
-6  0 
17  19 
22  45 
4  -23 
-3  -17 
-1  12 
-5  29 
29  43 
5  -20 
-3  16 
-11  24 
46  -12 
-19  17 
20  -5 
12  4 
19  23 
25  4 
33  41 
20  -7 
-13  32 
49  -6 
-9  -15 
12  35 
2  -24 
-41  4 
-32  27 
7  -14 
18  23 
-6  18 
11  31 
4  -17 
23  -12 
-29  -17 
6  -32 
4  31 
-3  -21 
7  1 
-13  -1 
7  13 
22  26 
-12  1 
21  20 
21  44 
4  -22 
-5  -19 
-4  12 
-4  30 
30  42 
4  -23 
-3  17 
-16  22 
42  -13 
-21  19 
22  -4 
14  6 
20  23 
22  5 
32  44 
20  -7 
-15  33 
48  -6 
-10  -14 
16  38 
4  -26 
-41  3 
-33  29 
8  -13 
19  24 
-9  18 
9  34 
-2  -13 
22  -10 
-29  -17 
7  -32 
7  31 
-5  -21 
9  3 
-12  -1 
9  19 
17  30 
-10  2 
18  23 
23  45 
4  -20 
-6  -19 
-7  13 
-4  30 
27  41 
0  -17 
2  18 
-14  21 
44  -9 
-20  22 
19  -2 
14  3 
15  21 
27  3 
31  45 
19  -8 
-15  33 
48  -7 
-11  -16 
17  32 
0  -25 
-39  10 
-38  30 
10  -10 
19  26 
-9  18 
7  34 
-1  -11 
22  -11 
-29  -17 
6  -36 
9  31 
-6  -22 
9  2 
-16  -3 
9  19 
15  28 
-11  4 
19  24 
21  44 
6  -22 
-11  -19 
-7  14 
2  27 
32  41 
0  -19 
0  15 
-14  21 
48  -11 
-16  22 
21  0 
14  3 
16  22 
27  3 
31  45 
20  -7 
-15  33 
47  -6 
-11  -15 
18  30 
3  -25 
-38  10 
-36  35 
13  -13 
18  26 
-10  14 
11  34 
6  -15 
21  -10 
-29  -17 
5  -34 
6  30 
-6  -22 
9  1 
-18  -4 
7  16 
14  29 
-6  3 
15  29 
23  45 
5  -20 
-18  -17 
-11  14 
5  30 
28  41 
4  -20 
0  15 
-16  22 
44  -9 
-14  22 
16  -2 
14  6 
15  21 
27  3 
30  46 
19  -4 
-15  33 
47  -7 
-11  -18 
21  29 
2  -22 
-42  14 
-39  35 
12  -15 
19  23 
-12  14 
11  33 
6  -19 
20  -12 
-30  -20 
0  -37 
9  31 
-9  -19 
9  4 
-14  -5 
2  19 
16  29 
-7  1 
18  30 
23  42 
3  -19 
-23  -17 
-13  13 
17  36 
27  41 
5  -20 
4  14 
-14  21 
45  -7 
-12  27 
14  0 
14  4 
16  22 
26  2 
32  46 
21  -5 
-18  31 
43  -5 
-8  -16 
11  29 
2  -24 
-41  12 
-40  38 
11  -13 
14  26 
-12  11 
9  36 
4  -18 
22  -10 
-30  -20 
-1  -36 
8  29 
-6  -17 
10  6 
-16  0 
-3  19 
15  31 
-7  1 
22  30 
19  43 
6  -16 
-21  -14 
-10  15 
22  31 
30  42 
6  -22 
0  18 
-17  23 
51  -11 
-12  27 
14  -2 
12  4 
16  22 
27  3 
33  47 
21  -9 
-18  27 
44  -5 
-8  -14 
10  28 
2  -24 
-40  13 
-39  42 
11  -13 
14  26 
-14  11 
11  41 
7  -13 
20  -14 
-31  -16 
1  -38 
6  24 
-6  -15 
10  -1 
-17  1 
3  25 
20  40 
-6  -2 
22  29 
19  43 
5  -18 
-24  -10 
-11  14 
23  28 
29  41 
6  -22 
1  20 
-16  15 
53  -7 
-12  27 
13  -6 
12  4 
17  23 
27  3 
28  49 
22  -10 
-19  25 
37  -8 
-9  -15 
12  27 
2  -24 
-39  9 
-36  34 
13  -13 
20  21 
-11  11 
10  40 
4  -23 
22  -13 
-30  -14 
-1  -34 
8  27 
-6  -17 
11  -3 
-16  0 
3  25 
21  40 
-6  -2 
26  28 
19  44 
6  -19 
-22  -10 
-12  14 
21  26 
29  39 
7  -24 
-1  23 
-21  13 
54  -11 
-14  30 
13  -6 
17  -1 
15  21 
28  2 
24  51 
25  -9 
-19  25 
39  -2 
-8  -16 
13  27 
2  -24 
-37  7 
-36  34 
14  -15 
18  23 
-13  13 
11  36 
4  -25 
23  -12 
-30  -14 
-2  -33 
6  22 
-3  -17 
11  -6 
-15  0 
1  29 
17  39 
-6  -4 
25  33 
20  43 
9  -17 
-22  -10 
-12  14 
21  25 
29  39 
8  -22 
-1  23 
-26  9 
57  -11 
-14  28 
13  -7 
21  0 
15  21 
29  5 
26  51 
22  -9 
-17  25 
36  -1 
-7  -18 
12  26 
4  -25 
-39  10 
-40  35 
11  -12 
23  23 
-12  7 
11  37 
4  -20 
22  -13 
-28  -16 
2  -35 
8  22 
-4  -14 
8  -6 
-16  -3 
2  23 
16  38 
-6  -4 
30  30 
19  43 
10  -18 
-18  -13 
-11  14 
21  24 
29  39 
4  -26 
0  23 
-21  6 
54  -11 
-20  28 
13  -7 
20  -2 
15  22 
29  3 
29  51 
21  -10 
-17  25 
35  -6 
-2  -21 
8  27 
3  -25 
-37  7 
-43  33 
11  -15 
20  20 
-15  13 
9  38 
5  -20 
22  -10 
-26  -15 
3  -35 
9  25 
-6  -17 
8  -6 
-16  -3 
-1  24 
14  36 
0  -7 
27  29 
20  40 
5  -18 
-19  -13 
-11  14 
21  22 
27  39 
0  -25 
1  20 
-21  6 
55  -11 
-18  27 
13  -6 
20  3 
19  23 
29  4 
28  49 
19  -10 
-18  23 
38  -13 
-3  -21 
7  31 
4  -26 
-35  6 
-42  25 
11  -17 
16  12 
-14  10 
11  41 
5  -20 
23  -12 
-26  -16 
-1  -36 
11  25 
-5  -19 
12  -3 
-17  -3 
-8  22 
17  34 
-3  -4 
27  26 
21  40 
7  -17 
-14  -10 
-9  19 
20  19 
26  38 
3  -25 
-3  19 
-19  10 
55  -11 
-18  27 
14  -4 
20  3 
18  25 
30  2 
24  51 
22  -9 
-17  23 
42  -10 
-3  -17 
6  28 
4  -26 
-37  5 
-46  29 
11  -17 
9  -1 
-19  9 
14  40 
4  -25 
22  -11 
-27  -13 
-8  -38 
12  26 
-2  -20 
11  -2 
-16  -3 
-10  20 
15  31 
1  -10 
26  24 
23  41 
7  -17 
-11  -9 
-9  17 
22  19 
26  38 
0  -25 
1  20 
-21  12 
56  -7 
-17  28 
14  -4 
20  3 
14  35 
30  2 
27  51 
22  -10 
-13  27 
37  -4 
-3  -17 
4  31 
7  -24 
-37  5 
-44  30 
9  -16 
8  -1 
-22  4 
14  40 
5  -25 
22  -9 
-30  -20 
-9  -33 
12  26 
0  -21 
11  -4 
-13  -7 
-7  21 
17  29 
0  -7 
24  25 
24  37 
7  -17 
-15  -9 
-9  14 
24  16 
26  38 
0  -25 
0  21 
-21  12 
53  -7 
-19  25 
16  -2 
21  0 
12  35 
29  4 
25  48 
21  -10 
-13  31 
40  -2 
-7  -15 
4  31 
9  -26 
-38  7 
-44  30 
9  -18 
8  2 
-19  4 
14  40 
1  -26 
23  -13 
-34  -19 
-6  -31 
8  21 
0  -18 
12  -3 
-13  -6 
-9  23 
15  29 
-1  -8 
21  30 
24  39 
6  -16 
-14  -9 
-11  14 
22  16 
26  38 
-4  -22 
-3  23 
-21  14 
62  -13 
-27  27 
17  -1 
21  -3 
13  33 
27  1 
26  45 
23  -12 
-12  29 
39  4 
-9  -13 
4  35 
11  -26 
-42  10 
-46  25 
9  -21 
10  2 
-18  3 
15  42 
0  -25 
21  -16 
-33  -17 
-6  -31 
12  24 
1  -15 
14  -2 
-13  -7 
-9  23 
16  30 
-1  -8 
22  30 
22  38 
6  -12 
-19  -10 
-9  11 
22  17 
26  38 
-2  -22 
3  28 
-22  17 
62  -9 
-29  28 
21  0 
25  0 
14  34 
30  2 
23  45 
28  -13 
-9  34 
41  4 
-11  -16 
5  35 
13  -27 
-42  10 
-46  21 
8  -19 
6  1 
-16  2 
16  42 
4  -25 
22  -13 
-36  -18 
-5  -31 
13  27 
1  -10 
12  -3 
-11  -6 
-8  24 
15  28 
1  -14 
19  29 
20  40 
10  -14 
-21  -10 
-9  14 
21  22 
20  34 
0  -22 
2  30 
-22  10 
63  -5 
-29  28 
16  -2 
24  0 
17  34 
34  3 
23  45 
26  -12 
-11  31 
42  5 
-11  -16 
7  33 
13  -26 
-47  13 
-46  20 
10  -18 
6  1 
-13  3 
19  46 
6  -21 
22  -9 
-35  -20 
-10  -30 
11  29 
2  -9 
11  -3 
-13  -7 
-6  26 
16  30 
0  -17 
22  30 
20  39 
7  -19 
-25  -12 
-12  14 
27  23 
19  32 
7  -24 
3  28 
-24  9 
64  -3 
-31  25 
20  -2 
21  6 
15  32 
31  0 
26  44 
24  -9 
-13  29 
41  10 
-12  -13 
9  34 
14  -24 
-47  14 
-46  20 
10  -18 
14  3 
-14  -2 
19  43 
2  -22 
21  0 
-36  -20 
-12  -33 
11  27 
0  -11 
11  -6 
-13  -6 
-8  24 
16  30 
3  -17 
21  31 
20  43 
4  -18 
-24  -13 
-13  11 
27  23 
19  32 
1  -26 
4  25 
-26  9 
64  -6 
-31  24 
20  0 
22  5 
17  39 
29  3 
22  47 
23  -15 
-12  29 
36  8 
-10  -14 
9  36 
14  -24 
-47  14 
-46  20 
12  -18 
11  5 
-15  -1 
21  40 
2  -21 
20  1 
-36  -23 
-14  -29 
12  26 
-6  -11 
12  -5 
-15  -10 
-10  28 
13  27 
5  -20 
23  28 
19  49 
6  -18 
-23  -17 
-12  9 
27  23 
21  35 
2  -24 
1  26 
-26  8 
62  -2 
-34  21 
20  0 
18  6 
17  39 
32  5 
22  50 
19  -16 
-11  21 
36  10 
-10  -14 
5  31 
17  -24 
-47  14 
-46  20 
12  -16 
11  5 
-14  -2 
20  43 
2  -23 
18  7 
-36  -26 
-13  -29 
11  27 
-3  -3 
8  -7 
-14  -10 
-9  29 
12  24 
5  -20 
20  29 
22  51 
4  -18 
-23  -17 
-15  11 
27  23 
20  33 
2  -24 
2  27 
-22  10 
64  0 
-32  27 
21  4 
19  4 
14  36 
33  7 
27  49 
19  -17 
-11  25 
37  5 
-10  -14 
13  37 
20  -20 
-47  14 
-40  18 
10  -15 
12  5 
-15  -1 
21  40 
6  -22 
14  9 
-38  -25 
-12  -26 
13  27 
-3  -4 
7  -6 
-15  -8 
-9  29 
10  26 
4  -26 
22  26 
21  51 
2  -17 
-23  -17 
-11  11 
25  26 
21  34 
0  -25 
2  30 
-22  10 
65  0 
-33  31 
22  5 
20  3 
17  35 
39  10 
23  48 
19  -14 
-10  22 
39  4 
-9  -15 
14  38 
27  -17 
-48  11 
-38  16 
5  -18 
14  4 
-16  -3 
15  39 
6  -22 
16  8 
-36  -26 
-9  -23 
12  27 
-3  -4 
11  -6 
-11  -4 
-12  27 
11  23 
4  -25 
22  30 
19  50 
3  -20 
-21  -17 
-13  13 
22  25 
19  32 
-3  -30 
-2  30 
-13  11 
70  2 
-35  31 
23  5 
21  0 
18  35 
35  8 
26  48 
20  -20 
-11  21 
39  6 
-6  -14 
14  38 
28  -19 
-43  12 
-31  19 
4  -18 
16  2 
-16  -4 
20  38 
6  -22 
22  7 
-39  -23 
-11  -26 
12  24 
-3  -1 
11  -6 
-12  -6 
-12  27 
11  23 
2  -24 
22  25 
27  51 
2  -22 
-23  -17 
-13  13 
18  25 
14  26 
-9  -33 
0  28 
-15  11 
66  1 
-29  29 
27  3 
20  -1 
22  33 
38  10 
26  48 
24  -18 
-12  21 
39  3 
-5  -15 
14  40 
30  -18 
-47  13 
-36  20 
-2  -23 
16  6 
-16  -6 
18  38 
5  -20 
22  10 
-41  -28 
-13  -29 
10  26 
-1  -6 
7  -6 
-13  -7 
-12  27 
10  22 
-3  -21 
21  25 
30  50 
4  -20 
-23  -17 
-14  13 
14  23 
15  29 
-9  -35 
1  26 
-11  11 
66  2 
-29  31 
27  3 
20  0 
18  30 
31  8 
26  48 
22  -15 
-14  21 
39  3 
-3  -9 
9  40 
29  -16 
-51  16 
-34  25 
-4  -22 
16  9 
-16  -3 
19  36 
4  -26 
22  10 
-40  -22 
-18  -33 
10  26 
0  -5 
11  -6 
-12  -6 
-13  31 
13  22 
-2  -24 
22  25 
28  50 
3  -20 
-18  -18 
-16  11 
14  23 
16  38 
-8  -34 
1  24 
-11  11 
58  7 
-27  34 
27  3 
21  0 
10  28 
33  7 
26  45 
26  -18 
-10  22 
39  3 
-2  -10 
5  31 
29  -15 
-51  16 
-32  27 
-3  -21 
14  9 
-16  -3 
19  32 
4  -26 
22  11 
-38  -23 
-18  -33 
9  25 
2  -4 
13  -6 
-12  -6 
-18  31 
15  22 
-3  -24 
21  24 
28  51 
5  -20 
-23  -17 
-12  7 
14  26 
16  38 
-7  -33 
-6  23 
-16  8 
59  6 
-27  33 
27  3 
20  0 
11  29 
31  7 
23  45 
28  -19 
-11  24 
39  3 
3  -12 
6  28 
30  -14 
-52  15 
-32  29 
-1  -19 
17  12 
-16  -6 
20  28 
1  -25 
21  9 
-38  -24 
-18  -31 
11  25 
1  0 
11  -6 
-11  -4 
-17  28 
12  22 
-3  -27 
18  26 
31  47 
4  -20 
-18  -17 
-12  9 
14  24 
17  39 
-9  -32 
-6  23 
-18  11 
52  4 
-27  33 
29  5 
16  -2 
11  29 
33  6 
22  47 
24  -18 
-10  22 
41  7 
-4  -10 
5  31 
30  -14 
-52  14 
-32  27 
0  -17 
17  3 
-16  -5 
23  31 
0  -25 
18  -1 
-34  -22 
-19  -30 
12  24 
2  5 
12  -3 
-11  -1 
-17  28 
14  18 
-6  -24 
19  27 
34  43 
4  -23 
-16  -20 
-11  13 
16  22 
19  39 
-6  -34 
-9  25 
-13  11 
51  7 
-27  33 
31  3 
14  -11 
8  29 
32  6 
19  56 
26  -18 
-11  23 
41  4 
-1  -10 
6  33 
29  -15 
-52  14 
-32  27 
-1  -17 
20  3 
-15  -3 
25  31 
4  -26 
14  4 
-34  -22 
-21  -36 
12  24 
5  6 
11  -3 
-10  4 
-11  31 
14  18 
-6  -24 
12  26 
32  45 
5  -25 
-15  -21 
-16  15 
17  23 
20  43 
-9  -35 
-14  31 
-15  10 
46  10 
-27  33 
34  3 
17  -11 
8  27 
31  9 
20  53 
24  -18 
-14  21 
42  7 
1  -16 
5  31 
29  -16 
-53  13 
-33  34 
-2  -14 
22  5 
-18  -4 
22  28 
-2  -30 
14  6 
-30  -18 
-21  -34 
14  23 
4  11 
12  -5 
-10  6 
-11  31 
14  18 
-6  -20 
12  24 
38  46 
2  -22 
-15  -20 
-16  15 
23  27 
20  44 
-9  -33 
-13  34 
-15  12 
47  13 
-27  34 
29  -1 
13  -13 
10  30 
25  11 
17  56 
24  -18 
-13  21 
44  -1 
0  -20 
5  33 
26  -19 
-53  10 
-31  34 
-5  -18 
23  5 
-25  -8 
18  30 
-6  -32 
14  6 
-31  -16 
-22  -34 
14  20 
2  10 
12  -3 
-10  10 
-11  31 
14  18 
-7  -19 
14  26 
35  49 
1  -23 
-23  -23 
-20  18 
20  33 
22  47 
-9  -31 
-16  35 
-15  13 
50  15 
-27  34 
29  -1 
14  -11 
8  29 
27  11 
20  61 
24  -18 
-14  24 
44  -6 
1  -19 
5  35 
31  -17 
-55  10 
-32  33 
-5  -19 
21  4 
-27  -7 
17  31 
-1  -33 
12  4 
-28  -19 
-20  -38 
14  20 
0  8 
15  -1 
-11  11 
-15  33 
14  19 
-6  -18 
12  27 
40  53 
2  -22 
-24  -22 
-19  20 
19  32 
21  42 
-8  -34 
-20  34 
-12  10 
52  15 
-27  33 
29  -1 
14  -15 
8  27 
24  11 
17  59 
23  -19 
-13  23 
44  -6 
-1  -17 
7  33 
26  -19 
-52  14 
-29  34 
-4  -18 
12  8 
-27  -6 
14  28 
-1  -36 
11  5 
-25  -19 
-20  -40 
14  20 
2  11 
12  -3 
-15  13 
-14  30 
14  18 
-6  -17 
8  31 
39  52 
4  -23 
-19  -20 
-21  23 
17  36 
19  38 
-8  -34 
-22  30 
-16  11 
47  13 
-26  36 
28  2 
14  -16 
8  27 
31  8 
23  61 
22  -15 
-13  23 
42  -4 
-1  -14 
5  31 
30  -18 
-51  11 
-32  34 
-6  -18 
7  11 
-27  -6 
16  26 
-2  -35 
11  5 
-25  -19 
-22  -40 
14  20 
2  8 
13  1 
-15  13 
-18  31 
14  18 
-6  -17 
2  27 
39  52 
4  -25 
-23  -21 
-20  23 
14  36 
21  40 
-10  -34 
-26  26 
-16  17 
50  14 
-29  36 
29  3 
11  -13 
8  29 
32  5 
25  60 
21  -16 
-16  22 
39  -2 
-1  -7 
5  30 
29  -16 
-50  9 
-29  34 
-3  -17 
8  14 
-27  -6 
15  29 
-2  -37 
11  5 
-22  -17 
-20  -40 
12  22 
2  8 
15  1 
-13  11 
-16  34 
14  18 
-6  -17 
-1  26 
39  52 
0  -27 
-23  -21 
-20  22 
14  36 
23  42 
-10  -34 
-26  26 
-20  15 
47  13 
-35  30 
29  5 
12  -14 
11  27 
32  4 
25  60 
19  -17 
-11  24 
39  -2 
-3  -4 
6  30 
30  -18 
-50  10 
-32  32 
-2  -15 
9  13 
-30  -5 
20  29 
0  -39 
11  5 
-19  -13 
-22  -42 
10  22 
2  11 
14  3 
-13  11 
-16  34 
14  18 
-9  -19 
3  28 
39  54 
-4  -25 
-20  -20 
-17  27 
17  36 
20  41 
-9  -35 
-26  20 
-20  15 
50  14 
-34  27 
29  4 
13  -19 
12  27 
33  6 
24  60 
19  -16 
-16  22 
41  -5 
2  -2 
11  31 
25  -21 
-48  6 
-36  31 
0  -17 
11  14 
-33  -7 
23  25 
1  -36 
11  7 
-10  -14 
-23  -41 
10  22 
-4  10 
13  1 
-15  10 
-16  34 
16  18 
-8  -16 
2  27 
35  54 
0  -21 
-18  -24 
-18  31 
16  32 
20  40 
-9  -35 
-31  19 
-20  13 
47  13 
-34  28 
28  1 
6  -15 
7  28 
34  3 
19  64 
19  -17 
-16  22 
40  -2 
2  -2 
13  33 
24  -20 
-47  7 
-39  29 
3  -19 
9  14 
-33  -6 
22  25 
0  -37 
15  9 
-9  -11 
-27  -47 
9  23 
-5  9 
14  0 
-16  11 
-13  36 
17  19 
-8  -14 
-1  29 
34  54 
-2  -23 
-19  -25 
-19  30 
22  31 
16  42 
-9  -37 
-31  19 
-16  15 
45  13 
-36  29 
29  4 
6  -15 
13  27 
26  1 
20  59 
19  -17 
-16  25 
40  -2 
2  -4 
20  33 
26  -22 
-45  8 
-42  26 
4  -20 
9  14 
-33  -7 
21  28 
1  -40 
14  8 
-10  -14 
-23  -46 
10  22 
-5  9 
15  -1 
-16  11 
-12  34 
14  18 
-9  -15 
2  25 
33  53 
-1  -24 
-19  -23 
-18  30 
20  28 
15  41 
-10  -35 
-31  19 
-15  15 
45  13 
-37  28 
31  3 
7  -17 
12  27 
24  2 
17  56 
19  -17 
-19  24 
40  -2 
2  -5 
20  33 
24  -20 
-46  12 
-38  27 
2  -17 
11  14 
-32  -11 
22  31 
-4  -42 
16  10 
-9  -11 
-27  -46 
8  22 
-3  3 
14  0 
-11  11 
-13  33 
18  19 
-8  -14 
5  22 
32  54 
-2  -22 
-18  -22 
-18  31 
15  28 
16  42 
-10  -32 
-34  21 
-20  15 
47  11 
-42  30 
31  5 
7  -17 
12  24 
27  6 
17  52 
20  -16 
-21  32 
40  -2 
4  -5 
18  34 
25  -22 
-43  9 
-37  25 
5  -13 
9  14 
-29  -13 
25  30 
-4  -42 
16  10 
-9  -11 
-27  -47 
11  21 
-2  7 
14  0 
-15  13 
-11  34 
19  23 
-6  -14 
4  22 
33  54 
-3  -21 
-19  -22 
-18  30 
16  22 
14  42 
-8  -33 
-34  24 
-21  15 
47  14 
-46  28 
31  5 
7  -17 
12  24 
28  7 
15  49 
19  -18 
-20  33 
36  -10 
11  -6 
12  37 
26  -22 
-46  9 
-38  25 
2  -12 
5  11 
-34  -12 
29  25 
-4  -42 
14  16 
-5  -11 
-26  -49 
9  21 
2  3 
14  3 
-14  14 
-10  35 
20  22 
-7  -19 
4  22 
34  56 
-2  -23 
-18  -25 
-14  28 
16  22 
21  40 
-9  -33 
-35  26 
-20  15 
49  14 
-45  28 
30  6 
7  -17 
11  29 
25  4 
15  54 
18  -22 
-17  36 
38  -10 
10  0 
11  36 
28  -22 
-46  9 
-41  23 
6  -16 
5  11 
-33  -8 
31  23 
-6  -40 
17  14 
-4  -10 
-29  -46 
13  24 
1  4 
16  6 
-16  15 
-11  36 
22  16 
-9  -24 
6  21 
33  53 
-2  -23 
-16  -23 
-14  28 
16  22 
23  43 
-13  -30 
-37  25 
-20  13 
47  13 
-43  23 
30  6 
4  -18 
10  30 
27  1 
12  53 
18  -26 
-16  34 
34  -11 
8  -2 
13  37 
31  -21 
-41  10 
-41  23 
0  -22 
5  13 
-33  -6 
31  23 
-5  -41 
15  9 
-7  -13 
-27  -46 
10  26 
1  0 
18  10 
-16  14 
-11  35 
20  13 
-8  -25 
8  18 
36  56 
0  -25 
-14  -22 
-14  28 
15  21 
19  43 
-13  -29 
-37  25 
-21  13 
48  14 
-43  23 
29  2 
6  -19 
12  24 
30  2 
13  53 
19  -28 
-15  35 
35  -11 
9  -1 
11  39 
31  -24 
-40  9 
-38  25 
-3  -21 
2  10 
-33  -6 
31  23 
-3  -44 
17  11 
-5  -6 
-28  -45 
10  20 
1  0 
15  8 
-20  15 
-14  36 
22  9 
-9  -26 
8  18 
40  58 
-6  -24 
-15  -21 
-13  30 
15  22 
19  44 
-15  -27 
-38  26 
-21  13 
46  13 
-43  23 
31  -2 
7  -19 
12  24 
24  0 
15  52 
19  -28 
-18  38 
35  -11 
9  -1 
12  37 
29  -24 
-42  6 
-43  25 
-4  -22 
2  10 
-32  -6 
31  23 
2  -44 
13  7 
-1  -8 
-28  -46 
9  24 
0  2 
14  12 
-20  15 
-19  36 
22  9 
-13  -26 
9  22 
34  60 
-6  -24 
-15  -20 
-16  31 
15  21 
14  48 
-15  -29 
-38  27 
-20  18 
48  14 
-39  22 
32  -3 
10  -18 
12  24 
26  1 
21  50 
21  -36 
-18  38 
38  -6 
8  -1 
13  37 
24  -26 
-40  3 
-43  23 
-4  -22 
8  11 
-33  -7 
31  23 
-3  -43 
12  5 
-1  -7 
-31  -46 
10  26 
-3  -4 
22  10 
-24  10 
-20  33 
28  9 
-16  -29 
7  21 
35  61 
-7  -27 
-17  -19 
-14  28 
14  25 
17  49 
-17  -32 
-39  24 
-22  14 
45  11 
-39  22 
31  -9 
11  -17 
11  25 
26  1 
34  49 
23  -35 
-19  37 
34  -4 
9  -1 
7  33 
24  -24 
-42  4 
-40  23 
-2  -21 
8  12 
-36  -6 
29  24 
-3  -41 
8  7 
0  -7 
-29  -42 
10  26 
0  -2 
17  13 
-28  6 
-21  33 
28  8 
-10  -26 
11  23 
36  62 
-7  -27 
-16  -18 
-14  28 
21  25 
17  50 
-9  -31 
-39  24 
-23  14 
43  7 
-42  17 
36  -7 
8  -22 
10  28 
27  3 
34  49 
23  -32 
-16  35 
34  -4 
6  -5 
11  34 
24  -26 
-42  4 
-41  30 
4  -20 
8  9 
-40  -5 
30  22 
-3  -45 
8  7 
2  -9 
-26  -40 
10  26 
-2  -1 
14  12 
-32  7 
-20  35 
28  10 
-12  -27 
9  24 
35  61 
-9  -29 
-16  -25 
-20  29 
24  25 
18  48 
-4  -30 
-35  31 
-22  10 
42  5 
-43  19 
33  -6 
9  -21 
8  29 
24  2 
34  46 
22  -30 
-16  34 
34  -4 
10  -6 
11  34 
24  -24 
-39  0 
-43  30 
6  -22 
4  11 
-41  -8 
27  23 
-3  -44 
7  11 
4  -9 
-25  -41 
12  25 
-1  -1 
18  10 
-32  14 
-20  35 
29  11 
-11  -26 
6  21 
35  62 
-4  -27 
-15  -25 
-18  31 
25  24 
18  56 
-10  -32 
-32  29 
-21  12 
41  9 
-40  18 
32  -5 
9  -21 
10  26 
25  2 
35  49 
20  -31 
-16  34 
34  -4 
9  -4 
11  34 
25  -20 
-40  0 
-46  29 
6  -22 
7  12 
-40  -7 
27  23 
-4  -51 
9  12 
2  -10 
-26  -42 
14  28 
1  0 
17  15 
-36  17 
-16  35 
26  8 
-13  -27 
9  21 
35  62 
-8  -30 
-18  -23 
-17  27 
30  22 
18  57 
-10  -32 
-35  31 
-21  12 
42  16 
-41  19 
31  -9 
7  -19 
9  25 
24  2 
38  50 
19  -36 
-16  34 
34  -4 
9  -4 
11  34 
25  -20 
-40  3 
-45  28 
4  -20 
9  11 
-40  -5 
27  23 
-7  -53 
8  13 
2  -9 
-24  -42 
14  29 
0  2 
18  18 
-36  15 
-14  36 
27  7 
-8  -25 
7  23 
35  61 
-6  -26 
-18  -24 
-22  25 
30  22 
19  64 
-8  -34 
-35  31 
-22  14 
42  18 
-40  20 
35  -9 
-1  -14 
9  24 
17  3 
41  50 
14  -37 
-16  34 
32  -3 
14  -4 
11  34 
27  -21 
-41  3 
-44  30 
6  -22 
8  8 
-40  -5 
26  22 
-5  -51 
7  11 
2  -10 
-20  -39 
16  30 
0  -2 
20  19 
-40  15 
-13  39 
29  11 
-7  -27 
7  23 
35  61 
-3  -24 
-20  -27 
-25  31 
31  19 
17  63 
-8  -36 
-33  33 
-23  19 
41  17 
-37  21 
37  -8 
3  -12 
8  27 
20  3 
42  51 
14  -34 
-15  40 
29  -1 
14  -4 
9  34 
31  -23 
-41  3 
-40  29 
6  -22 
11  9 
-36  -5 
27  26 
-6  -51 
7  7 
0  -11 
-20  -41 
22  25 
-6  -8 
20  18 
-38  15 
-11  39 
29  14 
-7  -26 
9  24 
35  61 
-3  -21 
-20  -27 
-26  25 
33  23 
19  64 
-6  -34 
-32  33 
-27  21 
42  16 
-35  24 
39  -7 
5  -9 
6  28 
21  0 
39  52 
14  -37 
-16  42 
31  1 
12  -10 
13  36 
31  -22 
-37  5 
-35  33 
6  -22 
12  6 
-36  -6 
21  30 
-8  -56 
8  11 
3  -12 
-20  -37 
21  24 
-6  -4 
15  21 
-38  11 
-9  38 
30  15 
-7  -26 
8  22 
35  66 
-2  -22 
-20  -27 
-30  22 
31  17 
19  63 
-5  -31 
-31  34 
-30  26 
42  18 
-34  24 
40  -5 
4  -9 
5  30 
17  -1 
34  49 
14  -40 
-13  43 
28  1 
19  -11 
8  38 
27  -24 
-38  7 
-33  34 
6  -22 
14  6 
-36  -3 
26  32 
-9  -51 
8  9 
1  -16 
-23  -44 
20  28 
-6  -4 
15  21 
-33  9 
-9  41 
29  13 
-7  -26 
6  21 
38  70 
0  -19 
-20  -27 
-31  20 
32  15 
19  66 
-4  -30 
-35  31 
-26  23 
42  18 
-37  25 
41  -3 
2  -9 
7  34 
17  -1 
40  50 
14  -40 
-13  43 
24  2 
17  -5 
9  38 
25  -27 
-38  7 
-29  34 
5  -20 
12  4 
-36  -3 
24  31 
-9  -53 
8  10 
2  -17 
-23  -48 
16  28 
-7  -6 
12  21 
-32  7 
-9  43 
28  13 
-7  -27 
6  22 
39  63 
-3  -17 
-23  -30 
-32  22 
26  13 
21  60 
-4  -30 
-31  34 
-26  28 
44  20 
-37  28 
42  -2 
1  -10 
6  28 
19  -8 
40  43 
14  -40 
-13  43 
26  4 
17  -1 
5  35 
24  -29 
-45  8 
-32  31 
6  -22 
7  -1 
-36  -4 
25  31 
-6  -54 
7  11 
3  -17 
-26  -48 
19  26 
-8  -5 
13  21 
-30  6 
-10  42 
29  13 
-7  -27 
9  23 
38  64 
0  -17 
-22  -30 
-31  19 
22  15 
20  55 
0  -27 
-29  34 
-29  27 
44  22 
-37  25 
42  -4 
2  -10 
8  31 
16  -8 
37  43 
14  -37 
-14  48 
26  5 
18  -3 
9  34 
28  -32 
-44  10 
-32  34 
6  -22 
8  -2 
-38  -2 
27  34 
-6  -54 
8  12 
9  -18 
-25  -48 
24  25 
-8  -5 
9  31 
-30  6 
-7  41 
29  14 
-7  -26 
10  22 
39  69 
-2  -23 
-24  -30 
-31  19 
20  15 
19  52 
0  -27 
-29  34 
-28  24 
49  21 
-34  24 
44  -6 
1  -10 
4  31 
17  -4 
44  60 
11  -37 
-14  48 
22  3 
18  -1 
8  29 
21  -36 
-45  9 
-32  34 
6  -22 
6  -4 
-35  0 
25  31 
-8  -58 
8  8 
10  -14 
-19  -40 
21  24 
-6  -4 
11  27 
-29  3 
-6  43 
28  13 
-8  -25 
10  22 
42  65 
-3  -21 
-28  -34 
-31  19 
17  16 
19  53 
1  -25 
-27  33 
-28  24 
44  24 
-32  27 
44  -5 
5  -9 
1  30 
17  -5 
45  60 
11  -35 
-14  48 
26  5 
18  -3 
11  29 
19  -41 
-43  10 
-33  33 
8  -19 
4  -9 
-31  -2 
29  31 
-14  -59 
7  11 
9  -15 
-19  -40 
20  23 
-6  -4 
11  27 
-29  3 
-5  42 
25  13 
-7  -28 
6  21 
43  68 
-5  -19 
-25  -35 
-35  20 
16  15 
17  55 
-2  -27 
-27  33 
-29  25 
44  22 
-34  28 
44  -5 
0  -7 
1  30 
20  -5 
43  61 
10  -34 
-11  54 
23  7 
14  -5 
10  30 
22  -42 
-40  8 
-33  31 
9  -19 
2  -9 
-30  0 
27  30 
-14  -62 
8  7 
9  -16 
-20  -40 
19  24 
0  -7 
13  27 
-29  3 
-10  40 
25  11 
-7  -27 
10  14 
44  62 
-3  -17 
-29  -33 
-36  20 
23  9 
11  49 
0  -22 
-24  33 
-26  26 
48  21 
-33  29 
44  -3 
-3  -3 
8  29 
26  -4 
40  63 
10  -34 
-13  54 
23  5 
17  -6 
9  31 
21  -43 
-41  10 
-32  31 
5  -20 
1  -10 
-30  2 
25  33 
-18  -64 
6  8 
