Created:December-14-2022 
Coverage:20 
N:20 
NUM-IONS:80 
NSTEPS:15000 
WRITE-PERIODICITY:100 
epsilon:1.71 
-16  -10 
6  21 
7  5 
31  5 
0  23 
26  -7 
46  3 
-10  18 
39  27 
-11  0 
26  18 
-21  -16 
-2  19 
56  22 
-11  14 
15  4 
26  20 
1  29 
26  17 
5  -1 
25  7 
4  43 
21  7 
20  20 
9  18 
-16  33 
8  28 
9  46 
-5  29 
-7  -25 
-23  -9 
-11  13 
18  29 
11  13 
-25  -27 
-15  46 
-17  30 
-2  11 
4  20 
-10  -6 
1  4 
13  10 
-22  0 
-17  36 
5  12 
-7  20 
-2  3 
-4  -12 
-29  -4 
-13  13 
20  -15 
-12  5 
-6  37 
2  15 
20  -9 
-12  4 
38  4 
16  10 
-1  -10 
10  21 
22  -12 
-12  -1 
10  11 
7  12 
27  37 
10  17 
-8  6 
-17  -2 
17  44 
7  7 
41  20 
-14  -11 
50  24 
13  4 
-3  28 
-16  35 
7  22 
15  -15 
25  28 
-5  -5 
-14  -7 
4  23 
8  5 
29  6 
-3  22 
28  -4 
46  3 
-9  19 
41  27 
-7  -2 
26  17 
-21  -13 
1  18 
60  23 
-11  14 
15  2 
26  21 
3  32 
27  15 
8  -3 
29  9 
6  42 
27  10 
20  19 
11  12 
-18  31 
7  25 
4  45 
-4  28 
-9  -27 
-19  -6 
-13  13 
21  31 
10  12 
-21  -30 
-15  42 
-20  31 
-5  13 
6  18 
-10  -6 
-3  6 
16  10 
-23  -2 
-17  36 
11  10 
-8  20 
-1  3 
-3  -16 
-26  -3 
-13  19 
16  -18 
-12  3 
-2  38 
-2  14 
19  -9 
-13  3 
39  5 
21  16 
0  -11 
13  20 
21  -11 
-16  0 
12  11 
6  14 
29  40 
11  18 
-8  6 
-17  -2 
18  42 
9  13 
44  15 
-15  -12 
49  22 
15  7 
4  30 
-16  33 
4  26 
13  -16 
26  28 
-5  -8 
-12  -12 
6  23 
8  5 
31  5 
-5  22 
27  -3 
47  -4 
-7  21 
40  27 
-8  0 
29  18 
-21  -13 
1  14 
61  16 
-9  13 
15  6 
20  19 
6  31 
26  14 
8  -4 
24  10 
2  37 
23  11 
17  18 
11  16 
-18  31 
6  25 
6  49 
-3  28 
-2  -24 
-20  -6 
-13  13 
20  31 
9  11 
-21  -30 
-17  44 
-22  29 
-5  14 
4  25 
-10  -6 
-3  6 
19  13 
-25  -5 
-19  39 
10  11 
-7  23 
-4  8 
0  -17 
-26  -3 
-17  23 
17  -16 
-11  2 
-2  43 
0  12 
16  -10 
-18  4 
37  2 
20  13 
-2  -10 
16  22 
22  -11 
-16  1 
15  11 
6  18 
30  37 
12  26 
-7  6 
-17  -2 
18  40 
5  12 
44  15 
-12  -9 
49  20 
18  4 
3  32 
-16  33 
4  26 
10  -16 
25  26 
-2  -7 
-14  -8 
7  22 
7  5 
29  6 
-5  24 
24  -8 
47  -3 
-2  18 
39  25 
-8  0 
30  18 
-21  -13 
4  15 
57  14 
-10  11 
15  6 
21  16 
3  29 
27  16 
8  -3 
23  12 
3  38 
28  13 
12  21 
10  16 
-14  33 
6  23 
11  50 
-4  22 
-2  -20 
-22  -7 
-11  13 
22  28 
11  5 
-19  -31 
-16  43 
-15  35 
-2  12 
5  28 
-10  -5 
-2  7 
20  10 
-28  -6 
-20  40 
9  10 
-7  23 
-8  8 
3  -17 
-26  -5 
-22  24 
15  -13 
-10  2 
-5  45 
-8  5 
20  -9 
-21  4 
41  -1 
22  15 
-3  -13 
13  20 
17  -14 
-15  3 
15  13 
9  18 
30  37 
12  23 
-5  3 
-18  2 
20  39 
6  14 
43  16 
-12  -9 
45  22 
14  0 
11  34 
-15  32 
4  26 
13  -16 
26  25 
-3  -7 
-14  -7 
4  21 
7  5 
29  6 
-2  24 
24  -7 
48  -4 
0  15 
39  24 
-7  1 
30  18 
-23  -17 
6  12 
57  11 
-10  11 
12  8 
19  7 
3  30 
27  17 
6  -5 
22  9 
1  39 
28  8 
14  17 
10  15 
-10  32 
2  26 
13  46 
-4  28 
-3  -22 
-19  -5 
-11  14 
20  28 
10  4 
-20  -33 
-16  46 
-17  36 
1  17 
5  32 
-10  -4 
-3  8 
16  10 
-29  -8 
-20  40 
11  9 
-7  23 
-11  10 
-2  -17 
-23  -7 
-20  24 
15  -13 
-10  1 
-3  44 
-8  6 
18  -11 
-24  5 
45  0 
21  13 
-5  -14 
15  20 
21  -13 
-14  2 
15  11 
9  20 
30  37 
11  25 
-3  6 
-21  2 
23  38 
9  13 
44  15 
-13  -7 
51  24 
15  -1 
11  33 
-13  30 
3  27 
13  -16 
25  25 
-6  -5 
-13  -8 
1  20 
7  -1 
30  1 
-1  24 
31  -8 
47  -3 
-2  12 
40  23 
-6  5 
24  21 
-22  -18 
6  12 
60  11 
-14  8 
8  8 
16  5 
8  31 
27  18 
4  -5 
19  11 
1  39 
29  10 
12  14 
10  18 
-13  33 
4  26 
12  48 
-1  30 
-1  -22 
-25  -7 
-9  16 
17  26 
8  4 
-18  -32 
-12  43 
-17  36 
2  15 
4  30 
-10  -4 
-5  6 
18  14 
-29  -7 
-20  42 
11  5 
-5  21 
-19  10 
1  -13 
-25  -5 
-13  26 
19  -14 
-7  0 
-3  44 
-11  9 
14  -10 
-21  5 
49  -1 
21  14 
-4  -18 
13  19 
20  -16 
-8  3 
15  11 
9  20 
28  39 
14  29 
-5  4 
-19  4 
23  38 
9  14 
39  7 
-11  -7 
53  23 
16  3 
10  34 
-13  30 
6  25 
13  -16 
23  32 
-6  -3 
-13  -7 
3  18 
5  2 
33  0 
-6  20 
32  -9 
46  -6 
0  11 
39  24 
-12  5 
20  20 
-23  -16 
6  17 
59  9 
-15  8 
7  10 
19  7 
3  30 
30  18 
4  -5 
23  16 
-2  38 
28  11 
11  12 
11  18 
-11  33 
6  28 
14  52 
-3  26 
-2  -27 
-28  -5 
-6  16 
16  28 
8  8 
-14  -28 
-13  37 
-14  38 
7  21 
0  30 
-14  -5 
-4  10 
15  16 
-30  -6 
-17  41 
11  8 
-8  21 
-23  8 
1  -13 
-25  -5 
-13  25 
19  -15 
-9  -1 
-7  43 
-12  13 
15  -11 
-22  4 
50  -3 
21  15 
-5  -16 
14  17 
18  -17 
-15  5 
19  10 
9  20 
26  41 
14  30 
-4  2 
-20  4 
27  43 
9  14 
36  5 
-9  -10 
51  22 
17  2 
8  37 
-14  33 
4  23 
15  -21 
24  30 
-10  -5 
-14  -8 
5  22 
10  4 
35  2 
-3  19 
32  -9 
44  -5 
3  18 
39  24 
-12  5 
19  19 
-23  -18 
8  23 
63  7 
-13  8 
10  7 
20  11 
3  30 
30  17 
-1  -10 
23  16 
0  39 
28  11 
8  9 
10  18 
-12  28 
9  29 
7  53 
-3  24 
1  -26 
-31  -8 
-9  12 
17  26 
12  8 
-13  -30 
-14  37 
-13  37 
4  24 
3  32 
-12  -4 
-7  13 
15  13 
-31  -7 
-19  37 
12  9 
-6  20 
-26  10 
-1  -15 
-28  1 
-14  27 
18  -16 
-13  2 
0  43 
-14  14 
22  -9 
-25  4 
52  -4 
24  14 
-4  -22 
10  16 
21  -16 
-22  6 
19  9 
6  21 
28  44 
14  29 
-7  4 
-16  1 
29  39 
10  11 
35  7 
-11  -10 
53  27 
17  8 
8  37 
-14  33 
3  26 
10  -19 
24  30 
-10  -6 
-13  -10 
5  22 
10  4 
35  7 
-2  20 
30  -9 
44  -5 
3  18 
39  25 
-13  5 
21  19 
-24  -17 
6  23 
64  6 
-14  2 
9  6 
18  10 
-1  29 
30  16 
0  -9 
23  16 
3  40 
35  8 
5  8 
10  18 
-14  29 
7  26 
8  49 
-4  25 
1  -24 
-39  -11 
-7  20 
15  26 
11  10 
-17  -34 
-14  37 
-12  36 
4  23 
3  30 
-14  -5 
-5  11 
17  12 
-32  -9 
-18  37 
13  10 
-7  21 
-28  8 
-4  -19 
-28  0 
-18  24 
18  -18 
-12  -1 
1  44 
-15  12 
25  -13 
-22  4 
54  -4 
24  14 
-3  -18 
10  17 
20  -20 
-28  6 
17  10 
6  14 
24  45 
17  28 
-7  4 
-14  1 
26  38 
9  10 
36  10 
-12  -12 
53  23 
19  7 
7  37 
-14  33 
2  26 
12  -19 
24  33 
-10  -5 
-17  -8 
8  24 
10  6 
39  5 
-3  19 
29  -7 
44  -5 
1  15 
36  23 
-5  3 
20  18 
-21  -16 
5  25 
67  2 
-20  0 
13  4 
21  7 
0  29 
34  15 
0  -9 
23  16 
3  38 
38  4 
5  8 
13  20 
-14  27 
8  25 
7  50 
-3  27 
-3  -22 
-38  -11 
-6  20 
16  28 
17  12 
-16  -30 
-13  39 
-12  36 
4  23 
3  30 
-14  -6 
-5  13 
21  13 
-34  -7 
-21  37 
14  10 
-7  21 
-31  6 
-5  -21 
-28  1 
-16  21 
20  -17 
-14  3 
-2  43 
-9  5 
25  -13 
-21  6 
56  -9 
28  17 
0  -18 
10  16 
21  -24 
-28  8 
16  10 
6  12 
27  46 
15  26 
-5  4 
-14  2 
29  40 
9  10 
39  10 
-12  -12 
53  23 
19  7 
7  37 
-13  32 
3  26 
12  -20 
22  35 
-11  -6 
-8  -12 
9  22 
9  11 
38  3 
1  19 
26  -8 
49  -10 
1  14 
35  27 
-5  4 
16  18 
-21  -14 
4  26 
67  6 
-20  -1 
13  0 
20  3 
1  29 
34  15 
3  -9 
23  16 
3  38 
38  2 
6  8 
15  16 
-12  25 
10  27 
8  51 
-5  26 
-2  -20 
-35  -14 
-8  20 
19  27 
16  13 
-12  -31 
-14  38 
-13  36 
4  23 
5  32 
-16  -7 
-2  9 
15  11 
-34  -6 
-25  35 
12  11 
-6  20 
-31  6 
-3  -20 
-27  1 
-16  20 
23  -16 
-12  1 
-4  43 
-7  6 
25  -13 
-21  9 
54  -11 
28  16 
-3  -17 
10  18 
23  -23 
-23  6 
18  10 
9  14 
28  43 
15  28 
-8  5 
-11  -1 
29  40 
3  10 
39  10 
-14  -9 
57  25 
17  4 
7  37 
-12  28 
4  30 
11  -22 
19  38 
-11  -8 
-11  -17 
10  24 
6  9 
35  1 
-3  18 
28  -9 
47  -10 
2  15 
35  27 
-6  5 
17  20 
-22  -17 
2  26 
67  5 
-20  -7 
13  -2 
21  4 
0  31 
30  16 
5  -8 
18  13 
3  38 
37  2 
7  8 
15  14 
-14  19 
13  23 
6  53 
-5  24 
-10  -17 
-36  -15 
-7  21 
15  26 
9  6 
-13  -27 
-16  43 
-13  37 
0  19 
6  32 
-16  -5 
-4  10 
16  8 
-34  -3 
-26  35 
12  12 
-7  20 
-29  7 
-2  -20 
-26  0 
-19  20 
22  -16 
-12  5 
-4  42 
-8  8 
23  -16 
-16  14 
57  -12 
30  14 
-5  -18 
10  17 
21  -21 
-25  5 
16  9 
14  16 
25  40 
19  25 
-9  5 
-12  1 
29  40 
4  10 
38  15 
-16  -7 
59  27 
18  4 
6  34 
-12  28 
2  31 
9  -22 
19  39 
-8  -4 
-14  -17 
10  24 
7  9 
41  -1 
-2  18 
29  -9 
46  -10 
3  16 
36  26 
-7  4 
18  20 
-19  -13 
-1  22 
65  5 
-18  -5 
12  0 
19  5 
-2  29 
29  12 
3  -8 
19  10 
3  38 
37  4 
5  7 
9  10 
-11  20 
12  28 
11  52 
-5  20 
-11  -17 
-38  -14 
-7  21 
17  26 
9  6 
-14  -28 
-12  45 
-13  37 
7  22 
8  33 
-16  -8 
-4  10 
16  8 
-33  -5 
-26  37 
12  11 
-7  20 
-30  12 
-3  -22 
-30  3 
-20  9 
20  -20 
-9  5 
-2  47 
-6  10 
22  -16 
-19  16 
61  -11 
32  15 
-5  -13 
10  18 
20  -21 
-25  4 
15  11 
15  13 
24  43 
17  22 
-7  3 
-16  1 
32  41 
3  10 
41  17 
-16  -5 
57  19 
18  3 
5  32 
-11  29 
4  30 
11  -22 
14  40 
-5  -5 
-16  -19 
10  24 
8  11 
42  -3 
1  18 
37  -12 
46  -7 
3  16 
36  25 
-7  3 
18  20 
-21  -10 
-6  21 
64  3 
-16  -5 
13  -2 
21  7 
0  31 
31  13 
7  -10 
22  11 
0  43 
35  4 
5  5 
11  12 
-12  21 
12  28 
10  50 
-2  18 
-16  -16 
-37  -14 
-7  20 
19  25 
8  5 
-13  -27 
-12  43 
-17  34 
3  18 
6  32 
-16  -7 
-6  12 
19  6 
-33  -4 
-26  35 
12  12 
-6  20 
-30  14 
-4  -22 
-31  3 
-24  10 
26  -22 
-9  5 
-4  46 
-8  5 
28  -12 
-18  15 
55  -9 
30  16 
-5  -13 
10  11 
18  -21 
-28  1 
15  13 
15  15 
22  44 
16  22 
-9  1 
-12  -4 
33  41 
-2  9 
41  19 
-14  -6 
60  19 
17  6 
4  25 
-17  27 
3  30 
9  -26 
19  44 
-5  0 
-17  -22 
11  25 
11  10 
40  -1 
2  15 
37  -12 
44  -14 
3  16 
38  23 
-5  4 
18  18 
-18  -9 
-7  23 
64  3 
-15  -6 
15  0 
18  12 
-2  30 
35  11 
7  -11 
23  10 
2  44 
37  2 
7  8 
15  13 
-11  20 
16  28 
9  49 
-1  15 
-14  -17 
-35  -13 
-7  19 
15  27 
7  5 
-12  -32 
-10  38 
-16  35 
4  20 
0  35 
-15  -8 
-2  13 
20  3 
-33  -3 
-25  35 
12  11 
-4  22 
-34  11 
-9  -27 
-31  5 
-22  9 
25  -18 
-12  3 
-1  47 
-7  4 
28  -9 
-20  20 
56  -10 
27  13 
-8  -12 
11  12 
20  -22 
-28  1 
14  10 
14  17 
24  45 
19  24 
-10  -4 
-14  -2 
33  41 
0  11 
39  18 
-14  -6 
61  19 
16  5 
9  26 
-15  28 
4  29 
10  -29 
18  42 
-3  -2 
-14  -17 
13  26 
12  8 
38  0 
-2  14 
36  -15 
39  -16 
2  15 
38  23 
-6  5 
15  15 
-20  -9 
-4  26 
66  2 
-16  -7 
13  0 
13  19 
-1  31 
35  11 
8  -9 
24  9 
4  43 
36  2 
9  11 
14  12 
-13  18 
21  34 
12  51 
-3  17 
-14  -20 
-35  -12 
-8  21 
15  26 
3  6 
-15  -34 
-8  40 
-16  35 
7  23 
4  34 
-16  -10 
0  12 
17  4 
-33  -3 
-27  38 
11  12 
-5  24 
-34  12 
-11  -26 
-33  5 
-24  10 
27  -21 
-11  5 
-1  50 
-8  3 
29  -11 
-20  20 
57  -9 
28  17 
-6  -10 
15  13 
21  -25 
-30  1 
17  8 
12  16 
23  47 
20  23 
-10  -2 
-11  0 
34  41 
-3  7 
39  17 
-17  -8 
61  19 
18  4 
9  26 
-12  28 
2  29 
2  -29 
19  47 
-3  -2 
-18  -14 
13  23 
12  8 
35  0 
-3  10 
35  -14 
38  -16 
1  15 
38  23 
-6  5 
15  15 
-19  -7 
-5  24 
69  0 
-16  -5 
13  0 
12  21 
-1  30 
35  8 
9  -10 
29  6 
4  46 
40  3 
6  10 
16  10 
-11  13 
18  33 
12  51 
-8  14 
-13  -21 
-36  -15 
-8  20 
16  28 
3  6 
-15  -32 
-10  38 
-13  37 
8  23 
3  36 
-17  -9 
-1  15 
19  2 
-32  -1 
-29  36 
14  17 
-5  27 
-33  13 
-15  -33 
-34  5 
-24  13 
25  -16 
-13  5 
-1  53 
-7  4 
28  -15 
-19  19 
50  -8 
28  16 
-6  -10 
15  11 
22  -19 
-27  1 
17  8 
14  15 
22  44 
17  24 
-16  -8 
-15  0 
36  42 
-1  5 
38  18 
-16  -7 
60  19 
24  3 
13  25 
-11  32 
3  30 
1  -31 
19  44 
-3  -2 
-18  -14 
12  29 
15  7 
30  -5 
1  14 
37  -13 
36  -18 
0  15 
37  23 
-3  5 
12  20 
-20  -9 
-3  18 
70  -3 
-16  -6 
10  -4 
14  20 
2  29 
34  10 
9  -8 
29  7 
3  44 
39  5 
6  12 
17  9 
-9  12 
16  30 
10  52 
-6  17 
-17  -22 
-36  -17 
-7  18 
17  28 
-1  9 
-13  -30 
-11  39 
-14  34 
4  26 
2  35 
-17  -14 
1  13 
26  0 
-30  -2 
-27  36 
14  15 
-5  26 
-33  17 
-6  -31 
-32  5 
-25  12 
26  -9 
-12  3 
-1  55 
-7  3 
25  -17 
-19  17 
49  -6 
26  17 
-4  -12 
21  10 
20  -16 
-28  1 
19  11 
18  15 
17  50 
17  24 
-13  -5 
-16  1 
38  46 
-1  7 
38  20 
-17  -4 
61  19 
26  1 
13  24 
-16  29 
3  30 
-1  -30 
19  46 
-2  -2 
-17  -14 
12  28 
15  1 
35  -5 
-2  10 
35  -7 
39  -16 
-5  11 
38  22 
-3  6 
12  20 
-16  -5 
-7  20 
68  3 
-18  -9 
10  -2 
13  21 
3  30 
37  9 
9  -9 
28  5 
-1  45 
35  7 
7  13 
16  6 
-5  12 
17  31 
11  53 
0  11 
-14  -22 
-38  -16 
-10  17 
15  26 
-1  10 
-17  -29 
-13  45 
-14  34 
5  25 
6  32 
-18  -14 
1  24 
28  4 
-27  -4 
-30  36 
14  17 
-3  24 
-31  19 
-6  -30 
-33  8 
-24  13 
27  -8 
-4  3 
1  53 
0  3 
26  -17 
-23  18 
49  -6 
29  20 
-9  -12 
22  8 
19  -14 
-28  1 
25  6 
20  4 
16  50 
19  27 
-13  -4 
-14  -3 
36  45 
-3  7 
34  20 
-17  -4 
60  19 
30  6 
13  24 
-15  27 
4  30 
1  -31 
16  42 
-1  -3 
-17  -14 
8  28 
17  3 
30  -2 
-2  7 
34  -8 
38  -16 
-3  12 
45  27 
0  10 
13  21 
-14  -6 
-5  24 
68  3 
-19  -5 
13  -4 
12  20 
4  30 
36  8 
11  -8 
26  1 
1  47 
33  8 
9  10 
17  8 
-8  8 
19  30 
14  55 
-1  7 
-12  -20 
-33  -14 
-6  16 
15  26 
-4  10 
-15  -28 
-13  45 
-9  28 
8  29 
0  31 
-16  -15 
0  23 
31  5 
-21  -1 
-32  33 
14  17 
-3  24 
-33  19 
-6  -30 
-30  11 
-22  18 
26  -7 
-4  5 
-3  51 
-1  4 
24  -14 
-22  20 
47  -7 
29  13 
-14  -9 
22  9 
20  -21 
-28  1 
26  12 
22  4 
17  50 
19  25 
-16  -7 
-16  -5 
33  44 
-4  6 
33  20 
-18  -5 
61  18 
30  4 
13  23 
-15  28 
9  26 
-2  -31 
15  42 
4  1 
-17  -14 
4  26 
17  2 
29  -1 
-5  3 
32  -9 
35  -18 
-2  13 
46  32 
2  11 
13  21 
-19  -5 
-2  18 
68  3 
-26  -8 
16  -7 
9  23 
3  32 
36  9 
10  -4 
25  0 
1  47 
31  6 
6  8 
14  9 
-9  9 
20  31 
18  54 
-2  7 
-11  -20 
-33  -15 
-9  18 
13  28 
-3  9 
-13  -27 
-14  43 
-10  21 
8  28 
4  33 
-15  -14 
0  27 
32  8 
-23  -2 
-30  34 
15  15 
-4  23 
-34  17 
-4  -32 
-31  10 
-18  20 
25  -13 
0  5 
-5  51 
-1  7 
24  -10 
-22  24 
49  -6 
30  11 
-12  -9 
21  9 
20  -17 
-28  1 
29  13 
24  4 
17  52 
17  28 
-19  -4 
-13  -5 
32  43 
-3  6 
35  20 
-25  -7 
63  20 
30  4 
10  23 
-13  28 
5  23 
-4  -30 
17  44 
4  3 
-18  -14 
5  26 
15  3 
27  -2 
-5  4 
31  -8 
37  -18 
-1  18 
46  27 
3  10 
13  20 
-19  -6 
-3  18 
70  -2 
-25  -9 
19  -10 
8  24 
0  38 
29  9 
10  -3 
20  0 
1  47 
27  5 
4  10 
10  9 
-12  11 
20  32 
17  50 
-5  7 
-11  -20 
-32  -15 
-7  21 
14  30 
0  10 
-14  -22 
-14  37 
-8  20 
6  30 
3  36 
-17  -14 
0  24 
30  4 
-19  -1 
-31  34 
15  15 
-2  24 
-30  16 
-1  -33 
-30  14 
-20  19 
29  -8 
-4  3 
-3  51 
0  2 
32  -9 
-19  24 
49  -7 
29  6 
-12  -7 
24  13 
20  -19 
-25  2 
26  13 
22  4 
18  52 
16  22 
-21  -3 
-12  -3 
31  41 
-1  4 
38  18 
-25  -7 
56  18 
37  8 
11  23 
-15  27 
4  21 
-4  -30 
13  44 
7  3 
-18  -14 
5  20 
17  8 
26  -1 
-5  6 
31  -7 
36  -22 
2  20 
44  25 
3  10 
17  22 
-22  -7 
-2  18 
75  -1 
-25  -9 
26  -9 
12  23 
-1  37 
30  11 
10  -4 
22  -3 
-1  50 
22  4 
4  10 
9  10 
-14  13 
18  30 
17  58 
-5  7 
-11  -20 
-32  -15 
-8  21 
14  29 
0  10 
-13  -14 
-10  37 
-7  21 
11  32 
1  38 
-17  -14 
0  23 
30  4 
-19  -7 
-30  34 
14  17 
-5  23 
-30  15 
1  -33 
-28  14 
-20  20 
26  -8 
-7  -2 
0  54 
-2  4 
34  -8 
-21  25 
49  -7 
29  6 
-12  -4 
27  11 
15  -16 
-24  5 
26  15 
23  4 
16  50 
16  21 
-22  -1 
-13  -3 
33  43 
0  4 
38  20 
-23  -14 
59  18 
39  7 
11  25 
-12  23 
4  23 
-3  -31 
13  44 
7  2 
-16  -14 
4  23 
15  8 
26  -5 
-5  7 
30  -3 
37  -17 
1  19 
48  25 
3  10 
14  20 
-24  -7 
-3  18 
80  0 
-25  -6 
26  -7 
8  23 
-7  36 
31  12 
11  -2 
24  -7 
0  51 
22  4 
0  3 
10  11 
-14  14 
20  33 
19  59 
-5  6 
-11  -20 
-34  -21 
-6  17 
9  30 
3  12 
-13  -15 
-9  39 
-8  21 
12  34 
1  38 
-16  -11 
-3  26 
30  4 
-19  -6 
-29  33 
14  15 
-3  24 
-31  13 
0  -33 
-30  16 
-17  21 
25  -13 
-8  0 
3  56 
-4  5 
35  -8 
-22  24 
44  -12 
32  6 
-11  -9 
27  13 
13  -17 
-22  3 
27  17 
24  5 
23  51 
18  18 
-19  0 
-17  -2 
31  45 
-6  5 
38  20 
-20  -14 
62  15 
39  11 
12  25 
-13  22 
5  26 
-2  -33 
10  46 
8  -1 
-17  -13 
9  19 
16  8 
28  -12 
-5  7 
26  -6 
37  -18 
-2  18 
47  19 
3  12 
13  18 
-25  -9 
-2  20 
79  5 
-22  -7 
26  -11 
6  23 
-1  27 
30  12 
13  0 
32  -12 
-5  53 
23  4 
-2  2 
8  13 
-14  13 
21  34 
22  57 
-9  7 
-11  -20 
-35  -20 
-8  15 
6  28 
5  8 
-16  -15 
-7  41 
-8  21 
11  34 
0  40 
-17  -10 
-3  28 
30  6 
-19  -7 
-28  31 
15  15 
-2  23 
-31  13 
1  -33 
-30  16 
-18  26 
26  -8 
-4  -2 
1  55 
-7  4 
34  -9 
-22  24 
49  -10 
32  6 
-13  -7 
30  18 
18  -13 
-23  3 
27  17 
25  7 
20  51 
21  19 
-21  4 
-17  -2 
29  46 
-3  4 
37  18 
-18  -16 
62  15 
34  10 
11  25 
-10  24 
4  33 
-5  -34 
9  47 
7  -2 
-18  -16 
4  18 
16  8 
26  -6 
-4  3 
24  -5 
36  -18 
-3  18 
47  17 
3  10 
12  20 
-24  -10 
-6  20 
78  3 
-25  -7 
29  -7 
6  23 
-2  22 
21  11 
13  0 
35  -11 
-3  51 
26  12 
-3  2 
5  12 
-16  13 
20  42 
20  59 
-5  7 
-14  -23 
-32  -15 
-8  11 
5  27 
8  11 
-11  -9 
-7  41 
-8  21 
10  34 
-2  38 
-19  -11 
1  34 
30  11 
-19  -10 
-28  28 
14  17 
-3  23 
-28  15 
-1  -35 
-30  15 
-17  24 
26  -7 
-1  7 
0  50 
-9  5 
32  -11 
-22  24 
52  -8 
34  10 
-17  -4 
32  19 
19  -18 
-25  0 
29  20 
25  8 
19  50 
14  16 
-20  3 
-17  -2 
29  42 
-2  7 
38  20 
-19  -16 
62  15 
38  12 
13  26 
-7  24 
0  31 
-3  -41 
9  50 
7  -4 
-13  -15 
3  18 
15  4 
28  -4 
-7  4 
22  -5 
39  -15 
0  19 
50  17 
1  9 
13  21 
-27  0 
-6  20 
77  6 
-26  -7 
30  -4 
9  23 
-1  24 
23  11 
17  -2 
35  -14 
1  54 
30  11 
-2  4 
3  12 
-13  13 
21  44 
20  60 
-5  5 
-14  -23 
-35  -17 
-5  13 
4  26 
10  12 
-9  -8 
-8  40 
-10  18 
9  33 
-2  40 
-20  -9 
-2  32 
23  10 
-23  -13 
-30  24 
14  17 
-5  27 
-23  19 
-4  -32 
-30  14 
-21  27 
27  -10 
-2  10 
-4  50 
-8  3 
32  -11 
-19  27 
52  -9 
29  11 
-16  -5 
29  14 
21  -21 
-24  3 
25  20 
24  14 
17  50 
14  16 
-23  4 
-21  -2 
28  45 
-3  8 
38  18 
-13  -18 
60  14 
37  12 
14  30 
-7  23 
-1  30 
-5  -45 
8  48 
8  -1 
-11  -14 
3  20 
16  5 
26  -6 
-7  4 
20  -5 
37  -18 
0  20 
50  16 
-1  10 
13  19 
-27  1 
-5  15 
77  4 
-25  -7 
30  -2 
8  25 
-1  24 
23  12 
14  -5 
35  -18 
-2  52 
28  8 
0  4 
3  10 
-6  10 
29  40 
20  59 
-3  -2 
-12  -24 
-38  -14 
-4  10 
3  26 
4  11 
-11  -6 
-8  41 
-8  20 
9  33 
-2  40 
-25  -14 
-3  34 
24  6 
-20  -17 
-30  24 
19  18 
-3  28 
-19  14 
-11  -31 
-30  15 
-22  22 
31  -8 
1  7 
-1  51 
-16  3 
29  -9 
-23  27 
55  -6 
32  11 
-17  -9 
34  17 
16  -22 
-25  4 
19  15 
28  13 
15  47 
10  14 
-18  4 
-19  0 
30  41 
-3  6 
38  18 
-22  -17 
58  16 
40  11 
16  26 
-7  23 
4  28 
-2  -46 
7  52 
12  -1 
-5  -14 
9  20 
17  4 
29  -2 
-7  4 
22  -5 
39  -14 
0  20 
50  15 
0  11 
13  21 
-27  0 
-10  14 
78  3 
-26  -5 
30  -3 
8  23 
-3  27 
29  13 
13  -5 
36  -17 
-5  54 
30  6 
0  3 
3  10 
-6  10 
30  43 
22  57 
-2  0 
-13  -23 
-38  -14 
-4  9 
7  20 
9  14 
-13  -7 
-13  43 
-6  20 
1  30 
-1  39 
-31  -14 
-5  33 
27  5 
-20  -22 
-30  24 
21  18 
-3  28 
-17  20 
-10  -28 
-34  12 
-21  27 
35  -9 
-5  4 
-1  50 
-15  5 
26  -13 
-26  29 
56  -5 
32  11 
-17  -8 
34  17 
17  -20 
-28  8 
17  13 
24  13 
10  50 
5  8 
-19  4 
-20  -6 
32  40 
-3  6 
38  18 
-20  -10 
61  16 
42  8 
16  25 
-7  23 
8  31 
-3  -49 
11  53 
12  1 
-3  -14 
9  20 
15  4 
30  -2 
-7  4 
22  -5 
39  -13 
0  20 
50  16 
-1  10 
13  18 
-26  0 
-9  15 
80  1 
-26  -3 
30  -3 
8  23 
-3  34 
26  14 
13  -5 
36  -19 
-6  56 
34  10 
-5  3 
3  10 
-5  13 
32  43 
18  54 
-5  1 
-13  -23 
-36  -15 
-10  6 
3  24 
10  14 
-14  -5 
-15  47 
-8  21 
3  31 
4  34 
-31  -14 
-3  33 
27  5 
-19  -27 
-30  24 
20  23 
-7  26 
-19  19 
-9  -32 
-36  13 
-23  22 
35  -9 
-2  2 
3  52 
-12  8 
28  -11 
-28  28 
54  -5 
32  14 
-15  -8 
32  16 
18  -22 
-31  14 
17  8 
24  15 
7  49 
4  10 
-18  4 
-20  -9 
33  39 
-4  5 
37  18 
-11  -10 
58  13 
40  19 
18  24 
-12  25 
12  31 
-4  -50 
8  51 
13  1 
-1  -16 
7  16 
14  0 
30  -2 
-3  6 
24  -5 
38  -13 
2  20 
50  16 
-3  7 
10  15 
-26  -3 
-10  14 
82  4 
-20  -9 
30  -3 
8  25 
-5  33 
26  13 
13  -2 
36  -15 
-5  55 
34  10 
-4  3 
4  10 
-1  10 
35  46 
16  48 
-7  0 
-13  -23 
-32  -12 
-11  6 
5  23 
9  13 
-12  -7 
-13  46 
-8  19 
3  30 
6  34 
-31  -17 
-2  32 
22  6 
-20  -25 
-30  26 
19  25 
-8  25 
-20  19 
-7  -33 
-36  14 
-25  22 
35  -8 
-1  -5 
3  51 
-11  8 
22  -12 
-27  30 
52  -3 
32  14 
-14  -13 
32  11 
16  -23 
-30  11 
22  9 
23  16 
5  47 
8  11 
-26  5 
-16  -11 
32  41 
-8  8 
39  18 
-6  -12 
54  15 
41  19 
18  23 
-13  25 
11  33 
-3  -50 
11  52 
15  -1 
-4  -17 
9  20 
13  0 
30  -3 
-2  4 
27  -4 
37  -14 
8  23 
51  13 
-5  8 
10  14 
-30  -2 
-6  15 
79  7 
-23  -9 
30  -4 
7  26 
-8  32 
29  8 
12  1 
35  -16 
-5  51 
32  9 
-10  4 
4  9 
-5  7 
36  45 
17  45 
-5  0 
-13  -23 
-34  -10 
-12  8 
2  24 
10  15 
-11  -6 
-12  49 
-8  20 
3  30 
4  33 
-31  -18 
1  29 
24  6 
-19  -24 
-31  26 
19  25 
-9  25 
-22  13 
-8  -35 
-34  15 
-23  19 
33  -10 
4  -5 
9  53 
-12  11 
22  -14 
-28  28 
51  -1 
30  12 
-17  -14 
27  13 
15  -21 
-34  13 
21  7 
23  16 
9  45 
5  8 
-25  3 
-15  -8 
33  36 
-6  9 
40  20 
-4  -14 
55  15 
41  19 
16  22 
-16  25 
14  36 
-4  -50 
11  48 
17  4 
-2  -20 
10  18 
13  1 
27  -3 
-5  5 
28  -3 
35  -16 
4  23 
50  14 
-7  10 
7  13 
-29  -2 
-7  20 
77  8 
-22  -11 
29  0 
4  24 
-9  32 
32  8 
12  1 
33  -17 
-4  53 
34  10 
-10  1 
4  10 
-4  10 
33  48 
17  42 
-5  -1 
-17  -26 
-36  -14 
-12  8 
3  24 
14  17 
-10  -4 
-9  50 
-8  20 
3  30 
6  30 
-34  -22 
-5  31 
26  12 
-19  -27 
-31  26 
18  27 
-12  25 
-21  10 
-10  -35 
-33  16 
-24  18 
35  -14 
4  -7 
8  51 
-14  7 
22  -14 
-25  27 
54  0 
32  11 
-17  -14 
26  13 
18  -18 
-34  14 
21  7 
22  15 
7  46 
8  4 
-20  4 
-17  -8 
29  30 
-7  6 
35  20 
-3  -15 
55  13 
41  19 
19  27 
-21  25 
14  35 
-4  -52 
12  50 
18  3 
-2  -20 
20  14 
12  1 
25  -5 
-3  8 
27  -4 
39  -13 
5  20 
51  12 
-3  4 
7  13 
-30  -5 
-7  16 
76  8 
-22  -13 
30  -3 
9  20 
-12  29 
32  8 
12  0 
33  -16 
-1  55 
34  10 
-7  3 
-1  11 
-5  6 
34  49 
16  42 
-3  -2 
-16  -26 
-35  -15 
-9  8 
7  26 
16  13 
-11  -7 
-12  51 
-6  20 
4  30 
9  30 
-32  -21 
-5  31 
30  11 
-20  -29 
-33  30 
15  27 
-15  27 
-23  9 
-9  -35 
-33  17 
-22  18 
35  -16 
6  -8 
11  53 
-12  3 
22  -14 
-28  26 
55  -1 
34  12 
-18  -12 
26  13 
20  -17 
-36  15 
21  7 
21  14 
7  45 
6  1 
-14  5 
-18  -9 
29  31 
-8  4 
33  20 
-3  -18 
55  13 
41  18 
18  23 
-20  19 
10  36 
-3  -53 
7  52 
14  5 
1  -21 
20  14 
15  1 
27  -3 
-11  10 
27  -7 
37  -12 
5  22 
52  11 
-3  6 
4  12 
-31  -6 
-6  16 
78  13 
-26  -16 
30  -3 
6  17 
-12  28 
34  8 
13  1 
33  -17 
0  53 
35  15 
-3  3 
-3  11 
-3  5 
31  50 
16  44 
-2  0 
-15  -28 
-36  -17 
-9  7 
10  24 
19  11 
-14  -7 
-9  52 
-6  17 
3  30 
12  28 
-33  -19 
-5  33 
29  13 
-19  -27 
-30  31 
15  28 
-11  29 
-21  10 
-9  -35 
-34  21 
-20  19 
35  -13 
6  -11 
10  54 
-12  3 
24  -14 
-24  28 
57  -2 
34  9 
-20  -9 
23  11 
20  -17 
-37  16 
23  6 
19  18 
8  45 
4  5 
-13  5 
-22  -11 
27  30 
-5  4 
32  20 
-1  -16 
55  11 
40  20 
17  30 
-22  22 
10  36 
1  -53 
7  52 
18  3 
-3  -21 
22  15 
12  1 
27  3 
-13  8 
26  -7 
35  -13 
9  20 
50  14 
-4  10 
3  12 
-30  -3 
4  15 
81  14 
-22  -17 
30  -2 
3  18 
-15  27 
32  8 
12  0 
33  -17 
-1  50 
34  15 
-3  7 
-1  9 
2  4 
31  45 
17  44 
-2  0 
-17  -30 
-32  -21 
-10  4 
13  24 
15  11 
-14  -6 
-14  51 
-6  17 
4  31 
13  28 
-40  -20 
-8  31 
28  13 
-18  -23 
-31  30 
15  24 
-12  29 
-18  8 
-11  -34 
-32  20 
-20  15 
39  -14 
5  -12 
15  55 
-16  1 
24  -17 
-25  26 
58  -2 
34  10 
-20  -9 
23  11 
21  -16 
-38  16 
23  6 
21  20 
7  45 
3  7 
-16  9 
-23  -12 
26  32 
-2  4 
33  19 
5  -20 
55  13 
40  22 
17  26 
-24  22 
7  35 
1  -53 
7  53 
19  4 
-2  -22 
21  14 
13  0 
26  5 
-13  13 
31  -8 
38  -15 
9  23 
53  16 
-1  7 
1  15 
-28  -5 
4  13 
73  12 
-24  -14 
29  0 
3  18 
-15  27 
32  8 
12  0 
28  -15 
2  51 
33  19 
-3  8 
-1  9 
4  5 
28  43 
18  43 
-1  -3 
-9  -30 
-33  -21 
-12  4 
16  22 
15  12 
-16  -6 
-13  50 
-6  17 
3  32 
12  25 
-41  -22 
-10  31 
29  13 
-19  -22 
-29  25 
20  25 
-14  32 
-20  16 
-6  -33 
-33  22 
-23  12 
39  -14 
9  -10 
17  53 
-20  -1 
26  -19 
-22  33 
58  0 
35  6 
-22  -11 
24  9 
17  -18 
-38  15 
23  6 
27  23 
5  46 
7  5 
-16  12 
-26  -10 
30  38 
-1  4 
33  21 
3  -20 
55  13 
40  20 
16  25 
-22  24 
6  33 
-1  -50 
3  50 
17  4 
-2  -22 
19  10 
12  1 
26  10 
-13  16 
29  -10 
36  -14 
13  24 
54  17 
-5  6 
1  16 
-26  -5 
4  9 
74  12 
-22  -16 
30  -2 
3  18 
-11  29 
33  8 
12  0 
27  -15 
-1  47 
30  12 
-4  2 
2  8 
0  4 
24  46 
18  43 
-5  -1 
-9  -28 
-32  -24 
-14  3 
17  18 
15  11 
-14  -6 
-13  48 
-8  15 
8  33 
13  23 
-40  -26 
-10  34 
34  20 
-19  -22 
-28  23 
20  27 
-15  28 
-24  14 
-5  -35 
-37  26 
-23  10 
39  -15 
10  -9 
15  55 
-20  -1 
24  -21 
-20  30 
61  -1 
35  7 
-16  -10 
23  12 
20  -18 
-37  16 
23  7 
27  29 
2  46 
7  6 
-12  11 
-26  -10 
30  37 
2  5 
36  25 
8  -20 
55  12 
42  24 
20  26 
-21  24 
7  37 
-4  -50 
3  50 
20  3 
-4  -26 
16  10 
13  0 
23  10 
-14  13 
26  -11 
29  -12 
10  21 
54  17 
-5  4 
2  15 
-26  -5 
6  7 
75  15 
-23  -14 
30  -4 
3  19 
-12  29 
35  8 
13  1 
27  -18 
-4  48 
30  11 
-3  2 
2  8 
0  3 
28  41 
19  44 
-10  -2 
-8  -29 
-32  -23 
-15  2 
18  18 
19  10 
-18  -7 
-12  51 
-6  16 
6  35 
8  23 
-42  -25 
-12  36 
35  19 
-20  -20 
-30  24 
23  24 
-16  26 
-22  14 
-5  -34 
-35  28 
-21  11 
35  -13 
9  -10 
12  56 
-26  0 
23  -22 
-20  31 
62  -3 
36  9 
-13  -10 
23  12 
21  -21 
-40  19 
25  7 
28  32 
3  46 
7  5 
-8  14 
-28  -12 
33  38 
-3  4 
34  29 
13  -24 
51  12 
38  26 
22  24 
-20  21 
7  37 
-6  -50 
7  49 
16  5 
-5  -28 
18  11 
8  -3 
28  9 
-14  14 
28  -9 
32  -12 
18  23 
53  17 
-6  5 
1  14 
-26  -3 
3  6 
75  15 
-25  -16 
30  -3 
10  23 
-12  28 
37  8 
14  0 
27  -15 
-2  44 
31  12 
-5  7 
-1  7 
1  7 
27  42 
20  44 
-10  -4 
-6  -29 
-33  -24 
-13  3 
22  17 
20  7 
-18  -5 
-11  48 
-7  20 
6  32 
12  25 
-42  -20 
-13  35 
36  18 
-20  -27 
-30  24 
25  28 
-18  26 
-24  10 
-5  -37 
-36  32 
-23  10 
37  -16 
10  -9 
12  54 
-28  0 
23  -22 
-18  31 
64  -2 
31  8 
-17  -10 
25  10 
19  -22 
-43  19 
27  6 
27  33 
5  46 
8  5 
-10  14 
-29  -15 
32  41 
-3  2 
35  26 
13  -22 
54  16 
36  25 
22  24 
-21  24 
7  37 
-6  -51 
8  52 
17  6 
-5  -27 
19  7 
6  -11 
25  7 
-14  13 
23  -4 
32  -12 
20  22 
53  19 
-11  6 
0  15 
-28  -6 
2  4 
72  16 
-23  -12 
30  -4 
13  24 
-12  28 
36  8 
13  1 
29  -20 
-3  46 
31  13 
-5  7 
-1  5 
1  7 
30  37 
22  46 
0  -1 
-5  -32 
-34  -22 
-15  3 
20  20 
20  5 
-18  -5 
-5  44 
-8  20 
11  28 
10  26 
-43  -16 
-18  31 
34  20 
-26  -24 
-29  25 
23  26 
-17  27 
-20  11 
-5  -34 
-36  30 
-20  10 
39  -16 
9  -10 
9  54 
-28  1 
23  -22 
-14  31 
64  -2 
30  11 
-17  -8 
27  13 
21  -22 
-43  20 
25  11 
24  33 
3  40 
6  2 
-12  13 
-27  -17 
33  40 
-2  2 
35  20 
18  -20 
54  17 
36  25 
28  25 
-22  23 
7  36 
-4  -46 
8  51 
17  5 
-5  -29 
18  6 
8  -12 
23  3 
-12  11 
23  -4 
32  -12 
20  27 
54  20 
-10  6 
-1  18 
-26  -3 
8  9 
72  17 
-23  -12 
30  -3 
11  25 
-11  30 
36  8 
13  -1 
30  -25 
-5  46 
31  12 
-4  5 
0  4 
1  7 
34  35 
24  46 
-2  -2 
1  -24 
-36  -25 
-16  3 
20  20 
22  4 
-21  -7 
-5  40 
-10  18 
6  33 
9  26 
-41  -15 
-17  30 
35  19 
-25  -25 
-31  29 
25  23 
-20  25 
-24  10 
-3  -34 
-33  30 
-21  10 
38  -16 
10  -9 
13  55 
-27  4 
21  -21 
-13  25 
64  1 
32  11 
-18  -9 
26  11 
21  -22 
-43  18 
25  7 
24  33 
9  40 
9  2 
-10  14 
-30  -16 
32  40 
0  3 
31  18 
18  -20 
61  14 
33  23 
26  25 
-21  24 
8  36 
-5  -47 
4  52 
19  7 
-1  -31 
17  8 
8  -17 
27  -1 
-14  12 
24  -7 
31  -12 
16  25 
48  22 
-9  5 
1  18 
-23  -4 
2  6 
72  16 
-21  -9 
30  -5 
6  23 
-10  31 
38  7 
12  1 
29  -26 
-3  44 
29  13 
-7  6 
2  4 
1  7 
35  35 
23  43 
-1  -10 
1  -25 
-34  -25 
-16  3 
21  19 
27  5 
-24  -11 
-7  38 
-9  18 
7  33 
12  28 
-40  -13 
-17  30 
33  20 
-27  -24 
-31  27 
28  16 
-20  23 
-24  10 
-1  -35 
-34  28 
-15  12 
33  -16 
9  -9 
15  52 
-28  6 
23  -20 
-11  26 
63  -2 
31  12 
-19  -11 
27  15 
27  -24 
-42  18 
27  8 
20  31 
9  40 
8  5 
-10  17 
-27  -17 
32  40 
-6  0 
34  16 
18  -20 
60  14 
28  19 
29  25 
-20  25 
7  37 
-6  -43 
6  53 
15  7 
-1  -30 
15  6 
6  -19 
28  0 
-11  14 
26  -6 
34  -10 
17  24 
49  23 
-5  5 
2  15 
-19  -6 
7  2 
74  16 
-25  -9 
31  -7 
11  21 
-11  33 
42  11 
10  -2 
30  -29 
-3  45 
30  12 
-9  5 
2  4 
1  7 
35  35 
25  48 
0  0 
1  -23 
-37  -29 
-14  5 
17  19 
27  5 
-18  -11 
-8  36 
-13  17 
6  28 
12  29 
-45  -12 
-17  26 
40  23 
-28  -26 
-32  28 
27  15 
-19  24 
-22  10 
-3  -34 
-34  27 
-16  10 
33  -16 
9  -10 
12  52 
-28  8 
24  -19 
-9  27 
63  -2 
31  12 
-20  -14 
27  9 
28  -24 
-47  16 
22  6 
19  29 
9  40 
10  4 
-14  11 
-28  -19 
36  41 
-6  0 
34  15 
18  -22 
63  17 
28  19 
30  26 
-23  22 
4  33 
-6  -43 
8  51 
16  6 
-5  -32 
12  5 
13  -17 
24  -1 
-10  14 
23  -8 
38  -11 
19  31 
50  23 
-1  9 
0  13 
-26  -3 
5  4 
75  15 
-25  -9 
31  -8 
12  20 
-11  33 
43  10 
10  -2 
30  -29 
-5  43 
26  14 
-8  6 
-2  4 
1  7 
39  30 
25  47 
2  -3 
1  -22 
-36  -28 
-16  3 
18  18 
28  4 
-16  -10 
-10  37 
-13  17 
8  33 
11  30 
-46  -10 
-15  25 
40  23 
-30  -24 
-34  29 
27  12 
-21  27 
-18  8 
-3  -32 
-34  28 
-14  12 
33  -16 
6  -9 
15  47 
-27  8 
26  -23 
-11  27 
66  2 
31  13 
-20  -9 
28  8 
24  -22 
-45  19 
22  6 
18  31 
9  40 
10  4 
-11  10 
-27  -19 
37  38 
-6  0 
34  12 
20  -20 
63  16 
28  23 
29  26 
-23  26 
4  35 
-6  -45 
7  53 
16  5 
-7  -37 
11  5 
17  -18 
20  -1 
-8  16 
20  -12 
37  -15 
16  30 
47  22 
-1  9 
-3  10 
-26  -5 
5  3 
75  15 
-24  -12 
28  -12 
12  20 
-10  34 
46  11 
12  -3 
29  -30 
-2  43 
26  13 
-11  6 
-4  1 
1  7 
42  29 
23  40 
2  -5 
-2  -22 
-38  -29 
-12  5 
20  20 
26  10 
-14  -5 
-10  37 
-13  17 
9  31 
7  29 
-46  -10 
-13  32 
43  24 
-26  -24 
-34  32 
25  7 
-20  30 
-17  6 
-2  -36 
-35  28 
-13  13 
30  -19 
4  -7 
15  44 
-25  6 
26  -17 
-4  25 
69  3 
30  16 
-21  -10 
23  12 
23  -22 
-46  20 
22  6 
20  34 
9  40 
10  4 
-11  13 
-27  -19 
36  38 
-7  0 
37  14 
21  -26 
63  16 
24  21 
33  24 
-20  23 
4  34 
-10  -42 
7  55 
17  4 
-8  -35 
11  8 
23  -20 
20  0 
-9  12 
15  -14 
39  -16 
14  20 
49  20 
-3  5 
-4  14 
-30  -6 
10  -2 
75  13 
-24  -12 
28  -11 
13  24 
-10  36 
40  13 
15  4 
30  -29 
-8  46 
25  7 
-9  5 
-5  7 
-2  3 
40  30 
28  39 
0  -9 
-2  -22 
-37  -30 
-13  5 
19  13 
25  6 
-18  -5 
-10  37 
-11  19 
7  28 
6  27 
-46  -10 
-12  31 
41  24 
-26  -23 
-36  30 
24  6 
-20  32 
-14  3 
-7  -37 
-37  27 
-13  13 
26  -18 
4  -5 
18  40 
-24  5 
29  -15 
-3  28 
68  3 
32  11 
-21  -13 
23  12 
23  -22 
-47  21 
25  5 
21  34 
10  43 
9  7 
-14  14 
-25  -25 
40  38 
-8  0 
35  12 
18  -27 
61  18 
27  22 
37  27 
-23  24 
5  28 
-4  -38 
3  59 
14  8 
-7  -30 
10  10 
22  -19 
19  -1 
-10  11 
18  -17 
35  -14 
16  25 
43  18 
-1  7 
-5  11 
-31  -10 
10  -3 
75  13 
-23  -8 
26  -13 
18  24 
-11  34 
40  14 
12  8 
28  -29 
-5  47 
27  -3 
-3  4 
-4  8 
2  4 
36  30 
23  42 
2  -12 
-4  -22 
-39  -29 
-12  4 
14  17 
24  5 
-19  -6 
-10  34 
-13  23 
8  30 
5  26 
-46  -10 
-15  27 
40  23 
-25  -25 
-36  33 
23  6 
-22  29 
-13  2 
-3  -38 
-30  26 
-6  15 
26  -18 
0  -5 
17  38 
-23  6 
31  -15 
-6  32 
68  3 
32  11 
-21  -10 
24  15 
23  -20 
-45  20 
28  8 
22  35 
10  44 
9  6 
-13  13 
-27  -20 
37  39 
-7  1 
33  13 
19  -25 
61  20 
26  25 
37  28 
-21  25 
6  32 
-4  -38 
8  57 
12  9 
-9  -30 
7  10 
21  -21 
20  0 
-12  8 
13  -16 
32  -15 
17  28 
44  18 
-2  4 
0  11 
-30  -16 
9  3 
75  13 
-21  -14 
26  -9 
15  24 
-11  33 
42  15 
10  6 
28  -29 
-7  46 
30  -2 
-6  1 
-5  6 
2  4 
33  28 
24  46 
-1  -16 
-2  -22 
-36  -30 
-14  3 
15  15 
23  6 
-17  -4 
-11  34 
-13  23 
6  25 
8  23 
-47  -10 
-13  26 
39  25 
-20  -26 
-34  32 
22  6 
-24  30 
-11  0 
0  -41 
-29  25 
-2  14 
23  -20 
1  -3 
19  39 
-22  3 
29  -11 
-5  32 
67  2 
31  12 
-19  -6 
21  13 
23  -22 
-47  18 
29  10 
21  35 
12  46 
4  5 
-10  12 
-27  -19 
36  40 
-8  0 
29  11 
20  -25 
61  20 
28  25 
36  28 
-22  27 
4  35 
-3  -38 
7  57 
16  5 
-8  -32 
8  9 
19  -21 
20  0 
-13  8 
10  -16 
35  -13 
17  28 
40  23 
-2  2 
6  12 
-27  -17 
3  7 
75  12 
-20  -16 
27  -7 
15  24 
-11  34 
40  15 
10  7 
28  -32 
-10  51 
30  -3 
-4  5 
-4  2 
2  4 
33  30 
24  46 
0  -10 
-2  -20 
-37  -28 
-12  4 
18  13 
25  2 
-17  -4 
-9  32 
-16  23 
5  28 
6  25 
-44  -10 
-12  25 
39  24 
-25  -27 
-34  31 
22  6 
-20  33 
-10  -2 
-3  -50 
-28  25 
1  9 
26  -24 
-6  -5 
18  38 
-22  3 
25  -8 
1  27 
63  4 
32  12 
-16  -7 
20  11 
23  -22 
-46  20 
26  13 
21  33 
6  55 
7  5 
-10  14 
-27  -19 
37  38 
-7  4 
28  11 
18  -31 
60  19 
28  23 
37  26 
-21  27 
4  34 
-3  -38 
7  57 
17  4 
-5  -32 
4  13 
20  -24 
23  -4 
-11  14 
10  -16 
36  -15 
20  34 
40  23 
-2  0 
8  8 
-27  -17 
5  3 
75  15 
-21  -14 
23  -8 
15  24 
-6  36 
36  10 
8  5 
24  -31 
-9  48 
30  -6 
-3  5 
-7  4 
2  4 
39  27 
27  45 
2  -11 
0  -21 
-41  -30 
-12  3 
20  11 
23  4 
-20  -5 
-6  29 
-16  23 
9  30 
7  26 
-39  -10 
-8  28 
37  26 
-26  -25 
-34  25 
23  5 
-23  38 
-10  -2 
-5  -49 
-31  27 
-2  7 
29  -20 
-4  -4 
16  43 
-22  2 
25  -9 
1  27 
66  2 
35  13 
-19  -4 
17  12 
23  -19 
-43  20 
27  13 
22  35 
7  57 
13  8 
-6  17 
-26  -20 
36  38 
-12  4 
28  11 
19  -29 
62  17 
28  17 
37  22 
-23  28 
1  33 
-2  -34 
5  47 
19  4 
-10  -39 
2  14 
23  -24 
24  -5 
-15  10 
11  -15 
36  -17 
17  32 
39  19 
-2  0 
8  11 
-28  -14 
9  2 
75  15 
-21  -13 
26  -8 
15  22 
-8  34 
36  10 
11  8 
29  -27 
-6  50 
30  -3 
-1  10 
-4  6 
2  4 
40  23 
28  43 
1  -11 
3  -20 
-37  -28 
-10  4 
24  10 
28  5 
-16  -11 
-7  30 
-13  15 
5  28 
9  25 
-43  -12 
-8  31 
37  26 
-29  -28 
-36  26 
23  6 
-23  38 
-10  -6 
-5  -49 
-31  26 
0  9 
30  -22 
-8  -8 
17  42 
-22  3 
24  -7 
1  27 
68  1 
37  11 
-19  -7 
15  16 
21  -23 
-42  18 
28  8 
22  35 
8  57 
15  7 
-6  17 
-25  -21 
33  39 
-16  3 
29  14 
15  -27 
60  19 
27  13 
38  26 
-20  31 
-4  31 
-1  -36 
6  47 
18  4 
-4  -38 
4  8 
23  -24 
22  -5 
-13  13 
13  -17 
35  -16 
20  31 
41  18 
0  -1 
8  11 
-31  -14 
8  5 
75  15 
-19  -13 
27  -14 
20  23 
-3  37 
42  11 
14  9 
28  -27 
-8  46 
27  -3 
-1  5 
-5  5 
0  4 
41  24 
29  40 
1  -9 
3  -22 
-34  -26 
-10  4 
23  12 
25  7 
-22  -11 
-4  28 
-13  15 
6  30 
11  25 
-42  -9 
-8  31 
33  24 
-30  -26 
-36  25 
26  12 
-22  38 
-11  -7 
-4  -55 
-25  28 
-8  8 
30  -23 
-9  -8 
15  47 
-13  5 
24  -5 
3  30 
68  -5 
36  10 
-19  -6 
17  16 
23  -16 
-43  18 
30  11 
21  37 
9  59 
14  4 
-8  21 
-27  -19 
37  40 
-18  4 
29  14 
15  -27 
61  15 
26  9 
37  28 
-20  35 
-5  31 
-4  -34 
5  48 
18  4 
-3  -38 
4  10 
22  -25 
18  -1 
-13  10 
19  -15 
38  -18 
18  32 
40  20 
-1  -1 
9  11 
-28  -12 
6  5 
70  17 
-21  -13 
24  -14 
18  24 
-5  35 
45  8 
10  9 
29  -31 
-5  42 
27  -3 
0  3 
-3  8 
2  4 
39  24 
29  40 
1  -13 
3  -22 
-36  -25 
-12  5 
26  12 
29  6 
-21  -10 
-4  23 
-16  18 
8  28 
7  25 
-46  -8 
-8  31 
33  24 
-31  -26 
-38  26 
26  14 
-20  39 
-9  -8 
-3  -57 
-25  26 
-6  8 
30  -22 
-6  -3 
17  46 
-17  6 
19  -9 
3  30 
71  -2 
40  11 
-18  -3 
13  16 
23  -16 
-41  18 
29  10 
17  39 
4  63 
16  5 
-7  21 
-23  -20 
38  40 
-21  6 
31  17 
15  -27 
56  18 
27  8 
37  24 
-19  40 
-5  31 
-5  -36 
7  52 
12  1 
-1  -35 
2  9 
22  -25 
22  -3 
-17  10 
19  -16 
37  -20 
21  35 
39  18 
0  0 
4  10 
-27  -10 
7  10 
72  14 
-24  -15 
26  -10 
20  27 
-7  35 
48  8 
6  13 
29  -30 
-3  44 
27  -3 
-2  4 
-4  10 
-1  6 
41  24 
29  40 
1  -13 
8  -23 
-36  -25 
-12  5 
26  14 
29  6 
-26  -11 
-7  18 
-15  20 
0  31 
4  26 
-46  -8 
-8  31 
30  24 
-30  -23 
-40  24 
30  14 
-19  39 
-10  -4 
-2  -57 
-27  23 
-6  15 
31  -21 
-10  1 
17  48 
-21  10 
20  -10 
3  32 
70  -2 
39  9 
-22  -10 
14  13 
25  -13 
-39  18 
25  8 
20  39 
4  63 
16  2 
1  14 
-22  -22 
38  40 
-23  6 
34  16 
14  -23 
58  14 
24  13 
35  27 
-20  43 
-5  31 
-5  -36 
11  50 
15  6 
-1  -32 
-4  10 
20  -21 
22  -5 
-17  10 
17  -18 
33  -20 
19  33 
39  17 
0  3 
7  12 
-28  -12 
9  11 
70  11 
-22  -13 
27  -7 
17  28 
-6  37 
45  7 
6  15 
28  -29 
-3  46 
28  -4 
-2  3 
0  11 
-1  5 
39  24 
29  40 
1  -13 
7  -23 
-37  -24 
-12  5 
29  14 
34  6 
-26  -10 
-7  21 
-19  20 
6  33 
5  26 
-49  -8 
-7  28 
26  21 
-30  -24 
-42  22 
32  11 
-19  37 
-10  -6 
0  -56 
-24  22 
-5  13 
32  -20 
-10  4 
14  49 
-19  9 
20  -12 
4  35 
70  -2 
36  8 
-21  -10 
15  12 
26  -8 
-43  17 
24  10 
20  40 
6  65 
17  4 
-1  11 
-25  -21 
38  40 
-25  8 
39  15 
15  -25 
61  14 
24  5 
36  25 
-19  39 
-5  31 
-7  -36 
4  46 
15  4 
-3  -35 
-4  8 
20  -21 
23  -10 
-17  12 
17  -22 
33  -20 
19  35 
39  18 
2  4 
7  12 
-31  -11 
11  13 
70  11 
-21  -16 
26  -8 
17  28 
-6  37 
44  9 
7  17 
26  -27 
-4  45 
26  -3 
-2  3 
-3  6 
2  6 
37  24 
26  43 
1  -13 
5  -20 
-32  -27 
-12  3 
29  13 
36  6 
-26  -10 
-7  21 
-16  20 
4  35 
5  27 
-44  -10 
-9  28 
25  23 
-30  -22 
-40  23 
31  12 
-18  35 
-10  -6 
-1  -55 
-20  18 
-5  12 
34  -20 
-8  5 
9  46 
-19  9 
23  -9 
3  36 
72  -3 
35  6 
-21  -11 
19  11 
20  -7 
-50  15 
28  11 
18  38 
10  62 
15  4 
-1  10 
-23  -20 
38  35 
-23  10 
40  14 
18  -27 
61  16 
23  6 
40  27 
-20  35 
-6  28 
-11  -37 
3  47 
18  4 
-4  -37 
-5  8 
18  -21 
25  -13 
-16  9 
18  -20 
33  -21 
15  35 
41  19 
4  6 
10  10 
-28  -12 
14  11 
67  9 
-21  -13 
27  -7 
17  24 
-7  41 
46  14 
8  16 
29  -30 
-7  44 
27  -3 
-2  2 
-3  5 
-1  5 
35  19 
27  39 
1  -13 
9  -21 
-30  -26 
-19  4 
30  15 
35  4 
-28  -14 
-7  20 
-19  18 
8  37 
4  23 
-43  -13 
-8  29 
23  26 
-30  -22 
-42  24 
32  11 
-17  36 
-11  -6 
-4  -52 
-19  15 
-6  16 
34  -20 
-11  3 
7  45 
-25  11 
22  -5 
4  32 
74  -5 
35  6 
-23  -10 
18  14 
15  -7 
-50  16 
31  10 
24  44 
8  63 
16  5 
-3  12 
-21  -25 
38  32 
-21  17 
37  8 
19  -30 
56  13 
28  8 
40  22 
-20  35 
-5  27 
-7  -37 
-1  44 
17  6 
1  -42 
-5  7 
15  -25 
25  -13 
-16  10 
21  -21 
34  -20 
14  36 
40  20 
4  5 
11  12 
-26  -10 
9  9 
69  10 
-21  -13 
29  -8 
18  20 
-9  43 
45  8 
4  19 
27  -28 
-8  43 
28  -4 
4  3 
-3  5 
2  6 
36  22 
29  40 
1  -13 
9  -21 
-30  -24 
-15  6 
29  14 
35  4 
-27  -17 
-10  18 
-17  18 
4  35 
8  23 
-41  -15 
-10  24 
24  26 
-34  -18 
-42  24 
36  8 
-16  33 
-11  -7 
-3  -52 
-17  16 
-8  21 
33  -20 
-12  5 
7  46 
-18  9 
22  -3 
6  32 
73  -3 
32  8 
-24  -10 
15  11 
15  -7 
-50  17 
32  9 
24  48 
7  65 
16  5 
-3  11 
-20  -18 
42  35 
-24  18 
40  11 
20  -33 
52  11 
29  6 
38  23 
-21  38 
-5  26 
-9  -35 
0  43 
16  6 
-3  -42 
-9  5 
13  -24 
26  -12 
-14  11 
20  -21 
33  -20 
14  37 
44  28 
6  3 
11  13 
-25  -11 
6  13 
71  10 
-22  -13 
30  -9 
18  20 
-3  46 
47  8 
5  26 
26  -25 
-11  42 
27  -1 
8  4 
-2  3 
4  6 
39  24 
27  37 
-1  -14 
8  -17 
-27  -21 
-12  5 
29  13 
40  4 
-27  -16 
-10  16 
-15  22 
0  34 
4  23 
-43  -9 
-11  26 
23  26 
-36  -15 
-39  24 
35  4 
-16  32 
-13  -5 
-2  -56 
-17  16 
-5  13 
32  -20 
-11  3 
10  42 
-21  11 
20  0 
3  30 
73  -3 
31  9 
-23  -12 
15  11 
11  -8 
-51  14 
32  8 
22  46 
8  58 
18  2 
0  11 
-20  -18 
38  34 
-24  18 
39  7 
21  -26 
52  11 
29  7 
40  23 
-16  41 
-5  25 
-9  -32 
2  44 
17  4 
-2  -47 
-7  4 
14  -25 
28  -11 
-14  13 
26  -18 
35  -19 
14  36 
43  30 
7  -3 
12  15 
-25  -13 
11  10 
70  11 
-21  -13 
30  -8 
17  20 
-5  45 
48  10 
7  26 
29  -27 
-10  44 
24  1 
10  6 
-5  2 
3  6 
38  24 
26  38 
-1  -10 
8  -15 
-22  -22 
-15  8 
31  13 
39  4 
-29  -15 
-13  19 
-17  18 
0  34 
8  23 
-45  -5 
-11  25 
25  27 
-36  -15 
-40  23 
33  3 
-14  32 
-14  -6 
-4  -55 
-17  16 
-5  11 
34  -20 
-7  1 
9  40 
-22  15 
20  -2 
13  26 
72  -6 
24  15 
-23  -14 
16  10 
10  -3 
-50  14 
31  8 
22  46 
12  56 
17  4 
3  7 
-22  -17 
40  31 
-20  20 
41  7 
19  -27 
52  11 
29  6 
40  19 
-14  41 
-5  24 
-3  -32 
3  44 
15  6 
0  -51 
-7  1 
10  -22 
29  -11 
-13  13 
27  -17 
32  -19 
14  35 
44  30 
10  -4 
9  13 
-25  -11 
8  9 
71  12 
-19  -13 
30  -9 
18  20 
-5  47 
48  11 
6  25 
29  -26 
-10  44 
28  -1 
10  9 
-2  4 
5  8 
37  24 
26  41 
-3  -8 
8  -17 
-20  -20 
-16  6 
26  12 
36  5 
-28  -12 
-12  21 
-20  19 
2  35 
7  22 
-46  -3 
-11  30 
27  28 
-36  -17 
-41  27 
37  2 
-14  28 
-14  -6 
-7  -61 
-20  15 
-5  11 
32  -26 
-7  0 
9  40 
-19  14 
23  -2 
13  24 
75  -4 
24  15 
-23  -12 
20  11 
10  -5 
-50  14 
35  5 
25  43 
11  54 
20  7 
2  6 
-21  -16 
41  29 
-19  16 
40  5 
16  -32 
52  11 
29  6 
41  19 
-16  41 
-6  20 
-4  -30 
0  43 
14  5 
-1  -50 
-6  0 
10  -22 
28  -7 
-16  13 
25  -15 
32  -17 
14  36 
43  30 
10  -4 
9  14 
-27  -10 
6  9 
71  12 
-19  -13 
21  -10 
18  18 
-3  42 
48  11 
8  23 
32  -24 
-10  44 
24  3 
9  10 
-5  4 
3  6 
38  22 
25  47 
2  -5 
7  -21 
-23  -21 
-12  5 
27  13 
35  7 
-28  -11 
-13  23 
-19  20 
1  38 
6  15 
-47  0 
-8  28 
24  30 
-38  -16 
-43  24 
35  2 
-12  29 
-12  -4 
-5  -61 
-20  13 
-4  10 
33  -24 
-8  0 
9  40 
-24  8 
26  -2 
9  23 
74  -5 
27  12 
-23  -14 
20  11 
12  -3 
-50  14 
36  2 
28  44 
14  57 
20  10 
2  6 
-22  -10 
42  28 
-22  9 
40  -1 
15  -34 
52  12 
32  5 
39  19 
-12  40 
-3  20 
-3  -32 
-2  44 
13  3 
0  -49 
-5  -1 
13  -20 
30  -6 
-16  13 
29  -9 
33  -16 
14  37 
45  32 
7  2 
9  14 
-31  -10 
6  14 
73  13 
-25  -14 
20  -13 
16  18 
-3  42 
50  11 
7  23 
34  -25 
-10  46 
24  6 
8  8 
-4  8 
5  2 
40  24 
25  47 
4  -2 
7  -23 
-20  -22 
-17  6 
29  9 
34  7 
-32  -9 
-15  28 
-21  17 
0  39 
3  12 
-50  1 
-11  26 
24  32 
-40  -17 
-41  24 
40  2 
-14  32 
-17  -2 
-8  -59 
-24  10 
-5  13 
31  -25 
-6  0 
7  39 
-26  9 
23  -4 
8  23 
70  -3 
23  10 
-22  -13 
20  10 
10  -2 
-49  12 
33  1 
24  43 
15  55 
18  18 
8  5 
-19  -6 
44  30 
-27  10 
42  -5 
17  -32 
52  11 
33  8 
37  18 
-15  40 
-3  19 
-8  -32 
-3  45 
13  3 
0  -49 
-5  -1 
12  -26 
29  -7 
-15  15 
33  -11 
33  -16 
15  35 
46  33 
5  3 
10  14 
-34  -9 
7  13 
74  13 
-25  -15 
21  -13 
19  25 
-4  46 
48  8 
5  27 
29  -26 
-9  45 
24  4 
9  10 
-8  8 
5  6 
44  23 
26  52 
10  -4 
9  -20 
-20  -21 
-18  6 
36  8 
30  6 
-30  -9 
-13  32 
-22  18 
1  39 
4  13 
-50  1 
-7  25 
28  31 
-42  -17 
-45  23 
37  4 
-12  32 
-17  -2 
-8  -59 
-18  8 
-5  12 
34  -25 
-6  0 
10  38 
-28  6 
23  -4 
8  23 
70  -3 
24  10 
-19  -16 
20  7 
12  0 
-52  13 
33  1 
19  38 
15  53 
22  15 
6  5 
-22  -11 
45  28 
-26  9 
40  -6 
15  -34 
52  11 
37  8 
41  14 
-12  45 
-3  19 
-7  -32 
-1  46 
13  3 
-4  -50 
-2  -2 
10  -22 
29  -7 
-12  13 
34  -10 
32  -17 
14  36 
48  36 
5  7 
10  11 
-36  -10 
3  12 
77  8 
-25  -14 
17  -14 
20  23 
-3  42 
48  9 
11  25 
31  -28 
-11  47 
25  3 
9  10 
-12  8 
2  6 
39  27 
26  55 
9  -6 
9  -20 
-19  -21 
-17  6 
35  7 
30  4 
-37  -9 
-9  33 
-21  17 
1  34 
4  15 
-53  3 
-3  19 
25  28 
-42  -17 
-43  24 
36  2 
-15  32 
-13  -3 
-9  -62 
-23  11 
-5  11 
34  -23 
-7  3 
10  37 
-26  9 
24  -6 
8  23 
70  -5 
19  11 
-20  -16 
19  5 
13  1 
-53  13 
37  3 
20  40 
15  53 
21  18 
6  2 
-14  -7 
44  25 
-31  6 
39  -2 
16  -34 
52  11 
40  10 
38  12 
-14  45 
1  27 
-8  -32 
-3  45 
10  1 
-4  -50 
-7  -4 
10  -24 
25  -6 
-14  13 
42  -3 
35  -18 
12  36 
51  38 
7  9 
9  13 
-37  -10 
4  10 
80  11 
-25  -14 
17  -14 
19  25 
-7  43 
48  11 
11  25 
35  -28 
-12  53 
22  0 
9  11 
-9  10 
4  6 
39  27 
27  57 
9  -6 
10  -23 
-24  -27 
-13  5 
36  8 
30  4 
-42  -8 
-10  31 
-19  19 
1  34 
2  15 
-51  0 
-3  20 
25  27 
-42  -18 
-43  22 
39  4 
-12  32 
-14  -5 
-8  -60 
-19  9 
-3  10 
34  -24 
-7  4 
12  35 
-28  8 
26  -11 
7  22 
70  -6 
17  9 
-22  -17 
21  7 
9  2 
-55  8 
40  3 
17  38 
15  55 
23  18 
7  3 
-14  -6 
46  24 
-31  6 
38  -2 
19  -30 
55  13 
35  11 
40  14 
-15  45 
3  32 
-6  -30 
-4  45 
10  1 
-5  -52 
-5  -5 
11  -21 
23  -4 
-13  13 
39  -7 
38  -18 
12  35 
53  37 
5  8 
8  11 
-36  -5 
3  10 
79  7 
-25  -14 
19  -16 
13  21 
-12  43 
49  10 
11  25 
33  -28 
-14  52 
23  -2 
11  7 
-8  8 
2  4 
35  24 
26  50 
11  -8 
7  -23 
-17  -29 
-15  5 
36  8 
30  4 
-43  -10 
-12  28 
-20  20 
0  31 
1  18 
-51  0 
-1  17 
22  26 
-40  -17 
-41  18 
37  4 
-11  27 
-14  -6 
-6  -60 
-23  14 
-2  9 
34  -23 
-7  3 
10  37 
-25  5 
27  -11 
10  18 
72  -6 
19  10 
-24  -21 
21  7 
6  2 
-55  7 
38  3 
17  38 
17  51 
21  19 
7  2 
-17  -8 
48  29 
-35  9 
37  -1 
20  -30 
56  13 
32  11 
41  15 
-17  46 
4  33 
-7  -33 
-7  44 
12  0 
-3  -55 
-5  -5 
10  -19 
23  -4 
-10  12 
39  -9 
43  -22 
14  37 
49  40 
8  5 
8  11 
-34  -6 
3  10 
80  4 
-19  -13 
19  -16 
12  21 
-14  45 
50  11 
11  25 
31  -28 
-13  53 
27  0 
14  12 
-5  7 
4  6 
35  24 
29  47 
14  -5 
7  -23 
-17  -29 
-11  3 
36  6 
33  3 
-43  -10 
-14  29 
-21  15 
2  29 
0  20 
-58  4 
-3  23 
23  26 
-43  -14 
-39  20 
38  4 
-11  26 
-13  -10 
-6  -60 
-27  13 
-4  8 
35  -20 
-7  4 
10  37 
-26  5 
24  -7 
10  16 
73  -5 
18  3 
-25  -29 
18  6 
7  3 
-55  6 
37  2 
20  39 
19  50 
20  14 
7  5 
-18  -12 
49  30 
-36  10 
41  -1 
19  -27 
49  13 
32  11 
41  14 
-17  47 
2  35 
-7  -39 
-8  45 
13  0 
-1  -53 
-7  -1 
6  -20 
20  -2 
-14  14 
37  -9 
40  -27 
15  35 
49  40 
9  3 
4  10 
-33  -5 
1  9 
79  6 
-20  -14 
20  -16 
12  20 
-17  46 
55  12 
11  28 
34  -30 
-12  53 
28  2 
15  11 
-5  8 
5  7 
36  28 
29  46 
14  -5 
6  -18 
-13  -27 
-13  3 
35  7 
33  3 
-43  -8 
-15  28 
-23  18 
-2  30 
-2  16 
-58  4 
-1  24 
21  27 
-41  -10 
-39  14 
35  4 
-10  24 
-14  -10 
-2  -60 
-25  13 
-4  10 
39  -21 
-7  4 
10  36 
-24  4 
23  -8 
10  14 
75  0 
15  6 
-22  -27 
17  4 
0  0 
-54  -3 
38  4 
21  39 
17  48 
18  18 
4  3 
-18  -11 
49  31 
-36  9 
39  5 
18  -26 
46  11 
31  12 
36  13 
-13  39 
4  34 
-6  -40 
-8  43 
12  1 
-5  -55 
-7  0 
2  -24 
18  -2 
-13  10 
40  -10 
38  -25 
12  34 
47  39 
8  4 
2  8 
-38  -5 
2  6 
77  3 
-22  -17 
19  -16 
13  21 
-14  40 
54  12 
15  28 
34  -31 
-9  52 
23  6 
20  11 
-1  10 
5  8 
39  27 
29  46 
12  -4 
8  -24 
-13  -27 
-16  3 
32  8 
30  1 
-45  -8 
-10  31 
-25  20 
1  24 
-1  13 
-58  4 
-5  24 
21  27 
-41  -15 
-44  10 
37  5 
-10  24 
-13  -12 
-2  -60 
-29  10 
-4  13 
42  -23 
-7  3 
10  36 
-24  8 
25  -13 
10  14 
72  1 
17  6 
-19  -26 
15  7 
1  -2 
-53  -5 
36  3 
23  38 
16  45 
17  20 
10  3 
-16  -14 
48  33 
-37  12 
40  3 
21  -25 
46  14 
32  11 
37  11 
-14  38 
4  33 
-8  -40 
-11  40 
11  5 
-1  -53 
-2  4 
3  -21 
17  -2 
-12  11 
38  -11 
40  -25 
10  34 
48  33 
5  3 
0  11 
-37  -4 
5  7 
82  4 
-21  -15 
19  -16 
13  18 
-16  43 
52  12 
16  28 
34  -30 
-9  52 
22  6 
19  9 
-2  10 
4  6 
37  28 
30  46 
5  2 
6  -27 
-16  -30 
-15  8 
32  5 
26  3 
-46  -8 
-8  31 
-25  22 
0  23 
-1  13 
-66  5 
-2  23 
17  26 
-40  -13 
-43  12 
33  6 
-10  24 
-10  -9 
-2  -60 
-28  8 
-3  10 
38  -22 
-5  7 
10  38 
-26  6 
27  -15 
14  17 
69  -2 
15  4 
-19  -26 
14  8 
0  0 
-53  -10 
36  5 
23  38 
16  42 
14  15 
8  5 
-13  -14 
50  37 
-37  10 
41  -2 
20  -22 
49  13 
35  13 
35  11 
-13  37 
3  32 
-8  -39 
-11  40 
11  5 
1  -53 
-2  3 
8  -21 
18  -1 
-12  11 
38  -7 
41  -21 
9  33 
46  32 
5  0 
2  9 
-38  -3 
4  5 
84  3 
-21  -10 
22  -16 
12  20 
-9  39 
55  11 
18  27 
34  -30 
-10  53 
23  6 
20  7 
4  13 
5  8 
35  27 
29  46 
10  -2 
2  -29 
-12  -32 
-11  9 
30  7 
20  -2 
-42  -6 
-9  32 
-20  24 
-1  27 
-1  15 
-68  6 
-7  21 
17  24 
-43  -12 
-46  16 
39  9 
-6  20 
-11  -12 
-3  -61 
-28  8 
1  9 
40  -17 
-4  5 
10  36 
-25  12 
28  -15 
12  16 
67  -5 
17  6 
-25  -25 
15  6 
-4  2 
-57  -10 
39  5 
23  38 
18  44 
13  20 
7  5 
-16  -16 
50  37 
-36  15 
44  -1 
20  -20 
50  11 
38  12 
40  13 
-14  34 
8  33 
-6  -43 
-11  40 
11  5 
1  -53 
-3  3 
7  -25 
17  0 
-11  7 
38  -6 
41  -21 
11  32 
45  27 
4  3 
4  6 
-40  -1 
8  11 
80  2 
-21  -11 
20  -17 
11  18 
-6  40 
55  13 
16  28 
32  -32 
-14  53 
22  6 
16  6 
3  12 
6  5 
41  29 
29  46 
10  -2 
3  -30 
-15  -36 
-10  12 
29  10 
18  -2 
-40  -9 
-8  32 
-15  20 
2  24 
2  15 
-65  4 
-8  21 
16  25 
-45  -13 
-48  14 
36  10 
-3  19 
-12  -12 
-2  -60 
-30  4 
2  8 
39  -16 
-3  4 
10  36 
-25  11 
28  -17 
9  13 
66  -8 
16  2 
-28  -25 
17  5 
-1  3 
-57  -4 
38  3 
24  38 
19  46 
13  21 
7  5 
-14  -25 
50  37 
-36  15 
43  0 
20  -20 
50  11 
37  12 
40  15 
-11  29 
5  28 
-5  -45 
-16  40 
11  5 
0  -57 
-1  4 
7  -23 
17  -2 
-12  5 
38  -16 
42  -25 
12  31 
52  29 
8  3 
13  3 
-39  -1 
11  13 
80  0 
-24  -10 
19  -15 
11  18 
-5  39 
55  11 
15  27 
31  -32 
-11  53 
23  6 
17  8 
6  13 
5  6 
35  35 
29  47 
6  -3 
9  -28 
-11  -37 
-10  11 
29  9 
18  -2 
-39  -7 
-9  32 
-16  23 
6  23 
-5  13 
-62  3 
-7  18 
19  26 
-43  -16 
-46  15 
40  11 
-7  20 
-10  -6 
-1  -62 
-30  4 
7  9 
37  -17 
-1  7 
10  38 
-22  11 
24  -15 
6  9 
67  -12 
15  4 
-27  -24 
17  6 
0  4 
-56  -5 
37  2 
26  41 
21  47 
14  20 
8  8 
-12  -24 
54  37 
-34  12 
40  -5 
17  -28 
49  10 
36  13 
40  14 
-11  26 
8  31 
-6  -44 
-14  34 
13  4 
-1  -62 
-5  6 
7  -23 
20  -5 
-16  3 
37  -16 
41  -23 
7  31 
62  29 
4  4 
13  3 
-39  -6 
13  16 
80  3 
-32  -9 
16  -15 
6  18 
-4  42 
50  10 
13  28 
32  -32 
-11  60 
22  6 
16  8 
4  12 
4  10 
37  34 
30  46 
3  0 
9  -30 
-10  -36 
-12  8 
31  9 
23  -4 
-36  -5 
-8  34 
-15  27 
6  25 
-8  9 
-63  6 
-5  19 
17  23 
-43  -12 
-46  17 
41  16 
-2  20 
-10  -3 
0  -61 
-33  5 
6  2 
38  -13 
-2  3 
12  36 
-21  9 
24  -14 
6  15 
63  -9 
17  2 
-27  -20 
16  3 
-1  4 
-54  -7 
33  4 
19  39 
20  44 
12  21 
5  8 
-16  -26 
51  32 
-37  10 
36  -7 
15  -25 
46  12 
34  15 
42  15 
-11  26 
10  31 
0  -42 
-15  32 
11  6 
-1  -61 
-4  5 
2  -21 
21  -1 
-15  4 
37  -16 
43  -19 
6  33 
60  30 
6  9 
11  5 
-41  -9 
14  20 
80  5 
-30  -9 
13  -18 
5  22 
-7  43 
52  8 
15  33 
32  -31 
-12  59 
23  6 
15  6 
4  13 
2  4 
35  31 
29  54 
0  0 
8  -29 
-10  -36 
-17  12 
33  8 
21  -7 
-37  -5 
-9  38 
-12  28 
7  25 
-5  7 
-61  7 
-5  22 
17  22 
-44  -12 
-46  17 
42  15 
-3  19 
-10  -4 
8  -57 
-32  0 
12  1 
39  -15 
-3  -2 
11  32 
-20  7 
21  -16 
7  17 
66  -8 
14  3 
-27  -19 
13  7 
-5  4 
-54  -6 
32  3 
18  38 
18  44 
13  20 
5  5 
-11  -30 
51  33 
-38  11 
28  -11 
14  -25 
43  10 
33  19 
39  15 
-12  25 
9  33 
3  -40 
-13  28 
12  0 
2  -59 
-5  7 
3  -22 
18  0 
-15  10 
36  -18 
45  -18 
9  30 
59  27 
4  9 
11  5 
-39  -11 
13  21 
77  2 
-29  -8 
13  -16 
7  20 
-4  43 
52  8 
15  32 
30  -28 
-8  63 
22  6 
15  6 
4  15 
1  4 
34  32 
32  55 
0  -1 
6  -29 
-10  -36 
-12  9 
34  9 
21  -6 
-42  -6 
-10  37 
-11  26 
8  25 
-4  10 
-63  8 
0  24 
23  24 
-42  -17 
-46  17 
47  13 
-5  23 
-11  -6 
8  -57 
-34  3 
9  0 
39  -16 
-2  -2 
10  31 
-21  8 
20  -17 
7  17 
66  -8 
13  6 
-25  -21 
13  3 
-5  4 
-56  -10 
35  8 
17  39 
19  46 
12  20 
6  0 
-4  -32 
54  35 
-38  11 
27  -10 
14  -27 
48  8 
33  17 
41  19 
-6  30 
9  33 
0  -40 
-11  29 
12  1 
3  -60 
-5  7 
4  -22 
17  -2 
-17  11 
35  -16 
47  -15 
10  32 
60  30 
9  6 
6  7 
-41  -10 
13  21 
77  2 
-22  -9 
13  -16 
5  20 
-3  46 
51  12 
15  33 
24  -29 
-9  65 
22  4 
14  4 
7  13 
3  4 
40  31 
34  57 
-2  -2 
6  -27 
-10  -36 
-14  12 
32  8 
18  -8 
-39  -4 
-10  36 
-7  26 
3  26 
0  3 
-65  5 
-10  21 
30  18 
-40  -18 
-46  16 
51  15 
-2  23 
-10  -6 
7  -57 
-38  6 
6  -2 
39  -16 
-3  0 
13  40 
-19  9 
18  -15 
9  20 
63  -8 
12  5 
-28  -20 
15  6 
-8  9 
-56  -12 
31  10 
18  40 
21  47 
15  19 
5  3 
-3  -32 
55  35 
-36  10 
25  -13 
20  -20 
44  13 
34  15 
39  13 
-2  30 
9  31 
1  -41 
-10  30 
10  -3 
6  -62 
-5  8 
2  -16 
20  -2 
-14  11 
37  -14 
49  -17 
10  31 
63  31 
9  7 
6  8 
-40  -10 
15  20 
75  7 
-21  -11 
5  -12 
5  22 
-5  45 
53  10 
17  32 
25  -28 
-9  65 
23  4 
12  5 
7  17 
4  1 
40  31 
35  55 
-1  -5 
6  -26 
-10  -40 
-16  15 
30  4 
21  -3 
-38  -3 
-14  32 
-7  26 
4  33 
0  4 
-62  7 
-6  20 
30  15 
-40  -20 
-48  11 
52  14 
-1  27 
-11  -7 
3  -62 
-36  3 
7  -4 
36  -10 
-2  0 
12  40 
-18  9 
17  -12 
6  22 
63  -8 
9  6 
-28  -25 
15  6 
-12  11 
-56  -10 
31  8 
18  39 
18  50 
20  23 
3  0 
-5  -36 
54  36 
-37  10 
26  -11 
21  -20 
45  11 
37  18 
41  14 
-5  31 
7  35 
0  -41 
-13  29 
8  -7 
2  -60 
-6  11 
-1  -16 
18  0 
-12  8 
37  -16 
45  -15 
12  36 
63  32 
8  11 
3  6 
-42  -10 
16  23 
72  8 
-24  -10 
5  -13 
6  22 
-4  42 
52  9 
19  25 
23  -30 
-11  65 
24  5 
13  4 
4  18 
9  -2 
37  28 
35  53 
1  -6 
7  -27 
-10  -38 
-16  15 
35  7 
22  -5 
-39  -4 
-14  33 
-8  27 
4  32 
0  3 
-63  5 
-5  19 
27  12 
-45  -25 
-43  11 
54  17 
0  30 
-7  -8 
3  -62 
-38  6 
7  5 
40  -9 
-7  -4 
13  40 
-19  9 
16  -12 
0  19 
66  -11 
10  11 
-30  -23 
18  3 
-8  11 
-56  -11 
28  3 
21  39 
19  50 
15  23 
5  0 
-5  -36 
54  35 
-31  13 
30  -6 
20  -19 
48  13 
38  18 
37  12 
-5  31 
7  36 
0  -40 
-11  26 
9  -6 
3  -59 
-6  10 
4  -17 
17  0 
-11  6 
40  -13 
42  -20 
13  32 
60  28 
4  9 
4  6 
-45  -9 
12  21 
74  12 
-24  -10 
7  -18 
7  17 
-5  43 
53  13 
21  27 
24  -30 
-11  62 
28  3 
11  5 
10  24 
9  0 
37  28 
35  52 
-1  -7 
4  -28 
-7  -40 
-16  15 
39  7 
21  -6 
-42  0 
-14  31 
-2  34 
3  36 
-1  5 
-63  5 
-4  22 
24  13 
-45  -27 
-41  10 
58  18 
-3  32 
-10  -5 
3  -62 
-38  6 
2  4 
42  -11 
-10  -3 
13  41 
-18  8 
13  -17 
0  20 
66  -12 
11  10 
-29  -22 
20  3 
-8  11 
-55  -13 
27  6 
22  35 
23  52 
17  24 
6  -6 
-2  -37 
57  38 
-25  7 
29  -6 
21  -21 
45  12 
32  19 
41  9 
-3  30 
10  36 
2  -43 
-10  31 
9  -7 
-2  -56 
-5  11 
3  -14 
18  0 
-11  6 
39  -13 
43  -22 
11  33 
58  34 
2  9 
4  6 
-40  -5 
12  20 
72  11 
-22  -8 
7  -17 
5  23 
-3  46 
51  8 
18  30 
23  -29 
-12  65 
28  4 
14  7 
12  21 
4  3 
37  28 
34  56 
1  -7 
4  -30 
-7  -39 
-13  16 
35  9 
14  -3 
-42  -2 
-12  31 
2  35 
3  36 
-2  7 
-63  2 
-7  24 
23  12 
-39  -26 
-41  10 
61  16 
0  33 
-11  -6 
0  -61 
-41  4 
0  3 
34  -11 
-12  -1 
13  40 
-17  7 
10  -16 
9  23 
66  -8 
12  8 
-30  -22 
21  7 
-6  10 
-55  -12 
27  5 
24  35 
17  51 
16  24 
6  -9 
-3  -36 
60  40 
-29  5 
30  -4 
21  -21 
44  13 
34  15 
36  10 
-4  33 
13  38 
3  -36 
-10  31 
6  -7 
-4  -55 
-9  13 
4  -15 
17  -2 
-10  9 
40  -9 
39  -21 
10  31 
59  27 
2  9 
5  7 
-40  -1 
13  21 
72  11 
-21  -15 
9  -18 
4  30 
-10  42 
52  8 
20  27 
23  -28 
-16  63 
25  0 
18  4 
12  21 
6  -3 
35  26 
35  56 
1  -6 
4  -25 
-3  -40 
-12  16 
38  12 
10  -3 
-41  4 
-9  30 
2  35 
3  31 
-4  8 
-63  4 
-11  26 
26  10 
-41  -23 
-43  11 
58  20 
-1  31 
-9  -8 
-2  -62 
-41  6 
0  4 
34  -10 
-7  0 
12  40 
-15  8 
10  -16 
10  21 
67  -4 
17  8 
-30  -24 
21  7 
-2  10 
-51  -10 
25  5 
23  30 
20  56 
13  24 
7  -7 
-2  -37 
60  40 
-32  8 
30  -6 
17  -21 
44  13 
35  15 
39  10 
-5  31 
14  40 
2  -36 
-12  31 
6  -6 
-3  -54 
-9  14 
2  -14 
21  -6 
-15  6 
38  -8 
32  -19 
9  30 
59  29 
2  11 
9  6 
-42  -4 
14  15 
72  11 
-22  -16 
6  -19 
3  26 
-12  43 
51  9 
17  32 
25  -33 
-16  61 
27  -1 
17  8 
13  21 
7  -3 
35  27 
34  57 
-1  -7 
4  -25 
1  -42 
-14  18 
36  13 
10  -2 
-41  5 
-9  25 
2  35 
0  31 
-4  8 
-62  7 
-9  30 
24  13 
-41  -16 
-41  10 
58  20 
-2  33 
-10  -6 
-2  -62 
-41  7 
2  4 
32  -12 
-10  -3 
17  42 
-13  8 
13  -17 
10  21 
65  -12 
16  5 
-31  -26 
20  6 
-4  10 
-52  -9 
27  5 
24  30 
21  56 
15  24 
8  -4 
1  -36 
59  38 
-36  6 
29  -7 
20  -25 
46  15 
35  15 
39  11 
-5  32 
14  40 
0  -37 
-14  28 
6  -13 
-4  -58 
-12  13 
5  -12 
23  0 
-16  3 
41  -3 
33  -20 
6  30 
63  26 
4  12 
14  9 
-40  -5 
10  16 
71  12 
-16  -11 
4  -15 
4  26 
-13  45 
57  1 
23  30 
28  -32 
-14  62 
27  -1 
16  8 
13  19 
7  -3 
37  26 
32  60 
2  0 
4  -25 
1  -46 
-10  18 
35  12 
18  0 
-41  4 
-9  25 
2  35 
2  28 
-8  8 
-61  10 
-8  26 
24  13 
-39  -16 
-43  12 
60  19 
-2  38 
-10  -6 
-3  -62 
-43  3 
1  7 
35  -12 
-11  -1 
18  43 
-10  10 
13  -16 
12  21 
64  -10 
16  5 
-34  -27 
20  3 
-4  10 
-53  -10 
25  7 
23  33 
20  60 
14  27 
6  -6 
-1  -35 
57  39 
-40  5 
30  -9 
21  -21 
47  12 
35  15 
40  11 
-8  31 
18  42 
-5  -36 
-16  31 
5  -8 
-3  -58 
-14  13 
7  -15 
29  0 
-20  3 
41  -4 
33  -20 
4  29 
61  24 
6  10 
15  15 
-44  -10 
10  17 
74  10 
-15  -13 
4  -14 
3  20 
-12  43 
57  0 
24  32 
28  -29 
-14  63 
27  -4 
13  10 
12  20 
7  -3 
35  26 
33  61 
5  2 
5  -28 
2  -45 
-9  18 
35  11 
18  0 
-45  4 
-8  26 
1  37 
-2  27 
-12  9 
-67  9 
-8  29 
26  14 
-46  -20 
-40  11 
60  20 
1  39 
-13  -7 
0  -61 
-45  7 
-1  7 
41  -13 
-10  1 
18  43 
-10  10 
16  -14 
14  17 
63  -9 
15  8 
-28  -32 
19  4 
1  14 
-51  -14 
25  8 
24  34 
26  61 
11  25 
10  -6 
-2  -36 
58  38 
-36  3 
32  -5 
26  -23 
46  12 
33  16 
41  15 
-9  32 
18  46 
-4  -35 
-13  30 
3  -8 
-8  -60 
-13  12 
5  -15 
24  1 
-26  3 
42  -5 
35  -18 
8  32 
60  23 
4  13 
16  13 
-41  -10 
10  16 
75  11 
-16  -11 
3  -14 
1  19 
-10  44 
58  0 
24  30 
29  -29 
-15  67 
25  -5 
14  11 
8  23 
6  -7 
38  24 
33  61 
8  5 
2  -31 
-5  -45 
-10  18 
35  13 
16  2 
-45  5 
-7  24 
3  41 
-1  25 
-11  6 
-67  6 
-6  30 
26  11 
-53  -19 
-36  11 
61  20 
0  39 
-10  -6 
-2  -70 
-43  10 
-1  7 
39  -16 
-7  0 
17  38 
-12  8 
17  -12 
11  18 
67  -9 
16  8 
-27  -37 
17  5 
-4  10 
-48  -12 
23  9 
24  32 
25  63 
10  26 
9  -6 
-2  -37 
57  40 
-36  3 
35  -4 
29  -20 
43  10 
37  16 
41  14 
-13  29 
18  52 
-5  -34 
-12  31 
7  -7 
-8  -65 
-9  12 
5  -20 
20  -1 
-25  4 
41  -6 
37  -18 
11  35 
60  24 
4  15 
17  14 
-40  -9 
10  14 
75  12 
-11  -11 
4  -14 
-2  18 
-10  44 
58  0 
24  24 
29  -30 
-12  71 
28  -3 
12  12 
8  23 
6  -6 
37  24 
33  60 
9  2 
0  -31 
-5  -45 
-10  16 
34  12 
15  5 
-48  3 
-7  24 
-1  45 
-1  26 
-11  6 
-71  7 
-6  30 
23  12 
-60  -17 
-43  11 
60  22 
-1  37 
-11  -7 
-5  -74 
-41  10 
-1  7 
42  -16 
-3  0 
17  38 
-10  6 
18  -16 
10  17 
68  -7 
16  10 
-27  -37 
16  5 
-2  9 
-48  -12 
25  8 
17  29 
27  57 
16  28 
10  -9 
-2  -33 
54  35 
-34  1 
34  -7 
26  -17 
43  10 
34  17 
35  13 
-8  29 
23  56 
-3  -32 
-12  24 
8  -12 
-6  -63 
-8  12 
-2  -20 
18  -2 
-23  2 
40  -5 
37  -16 
10  37 
58  27 
6  14 
12  21 
-40  -9 
9  13 
74  12 
-14  -7 
3  -13 
6  23 
-11  42 
59  -3 
25  22 
30  -29 
-11  74 
23  -2 
12  11 
2  24 
4  -7 
33  26 
32  60 
3  0 
2  -29 
1  -46 
-10  18 
34  10 
15  5 
-48  3 
-4  22 
-3  38 
-4  26 
-11  7 
-75  3 
-3  28 
27  12 
-63  -17 
-48  16 
60  23 
1  39 
-10  -5 
-3  -74 
-45  13 
-1  5 
41  -16 
-6  0 
19  39 
-5  4 
19  -16 
13  19 
66  -11 
19  10 
-27  -36 
14  5 
0  7 
-49  -12 
22  6 
15  28 
27  57 
15  27 
9  -8 
-4  -32 
55  32 
-37  4 
32  -6 
27  -18 
48  9 
30  14 
35  15 
-8  28 
23  56 
-1  -33 
-12  25 
8  -9 
-6  -63 
-13  13 
-2  -21 
19  -2 
-22  2 
37  -8 
35  -17 
10  32 
57  18 
7  17 
10  22 
-37  -8 
10  11 
74  12 
-14  -7 
8  -16 
7  25 
-11  43 
60  -1 
24  23 
28  -32 
-12  69 
24  -1 
12  9 
0  22 
4  -5 
31  25 
36  58 
1  -1 
2  -29 
5  -46 
-8  20 
32  8 
17  5 
-40  -2 
-3  22 
-5  39 
-5  24 
-8  5 
-72  3 
-3  26 
26  14 
-58  -16 
-46  16 
60  20 
-1  35 
-10  -3 
-2  -74 
-45  13 
-2  10 
39  -15 
-8  -5 
18  38 
-1  4 
16  -15 
14  20 
65  -12 
22  9 
-27  -36 
18  4 
1  7 
-46  -10 
22  6 
13  28 
27  56 
15  26 
11  -7 
-1  -33 
52  31 
-37  10 
30  -6 
22  -20 
47  8 
29  14 
34  15 
-7  30 
23  56 
0  -33 
-14  23 
9  -10 
-6  -65 
-14  12 
0  -18 
21  0 
-22  3 
36  -12 
33  -20 
6  30 
58  20 
9  19 
9  18 
-32  -4 
10  12 
75  11 
-15  -8 
8  -16 
7  25 
-12  43 
60  0 
25  28 
26  -32 
-11  70 
27  2 
17  4 
0  23 
6  -6 
29  26 
34  60 
-1  -2 
3  -30 
8  -49 
-5  19 
35  7 
17  8 
-36  1 
1  24 
-8  41 
-3  18 
-9  5 
-73  -2 
-5  23 
27  13 
-55  -18 
-51  13 
60  19 
-4  30 
-10  -4 
3  -74 
-45  12 
-1  10 
32  -20 
-6  -4 
18  38 
5  7 
16  -18 
13  21 
65  -14 
23  7 
-27  -36 
19  5 
1  7 
-45  -11 
24  6 
14  30 
27  57 
16  25 
9  -9 
-6  -36 
52  31 
-36  12 
29  -6 
24  -21 
48  8 
30  11 
30  14 
-5  24 
23  56 
0  -29 
-10  17 
7  -10 
-6  -65 
-14  12 
0  -17 
18  2 
-23  6 
34  -16 
34  -23 
4  30 
60  16 
10  22 
8  17 
-36  -8 
7  12 
76  16 
-15  -8 
5  -13 
4  23 
-10  44 
60  -1 
28  25 
27  -31 
-11  71 
29  -1 
16  8 
-3  24 
4  -7 
29  23 
34  60 
1  -1 
2  -36 
8  -49 
0  18 
35  6 
19  4 
-31  0 
5  26 
-8  41 
2  17 
-11  6 
-76  -2 
-4  22 
27  13 
-52  -17 
-47  11 
55  14 
-3  29 
-10  -2 
4  -74 
-45  15 
-1  9 
33  -20 
-10  -4 
19  39 
4  5 
18  -20 
13  21 
67  -15 
27  7 
-30  -39 
18  3 
1  7 
-45  -9 
25  8 
15  33 
26  55 
13  23 
9  -6 
-11  -30 
52  31 
-37  12 
32  -8 
25  -20 
49  8 
32  15 
30  14 
-3  22 
23  56 
-7  -27 
-10  17 
9  -11 
-5  -67 
-14  14 
2  -16 
19  5 
-22  7 
32  -12 
34  -23 
4  30 
61  16 
8  20 
9  18 
-36  -7 
9  13 
82  10 
-12  -7 
5  -12 
6  23 
-7  46 
55  4 
31  23 
26  -27 
-9  70 
27  -3 
13  7 
0  22 
-3  -9 
29  26 
35  62 
0  -1 
4  -34 
8  -49 
0  23 
32  9 
18  14 
-31  0 
1  27 
-6  40 
-2  20 
-10  6 
-72  -1 
-8  16 
29  9 
-49  -15 
-49  12 
56  13 
-3  26 
-10  -3 
3  -74 
-46  15 
0  10 
33  -20 
-10  -9 
17  38 
7  6 
18  -22 
12  20 
68  -17 
27  9 
-30  -42 
18  3 
3  11 
-48  -9 
25  7 
19  30 
24  55 
11  26 
9  -6 
-16  -28 
50  29 
-37  12 
27  -7 
27  -17 
47  8 
41  14 
30  14 
-7  30 
23  56 
-4  -25 
-10  15 
6  -13 
-8  -69 
-13  15 
-2  -16 
17  4 
-21  9 
31  -15 
31  -28 
2  31 
59  19 
7  25 
3  18 
-34  -6 
12  15 
80  11 
-20  -10 
5  -12 
2  24 
-3  48 
53  6 
33  24 
23  -28 
-11  69 
28  -5 
18  -1 
-4  26 
-6  -5 
29  26 
37  66 
0  -5 
4  -34 
10  -49 
-1  27 
31  8 
17  18 
-31  -2 
1  27 
-7  40 
1  20 
-10  4 
-80  -1 
-10  14 
26  7 
-54  -18 
-48  12 
59  10 
-3  27 
-10  -4 
3  -74 
-50  15 
0  13 
32  -23 
-12  -9 
17  42 
6  3 
19  -22 
14  20 
65  -18 
31  10 
-33  -43 
19  5 
3  10 
-46  -8 
24  4 
21  34 
24  53 
13  23 
8  -7 
-14  -28 
47  28 
-43  12 
27  -7 
26  -19 
45  7 
41  17 
27  12 
-5  31 
23  56 
-7  -25 
-11  13 
8  -12 
-11  -68 
-13  17 
-4  -18 
19  5 
-19  9 
28  -15 
29  -26 
4  30 
59  18 
5  27 
3  18 
-37  -9 
14  15 
78  10 
-21  -10 
5  -12 
5  26 
-2  44 
54  0 
32  20 
24  -27 
-11  71 
26  -5 
16  -2 
-3  26 
-8  -6 
29  26 
38  63 
1  -6 
6  -42 
9  -47 
-2  29 
29  10 
13  21 
-31  0 
0  31 
-10  36 
0  20 
-10  4 
-82  0 
-10  17 
23  12 
-52  -17 
-45  11 
61  15 
0  27 
-10  -2 
4  -74 
-50  11 
-4  10 
32  -23 
-15  -8 
20  43 
7  5 
20  -22 
12  21 
64  -22 
28  8 
-34  -43 
15  2 
4  9 
-45  -7 
23  6 
21  38 
24  55 
13  23 
8  -7 
-14  -31 
46  32 
-38  15 
28  -4 
25  -18 
42  6 
38  18 
27  13 
1  36 
26  54 
-6  -23 
-10  14 
6  -7 
-9  -68 
-13  15 
-4  -18 
18  7 
-19  9 
31  -15 
29  -27 
5  27 
58  18 
5  28 
3  18 
-37  -10 
13  16 
76  11 
-18  -12 
8  -11 
4  26 
-1  44 
55  6 
33  20 
24  -27 
-12  68 
27  0 
16  -2 
-8  28 
-10  -5 
32  25 
42  64 
-1  -10 
10  -43 
12  -49 
-2  29 
23  12 
13  21 
-33  -1 
0  31 
-11  34 
0  19 
-12  5 
-82  0 
-10  14 
27  8 
-55  -16 
-45  11 
61  13 
-1  25 
-10  -4 
7  -74 
-51  10 
-4  10 
35  -20 
-13  -8 
20  43 
4  5 
21  -20 
14  20 
61  -25 
24  9 
-31  -40 
13  3 
9  6 
-45  -5 
22  6 
21  34 
24  55 
13  24 
8  -9 
-9  -32 
46  33 
-33  13 
25  0 
28  -17 
43  6 
37  18 
30  11 
-3  30 
26  54 
-6  -24 
-8  16 
7  -3 
-9  -68 
-17  16 
-2  -16 
15  7 
-21  7 
29  -15 
26  -28 
5  26 
58  14 
7  30 
3  18 
-36  -10 
15  15 
76  10 
-21  -10 
9  -11 
5  25 
-3  46 
53  3 
30  21 
22  -25 
-15  72 
19  4 
21  -1 
-5  22 
-8  -4 
34  30 
42  64 
2  -11 
11  -42 
12  -49 
-3  30 
24  12 
9  22 
-34  -2 
2  31 
-14  35 
0  20 
-11  6 
-80  -1 
-11  13 
26  10 
-52  -15 
-45  11 
61  14 
-2  23 
-10  -3 
8  -72 
-57  12 
0  11 
32  -20 
-16  -7 
20  43 
5  7 
18  -22 
16  22 
61  -23 
24  15 
-32  -37 
12  3 
11  5 
-45  -7 
29  0 
21  38 
26  53 
13  26 
10  -9 
-6  -31 
47  36 
-33  13 
27  3 
24  -17 
43  6 
37  18 
31  10 
-5  32 
26  57 
-3  -23 
-1  13 
7  -3 
-7  -63 
-17  16 
-1  -13 
15  5 
-24  8 
30  -14 
31  -30 
5  27 
60  11 
3  26 
4  20 
-36  -10 
12  16 
75  7 
-21  -12 
6  -11 
2  24 
-4  45 
51  3 
28  23 
15  -27 
-17  71 
18  10 
19  -1 
-5  24 
-6  -3 
30  31 
37  64 
6  -13 
10  -43 
11  -48 
2  35 
22  9 
5  26 
-33  -3 
3  30 
-17  32 
-3  18 
-12  11 
-79  -1 
-14  13 
25  8 
-53  -15 
-42  14 
61  17 
-2  23 
-8  -6 
7  -70 
-54  11 
1  9 
37  -17 
-16  -7 
20  40 
6  8 
18  -22 
16  18 
57  -21 
24  15 
-36  -35 
12  6 
13  6 
-39  -4 
26  1 
20  39 
26  54 
11  25 
9  -7 
-1  -34 
48  37 
-33  13 
24  3 
26  -15 
42  6 
38  20 
28  12 
-3  30 
27  56 
1  -26 
-6  15 
6  -5 
