0 0.03333333333333333 0.9916666666666667 
100 0.3333333333333333 0.9184818481848185 
200 0.38333333333333336 0.9140961857379768 
300 0.43333333333333335 0.9131782945736434 
400 0.31666666666666665 0.91106608478803 
500 0.2833333333333333 0.9107285429141716 
600 0.3333333333333333 0.9107945091514144 
700 0.31666666666666665 0.9110734664764621 
800 0.36666666666666664 0.9115584685809405 
900 0.31666666666666665 0.9113901220865704 
1000 0.3333333333333333 0.9113969363969364 
1100 0.4166666666666667 0.9100287617317591 
1200 0.5 0.9081876214265889 
1300 0.35 0.9076415577760697 
1400 0.5 0.907568998334523 
1500 0.35 0.9073201199200533 
1600 0.45 0.9066130543410369 
1700 0.4166666666666667 0.9060234175974917 
1800 0.35 0.9051846196557468 
1900 0.38333333333333336 0.9051661406277398 
2000 0.26666666666666666 0.9057617024820923 
2100 0.36666666666666664 0.9061280342693955 
2200 0.45 0.9060767832803271 
2300 0.45 0.9060136897001304 
2400 0.31666666666666665 0.9053883798417326 
2500 0.3 0.9051512728242036 
2600 0.4166666666666667 0.9049900679225938 
2700 0.4 0.9046772800197458 
2800 0.38333333333333336 0.9047527668689753 
2900 0.45 0.9043562564632885 
3000 0.45 0.9041833277796291 
3100 0.35 0.9040524561969258 
3200 0.35 0.9038477559096115 
3300 0.31666666666666665 0.9039053822074119 
3400 0.4 0.9038628344604528 
3500 0.4166666666666667 0.9038334285442254 
3600 0.31666666666666665 0.9038982227159122 
3700 0.35 0.9040709718094209 
3800 0.48333333333333334 0.9040373147417347 
3900 0.43333333333333335 0.9037917627958643 
4000 0.4 0.9038781971173874 
4100 0.4 0.9039004714297326 
4200 0.3333333333333333 0.9038284535428073 
4300 0.31666666666666665 0.904063977369604 
4400 0.36666666666666664 0.9039659547072635 
4500 0.38333333333333336 0.9040231800340665 
4600 0.4 0.9039565674128812 
4700 0.3333333333333333 0.9039504006239807 
4800 0.4 0.9039661875998056 
4900 0.35 0.9039524246752364 
5000 0.36666666666666664 0.9039783709924681 
5100 0.38333333333333336 0.9040514931712736 
5200 0.4 0.9039912196372493 
5300 0.45 0.9038569766710683 
5400 0.4666666666666667 0.9036042708140468 
5500 0.35 0.903671302187481 
5600 0.4166666666666667 0.9035893887996191 
5700 0.4 0.9034102204291645 
5800 0.4 0.9033866287421709 
5900 0.36666666666666664 0.9034429192792182 
6000 0.38333333333333336 0.9033306948841859 
6100 0.43333333333333335 0.9034365950937004 
6200 0.3 0.9035444551953986 
6300 0.2833333333333333 0.9036336824842618 
6400 0.4 0.9035964432640733 
6500 0.3333333333333333 0.9035129210890632 
6600 0.4 0.9035468110892289 
6700 0.45 0.9035330547679451 
6800 0.38333333333333336 0.903451085624663 
6900 0.36666666666666664 0.9035411534560208 
7000 0.3333333333333333 0.9035018806837118 
7100 0.45 0.903494812937145 
7200 0.4 0.9034277646623154 
7300 0.36666666666666664 0.9034669908231749 
7400 0.35 0.9035699004639013 
7500 0.2833333333333333 0.9036656223614629 
7600 0.48333333333333334 0.9038284436258387 
7700 0.3 0.9037906332510929 
7800 0.4 0.9037585993248729 
7900 0.31666666666666665 0.9038444500696114 
8000 0.4666666666666667 0.9037792150981128 
8100 0.4666666666666667 0.9037490227543925 
8200 0.35 0.9037703735316831 
8300 0.36666666666666664 0.9038956149861462 
8400 0.43333333333333335 0.9039152085069238 
8500 0.35 0.9039113045524056 
8600 0.35 0.9038987714606829 
8700 0.4166666666666667 0.9037591464582615 
8800 0.4 0.9037206946180358 
8900 0.4166666666666667 0.9037200876306033 
9000 0.36666666666666664 0.9037625449024183 
9100 0.43333333333333335 0.9037875874446032 
9200 0.43333333333333335 0.9036662681592581 
9300 0.45 0.9036044511342867 
9400 0.31666666666666665 0.903530652767436 
9500 0.45 0.9035040171210048 
9600 0.45 0.9034384439120925 
9700 0.35 0.9033939800020616 
9800 0.4666666666666667 0.9033844335612012 
9900 0.36666666666666664 0.9033334174999158 
10000 0.4166666666666667 0.9033521647835216 
10100 0.38333333333333336 0.9033041283041283 
10200 0.43333333333333335 0.9032721465215828 
10300 0.38333333333333336 0.9032456395819176 
10400 0.38333333333333336 0.9032853411530942 
10500 0.45 0.9032282639748596 
10600 0.4666666666666667 0.9031274565292583 
10700 0.38333333333333336 0.903048391116095 
10800 0.4166666666666667 0.9030313551214394 
10900 0.36666666666666664 0.9030257162951412 
11000 0.3333333333333333 0.9030546465472836 
11100 0.43333333333333335 0.9030428940335705 
11200 0.3 0.9030689224176413 
11300 0.35 0.9031483202076512 
11400 0.43333333333333335 0.9031221676461129 
11500 0.4 0.9031924760165783 
11600 0.4166666666666667 0.9031491538085797 
11700 0.36666666666666664 0.9032155371335783 
11800 0.3333333333333333 0.9032638476965229 
11900 0.26666666666666666 0.9033869702826093 
12000 0.35 0.9034490181373774 
12100 0.2833333333333333 0.9035327658871167 
12200 0.31666666666666665 0.9034501953391798 
12300 0.4166666666666667 0.9035423949272416 
12400 0.35 0.9035504529204634 
12500 0.36666666666666664 0.903475055328907 
12600 0.35 0.9034547522683385 
12700 0.4 0.9034095084376558 
12800 0.43333333333333335 0.9033610655417545 
12900 0.43333333333333335 0.9033427641268119 
13000 0.35 0.903300707637874 
13100 0.43333333333333335 0.9032771035289927 
13200 0.4 0.9032500694391838 
13300 0.4166666666666667 0.9031382352204095 
13400 0.4166666666666667 0.9031480859637341 
13500 0.38333333333333336 0.9031290892032688 
13600 0.36666666666666664 0.903162144940323 
13700 0.35 0.9031576162323918 
13800 0.35 0.903129604134966 
13900 0.35 0.9030858091744 
14000 0.35 0.9030340094755136 
14100 0.4 0.9030095383306148 
14200 0.35 0.9029839447926202 
14300 0.35 0.9029907582220358 
14400 0.35 0.9030449274355947 
14500 0.35 0.9029805415718456 
14600 0.4166666666666667 0.9029470013469397 
14700 0.45 0.9029422601637077 
14800 0.3 0.9029198477580344 
14900 0.43333333333333335 0.9029111580878241 
15000 0.3333333333333333 0.902933137790814 
15100 0.3333333333333333 0.9029675187073704 
15200 0.38333333333333336 0.9029545753568844 
15300 0.31666666666666665 0.902964403198048 
15400 0.36666666666666664 0.9029370387204294 
15500 0.45 0.9029535728877707 
15600 0.26666666666666666 0.9030070187808474 
15700 0.3 0.9030316540347748 
15800 0.4 0.9030670527181824 
15900 0.35 0.9030734440181959 
16000 0.35 0.9031245442993147 
16100 0.31666666666666665 0.9031623294619382 
16200 0.3333333333333333 0.9032094212291423 
16300 0.36666666666666664 0.9032357421835061 
16400 0.45 0.9031624087962116 
16500 0.26666666666666666 0.9031508191422742 
16600 0.35 0.9031832921711543 
16700 0.45 0.9031467676586232 
16800 0.43333333333333335 0.9031575501458247 
16900 0.35 0.9031331972467113 
17000 0.38333333333333336 0.9031596180616827 
17100 0.4 0.9031986433541899 
17200 0.43333333333333335 0.9031531597000174 
17300 0.38333333333333336 0.903066537579716 
17400 0.4 0.9030185046836389 
17500 0.43333333333333335 0.9030005428261242 
17600 0.45 0.9029446717042592 
17700 0.35 0.9028941396907896 
17800 0.45 0.9028612624758908 
17900 0.35 0.902903934603281 
18000 0.38333333333333336 0.902848915800974 
18100 0.4 0.9028545844612637 
18200 0.3333333333333333 0.9028244785085069 
18300 0.36666666666666664 0.9028527585013569 
18400 0.31666666666666665 0.9028743908845533 
18500 0.2833333333333333 0.9029023205952832 
18600 0.38333333333333336 0.9028764134544738 
18700 0.36666666666666664 0.9028396431563375 
18800 0.31666666666666665 0.9028837118592983 
18900 0.43333333333333335 0.9029167328007337 
19000 0.43333333333333335 0.902865200077189 
19100 0.3333333333333333 0.9029114967802733 
19200 0.4166666666666667 0.902880926340642 
19300 0.36666666666666664 0.902900324680932 
19400 0.4166666666666667 0.9028351201828084 
19500 0.3 0.902827205442456 
19600 0.38333333333333336 0.9028835688655341 
19700 0.23333333333333334 0.9028962150821447 
19800 0.36666666666666664 0.902983856034207 
19900 0.43333333333333335 0.903018901897727 
20000 0.35 0.9030313067679949 
20100 0.5166666666666667 0.9029915592922408 
20200 0.43333333333333335 0.9029623120967609 
20300 0.2833333333333333 0.903013808843571 
20400 0.43333333333333335 0.9030145581098966 
20500 0.36666666666666664 0.9029850169910411 
20600 0.38333333333333336 0.9029737634095433 
20700 0.2833333333333333 0.9030117305122136 
20800 0.5166666666666667 0.9029882377449802 
20900 0.36666666666666664 0.90300324545875 
21000 0.3333333333333333 0.9030790200466644 
21100 0.2833333333333333 0.9030685749490546 
21200 0.4166666666666667 0.9030326792761347 
21300 0.38333333333333336 0.9030043581678482 
21400 0.4 0.9030138778561749 
21500 0.38333333333333336 0.9030266034137947 
21600 0.4166666666666667 0.9030160640711078 
21700 0.3333333333333333 0.9030238621876104 
21800 0.35 0.9030912190572298 
21900 0.38333333333333336 0.9031351308159444 
22000 0.4 0.9031695528991106 
22100 0.38333333333333336 0.9031405064627543 
22200 0.4 0.9031800369352732 
22300 0.35 0.9031577433000015 
22400 0.35 0.9031719194083597 
22500 0.35 0.903223560434351 
22600 0.36666666666666664 0.9032150126100615 
22700 0.4666666666666667 0.9031626727163268 
22800 0.4 0.9031230355393769 
22900 0.4 0.903108852597412 
23000 0.45 0.903079576250308 
23100 0.3333333333333333 0.9030887912500181 
23200 0.4 0.9031225306380473 
23300 0.4 0.9031513311302806 
23400 0.3333333333333333 0.9031546016551999 
23500 0.4 0.9031959632923422 
23600 0.35 0.9032346793214977 
23700 0.3 0.903308404708662 
23800 0.3333333333333333 0.9033338935338852 
23900 0.38333333333333336 0.9033368548038436 
24000 0.3 0.9033264238990042 
24100 0.3333333333333333 0.9033586089097271 
24200 0.5 0.9033282026913488 
24300 0.38333333333333336 0.9032613541280881 
24400 0.3333333333333333 0.9032549895496086 
24500 0.4166666666666667 0.9032493571690952 
24600 0.38333333333333336 0.9032305597333442 
24700 0.43333333333333335 0.9032274334372428 
24800 0.35 0.9032278604357351 
24900 0.38333333333333336 0.9032492001659906 
25000 0.4 0.9032628694852206 
25100 0.38333333333333336 0.9032438946655512 
25200 0.4 0.9032445802415248 
25300 0.4 0.903226651120509 
25400 0.4166666666666667 0.9032165728383397 
25500 0.38333333333333336 0.9031993843378691 
25600 0.31666666666666665 0.9032077197505306 
25700 0.3333333333333333 0.9031983191315514 
25800 0.38333333333333336 0.9031826931772671 
25900 0.36666666666666664 0.9032056355610465 
26000 0.45 0.9032255169672961 
26100 0.2833333333333333 0.9032521103916836 
26200 0.45 0.9032629161736829 
26300 0.4166666666666667 0.9032554212133886 
26400 0.43333333333333335 0.9032279395982475 
26500 0.4 0.9032162308340566 
26600 0.36666666666666664 0.903231081538288 
26700 0.35 0.9032740658901665 
26800 0.35 0.9032506560700472 
26900 0.4 0.9032656778558418 
27000 0.43333333333333335 0.9032680888362159 
27100 0.43333333333333335 0.903285087881136 
27200 0.2833333333333333 0.9032497273384557 
27300 0.35 0.9032840677386664 
27400 0.36666666666666664 0.9032728428402856 
27500 0.4666666666666667 0.9032600329684981 
27600 0.4 0.9032461082327935 
27700 0.31666666666666665 0.9032091200077013 
27800 0.38333333333333336 0.9032242545232186 
27900 0.43333333333333335 0.9032176266083652 
28000 0.45 0.9032305393854981 
28100 0.36666666666666664 0.9032435085346904 
28200 0.36666666666666664 0.9032320071392267 
28300 0.4666666666666667 0.9032132256810713 
28400 0.48333333333333334 0.9031686090865345 
28500 0.4166666666666667 0.9031636316854379 
28600 0.45 0.9031248907380861 
28700 0.4 0.9031234393691276 
28800 0.36666666666666664 0.9031454347649965 
28900 0.4666666666666667 0.9031530050863292 
29000 0.36666666666666664 0.9031837982598301 
29100 0.4166666666666667 0.9032198206247208 
29200 0.38333333333333336 0.9032287707041996 
29300 0.3333333333333333 0.9032690863793045 
29400 0.4166666666666667 0.9032782331666723 
29500 0.36666666666666664 0.9032545506931968 
29600 0.36666666666666664 0.9032604472821865 
29700 0.38333333333333336 0.9032580272269172 
29800 0.3333333333333333 0.9032942127221681 
29900 0.2833333333333333 0.9033160819593548 
30000 0.35 0.9033055842583025 
30100 0.48333333333333334 0.9033089985936237 
30200 0.36666666666666664 0.9032930752844829 
30300 0.4 0.9033080591399624 
30400 0.36666666666666664 0.9032830608642259 
30500 0.38333333333333336 0.9032668327814388 
30600 0.4166666666666667 0.9032690925133166 
30700 0.31666666666666665 0.9032817877810712 
30800 0.4166666666666667 0.9032816845773406 
30900 0.35 0.9032738962061637 
31000 0.5 0.9032676365278539 
31100 0.38333333333333336 0.9032218953302681 
31200 0.35 0.9032693930750083 
31300 0.4 0.9032653376356453 
31400 0.4166666666666667 0.9032646253304035 
31500 0.4166666666666667 0.903227146228162 
31600 0.35 0.9032121873780365 
31700 0.38333333333333336 0.9032220329537449 
31800 0.4 0.9032424294833495 
31900 0.43333333333333335 0.90323905729183 
32000 0.45 0.9032355759715842 
32100 0.43333333333333335 0.903207843992399 
32200 0.43333333333333335 0.9032030578760494 
32300 0.35 0.9031762432535628 
32400 0.31666666666666665 0.9031850868800345 
32500 0.38333333333333336 0.9031713126775587 
32600 0.4 0.903187274418985 
32700 0.4166666666666667 0.9031762535294537 
32800 0.3 0.9031856244220197 
32900 0.36666666666666664 0.903167583558757 
33000 0.36666666666666664 0.903136142339121 
33100 0.36666666666666664 0.9031437871967615 
33200 0.35 0.9031202624418944 
33300 0.31666666666666665 0.903128159314535 
33400 0.4 0.9031106853088231 
33500 0.4166666666666667 0.9030875944001672 
33600 0.5333333333333333 0.9030686090691745 
33700 0.38333333333333336 0.9030592564018872 
33800 0.45 0.9030672169462441 
33900 0.35 0.9030520240307562 
34000 0.3333333333333333 0.9030431702989128 
34100 0.23333333333333334 0.903033024446986 
34200 0.4166666666666667 0.9030831213512276 
34300 0.31666666666666665 0.9030692739764633 
34400 0.3333333333333333 0.9030555071073515 
34500 0.38333333333333336 0.9030601769997005 
34600 0.3333333333333333 0.9030690346136432 
34700 0.38333333333333336 0.9030474626091467 
34800 0.4 0.9030446922023313 
34900 0.43333333333333335 0.9030446835334232 
35000 0.36666666666666664 0.9030187232745731 
35100 0.35 0.9029938605737728 
35200 0.35 0.9029908004507448 
35300 0.36666666666666664 0.9029829183309255 
35400 0.43333333333333335 0.9029899108311441 
35500 0.35 0.9029751509347155 
35600 0.4 0.9029694858758649 
35700 0.3 0.9029708551581188 
35800 0.3333333333333333 0.9029737297840842 
35900 0.4166666666666667 0.9029845965293446 
36000 0.3 0.9029641537735063 
36100 0.36666666666666664 0.9029589438889043 
36200 0.36666666666666664 0.9029377641501616 
36300 0.26666666666666666 0.9029021239084323 
36400 0.4 0.9029298645641604 
36500 0.43333333333333335 0.9029240066482197 
36600 0.2833333333333333 0.9029276294818903 
36700 0.4 0.9029345249448244 
36800 0.4 0.9029352689691403 
36900 0.4666666666666667 0.9029067640443348 
37000 0.48333333333333334 0.9028869715232921 
37100 0.2833333333333333 0.9028794147507255 
37200 0.38333333333333336 0.9028708905674578 
37300 0.3333333333333333 0.9028676621717022 
37400 0.38333333333333336 0.9029257239111254 
37500 0.43333333333333335 0.9029585877709928 
37600 0.38333333333333336 0.9029409678820599 
37700 0.4 0.9029459872859252 
37800 0.36666666666666664 0.9029528539809353 
37900 0.36666666666666664 0.9029692488324846 
38000 0.4 0.9029913686481935 
38100 0.36666666666666664 0.9029951094896896 
38200 0.3333333333333333 0.9029905412598274 
38300 0.36666666666666664 0.9030015534842433 
38400 0.36666666666666664 0.9030030684964802 
38500 0.31666666666666665 0.9030428863319567 
38600 0.43333333333333335 0.9030419116948611 
38700 0.36666666666666664 0.9030376045407956 
38800 0.38333333333333336 0.903058447806328 
38900 0.4 0.9030756492977902 
39000 0.4 0.9030689384032888 
39100 0.36666666666666664 0.9030642865058864 
39200 0.35 0.9030786842172394 
39300 0.36666666666666664 0.9030602486789988 
39400 0.4 0.9030610475199445 
39500 0.36666666666666664 0.9030513995426276 
39600 0.35 0.9030719973401345 
39700 0.5 0.9030747546241489 
39800 0.38333333333333336 0.9030337386832826 
39900 0.45 0.9030489001946485 
40000 0.38333333333333336 0.9030426322675267 
40100 0.4166666666666667 0.9030465782233195 
40200 0.43333333333333335 0.9030596253824532 
40300 0.35 0.903049138565627 
40400 0.4166666666666667 0.9030733562700594 
40500 0.38333333333333336 0.9030583606989128 
40600 0.31666666666666665 0.9030910568705204 
40700 0.43333333333333335 0.9031095673324979 
40800 0.35 0.903095614486573 
40900 0.4666666666666667 0.903106179148024 
41000 0.2833333333333333 0.9031268546295619 
41100 0.38333333333333336 0.9031341492096705 
41200 0.38333333333333336 0.903121789115151 
41300 0.3333333333333333 0.9031304730313229 
41400 0.4666666666666667 0.9031300572449941 
41500 0.38333333333333336 0.9031121740038393 
41600 0.43333333333333335 0.903122521093243 
41700 0.38333333333333336 0.9031225270377209 
41800 0.3333333333333333 0.9031210377742159 
41900 0.43333333333333335 0.9031244282157148 
42000 0.4 0.9031231399252398 
42100 0.4 0.9030975115397101 
42200 0.4666666666666667 0.9030776324415694 
42300 0.48333333333333334 0.903072917897922 
42400 0.4666666666666667 0.9030411035903241 
42500 0.5666666666666667 0.9030166937248535 
42600 0.45 0.9029951370468612 
42700 0.36666666666666664 0.9029855858176623 
42800 0.3333333333333333 0.9029914604798953 
42900 0.4 0.9029758436089291 
43000 0.4 0.9029502220878585 
43100 0.36666666666666664 0.9029478241030757 
43200 0.36666666666666664 0.9029476555326651 
43300 0.36666666666666664 0.9029490273511774 
43400 0.5333333333333333 0.9029334961560026 
43500 0.38333333333333336 0.9029279978238048 
43600 0.31666666666666665 0.9029310298693455 
43700 0.35 0.9029450126999382 
43800 0.35 0.9029478969277718 
43900 0.4 0.9029365314381601 
44000 0.36666666666666664 0.9029547623917639 
44100 0.31666666666666665 0.9029612896155038 
44200 0.4166666666666667 0.9029459175131784 
44300 0.36666666666666664 0.902942559611145 
44400 0.35 0.9029449411800035 
44500 0.36666666666666664 0.9029418814558474 
44600 0.38333333333333336 0.9029323894083092 
44700 0.48333333333333334 0.9029205163195454 
44800 0.35 0.9028986518158076 
44900 0.36666666666666664 0.9029077860181288 
45000 0.4 0.9029241942771642 
45100 0.31666666666666665 0.9029409917001101 
45200 0.38333333333333336 0.9029382646401628 
45300 0.35 0.9029272716569906 
45400 0.4166666666666667 0.9029406474159893 
45500 0.43333333333333335 0.9029342761697545 
45600 0.36666666666666664 0.9029431920352624 
45700 0.31666666666666665 0.9029356578630664 
45800 0.45 0.902951081854108 
45900 0.45 0.902929856284903 
46000 0.31666666666666665 0.9029441388955313 
46100 0.4166666666666667 0.9029659515701033 
46200 0.45 0.9029653037813035 
46300 0.3333333333333333 0.902960789183819 
46400 0.36666666666666664 0.9029878127626559 
46500 0.3333333333333333 0.9029898998587844 
46600 0.35 0.9030069097229673 
46700 0.38333333333333336 0.9030011848425801 
46800 0.3333333333333333 0.9030011823109193 
46900 0.5166666666666667 0.9029879426877891 
47000 0.35 0.9029616391140614 
47100 0.31666666666666665 0.9029801207334593 
47200 0.36666666666666664 0.9029699229536098 
47300 0.31666666666666665 0.9029853139116156 
47400 0.5 0.9029941351448282 
47500 0.36666666666666664 0.9030193224002302 
47600 0.43333333333333335 0.9030107910898231 
47700 0.5 0.9030123407615493 
47800 0.3333333333333333 0.9029966248962713 
47900 0.36666666666666664 0.9029949792279911 
48000 0.4166666666666667 0.9029950764914619 
48100 0.35 0.9030039223023776 
48200 0.38333333333333336 0.9030133365144568 
48300 0.3333333333333333 0.9030384119031352 
48400 0.43333333333333335 0.9030569271984739 
48500 0.31666666666666665 0.903066345711085 
48600 0.4166666666666667 0.9030724676446986 
48700 0.48333333333333334 0.9030491331457944 
48800 0.35 0.9030533015033845 
48900 0.4 0.9030704893560458 
49000 0.4 0.9030647333727884 
49100 0.3333333333333333 0.9030483934475197 
49200 0.4 0.9030577799909216 
49300 0.36666666666666664 0.9030729599805277 
49400 0.4 0.9030835239502574 
49500 0.4 0.9030710659043925 
49600 0.35 0.9030736947507779 
49700 0.35 0.90307346263992 
49800 0.4666666666666667 0.9030902993915785 
49900 0.4 0.9030952953514626 
50000 0.4166666666666667 0.9030798550695652 
50100 0.36666666666666664 0.9030949149384909 
50200 0.45 0.9030907418842918 
50300 0.4666666666666667 0.9030785504595668 
50400 0.4 0.9030564043041474 
50500 0.36666666666666664 0.9030500221117733 
50600 0.35 0.9030584046428595 
50700 0.35 0.903073492962006 
50800 0.4666666666666667 0.9030684271306996 
50900 0.4 0.9030410339024119 
51000 0.38333333333333336 0.9030186499611119 
51100 0.31666666666666665 0.9030325564405133 
51200 0.3333333333333333 0.9030396541734211 
51300 0.36666666666666664 0.9030468866753735 
51400 0.4 0.9030457416522376 
51500 0.4 0.9030479181634014 
51600 0.48333333333333334 0.9030404772517329 
51700 0.35 0.9030375782544503 
51800 0.38333333333333336 0.9030297838523066 
51900 0.38333333333333336 0.9030395207542565 
52000 0.36666666666666664 0.903044092100793 
52100 0.36666666666666664 0.9030336909720222 
52200 0.43333333333333335 0.9030340255295237 
52300 0.3 0.9030228867516874 
52400 0.3333333333333333 0.9030486854576567 
52500 0.3333333333333333 0.9030398627327734 
52600 0.4166666666666667 0.9030478666438534 
52700 0.35 0.9030494361270817 
52800 0.4 0.9030478431595361 
52900 0.4166666666666667 0.9030501156247834 
53000 0.4166666666666667 0.9030560744136903 
53100 0.31666666666666665 0.903048435999322 
53200 0.43333333333333335 0.9030459170566969 
53300 0.4 0.9030416877732125 
53400 0.5166666666666667 0.903043248253778 
53500 0.36666666666666664 0.9030072646617198 
53600 0.4166666666666667 0.9030203105663451 
53700 0.35 0.9030305922298157 
53800 0.3 0.9030189184835474 
53900 0.5333333333333333 0.9030102255369412 
54000 0.3333333333333333 0.903012367054931 
54100 0.36666666666666664 0.9030226643993026 
54200 0.31666666666666665 0.9030444548993561 
54300 0.35 0.9030577245354597 
54400 0.43333333333333335 0.9030530229223728 
54500 0.36666666666666664 0.9030490266233647 
54600 0.3333333333333333 0.9030545838598805 
54700 0.31666666666666665 0.9030637008464196 
54800 0.4 0.903059478841627 
54900 0.31666666666666665 0.9030613437520871 
55000 0.38333333333333336 0.9030595655836561 
55100 0.4166666666666667 0.9030289831400519 
55200 0.36666666666666664 0.9030030404038574 
55300 0.36666666666666664 0.903009665286342 
55400 0.45 0.9030050600771345 
55500 0.26666666666666666 0.903016312018402 
55600 0.36666666666666664 0.9030266242213869 
55700 0.35 0.9030244819063691 
55800 0.5166666666666667 0.9030278728577146 
55900 0.4166666666666667 0.9030346803575369 
56000 0.36666666666666664 0.9030189937084456 
56100 0.43333333333333335 0.9029965300677943 
56200 0.4 0.9029987604016536 
56300 0.45 0.9030231849049455 
56400 0.31666666666666665 0.9030319350129726 
56500 0.4166666666666667 0.9030377780924231 
56600 0.31666666666666665 0.9030648751788838 
56700 0.38333333333333336 0.9030671857639195 
56800 0.35 0.9030856997822808 
56900 0.35 0.9030745651804596 
57000 0.38333333333333336 0.9030721683245323 
57100 0.4 0.9030664232383554 
57200 0.38333333333333336 0.9030765779153045 
57300 0.36666666666666664 0.9030890967580554 
57400 0.4166666666666667 0.9030951115834219 
57500 0.31666666666666665 0.9031076995762393 
57600 0.3333333333333333 0.9031141675781091 
57700 0.2833333333333333 0.9031226350785371 
57800 0.5 0.9031319383170995 
57900 0.5 0.903127320771662 
58000 0.3333333333333333 0.9031267420676655 
58100 0.36666666666666664 0.9031428030498615 
58200 0.3333333333333333 0.9031598111143566 
58300 0.38333333333333336 0.9031440284043155 
58400 0.43333333333333335 0.9031482765706067 
58500 0.38333333333333336 0.9031343481308012 
58600 0.4 0.9031550229518268 
58700 0.4166666666666667 0.9031522035399737 
58800 0.31666666666666665 0.9031511652296162 
58900 0.36666666666666664 0.9031405097819505 
59000 0.2833333333333333 0.903153407004401 
59100 0.3333333333333333 0.9031625945415476 
59200 0.4166666666666667 0.9031675281386012 
59300 0.38333333333333336 0.9031541064512684 
59400 0.4166666666666667 0.9031606510552572 
59500 0.4 0.903156319501633 
59600 0.45 0.9031581545052376 
59700 0.38333333333333336 0.9031632635969247 
59800 0.26666666666666666 0.9031818726554183 
59900 0.31666666666666665 0.9032020194431923 
60000 0.36666666666666664 0.9032096687277434 
60100 0.35 0.9032059228077182 
60200 0.36666666666666664 0.903199559254276 
60300 0.5166666666666667 0.9032013012498411 
60400 0.3333333333333333 0.9032014508589814 
60500 0.38333333333333336 0.903217990887203 
60600 0.4 0.9032173561492385 
60700 0.4166666666666667 0.9032077999813293 
60800 0.43333333333333335 0.903201701726397 
60900 0.4 0.9032068438941889 
61000 0.31666666666666665 0.9032162041059436 
61100 0.36666666666666664 0.9032154411002548 
61200 0.43333333333333335 0.9032095744622909 
61300 0.43333333333333335 0.9032321386818051 
61400 0.4 0.9032387501832218 
61500 0.4 0.9032259638054666 
61600 0.26666666666666666 0.9032293848043592 
61700 0.45 0.9032225976888543 
61800 0.4 0.9032065284812004 
61900 0.31666666666666665 0.9032051851612521 
62000 0.31666666666666665 0.9032161443632629 
62100 0.35 0.9032254579904779 
62200 0.36666666666666664 0.9032373541690112 
62300 0.35 0.9032462025756676 
62400 0.35 0.9032436045362521 
62500 0.36666666666666664 0.9032439480968304 
62600 0.4166666666666667 0.9032363034669307 
62700 0.48333333333333334 0.9032337336459281 
62800 0.3333333333333333 0.9032201583838898 
62900 0.31666666666666665 0.9032257701255412 
63000 0.43333333333333335 0.9032244197182056 
63100 0.38333333333333336 0.9032270354933625 
63200 0.31666666666666665 0.903239795783822 
63300 0.38333333333333336 0.9032530423426697 
63400 0.26666666666666666 0.9032678900963708 
63500 0.35 0.9032775730565923 
63600 0.36666666666666664 0.9032777262412016 
63700 0.3333333333333333 0.9032928577782662 
63800 0.36666666666666664 0.9033005621646474 
63900 0.35 0.9032941581508896 
64000 0.4166666666666667 0.9032967583839836 
64100 0.35 0.9032816050711637 
64200 0.3 0.9032745466062315 
64300 0.3333333333333333 0.9032787851925579 
64400 0.4 0.9032883806152079 
64500 0.31666666666666665 0.9032941349746516 
64600 0.4 0.9032694927323106 
64700 0.45 0.9032701709916899 
64800 0.38333333333333336 0.9032736120327362 
64900 0.35 0.9032803808878137 
65000 0.4666666666666667 0.9032805905550171 
65100 0.38333333333333336 0.9032738232387624 
65200 0.4 0.9032748091798183 
65300 0.38333333333333336 0.9032730483964002 
65400 0.4666666666666667 0.9032754341167056 
65500 0.35 0.9032783850628234 
65600 0.36666666666666664 0.9032834865322175 
65700 0.48333333333333334 0.9032760790043785 
65800 0.3333333333333333 0.9032767359158675 
65900 0.4166666666666667 0.90329895095168 
66000 0.2833333333333333 0.903294520790089 
66100 0.35 0.9032896627887627 
66200 0.35 0.9032840641883557 
66300 0.35 0.903277539805835 
66400 0.43333333333333335 0.9032561633107935 
66500 0.38333333333333336 0.9032564673212934 
66600 0.31666666666666665 0.903256582733993 
66700 0.35 0.9032439543635028 
66800 0.35 0.9032652330553934 
66900 0.38333333333333336 0.90324976457751 
67000 0.3 0.903263819445481 
67100 0.3333333333333333 0.903269760013512 
67200 0.38333333333333336 0.903282503236559 
67300 0.4 0.9032753970966256 
67400 0.3 0.9032731339297636 
67500 0.31666666666666665 0.9032792106783604 
67600 0.4166666666666667 0.903291556337924 
67700 0.3333333333333333 0.9032790012949095 
67800 0.4166666666666667 0.9032899588501645 
67900 0.3 0.9032851136213016 
68000 0.36666666666666664 0.9032790571707279 
68100 0.3333333333333333 0.903284153928234 
68200 0.36666666666666664 0.903281049153727 
68300 0.45 0.9032848469763742 
68400 0.3333333333333333 0.9032701154466553 
68500 0.43333333333333335 0.9032704510396442 
68600 0.4 0.9032695101626312 
68700 0.31666666666666665 0.9032805805834947 
68800 0.35 0.9032793854740483 
68900 0.5 0.9032799475576068 
69000 0.31666666666666665 0.9032765829480732 
69100 0.4166666666666667 0.9032808256513413 
69200 0.3333333333333333 0.9032802392065625 
69300 0.43333333333333335 0.9032701548318206 
69400 0.35 0.9032613002694486 
69500 0.35 0.9032630225943992 
69600 0.36666666666666664 0.9032642610498891 
69700 0.35 0.9032717129835536 
69800 0.5166666666666667 0.9032851129162428 
69900 0.5333333333333333 0.9032836916973053 
70000 0.4166666666666667 0.9032762627200563 
70100 0.35 0.9032840710783964 
70200 0.4666666666666667 0.9032936971458146 
70300 0.35 0.9032950574434693 
70400 0.31666666666666665 0.9033057058848596 
70500 0.4666666666666667 0.9032893741459932 
70600 0.35 0.9032890232905105 
70700 0.38333333333333336 0.903281483524514 
70800 0.35 0.9032837930726025 
70900 0.36666666666666664 0.9032855671993343 
71000 0.4 0.9032926179443482 
71100 0.4 0.9032850569377834 
71200 0.35 0.903281145395898 
71300 0.5 0.9032735632506323 
71400 0.4666666666666667 0.903262617703767 
71500 0.38333333333333336 0.9032498379976037 
71600 0.36666666666666664 0.9032480924381876 
71700 0.36666666666666664 0.9032593106558253 
71800 0.4 0.9032507671666598 
71900 0.4666666666666667 0.9032450290445659 
72000 0.4 0.9032441100355088 
72100 0.43333333333333335 0.9032364900163197 
72200 0.38333333333333336 0.90323662414648 
72300 0.35 0.9032245980922348 
72400 0.45 0.9032238274793626 
72500 0.36666666666666664 0.9032130591302189 
72600 0.4666666666666667 0.9032089204464585 
72700 0.4166666666666667 0.9032027299028441 
72800 0.4166666666666667 0.9031996469828711 
72900 0.3333333333333333 0.9031913142480898 
73000 0.43333333333333335 0.9031963032469875 
73100 0.36666666666666664 0.9031909618199477 
73200 0.31666666666666665 0.9031890502406615 
73300 0.5166666666666667 0.9031881102122299 
73400 0.4166666666666667 0.9031870024477414 
73500 0.45 0.903174163163313 
73600 0.35 0.9031780591749207 
73700 0.35 0.903173464403468 
73800 0.3333333333333333 0.903171874364846 
73900 0.38333333333333336 0.9031718109362525 
74000 0.4 0.9031642027359991 
74100 0.43333333333333335 0.9031628565516435 
74200 0.38333333333333336 0.9031611770730853 
74300 0.4 0.9031578197691372 
74400 0.3 0.9031647200082437 
74500 0.36666666666666664 0.9031809975705024 
74600 0.38333333333333336 0.9031862285134694 
74700 0.3 0.9031891027786331 
74800 0.38333333333333336 0.9031916908419227 
74900 0.36666666666666664 0.9031798640872618 
75000 0.36666666666666664 0.9031776798531576 
75100 0.36666666666666664 0.9031692321007709 
75200 0.38333333333333336 0.903169782759981 
75300 0.4166666666666667 0.9031722132950868 
75400 0.36666666666666664 0.9031801633930584 
75500 0.4666666666666667 0.9031755098166471 
75600 0.26666666666666666 0.9031788600679885 
75700 0.43333333333333335 0.9031708079593841 
75800 0.45 0.9031631069071209 
75900 0.31666666666666665 0.9031561946922088 
76000 0.5 0.903153138335899 
76100 0.4 0.90314675015221 
76200 0.43333333333333335 0.9031299348652467 
76300 0.3333333333333333 0.9031321673372564 
76400 0.45 0.9031319943456237 
76500 0.35 0.9031249046853418 
76600 0.4166666666666667 0.9031237625270341 
76700 0.3333333333333333 0.9031247419633817 
76800 0.38333333333333336 0.9031328259614675 
76900 0.35 0.9031379089131915 
77000 0.4166666666666667 0.9031144076050961 
77100 0.43333333333333335 0.9031080444265747 
77200 0.35 0.903112653981166 
77300 0.4166666666666667 0.9031124543451357 
77400 0.35 0.9031198993983712 
77500 0.2833333333333333 0.9031275402898027 
77600 0.38333333333333336 0.9031315640262367 
77700 0.4666666666666667 0.9031397601060476 
77800 0.45 0.9031520053298372 
77900 0.4666666666666667 0.9031481196219133 
78000 0.3333333333333333 0.9031369790130895 
78100 0.43333333333333335 0.9031291212660529 
78200 0.38333333333333336 0.9031199515777718 
78300 0.4166666666666667 0.9031215012153953 
78400 0.4 0.9031005663193071 
78500 0.3 0.9030963512142096 
78600 0.2833333333333333 0.9031033320186767 
78700 0.4166666666666667 0.9031129951758343 
78800 0.48333333333333334 0.9031024352482836 
78900 0.38333333333333336 0.9030828717844726 
79000 0.38333333333333336 0.9030810791424582 
79100 0.35 0.9030855067150436 
79200 0.38333333333333336 0.9030833996203752 
79300 0.5 0.9030867622518421 
79400 0.4 0.9030805132596986 
79500 0.43333333333333335 0.9030804643966742 
79600 0.36666666666666664 0.903099573707198 
79700 0.4166666666666667 0.9030892021430095 
79800 0.36666666666666664 0.9030858531430266 
79900 0.43333333333333335 0.9030910126281273 
80000 0.4166666666666667 0.9030930342537385 
80100 0.4 0.9030756482440918 
80200 0.3333333333333333 0.9030782035136719 
80300 0.4 0.9030772759160326 
80400 0.38333333333333336 0.9030841241609764 
80500 0.38333333333333336 0.9030896096528822 
80600 0.3333333333333333 0.9030940993287925 
80700 0.43333333333333335 0.903098009937919 
80800 0.31666666666666665 0.9030916490307463 
80900 0.48333333333333334 0.903087466986399 
81000 0.36666666666666664 0.9030793344115093 
81100 0.43333333333333335 0.9030681393159969 
81200 0.3333333333333333 0.9030694408525347 
81300 0.4 0.90307243043341 
81400 0.3333333333333333 0.9030721367059372 
81500 0.4166666666666667 0.9030807392956324 
81600 0.4166666666666667 0.9030681813539867 
81700 0.38333333333333336 0.903068658890344 
81800 0.43333333333333335 0.9030557898640196 
81900 0.4 0.903037406950668 
82000 0.35 0.9030352272126763 
82100 0.4166666666666667 0.9030359455629854 
82200 0.4166666666666667 0.9030366114767461 
82300 0.3333333333333333 0.903047704969158 
82400 0.38333333333333336 0.9030518945967484 
82500 0.3333333333333333 0.9030554175100908 
82600 0.4166666666666667 0.9030519202753801 
82700 0.36666666666666664 0.9030467184999779 
82800 0.38333333333333336 0.9030489768642086 
82900 0.43333333333333335 0.9030384635488916 
83000 0.4 0.903046650040361 
83100 0.38333333333333336 0.9030426830002045 
83200 0.3333333333333333 0.9030452358345052 
83300 0.3 0.9030578364405389 
83400 0.38333333333333336 0.9030642118599697 
83500 0.38333333333333336 0.9030648834544895 
83600 0.48333333333333334 0.9030570308170157 
83700 0.4 0.9030494956253011 
83800 0.4666666666666667 0.9030555025198586 
83900 0.36666666666666664 0.9030577704675748 
84000 0.3333333333333333 0.903051749383936 
84100 0.31666666666666665 0.9030570385607781 
84200 0.2833333333333333 0.9030651852907526 
84300 0.36666666666666664 0.9030674804173933 
84400 0.4 0.9030640928425019 
84500 0.4 0.903067271393238 
84600 0.25 0.9030724124616336 
84700 0.31666666666666665 0.9030833953160726 
84800 0.3 0.9030874734181594 
84900 0.4166666666666667 0.9030893825357377 
85000 0.36666666666666664 0.9030942283031964 
85100 0.45 0.9030923549664517 
85200 0.4166666666666667 0.9030940560165569 
85300 0.2833333333333333 0.903096778857614 
85400 0.31666666666666665 0.9030982267967198 
85500 0.4 0.9031003048697286 
85600 0.36666666666666664 0.9031003337188428 
85700 0.31666666666666665 0.903101237636278 
85800 0.38333333333333336 0.9030938353476844 
85900 0.4 0.9030905247513611 
86000 0.35 0.9030847025034593 
86100 0.3333333333333333 0.9030745868224527 
86200 0.4 0.9030878412083386 
86300 0.4166666666666667 0.903090636261457 
86400 0.36666666666666664 0.903091158281347 
86500 0.3333333333333333 0.9030937985302675 
86600 0.4 0.9030886383144151 
86700 0.3333333333333333 0.9030820482654949 
86800 0.35 0.9030822417560473 
86900 0.36666666666666664 0.9030848321653375 
87000 0.38333333333333336 0.903084543089543 
87100 0.36666666666666664 0.9030910953950012 
87200 0.48333333333333334 0.9030854959614377 
87300 0.43333333333333335 0.9030785729831273 
87400 0.38333333333333336 0.90307519364767 
87500 0.31666666666666665 0.9030763934126467 
87600 0.38333333333333336 0.9030725010749496 
87700 0.35 0.9030751264713819 
87800 0.4 0.9030912707903859 
87900 0.26666666666666666 0.9030895552951616 
88000 0.31666666666666665 0.9030916315344901 
88100 0.35 0.9030958785938865 
88200 0.31666666666666665 0.903100116022872 
88300 0.3 0.9031129319033759 
88400 0.36666666666666664 0.9031320818391949 
88500 0.38333333333333336 0.9031260475399525 
88600 0.4666666666666667 0.9031237420194655 
88700 0.48333333333333334 0.9031223811832261 
88800 0.38333333333333336 0.9031276393283859 
88900 0.5166666666666667 0.9031244024251696 
89000 0.45 0.9031220622989254 
89100 0.45 0.903114302869777 
89200 0.4166666666666667 0.9031053463526194 
89300 0.43333333333333335 0.9030985095351676 
89400 0.35 0.9031004034257634 
89500 0.4 0.903097684197197 
89600 0.36666666666666664 0.9031003188208465 
89700 0.4 0.9030835776635712 
89800 0.4 0.9030710032924651 
89900 0.36666666666666664 0.9030832990363474 
90000 0.4 0.9030725584530542 
90100 0.36666666666666664 0.9030641076865592 
90200 0.4166666666666667 0.9030651914428147 
90300 0.4 0.9030762394657866 
90400 0.26666666666666666 0.9030818243161027 
90500 0.38333333333333336 0.9030849106639706 
90600 0.4 0.9030912554313234 
90700 0.3 0.9030865609713968 
90800 0.36666666666666664 0.9030926605066758 
90900 0.45 0.9030973714993967 
91000 0.4 0.9030867792661619 
91100 0.4 0.9030886964285061 
91200 0.4166666666666667 0.9030831167786902 
91300 0.48333333333333334 0.9030838472013815 
91400 0.38333333333333336 0.9030802452927211 
91500 0.4 0.9030870791940343 
91600 0.35 0.9031002663726378 
91700 0.4 0.9031037920342563 
91800 0.4 0.9030984593486636 
91900 0.45 0.9030900552406032 
92000 0.3333333333333333 0.9030972489429463 
92100 0.3333333333333333 0.9031058747100104 
92200 0.38333333333333336 0.903112493356905 
92300 0.5 0.9031065481414069 
92400 0.45 0.9030987669686115 
92500 0.36666666666666664 0.9030925341347661 
92600 0.5166666666666667 0.9030936041007477 
92700 0.43333333333333335 0.9030920648105198 
92800 0.3333333333333333 0.9030960963064335 
92900 0.3333333333333333 0.9030991324097696 
93000 0.43333333333333335 0.9030970545119587 
93100 0.45 0.9030884022011937 
93200 0.4 0.9030979638988137 
93300 0.36666666666666664 0.9030978142427912 
93400 0.3 0.9030963265917924 
93500 0.36666666666666664 0.9031011254781589 
93600 0.4 0.9031082289006884 
93700 0.38333333333333336 0.9031143388722284 
93800 0.36666666666666664 0.9031191920484145 
93900 0.4166666666666667 0.9031172901957025 
94000 0.35 0.9031259862483733 
94100 0.3333333333333333 0.9031283319695504 
94200 0.4666666666666667 0.9031288149807327 
94300 0.3333333333333333 0.9031312410967717 
94400 0.36666666666666664 0.9031297779331434 
94500 0.45 0.9031344465490665 
94600 0.3 0.903129944010458 
94700 0.3333333333333333 0.9031268589208843 
94800 0.36666666666666664 0.903130680759345 
94900 0.36666666666666664 0.9031397631918174 
95000 0.4166666666666667 0.903131984575601 
95100 0.4 0.903125668149301 
95200 0.45 0.9031121434298659 
95300 0.36666666666666664 0.9031143429764641 
95400 0.4166666666666667 0.9031125197849079 
95500 0.43333333333333335 0.9031009710195007 
95600 0.38333333333333336 0.9030870492986475 
95700 0.45 0.9030779458939823 
95800 0.45 0.9030749070121049 
95900 0.36666666666666664 0.9030814763836317 
96000 0.43333333333333335 0.9030767040621105 
96100 0.43333333333333335 0.9030695136713804 
96200 0.43333333333333335 0.9030612121149122 
96300 0.36666666666666664 0.9030671194137825 
96400 0.4 0.903076083235651 
96500 0.43333333333333335 0.9030746658929268 
96600 0.45 0.9030674716962902 
96700 0.4166666666666667 0.903073735880015 
96800 0.4166666666666667 0.9030734444892098 
96900 0.38333333333333336 0.9030793455863888 
97000 0.31666666666666665 0.9030840747346247 
97100 0.4 0.9030884937676578 
97200 0.35 0.9030854020706234 
97300 0.38333333333333336 0.9030915663765018 
97400 0.4666666666666667 0.9030960068856241 
97500 0.4666666666666667 0.9030951391951536 
97600 0.36666666666666664 0.9030798437857536 
97700 0.5666666666666667 0.9030634282146549 
97800 0.43333333333333335 0.9030625538934504 
97900 0.43333333333333335 0.9030642349584445 
98000 0.4166666666666667 0.9030650197446964 
98100 0.36666666666666664 0.9030523813892485 
98200 0.3333333333333333 0.9030439269118101 
98300 0.43333333333333335 0.9030396435438093 
98400 0.38333333333333336 0.9030321084135324 
98500 0.4 0.903032541124794 
98600 0.3 0.903040410340666 
98700 0.36666666666666664 0.9030395673127256 
98800 0.38333333333333336 0.9030450940105195 
98900 0.45 0.9030447113780448 
99000 0.38333333333333336 0.9030508951088037 
99100 0.2833333333333333 0.9030595049494959 
99200 0.4 0.9030597389811259 
99300 0.4166666666666667 0.9030602662611655 
99400 0.5 0.9030532472845679 
99500 0.3 0.9030485037001303 
99600 0.4666666666666667 0.9030524710260607 
99700 0.36666666666666664 0.9030449376970475 
99800 0.38333333333333336 0.9030437236767834 
99900 0.4166666666666667 0.9030323770532828 
