0 0.013157894736842105 0.9901315789473685 
100 0.25 0.947303282959875 
200 0.32894736842105265 0.9411331500392773 
300 0.21052631578947367 0.9394671271201259 
400 0.2631578947368421 0.9382710985693661 
500 0.3026315789473684 0.9378020275238995 
600 0.2236842105263158 0.9380418600577984 
700 0.2631578947368421 0.9364347924018319 
800 0.2236842105263158 0.937183783428609 
900 0.21052631578947367 0.9368391845318068 
1000 0.2631578947368421 0.936708028813292 
1100 0.23684210526315788 0.9371354988288159 
1200 0.2894736842105263 0.9370289013541347 
1300 0.23684210526315788 0.9375429831303855 
1400 0.3026315789473684 0.9375657425147451 
1500 0.21052631578947367 0.9376117675935342 
1600 0.27631578947368424 0.9375780762023735 
1700 0.32894736842105265 0.9370281413410069 
1800 0.2894736842105263 0.9370433823314532 
1900 0.23684210526315788 0.9366867161327833 
2000 0.2236842105263158 0.9368983271522133 
2100 0.2236842105263158 0.9371962599263508 
2200 0.2631578947368421 0.9371069370381884 
2300 0.2236842105263158 0.9370911388641094 
2400 0.3026315789473684 0.9373342247747649 
2500 0.2894736842105263 0.9374131926176897 
2600 0.23684210526315788 0.9374468827778789 
2700 0.25 0.937747228122138 
2800 0.18421052631578946 0.9378934215223886 
2900 0.25 0.9379410910938152 
3000 0.34210526315789475 0.9377871849734299 
3100 0.25 0.9376644206452927 
3200 0.3157894736842105 0.9374753366546639 
3300 0.3026315789473684 0.9373325866164958 
3400 0.2894736842105263 0.9370753957814265 
3500 0.2631578947368421 0.936961619988274 
3600 0.21052631578947367 0.9370560443736389 
3700 0.2631578947368421 0.9370911489071233 
3800 0.2236842105263158 0.9371936401777925 
3900 0.19736842105263158 0.9370193540117918 
4000 0.19736842105263158 0.9370141017377235 
4100 0.23684210526315788 0.9370508155905491 
4200 0.2894736842105263 0.937035668199301 
4300 0.25 0.9370678789510395 
4400 0.21052631578947367 0.9371188067305277 
4500 0.23684210526315788 0.9371258141465639 
4600 0.25 0.9370846154726089 
4700 0.2631578947368421 0.9369709972122393 
4800 0.2894736842105263 0.9369319988160362 
4900 0.2236842105263158 0.9368536496311172 
5000 0.19736842105263158 0.9369876024795041 
5100 0.2236842105263158 0.9371659581712564 
5200 0.2631578947368421 0.9372754733401472 
5300 0.23684210526315788 0.9374149862488707 
5400 0.3026315789473684 0.9374055974039895 
5500 0.2236842105263158 0.9371980214123747 
5600 0.25 0.9372474605098714 
5700 0.27631578947368424 0.9372761242256668 
5800 0.19736842105263158 0.9373032326549869 
5900 0.27631578947368424 0.9373277499799321 
6000 0.2631578947368421 0.9372538787395083 
6100 0.21052631578947367 0.9372934980460494 
6200 0.27631578947368424 0.9372066474847011 
6300 0.3026315789473684 0.9371021934697082 
6400 0.25 0.9369717108346558 
6500 0.25 0.9369327795723735 
6600 0.3157894736842105 0.9368885495818018 
6700 0.23684210526315788 0.9368206041517763 
6800 0.2236842105263158 0.9368044753480526 
6900 0.2631578947368421 0.9367597373378381 
7000 0.19736842105263158 0.9366702313203377 
7100 0.25 0.9366684825710241 
7200 0.2894736842105263 0.9366101382117981 
7300 0.2894736842105263 0.9364673368464306 
7400 0.2894736842105263 0.9363221719682262 
7500 0.2631578947368421 0.9362247314393168 
7600 0.23684210526315788 0.9361562536785326 
7700 0.2631578947368421 0.9361647325364444 
7800 0.23684210526315788 0.936131248355474 
7900 0.27631578947368424 0.9360349123029064 
8000 0.27631578947368424 0.9360507568132931 
8100 0.2236842105263158 0.9361072219803923 
8200 0.25 0.9361125729211457 
8300 0.19736842105263158 0.93613602356089 
8400 0.3026315789473684 0.9361765360013532 
8500 0.25 0.9361537961478216 
8600 0.23684210526315788 0.9361231711122942 
8700 0.23684210526315788 0.9361083722984049 
8800 0.2236842105263158 0.9360774642833649 
8900 0.2631578947368421 0.9361322500724342 
9000 0.17105263157894737 0.936191300381829 
9100 0.27631578947368424 0.9362483301430149 
9200 0.2236842105263158 0.9362601462083641 
9300 0.32894736842105265 0.9362710008544639 
9400 0.2631578947368421 0.9363092672112149 
9500 0.23684210526315788 0.9363283781762585 
9600 0.25 0.9362460187809384 
9700 0.3157894736842105 0.9362074040115235 
9800 0.2236842105263158 0.9362081742464518 
9900 0.2236842105263158 0.936127863214242 
10000 0.23684210526315788 0.9361577000194717 
10100 0.3157894736842105 0.9361218144112881 
10200 0.2631578947368421 0.9361440312869224 
10300 0.18421052631578946 0.936187531614202 
10400 0.2894736842105263 0.9361720026920488 
10500 0.34210526315789475 0.9361210586460438 
10600 0.23684210526315788 0.9360993128751508 
10700 0.34210526315789475 0.9361382236780625 
10800 0.3026315789473684 0.9361218990444354 
10900 0.25 0.9360766033053463 
11000 0.3026315789473684 0.9361290121950636 
11100 0.3026315789473684 0.9360900985686449 
11200 0.2631578947368421 0.9360862399503803 
11300 0.2894736842105263 0.9360221964521072 
11400 0.3026315789473684 0.9360181355282777 
11500 0.27631578947368424 0.936018435467854 
11600 0.23684210526315788 0.9360958560741134 
11700 0.25 0.9361348445252092 
11800 0.27631578947368424 0.9360853674309492 
11900 0.2236842105263158 0.936072654221892 
12000 0.19736842105263158 0.936149509470702 
12100 0.23684210526315788 0.9362017166915305 
12200 0.2236842105263158 0.9362093918099897 
12300 0.25 0.9362123960824751 
12400 0.2236842105263158 0.9361623001540623 
12500 0.23684210526315788 0.9361587915072057 
12600 0.23684210526315788 0.9361535112083836 
12700 0.23684210526315788 0.9361405442588441 
12800 0.3157894736842105 0.9361177580698876 
12900 0.25 0.9361159783615305 
13000 0.21052631578947367 0.9361443350511499 
13100 0.27631578947368424 0.9361471502778013 
13200 0.21052631578947367 0.936148676934363 
13300 0.25 0.9361766428325532 
13400 0.25 0.9361523982892086 
13500 0.2894736842105263 0.9361445935778636 
13600 0.2894736842105263 0.9360982067882005 
13700 0.3026315789473684 0.93605441784887 
13800 0.3157894736842105 0.9359936255572632 
13900 0.27631578947368424 0.9359909737656132 
14000 0.21052631578947367 0.936024776425744 
14100 0.23684210526315788 0.9360571665316756 
14200 0.21052631578947367 0.9360457843962063 
14300 0.2631578947368421 0.9360571031101984 
14400 0.23684210526315788 0.93602143856969 
14500 0.2894736842105263 0.9360767769191961 
14600 0.2894736842105263 0.9360405649937459 
14700 0.2894736842105263 0.9360399757982808 
14800 0.27631578947368424 0.9359882778190662 
14900 0.2236842105263158 0.9359745813597816 
15000 0.3026315789473684 0.9359860658412246 
15100 0.3157894736842105 0.9359773577211687 
15200 0.2236842105263158 0.9359908368216773 
15300 0.2631578947368421 0.9359396444676819 
15400 0.3157894736842105 0.9359134659745266 
15500 0.25 0.9359090584987726 
15600 0.25 0.9358756102004258 
15700 0.17105263157894737 0.9359310000368732 
15800 0.23684210526315788 0.935914907117804 
15900 0.2236842105263158 0.935902326566684 
16000 0.2631578947368421 0.9359452040826396 
16100 0.27631578947368424 0.9359229894187677 
16200 0.2894736842105263 0.9359300839129489 
16300 0.32894736842105265 0.9358553640558054 
16400 0.2894736842105263 0.9358030158623191 
16500 0.18421052631578946 0.9357822013976824 
16600 0.2236842105263158 0.9357749136862396 
16700 0.27631578947368424 0.9357541228227746 
16800 0.27631578947368424 0.9357241815180174 
16900 0.27631578947368424 0.9356982925332976 
17000 0.3157894736842105 0.9356483287360805 
17100 0.3026315789473684 0.9356189542624469 
17200 0.2631578947368421 0.935603499184564 
17300 0.2894736842105263 0.9355749135279676 
17400 0.27631578947368424 0.9355014760192245 
17500 0.23684210526315788 0.9355031216261327 
17600 0.23684210526315788 0.9354750328181114 
17700 0.25 0.9354476330507643 
17800 0.2894736842105263 0.9354375419476729 
17900 0.25 0.9353792349148387 
18000 0.3157894736842105 0.9353886406895523 
18100 0.15789473684210525 0.9353868570797194 
18200 0.25 0.9354082265578236 
18300 0.3026315789473684 0.9354284637882888 
18400 0.2631578947368421 0.9353728630308994 
18500 0.2894736842105263 0.9353605352768982 
18600 0.27631578947368424 0.9353313630563156 
18700 0.2631578947368421 0.9353320537319986 
18800 0.25 0.9353175153057368 
18900 0.18421052631578946 0.9352919923479404 
19000 0.25 0.9352977267124445 
19100 0.2894736842105263 0.935295479156506 
19200 0.27631578947368424 0.9352559077241043 
19300 0.2631578947368421 0.9353051996215086 
19400 0.2894736842105263 0.9352792110553173 
19500 0.2894736842105263 0.9352604049994737 
19600 0.2236842105263158 0.9352594121137751 
19700 0.3026315789473684 0.9352888178265063 
19800 0.21052631578947367 0.9352778900055553 
19900 0.2236842105263158 0.9353212877427477 
20000 0.27631578947368424 0.9353201747807346 
20100 0.18421052631578946 0.9353336374990509 
20200 0.2894736842105263 0.9353642276698131 
20300 0.32894736842105265 0.9353817157049562 
20400 0.2631578947368421 0.9353835531797977 
20500 0.27631578947368424 0.9353754245620881 
20600 0.27631578947368424 0.9353817456485249 
20700 0.3157894736842105 0.9353999234717876 
20800 0.27631578947368424 0.9353649495596112 
20900 0.3026315789473684 0.9353665085276706 
21000 0.21052631578947367 0.9353548953809218 
21100 0.25 0.9353499397633936 
21200 0.21052631578947367 0.9353729590709475 
21300 0.25 0.9353588539208686 
21400 0.19736842105263158 0.9353676291565323 
21500 0.32894736842105265 0.9353402167341054 
21600 0.27631578947368424 0.935325849924102 
21700 0.21052631578947367 0.9353578479284244 
21800 0.2236842105263158 0.9353857802273676 
21900 0.23684210526315788 0.9354006906678137 
22000 0.23684210526315788 0.9353916927221011 
22100 0.27631578947368424 0.9353864971577852 
22200 0.19736842105263158 0.9353776442028453 
22300 0.2631578947368421 0.9353898161281415 
22400 0.27631578947368424 0.935384992211344 
22500 0.25 0.9353841583648914 
22600 0.2631578947368421 0.935376345713627 
22700 0.25 0.9353897579285865 
22800 0.3157894736842105 0.9353956947871631 
22900 0.21052631578947367 0.9353839122171176 
23000 0.23684210526315788 0.9353815280342502 
23100 0.2236842105263158 0.9354026597162575 
23200 0.2631578947368421 0.935383626840041 
23300 0.18421052631578946 0.9353821216166462 
23400 0.18421052631578946 0.9354132414494207 
23500 0.25 0.9354513749694862 
23600 0.2631578947368421 0.9354406815946693 
23700 0.3026315789473684 0.935429939664993 
23800 0.34210526315789475 0.9353989715160133 
23900 0.32894736842105265 0.9353619315641936 
24000 0.25 0.9352964185702789 
24100 0.2894736842105263 0.9352939602855527 
24200 0.21052631578947367 0.9352951922386852 
24300 0.32894736842105265 0.9353080553323558 
24400 0.2631578947368421 0.9352884588422822 
24500 0.3026315789473684 0.9352742584083571 
24600 0.2236842105263158 0.9352564294562267 
24700 0.19736842105263158 0.9352604518461857 
24800 0.23684210526315788 0.9352816843123898 
24900 0.3157894736842105 0.935269588623581 
25000 0.2894736842105263 0.9352590370069408 
25100 0.2631578947368421 0.9352446379783569 
25200 0.2894736842105263 0.9352251320436323 
25300 0.2236842105263158 0.9352330831525277 
25400 0.2631578947368421 0.9352521088063255 
25500 0.27631578947368424 0.9352504752135623 
25600 0.2236842105263158 0.9352787925636129 
25700 0.2894736842105263 0.935277579819749 
25800 0.21052631578947367 0.9352740815839451 
25900 0.2631578947368421 0.9352417809513552 
26000 0.15789473684210525 0.93522579597141 
26100 0.3026315789473684 0.9352288377739106 
26200 0.2894736842105263 0.9352039847816174 
26300 0.23684210526315788 0.9352203438332343 
26400 0.2236842105263158 0.935242559592041 
26500 0.25 0.9352508296608469 
26600 0.23684210526315788 0.9352439510584287 
26700 0.2236842105263158 0.9352676767477662 
26800 0.23684210526315788 0.935285334011496 
26900 0.18421052631578946 0.9352935666645146 
27000 0.23684210526315788 0.9352968652233153 
27100 0.2894736842105263 0.9352922498490054 
27200 0.25 0.9353158455861723 
27300 0.34210526315789475 0.9353144477067545 
27400 0.25 0.935299614497358 
27500 0.2894736842105263 0.9352775927765307 
27600 0.32894736842105265 0.9352498908315678 
27700 0.25 0.9352519574630594 
27800 0.27631578947368424 0.9352637116423301 
27900 0.27631578947368424 0.9352470860316269 
28000 0.23684210526315788 0.9352639426411463 
28100 0.23684210526315788 0.9352596086672323 
28200 0.2894736842105263 0.9352775844081677 
28300 0.2631578947368421 0.9352626557737406 
28400 0.21052631578947367 0.9352687961320858 
28500 0.27631578947368424 0.9352897820759751 
28600 0.23684210526315788 0.9352840533731798 
28700 0.3026315789473684 0.9352871896999738 
28800 0.2236842105263158 0.9352831087736354 
28900 0.27631578947368424 0.9352729098792794 
29000 0.27631578947368424 0.9352626678934847 
29100 0.2631578947368421 0.9352703560557695 
29200 0.27631578947368424 0.935254785795007 
29300 0.23684210526315788 0.9352599785529145 
29400 0.2631578947368421 0.9352763242925858 
29500 0.27631578947368424 0.9352898831261741 
29600 0.2631578947368421 0.9352843476127229 
29700 0.2894736842105263 0.9352822827159816 
29800 0.25 0.9352658821056871 
29900 0.2236842105263158 0.9352872153545296 
30000 0.21052631578947367 0.935284284383503 
30100 0.23684210526315788 0.935274597451737 
30200 0.21052631578947367 0.9352751041704789 
30300 0.21052631578947367 0.9352821211389584 
30400 0.25 0.9352864950772048 
30500 0.3157894736842105 0.9352674373057657 
30600 0.3026315789473684 0.9352457092045495 
30700 0.27631578947368424 0.935221658303604 
30800 0.2631578947368421 0.9352220066334141 
30900 0.27631578947368424 0.9352306559658263 
31000 0.3157894736842105 0.9352322463282169 
31100 0.3157894736842105 0.9352230381828982 
31200 0.25 0.9352026082159984 
31300 0.2631578947368421 0.9351913466696036 
31400 0.3026315789473684 0.9351733476473261 
31500 0.27631578947368424 0.9351656964941798 
31600 0.23684210526315788 0.9351803698750373 
31700 0.25 0.9351765841688541 
31800 0.3157894736842105 0.9351638230509136 
31900 0.2894736842105263 0.9351442332281285 
32000 0.2631578947368421 0.9351363814288698 
32100 0.27631578947368424 0.9351468186759225 
32200 0.23684210526315788 0.935143808871578 
32300 0.2894736842105263 0.9351492702686408 
32400 0.2236842105263158 0.9351469821431763 
32500 0.3026315789473684 0.9351575619535594 
32600 0.2236842105263158 0.9351772588506326 
32700 0.23684210526315788 0.9351834564853159 
32800 0.27631578947368424 0.9352024529098119 
32900 0.21052631578947367 0.9351771422721114 
33000 0.25 0.9352103963356773 
33100 0.21052631578947367 0.9352163195896451 
33200 0.3026315789473684 0.9352438060679846 
33300 0.21052631578947367 0.9352611506845852 
33400 0.2236842105263158 0.9352748460099681 
33500 0.25 0.9352734364567279 
33600 0.2631578947368421 0.9352635181597039 
33700 0.21052631578947367 0.9352488759508932 
33800 0.19736842105263158 0.9352547573335576 
33900 0.27631578947368424 0.9352496394299811 
34000 0.23684210526315788 0.9352321680941272 
34100 0.27631578947368424 0.9352271464488616 
34200 0.27631578947368424 0.935221769446569 
34300 0.2631578947368421 0.9352377136465255 
34400 0.27631578947368424 0.9352036507506667 
34500 0.3026315789473684 0.9352000094581545 
34600 0.23684210526315788 0.935183840138481 
34700 0.25 0.9351799925377549 
34800 0.2631578947368421 0.9351811767356958 
34900 0.27631578947368424 0.9351614303013486 
35000 0.23684210526315788 0.9351608751028166 
35100 0.2894736842105263 0.935171662525734 
35200 0.23684210526315788 0.9351915465918282 
35300 0.3026315789473684 0.9351525191622722 
35400 0.2894736842105263 0.9351256989469522 
35500 0.25 0.9351116313995603 
35600 0.27631578947368424 0.9351004148316354 
35700 0.3157894736842105 0.9350821663553579 
35800 0.25 0.9350830394328885 
35900 0.32894736842105265 0.9350759361636313 
36000 0.25 0.9350839486914837 
36100 0.21052631578947367 0.9350838983903347 
36200 0.25 0.9350941163300228 
36300 0.27631578947368424 0.935098297277587 
36400 0.3157894736842105 0.9350858276016131 
36500 0.2236842105263158 0.9350906391894094 
36600 0.2631578947368421 0.9350933573859788 
36700 0.27631578947368424 0.9351026036864046 
36800 0.21052631578947367 0.9351084924751759 
36900 0.27631578947368424 0.9351150624929577 
37000 0.2631578947368421 0.9351207968774671 
37100 0.23684210526315788 0.93509733033157 
37200 0.2236842105263158 0.9351120124105322 
37300 0.23684210526315788 0.9351361399934247 
37400 0.2236842105263158 0.9351568843501229 
37500 0.23684210526315788 0.9351356770836988 
37600 0.23684210526315788 0.9351485262849952 
37700 0.32894736842105265 0.9351463000422996 
37800 0.2236842105263158 0.9351612286781609 
37900 0.27631578947368424 0.9351759917458087 
38000 0.2894736842105263 0.9351748361192711 
38100 0.23684210526315788 0.9351803344020533 
38200 0.25 0.9351796040059575 
38300 0.3026315789473684 0.9351648782016135 
38400 0.32894736842105265 0.9351552830998097 
38500 0.32894736842105265 0.9351415513472651 
38600 0.27631578947368424 0.9351228629201044 
38700 0.3157894736842105 0.9351151507033002 
38800 0.2236842105263158 0.9351152778211088 
38900 0.3157894736842105 0.9351072865127267 
39000 0.34210526315789475 0.9350800215648991 
39100 0.27631578947368424 0.9350548310111869 
39200 0.27631578947368424 0.9350463837522942 
39300 0.3026315789473684 0.9350401556676607 
39400 0.27631578947368424 0.9350265288484529 
39500 0.2631578947368421 0.9350361216704707 
39600 0.2894736842105263 0.9350210786808946 
39700 0.2631578947368421 0.9350254169655013 
39800 0.2236842105263158 0.9350327914268222 
39900 0.23684210526315788 0.9350468890767808 
40000 0.27631578947368424 0.9350482520831717 
40100 0.21052631578947367 0.9350455068058415 
40200 0.2631578947368421 0.9350422842322592 
40300 0.32894736842105265 0.9350364657269834 
40400 0.3026315789473684 0.9350172416263798 
40500 0.2894736842105263 0.935011594905389 
40600 0.23684210526315788 0.9350117283862596 
40700 0.18421052631578946 0.9350091133154623 
40800 0.19736842105263158 0.9350186044201703 
40900 0.2236842105263158 0.9350257167821144 
41000 0.2631578947368421 0.9350248517686989 
41100 0.2631578947368421 0.9350250314053058 
41200 0.21052631578947367 0.9350432539322627 
41300 0.25 0.9350518306553046 
41400 0.2236842105263158 0.9350671195330904 
41500 0.23684210526315788 0.9350897854078342 
41600 0.25 0.9351141609703209 
41700 0.27631578947368424 0.9351183835046237 
41800 0.25 0.9350994498998387 
41900 0.23684210526315788 0.9351104388916732 
42000 0.27631578947368424 0.9351081396558227 
42100 0.2631578947368421 0.9351098361209073 
42200 0.2631578947368421 0.9351141747701165 
42300 0.25 0.9351102499754267 
42400 0.25 0.9351097572177419 
42500 0.2631578947368421 0.9351170065348308 
42600 0.2631578947368421 0.9351204382402687 
42700 0.2894736842105263 0.9351129919304244 
42800 0.27631578947368424 0.935119491182572 
42900 0.34210526315789475 0.9351189059511555 
43000 0.3026315789473684 0.9351168699871116 
43100 0.3157894736842105 0.9351040823329292 
43200 0.2631578947368421 0.9350845009679357 
43300 0.25 0.9350882561360562 
43400 0.3157894736842105 0.9350846421195728 
43500 0.2236842105263158 0.9350863380031191 
43600 0.19736842105263158 0.9350997200691921 
43700 0.2631578947368421 0.9351114601737405 
43800 0.2236842105263158 0.9351041462643848 
43900 0.3026315789473684 0.9351021856593603 
44000 0.25 0.9350907395645315 
44100 0.2236842105263158 0.9351028410860716 
44200 0.23684210526315788 0.9351039479935558 
44300 0.23684210526315788 0.9351005947352976 
44400 0.27631578947368424 0.9351014053737529 
44500 0.27631578947368424 0.9351095303594597 
44600 0.2894736842105263 0.935107735960605 
44700 0.23684210526315788 0.9351033004089159 
44800 0.23684210526315788 0.9350976364484346 
44900 0.25 0.9350760269083211 
45000 0.19736842105263158 0.935082875351308 
45100 0.23684210526315788 0.935086703060616 
45200 0.27631578947368424 0.9350924059667985 
45300 0.3157894736842105 0.9350662062763806 
45400 0.3157894736842105 0.9350530912256744 
45500 0.2631578947368421 0.9350549987912353 
45600 0.2894736842105263 0.9350480973986027 
45700 0.2236842105263158 0.9350471284170909 
45800 0.2236842105263158 0.9350453018148305 
45900 0.23684210526315788 0.9350371766926302 
46000 0.2631578947368421 0.9350363807880606 
46100 0.27631578947368424 0.9350369440553293 
46200 0.18421052631578946 0.9350577966528407 
46300 0.2236842105263158 0.9350528407366443 
46400 0.21052631578947367 0.9350589653807371 
46500 0.27631578947368424 0.9350601826333107 
46600 0.2236842105263158 0.9350799593186955 
46700 0.32894736842105265 0.9350919032501276 
46800 0.19736842105263158 0.9350899497199228 
46900 0.25 0.9351071517945415 
47000 0.2631578947368421 0.9351042642989679 
47100 0.25 0.9350976876119514 
47200 0.3026315789473684 0.9350905115747994 
47300 0.3157894736842105 0.9350816968373874 
47400 0.3026315789473684 0.9350731968790355 
47500 0.27631578947368424 0.9350740815428816 
47600 0.2894736842105263 0.9350695031838119 
47700 0.21052631578947367 0.9350858389816389 
47800 0.15789473684210525 0.9350846959819162 
47900 0.2631578947368421 0.9350854805800121 
48000 0.3026315789473684 0.9350903736654609 
48100 0.3157894736842105 0.9350755510061614 
48200 0.27631578947368424 0.9350696616907926 
48300 0.2236842105263158 0.9350667933212672 
48400 0.3026315789473684 0.935066859210173 
48500 0.3157894736842105 0.9350502404182659 
48600 0.2631578947368421 0.9350453992174733 
48700 0.2894736842105263 0.9350668526205558 
48800 0.25 0.9350696814884079 
48900 0.2236842105263158 0.935068731777092 
49000 0.27631578947368424 0.9350720151790672 
49100 0.25 0.9350730074100753 
49200 0.2236842105263158 0.9350808819675253 
49300 0.23684210526315788 0.9350896586916674 
49400 0.2894736842105263 0.9350938719544352 
49500 0.27631578947368424 0.9350990649843332 
49600 0.23684210526315788 0.9351038391628352 
49700 0.23684210526315788 0.9350980044878903 
49800 0.21052631578947367 0.9350967508578881 
49900 0.35526315789473684 0.9351040718517402 
50000 0.27631578947368424 0.935101692702988 
50100 0.2631578947368421 0.9351138332148008 
50200 0.2894736842105263 0.9351194382791703 
50300 0.2631578947368421 0.9351048137580188 
50400 0.21052631578947367 0.9351033657435786 
50500 0.27631578947368424 0.9350967776563048 
50600 0.3026315789473684 0.9350887204226253 
50700 0.25 0.9350835496860334 
50800 0.3026315789473684 0.9350788525712818 
50900 0.23684210526315788 0.9350690039178219 
51000 0.3815789473684211 0.9350709325616938 
51100 0.2894736842105263 0.9350606873487902 
51200 0.25 0.9350588341716187 
51300 0.3026315789473684 0.9350585912452717 
51400 0.2894736842105263 0.9350676927235698 
51500 0.3026315789473684 0.9350573417583102 
51600 0.2236842105263158 0.9350509833040771 
51700 0.2894736842105263 0.9350583924366728 
51800 0.25 0.9350593592482974 
51900 0.2894736842105263 0.9350487238355615 
52000 0.3157894736842105 0.9350438857957185 
52100 0.25 0.9350595856832731 
52200 0.21052631578947367 0.93505795916392 
52300 0.23684210526315788 0.9350650183804476 
52400 0.32894736842105265 0.935082094656691 
52500 0.25 0.9350813117344131 
52600 0.21052631578947367 0.9350782179446259 
52700 0.25 0.9350763218315042 
52800 0.25 0.9350778593706858 
52900 0.2631578947368421 0.9350746031066968 
53000 0.23684210526315788 0.9350941367541228 
53100 0.25 0.935104056916363 
53200 0.25 0.9351081276667732 
53300 0.2236842105263158 0.9351108871266363 
53400 0.23684210526315788 0.9351210897883836 
53500 0.25 0.9351334677462989 
53600 0.25 0.9351392943375958 
53700 0.27631578947368424 0.9351392799702838 
53800 0.21052631578947367 0.9351430564291996 
53900 0.3157894736842105 0.9351475512123103 
54000 0.25 0.9351500191516922 
54100 0.21052631578947367 0.9351627535827239 
54200 0.2631578947368421 0.9351727099616535 
54300 0.19736842105263158 0.9351722707442627 
54400 0.23684210526315788 0.9351657864261396 
54500 0.19736842105263158 0.9351737510369197 
54600 0.23684210526315788 0.9351826504045135 
54700 0.21052631578947367 0.9351841806990924 
54800 0.21052631578947367 0.9351870860020802 
54900 0.2894736842105263 0.9351879435615688 
55000 0.27631578947368424 0.9351826378276376 
55100 0.25 0.9351938879703205 
55200 0.2631578947368421 0.9351927024586701 
55300 0.19736842105263158 0.9352060945885627 
55400 0.27631578947368424 0.9352035850578414 
55500 0.27631578947368424 0.9351910088865161 
55600 0.19736842105263158 0.9352032668855823 
55700 0.19736842105263158 0.9352230400285736 
55800 0.2236842105263158 0.9352224634721694 
55900 0.2236842105263158 0.9352187702131305 
56000 0.25 0.9352311847814747 
56100 0.3026315789473684 0.9352270200643764 
56200 0.21052631578947367 0.9352268502433465 
56300 0.27631578947368424 0.9352194361322926 
56400 0.27631578947368424 0.9352234796135567 
56500 0.21052631578947367 0.9352239573775593 
56600 0.2631578947368421 0.935229024687122 
56700 0.27631578947368424 0.9352325657488636 
56800 0.3684210526315789 0.93523111388884 
56900 0.2236842105263158 0.9352252735360307 
57000 0.27631578947368424 0.935221819746468 
57100 0.25 0.9352010956578325 
57200 0.2631578947368421 0.9352152359316501 
57300 0.19736842105263158 0.9352169843641931 
57400 0.3026315789473684 0.9352179817149711 
57500 0.2236842105263158 0.9352105089247876 
57600 0.27631578947368424 0.9352051750746286 
57700 0.23684210526315788 0.9351991185959561 
57800 0.27631578947368424 0.9352002537745204 
57900 0.2631578947368421 0.9351888863841094 
58000 0.27631578947368424 0.9351854981629173 
58100 0.27631578947368424 0.9351922559535618 
58200 0.25 0.9351914734689855 
58300 0.19736842105263158 0.9351950381820661 
58400 0.25 0.9352015196206986 
58500 0.19736842105263158 0.9352118587266615 
58600 0.2894736842105263 0.9352231168140656 
58700 0.32894736842105265 0.9352016665187269 
58800 0.2236842105263158 0.9352020508065115 
58900 0.32894736842105265 0.93520371828197 
59000 0.3157894736842105 0.9351871489243269 
59100 0.2236842105263158 0.93517213841782 
59200 0.3026315789473684 0.9351702362780145 
59300 0.21052631578947367 0.9351664545463421 
59400 0.3026315789473684 0.9351676695146901 
59500 0.27631578947368424 0.9351681064183796 
59600 0.23684210526315788 0.9351692593465846 
59700 0.2236842105263158 0.9351683697443135 
59800 0.32894736842105265 0.9351698484183066 
59900 0.25 0.9351646774194966 
60000 0.2894736842105263 0.9351554118834862 
60100 0.2894736842105263 0.9351574520609606 
60200 0.27631578947368424 0.9351541852338525 
60300 0.27631578947368424 0.9351580208585176 
60400 0.2894736842105263 0.9351561798819992 
60500 0.25 0.935151789574596 
60600 0.2894736842105263 0.9351597355089676 
60700 0.27631578947368424 0.9351543241722369 
60800 0.23684210526315788 0.9351598592994056 
60900 0.21052631578947367 0.9351585705532447 
61000 0.25 0.9351637570221023 
61100 0.25 0.9351628968084768 
61200 0.25 0.9351800989663912 
61300 0.25 0.9351881762897317 
61400 0.21052631578947367 0.9351938164902166 
61500 0.3026315789473684 0.9351820017475112 
61600 0.18421052631578946 0.9351724681502949 
61700 0.25 0.9351797590928749 
61800 0.2236842105263158 0.9351860683569249 
61900 0.3157894736842105 0.9351948017164929 
62000 0.2236842105263158 0.9351997399872158 
62100 0.3026315789473684 0.9352112306014226 
62200 0.27631578947368424 0.9352188765792393 
62300 0.23684210526315788 0.9352196868513558 
62400 0.3157894736842105 0.9352230775653899 
62500 0.2631578947368421 0.9352061945956233 
62600 0.27631578947368424 0.9352035006166877 
62700 0.19736842105263158 0.9351999758251148 
62800 0.2894736842105263 0.935204528674116 
62900 0.2894736842105263 0.935206190764267 
63000 0.2894736842105263 0.9352084741344958 
63100 0.3157894736842105 0.9352040775898955 
63200 0.2894736842105263 0.9351973007588987 
63300 0.23684210526315788 0.9352067066372112 
63400 0.25 0.9352049797487837 
63500 0.18421052631578946 0.9352032064973697 
63600 0.2236842105263158 0.9351962150545465 
63700 0.2236842105263158 0.9351872316306693 
63800 0.27631578947368424 0.935194001661416 
63900 0.25 0.9351916389579604 
64000 0.2894736842105263 0.9351923674712319 
64100 0.2631578947368421 0.9351848316677874 
64200 0.19736842105263158 0.9352032965546527 
64300 0.19736842105263158 0.9352077891888396 
64400 0.2236842105263158 0.9352014393369178 
64500 0.27631578947368424 0.9352057679236307 
64600 0.2894736842105263 0.9352020886917997 
64700 0.23684210526315788 0.9351926757822827 
64800 0.2894736842105263 0.9351934444643886 
64900 0.25 0.9351898519121026 
65000 0.25 0.9351861692006358 
65100 0.23684210526315788 0.935188460198283 
65200 0.23684210526315788 0.9351917531939694 
65300 0.21052631578947367 0.9351978570490176 
65400 0.21052631578947367 0.9352095252044271 
65500 0.2631578947368421 0.9352159850512527 
65600 0.3157894736842105 0.9352132489154931 
65700 0.2894736842105263 0.9352002072386946 
65800 0.23684210526315788 0.9352018026441767 
65900 0.21052631578947367 0.9352043416001194 
66000 0.18421052631578946 0.9351981509052095 
66100 0.2236842105263158 0.9351955619749363 
66200 0.27631578947368424 0.9351926827309812 
66300 0.2236842105263158 0.9351912509853388 
66400 0.25 0.9351975517172776 
66500 0.23684210526315788 0.9351926049390631 
66600 0.3026315789473684 0.9351873766712844 
66700 0.27631578947368424 0.935175161107819 
66800 0.23684210526315788 0.9351815959263138 
66900 0.27631578947368424 0.9351881590157963 
67000 0.2631578947368421 0.9351838032268175 
67100 0.2894736842105263 0.9351812742613452 
67200 0.2236842105263158 0.9351886896263292 
67300 0.25 0.9351911952508721 
67400 0.2631578947368421 0.9351958896439925 
67500 0.25 0.9351974999980507 
67600 0.3157894736842105 0.9351976944439471 
67700 0.23684210526315788 0.9351946329021028 
67800 0.27631578947368424 0.9351944428703505 
67900 0.2236842105263158 0.9351912497994371 
68000 0.2236842105263158 0.9351956608223254 
68100 0.27631578947368424 0.9352012181597148 
68200 0.17105263157894737 0.9351934471558142 
68300 0.25 0.9352023145996937 
68400 0.21052631578947367 0.9352000470907242 
68500 0.27631578947368424 0.9351912073507955 
68600 0.21052631578947367 0.9351844552672625 
68700 0.3157894736842105 0.9351860062559421 
68800 0.23684210526315788 0.9351789466799366 
68900 0.2894736842105263 0.9351796418049085 
69000 0.23684210526315788 0.9351851975448106 
69100 0.27631578947368424 0.9351837394386097 
69200 0.27631578947368424 0.9351802890740094 
69300 0.2631578947368421 0.9351726241513945 
69400 0.21052631578947367 0.9351739869515 
69500 0.23684210526315788 0.9351791322199832 
69600 0.3026315789473684 0.9351718800924669 
69700 0.3026315789473684 0.9351687074639872 
69800 0.21052631578947367 0.9351691255365818 
69900 0.2236842105263158 0.9351751424382906 
70000 0.25 0.9351809541818575 
70100 0.21052631578947367 0.9351875001407743 
70200 0.2631578947368421 0.9351890605097093 
70300 0.2631578947368421 0.9351911311436013 
70400 0.27631578947368424 0.9351915138017627 
70500 0.2894736842105263 0.9351939016915773 
70600 0.27631578947368424 0.9351997772508068 
70700 0.25 0.9352027980695575 
70800 0.2631578947368421 0.9351939163809015 
70900 0.2894736842105263 0.9351853381178649 
71000 0.19736842105263158 0.9351857257014171 
71100 0.27631578947368424 0.9351939309462669 
71200 0.25 0.9352070565241913 
71300 0.2894736842105263 0.9351978620658602 
71400 0.25 0.9351943600229689 
71500 0.27631578947368424 0.9351904997280126 
71600 0.2631578947368421 0.9351822857516692 
71700 0.2894736842105263 0.9351773520005227 
71800 0.3684210526315789 0.935173210826121 
71900 0.2631578947368421 0.935167754419637 
72000 0.21052631578947367 0.9351573333411305 
72100 0.3026315789473684 0.9351540127554987 
72200 0.21052631578947367 0.9351491523298627 
72300 0.25 0.9351497194841157 
72400 0.2894736842105263 0.9351461051352155 
72500 0.2894736842105263 0.9351452684137206 
72600 0.25 0.9351452948668969 
72700 0.27631578947368424 0.9351412942991445 
72800 0.2631578947368421 0.93513698843061 
72900 0.2631578947368421 0.9351287687195108 
73000 0.25 0.9351239510778151 
73100 0.27631578947368424 0.9351267964510529 
73200 0.2236842105263158 0.9351376778718151 
73300 0.3157894736842105 0.935133585813075 
73400 0.25 0.9351268608128815 
73500 0.3157894736842105 0.935129149692915 
73600 0.25 0.9351321474465092 
73700 0.27631578947368424 0.9351265675892422 
73800 0.32894736842105265 0.9351254600743536 
73900 0.2236842105263158 0.9351320561149019 
74000 0.2631578947368421 0.9351425905339829 
74100 0.25 0.935135029074826 
74200 0.2894736842105263 0.9351399452695701 
74300 0.2894736842105263 0.9351358609609987 
74400 0.21052631578947367 0.9351230335047845 
74500 0.3026315789473684 0.9351172167240426 
74600 0.32894736842105265 0.9351096958626913 
74700 0.3026315789473684 0.9351004777643362 
74800 0.3026315789473684 0.9350877662063342 
74900 0.3157894736842105 0.9350756156020684 
75000 0.25 0.9350684973323162 
75100 0.25 0.9350614856204171 
75200 0.2631578947368421 0.9350652969340413 
75300 0.25 0.9350592691506858 
75400 0.27631578947368424 0.9350613282387013 
75500 0.2894736842105263 0.9350595478345006 
75600 0.19736842105263158 0.9350633850568671 
75700 0.3026315789473684 0.9350656478152621 
75800 0.3026315789473684 0.9350502857551525 
75900 0.23684210526315788 0.935051606351487 
76000 0.23684210526315788 0.935048595274716 
76100 0.2631578947368421 0.9350545829330689 
76200 0.3026315789473684 0.9350526118941663 
76300 0.34210526315789475 0.9350491371086397 
76400 0.23684210526315788 0.9350422269893133 
76500 0.23684210526315788 0.9350462997043726 
76600 0.2631578947368421 0.9350445215432807 
76700 0.2631578947368421 0.935032369371428 
76800 0.2631578947368421 0.9350439344608314 
76900 0.23684210526315788 0.9350457166733168 
77000 0.2894736842105263 0.9350398473977439 
77100 0.19736842105263158 0.9350482432817104 
77200 0.27631578947368424 0.9350543165175799 
77300 0.23684210526315788 0.9350579059030353 
77400 0.2631578947368421 0.9350376865115981 
77500 0.2894736842105263 0.9350454051866224 
77600 0.3157894736842105 0.9350330960873402 
77700 0.2236842105263158 0.9350204376560892 
77800 0.2236842105263158 0.9350273876874807 
77900 0.3157894736842105 0.9350376135297229 
78000 0.25 0.935036637519492 
78100 0.15789473684210525 0.9350420238570973 
78200 0.21052631578947367 0.9350499202796572 
78300 0.27631578947368424 0.935047587951757 
78400 0.3026315789473684 0.9350429119795062 
78500 0.27631578947368424 0.9350466286383211 
78600 0.23684210526315788 0.9350462345128862 
78700 0.2236842105263158 0.9350518601716423 
78800 0.3157894736842105 0.9350508342466933 
78900 0.25 0.9350485601876836 
79000 0.27631578947368424 0.9350568680343153 
79100 0.21052631578947367 0.9350542178254451 
79200 0.2236842105263158 0.9350551046338463 
79300 0.27631578947368424 0.9350523388899987 
79400 0.27631578947368424 0.93505840440827 
79500 0.23684210526315788 0.9350635443844135 
79600 0.23684210526315788 0.9350668531670125 
79700 0.2236842105263158 0.935070896554821 
79800 0.3026315789473684 0.9350598017172981 
79900 0.27631578947368424 0.9350469231990377 
80000 0.2631578947368421 0.9350526210527632 
80100 0.2236842105263158 0.9350529660251301 
80200 0.25 0.9350576987818107 
80300 0.25 0.9350589377860536 
80400 0.25 0.9350676608499894 
80500 0.23684210526315788 0.9350672907626515 
80600 0.19736842105263158 0.9350702273512344 
80700 0.27631578947368424 0.9350695289108137 
80800 0.25 0.9350774221788553 
80900 0.2631578947368421 0.9350817584715302 
81000 0.23684210526315788 0.935078002610754 
81100 0.2236842105263158 0.9350813946093208 
81200 0.27631578947368424 0.9350883026460006 
81300 0.25 0.9350867779188319 
81400 0.19736842105263158 0.9350915206007426 
81500 0.2631578947368421 0.9350921751686612 
81600 0.25 0.9350939971710873 
81700 0.3026315789473684 0.9350934392351057 
81800 0.2894736842105263 0.935098954844845 
81900 0.25 0.93509867336624 
82000 0.25 0.9350891661141488 
82100 0.21052631578947367 0.9350898988985966 
82200 0.2236842105263158 0.9350999939813769 
82300 0.25 0.935099512764122 
82400 0.2631578947368421 0.9350957193289045 
82500 0.23684210526315788 0.9350983145977816 
82600 0.23684210526315788 0.9351013416429902 
82700 0.2236842105263158 0.9351083389178136 
82800 0.25 0.9351024078656563 
82900 0.21052631578947367 0.9351054983782178 
83000 0.3026315789473684 0.9351046182702936 
83100 0.19736842105263158 0.935108648702055 
83200 0.25 0.9351090320903278 
83300 0.23684210526315788 0.9351152194419856 
83400 0.27631578947368424 0.9351122020498303 
83500 0.25 0.9351018251278428 
83600 0.2894736842105263 0.9350932043119605 
83700 0.2236842105263158 0.9350946649697325 
83800 0.27631578947368424 0.9350910192002482 
83900 0.17105263157894737 0.935094909790298 
84000 0.21052631578947367 0.9351009840734978 
84100 0.3157894736842105 0.9350972655685301 
84200 0.25 0.9350928917583802 
84300 0.23684210526315788 0.9350994540865158 
84400 0.2631578947368421 0.9351054162491215 
84500 0.19736842105263158 0.9351063425596333 
84600 0.2894736842105263 0.935111893663071 
84700 0.3026315789473684 0.9351100915977504 
84800 0.25 0.9350987513181014 
84900 0.19736842105263158 0.9351051828786345 
85000 0.23684210526315788 0.9351071875934587 
85100 0.27631578947368424 0.9351065204874208 
85200 0.2236842105263158 0.9351016080241212 
85300 0.27631578947368424 0.9351074661924739 
85400 0.27631578947368424 0.9351040663273387 
85500 0.34210526315789475 0.9351075225959191 
85600 0.3157894736842105 0.9350986738349711 
85700 0.2894736842105263 0.9350890396783431 
85800 0.3026315789473684 0.9350841819411994 
85900 0.25 0.9350784930510582 
86000 0.32894736842105265 0.9350719376580077 
86100 0.19736842105263158 0.9350727710235042 
86200 0.2631578947368421 0.9350809292724044 
86300 0.25 0.9350732122394142 
86400 0.2894736842105263 0.9350661983688054 
86500 0.23684210526315788 0.9350619387424179 
86600 0.2894736842105263 0.9350598540554108 
86700 0.34210526315789475 0.9350489340558811 
86800 0.23684210526315788 0.9350456185624832 
86900 0.2894736842105263 0.9350452253895691 
87000 0.3026315789473684 0.9350428670208872 
87100 0.23684210526315788 0.9350480673072217 
87200 0.21052631578947367 0.9350554058711301 
87300 0.17105263157894737 0.9350609189983354 
87400 0.2894736842105263 0.935069091706165 
87500 0.2631578947368421 0.9350714563262135 
87600 0.27631578947368424 0.9350764065418623 
87700 0.2631578947368421 0.9350749691385623 
87800 0.32894736842105265 0.935067503127587 
87900 0.34210526315789475 0.9350683244726873 
88000 0.23684210526315788 0.9350711250888896 
88100 0.2236842105263158 0.935068094692754 
88200 0.2894736842105263 0.9350640269026667 
88300 0.3026315789473684 0.9350658915467965 
88400 0.2894736842105263 0.9350645146309967 
88500 0.19736842105263158 0.9350683072864475 
88600 0.25 0.9350724255221071 
88700 0.34210526315789475 0.93506856120414 
88800 0.25 0.9350692619037599 
88900 0.21052631578947367 0.9350708860654577 
89000 0.2631578947368421 0.9350720260978735 
89100 0.25 0.9350698409079229 
89200 0.2236842105263158 0.9350710533101175 
89300 0.23684210526315788 0.9350785987544196 
89400 0.2894736842105263 0.9350826686266903 
89500 0.23684210526315788 0.9350848182231425 
89600 0.35526315789473684 0.9350824106756327 
89700 0.23684210526315788 0.9350748744806576 
89800 0.23684210526315788 0.9350809450603937 
89900 0.35526315789473684 0.9350812941018747 
90000 0.3157894736842105 0.9350835794806959 
90100 0.2631578947368421 0.9350848740506998 
90200 0.2631578947368421 0.9350901772590922 
90300 0.19736842105263158 0.935095505149736 
90400 0.2236842105263158 0.9350894683279587 
90500 0.27631578947368424 0.9350931132485305 
90600 0.27631578947368424 0.9351002356195673 
90700 0.25 0.9350999075040662 
90800 0.27631578947368424 0.9351029130214773 
90900 0.2631578947368421 0.9351039578048762 
91000 0.27631578947368424 0.9351031206134808 
91100 0.27631578947368424 0.935105498870831 
91200 0.21052631578947367 0.9351090982381888 
91300 0.2894736842105263 0.9351148514543277 
91400 0.25 0.9351101551347762 
91500 0.23684210526315788 0.9351048219777869 
91600 0.19736842105263158 0.9351051025643825 
91700 0.23684210526315788 0.9351096512751109 
91800 0.2236842105263158 0.9351089226754209 
91900 0.27631578947368424 0.9351137436795545 
92000 0.2894736842105263 0.9351139060845448 
92100 0.2236842105263158 0.9351185326292245 
92200 0.2236842105263158 0.9351189392283107 
92300 0.27631578947368424 0.9351245838130282 
92400 0.27631578947368424 0.9351161897883311 
92500 0.2236842105263158 0.9351249901139049 
92600 0.21052631578947367 0.9351241446750319 
92700 0.2631578947368421 0.9351328109785905 
92800 0.2236842105263158 0.9351347237637525 
92900 0.27631578947368424 0.9351329145513702 
93000 0.3157894736842105 0.9351372990330041 
93100 0.25 0.9351304384203007 
93200 0.3026315789473684 0.9351275102085532 
93300 0.2894736842105263 0.9351221555700593 
93400 0.2894736842105263 0.9351127270135167 
93500 0.21052631578947367 0.9351148580454248 
93600 0.27631578947368424 0.9351142784686848 
93700 0.25 0.9351095927190577 
93800 0.25 0.9351143153563058 
93900 0.2236842105263158 0.9351214450941894 
94000 0.3815789473684211 0.9351200211195961 
94100 0.21052631578947367 0.9351195789630291 
94200 0.19736842105263158 0.9351203948555692 
94300 0.25 0.9351350225677129 
94400 0.25 0.9351312555788046 
94500 0.21052631578947367 0.9351350848974587 
94600 0.27631578947368424 0.9351362286701097 
94700 0.3157894736842105 0.9351360500833926 
94800 0.27631578947368424 0.9351339287449222 
94900 0.2894736842105263 0.9351394028902141 
95000 0.15789473684210525 0.9351424763395842 
95100 0.2631578947368421 0.9351420498096483 
95200 0.2631578947368421 0.9351443538574064 
95300 0.2236842105263158 0.9351481718035763 
95400 0.3157894736842105 0.9351501887600208 
95500 0.2894736842105263 0.9351472070559746 
95600 0.2631578947368421 0.9351444036315409 
95700 0.25 0.9351495460917474 
95800 0.2236842105263158 0.9351469177609947 
95900 0.23684210526315788 0.9351488226070855 
96000 0.27631578947368424 0.935146783010484 
96100 0.2631578947368421 0.9351385179189219 
96200 0.2894736842105263 0.9351415197566061 
96300 0.23684210526315788 0.9351431490299876 
96400 0.27631578947368424 0.9351378821141296 
96500 0.19736842105263158 0.93513729609565 
96600 0.2236842105263158 0.9351371880208279 
96700 0.2894736842105263 0.9351344268469438 
96800 0.2631578947368421 0.9351309237779731 
96900 0.27631578947368424 0.9351302794659118 
97000 0.2236842105263158 0.9351339432745945 
97100 0.25 0.9351263185538227 
97200 0.18421052631578946 0.9351351567208265 
97300 0.25 0.9351437738780204 
97400 0.3026315789473684 0.9351363989562411 
97500 0.18421052631578946 0.9351434114845786 
97600 0.3026315789473684 0.9351499377972292 
97700 0.2631578947368421 0.935147898879449 
97800 0.27631578947368424 0.9351431061139726 
97900 0.25 0.9351450767397139 
98000 0.23684210526315788 0.9351499971267747 
98100 0.21052631578947367 0.9351569864355693 
98200 0.23684210526315788 0.9351584679435679 
98300 0.17105263157894737 0.9351546592394252 
98400 0.2894736842105263 0.9351518945838697 
98500 0.2631578947368421 0.9351597218622948 
98600 0.21052631578947367 0.9351643305635312 
98700 0.3026315789473684 0.9351618644614597 
98800 0.27631578947368424 0.9351574723034446 
98900 0.3157894736842105 0.9351593752178547 
99000 0.2631578947368421 0.9351568551407509 
99100 0.27631578947368424 0.9351545393083823 
99200 0.2236842105263158 0.9351551461970619 
99300 0.3026315789473684 0.9351532673916996 
99400 0.23684210526315788 0.9351459982135094 
99500 0.2894736842105263 0.935145322527835 
99600 0.23684210526315788 0.9351456389943242 
99700 0.2631578947368421 0.935143414335178 
99800 0.2236842105263158 0.935138326585695 
99900 0.3026315789473684 0.9351367722466294 
