0 0.025 0.990625 
100 0.2125 0.9590965346534653 
200 0.1625 0.9553482587064677 
300 0.1625 0.9544435215946844 
400 0.25 0.9520729426433915 
500 0.2 0.9511352295409181 
600 0.2375 0.9490328618968386 
700 0.2875 0.9485199714693295 
800 0.3125 0.9480298064918852 
900 0.25 0.9470969755826859 
1000 0.2375 0.9467750999000999 
1100 0.2625 0.9464237057220708 
1200 0.2625 0.9454803288925895 
1300 0.2375 0.9460991544965411 
1400 0.2 0.9460987687366167 
1500 0.25 0.9457923884077282 
1600 0.2375 0.9461976889444097 
1700 0.1625 0.9460207231040564 
1800 0.1875 0.9463822182121043 
1900 0.2125 0.9463670436612309 
2000 0.2125 0.9462425037481259 
2100 0.1875 0.9463559019514517 
2200 0.1875 0.9462034302589732 
2300 0.225 0.9460044545849631 
2400 0.15 0.9460237921699292 
2500 0.25 0.9462927329068372 
2600 0.2 0.9462910899653979 
2700 0.1625 0.9465012958163643 
2800 0.2875 0.9462736522670475 
2900 0.2125 0.9461651154774215 
3000 0.2625 0.9460388203932023 
3100 0.1875 0.9461484198645598 
3200 0.2375 0.9461437831927523 
3300 0.25 0.946038132384126 
3400 0.225 0.9460048515142605 
3500 0.275 0.9458779634390174 
3600 0.2125 0.9456479103026937 
3700 0.225 0.9455265468792219 
3800 0.2375 0.9454798079452775 
3900 0.225 0.9456149064342476 
4000 0.2375 0.945708104223944 
4100 0.25 0.9455491038771031 
4200 0.2875 0.9454475124970245 
4300 0.1875 0.945372442455243 
4400 0.225 0.945281612133606 
4500 0.25 0.94515871473006 
4600 0.175 0.9453311780047816 
4700 0.2125 0.9453859551159328 
4800 0.225 0.9454293376379921 
4900 0.25 0.9454173893083044 
5000 0.2625 0.9454334133173365 
5100 0.25 0.945469025681239 
5200 0.25 0.9454449865410498 
5300 0.25 0.9454896481795888 
5400 0.175 0.9455228198481762 
5500 0.225 0.9455309261952373 
5600 0.225 0.9455738930548117 
5700 0.2125 0.9455928784423785 
5800 0.2625 0.9455659584554387 
5900 0.25 0.9455436578546009 
6000 0.225 0.9455101233127812 
6100 0.2 0.945505347484019 
6200 0.25 0.9454342041606193 
6300 0.25 0.9454173940644343 
6400 0.15 0.9455275542883924 
6500 0.25 0.9454377211198277 
6600 0.2125 0.9454807983638842 
6700 0.2625 0.9454167288464408 
6800 0.2625 0.9453039994118512 
6900 0.2625 0.9452937074337052 
7000 0.2375 0.9452439830024282 
7100 0.2 0.9452546296296296 
7200 0.2125 0.9452975281210942 
7300 0.225 0.9453512361320368 
7400 0.225 0.9453456458586678 
7500 0.1875 0.9454464404746034 
7600 0.25 0.9454660570977503 
7700 0.25 0.9454324113751461 
7800 0.1875 0.9454360819125753 
7900 0.225 0.945501756106822 
8000 0.275 0.945417369703787 
8100 0.2375 0.9453952444142698 
8200 0.2 0.9454155743202048 
8300 0.225 0.9454730604746416 
8400 0.2625 0.9454529222711582 
8500 0.2625 0.9454542112692624 
8600 0.2375 0.9454598302522963 
8700 0.3 0.9453575738420871 
8800 0.2375 0.9453595472105443 
8900 0.1625 0.9453649870801034 
9000 0.2875 0.945309896122653 
9100 0.2 0.945308207889243 
9200 0.225 0.945345614607108 
9300 0.2125 0.945372809375336 
9400 0.2 0.945410062759281 
9500 0.2625 0.9454064045889906 
9600 0.2625 0.9453940344755755 
9700 0.2625 0.9453745103597567 
9800 0.3 0.9453286016732987 
9900 0.2 0.9452940359559641 
10000 0.2 0.9452676607339267 
10100 0.225 0.9452195327195327 
10200 0.225 0.9452734413292815 
10300 0.275 0.9452492476458596 
10400 0.2625 0.9452135011056629 
10500 0.2375 0.945133796781259 
10600 0.2125 0.9451098363361947 
10700 0.225 0.9451531982992244 
10800 0.175 0.9451636422553468 
10900 0.2375 0.9451661544812403 
11000 0.2625 0.9451504408690119 
11100 0.2375 0.9451842739392847 
11200 0.2125 0.9451748169806268 
11300 0.2375 0.945159996902929 
11400 0.2 0.9451561266555565 
11500 0.25 0.9451784083992696 
11600 0.2625 0.9452164684078959 
11700 0.2875 0.9451964575677293 
11800 0.175 0.9452300122870944 
11900 0.275 0.9452099613477859 
12000 0.225 0.9451970148320973 
12100 0.2125 0.9452472936120981 
12200 0.1875 0.9452547434636506 
12300 0.2375 0.9452658828550524 
12400 0.25 0.9452488710587856 
12500 0.1875 0.9452751279897608 
12600 0.2375 0.9452729446075708 
12700 0.1875 0.9453099165420046 
12800 0.2125 0.9453155515194126 
12900 0.1875 0.945323036973878 
13000 0.1875 0.9453679043919698 
13100 0.2 0.9453992061674681 
13200 0.25 0.9453916843420953 
13300 0.2625 0.9453666547627998 
13400 0.2 0.9453648515036192 
13500 0.1875 0.9453915450707355 
13600 0.25 0.9454102639511801 
13700 0.2125 0.9454291657543245 
13800 0.2125 0.9454951181073835 
13900 0.2 0.9455156103877419 
14000 0.225 0.9455206324548246 
14100 0.25 0.9455047514360684 
14200 0.25 0.9454699492993451 
14300 0.2 0.9455123330536326 
14400 0.225 0.9455419762516492 
14500 0.225 0.9455072063995587 
14600 0.25 0.9455045887267995 
14700 0.2 0.9455071083599755 
14800 0.225 0.9454606107695426 
14900 0.2625 0.9454696832427354 
15000 0.2625 0.9454550946603559 
15100 0.1625 0.9454353188530561 
15200 0.2 0.9454844664824683 
15300 0.2625 0.9454627148552383 
15400 0.2875 0.9454501736900202 
15500 0.1875 0.9454232791432811 
15600 0.2375 0.9454091484520223 
15700 0.2625 0.9453987803324629 
15800 0.2625 0.9453412758686159 
15900 0.225 0.9453324476448022 
16000 0.275 0.9453143553527904 
16100 0.2 0.9453077448605677 
16200 0.275 0.9453091244367632 
16300 0.15 0.945320647506288 
16400 0.2375 0.9453440339003719 
16500 0.2375 0.9453544482152597 
16600 0.2125 0.945384502439612 
16700 0.2125 0.9453750898149811 
16800 0.2125 0.9453795533003988 
16900 0.2625 0.9453967220874504 
17000 0.2375 0.9454210414093288 
17100 0.25 0.9454098079059704 
17200 0.2 0.9453816275216557 
17300 0.275 0.9453853823478412 
17400 0.2125 0.945388196080685 
17500 0.2125 0.9453841923318668 
17600 0.2 0.9453688710868701 
17700 0.2875 0.9454204564713858 
17800 0.2 0.9454180944890737 
17900 0.175 0.9454304228814032 
18000 0.2625 0.945449558357869 
18100 0.3 0.9454244585934479 
18200 0.2 0.9454011798802263 
18300 0.225 0.9454008660728922 
18400 0.225 0.9453854410086409 
18500 0.2625 0.9453652843089563 
18600 0.2625 0.9453429923122413 
18700 0.2625 0.9453620461472648 
18800 0.225 0.9453353545024201 
18900 0.1875 0.945310102640072 
19000 0.2125 0.9453263972948792 
19100 0.2625 0.9453457934139574 
19200 0.225 0.9453340646320504 
19300 0.2 0.9453112856846796 
19400 0.2375 0.945337547033658 
19500 0.2 0.9453544049023127 
19600 0.2375 0.945354509973981 
19700 0.1875 0.9453401794325161 
19800 0.2125 0.9453567685975456 
19900 0.175 0.9453551329078941 
20000 0.225 0.9453699190040498 
20100 0.275 0.945362948360778 
20200 0.2 0.94537801346468 
20300 0.2 0.9454109403477661 
20400 0.2 0.9454296051664134 
20500 0.2625 0.9453906211892102 
20600 0.25 0.9453881182952284 
20700 0.2 0.9454146236896769 
20800 0.2375 0.9454306583818086 
20900 0.1875 0.9454253085976747 
21000 0.225 0.9454386100661873 
21100 0.2 0.9454295708734183 
21200 0.2375 0.9454440533465402 
21300 0.2875 0.9454416752734613 
21400 0.225 0.9454318723424139 
21500 0.2125 0.9454273929119575 
21600 0.275 0.9454217976019629 
21700 0.2625 0.9454132298050781 
21800 0.275 0.9453975735058024 
21900 0.2625 0.9453839151180311 
22000 0.175 0.9454014874323894 
22100 0.35 0.9454060336636352 
22200 0.225 0.945391817936129 
22300 0.175 0.9454100993229003 
22400 0.2125 0.9454021304852462 
22500 0.3125 0.9453989544909115 
22600 0.275 0.945382118047874 
22700 0.225 0.9453823620104841 
22800 0.225 0.9453543704223499 
22900 0.2 0.9453888476485743 
23000 0.225 0.9453519683926785 
23100 0.175 0.9453683011557941 
23200 0.25 0.9454057745355804 
23300 0.2875 0.945377478434402 
23400 0.175 0.9453805392931925 
23500 0.2625 0.9453958076252075 
23600 0.2625 0.9453765200627092 
23700 0.25 0.9453841610058648 
23800 0.225 0.9453493288097139 
23900 0.225 0.9453425065896824 
24000 0.2375 0.9453461574517729 
24100 0.2375 0.9453298099663915 
24200 0.175 0.9453469123176729 
24300 0.2625 0.9453658028476194 
24400 0.2 0.9453920945862875 
24500 0.2375 0.945410008775152 
24600 0.25 0.9454347638307385 
24700 0.25 0.9454275636613902 
24800 0.225 0.9454103413168824 
24900 0.225 0.9454050540138951 
25000 0.225 0.9453848096076157 
25100 0.2125 0.9453943567985339 
25200 0.2 0.945378407602873 
25300 0.25 0.9453550501956445 
25400 0.2375 0.9453662011338136 
25500 0.275 0.9453784900592134 
25600 0.25 0.9453628520370299 
25700 0.175 0.9453486732033773 
25800 0.2 0.9453547100887563 
25900 0.2625 0.9453718003165901 
26000 0.2625 0.9453465732087227 
26100 0.25 0.9453440481207617 
26200 0.1625 0.9453439277126827 
26300 0.2625 0.9453584226835482 
26400 0.25 0.9453890240899966 
26500 0.25 0.945386259009094 
26600 0.2375 0.9453825749031991 
26700 0.2 0.9453891005954833 
26800 0.1875 0.9454028067982538 
26900 0.1625 0.9454210577673693 
27000 0.2125 0.9454247064923521 
27100 0.25 0.9454287895280616 
27200 0.2375 0.945388381860961 
27300 0.2 0.9453927969671441 
27400 0.275 0.945393758439473 
27500 0.1625 0.9454136895022 
27600 0.2 0.9454288341002137 
27700 0.225 0.9454260450886249 
27800 0.225 0.9454304701269739 
27900 0.2125 0.9454208630515035 
28000 0.25 0.9454227081175672 
28100 0.2 0.9454159771894238 
28200 0.225 0.945411953476827 
28300 0.175 0.9454322506271863 
28400 0.2 0.9454494339988029 
28500 0.1875 0.9454546550998211 
28600 0.2 0.9454604952624034 
28700 0.1875 0.9454470227518205 
28800 0.2 0.9454395029686469 
28900 0.225 0.9454480381301685 
29000 0.2375 0.9454389503810213 
29100 0.25 0.9454412004742105 
29200 0.2125 0.9454366930927023 
29300 0.225 0.9454395754411112 
29400 0.1625 0.9454590192510459 
29500 0.275 0.9454781193857835 
29600 0.225 0.9454968793284011 
29700 0.175 0.9455119356250631 
29800 0.225 0.9455304561927452 
29900 0.2625 0.9455225159693655 
30000 0.2125 0.9455209826339122 
30100 0.2125 0.9455214320122255 
30200 0.2625 0.9455292250256614 
30300 0.2625 0.9455054082373519 
30400 0.225 0.9455068295450808 
30500 0.2 0.9455118274810662 
30600 0.2375 0.9454921816280514 
30700 0.2125 0.9454857944366633 
30800 0.25 0.9454908119866238 
30900 0.2125 0.945490234943853 
31000 0.2125 0.9454989355182091 
31100 0.2375 0.9455205419439889 
31200 0.2125 0.9455295903977436 
31300 0.2375 0.9455191128078975 
31400 0.2625 0.9455199476131333 
31500 0.1875 0.9455113528141964 
31600 0.25 0.9454886712445809 
31700 0.2625 0.9454635697612063 
31800 0.2625 0.9454392157479324 
31900 0.2625 0.9454253001473308 
32000 0.2125 0.9454348106309178 
32100 0.25 0.9454338455188311 
32200 0.2 0.9454499666159436 
32300 0.2125 0.9454664716262654 
32400 0.275 0.9454574125798586 
32500 0.25 0.9454742738684964 
32600 0.1625 0.9454887311738903 
32700 0.2125 0.9454922058958442 
32800 0.25 0.9454789869211304 
32900 0.25 0.9454822801738549 
33000 0.25 0.945485174691676 
33100 0.2375 0.9454771003897163 
33200 0.2125 0.9454899701816211 
33300 0.2375 0.9454965691720969 
33400 0.2375 0.9454838552737942 
33500 0.15 0.9454972426196233 
33600 0.25 0.9455049700901759 
33700 0.2125 0.9455159898816059 
33800 0.2125 0.9455244482411763 
33900 0.2125 0.9455293538538686 
34000 0.2375 0.9455224662509926 
34100 0.25 0.9455007734377291 
34200 0.3125 0.9454815831408439 
34300 0.2375 0.9454670599982508 
34400 0.3125 0.9454293661521468 
34500 0.225 0.945409825077534 
34600 0.1875 0.9453994284847259 
34700 0.2 0.9454075530964525 
34800 0.225 0.9454116799804604 
34900 0.1875 0.9454096945646256 
35000 0.2125 0.9454150417130939 
35100 0.25 0.9454139483205607 
35200 0.2 0.9454050488622482 
35300 0.2125 0.9454128424123962 
35400 0.175 0.9454109700290952 
35500 0.1875 0.9453998654967466 
35600 0.1375 0.9454025167832364 
35700 0.2375 0.94540611607518 
35800 0.2625 0.945424621518952 
35900 0.2375 0.9454204792345617 
36000 0.2625 0.9454016902308269 
36100 0.2625 0.9454042997423894 
36200 0.25 0.9454087076323858 
36300 0.25 0.945410594749456 
36400 0.2375 0.9454080073349633 
36500 0.2125 0.9454299197282267 
36600 0.2 0.9454440281686293 
36700 0.225 0.9454428183155772 
36800 0.2375 0.9454483234151246 
36900 0.2625 0.9454398254789843 
37000 0.2625 0.9454378766790087 
37100 0.25 0.9454355172367321 
37200 0.2125 0.9454135137496303 
37300 0.2375 0.9454162589474813 
37400 0.2 0.9454292665971498 
37500 0.2125 0.9454439548278712 
37600 0.2125 0.9454603933406026 
37700 0.2 0.9454679584095913 
37800 0.2375 0.9454605202243327 
37900 0.225 0.9454575736787948 
38000 0.2125 0.9454589188442409 
38100 0.175 0.9454484462350069 
38200 0.2875 0.9454546346954268 
38300 0.3125 0.9454252989478081 
38400 0.2125 0.9454247610739304 
38500 0.2 0.9454137554868705 
38600 0.2625 0.945417783865703 
38700 0.225 0.9454123439962792 
38800 0.1375 0.9454215097549032 
38900 0.2625 0.9454299857330146 
39000 0.225 0.9454285627291608 
39100 0.225 0.9454260281066981 
39200 0.275 0.9454291663477973 
39300 0.2125 0.9454319705605455 
39400 0.15 0.9454492747645998 
39500 0.2125 0.9454419666590719 
39600 0.2125 0.9454417975556173 
39700 0.275 0.9454365916475655 
39800 0.225 0.9454478216627723 
39900 0.1625 0.9454447413598657 
40000 0.225 0.945446363840904 
40100 0.2 0.9454559269095534 
40200 0.175 0.9454673857615482 
40300 0.2625 0.945463977320662 
40400 0.275 0.9454571823717235 
40500 0.225 0.945454664699637 
40600 0.2125 0.9454480800965493 
40700 0.2 0.9454598781356723 
40800 0.25 0.9454628103477856 
40900 0.225 0.9454638181218064 
41000 0.2375 0.945469470256823 
41100 0.2 0.9454841427215883 
41200 0.2375 0.9454997299822819 
41300 0.2125 0.9455029085252173 
41400 0.175 0.9455198847853916 
41500 0.2125 0.9455070359750367 
41600 0.225 0.9455024368404605 
41700 0.2375 0.9454893917412053 
41800 0.2 0.9454806703188919 
41900 0.2625 0.9454854150258943 
42000 0.2125 0.9454775630342135 
42100 0.2 0.9454781359112611 
42200 0.225 0.9454795946778513 
42300 0.25 0.9454879169523179 
42400 0.2 0.9454889772646872 
42500 0.2375 0.9454799592950754 
42600 0.25 0.9454816201497618 
42700 0.275 0.9454731739303529 
42800 0.1875 0.9454825091703465 
42900 0.2625 0.9454850265728072 
43000 0.25 0.9454802649938373 
43100 0.275 0.9454766130716225 
43200 0.2875 0.9454760885164696 
43300 0.2375 0.9454812677536315 
43400 0.275 0.9454665503099007 
43500 0.1875 0.9454595152984989 
43600 0.25 0.9454598948418614 
43700 0.2 0.9454604871742065 
43800 0.3 0.945459578548435 
43900 0.2125 0.9454504168469966 
44000 0.225 0.9454513107656645 
44100 0.225 0.945455318473504 
44200 0.225 0.9454578233524128 
44300 0.175 0.9454746365770524 
44400 0.1875 0.9454939781761672 
44500 0.175 0.9455014353610032 
44600 0.275 0.9454996805004372 
44700 0.1875 0.945504085479072 
44800 0.25 0.9455098658512087 
44900 0.2125 0.9455198659272622 
45000 0.2625 0.9455243355703207 
45100 0.225 0.9455335663289063 
45200 0.275 0.9455437241432711 
45300 0.2375 0.9455279684775171 
45400 0.2125 0.9455201977930001 
45500 0.2625 0.9455257851475791 
45600 0.2625 0.9455238097848732 
45700 0.1875 0.9455178086912759 
45800 0.2375 0.9455280725311674 
45900 0.1875 0.9455297134049367 
46000 0.2625 0.9455321623442968 
46100 0.25 0.9455407013947636 
46200 0.2625 0.9455399369061276 
46300 0.225 0.9455428878425952 
46400 0.225 0.9455441423676214 
46500 0.225 0.945545391496957 
46600 0.225 0.9455401976352439 
46700 0.225 0.9455520893556884 
46800 0.225 0.9455544486228926 
46900 0.2125 0.945549135412891 
47000 0.275 0.9455533525882428 
47100 0.2625 0.9455474007982846 
47200 0.175 0.9455561058028431 
47300 0.1625 0.945572834083846 
47400 0.1875 0.9455925903461952 
47500 0.2 0.945609500326309 
47600 0.2 0.9456129466817924 
47700 0.25 0.9456273191337707 
47800 0.225 0.9456256145268928 
47900 0.2125 0.9456311585353124 
48000 0.2375 0.9456257421720381 
48100 0.2625 0.9456132019084842 
48200 0.2875 0.9456097902533143 
48300 0.2625 0.9456178443510487 
48400 0.25 0.9456145017664924 
48500 0.225 0.9456118172821179 
48600 0.1625 0.9456162167445115 
48700 0.1625 0.9456207906408493 
48800 0.2125 0.9456361678039384 
48900 0.2125 0.9456502678881823 
49000 0.2375 0.9456507265157854 
49100 0.2625 0.9456458371519928 
49200 0.2125 0.9456379824597061 
49300 0.2125 0.9456327584633172 
49400 0.225 0.9456429272686788 
49500 0.1875 0.9456377775196461 
49600 0.25 0.9456298764137819 
49700 0.2 0.9456254024063903 
49800 0.225 0.9456218248629545 
49900 0.2125 0.9456118113865454 
50000 0.1875 0.9456069628607428 
50100 0.225 0.945597455639608 
50200 0.25 0.9455985687536105 
50300 0.2375 0.9456081265780004 
50400 0.2375 0.9456072300152775 
50500 0.25 0.9456184035959684 
50600 0.1875 0.9456094000118574 
50700 0.2125 0.9456175667146605 
50800 0.2375 0.94562299462609 
50900 0.1875 0.9456280942417634 
51000 0.225 0.945629313640909 
51100 0.25 0.9456321794094049 
51200 0.225 0.9456423580594129 
51300 0.2375 0.9456602941463129 
51400 0.1875 0.945662778934262 
51500 0.225 0.9456549387390536 
51600 0.2625 0.9456507625821206 
51700 0.2875 0.9456481741165548 
51800 0.2 0.9456340731839153 
51900 0.175 0.9456418831043718 
52000 0.225 0.945646117382358 
52100 0.1875 0.9456541741041439 
52200 0.2125 0.9456621400931017 
52300 0.1875 0.9456646383434352 
52400 0.3 0.9456523969008225 
52500 0.275 0.9456519280585132 
52600 0.225 0.9456535997414498 
52700 0.2125 0.9456527153184949 
52800 0.2875 0.9456423055434556 
52900 0.225 0.9456354204079318 
53000 0.225 0.9456350469802457 
53100 0.2 0.9456397360690005 
53200 0.2875 0.94563530290784 
53300 0.275 0.9456182810829065 
53400 0.225 0.9456326309432408 
53500 0.225 0.9456240303919553 
53600 0.1875 0.9456305619298148 
53700 0.15 0.9456371855272714 
53800 0.2 0.9456466306388357 
53900 0.25 0.9456520982913118 
54000 0.2125 0.9456540735356752 
54100 0.275 0.9456595072179812 
54200 0.225 0.9456555806165938 
54300 0.225 0.9456548912543047 
54400 0.25 0.9456535725446223 
54500 0.2125 0.9456450913744702 
54600 0.225 0.9456293153971539 
54700 0.25 0.9456246800789748 
54800 0.2625 0.945631466579077 
54900 0.2625 0.9456291779749003 
55000 0.225 0.9456139433828475 
55100 0.2375 0.9456140768770077 
55200 0.2625 0.9456257585913299 
55300 0.225 0.9456374545668252 
55400 0.2375 0.9456335964152272 
55500 0.2125 0.9456470378912092 
55600 0.2375 0.9456513821693855 
55700 0.2 0.9456509981867471 
55800 0.2125 0.9456590159674558 
55900 0.2 0.9456616943346273 
56000 0.2375 0.9456700549990179 
56100 0.25 0.945671144453753 
56200 0.2125 0.9456822943541929 
56300 0.2375 0.9456770861085949 
56400 0.2375 0.9456768829453378 
56500 0.25 0.9456591476257057 
56600 0.2125 0.9456590872952775 
56700 0.225 0.9456582004726548 
56800 0.25 0.9456640288023098 
56900 0.2125 0.9456696718862586 
57000 0.275 0.9456654269223347 
57100 0.2375 0.9456637142957216 
57200 0.225 0.9456628271358892 
57300 0.275 0.945668705607232 
57400 0.2125 0.9456740191808505 
57500 0.2375 0.945670944853133 
57600 0.275 0.9456627814621273 
57700 0.2625 0.945657191816433 
57800 0.2125 0.9456452418643276 
57900 0.2875 0.9456291234175576 
58000 0.25 0.9456210884295099 
58100 0.2375 0.9456288402953478 
58200 0.1875 0.9456267933540661 
58300 0.2125 0.94563123917257 
58400 0.2125 0.9456319776202462 
58500 0.225 0.9456222436368609 
58600 0.2125 0.9456172889541135 
58700 0.25 0.9456182603362805 
58800 0.175 0.9456220451182803 
58900 0.2625 0.9456329264358839 
59000 0.3125 0.9456320125930069 
59100 0.2125 0.9456318421008105 
59200 0.275 0.9456295607337714 
59300 0.2375 0.9456210160874184 
59400 0.2125 0.9456152884631572 
59500 0.2625 0.9456131514596393 
59600 0.1875 0.9456067746346538 
59700 0.1875 0.9456034551347549 
59800 0.225 0.9456074626678483 
59900 0.225 0.9456110394651175 
60000 0.1625 0.9456150730821153 
60100 0.25 0.9456229929618476 
60200 0.25 0.9456284986960349 
60300 0.2125 0.945634867166382 
60400 0.2625 0.9456400763232397 
60500 0.2125 0.9456372105419745 
60600 0.175 0.9456447707133545 
60700 0.2125 0.9456450470338216 
60800 0.2625 0.9456485090705745 
60900 0.275 0.9456573475804995 
61000 0.225 0.9456386985459255 
61100 0.25 0.9456356585816926 
61200 0.2875 0.9456306882240486 
61300 0.2625 0.9456287927603139 
61400 0.25 0.9456255802022768 
61500 0.225 0.9456119615941204 
61600 0.225 0.9456069605201214 
61700 0.25 0.9456028366639114 
61800 0.2125 0.9456070188993706 
61900 0.2125 0.945604321820326 
62000 0.3125 0.9456114619119046 
62100 0.275 0.945614301702066 
62200 0.1875 0.9456079886175464 
62300 0.2 0.945608818478034 
62400 0.25 0.9456244691591481 
62500 0.2375 0.9456117702116766 
62600 0.25 0.9456036045750068 
62700 0.1875 0.9456123108084401 
62800 0.2375 0.9456053645642585 
62900 0.2125 0.9455956582566255 
63000 0.2125 0.945585337931144 
63100 0.225 0.9455681169870525 
63200 0.2 0.9455672180819924 
63300 0.1875 0.9455617308573324 
63400 0.2625 0.9455471916846737 
63500 0.1875 0.9455426883041212 
63600 0.225 0.9455523006713731 
63700 0.1875 0.9455495694730067 
63800 0.2375 0.9455585531574741 
63900 0.225 0.9455582170075586 
64000 0.275 0.9455518761425603 
64100 0.2375 0.9455427762437404 
64200 0.2125 0.945552103939191 
64300 0.2375 0.9455754478935009 
64400 0.25 0.945578775950684 
64500 0.2375 0.9455766189671478 
64600 0.225 0.945570792247798 
64700 0.275 0.9455748365558492 
64800 0.2875 0.9455685001003071 
64900 0.225 0.9455686353060816 
65000 0.2375 0.9455767507422963 
65100 0.2 0.9455779289104622 
65200 0.225 0.9455866762012852 
65300 0.1625 0.9455851556637723 
65400 0.225 0.9455901381477347 
65500 0.2125 0.9455889986412421 
65600 0.25 0.945584242237161 
65700 0.275 0.9455757903228261 
65800 0.2375 0.9455734430327807 
65900 0.225 0.9455778838712614 
66000 0.2375 0.9455799438644868 
66100 0.2375 0.9455707931801335 
66200 0.1875 0.9455725272276854 
66300 0.2875 0.9455740675102939 
66400 0.175 0.9455798858450927 
66500 0.2 0.9455786849069939 
66600 0.2 0.9455752822780439 
66700 0.2625 0.9455737638865984 
66800 0.225 0.9455686011436955 
66900 0.25 0.9455650887131732 
67000 0.3 0.9455510925210071 
67100 0.2875 0.9455512026646399 
67200 0.275 0.9455464297406289 
67300 0.2 0.9455459428537466 
67400 0.225 0.9455426291894778 
67500 0.2125 0.9455466863453875 
67600 0.2 0.9455508701794352 
67700 0.2375 0.9455456714081033 
67800 0.2 0.9455478624946535 
67900 0.2375 0.9455506914478432 
68000 0.2625 0.9455484570079852 
68100 0.2125 0.9455444853966902 
68200 0.2625 0.9455403879708508 
68300 0.175 0.9455312239205869 
68400 0.25 0.945528665516586 
68500 0.25 0.9455257040043211 
68600 0.2125 0.9455291285841314 
68700 0.25 0.9455301323852637 
68800 0.2375 0.9455301794305315 
68900 0.25 0.9455241034237529 
69000 0.225 0.9455147389168272 
69100 0.225 0.9455145366926673 
69200 0.1875 0.9455188508836577 
69300 0.2375 0.9455241897663814 
69400 0.25 0.9455242899958214 
69500 0.25 0.9455244798635991 
69600 0.2375 0.9455202242065488 
69700 0.2375 0.9455188501599691 
69800 0.2875 0.9455159578659331 
69900 0.25 0.9455151750332613 
70000 0.175 0.9455055999200012 
70100 0.2375 0.9455012678135832 
70200 0.2375 0.9454980609250581 
70300 0.225 0.9454975747144422 
70400 0.2375 0.9455050798284115 
70500 0.2375 0.9455078208110523 
70600 0.2375 0.9455101999263467 
70700 0.275 0.945510097099051 
70800 0.2 0.9455181159164419 
70900 0.25 0.9455227623728861 
71000 0.2 0.945518945155702 
71100 0.2375 0.9455201931055822 
71200 0.2375 0.9455178824735607 
71300 0.2 0.9455100121316672 
71400 0.2625 0.9455102607106343 
71500 0.25 0.9455130435238668 
71600 0.25 0.9455075260820379 
71700 0.2375 0.9455018061114908 
71800 0.1875 0.9455057641954847 
71900 0.175 0.9455090158690421 
72000 0.2125 0.9455092203580506 
72100 0.225 0.9455120247985465 
72200 0.2125 0.9455109260952065 
72300 0.2125 0.9455177832948368 
72400 0.275 0.9455143489040206 
72500 0.2 0.9455204066150812 
72600 0.2125 0.9455255006818087 
72700 0.175 0.9455340194770361 
72800 0.25 0.9455335864205162 
72900 0.275 0.9455306254372368 
73000 0.2 0.9455281862577225 
73100 0.2125 0.9455297294154663 
73200 0.1875 0.9455413006652914 
73300 0.2375 0.9455449959754982 
73400 0.2 0.9455438703151183 
73500 0.275 0.9455467017455544 
73600 0.25 0.9455461712476733 
73700 0.2125 0.9455444125588527 
73800 0.2 0.9455438019132532 
73900 0.2375 0.9455409940325571 
74000 0.2875 0.9455359978243537 
74100 0.3 0.9455433715469427 
74200 0.2625 0.94554659809167 
74300 0.2125 0.945548470074427 
74400 0.2625 0.9455503790271637 
74500 0.2875 0.9455445228923102 
74600 0.2625 0.9455451334432514 
74700 0.175 0.9455482523660995 
74800 0.2 0.945543299889039 
74900 0.25 0.9455418235404067 
75000 0.2 0.9455482676897642 
75100 0.15 0.9455609778831174 
75200 0.3125 0.9455639718886717 
75300 0.2375 0.9455552549102934 
75400 0.2125 0.9455480116311454 
75500 0.3 0.9455425673169892 
75600 0.2375 0.9455354426528749 
75700 0.2375 0.9455330428263827 
75800 0.2125 0.9455325457447791 
75900 0.2375 0.9455308971555052 
76000 0.2625 0.9455269914211655 
76100 0.2875 0.9455217408444041 
76200 0.25 0.9455109266938754 
76300 0.3 0.9455050556349196 
76400 0.2 0.9455009178544783 
76500 0.2625 0.9455027548659495 
76600 0.25 0.9455022209240088 
76700 0.2125 0.9455046625858855 
76800 0.225 0.9455033137589355 
76900 0.25 0.9454989206902381 
77000 0.225 0.9455016412124518 
77100 0.25 0.9454983965837019 
77200 0.25 0.9454978724368855 
77300 0.225 0.9455011497263942 
77400 0.175 0.9455090615754318 
77500 0.2375 0.9455191303983175 
77600 0.2125 0.9455216024922359 
77700 0.225 0.9455193224668923 
77800 0.2375 0.9455217477924448 
77900 0.2375 0.9455254505718796 
78000 0.1875 0.9455250173074704 
78100 0.2 0.945524905250893 
78200 0.275 0.9455340644620913 
78300 0.2 0.94553426041813 
78400 0.175 0.9455342964375454 
78500 0.2625 0.9455410997949071 
78600 0.2625 0.9455401330771873 
78700 0.2125 0.9455412335929658 
78800 0.2 0.9455438779330212 
78900 0.2 0.9455441391744084 
79000 0.2625 0.9455469709244186 
79100 0.15 0.9455552869116699 
79200 0.2375 0.9455611750482948 
79300 0.2375 0.9455586940896079 
79400 0.15 0.9455586201685118 
79500 0.2125 0.9455570920491566 
79600 0.225 0.9455567455182724 
79700 0.1875 0.9455585955634183 
79800 0.275 0.9455599710529943 
79900 0.2 0.9455630639791742 
80000 0.1625 0.945563063274209 
80100 0.2 0.9455669248823361 
80200 0.2875 0.9455713223650578 
80300 0.225 0.9455708833015778 
80400 0.225 0.9455804343229561 
80500 0.2125 0.945573968025242 
80600 0.1875 0.9455792266845324 
80700 0.2625 0.9455765340578184 
80800 0.275 0.9455729198896053 
80900 0.2125 0.9455706666172236 
81000 0.2375 0.9455701935778571 
81100 0.2625 0.945577081355347 
81200 0.1375 0.9455784103644044 
81300 0.275 0.9455668211338114 
81400 0.3 0.9455595984693063 
81500 0.275 0.9455577615612079 
81600 0.1875 0.9455601417262043 
81700 0.2125 0.9455634340460949 
81800 0.2125 0.9455546463368418 
81900 0.2375 0.9455520231743202 
82000 0.2375 0.9455555420055853 
82100 0.2125 0.9455528099535937 
82200 0.1875 0.9455526316589823 
82300 0.225 0.9455478214116475 
82400 0.275 0.945550949017609 
82500 0.2625 0.9455452055126604 
82600 0.175 0.9455505229960897 
82700 0.15 0.9455503485447576 
82800 0.2875 0.9455498348449898 
82900 0.225 0.9455371467171687 
83000 0.225 0.9455366878109902 
83100 0.2375 0.9455417203162417 
83200 0.25 0.9455368249780651 
83300 0.275 0.9455267643845812 
83400 0.175 0.9455191259697125 
83500 0.2 0.9455242302487396 
83600 0.15 0.9455310417937585 
83700 0.2 0.9455346635643541 
83800 0.25 0.9455361511199151 
83900 0.225 0.945537858607168 
84000 0.2 0.9455377019321198 
84100 0.2375 0.9455352046943556 
84200 0.25 0.9455377979477678 
84300 0.225 0.9455463532461063 
84400 0.2375 0.9455427068399663 
84500 0.225 0.9455394388823801 
84600 0.25 0.9455388012553043 
84700 0.1875 0.945538460289725 
84800 0.2125 0.9455407733988986 
84900 0.1875 0.9455476083909494 
85000 0.2875 0.9455570007999906 
85100 0.2875 0.9455505076321077 
85200 0.2 0.9455506684193847 
85300 0.2375 0.9455477514917762 
85400 0.25 0.9455452805002283 
85500 0.2625 0.9455451909919182 
85600 0.2625 0.9455426192451023 
85700 0.2375 0.9455371363811391 
85800 0.2625 0.9455426291651613 
85900 0.175 0.9455457081407667 
86000 0.25 0.9455493976814223 
86100 0.1375 0.9455485781233668 
86200 0.1375 0.9455530170763681 
86300 0.1875 0.9455582423726261 
86400 0.2 0.9455639619333109 
86500 0.2125 0.9455709688327303 
86600 0.2375 0.9455685052713018 
86700 0.175 0.9455643893957394 
86800 0.2125 0.9455658992983952 
86900 0.1625 0.9455711815744353 
87000 0.2 0.9455808697601177 
87100 0.175 0.9455849028713792 
87200 0.2125 0.9455992835517941 
87300 0.225 0.9455975948156379 
87400 0.2375 0.945593800414183 
87500 0.175 0.9455922646598325 
87600 0.2875 0.9456061788678212 
87700 0.2125 0.9456049175608032 
87800 0.2875 0.9456003490848623 
87900 0.1375 0.9455971419551541 
88000 0.275 0.945593515982773 
88100 0.275 0.9455919910103177 
88200 0.2125 0.9455958903527171 
88300 0.2 0.9456020812335081 
88400 0.2125 0.9456121466386127 
88500 0.25 0.9456180226777099 
88600 0.2625 0.9456237091003488 
88700 0.2125 0.9456286076256186 
88800 0.225 0.9456295185301967 
88900 0.225 0.9456297946592277 
89000 0.1875 0.9456346698351704 
89100 0.3125 0.9456409369704044 
89200 0.2625 0.9456323009271197 
89300 0.2125 0.9456291082966596 
89400 0.1625 0.9456350809834342 
89500 0.2375 0.9456357680361114 
89600 0.225 0.945632512471959 
89700 0.2125 0.9456357091894182 
89800 0.225 0.9456331917239229 
89900 0.225 0.945627481896753 
90000 0.2125 0.9456324790835657 
90100 0.275 0.9456298001686996 
90200 0.2375 0.9456307302579794 
90300 0.2375 0.945626052037076 
90400 0.2125 0.9456282632382386 
90500 0.1875 0.9456240815018618 
90600 0.125 0.9456250482886502 
90700 0.275 0.9456191910783784 
90800 0.25 0.9456162032907126 
90900 0.325 0.9456030117930496 
91000 0.275 0.9455966486632015 
91100 0.2125 0.945600555976334 
91200 0.25 0.9455991779147158 
91300 0.175 0.9455965706837822 
91400 0.2125 0.9455944478178576 
91500 0.1625 0.9455954374815576 
91600 0.2625 0.945593081680331 
91700 0.1875 0.9455912762674343 
91800 0.2125 0.9455946830644546 
91900 0.2625 0.9455977084036082 
92000 0.1875 0.9456017801436941 
92100 0.2 0.9456026536085385 
92200 0.2125 0.9456011526447652 
92300 0.2125 0.945595422855657 
92400 0.2125 0.945598803043257 
92500 0.2375 0.9456025137566081 
92600 0.1875 0.9456035167006835 
92700 0.175 0.9456072143234701 
92800 0.225 0.9456160561308606 
92900 0.1875 0.9456191604503719 
93000 0.25 0.9456151345146826 
93100 0.225 0.9456120235013588 
93200 0.2375 0.9456129762556196 
93300 0.225 0.945613458055112 
93400 0.1875 0.945612667423261 
93500 0.3 0.9456102407995637 
93600 0.2875 0.9456098893174218 
93700 0.2625 0.9456122733482033 
93800 0.25 0.945606789906291 
93900 0.2375 0.9456140642804656 
94000 0.25 0.9456167687045882 
94100 0.225 0.9456181058118405 
94200 0.2 0.9456230228447681 
94300 0.225 0.9456302822875685 
94400 0.275 0.9456324615205347 
94500 0.175 0.9456318253245998 
94600 0.175 0.9456274246572446 
94700 0.1875 0.9456246832134825 
94800 0.25 0.9456307818482927 
94900 0.2 0.9456312696915733 
95000 0.2375 0.945636295933727 
95100 0.1875 0.9456422316800034 
95200 0.1625 0.9456496320942007 
95300 0.2125 0.9456509178812395 
95400 0.2125 0.9456565575832538 
95500 0.2 0.9456549538748286 
95600 0.175 0.9456577337057144 
95700 0.2125 0.9456566872341982 
95800 0.2375 0.9456543707790107 
95900 0.225 0.9456509838270717 
96000 0.2375 0.9456486781387694 
96100 0.225 0.9456444586944985 
96200 0.2375 0.945639176048066 
96300 0.225 0.945634650730522 
96400 0.2375 0.9456293243846018 
96500 0.2 0.9456336592366918 
96600 0.2 0.945635785343837 
96700 0.2 0.9456436270048914 
96800 0.275 0.9456395401390482 
96900 0.2625 0.9456433950630024 
97000 0.175 0.9456430217214256 
97100 0.175 0.9456427135147939 
97200 0.25 0.9456360724169505 
97300 0.25 0.9456349369482328 
97400 0.275 0.9456353438363055 
97500 0.2375 0.9456333140172921 
97600 0.25 0.9456338818249813 
97700 0.2 0.9456408455389402 
97800 0.25 0.9456397749000521 
97900 0.25 0.9456372700483141 
98000 0.1875 0.945635599381639 
98100 0.3 0.9456366716445296 
98200 0.25 0.9456327455932221 
98300 0.2125 0.945633850367748 
98400 0.2625 0.9456375887948293 
98500 0.2375 0.9456392574694673 
98600 0.2 0.9456357884301376 
98700 0.2875 0.9456429646102876 
98800 0.225 0.945644844181739 
98900 0.325 0.9456525022497245 
99000 0.225 0.9456438255674186 
99100 0.2625 0.9456418199614535 
99200 0.225 0.9456408264533623 
99300 0.2875 0.9456416916748069 
99400 0.2125 0.9456399143368779 
99500 0.1875 0.9456382661983297 
99600 0.25 0.9456351467354746 
99700 0.2375 0.9456326604046098 
99800 0.225 0.9456336547228986 
99900 0.1875 0.9456256381317504 
