0 0.022727272727272728 0.9886363636363636 
100 0.14772727272727273 0.9696782178217822 
200 0.20454545454545456 0.9653154681139756 
300 0.1590909090909091 0.9636439142253096 
400 0.18181818181818182 0.962274710949898 
500 0.1590909090909091 0.9616108691707494 
600 0.18181818181818182 0.9625860308576615 
700 0.17045454545454544 0.9623022305796913 
800 0.19318181818181818 0.962128305527182 
900 0.18181818181818182 0.9613686812632428 
1000 0.1590909090909091 0.9611382935246572 
1100 0.14772727272727273 0.9610013623978202 
1200 0.1590909090909091 0.9610315267580047 
1300 0.18181818181818182 0.9604696562085109 
1400 0.18181818181818182 0.9602353838167542 
1500 0.1590909090909091 0.9601837411422688 
1600 0.1590909090909091 0.9600870904548293 
1700 0.20454545454545456 0.9599283175672064 
1800 0.11363636363636363 0.9599685780626924 
1900 0.1590909090909091 0.9597296279470136 
2000 0.19318181818181818 0.959581288901004 
2100 0.19318181818181818 0.9593497144217039 
2200 0.1590909090909091 0.9594037834042377 
2300 0.18181818181818182 0.9594420410098377 
2400 0.1590909090909091 0.9594759285903601 
2500 0.19318181818181818 0.9596684053651267 
2600 0.13636363636363635 0.9595894061724511 
2700 0.14772727272727273 0.9597581703746088 
2800 0.18181818181818182 0.959921984031677 
2900 0.09090909090909091 0.9599853890507976 
3000 0.19318181818181818 0.9600142755445155 
3100 0.20454545454545456 0.9599002154730145 
3200 0.14772727272727273 0.960075509073869 
3300 0.125 0.9601842416898461 
3400 0.1590909090909091 0.9601462470931009 
3500 0.1590909090909091 0.9602775830282257 
3600 0.17045454545454544 0.9603156320214082 
3700 0.1590909090909091 0.9603163150008597 
3800 0.19318181818181818 0.9604440219081103 
3900 0.125 0.9604384656614854 
4000 0.14772727272727273 0.9604757901433733 
4100 0.14772727272727273 0.9605286127552038 
4200 0.09090909090909091 0.9605836543247279 
4300 0.17045454545454544 0.9605819735368096 
4400 0.17045454545454544 0.9605829511887795 
4500 0.20454545454545456 0.960574417806144 
4600 0.2159090909090909 0.9605008051609334 
4700 0.1590909090909091 0.960472626713852 
4800 0.18181818181818182 0.9603811232508379 
4900 0.17045454545454544 0.9604353703325852 
5000 0.13636363636363635 0.960445978986021 
5100 0.18181818181818182 0.9603620502218816 
5200 0.18181818181818182 0.960320676967716 
5300 0.14772727272727273 0.9602878316269657 
5400 0.2159090909090909 0.960141009240713 
5500 0.11363636363636363 0.9601658169589 
5600 0.1590909090909091 0.960211549074029 
5700 0.17045454545454544 0.9600912320007654 
5800 0.1590909090909091 0.9600049364529627 
5900 0.18181818181818182 0.9600505884980974 
6000 0.18181818181818182 0.9599844154762085 
6100 0.13636363636363635 0.9599413657969632 
6200 0.17045454545454544 0.9599482671416634 
6300 0.14772727272727273 0.9598701865504754 
6400 0.18181818181818182 0.9599210350655437 
6500 0.1590909090909091 0.9599038959041266 
6600 0.14772727272727273 0.9598175551913621 
6700 0.25 0.9596998751882352 
6800 0.125 0.9596303518199195 
6900 0.18181818181818182 0.9596307682681035 
7000 0.13636363636363635 0.9597618359714846 
7100 0.125 0.9597319839715277 
7200 0.17045454545454544 0.9597506975041346 
7300 0.17045454545454544 0.9597587814869694 
7400 0.125 0.9597843043323384 
7500 0.17045454545454544 0.959761425749294 
7600 0.18181818181818182 0.9597122388202509 
7700 0.1590909090909091 0.959670969531702 
7800 0.17045454545454544 0.9596311224668166 
7900 0.14772727272727273 0.9595876097386982 
8000 0.17045454545454544 0.9596751400393133 
8100 0.23863636363636365 0.9596521473218794 
8200 0.125 0.9596203622618085 
8300 0.20454545454545456 0.9596430742188783 
8400 0.125 0.9596432648710651 
8500 0.18181818181818182 0.9596775379367133 
8600 0.125 0.9597486682309668 
8700 0.18181818181818182 0.9597414351537441 
8800 0.13636363636363635 0.9597298473313983 
8900 0.13636363636363635 0.9597290524047349 
9000 0.17045454545454544 0.9597847713890376 
9100 0.1590909090909091 0.9597846390506538 
9200 0.125 0.959816620723044 
9300 0.1590909090909091 0.959825922921289 
9400 0.14772727272727273 0.9599024160872635 
9500 0.13636363636363635 0.9598849044598177 
9600 0.1590909090909091 0.9599097750234351 
9700 0.17045454545454544 0.9598834703076534 
9800 0.1590909090909091 0.9598817606737717 
9900 0.11363636363636363 0.9598993099870536 
10000 0.14772727272727273 0.9599142358491424 
10100 0.18181818181818182 0.9599451786951787 
10200 0.17045454545454544 0.9599448806266765 
10300 0.19318181818181818 0.9600044346974257 
10400 0.125 0.9600404462857592 
10500 0.13636363636363635 0.9601377249785734 
10600 0.11363636363636363 0.9602010101962937 
10700 0.18181818181818182 0.9602325823414974 
10800 0.1590909090909091 0.9602222752943751 
10900 0.10227272727272728 0.9602390001751299 
11000 0.18181818181818182 0.9602394100536314 
11100 0.13636363636363635 0.9602316232771823 
11200 0.125 0.9602812959070213 
11300 0.14772727272727273 0.960350200304076 
11400 0.13636363636363635 0.9603541057004569 
11500 0.20454545454545456 0.9603211380828545 
11600 0.2159090909090909 0.9603416339500513 
11700 0.13636363636363635 0.9602629631500027 
11800 0.1590909090909091 0.9602908266633798 
11900 0.17045454545454544 0.9603024669431904 
12000 0.1590909090909091 0.9603442137397641 
12100 0.17045454545454544 0.9603127277234789 
12200 0.14772727272727273 0.9603166841764088 
12300 0.17045454545454544 0.9603429783979129 
12400 0.20454545454545456 0.9603287583112798 
12500 0.13636363636363635 0.9603120386732698 
12600 0.19318181818181818 0.9602610903896516 
12700 0.2159090909090909 0.9602243649390527 
12800 0.19318181818181818 0.9601724563421892 
12900 0.18181818181818182 0.9601592283191578 
13000 0.125 0.960129378159722 
13100 0.17045454545454544 0.9601554964575917 
13200 0.17045454545454544 0.9601599138495017 
13300 0.17045454545454544 0.9602114673537875 
13400 0.18181818181818182 0.9602262127656688 
13500 0.22727272727272727 0.9601658294671775 
13600 0.18181818181818182 0.9601717119730501 
13700 0.17045454545454544 0.9601455766334243 
13800 0.18181818181818182 0.9601418457819262 
13900 0.17045454545454544 0.960128154612814 
14000 0.2159090909090909 0.9601426602645265 
14100 0.14772727272727273 0.9601557513651514 
14200 0.17045454545454544 0.96017425949517 
14300 0.13636363636363635 0.9601694652630776 
14400 0.1590909090909091 0.9601554658451749 
14500 0.18181818181818182 0.9601338230592248 
14600 0.13636363636363635 0.9601064450753685 
14700 0.125 0.9601306497393498 
14800 0.13636363636363635 0.9601679631597374 
14900 0.14772727272727273 0.9601740807511393 
15000 0.14772727272727273 0.9602001911993746 
15100 0.17045454545454544 0.9602082718784427 
15200 0.18181818181818182 0.9602020426287744 
15300 0.20454545454545456 0.9601652595492868 
15400 0.13636363636363635 0.9601717494731747 
15500 0.1590909090909091 0.9601847534763153 
15600 0.18181818181818182 0.9602019611213733 
15700 0.17045454545454544 0.9601753434928869 
15800 0.17045454545454544 0.9601470850521544 
15900 0.17045454545454544 0.9601613463418539 
16000 0.17045454545454544 0.9601534137070978 
16100 0.125 0.9601755749219416 
16200 0.1590909090909091 0.9601760693784335 
16300 0.13636363636363635 0.9601636611808534 
16400 0.1590909090909091 0.9601661276197128 
16500 0.125 0.9601887075714419 
16600 0.1590909090909091 0.9602062238857462 
16700 0.19318181818181818 0.9602123035637495 
16800 0.18181818181818182 0.9602130690272765 
16900 0.13636363636363635 0.9602109678824814 
17000 0.17045454545454544 0.9602187505013074 
17100 0.125 0.9602131520751046 
17200 0.14772727272727273 0.9602437886803621 
17300 0.1590909090909091 0.9602604421184272 
17400 0.11363636363636363 0.960275924581137 
17500 0.20454545454545456 0.960267043181948 
17600 0.20454545454545456 0.960225981478325 
17700 0.11363636363636363 0.9602158776340319 
17800 0.19318181818181818 0.9602020570856591 
17900 0.18181818181818182 0.9601871213390821 
18000 0.2159090909090909 0.9601732984531163 
18100 0.2159090909090909 0.9601519378638046 
18200 0.13636363636363635 0.9601528200248738 
18300 0.1590909090909091 0.9601799268296317 
18400 0.17045454545454544 0.9601432851969508 
18500 0.19318181818181818 0.9601392860828162 
18600 0.20454545454545456 0.960095467741226 
18700 0.19318181818181818 0.9600923747393187 
18800 0.1590909090909091 0.9600787373495607 
18900 0.1590909090909091 0.9600622381692167 
19000 0.13636363636363635 0.9600475573055963 
19100 0.17045454545454544 0.9600452260947785 
19200 0.125 0.9600475058117238 
19300 0.1590909090909091 0.9600696325202179 
19400 0.14772727272727273 0.9600842095768259 
19500 0.13636363636363635 0.9600880024800593 
19600 0.17045454545454544 0.960091756682173 
19700 0.1590909090909091 0.9601067204710421 
19800 0.11363636363636363 0.9601103422233037 
19900 0.1590909090909091 0.9601236347191324 
20000 0.13636363636363635 0.9601482994032117 
20100 0.18181818181818182 0.9601235352379575 
20200 0.13636363636363635 0.9601282677275202 
20300 0.1590909090909091 0.9601402304409545 
20400 0.2159090909090909 0.9601647479401634 
20500 0.17045454545454544 0.9601664386659631 
20600 0.17045454545454544 0.9601696298944006 
20700 0.14772727272727273 0.9601530284000334 
20800 0.17045454545454544 0.9601539316291612 
20900 0.125 0.9601643407666445 
21000 0.20454545454545456 0.9601511129340161 
21100 0.1590909090909091 0.9601201041742959 
21200 0.125 0.9601352155344302 
21300 0.1590909090909091 0.9601767255912015 
21400 0.14772727272727273 0.9601793512197816 
21500 0.17045454545454544 0.9601869733331642 
21600 0.18181818181818182 0.9601747972526524 
21700 0.19318181818181818 0.9601358965443569 
21800 0.19318181818181818 0.9601488255334409 
21900 0.125 0.9601596907156584 
22000 0.14772727272727273 0.9601705862543438 
22100 0.125 0.9602016928481228 
22200 0.20454545454545456 0.9602188271617577 
22300 0.1590909090909091 0.9601853616429756 
22400 0.14772727272727273 0.9601989917252071 
22500 0.18181818181818182 0.9602051777496757 
22600 0.17045454545454544 0.9602159598730546 
22700 0.13636363636363635 0.9602012426364878 
22800 0.1590909090909091 0.960200983011112 
22900 0.19318181818181818 0.9602075484992716 
23000 0.17045454545454544 0.9601931833003308 
23100 0.1590909090909091 0.9601810330918378 
23200 0.13636363636363635 0.9601731508438116 
23300 0.18181818181818182 0.9601565578535451 
23400 0.11363636363636363 0.9601547962208298 
23500 0.17045454545454544 0.9601613906178074 
23600 0.19318181818181818 0.9601534844440336 
23700 0.14772727272727273 0.9601307817851951 
23800 0.18181818181818182 0.9601225932065498 
23900 0.125 0.9601191087478272 
24000 0.14772727272727273 0.9601406286101716 
24100 0.2159090909090909 0.9601172952084222 
24200 0.18181818181818182 0.9600950937414306 
24300 0.1590909090909091 0.9600972743358859 
24400 0.18181818181818182 0.9601021148537131 
24500 0.18181818181818182 0.9601036692379903 
24600 0.10227272727272728 0.9600914689351135 
24700 0.125 0.9601014497020731 
24800 0.14772727272727273 0.9601051643812016 
24900 0.13636363636363635 0.9601233384201437 
25000 0.13636363636363635 0.9601464805044162 
25100 0.11363636363636363 0.9601657032859973 
25200 0.17045454545454544 0.9601648202993388 
25300 0.19318181818181818 0.9601576563628459 
25400 0.19318181818181818 0.960147417245563 
25500 0.20454545454545456 0.9601266750680009 
25600 0.18181818181818182 0.9601451559065519 
25700 0.17045454545454544 0.9601371851466692 
25800 0.20454545454545456 0.9601465632057954 
25900 0.18181818181818182 0.9601508234150313 
26000 0.14772727272727273 0.9601661955309411 
26100 0.125 0.960155545242084 
26200 0.11363636363636363 0.9601462773801138 
26300 0.17045454545454544 0.9601722929650099 
26400 0.14772727272727273 0.9601628166632806 
26500 0.17045454545454544 0.9601655254861737 
26600 0.1590909090909091 0.9601547575108249 
26700 0.1590909090909091 0.9601561994613753 
26800 0.11363636363636363 0.9601772406728378 
26900 0.20454545454545456 0.9601811228714039 
27000 0.1590909090909091 0.9601878171178845 
27100 0.19318181818181818 0.9601951957492344 
27200 0.20454545454545456 0.9601787075007269 
27300 0.18181818181818182 0.9601620278644472 
27400 0.13636363636363635 0.9601639248401684 
27500 0.14772727272727273 0.960182026438708 
27600 0.125 0.96016376629964 
27700 0.10227272727272728 0.960187275812163 
27800 0.11363636363636363 0.9602153168133258 
27900 0.17045454545454544 0.9602129159593498 
28000 0.125 0.9602253450363786 
28100 0.18181818181818182 0.9602342483767967 
28200 0.17045454545454544 0.9602236461634178 
28300 0.18181818181818182 0.9602249639428097 
28400 0.17045454545454544 0.9602359752057386 
28500 0.1590909090909091 0.9602439188736599 
28600 0.17045454545454544 0.9602523036384615 
28700 0.125 0.9602619167529798 
28800 0.13636363636363635 0.9602801433662341 
28900 0.19318181818181818 0.960282221282057 
29000 0.10227272727272728 0.9602965297434884 
29100 0.1590909090909091 0.960321087841405 
29200 0.20454545454545456 0.9603085082702647 
29300 0.18181818181818182 0.9603128849155008 
29400 0.14772727272727273 0.9603177149200244 
29500 0.1590909090909091 0.9603002671712207 
29600 0.13636363636363635 0.9602859124845291 
29700 0.19318181818181818 0.9602713675082871 
29800 0.1590909090909091 0.9602656904435788 
29900 0.19318181818181818 0.9602566309731204 
30000 0.13636363636363635 0.960268180454591 
30100 0.1590909090909091 0.9602571909420103 
30200 0.11363636363636363 0.9602496606072647 
30300 0.18181818181818182 0.9602637439208427 
30400 0.125 0.9602607270693847 
30500 0.17045454545454544 0.96028706957447 
30600 0.19318181818181818 0.9602762907332203 
30700 0.1590909090909091 0.9602711341946221 
30800 0.20454545454545456 0.9602638897497425 
30900 0.14772727272727273 0.9602530147597459 
31000 0.13636363636363635 0.9602533899199732 
31100 0.17045454545454544 0.9602702960442663 
31200 0.17045454545454544 0.9602615992785779 
31300 0.17045454545454544 0.9602761928895679 
31400 0.10227272727272728 0.9602995597997748 
31500 0.1590909090909091 0.9603205237351773 
31600 0.17045454545454544 0.9603218468345363 
31700 0.125 0.9603052384352658 
31800 0.11363636363636363 0.9603219667191712 
31900 0.11363636363636363 0.9603347608082962 
32000 0.19318181818181818 0.9603442790140081 
32100 0.1590909090909091 0.9603416135436166 
32200 0.19318181818181818 0.9603424935984484 
32300 0.14772727272727273 0.9603473260045425 
32400 0.19318181818181818 0.9603448511690156 
32500 0.14772727272727273 0.9603375840183939 
32600 0.125 0.9603382042101329 
32700 0.14772727272727273 0.9603488981432317 
32800 0.14772727272727273 0.9603347562851465 
32900 0.17045454545454544 0.9603256221833545 
33000 0.1590909090909091 0.9603325553495624 
33100 0.13636363636363635 0.9603479433469464 
33200 0.14772727272727273 0.9603324345378426 
33300 0.125 0.9603467067601028 
33400 0.13636363636363635 0.9603493260952992 
33500 0.18181818181818182 0.9603416689054058 
33600 0.1590909090909091 0.9603425121276152 
33700 0.17045454545454544 0.9603347520035823 
33800 0.14772727272727273 0.9603322487769324 
33900 0.13636363636363635 0.9603174416952034 
34000 0.1590909090909091 0.9603218555069236 
34100 0.17045454545454544 0.9603234109370293 
34200 0.17045454545454544 0.9603252064665839 
34300 0.17045454545454544 0.9603224362661041 
34400 0.19318181818181818 0.9603252977582576 
34500 0.1590909090909091 0.9603344007156578 
34600 0.17045454545454544 0.9603474741928111 
34700 0.13636363636363635 0.9603558877003806 
34800 0.14772727272727273 0.9603481711601809 
34900 0.1590909090909091 0.9603508365220064 
35000 0.18181818181818182 0.9603477238312672 
35100 0.14772727272727273 0.9603348357078664 
35200 0.1590909090909091 0.9603379197646761 
35300 0.09090909090909091 0.9603483902078489 
35400 0.125 0.9603369736602202 
35500 0.17045454545454544 0.9603296225970587 
35600 0.14772727272727273 0.9603485665622263 
35700 0.125 0.9603550702679579 
35800 0.14772727272727273 0.9603670923361715 
35900 0.1590909090909091 0.9603750908432533 
36000 0.11363636363636363 0.9603912517581582 
36100 0.17045454545454544 0.9603989816449305 
36200 0.18181818181818182 0.9603946620007986 
36300 0.1590909090909091 0.9603845749303175 
36400 0.19318181818181818 0.9603843769277067 
36500 0.13636363636363635 0.9603813002632555 
36600 0.2159090909090909 0.960375679005293 
36700 0.1590909090909091 0.9603705528212013 
36800 0.1590909090909091 0.9603747952748319 
36900 0.18181818181818182 0.9603797076206361 
37000 0.1590909090909091 0.960356338649324 
37100 0.11363636363636363 0.9603541530367964 
37200 0.17045454545454544 0.9603568666287075 
37300 0.1590909090909091 0.9603586517300292 
37400 0.17045454545454544 0.9603746314512738 
37500 0.17045454545454544 0.9603615115718126 
37600 0.1590909090909091 0.9603608523467703 
37700 0.125 0.960371198256135 
37800 0.125 0.9603812639636758 
37900 0.19318181818181818 0.9603863294564068 
38000 0.19318181818181818 0.9603757437005246 
38100 0.17045454545454544 0.9603772926503957 
38200 0.20454545454545456 0.9603689426264425 
38300 0.11363636363636363 0.9603635289607915 
38400 0.14772727272727273 0.9603661333393306 
38500 0.17045454545454544 0.9603710116148105 
38600 0.17045454545454544 0.960373877501996 
38700 0.18181818181818182 0.9603573492345746 
38800 0.17045454545454544 0.9603636035622325 
38900 0.1590909090909091 0.9603731120490009 
39000 0.19318181818181818 0.9603688046460347 
39100 0.17045454545454544 0.9603780332286317 
39200 0.14772727272727273 0.9603648938686629 
39300 0.13636363636363635 0.9603667845601893 
39400 0.19318181818181818 0.9603761643105505 
39500 0.20454545454545456 0.9603651432299758 
39600 0.1590909090909091 0.9603559712679431 
39700 0.18181818181818182 0.960367525663425 
39800 0.14772727272727273 0.9603735972828458 
39900 0.18181818181818182 0.9603807064530167 
40000 0.14772727272727273 0.9603806069620987 
40100 0.14772727272727273 0.9603845460666363 
40200 0.125 0.9603832361700636 
40300 0.18181818181818182 0.9603914492309011 
40400 0.19318181818181818 0.9603899880966043 
40500 0.19318181818181818 0.9603740844782732 
40600 0.1590909090909091 0.9603809999081975 
40700 0.14772727272727273 0.9603933257168129 
40800 0.18181818181818182 0.9603947290730397 
40900 0.14772727272727273 0.9603916107852442 
41000 0.18181818181818182 0.9603940508102906 
41100 0.125 0.9604097500392603 
41200 0.20454545454545456 0.9604057216175247 
41300 0.19318181818181818 0.9603913260960003 
41400 0.1590909090909091 0.9603844796239002 
41500 0.2159090909090909 0.9603799935817537 
41600 0.1590909090909091 0.9603868651540282 
41700 0.125 0.9603835530432014 
41800 0.17045454545454544 0.9603911308124425 
41900 0.17045454545454544 0.960400570826038 
42000 0.13636363636363635 0.9604087483847787 
42100 0.18181818181818182 0.9604176968372593 
42200 0.19318181818181818 0.9604117928054269 
42300 0.18181818181818182 0.9604105506854556 
42400 0.14772727272727273 0.9604166175326053 
42500 0.17045454545454544 0.9604138993521008 
42600 0.10227272727272728 0.9604209301531548 
42700 0.18181818181818182 0.9604260651762466 
42800 0.17045454545454544 0.960434494945955 
42900 0.11363636363636363 0.9604404352727527 
43000 0.1590909090909091 0.9604416572764692 
43100 0.1590909090909091 0.9604422803942536 
43200 0.1590909090909091 0.9604429663875625 
43300 0.14772727272727273 0.9604451582054582 
43400 0.11363636363636363 0.9604529692445294 
43500 0.17045454545454544 0.9604562382056003 
43600 0.11363636363636363 0.9604596224857228 
43700 0.17045454545454544 0.9604601959389322 
43800 0.17045454545454544 0.9604622585412123 
43900 0.18181818181818182 0.9604589406743685 
44000 0.17045454545454544 0.9604491168589143 
44100 0.19318181818181818 0.9604486138224035 
44200 0.14772727272727273 0.9604456064342436 
44300 0.11363636363636363 0.9604590933715841 
44400 0.14772727272727273 0.9604662492245261 
44500 0.13636363636363635 0.9604680104226463 
44600 0.20454545454545456 0.9604757511551922 
44700 0.14772727272727273 0.9604722082686782 
44800 0.19318181818181818 0.9604859926016261 
44900 0.13636363636363635 0.9604938313785277 
45000 0.14772727272727273 0.9604946278971579 
45100 0.14772727272727273 0.9605000821388762 
45200 0.17045454545454544 0.9605105402937586 
45300 0.125 0.9605146183808907 
45400 0.14772727272727273 0.9605069146454523 
45500 0.17045454545454544 0.9605147289470162 
45600 0.20454545454545456 0.9605142231729368 
45700 0.14772727272727273 0.9605300684687623 
45800 0.14772727272727273 0.9605368506245398 
45900 0.20454545454545456 0.9605403229480047 
46000 0.125 0.9605367398139566 
46100 0.1590909090909091 0.9605361301569084 
46200 0.18181818181818182 0.9605478211805726 
46300 0.13636363636363635 0.9605506262381924 
46400 0.14772727272727273 0.9605569702651393 
46500 0.09090909090909091 0.9605579718715727 
46600 0.11363636363636363 0.9605701862620973 
46700 0.20454545454545456 0.9605720677579417 
46800 0.1590909090909091 0.960572241560495 
46900 0.17045454545454544 0.9605750798102773 
47000 0.18181818181818182 0.9605733122699517 
47100 0.17045454545454544 0.9605724569638552 
47200 0.17045454545454544 0.9605816565904806 
47300 0.10227272727272728 0.9605780244891997 
47400 0.18181818181818182 0.9605880725569657 
47500 0.14772727272727273 0.960584023589934 
47600 0.25 0.9605916892502259 
47700 0.1590909090909091 0.9605947369123193 
47800 0.13636363636363635 0.9605970586389406 
47900 0.14772727272727273 0.9605958121959876 
48000 0.17045454545454544 0.9605992465119098 
48100 0.17045454545454544 0.9605990638070273 
48200 0.18181818181818182 0.9606095497830109 
48300 0.10227272727272728 0.9606088171522893 
48400 0.19318181818181818 0.9606107288354298 
48500 0.19318181818181818 0.9606031436090352 
48600 0.14772727272727273 0.9606014934223202 
48700 0.14772727272727273 0.9605943666454487 
48800 0.1590909090909091 0.9605866869345077 
48900 0.1590909090909091 0.9605922262232972 
49000 0.1590909090909091 0.96059020595127 
49100 0.13636363636363635 0.9606011542071907 
49200 0.14772727272727273 0.9606029348996972 
49300 0.17045454545454544 0.9606011933189628 
49400 0.13636363636363635 0.9606070497284744 
49500 0.14772727272727273 0.9606280336852699 
49600 0.20454545454545456 0.960622987348129 
49700 0.125 0.9606100160779644 
49800 0.18181818181818182 0.9606038852816026 
49900 0.18181818181818182 0.960600397878709 
50000 0.1590909090909091 0.9605949926456017 
50100 0.19318181818181818 0.9605938617628753 
50200 0.1590909090909091 0.9605921128880084 
50300 0.11363636363636363 0.9606025702543416 
50400 0.18181818181818182 0.9606127606595107 
50500 0.17045454545454544 0.9606107034784189 
50600 0.14772727272727273 0.960605791118034 
50700 0.18181818181818182 0.9605988249290404 
50800 0.125 0.9605996034437404 
50900 0.14772727272727273 0.9606053462068078 
51000 0.06818181818181818 0.9606195333068336 
51100 0.125 0.960619488410652 
51200 0.2159090909090909 0.960606182673989 
51300 0.19318181818181818 0.9606047795453216 
51400 0.18181818181818182 0.9605958652201673 
51500 0.19318181818181818 0.9606017689859508 
51600 0.25 0.960605007214448 
51700 0.14772727272727273 0.9605892206234801 
51800 0.18181818181818182 0.9605735498261704 
51900 0.13636363636363635 0.9605607310071097 
52000 0.1590909090909091 0.9605592156444543 
52100 0.13636363636363635 0.9605563429248435 
52200 0.14772727272727273 0.9605691548925395 
52300 0.13636363636363635 0.9605789303524529 
52400 0.2159090909090909 0.9605782050481341 
52500 0.125 0.9605827854361215 
52600 0.18181818181818182 0.9605886986248101 
52700 0.125 0.960588228444863 
52800 0.17045454545454544 0.9605859845113126 
52900 0.17045454545454544 0.9605918581191969 
53000 0.22727272727272727 0.9605854349231833 
53100 0.18181818181818182 0.9605845464303874 
53200 0.17045454545454544 0.960582059291435 
53300 0.19318181818181818 0.9605867768982673 
53400 0.18181818181818182 0.9605883912626764 
53500 0.1590909090909091 0.9605871852862563 
53600 0.14772727272727273 0.9605888458661728 
53700 0.14772727272727273 0.9605934098907927 
53800 0.20454545454545456 0.9605921485068712 
53900 0.1590909090909091 0.960579876237749 
54000 0.19318181818181818 0.9605894819287858 
54100 0.17045454545454544 0.9605824585665531 
54200 0.1590909090909091 0.9605826418834943 
54300 0.19318181818181818 0.9605877947166551 
54400 0.1590909090909091 0.960584207593109 
54500 0.17045454545454544 0.9605774018324935 
54600 0.13636363636363635 0.9605882072589413 
54700 0.19318181818181818 0.9605883783909551 
54800 0.14772727272727273 0.9605923332520475 
54900 0.14772727272727273 0.9605913060864929 
55000 0.18181818181818182 0.9605848075489537 
55100 0.14772727272727273 0.9605774045513116 
55200 0.19318181818181818 0.9605816594231659 
55300 0.2159090909090909 0.9605755731854265 
55400 0.11363636363636363 0.9605710985689461 
55500 0.17045454545454544 0.9605792831742589 
55600 0.14772727272727273 0.9605859055020266 
55700 0.17045454545454544 0.9605790393023791 
55800 0.17045454545454544 0.9605681247973725 
55900 0.14772727272727273 0.9605651773183437 
56000 0.17045454545454544 0.9605638129838591 
56100 0.18181818181818182 0.9605526295107363 
56200 0.19318181818181818 0.9605439121917921 
56300 0.19318181818181818 0.960543753461508 
56400 0.14772727272727273 0.9605428901163906 
56500 0.13636363636363635 0.9605532424204881 
56600 0.20454545454545456 0.9605466434900765 
56700 0.125 0.9605468317858752 
56800 0.1590909090909091 0.960555021838604 
56900 0.19318181818181818 0.9605421637421294 
57000 0.18181818181818182 0.9605330887336905 
57100 0.125 0.9605272296616363 
57200 0.22727272727272727 0.9605227320406032 
57300 0.14772727272727273 0.9605190433769996 
57400 0.17045454545454544 0.9605245731385738 
57500 0.13636363636363635 0.9605336903231723 
57600 0.18181818181818182 0.9605386329309308 
57700 0.17045454545454544 0.9605320374154537 
57800 0.1590909090909091 0.9605261528189981 
57900 0.1590909090909091 0.9605407486289294 
58000 0.125 0.9605370734203642 
58100 0.17045454545454544 0.960538300467368 
58200 0.17045454545454544 0.9605348373426886 
58300 0.13636363636363635 0.9605336276003374 
58400 0.17045454545454544 0.9605264873266491 
58500 0.17045454545454544 0.9605267042832213 
58600 0.17045454545454544 0.9605246904722383 
58700 0.19318181818181818 0.9605083098321076 
58800 0.19318181818181818 0.9605086532232754 
58900 0.1590909090909091 0.9605050404299356 
59000 0.18181818181818182 0.9605003805790657 
59100 0.14772727272727273 0.9605014566743217 
59200 0.17045454545454544 0.9604926916928614 
59300 0.19318181818181818 0.9604910464487032 
59400 0.17045454545454544 0.960494524120347 
59500 0.19318181818181818 0.9604987540316359 
59600 0.125 0.9605013967886444 
59700 0.13636363636363635 0.9604992721303587 
59800 0.1590909090909091 0.960490503731315 
59900 0.125 0.9604883094985514 
60000 0.19318181818181818 0.9604877324014297 
60100 0.13636363636363635 0.9604859755018447 
60200 0.13636363636363635 0.9604862064357131 
60300 0.17045454545454544 0.9604860597065328 
60400 0.18181818181818182 0.9604854431218026 
60500 0.17045454545454544 0.9604841242293516 
60600 0.125 0.9604876850967056 
60700 0.2727272727272727 0.9604777085445649 
60800 0.1590909090909091 0.9604666901411609 
60900 0.13636363636363635 0.960465503999785 
61000 0.1590909090909091 0.9604673954674364 
61100 0.17045454545454544 0.9604658400918896 
61200 0.1590909090909091 0.9604710206012677 
61300 0.1590909090909091 0.9604717352230647 
61400 0.18181818181818182 0.960472632589638 
61500 0.10227272727272728 0.9604751899821289 
61600 0.18181818181818182 0.9604799066130862 
61700 0.1590909090909091 0.9604759518410634 
61800 0.14772727272727273 0.9604753196108918 
61900 0.14772727272727273 0.960472624175553 
62000 0.13636363636363635 0.9604703039980294 
62100 0.11363636363636363 0.9604743043224307 
62200 0.125 0.9604717605387811 
62300 0.14772727272727273 0.9604800776581727 
62400 0.14772727272727273 0.9604797180552177 
62500 0.18181818181818182 0.9604819959244288 
62600 0.14772727272727273 0.9604787300086697 
62700 0.1590909090909091 0.9604853518357689 
62800 0.17045454545454544 0.9604894193201903 
62900 0.14772727272727273 0.9605025519900681 
63000 0.13636363636363635 0.9605050911890287 
63100 0.17045454545454544 0.960510818874791 
63200 0.13636363636363635 0.9605179218970931 
63300 0.1590909090909091 0.9605231175437412 
63400 0.13636363636363635 0.9605237263249361 
63500 0.2159090909090909 0.9605203962428652 
63600 0.19318181818181818 0.960517969986178 
63700 0.13636363636363635 0.9605179150177463 
63800 0.18181818181818182 0.9605201756598286 
63900 0.125 0.9605206509074407 
64000 0.20454545454545456 0.9605182394167137 
64100 0.17045454545454544 0.9605080352596967 
64200 0.14772727272727273 0.9605079076933097 
64300 0.11363636363636363 0.9605130381119479 
64400 0.17045454545454544 0.960521505171433 
64500 0.2159090909090909 0.9605156315405963 
64600 0.14772727272727273 0.960510127904015 
64700 0.14772727272727273 0.9605124130440587 
64800 0.1590909090909091 0.9605111400497467 
64900 0.1590909090909091 0.9605146422313146 
65000 0.17045454545454544 0.9605120585557425 
65100 0.14772727272727273 0.9605260218038824 
65200 0.18181818181818182 0.9605259121792611 
65300 0.18181818181818182 0.9605218439506008 
65400 0.13636363636363635 0.9605170062731874 
65500 0.1590909090909091 0.9605183855624688 
65600 0.1590909090909091 0.9605232251171337 
65700 0.125 0.9605272716203296 
65800 0.13636363636363635 0.9605338099310455 
65900 0.18181818181818182 0.9605292925614317 
66000 0.1590909090909091 0.9605327949576522 
66100 0.1590909090909091 0.9605394241732005 
66200 0.14772727272727273 0.9605378798178 
66300 0.17045454545454544 0.960540410743839 
66400 0.125 0.9605530738857986 
66500 0.17045454545454544 0.9605496790205479 
66600 0.1590909090909091 0.9605410903603686 
66700 0.18181818181818182 0.9605457734721164 
66800 0.1590909090909091 0.9605597561822019 
66900 0.18181818181818182 0.9605612550294804 
67000 0.18181818181818182 0.9605654630663586 
67100 0.18181818181818182 0.9605679650486173 
67200 0.17045454545454544 0.9605633574175709 
67300 0.18181818181818182 0.9605682189647324 
67400 0.1590909090909091 0.9605651841556168 
67500 0.14772727272727273 0.9605632946851966 
67600 0.1590909090909091 0.9605654451722743 
67700 0.1590909090909091 0.9605688481840606 
67800 0.10227272727272728 0.9605732886750128 
67900 0.19318181818181818 0.9605759170101926 
68000 0.14772727272727273 0.9605823393639933 
68100 0.19318181818181818 0.960593331629091 
68200 0.1590909090909091 0.9605848804536323 
68300 0.1590909090909091 0.960579116038498 
68400 0.18181818181818182 0.9605772725943666 
68500 0.14772727272727273 0.9605751442248355 
68600 0.11363636363636363 0.9605858183885472 
68700 0.14772727272727273 0.9605940630743763 
68800 0.13636363636363635 0.9605964616661227 
68900 0.1590909090909091 0.960594317802486 
69000 0.125 0.9605908214768956 
69100 0.11363636363636363 0.9605944066064035 
69200 0.18181818181818182 0.9605921518475167 
69300 0.14772727272727273 0.9605900265770795 
69400 0.14772727272727273 0.9605985504531634 
69500 0.17045454545454544 0.9606041884943447 
69600 0.19318181818181818 0.9605992387126099 
69700 0.2159090909090909 0.9605937325145981 
69800 0.1590909090909091 0.9605958123157913 
69900 0.125 0.9605972765378568 
70000 0.18181818181818182 0.9605949622797596 
70100 0.11363636363636363 0.9605894125489067 
70200 0.1590909090909091 0.9605953311335891 
70300 0.1590909090909091 0.9605961007279089 
70400 0.20454545454545456 0.9606000560425924 
70500 0.13636363636363635 0.9606044836888193 
70600 0.20454545454545456 0.9606010119609432 
70700 0.19318181818181818 0.96059903678873 
70800 0.17045454545454544 0.9605943788030729 
70900 0.18181818181818182 0.96059442199174 
71000 0.18181818181818182 0.9605901837490125 
71100 0.17045454545454544 0.9605945479605836 
71200 0.18181818181818182 0.9605887254520175 
71300 0.18181818181818182 0.9605798114523448 
71400 0.1590909090909091 0.9605742646206891 
71500 0.17045454545454544 0.9605756864811809 
71600 0.14772727272727273 0.960569407042309 
71700 0.13636363636363635 0.9605695638199543 
71800 0.13636363636363635 0.9605680188044988 
71900 0.20454545454545456 0.9605727208876852 
72000 0.14772727272727273 0.9605750030618262 
72100 0.17045454545454544 0.9605729447076135 
72200 0.1590909090909091 0.9605752595972606 
72300 0.14772727272727273 0.9605701810360978 
72400 0.1590909090909091 0.960575200807121 
72500 0.17045454545454544 0.9605822051357286 
72600 0.17045454545454544 0.9605779206021455 
72700 0.1590909090909091 0.9605786887388069 
72800 0.125 0.9605781670081954 
72900 0.10227272727272728 0.9605858302854058 
73000 0.14772727272727273 0.9605875573310951 
73100 0.19318181818181818 0.9605896682796281 
73200 0.17045454545454544 0.9605910360762583 
73300 0.1590909090909091 0.9605909273840987 
73400 0.125 0.9605866776647829 
73500 0.18181818181818182 0.9605917158208114 
73600 0.10227272727272728 0.9605906030797506 
73700 0.18181818181818182 0.9605888380692996 
73800 0.19318181818181818 0.9605830359529497 
73900 0.14772727272727273 0.9605805940010653 
74000 0.20454545454545456 0.9605722465666926 
74100 0.17045454545454544 0.9605707458861431 
74200 0.20454545454545456 0.9605690578171576 
74300 0.17045454545454544 0.9605627096050341 
74400 0.20454545454545456 0.960560769588874 
74500 0.14772727272727273 0.9605635632102558 
74600 0.10227272727272728 0.9605689388760326 
74700 0.1590909090909091 0.9605770763686989 
74800 0.11363636363636363 0.9605797230469695 
74900 0.125 0.9605825523023724 
75000 0.17045454545454544 0.9605795407576384 
75100 0.11363636363636363 0.9605735866608724 
75200 0.18181818181818182 0.9605735416961332 
75300 0.18181818181818182 0.9605779486811113 
75400 0.125 0.9605820048805719 
75500 0.18181818181818182 0.9605799170631093 
75600 0.14772727272727273 0.9605793754531866 
75700 0.1590909090909091 0.9605779721295864 
75800 0.17045454545454544 0.9605785213915383 
75900 0.125 0.9605790317770397 
76000 0.13636363636363635 0.9605848487639517 
76100 0.18181818181818182 0.9605881866323582 
76200 0.20454545454545456 0.9605826799576718 
76300 0.19318181818181818 0.9605788631985045 
76400 0.17045454545454544 0.9605776221396436 
76500 0.14772727272727273 0.9605782411043944 
76600 0.125 0.9605891686673922 
76700 0.17045454545454544 0.9605956971640763 
76800 0.18181818181818182 0.9606029854606534 
76900 0.14772727272727273 0.9606027185484052 
77000 0.19318181818181818 0.9606014192849915 
77100 0.17045454545454544 0.960596549272442 
77200 0.18181818181818182 0.9605942677968138 
77300 0.19318181818181818 0.9605862590275793 
77400 0.14772727272727273 0.9605901262727402 
77500 0.18181818181818182 0.9605902812397729 
77600 0.18181818181818182 0.9605898134513262 
77700 0.14772727272727273 0.9605883231291045 
77800 0.20454545454545456 0.9605841345226925 
77900 0.1590909090909091 0.9605838587671298 
78000 0.13636363636363635 0.9605870801772938 
78100 0.17045454545454544 0.9605868377310964 
78200 0.125 0.9605866322332544 
78300 0.1590909090909091 0.960594264150812 
78400 0.1590909090909091 0.9605958252503737 
78500 0.14772727272727273 0.9605958262257227 
78600 0.13636363636363635 0.9606068509422157 
78700 0.2159090909090909 0.9606122886274981 
78800 0.13636363636363635 0.9606138549810743 
78900 0.19318181818181818 0.9606158134301789 
79000 0.1590909090909091 0.9606126965021157 
79100 0.125 0.960615585252916 
79200 0.18181818181818182 0.960619578666936 
79300 0.14772727272727273 0.9606179017575154 
79400 0.2159090909090909 0.9606163364097773 
79500 0.17045454545454544 0.9606134170982412 
79600 0.17045454545454544 0.9606080068660626 
79700 0.18181818181818182 0.9606025389210355 
79800 0.1590909090909091 0.96060434706332 
79900 0.17045454545454544 0.9606107373215262 
80000 0.13636363636363635 0.9606136315341512 
80100 0.22727272727272727 0.9606085740048643 
80200 0.20454545454545456 0.9606075318149513 
80300 0.18181818181818182 0.960600973213285 
80400 0.14772727272727273 0.9606056672180694 
80500 0.19318181818181818 0.9606019857460834 
80600 0.18181818181818182 0.9605967273133313 
80700 0.17045454545454544 0.960595389434174 
80800 0.18181818181818182 0.9605963753823928 
80900 0.19318181818181818 0.9605926884823314 
81000 0.14772727272727273 0.9605965162046259 
81100 0.14772727272727273 0.9606008599266235 
81200 0.10227272727272728 0.9606058576864817 
81300 0.1590909090909091 0.9606089212812993 
81400 0.125 0.9606118726484263 
81500 0.1590909090909091 0.9606124464730494 
81600 0.14772727272727273 0.9606101292764906 
81700 0.14772727272727273 0.9606110863225219 
81800 0.13636363636363635 0.9606177713986603 
81900 0.13636363636363635 0.9606163927402374 
82000 0.1590909090909091 0.9606191748215931 
82100 0.1590909090909091 0.9606150642058396 
82200 0.19318181818181818 0.9606135901907851 
82300 0.18181818181818182 0.9606118436095441 
82400 0.1590909090909091 0.9606094117348531 
82500 0.17045454545454544 0.9606095339340239 
82600 0.10227272727272728 0.9606105844525324 
82700 0.18181818181818182 0.9606153080483802 
82800 0.18181818181818182 0.9606124033965334 
82900 0.14772727272727273 0.9606112877243503 
83000 0.18181818181818182 0.9606077788219419 
83100 0.1590909090909091 0.9606085516419778 
83200 0.1590909090909091 0.9606085714114013 
83300 0.13636363636363635 0.9606135362338769 
83400 0.1590909090909091 0.9606159344067163 
83500 0.14772727272727273 0.9606131213997438 
83600 0.17045454545454544 0.9606148346964096 
83700 0.1590909090909091 0.9606169172519933 
83800 0.19318181818181818 0.9606172998044068 
83900 0.13636363636363635 0.9606178846064247 
84000 0.20454545454545456 0.9606175548775935 
84100 0.1590909090909091 0.9606127332287693 
84200 0.13636363636363635 0.9606077205949832 
84300 0.17045454545454544 0.9606073703967709 
84400 0.13636363636363635 0.9606027125917294 
84500 0.11363636363636363 0.9606085888171307 
84600 0.17045454545454544 0.9606090111765281 
84700 0.18181818181818182 0.9606038983654803 
84800 0.1590909090909091 0.9605990321190466 
84900 0.18181818181818182 0.9605983265536009 
85000 0.125 0.960603672042361 
85100 0.18181818181818182 0.9606023284097719 
85200 0.19318181818181818 0.9606007211823164 
85300 0.18181818181818182 0.9605931229091421 
85400 0.20454545454545456 0.9605884697965001 
85500 0.1590909090909091 0.9605833956221671 
85600 0.17045454545454544 0.9605759105936528 
85700 0.17045454545454544 0.9605711281081901 
85800 0.17045454545454544 0.9605687076120113 
85900 0.20454545454545456 0.9605633824243764 
86000 0.19318181818181818 0.9605620666673009 
86100 0.1590909090909091 0.9605609519369958 
86200 0.20454545454545456 0.9605545337482903 
86300 0.19318181818181818 0.960548327945215 
86400 0.125 0.9605536775668632 
86500 0.14772727272727273 0.9605556977270888 
86600 0.18181818181818182 0.9605543999596897 
86700 0.17045454545454544 0.9605579218966752 
86800 0.18181818181818182 0.9605607484098947 
86900 0.18181818181818182 0.9605553628946628 
87000 0.18181818181818182 0.9605505122198178 
87100 0.13636363636363635 0.9605483798328168 
87200 0.17045454545454544 0.9605425057677612 
87300 0.18181818181818182 0.9605392484830435 
87400 0.17045454545454544 0.9605391515699321 
87500 0.1590909090909091 0.9605375289217474 
87600 0.18181818181818182 0.9605374017627445 
87700 0.1590909090909091 0.9605440450559805 
87800 0.17045454545454544 0.9605411604858507 
87900 0.13636363636363635 0.9605387672702038 
88000 0.13636363636363635 0.9605420289645469 
88100 0.13636363636363635 0.9605415749589057 
88200 0.17045454545454544 0.9605417339630246 
88300 0.11363636363636363 0.9605412491467717 
88400 0.1590909090909091 0.9605379695416856 
88500 0.11363636363636363 0.9605380036794654 
88600 0.20454545454545456 0.9605389675983547 
88700 0.17045454545454544 0.9605407940978425 
88800 0.14772727272727273 0.9605411768499741 
88900 0.1590909090909091 0.960538906403548 
89000 0.13636363636363635 0.9605419078539464 
89100 0.18181818181818182 0.960544806914727 
89200 0.125 0.9605407565243358 
89300 0.14772727272727273 0.9605384330929817 
89400 0.17045454545454544 0.9605396421231814 
89500 0.19318181818181818 0.9605426894671568 
89600 0.14772727272727273 0.9605361230241951 
89700 0.1590909090909091 0.9605352719793334 
89800 0.17045454545454544 0.9605352453556399 
89900 0.18181818181818182 0.9605374940212011 
90000 0.17045454545454544 0.9605357920265533 
90100 0.17045454545454544 0.9605384134572212 
90200 0.07954545454545454 0.9605338166478703 
90300 0.125 0.9605370007480034 
90400 0.13636363636363635 0.9605420319163807 
90500 0.18181818181818182 0.960540302919807 
90600 0.14772727272727273 0.9605364141575801 
90700 0.19318181818181818 0.9605373888330389 
90800 0.17045454545454544 0.9605332615479806 
90900 0.18181818181818182 0.960529924663295 
91000 0.125 0.9605298106114718 
91100 0.20454545454545456 0.9605278569439912 
91200 0.19318181818181818 0.9605273093098062 
91300 0.1590909090909091 0.9605296877660406 
91400 0.125 0.9605351070358291 
91500 0.18181818181818182 0.9605393035942975 
91600 0.1590909090909091 0.9605361716972125 
91700 0.1590909090909091 0.9605350293592516 
91800 0.1590909090909091 0.960533425314242 
91900 0.23863636363636365 0.9605307737278553 
92000 0.11363636363636363 0.9605272324115054 
92100 0.14772727272727273 0.9605249017629856 
92200 0.14772727272727273 0.9605294164626493 
92300 0.125 0.9605314283012791 
92400 0.1590909090909091 0.9605388162367389 
92500 0.1590909090909091 0.9605403835929046 
92600 0.2159090909090909 0.9605398000316117 
92700 0.14772727272727273 0.9605382370593236 
92800 0.1590909090909091 0.9605352998743156 
92900 0.1590909090909091 0.9605361915078711 
93000 0.17045454545454544 0.9605407468736895 
93100 0.19318181818181818 0.9605410204557905 
93200 0.1590909090909091 0.9605335511421551 
93300 0.2159090909090909 0.960532674793508 
93400 0.14772727272727273 0.9605333211343854 
93500 0.18181818181818182 0.9605330545808455 
93600 0.18181818181818182 0.9605315138435778 
93700 0.1590909090909091 0.9605292790607648 
93800 0.18181818181818182 0.9605321977571474 
93900 0.17045454545454544 0.9605375003267465 
94000 0.17045454545454544 0.9605344200883743 
94100 0.13636363636363635 0.9605365692664845 
94200 0.14772727272727273 0.960541337623322 
94300 0.1590909090909091 0.9605389560122277 
94400 0.13636363636363635 0.9605355562489226 
94500 0.19318181818181818 0.9605392283006144 
94600 0.13636363636363635 0.9605404000630399 
94700 0.14772727272727273 0.960538329488697 
94800 0.1590909090909091 0.9605415374885765 
94900 0.14772727272727273 0.9605367758841511 
95000 0.19318181818181818 0.9605389321260733 
95100 0.18181818181818182 0.9605344820004761 
95200 0.1590909090909091 0.9605306380471558 
95300 0.17045454545454544 0.9605341651952521 
95400 0.1590909090909091 0.9605326821426495 
95500 0.10227272727272728 0.9605367352174323 
95600 0.18181818181818182 0.9605357577564327 
95700 0.20454545454545456 0.9605333277604204 
95800 0.1590909090909091 0.9605363888780816 
95900 0.17045454545454544 0.9605368960035491 
96000 0.17045454545454544 0.9605340285281119 
96100 0.14772727272727273 0.9605341823138724 
96200 0.1590909090909091 0.9605333021958758 
96300 0.125 0.960536671949975 
96400 0.17045454545454544 0.9605337576656598 
96500 0.17045454545454544 0.96052422560859 
96600 0.13636363636363635 0.9605247416505194 
96700 0.18181818181818182 0.9605261379735661 
96800 0.13636363636363635 0.960526533582016 
96900 0.18181818181818182 0.9605262540681164 
97000 0.14772727272727273 0.960525652968901 
97100 0.17045454545454544 0.960530319414368 
97200 0.1590909090909091 0.960529247735012 
97300 0.23863636363636365 0.9605296381145293 
97400 0.20454545454545456 0.9605276359865635 
97500 0.125 0.9605244142018123 
97600 0.13636363636363635 0.960519860079675 
97700 0.17045454545454544 0.9605180485730582 
97800 0.1590909090909091 0.9605174607807505 
97900 0.17045454545454544 0.9605169902619622 
98000 0.13636363636363635 0.960514897343348 
98100 0.18181818181818182 0.9605183398649444 
98200 0.11363636363636363 0.9605184774085803 
98300 0.18181818181818182 0.9605217647836747 
98400 0.1590909090909091 0.96051984874507 
98500 0.18181818181818182 0.9605205323250063 
98600 0.1590909090909091 0.9605215890766367 
98700 0.14772727272727273 0.9605252341553139 
98800 0.14772727272727273 0.9605247600548762 
98900 0.1590909090909091 0.9605238273167566 
99000 0.1590909090909091 0.9605224086349908 
99100 0.1590909090909091 0.9605269841786754 
99200 0.1590909090909091 0.9605244769343417 
99300 0.23863636363636365 0.9605189707876237 
99400 0.20454545454545456 0.9605224785099107 
99500 0.1590909090909091 0.9605203259720551 
99600 0.1590909090909091 0.9605201173135356 
99700 0.19318181818181818 0.9605185698420095 
99800 0.14772727272727273 0.9605197866481571 
99900 0.13636363636363635 0.9605215982004002 
