0 0.011111111111111112 0.9944444444444445 
100 0.12222222222222222 0.9724422442244225 
200 0.12222222222222222 0.9691127694859039 
300 0.08888888888888889 0.9698135843484681 
400 0.18888888888888888 0.9684469382100305 
500 0.12222222222222222 0.9671379463295631 
600 0.13333333333333333 0.9669670918838972 
700 0.1111111111111111 0.967542399746394 
800 0.13333333333333333 0.9679636565404356 
900 0.13333333333333333 0.9676563078061413 
1000 0.06666666666666667 0.9677017427017427 
1100 0.12222222222222222 0.968016449692199 
1200 0.13333333333333333 0.9679988898140438 
1300 0.12222222222222222 0.9680651635494064 
1400 0.16666666666666666 0.9679316361329209 
1500 0.1 0.9678325560737286 
1600 0.16666666666666666 0.967473454091193 
1700 0.13333333333333333 0.9669099875889999 
1800 0.15555555555555556 0.9667931396137948 
1900 0.15555555555555556 0.966624291308668 
2000 0.13333333333333333 0.9665930923427175 
2100 0.17777777777777778 0.9665556084404252 
2200 0.2111111111111111 0.9662981473067798 
2300 0.18888888888888888 0.9659169926119079 
2400 0.13333333333333333 0.965702947845805 
2500 0.15555555555555556 0.9657748011906349 
2600 0.12222222222222222 0.965715109573241 
2700 0.13333333333333333 0.9656536673659961 
2800 0.12222222222222222 0.9656025625768575 
2900 0.16666666666666666 0.9654946570148225 
3000 0.14444444444444443 0.9655411159243216 
3100 0.13333333333333333 0.9654770862445806 
3200 0.14444444444444443 0.9654621819570273 
3300 0.14444444444444443 0.9653884344811337 
3400 0.14444444444444443 0.9653100395308569 
3500 0.1111111111111111 0.9652162874099464 
3600 0.15555555555555556 0.9652619642691845 
3700 0.12222222222222222 0.9650762556666367 
3800 0.14444444444444443 0.9651195591803327 
3900 0.15555555555555556 0.9651499615483209 
4000 0.13333333333333333 0.9651482962592686 
4100 0.12222222222222222 0.9652401853206535 
4200 0.12222222222222222 0.9652556269671242 
4300 0.13333333333333333 0.9652212663721615 
4400 0.17777777777777778 0.9651928854553258 
4500 0.17777777777777778 0.9651694685131699 
4600 0.1111111111111111 0.9651700113501895 
4700 0.15555555555555556 0.9651640312935782 
4800 0.13333333333333333 0.965172186350066 
4900 0.16666666666666666 0.9652004126142057 
5000 0.1111111111111111 0.9651741873847453 
5100 0.14444444444444443 0.9652426539458494 
5200 0.12222222222222222 0.9652422611036339 
5300 0.15555555555555556 0.9652481712045945 
5400 0.16666666666666666 0.9652286613590076 
5500 0.12222222222222222 0.9651452261205034 
5600 0.14444444444444443 0.9651014699755996 
5700 0.14444444444444443 0.9651459782884094 
5800 0.12222222222222222 0.9652531172786302 
5900 0.15555555555555556 0.9651824549511382 
6000 0.15555555555555556 0.9651150734136903 
6100 0.14444444444444443 0.9650212169225446 
6200 0.12222222222222222 0.9649899657761293 
6300 0.14444444444444443 0.965061542259606 
6400 0.12222222222222222 0.9650510336926522 
6500 0.12222222222222222 0.9650848587396811 
6600 0.1111111111111111 0.9651365954653335 
6700 0.13333333333333333 0.9651905188280356 
6800 0.13333333333333333 0.9651509581924227 
6900 0.13333333333333333 0.9651616512904732 
7000 0.16666666666666666 0.9652196511609452 
7100 0.13333333333333333 0.9651758750723686 
7200 0.16666666666666666 0.9651838479223565 
7300 0.17777777777777778 0.9651387176794656 
7400 0.17777777777777778 0.965070786230089 
7500 0.1111111111111111 0.9650613251566458 
7600 0.12222222222222222 0.9650681927816516 
7700 0.17777777777777778 0.965042779437014 
7800 0.12222222222222222 0.9649745759090715 
7900 0.14444444444444443 0.9649548580348479 
8000 0.15555555555555556 0.9649220930716994 
8100 0.15555555555555556 0.9648945946316642 
8200 0.17777777777777778 0.9648548957444214 
8300 0.13333333333333333 0.9648221767123104 
8400 0.1111111111111111 0.9648778584560039 
8500 0.14444444444444443 0.9649204668731783 
8600 0.14444444444444443 0.964926235967394 
8700 0.15555555555555556 0.9648993091470968 
8800 0.15555555555555556 0.9649174967491068 
8900 0.17777777777777778 0.9649234168445493 
9000 0.13333333333333333 0.9649495735041785 
9100 0.15555555555555556 0.9649614206009107 
9200 0.13333333333333333 0.9649452354212706 
9300 0.15555555555555556 0.9649189453941631 
9400 0.15555555555555556 0.9649638336347197 
9500 0.13333333333333333 0.9649121729876388 
9600 0.13333333333333333 0.9648870488027868 
9700 0.15555555555555556 0.9649039617908807 
9800 0.14444444444444443 0.9648808511603124 
9900 0.15555555555555556 0.9648450212660898 
10000 0.13333333333333333 0.9648518481485184 
10100 0.1 0.9648821898821899 
10200 0.15555555555555556 0.9648866124236186 
10300 0.14444444444444443 0.9648669492713761 
10400 0.12222222222222222 0.9648692967556538 
10500 0.13333333333333333 0.9648380048460993 
10600 0.12222222222222222 0.9648696663836746 
10700 0.16666666666666666 0.9648153339770945 
10800 0.15555555555555556 0.964800327130204 
10900 0.18888888888888888 0.9647922208971654 
11000 0.16666666666666666 0.9647673443828338 
11100 0.14444444444444443 0.964758430171456 
11200 0.13333333333333333 0.9647514110843278 
11300 0.14444444444444443 0.9647693419461405 
11400 0.12222222222222222 0.9647477316804569 
11500 0.13333333333333333 0.9647450946294525 
11600 0.18888888888888888 0.9647477707860433 
11700 0.12222222222222222 0.964772716481972 
11800 0.12222222222222222 0.9647574593490194 
11900 0.1111111111111111 0.9648738668085782 
12000 0.17777777777777778 0.9648934348063587 
12100 0.1111111111111111 0.9648830675150813 
12200 0.1111111111111111 0.9649008733346083 
12300 0.13333333333333333 0.9649301321482445 
12400 0.12222222222222222 0.9649358474674982 
12500 0.14444444444444443 0.9649961336426419 
12600 0.13333333333333333 0.9650182084314296 
12700 0.16666666666666666 0.964968418934642 
12800 0.16666666666666666 0.9649274362246005 
12900 0.13333333333333333 0.9649247689670912 
13000 0.16666666666666666 0.9649328256800759 
13100 0.17777777777777778 0.964909167239142 
13200 0.15555555555555556 0.9648879714499743 
13300 0.16666666666666666 0.9648380656425164 
13400 0.12222222222222222 0.9648394812990738 
13500 0.17777777777777778 0.9648011669917455 
13600 0.18888888888888888 0.9647630076219886 
13700 0.13333333333333333 0.9647292573940264 
13800 0.2111111111111111 0.9647108905151801 
13900 0.14444444444444443 0.9646919885859531 
14000 0.15555555555555556 0.9646854589751526 
14100 0.12222222222222222 0.9646805979087377 
14200 0.13333333333333333 0.9646670031061976 
14300 0.17777777777777778 0.9646796261333707 
14400 0.12222222222222222 0.9647221643558703 
14500 0.16666666666666666 0.9647185251591844 
14600 0.13333333333333333 0.9647170285140287 
14700 0.07777777777777778 0.964751641989585 
14800 0.12222222222222222 0.9647476897206645 
14900 0.1111111111111111 0.9647555346770165 
15000 0.15555555555555556 0.9647779036953092 
15100 0.12222222222222222 0.9647786386479188 
15200 0.13333333333333333 0.9647777193020927 
15300 0.12222222222222222 0.9648214713635275 
15400 0.15555555555555556 0.9648255163806102 
15500 0.16666666666666666 0.9648054964195858 
15600 0.14444444444444443 0.9647962381328832 
15700 0.1111111111111111 0.9647961205584924 
15800 0.12222222222222222 0.9647910821396677 
15900 0.16666666666666666 0.964803052218938 
16000 0.12222222222222222 0.9648089702726913 
16100 0.13333333333333333 0.9648108468073067 
16200 0.13333333333333333 0.9648012125451789 
16300 0.16666666666666666 0.9647905036500828 
16400 0.14444444444444443 0.9647907647907648 
16500 0.1111111111111111 0.9647334504979497 
16600 0.16666666666666666 0.9647407452027655 
16700 0.2 0.9647276610183023 
16800 0.16666666666666666 0.9646952231679331 
16900 0.12222222222222222 0.9646702364751593 
17000 0.1111111111111111 0.9646636799142534 
17100 0.14444444444444443 0.9646734433983718 
17200 0.13333333333333333 0.9646737269796976 
17300 0.13333333333333333 0.9646619655896577 
17400 0.17777777777777778 0.9646661430696831 
17500 0.17777777777777778 0.9646256721838117 
17600 0.13333333333333333 0.9646057042213511 
17700 0.13333333333333333 0.9646189166964829 
17800 0.14444444444444443 0.9646402511719067 
17900 0.12222222222222222 0.9646407090851535 
18000 0.12222222222222222 0.964632211790703 
18100 0.17777777777777778 0.9646207391856804 
18200 0.13333333333333333 0.9646107661972175 
18300 0.16666666666666666 0.9646216964464601 
18400 0.13333333333333333 0.9646074488705324 
18500 0.08888888888888889 0.9646459050261548 
18600 0.14444444444444443 0.9646346671923254 
18700 0.12222222222222222 0.9646320161132204 
18800 0.15555555555555556 0.9646457930724726 
18900 0.14444444444444443 0.9646347341998366 
19000 0.14444444444444443 0.9646673566888292 
19100 0.13333333333333333 0.964651647092357 
19200 0.08888888888888889 0.9646672048330817 
19300 0.13333333333333333 0.9646823135243424 
19400 0.1111111111111111 0.9646928279756485 
19500 0.14444444444444443 0.9646845745802209 
19600 0.1111111111111111 0.964691994172633 
19700 0.13333333333333333 0.9646936985714205 
19800 0.14444444444444443 0.9646875298105034 
19900 0.15555555555555556 0.9646948227057267 
20000 0.12222222222222222 0.9646938486409012 
20100 0.1111111111111111 0.9647083616624933 
20200 0.15555555555555556 0.9647104928798904 
20300 0.12222222222222222 0.9646963203783064 
20400 0.13333333333333333 0.9646938603227511 
20500 0.14444444444444443 0.9646885788769112 
20600 0.13333333333333333 0.9646756629937058 
20700 0.12222222222222222 0.9646863543897504 
20800 0.17777777777777778 0.9647010827470901 
20900 0.17777777777777778 0.9646726100292915 
21000 0.13333333333333333 0.9646637197170506 
21100 0.12222222222222222 0.964680188932594 
21200 0.1111111111111111 0.964687986415735 
21300 0.14444444444444443 0.964717358079172 
21400 0.15555555555555556 0.964722832266405 
21500 0.2 0.9647217958854627 
21600 0.1111111111111111 0.9647450735305464 
21700 0.14444444444444443 0.9647489363009385 
21800 0.16666666666666666 0.9647778644200826 
21900 0.13333333333333333 0.964758204851123 
22000 0.18888888888888888 0.9647595563838007 
22100 0.15555555555555556 0.9647714532776295 
22200 0.1111111111111111 0.9647490853765346 
22300 0.13333333333333333 0.9647416159713814 
22400 0.14444444444444443 0.9647456214752318 
22500 0.12222222222222222 0.964734530317171 
22600 0.1111111111111111 0.9647425875944525 
22700 0.14444444444444443 0.9647520422497295 
22800 0.14444444444444443 0.9647605611839637 
22900 0.13333333333333333 0.9647659733442013 
23000 0.12222222222222222 0.9647633677762802 
23100 0.1 0.9647776190544902 
23200 0.16666666666666666 0.964809586751529 
23300 0.14444444444444443 0.9648094502381872 
23400 0.2 0.9647712111068378 
23500 0.1111111111111111 0.9647275056853373 
23600 0.13333333333333333 0.9647227754002891 
23700 0.14444444444444443 0.964719725843729 
23800 0.12222222222222222 0.9646863577160624 
23900 0.1111111111111111 0.9647109140017387 
24000 0.13333333333333333 0.9647100352300135 
24100 0.18888888888888888 0.9646931432075202 
24200 0.1111111111111111 0.964680408063946 
24300 0.14444444444444443 0.9646796656744807 
24400 0.13333333333333333 0.9646829137239367 
24500 0.15555555555555556 0.9646775188314309 
24600 0.15555555555555556 0.9646538758587049 
24700 0.14444444444444443 0.9646579760603484 
24800 0.14444444444444443 0.9646441227728273 
24900 0.13333333333333333 0.9646583805201933 
25000 0.1111111111111111 0.9646581914501198 
25100 0.13333333333333333 0.9646568972462363 
25200 0.16666666666666666 0.9646408431764172 
25300 0.14444444444444443 0.9646400669275259 
25400 0.15555555555555556 0.964619612526191 
25500 0.13333333333333333 0.9646004078271441 
25600 0.12222222222222222 0.9646128189437044 
25700 0.15555555555555556 0.9646238365130626 
25800 0.12222222222222222 0.964653824787153 
25900 0.16666666666666666 0.9646457236743327 
26000 0.14444444444444443 0.9646665299197894 
26100 0.18888888888888888 0.9646513117845634 
26200 0.13333333333333333 0.9646391783180456 
26300 0.16666666666666666 0.9646267146580823 
26400 0.16666666666666666 0.9646077168794112 
26500 0.1111111111111111 0.9646064718731788 
26600 0.17777777777777778 0.9646089954847145 
26700 0.13333333333333333 0.9646039058046099 
26800 0.18888888888888888 0.9646069383812379 
26900 0.12222222222222222 0.9646044756700495 
27000 0.14444444444444443 0.9645975046191705 
27100 0.14444444444444443 0.9645986822954462 
27200 0.16666666666666666 0.9645866777773693 
27300 0.13333333333333333 0.9646076252803113 
27400 0.18888888888888888 0.9645906069932565 
27500 0.13333333333333333 0.9645952268402361 
27600 0.12222222222222222 0.9646205451493304 
27700 0.12222222222222222 0.9646119875335427 
27800 0.15555555555555556 0.9646051900611089 
27900 0.14444444444444443 0.9645941603048875 
28000 0.16666666666666666 0.9645770587558381 
28100 0.17777777777777778 0.9645681846039484 
28200 0.14444444444444443 0.9645734587819975 
28300 0.15555555555555556 0.9645778123270085 
28400 0.15555555555555556 0.964571278789088 
28500 0.15555555555555556 0.9645681048228327 
28600 0.14444444444444443 0.9645663127551872 
28700 0.18888888888888888 0.9645589197434081 
28800 0.1 0.964559390298948 
28900 0.13333333333333333 0.9645718717922102 
29000 0.2111111111111111 0.9645595554176293 
29100 0.13333333333333333 0.9645432192097255 
29200 0.2 0.9645312755651443 
29300 0.14444444444444443 0.964527092363173 
29400 0.12222222222222222 0.9645007350468049 
29500 0.12222222222222222 0.9645154213228176 
29600 0.12222222222222222 0.9645183721270678 
29700 0.1111111111111111 0.9645303749593167 
29800 0.15555555555555556 0.9645298069788859 
29900 0.15555555555555556 0.9645432705706609 
30000 0.16666666666666666 0.9645599776303753 
30100 0.12222222222222222 0.9645714981783551 
30200 0.13333333333333333 0.9645837702210007 
30300 0.12222222222222222 0.9645933027512843 
30400 0.14444444444444443 0.964606518791414 
30500 0.12222222222222222 0.9646152767304533 
30600 0.14444444444444443 0.9646271545229096 
30700 0.1111111111111111 0.9646331643196566 
30800 0.1 0.9646528431616578 
30900 0.15555555555555556 0.9646643042835723 
31000 0.1 0.9646575916905906 
31100 0.15555555555555556 0.9646646767342243 
31200 0.14444444444444443 0.9646461651870132 
31300 0.14444444444444443 0.964647650589793 
31400 0.2 0.9646292227069909 
31500 0.13333333333333333 0.964632868797816 
31600 0.15555555555555556 0.9646502923606496 
31700 0.16666666666666666 0.964641318710591 
31800 0.13333333333333333 0.9646549374757607 
31900 0.13333333333333333 0.9646558449926683 
32000 0.15555555555555556 0.9646585696974748 
32100 0.1 0.9646572969343288 
32200 0.08888888888888889 0.9646678502047901 
32300 0.13333333333333333 0.964706459036356 
32400 0.14444444444444443 0.9646914189891258 
32500 0.12222222222222222 0.964687325860059 
32600 0.1 0.9647029402642727 
32700 0.18888888888888888 0.9647022347260872 
32800 0.13333333333333333 0.9647194021862477 
32900 0.08888888888888889 0.9647236321759892 
33000 0.14444444444444443 0.9647237962485985 
33100 0.1111111111111111 0.9647204347636359 
33200 0.14444444444444443 0.9647247907526212 
33300 0.08888888888888889 0.9647466375717779 
33400 0.1111111111111111 0.9647621994018808 
33500 0.14444444444444443 0.96475917800132 
33600 0.2 0.9647409633972533 
33700 0.1111111111111111 0.9647420617258308 
33800 0.15555555555555556 0.9647350177016459 
33900 0.16666666666666666 0.9647316205028367 
34000 0.1111111111111111 0.9647383737079629 
34100 0.13333333333333333 0.9647400369490631 
34200 0.2 0.9647222790756605 
34300 0.13333333333333333 0.9647022762536888 
34400 0.15555555555555556 0.9647035454395706 
34500 0.12222222222222222 0.9647135026681997 
34600 0.15555555555555556 0.964712644785475 
34700 0.13333333333333333 0.964697623187292 
34800 0.12222222222222222 0.9647034408334371 
34900 0.13333333333333333 0.9647096230926208 
35000 0.18888888888888888 0.9646997387376234 
35100 0.14444444444444443 0.9646992488343162 
35200 0.2222222222222222 0.9646805330656641 
35300 0.1 0.964683090501056 
35400 0.14444444444444443 0.9646884582670295 
35500 0.15555555555555556 0.9646775208210098 
35600 0.16666666666666666 0.9646744473469846 
35700 0.13333333333333333 0.9646734140655879 
35800 0.12222222222222222 0.9646722313777704 
35900 0.16666666666666666 0.9646802626977274 
36000 0.17777777777777778 0.9646806878821267 
36100 0.14444444444444443 0.9646826496034274 
36200 0.14444444444444443 0.9646706352494867 
36300 0.2222222222222222 0.9646554732192869 
36400 0.16666666666666666 0.9646341370353073 
36500 0.12222222222222222 0.964636204791954 
36600 0.13333333333333333 0.9646308995807643 
36700 0.14444444444444443 0.9646244879794375 
36800 0.14444444444444443 0.9646331319499168 
36900 0.16666666666666666 0.9646190708472219 
37000 0.1111111111111111 0.9646178481662657 
37100 0.12222222222222222 0.9646267396206751 
37200 0.16666666666666666 0.9646151238467305 
37300 0.17777777777777778 0.9646050597392385 
37400 0.12222222222222222 0.9646073040233624 
37500 0.2222222222222222 0.9645988699560605 
37600 0.17777777777777778 0.9645866392442282 
37700 0.15555555555555556 0.964575136527472 
37800 0.13333333333333333 0.964577362738787 
37900 0.12222222222222222 0.9645721748766524 
38000 0.13333333333333333 0.9645612396165013 
38100 0.16666666666666666 0.964556485831518 
38200 0.15555555555555556 0.9645427403005739 
38300 0.15555555555555556 0.964535448740822 
38400 0.12222222222222222 0.9645343437236877 
38500 0.15555555555555556 0.9645409643039575 
38600 0.14444444444444443 0.9645389152267212 
38700 0.17777777777777778 0.9645165643150191 
38800 0.18888888888888888 0.9645141591425193 
38900 0.1 0.9645043400769475 
39000 0.12222222222222222 0.9645190009372979 
39100 0.14444444444444443 0.9645138373840965 
39200 0.17777777777777778 0.9645066452386418 
39300 0.15555555555555556 0.9644987122182359 
39400 0.12222222222222222 0.9645044965017808 
39500 0.2111111111111111 0.9644963278004214 
39600 0.13333333333333333 0.9644933208757355 
39700 0.14444444444444443 0.9645090803758092 
39800 0.13333333333333333 0.9645208523515602 
39900 0.14444444444444443 0.9645188508224523 
40000 0.12222222222222222 0.9645079706340675 
40100 0.15555555555555556 0.9645150855201726 
40200 0.15555555555555556 0.9645085528552357 
40300 0.14444444444444443 0.9645093587421322 
40400 0.17777777777777778 0.9644997786083402 
40500 0.14444444444444443 0.964492852028345 
40600 0.17777777777777778 0.9644886962280622 
40700 0.18888888888888888 0.9644837418682042 
40800 0.15555555555555556 0.964489023961831 
40900 0.13333333333333333 0.9644922427867832 
41000 0.2111111111111111 0.9644947006712573 
41100 0.1111111111111111 0.9644977548532206 
41200 0.17777777777777778 0.9645020077721954 
41300 0.15555555555555556 0.9644866010777248 
41400 0.12222222222222222 0.9644836812852078 
41500 0.14444444444444443 0.964489945356069 
41600 0.1111111111111111 0.9644941093830544 
41700 0.13333333333333333 0.9644975873213805 
41800 0.13333333333333333 0.9644928749710932 
41900 0.13333333333333333 0.9644961403732077 
42000 0.12222222222222222 0.9644956204746448 
42100 0.13333333333333333 0.9644903525648638 
42200 0.1111111111111111 0.9644875450555411 
42300 0.14444444444444443 0.9644948635309383 
42400 0.15555555555555556 0.964491731065043 
42500 0.13333333333333333 0.9644992013259819 
42600 0.13333333333333333 0.9645060496754119 
42700 0.13333333333333333 0.9645191109237619 
42800 0.15555555555555556 0.9645236092614659 
42900 0.13333333333333333 0.9645100865299695 
43000 0.12222222222222222 0.9645145849321334 
43100 0.12222222222222222 0.9645156467109554 
43200 0.16666666666666666 0.9645140030194774 
43300 0.13333333333333333 0.9645129442738043 
43400 0.13333333333333333 0.9645154745538377 
43500 0.15555555555555556 0.9645160775358932 
43600 0.1 0.9645204365852975 
43700 0.15555555555555556 0.9645180379803158 
43800 0.15555555555555556 0.9645211677054557 
43900 0.13333333333333333 0.9645069461844706 
44000 0.12222222222222222 0.964516273620044 
44100 0.14444444444444443 0.9645210237107247 
44200 0.13333333333333333 0.9645189022872785 
44300 0.12222222222222222 0.9645263212016785 
44400 0.12222222222222222 0.9645322052306129 
44500 0.08888888888888889 0.9645346921042973 
44600 0.15555555555555556 0.9645349880047532 
44700 0.14444444444444443 0.96453522044001 
44800 0.16666666666666666 0.9645275155068463 
44900 0.15555555555555556 0.9645217626927388 
45000 0.13333333333333333 0.9645208501539472 
45100 0.12222222222222222 0.9645164926128763 
45200 0.15555555555555556 0.9645155957709883 
45300 0.18888888888888888 0.9645032363769257 
45400 0.14444444444444443 0.9644860979567264 
45500 0.16666666666666666 0.9644758723251504 
45600 0.1111111111111111 0.9644881691190983 
45700 0.12222222222222222 0.9644916595552249 
45800 0.17777777777777778 0.9644856735296901 
45900 0.13333333333333333 0.9644801977202143 
46000 0.13333333333333333 0.9644594682724289 
46100 0.1111111111111111 0.9644562422121478 
46200 0.15555555555555556 0.9644652352402184 
46300 0.16666666666666666 0.9644573911290613 
46400 0.16666666666666666 0.9644617932084797 
46500 0.12222222222222222 0.9644664750339897 
46600 0.16666666666666666 0.9644772763579227 
46700 0.14444444444444443 0.9644735777725435 
46800 0.13333333333333333 0.9644729219935946 
46900 0.13333333333333333 0.9644725059167182 
47000 0.15555555555555556 0.964473746421471 
47100 0.2 0.9644702046901575 
47200 0.12222222222222222 0.9644658540661804 
47300 0.15555555555555556 0.9644626963489144 
47400 0.14444444444444443 0.9644512305178747 
47500 0.15555555555555556 0.9644573564533144 
47600 0.15555555555555556 0.964437955318399 
47700 0.14444444444444443 0.9644481014840127 
47800 0.1111111111111111 0.9644587863108396 
47900 0.1 0.9644728479340492 
48000 0.13333333333333333 0.964467001844869 
48100 0.16666666666666666 0.9644647604923898 
48200 0.13333333333333333 0.9644550942926495 
48300 0.2111111111111111 0.9644608232173707 
48400 0.16666666666666666 0.9644504590125549 
48500 0.12222222222222222 0.9644449484432165 
48600 0.13333333333333333 0.9644384317652357 
48700 0.17777777777777778 0.9644293751668344 
48800 0.12222222222222222 0.9644262754178534 
48900 0.15555555555555556 0.9644268806136662 
49000 0.17777777777777778 0.9644193769288155 
49100 0.15555555555555556 0.9644099803353179 
49200 0.12222222222222222 0.9644001138188248 
49300 0.13333333333333333 0.9643998093344962 
49400 0.08888888888888889 0.9643970882280836 
49500 0.15555555555555556 0.9643874758983545 
49600 0.2222222222222222 0.9643845106169454 
49700 0.1111111111111111 0.9643804953622663 
49800 0.14444444444444443 0.9643880421856768 
49900 0.15555555555555556 0.9643931651336313 
50000 0.14444444444444443 0.964391045512423 
50100 0.18888888888888888 0.964392593627539 
50200 0.13333333333333333 0.9643908155880029 
50300 0.14444444444444443 0.9643940146981836 
50400 0.15555555555555556 0.9643965948647404 
50500 0.17777777777777778 0.964398064724791 
50600 0.16666666666666666 0.964397113364031 
50700 0.14444444444444443 0.9643892077517647 
50800 0.12222222222222222 0.9643861997467241 
50900 0.15555555555555556 0.9643853318751651 
51000 0.1111111111111111 0.9643936175543399 
51100 0.17777777777777778 0.9643961087954356 
51200 0.13333333333333333 0.9643941958598898 
51300 0.1111111111111111 0.9643960806482005 
51400 0.16666666666666666 0.9643897978638548 
51500 0.15555555555555556 0.9643888252439543 
51600 0.14444444444444443 0.9643883947124194 
51700 0.15555555555555556 0.9643885031237307 
51800 0.15555555555555556 0.9643801385215643 
51900 0.1 0.9643810117124697 
52000 0.15555555555555556 0.96438914636257 
52100 0.13333333333333333 0.9643826414080344 
52200 0.12222222222222222 0.9643717446877348 
52300 0.13333333333333333 0.964380169064114 
52400 0.14444444444444443 0.9643803977447419 
52500 0.1111111111111111 0.9643818953713051 
52600 0.1111111111111111 0.9643890378087446 
52700 0.15555555555555556 0.9643988939699647 
52800 0.14444444444444443 0.9643946137383762 
52900 0.13333333333333333 0.9643899821259417 
53000 0.15555555555555556 0.9643917620002976 
53100 0.16666666666666666 0.964383229861752 
53200 0.12222222222222222 0.9643808909189259 
53300 0.1111111111111111 0.964383824360185 
53400 0.13333333333333333 0.9643875270750235 
53500 0.08888888888888889 0.9643975502015538 
53600 0.13333333333333333 0.9644140138347336 
53700 0.16666666666666666 0.964423226134833 
53800 0.12222222222222222 0.9644258987338112 
53900 0.16666666666666666 0.9644252116534634 
54000 0.14444444444444443 0.9644223152246152 
54100 0.15555555555555556 0.9644210211764416 
54200 0.17777777777777778 0.9644127107125945 
54300 0.16666666666666666 0.9644025381157294 
54400 0.2 0.9644014407414896 
54500 0.13333333333333333 0.9644008570688815 
54600 0.16666666666666666 0.9643954424929132 
54700 0.16666666666666666 0.9643877117826406 
54800 0.15555555555555556 0.9643902990415828 
54900 0.15555555555555556 0.9643808349979458 
55000 0.12222222222222222 0.9643881727402936 
55100 0.16666666666666666 0.964387468265347 
55200 0.16666666666666666 0.9643888295099324 
55300 0.16666666666666666 0.964380742562421 
55400 0.13333333333333333 0.9643824118698219 
55500 0.14444444444444443 0.964374215479601 
55600 0.15555555555555556 0.9643820854540985 
55700 0.17777777777777778 0.9643860872236485 
55800 0.1 0.9643806662166549 
55900 0.1111111111111111 0.9643969795809656 
56000 0.12222222222222222 0.9643985028045134 
56100 0.15555555555555556 0.9643960594879474 
56200 0.17777777777777778 0.9643922903704758 
56300 0.13333333333333333 0.9643910015413186 
56400 0.13333333333333333 0.9643954303410696 
56500 0.16666666666666666 0.9643966970102791 
56600 0.14444444444444443 0.9643956035327212 
56700 0.13333333333333333 0.9643939750229763 
56800 0.15555555555555556 0.9643900537744836 
56900 0.1 0.9643978137466829 
57000 0.17777777777777778 0.9643984803385516 
57100 0.13333333333333333 0.9644008958784532 
57200 0.18888888888888888 0.964397815500506 
57300 0.23333333333333334 0.9643971697216841 
57400 0.12222222222222222 0.9643815245185431 
57500 0.18888888888888888 0.9643807160841648 
57600 0.13333333333333333 0.9643704102359334 
57700 0.15555555555555556 0.9643635581128 
57800 0.15555555555555556 0.9643661970477251 
57900 0.14444444444444443 0.9643611989046438 
58000 0.14444444444444443 0.9643496568066834 
58100 0.1111111111111111 0.964346473286939 
58200 0.1111111111111111 0.9643568075386257 
58300 0.13333333333333333 0.9643552426201952 
58400 0.17777777777777778 0.9643433141365539 
58500 0.15555555555555556 0.9643391186095585 
58600 0.15555555555555556 0.9643223285912831 
58700 0.13333333333333333 0.9643237196413462 
58800 0.12222222222222222 0.9643214684557518 
58900 0.12222222222222222 0.9643258744899634 
59000 0.1 0.9643302185085375 
59100 0.12222222222222222 0.9643357698403299 
59200 0.13333333333333333 0.9643400355474476 
59300 0.13333333333333333 0.9643377758291504 
59400 0.13333333333333333 0.9643335596669715 
59500 0.16666666666666666 0.9643307115286578 
59600 0.15555555555555556 0.9643290381033875 
59700 0.15555555555555556 0.9643215542639337 
59800 0.15555555555555556 0.9643161857196739 
59900 0.14444444444444443 0.9643152868900352 
60000 0.14444444444444443 0.9643197150417864 
60100 0.14444444444444443 0.9643235276173996 
60200 0.15555555555555556 0.9643178684739456 
60300 0.1 0.9643289958338631 
60400 0.12222222222222222 0.964333096030419 
60500 0.12222222222222222 0.9643342442457333 
60600 0.13333333333333333 0.9643404765964625 
60700 0.1 0.9643547882242467 
60800 0.12222222222222222 0.964352194499725 
60900 0.12222222222222222 0.9643602367412322 
61000 0.16666666666666666 0.964363790028943 
61100 0.12222222222222222 0.96436505858242 
61200 0.17777777777777778 0.9643689554818458 
61300 0.17777777777777778 0.9643711177450431 
61400 0.18888888888888888 0.9643562627463541 
61500 0.14444444444444443 0.9643575352884958 
61600 0.16666666666666666 0.9643622758649301 
61700 0.16666666666666666 0.964365335335822 
61800 0.14444444444444443 0.9643606989458998 
61900 0.1111111111111111 0.9643694052689868 
62000 0.1111111111111111 0.9643739169081502 
62100 0.14444444444444443 0.964372733307211 
62200 0.12222222222222222 0.9643743223135034 
62300 0.13333333333333333 0.9643730526886496 
62400 0.12222222222222222 0.9643705407142692 
62500 0.12222222222222222 0.9643719478266125 
62600 0.1111111111111111 0.9643744597619136 
62700 0.12222222222222222 0.9643742169626924 
62800 0.16666666666666666 0.9643691537112821 
62900 0.14444444444444443 0.964366182131003 
63000 0.13333333333333333 0.9643606627055302 
63100 0.1111111111111111 0.9643574938942683 
63200 0.14444444444444443 0.9643600048522439 
63300 0.14444444444444443 0.9643596994254962 
63400 0.18888888888888888 0.9643550574912068 
63500 0.18888888888888888 0.9643444372704542 
63600 0.16666666666666666 0.9643438957109339 
63700 0.17777777777777778 0.964337861432491 
63800 0.13333333333333333 0.9643410326205266 
63900 0.16666666666666666 0.9643374560300743 
64000 0.15555555555555556 0.9643319375218096 
64100 0.13333333333333333 0.9643257862158503 
64200 0.13333333333333333 0.9643223798867792 
64300 0.12222222222222222 0.9643252480953294 
64400 0.13333333333333333 0.9643322481189905 
64500 0.13333333333333333 0.964332120604504 
64600 0.12222222222222222 0.9643390453192159 
64700 0.18888888888888888 0.9643407108596982 
64800 0.16666666666666666 0.9643383846957094 
64900 0.16666666666666666 0.9643384197127591 
65000 0.12222222222222222 0.9643398221223947 
65100 0.15555555555555556 0.9643401108363244 
65200 0.12222222222222222 0.9643397596151388 
65300 0.14444444444444443 0.964343790889709 
65400 0.14444444444444443 0.9643410141537081 
65500 0.16666666666666666 0.9643408752029231 
65600 0.08888888888888889 0.9643485278849069 
65700 0.13333333333333333 0.9643519293634969 
65800 0.13333333333333333 0.9643506346576969 
65900 0.16666666666666666 0.9643535168071973 
66000 0.13333333333333333 0.9643516764897502 
66100 0.1 0.9643505561354762 
66200 0.18888888888888888 0.9643445718342624 
66300 0.14444444444444443 0.9643381447238101 
66400 0.12222222222222222 0.9643349163081547 
66500 0.13333333333333333 0.9643301103241555 
66600 0.13333333333333333 0.9643338271530791 
66700 0.12222222222222222 0.9643420305209484 
66800 0.13333333333333333 0.9643430570733306 
66900 0.13333333333333333 0.9643424612487108 
67000 0.16666666666666666 0.9643470080877732 
67100 0.14444444444444443 0.9643477328537909 
67200 0.17777777777777778 0.9643437018959705 
67300 0.15555555555555556 0.9643346887696898 
67400 0.2 0.9643300709353142 
67500 0.15555555555555556 0.9643218454376807 
67600 0.14444444444444443 0.9643220267944754 
67700 0.16666666666666666 0.9643255310523888 
67800 0.1 0.964328123642883 
67900 0.12222222222222222 0.9643338995171075 
68000 0.13333333333333333 0.9643366764214252 
68100 0.12222222222222222 0.9643339386434201 
68200 0.13333333333333333 0.9643339377558817 
68300 0.16666666666666666 0.9643416641044787 
68400 0.14444444444444443 0.9643524948465666 
68500 0.15555555555555556 0.9643475196631355 
68600 0.17777777777777778 0.9643456768527832 
68700 0.13333333333333333 0.9643394322256348 
68800 0.1111111111111111 0.964337364282496 
68900 0.13333333333333333 0.9643377615870758 
69000 0.1111111111111111 0.9643456858113167 
69100 0.13333333333333333 0.9643494466232198 
69200 0.2 0.964360421894995 
69300 0.1111111111111111 0.964355532788528 
69400 0.12222222222222222 0.9643562212520153 
69500 0.12222222222222222 0.96435602845043 
69600 0.1111111111111111 0.9643632594678556 
69700 0.14444444444444443 0.9643658468155247 
69800 0.18888888888888888 0.9643604676150771 
69900 0.12222222222222222 0.9643571304813633 
70000 0.1 0.9643601519978287 
70100 0.15555555555555556 0.9643635611474872 
70200 0.14444444444444443 0.9643572661991203 
70300 0.16666666666666666 0.9643517003867497 
70400 0.17777777777777778 0.9643435462564452 
70500 0.14444444444444443 0.9643445955849326 
70600 0.12222222222222222 0.9643481206592919 
70700 0.16666666666666666 0.964355721826974 
70800 0.12222222222222222 0.9643576126514221 
70900 0.12222222222222222 0.9643579310117864 
71000 0.15555555555555556 0.9643556663521171 
71100 0.13333333333333333 0.9643583306376375 
71200 0.12222222222222222 0.9643603242151717 
71300 0.15555555555555556 0.9643595071909542 
71400 0.12222222222222222 0.9643602486115196 
71500 0.13333333333333333 0.9643625419380304 
71600 0.13333333333333333 0.9643661866919921 
71700 0.13333333333333333 0.9643641650744063 
71800 0.13333333333333333 0.9643609110984217 
71900 0.16666666666666666 0.9643594819419912 
72000 0.16666666666666666 0.9643515367842114 
72100 0.14444444444444443 0.96434099388358 
72200 0.17777777777777778 0.9643379439189054 
72300 0.13333333333333333 0.9643335961236129 
72400 0.15555555555555556 0.964333096995284 
72500 0.16666666666666666 0.9643312199525217 
72600 0.1111111111111111 0.9643305724286014 
72700 0.12222222222222222 0.9643345880921705 
72800 0.12222222222222222 0.9643352731723771 
72900 0.13333333333333333 0.9643351943046049 
73000 0.12222222222222222 0.9643348492943019 
73100 0.15555555555555556 0.9643286913539715 
73200 0.16666666666666666 0.9643179206720005 
73300 0.14444444444444443 0.9643162742966975 
73400 0.1 0.9643229580583976 
73500 0.15555555555555556 0.9643213471018535 
73600 0.13333333333333333 0.9643191366663194 
73700 0.14444444444444443 0.9643202489337549 
73800 0.16666666666666666 0.9643242563711121 
73900 0.16666666666666666 0.9643256969910196 
74000 0.14444444444444443 0.964319213404023 
74100 0.13333333333333333 0.9643172831675686 
74200 0.15555555555555556 0.9643177914643258 
74300 0.12222222222222222 0.9643142981476247 
74400 0.13333333333333333 0.9643152944479539 
74500 0.13333333333333333 0.9643158406524 
74600 0.15555555555555556 0.9643184333245458 
74700 0.16666666666666666 0.9643168914888839 
74800 0.18888888888888888 0.964319884315272 
74900 0.12222222222222222 0.9643166757898204 
75000 0.14444444444444443 0.9643219571887189 
75100 0.14444444444444443 0.9643167571374253 
75200 0.12222222222222222 0.9643210639929434 
75300 0.12222222222222222 0.9643164691630184 
75400 0.16666666666666666 0.9643126601621848 
75500 0.14444444444444443 0.9643123196307922 
75600 0.14444444444444443 0.9643087466509115 
75700 0.12222222222222222 0.9643055133573752 
75800 0.15555555555555556 0.9643029115710875 
75900 0.12222222222222222 0.9643067577795051 
76000 0.1 0.9643146873798444 
76100 0.1111111111111111 0.9643169384545976 
76200 0.17777777777777778 0.9643125855741176 
76300 0.13333333333333333 0.9643212408749557 
76400 0.13333333333333333 0.9643216202812935 
76500 0.1111111111111111 0.9643189486266701 
76600 0.13333333333333333 0.9643201640825693 
76700 0.17777777777777778 0.9643205434088212 
76800 0.13333333333333333 0.9643174857387563 
76900 0.12222222222222222 0.964315555786733 
77000 0.15555555555555556 0.9643136669220747 
77100 0.13333333333333333 0.9643110984293329 
77200 0.18888888888888888 0.9643144374928937 
77300 0.14444444444444443 0.9643044361938684 
77400 0.1 0.9643066627046162 
77500 0.17777777777777778 0.964307306429021 
77600 0.13333333333333333 0.9643100246417214 
77700 0.12222222222222222 0.964305264196514 
77800 0.15555555555555556 0.9643084778973136 
77900 0.16666666666666666 0.9643038742905882 
78000 0.12222222222222222 0.9643020602299971 
78100 0.17777777777777778 0.9643058347524359 
78200 0.12222222222222222 0.9643048753283916 
78300 0.15555555555555556 0.9642985970095458 
78400 0.12222222222222222 0.9643031055442887 
78500 0.12222222222222222 0.964305762559288 
78600 0.14444444444444443 0.9643014861275443 
78700 0.16666666666666666 0.9643003971430548 
78800 0.16666666666666666 0.9642922255639734 
78900 0.12222222222222222 0.9642892147543546 
79000 0.13333333333333333 0.9642899386646301 
79100 0.13333333333333333 0.9642964199076005 
79200 0.14444444444444443 0.9642956247746591 
79300 0.15555555555555556 0.9642952519864538 
79400 0.16666666666666666 0.9643000927780087 
79500 0.17777777777777778 0.9643017418369301 
79600 0.08888888888888889 0.9642984663788422 
79700 0.2111111111111111 0.9642949203202525 
79800 0.12222222222222222 0.9642926014572359 
79900 0.13333333333333333 0.9642959203681222 
80000 0.12222222222222222 0.9642937449392994 
80100 0.12222222222222222 0.9643020478312797 
80200 0.1111111111111111 0.9643092909620135 
80300 0.13333333333333333 0.9643029213694585 
80400 0.14444444444444443 0.9642996079374359 
80500 0.14444444444444443 0.9642956816271433 
80600 0.13333333333333333 0.9642941085649613 
80700 0.2111111111111111 0.9642967042952793 
80800 0.13333333333333333 0.9643014250373689 
80900 0.17777777777777778 0.9643005030840163 
81000 0.1111111111111111 0.964299069010122 
81100 0.12222222222222222 0.9642983919913304 
81200 0.15555555555555556 0.9642955614941797 
81300 0.13333333333333333 0.9642942754564998 
81400 0.13333333333333333 0.9643017284799941 
81500 0.1 0.9643107651030867 
81600 0.17777777777777778 0.964313311792203 
81700 0.15555555555555556 0.9643119423262874 
81800 0.17777777777777778 0.9643086406169987 
81900 0.12222222222222222 0.9643115875671033 
82000 0.14444444444444443 0.9643151032033485 
82100 0.12222222222222222 0.9643170539268029 
82200 0.13333333333333333 0.9643173102787341 
82300 0.12222222222222222 0.964325227586002 
82400 0.1 0.9643333616501418 
82500 0.17777777777777778 0.9643323515270522 
82600 0.12222222222222222 0.9643350093959046 
82700 0.12222222222222222 0.9643393738353292 
82800 0.12222222222222222 0.96433909815904 
82900 0.15555555555555556 0.9643375163682518 
83000 0.17777777777777778 0.96433630652375 
83100 0.13333333333333333 0.9643297847732812 
83200 0.12222222222222222 0.964329355015765 
83300 0.14444444444444443 0.9643294931766859 
83400 0.1111111111111111 0.9643272995660856 
83500 0.13333333333333333 0.9643284711161144 
83600 0.16666666666666666 0.9643344909484071 
83700 0.15555555555555556 0.9643354519858385 
83800 0.2 0.9643297812675267 
83900 0.15555555555555556 0.9643257463492025 
84000 0.13333333333333333 0.9643237712778552 
84100 0.13333333333333333 0.96432840671732 
84200 0.16666666666666666 0.9643280166902214 
84300 0.17777777777777778 0.9643232451440539 
84400 0.2 0.9643199659298403 
84500 0.17777777777777778 0.9643182066221438 
84600 0.14444444444444443 0.9643116577292887 
84700 0.17777777777777778 0.9643054850460903 
84800 0.15555555555555556 0.9642967064067641 
84900 0.12222222222222222 0.9642960624727623 
85000 0.17777777777777778 0.964294864504862 
85100 0.14444444444444443 0.9642942895304795 
85200 0.15555555555555556 0.9642961285013608 
85300 0.15555555555555556 0.964289756926127 
85400 0.18888888888888888 0.9642844411137522 
85500 0.1111111111111111 0.964284010973231 
85600 0.17777777777777778 0.9642806937613657 
85700 0.13333333333333333 0.9642807227712888 
85800 0.16666666666666666 0.9642772876255004 
85900 0.12222222222222222 0.9642725023250279 
86000 0.12222222222222222 0.9642733805420867 
86100 0.07777777777777778 0.9642783862363193 
86200 0.1111111111111111 0.964283122521136 
86300 0.15555555555555556 0.9642812494769598 
86400 0.18888888888888888 0.9642800237651571 
86500 0.12222222222222222 0.9642767456766717 
86600 0.17777777777777778 0.9642826167006027 
86700 0.15555555555555556 0.9642805606496914 
86800 0.17777777777777778 0.964283085576331 
86900 0.12222222222222222 0.964275887376312 
87000 0.13333333333333333 0.9642835842244469 
87100 0.14444444444444443 0.964289381803245 
87200 0.17777777777777778 0.9642893047862601 
87300 0.16666666666666666 0.9642869370212127 
87400 0.14444444444444443 0.9642891830629957 
87500 0.12222222222222222 0.964284535160868 
87600 0.16666666666666666 0.9642849396696385 
87700 0.14444444444444443 0.9642795470468473 
87800 0.12222222222222222 0.9642814116265443 
87900 0.12222222222222222 0.964285199637471 
88000 0.14444444444444443 0.964288410864018 
88100 0.1111111111111111 0.9642855611425776 
88200 0.13333333333333333 0.9642878198659879 
88300 0.13333333333333333 0.9642942888529009 
88400 0.13333333333333333 0.9642941759080151 
88500 0.1111111111111111 0.9642908931349174 
88600 0.13333333333333333 0.9642941075407978 
88700 0.12222222222222222 0.9642966570588581 
88800 0.12222222222222222 0.9642982936878839 
88900 0.12222222222222222 0.9643017701338192 
89000 0.1111111111111111 0.9643037094464606 
89100 0.17777777777777778 0.9643085749131136 
89200 0.13333333333333333 0.964306827651409 
89300 0.12222222222222222 0.9643076038715506 
89400 0.13333333333333333 0.9643040284162867 
89500 0.14444444444444443 0.9642989712095085 
89600 0.12222222222222222 0.9642973044695682 
89700 0.1111111111111111 0.9642965394910746 
89800 0.07777777777777778 0.964305365320109 
89900 0.13333333333333333 0.9643029245750573 
90000 0.18888888888888888 0.9643056435175411 
90100 0.14444444444444443 0.9643010806391346 
90200 0.1 0.9643024098032912 
90300 0.14444444444444443 0.9643036745009591 
90400 0.12222222222222222 0.9643035229452969 
90500 0.15555555555555556 0.9642984300971505 
90600 0.15555555555555556 0.9642969969671662 
90700 0.14444444444444443 0.9642973126597894 
90800 0.12222222222222222 0.964301451648232 
90900 0.12222222222222222 0.9642985531267838 
91000 0.13333333333333333 0.9643003617786862 
91100 0.12222222222222222 0.9642962206781485 
91200 0.1111111111111111 0.9642976624281654 
91300 0.15555555555555556 0.9643007135129347 
91400 0.1111111111111111 0.9643042441791908 
91500 0.14444444444444443 0.9643107725598627 
91600 0.15555555555555556 0.9643113127100748 
91700 0.14444444444444443 0.9643147899756334 
91800 0.17777777777777778 0.9643109673218277 
91900 0.13333333333333333 0.9643065182460836 
92000 0.16666666666666666 0.9643059133415216 
92100 0.14444444444444443 0.964306063753681 
92200 0.17777777777777778 0.9643076298280688 
92300 0.12222222222222222 0.9643082595710412 
92400 0.14444444444444443 0.9643030859454383 
92500 0.12222222222222222 0.9643057612590374 
92600 0.12222222222222222 0.9643072609007102 
92700 0.13333333333333333 0.9643122032724086 
92800 0.15555555555555556 0.9643171349925588 
92900 0.12222222222222222 0.9643178999388836 
93000 0.16666666666666666 0.9643157958874994 
93100 0.17777777777777778 0.9643097878170541 
93200 0.1111111111111111 0.9643121676090743 
93300 0.13333333333333333 0.9643190974492354 
93400 0.18888888888888888 0.9643204212660107 
93500 0.17777777777777778 0.9643193061512116 
93600 0.15555555555555556 0.9643090826427543 
93700 0.13333333333333333 0.964306559043008 
93800 0.12222222222222222 0.9643071798571207 
93900 0.14444444444444443 0.9643088938823277 
94000 0.13333333333333333 0.9643084766237712 
94100 0.14444444444444443 0.9643116025452557 
94200 0.14444444444444443 0.9643104166150631 
94300 0.1111111111111111 0.9643137400451745 
94400 0.15555555555555556 0.9643179391932053 
94500 0.16666666666666666 0.9643176909356632 
94600 0.13333333333333333 0.9643167678518785 
94700 0.18888888888888888 0.9643167560121975 
94800 0.17777777777777778 0.9643135503727691 
94900 0.15555555555555556 0.9643105856512459 
95000 0.12222222222222222 0.9643156972616662 
95100 0.12222222222222222 0.9643141385357555 
95200 0.1111111111111111 0.9643185062248413 
95300 0.13333333333333333 0.9643161025476007 
95400 0.13333333333333333 0.9643172270497979 
95500 0.13333333333333333 0.9643233520533234 
95600 0.13333333333333333 0.9643246118996895 
95700 0.15555555555555556 0.9643249112687781 
95800 0.14444444444444443 0.9643242241730253 
95900 0.08888888888888889 0.9643265798410166 
96000 0.16666666666666666 0.9643272523781581 
96100 0.13333333333333333 0.964329802326025 
96200 0.14444444444444443 0.9643287087567812 
96300 0.1111111111111111 0.9643313384307767 
96400 0.13333333333333333 0.9643322625745008 
96500 0.15555555555555556 0.9643315440599924 
96600 0.12222222222222222 0.9643365780662496 
96700 0.14444444444444443 0.9643383556874627 
96800 0.17777777777777778 0.9643339313528672 
96900 0.16666666666666666 0.9643325834270716 
97000 0.14444444444444443 0.9643330423855883 
97100 0.16666666666666666 0.9643288088347871 
97200 0.13333333333333333 0.9643291849992398 
97300 0.2 0.9643256207256063 
97400 0.15555555555555556 0.9643259993908344 
97500 0.1111111111111111 0.9643256935256505 
97600 0.12222222222222222 0.9643279781969447 
97700 0.16666666666666666 0.9643297748573028 
97800 0.16666666666666666 0.9643304601520776 
97900 0.14444444444444443 0.9643251289000566 
98000 0.2 0.9643227563437561 
98100 0.13333333333333333 0.9643255986743821 
98200 0.1111111111111111 0.9643322539145901 
98300 0.16666666666666666 0.9643299378665753 
98400 0.14444444444444443 0.9643294331923005 
98500 0.15555555555555556 0.9643286475377012 
98600 0.14444444444444443 0.9643263985377656 
98700 0.1111111111111111 0.9643253361161488 
98800 0.13333333333333333 0.9643276496301769 
98900 0.14444444444444443 0.9643291158723257 
99000 0.1 0.9643302143973854 
99100 0.1 0.9643325440151406 
99200 0.16666666666666666 0.9643298286643616 
99300 0.14444444444444443 0.9643246011845019 
99400 0.12222222222222222 0.9643235480528365 
99500 0.15555555555555556 0.9643245908192994 
99600 0.16666666666666666 0.9643257151590401 
99700 0.14444444444444443 0.9643242740237755 
99800 0.14444444444444443 0.9643193566308064 
99900 0.14444444444444443 0.9643136149232184 
