0 0.0078125 0.9973958333333334 
100 0.09375 0.974963902640264 
200 0.078125 0.974502487562189 
300 0.078125 0.9750138427464009 
400 0.0546875 0.975731244804655 
500 0.0625 0.9755852877578177 
600 0.0859375 0.9751195923460898 
700 0.0703125 0.9745712969567285 
800 0.0703125 0.974748361423221 
900 0.09375 0.9747127034776175 
1000 0.0859375 0.9742523101898102 
1100 0.0859375 0.9741215372388737 
1200 0.09375 0.9735571919233972 
1300 0.0859375 0.9735700102485267 
1400 0.0859375 0.9735624107780158 
1500 0.0703125 0.9735419442593827 
1600 0.0859375 0.9733987872163231 
1700 0.078125 0.9732494978444053 
1800 0.078125 0.9730285836572274 
1900 0.078125 0.9728610490092934 
2000 0.1015625 0.9728586227719473 
2100 0.0546875 0.972819242820879 
2200 0.078125 0.9727443964864455 
2300 0.0625 0.9727892311313922 
2400 0.078125 0.9727912848812995 
2500 0.078125 0.9727431943889111 
2600 0.078125 0.9727058102652826 
2700 0.0703125 0.9727155451684562 
2800 0.078125 0.9728166279900036 
2900 0.0859375 0.9728559835688843 
3000 0.0625 0.972847592469177 
3100 0.0859375 0.9728976875739009 
3200 0.0625 0.9728942127460168 
3300 0.078125 0.9728948929617288 
3400 0.0703125 0.9729843550916397 
3500 0.078125 0.9730121750928307 
3600 0.09375 0.9729422671942979 
3700 0.046875 0.9729007644330361 
3800 0.1015625 0.9729142002104709 
3900 0.078125 0.9727560507989405 
4000 0.078125 0.9727769880446555 
4100 0.0703125 0.9727022880598228 
4200 0.0546875 0.9727210287233199 
4300 0.0859375 0.9727994458653026 
4400 0.078125 0.9727961921532985 
4500 0.1015625 0.9728144902984522 
4600 0.078125 0.9728104850394842 
4700 0.1015625 0.9727750744522442 
4800 0.0859375 0.9727763964104701 
4900 0.1015625 0.97273675015303 
5000 0.0859375 0.9726664042191562 
5100 0.1015625 0.9726580368228452 
5200 0.1015625 0.9726529954175479 
5300 0.0703125 0.9726422491039427 
5400 0.09375 0.9726516694439301 
5500 0.078125 0.9726276093740532 
5600 0.078125 0.9725895301434268 
5700 0.0859375 0.9726007498684441 
5800 0.0625 0.9726120316899385 
5900 0.078125 0.9726202832853189 
6000 0.0859375 0.9726868438593568 
6100 0.0859375 0.9726731102824674 
6200 0.078125 0.9727215536472612 
6300 0.078125 0.9726878670052372 
6400 0.078125 0.9726434346195907 
6500 0.0859375 0.9726428305901657 
6600 0.0703125 0.9726229138261879 
6700 0.0859375 0.9726471173456698 
6800 0.0859375 0.9726032170514141 
6900 0.1015625 0.9725930420711975 
7000 0.0546875 0.9726147752701995 
7100 0.0859375 0.9726058242970473 
7200 0.0703125 0.9725710838772392 
7300 0.0703125 0.972561906473999 
7400 0.078125 0.9726018865693825 
7500 0.0703125 0.9726362873839044 
7600 0.0859375 0.9726499117440688 
7700 0.078125 0.9726337623901657 
7800 0.0859375 0.9726183608939025 
7900 0.078125 0.9726135668480783 
8000 0.0703125 0.9726606439820022 
8100 0.078125 0.9726679833765379 
8200 0.0859375 0.9726116352680567 
8300 0.0546875 0.9726030749307313 
8400 0.078125 0.9726226168511685 
8500 0.0703125 0.9726000372505196 
8600 0.0703125 0.9726346015967136 
8700 0.1015625 0.9726522095161476 
8800 0.0625 0.9726380524940348 
8900 0.0703125 0.9726435231996405 
9000 0.1015625 0.9725898511276525 
9100 0.0546875 0.9726332156722705 
9200 0.078125 0.9726546933304351 
9300 0.1015625 0.9726773890800272 
9400 0.0703125 0.9726699619721306 
9500 0.0859375 0.9726928415429955 
9600 0.078125 0.972681339617401 
9700 0.078125 0.9726386669759132 
9800 0.0859375 0.972626889688127 
9900 0.078125 0.9726540143251523 
10000 0.0625 0.972669399726694 
10100 0.078125 0.9726762304887305 
10200 0.0859375 0.972696712740581 
10300 0.0859375 0.9727185669676083 
10400 0.0625 0.972746260375605 
10500 0.0625 0.9727838420150462 
10600 0.0546875 0.9728121167814358 
10700 0.09375 0.9728649289007257 
10800 0.0859375 0.9728466017806994 
10900 0.0546875 0.9728692226248357 
11000 0.0625 0.9728907220555707 
11100 0.0546875 0.9729221560369936 
11200 0.0625 0.972944426464899 
11300 0.0859375 0.9729651505766451 
11400 0.0859375 0.972949649884513 
11500 0.0859375 0.9729545709793351 
11600 0.1015625 0.9729661415682556 
11700 0.0625 0.972977069267584 
11800 0.0859375 0.9729668477953846 
11900 0.09375 0.9729716778001849 
12000 0.0703125 0.9729568976890814 
12100 0.0859375 0.9729684013717874 
12200 0.078125 0.9729658429636915 
12300 0.0859375 0.9729595154865458 
12400 0.0546875 0.9729285104695858 
12500 0.0859375 0.9729302905767538 
12600 0.0859375 0.9729378290082797 
12700 0.0625 0.9729637020050914 
12800 0.078125 0.9729580452699008 
12900 0.078125 0.9729421814846394 
13000 0.0703125 0.9729522007922468 
13100 0.046875 0.9729873117192072 
13200 0.0546875 0.9729911165189505 
13300 0.078125 0.9730140512618098 
13400 0.0859375 0.9730010820088053 
13500 0.078125 0.9730203241117942 
13600 0.0625 0.9730009895105752 
13700 0.1015625 0.9729990435612972 
13800 0.078125 0.9730065605149385 
13900 0.0625 0.9730253968539434 
14000 0.0625 0.9730266662500298 
14100 0.0859375 0.9730257014868922 
14200 0.0703125 0.973013380806516 
14300 0.0859375 0.9730188958231359 
14400 0.09375 0.973008601833206 
14500 0.0859375 0.9729698957543158 
14600 0.0703125 0.9729666775106728 
14700 0.078125 0.9729927315035258 
14800 0.09375 0.9729923935319685 
14900 0.1015625 0.9729845452206787 
15000 0.0859375 0.972989995111437 
15100 0.078125 0.9730033055206057 
15200 0.0703125 0.9729936558450102 
15300 0.078125 0.972988557392763 
15400 0.0703125 0.9729935015042314 
15500 0.078125 0.972993173827495 
15600 0.0703125 0.9730125472726108 
15700 0.0703125 0.97302105890283 
15800 0.078125 0.9730091911376917 
15900 0.0859375 0.9729976364169969 
16000 0.0703125 0.9730239841780722 
16100 0.078125 0.9730181419891104 
16200 0.0859375 0.9730044956072671 
16300 0.0625 0.9730168969695111 
16400 0.0625 0.9730420083633112 
16500 0.0703125 0.973046298961679 
16600 0.0625 0.9730682639600025 
16700 0.0546875 0.9730767119733349 
16800 0.0859375 0.9730656843342658 
16900 0.078125 0.9730777456462142 
17000 0.0859375 0.9730728155696724 
17100 0.0703125 0.9730708365007894 
17200 0.078125 0.9730705458016007 
17300 0.09375 0.9730503896691906 
17400 0.1015625 0.9730427370074517 
17500 0.078125 0.9730308565701008 
17600 0.0703125 0.9730495899854175 
17700 0.1015625 0.9730598730297724 
17800 0.078125 0.9730404892983541 
17900 0.1015625 0.9730351423570378 
18000 0.078125 0.9730362202099884 
18100 0.078125 0.9730476446973464 
18200 0.0703125 0.9730513605021702 
18300 0.0625 0.9730695499335191 
18400 0.1015625 0.9730657471061356 
18500 0.09375 0.9730543844476875 
18600 0.0859375 0.9730425839560597 
18700 0.0625 0.9730541648842308 
18800 0.0625 0.973055649743808 
18900 0.09375 0.9730496788088814 
19000 0.0703125 0.9730624100924513 
19100 0.0859375 0.973060692721149 
19200 0.1015625 0.9730417686578824 
19300 0.09375 0.9730274931782463 
19400 0.09375 0.9730194051423466 
19500 0.078125 0.9730053907491923 
19600 0.09375 0.9729970994251994 
19700 0.09375 0.9729813577567975 
19800 0.0859375 0.9729597253084861 
19900 0.0625 0.9729473393296819 
20000 0.09375 0.9729339053880639 
20100 0.09375 0.9729259168283502 
20200 0.078125 0.9729338636288632 
20300 0.0859375 0.9729484025827956 
20400 0.078125 0.9729427581164322 
20500 0.0703125 0.9729442821894867 
20600 0.09375 0.9729532496399851 
20700 0.0859375 0.9729448959792603 
20800 0.0703125 0.9729614111100428 
20900 0.0703125 0.9729771452322855 
21000 0.0546875 0.9729947135453867 
21100 0.0703125 0.973007178767199 
21200 0.0859375 0.9729947142823452 
21300 0.09375 0.9729926363003302 
21400 0.0546875 0.9730096821799604 
21500 0.0859375 0.9730309297629568 
21600 0.0625 0.9730278690801352 
21700 0.09375 0.9730238765878685 
21800 0.0703125 0.9730201596257052 
21900 0.0546875 0.9730324100497694 
22000 0.09375 0.973040406307289 
22100 0.0703125 0.9730416138787084 
22200 0.0859375 0.9730437489677642 
22300 0.0703125 0.9730541558300824 
22400 0.0546875 0.9730585409133521 
22500 0.09375 0.9730670535013258 
22600 0.078125 0.973067425113933 
22700 0.078125 0.9730718085106383 
22800 0.0625 0.9730769529479701 
22900 0.1015625 0.9730916044423097 
23000 0.0859375 0.9730748798965262 
23100 0.09375 0.9730651766518044 
23200 0.0625 0.973057801926641 
23300 0.0859375 0.9730590961761297 
23400 0.0859375 0.973053591014629 
23500 0.0859375 0.9730459164858233 
23600 0.109375 0.9730310244622403 
23700 0.0859375 0.9730415295416508 
23800 0.078125 0.9730347683220593 
23900 0.0546875 0.9730375428852349 
24000 0.09375 0.973028142056581 
24100 0.0859375 0.9730206561276848 
24200 0.078125 0.9730201188311778 
24300 0.0703125 0.9730172283719463 
24400 0.0625 0.9730220457153396 
24500 0.09375 0.9730201275798267 
24600 0.0625 0.9730061574393994 
24700 0.078125 0.973014229349689 
24800 0.0703125 0.9730162510248243 
24900 0.0625 0.97302819163889 
25000 0.09375 0.9730401408943642 
25100 0.0625 0.9730483637770075 
25200 0.0703125 0.9730428810695343 
25300 0.1015625 0.973037029992227 
25400 0.0859375 0.9730208702413291 
25500 0.09375 0.9730136195639386 
25600 0.0859375 0.9730164959376587 
25700 0.0859375 0.9730109399115469 
25800 0.078125 0.9730090605338294 
25900 0.0859375 0.9730175516067591 
26000 0.09375 0.9730077489006833 
26100 0.0859375 0.9730015133519788 
26200 0.078125 0.9730014876976706 
26300 0.0625 0.9730051257556747 
26400 0.078125 0.9730102158377839 
26500 0.09375 0.9730154640390929 
26600 0.1015625 0.9730182253486711 
26700 0.078125 0.9730267202851329 
26800 0.0546875 0.9730500183450866 
26900 0.0859375 0.9730516523549311 
27000 0.1015625 0.973055492543486 
27100 0.09375 0.9730554607456059 
27200 0.0703125 0.973045376701837 
27300 0.0859375 0.9730373696628939 
27400 0.0703125 0.9730303714584626 
27500 0.0859375 0.9730133866344254 
27600 0.0859375 0.9730147345204884 
27700 0.1015625 0.9730170127733054 
27800 0.09375 0.9730128112897618 
27900 0.078125 0.9730128400415756 
28000 0.078125 0.9730164956906301 
28100 0.0859375 0.9730110434978589 
28200 0.078125 0.9730120939860288 
28300 0.078125 0.9730204063755109 
28400 0.109375 0.9730215081921998 
28500 0.0625 0.9730308256727834 
28600 0.09375 0.9730193182347937 
28700 0.0859375 0.9730299394330046 
28800 0.0703125 0.9730224030126269 
28900 0.0703125 0.9730324895044001 
29000 0.0703125 0.9730425064365597 
29100 0.0703125 0.9730487855514701 
29200 0.0859375 0.9730505626234262 
29300 0.0859375 0.9730472616122317 
29400 0.0703125 0.9730444259265558 
29500 0.0859375 0.9730466410743138 
29600 0.078125 0.9730545596714075 
29700 0.09375 0.9730458535346733 
29800 0.0703125 0.9730430606355491 
29900 0.078125 0.9730597952409619 
30000 0.078125 0.9730590577536304 
30100 0.0703125 0.9730775313389367 
30200 0.078125 0.9730806202609185 
30300 0.078125 0.9730771571070261 
30400 0.0625 0.973081940149995 
30500 0.0703125 0.9730936075866365 
30600 0.078125 0.9730951568848513 
30700 0.046875 0.9731042453828865 
30800 0.0703125 0.9731095547493047 
30900 0.0859375 0.9731010930066988 
31000 0.078125 0.9731055382622066 
31100 0.078125 0.9731003256862052 
31200 0.09375 0.9731046614424751 
31300 0.0859375 0.9731073887415738 
31400 0.09375 0.9730944244079276 
31500 0.09375 0.973088238600891 
31600 0.0625 0.9730872836302649 
31700 0.0703125 0.9730878954922557 
31800 0.0859375 0.973080969676006 
31900 0.0859375 0.9730820056581299 
32000 0.0859375 0.973079047659969 
32100 0.1015625 0.9730688069167108 
32200 0.078125 0.9730591958841858 
32300 0.09375 0.9730578677904709 
32400 0.0703125 0.9730601646811312 
32500 0.078125 0.9730668543531994 
32600 0.0859375 0.9730582459127021 
32700 0.078125 0.9730555035269054 
32800 0.078125 0.9730550008637948 
32900 0.078125 0.9730588545940853 
33000 0.0703125 0.9730654468803975 
33100 0.0703125 0.9730714486218947 
33200 0.09375 0.9730816497746052 
33300 0.09375 0.973077166101118 
33400 0.09375 0.9730797262806503 
33500 0.0703125 0.973079861422047 
33600 0.078125 0.9730795307431327 
33700 0.078125 0.9730807474802924 
33800 0.078125 0.97307979978403 
33900 0.0859375 0.9730830057864567 
34000 0.078125 0.9730778445241807 
34100 0.0546875 0.9730790519339608 
34200 0.109375 0.9730743892722435 
34300 0.09375 0.973074384979058 
34400 0.0703125 0.9730673405811846 
34500 0.078125 0.973069470208593 
34600 0.109375 0.9730632333603075 
34700 0.09375 0.9730513289722679 
34800 0.0859375 0.9730517651552159 
34900 0.1015625 0.9730488411268063 
35000 0.0859375 0.9730397583878556 
35100 0.09375 0.9730408915225587 
35200 0.078125 0.9730417962794617 
35300 0.0859375 0.9730452778722039 
35400 0.0703125 0.9730548454375112 
35500 0.078125 0.9730612048486897 
35600 0.09375 0.9730666507495108 
35700 0.0859375 0.9730669600758148 
35800 0.0703125 0.9730667584937106 
35900 0.0859375 0.97307163565546 
36000 0.09375 0.9730612951723563 
36100 0.0859375 0.9730450968578894 
36200 0.0703125 0.9730497056941336 
36300 0.0859375 0.9730516348264051 
36400 0.09375 0.97304461072498 
36500 0.0625 0.9730409069842836 
36600 0.0703125 0.9730412078904948 
36700 0.078125 0.9730381722114747 
36800 0.0546875 0.9730456967881308 
36900 0.078125 0.9730500048553337 
37000 0.1015625 0.9730512632541463 
37100 0.078125 0.9730430390465665 
37200 0.078125 0.9730445894151591 
37300 0.1015625 0.973036566825733 
37400 0.0859375 0.9730305367280733 
37500 0.0703125 0.9730364134734185 
37600 0.078125 0.9730351253956012 
37700 0.0703125 0.9730386102711688 
37800 0.0859375 0.9730290562198531 
37900 0.1015625 0.9730223009727096 
38000 0.1171875 0.9730107842556774 
38100 0.078125 0.9730037023306475 
38200 0.0625 0.9730128138006858 
38300 0.0859375 0.9730127667467342 
38400 0.078125 0.9730128555679973 
38500 0.078125 0.9730139585119001 
38600 0.0625 0.973021667184788 
38700 0.09375 0.9730329696476404 
38800 0.078125 0.9730388445744526 
38900 0.0625 0.9730357188761214 
39000 0.0859375 0.9730423578882593 
39100 0.09375 0.9730381069750986 
39200 0.0625 0.973021787284338 
39300 0.0625 0.9730287423772084 
39400 0.0546875 0.9730277308951549 
39500 0.09375 0.9730190770486823 
39600 0.078125 0.9730194102842521 
39700 0.0703125 0.9730199386245518 
39800 0.078125 0.9730264184107602 
39900 0.078125 0.9730194209836011 
40000 0.1015625 0.9730123283376249 
40100 0.0703125 0.9730160511375444 
40200 0.078125 0.9730214396615341 
40300 0.1015625 0.9730222135720371 
40400 0.09375 0.9730172468915786 
40500 0.0859375 0.9730142337020485 
40600 0.078125 0.9730152120637423 
40700 0.078125 0.9730115148685945 
40800 0.0859375 0.9730117930116092 
40900 0.0703125 0.9730128975045435 
41000 0.0859375 0.9730081532564246 
41100 0.09375 0.9730034954542874 
41200 0.0859375 0.972997027276846 
41300 0.078125 0.9730010572786777 
41400 0.109375 0.9730081499641715 
41500 0.0859375 0.9730123847417331 
41600 0.09375 0.9730053314022901 
41700 0.09375 0.9730068048927684 
41800 0.0546875 0.9730041595894835 
41900 0.078125 0.9730063746489742 
42000 0.0625 0.97301434539257 
42100 0.0859375 0.9730211030220977 
42200 0.078125 0.9730234473116751 
42300 0.0546875 0.9730266423961609 
42400 0.0703125 0.9730400177275693 
42500 0.0859375 0.9730432200614888 
42600 0.078125 0.9730415781515301 
42700 0.0859375 0.9730349430731521 
42800 0.1015625 0.9730307727428487 
42900 0.1171875 0.9730339667684514 
43000 0.0859375 0.9730299392262195 
43100 0.09375 0.9730255074321554 
43200 0.1015625 0.9730233265240774 
43300 0.078125 0.9730239823175755 
43400 0.0625 0.9730228350153223 
43500 0.0859375 0.9730166045033447 
43600 0.0859375 0.9730165544750503 
43700 0.0859375 0.973016504675713 
43800 0.0703125 0.9730121743795804 
43900 0.09375 0.9730150414189502 
44000 0.078125 0.9730153505033976 
44100 0.09375 0.9730130009334633 
44200 0.0703125 0.9730062432599564 
44300 0.0859375 0.9730039836384431 
44400 0.0703125 0.9730057811197946 
44500 0.0703125 0.9730099698134125 
44600 0.09375 0.973013439067136 
44700 0.09375 0.97300203714682 
44800 0.0859375 0.9729944062818539 
44900 0.078125 0.9729968430547203 
45000 0.0625 0.9729951602927343 
45100 0.0625 0.9729964875132111 
45200 0.0703125 0.9729980393132895 
45300 0.1015625 0.9729939506486244 
45400 0.0859375 0.9729925185201501 
45500 0.0703125 0.972994641143418 
45600 0.0859375 0.9729968115648049 
45700 0.09375 0.9729888295660927 
45800 0.0859375 0.9729917992147188 
45900 0.0859375 0.9729822743513213 
46000 0.078125 0.9729759611204104 
46100 0.0703125 0.9729842492570661 
46200 0.0703125 0.9729863576185219 
46300 0.0859375 0.9729826637113669 
46400 0.078125 0.972984261294656 
46500 0.0859375 0.9729847319591693 
46600 0.078125 0.972983412373125 
46700 0.0859375 0.9729886784187348 
46800 0.1015625 0.9729840174355249 
46900 0.09375 0.9729766556150189 
47000 0.078125 0.9729702670333256 
47100 0.0625 0.9729736917298288 
47200 0.078125 0.9729726881669174 
47300 0.078125 0.9729757078779167 
47400 0.078125 0.9729720672208041 
47500 0.078125 0.9729724440011789 
47600 0.0859375 0.9729746792784465 
47700 0.0625 0.9729771235578569 
47800 0.0703125 0.9729802113623843 
47900 0.0703125 0.9729799156071899 
48000 0.0625 0.9729878131879197 
48100 0.09375 0.9729889646265151 
48200 0.0859375 0.9729755779617297 
48300 0.09375 0.9729749168409212 
48400 0.1015625 0.9729764644153358 
48500 0.1015625 0.9729713476698075 
48600 0.0859375 0.9729673772144606 
48700 0.0625 0.9729795183021567 
48800 0.0859375 0.972984192178439 
48900 0.0703125 0.9729815511611896 
49000 0.09375 0.9729848731828602 
49100 0.09375 0.9729835144226526 
49200 0.09375 0.9729794088704159 
49300 0.1015625 0.9729764820524263 
49400 0.0859375 0.972976782689959 
49500 0.078125 0.9729696117250156 
49600 0.1015625 0.9729663548449964 
49700 0.1015625 0.9729611199975856 
49800 0.09375 0.9729677240416859 
49900 0.09375 0.9729564015918185 
50000 0.0390625 0.972955905465224 
50100 0.0625 0.9729543197740564 
50200 0.0703125 0.9729545041433437 
50300 0.0859375 0.9729554643545854 
50400 0.0859375 0.9729567307692307 
50500 0.1015625 0.9729529902048144 
50600 0.078125 0.9729507054373102 
50700 0.0625 0.9729560314392222 
50800 0.09375 0.9729530320105247 
50900 0.0859375 0.9729533698584835 
51000 0.0859375 0.9729582508186114 
51100 0.1015625 0.9729534300535541 
51200 0.078125 0.9729500013834366 
51300 0.09375 0.972949073442363 
51400 0.078125 0.9729526581843414 
51500 0.078125 0.9729534479103965 
51600 0.0859375 0.9729545373797666 
51700 0.09375 0.9729582418618595 
51800 0.0859375 0.9729616304061054 
51900 0.046875 0.9729685683641291 
52000 0.09375 0.9729672165759633 
52100 0.078125 0.9729695187392436 
52200 0.0625 0.9729805922459979 
52300 0.078125 0.9729837562857306 
52400 0.078125 0.9729867094616514 
52500 0.0546875 0.9729921811013124 
52600 0.09375 0.9729939188418472 
52700 0.078125 0.9729918945244556 
52800 0.0546875 0.9729967334109834 
52900 0.0703125 0.9729980588741234 
53000 0.0859375 0.9730026221989522 
53100 0.0859375 0.9730019699095435 
53200 0.0859375 0.9730027396101577 
53300 0.0703125 0.9730021872635285 
53400 0.09375 0.9730016857518273 
53500 0.0859375 0.9729975354822028 
53600 0.0390625 0.9730041378270305 
53700 0.0859375 0.9730046538549871 
53800 0.0859375 0.9730019733214377 
53900 0.0625 0.9730067430721755 
54000 0.0859375 0.9730050813102227 
54100 0.0703125 0.9730003931689495 
54200 0.0625 0.9729995179978229 
54300 0.1015625 0.9729920278478604 
54400 0.09375 0.9729884905608353 
54500 0.046875 0.9729913212601604 
54600 0.0859375 0.972997670982827 
54700 0.0703125 0.9729956186053881 
54800 0.09375 0.972991672901346 
54900 0.078125 0.9729976078152797 
55000 0.0625 0.9730004909001655 
55100 0.046875 0.9730077115962807 
55200 0.0703125 0.9730106131078543 
55300 0.09375 0.973014445941303 
55400 0.0625 0.9730093808475178 
55500 0.078125 0.9730170026966481 
55600 0.09375 0.9730164007092199 
55700 0.0703125 0.9730155203676775 
55800 0.0625 0.9730228102244285 
55900 0.0859375 0.9730160984001479 
56000 0.0703125 0.9730163393659637 
56100 0.078125 0.9730155582491102 
56200 0.1015625 0.9730176527849446 
56300 0.078125 0.9730227464136221 
56400 0.078125 0.9730141549647465 
56500 0.09375 0.9730099725373592 
56600 0.1015625 0.9730043786034405 
56700 0.0546875 0.9730029838539003 
56800 0.1015625 0.9730020066401414 
56900 0.09375 0.9729980122639906 
57000 0.09375 0.9729956766109367 
57100 0.0703125 0.972992163374255 
57200 0.09375 0.9730000440697424 
57300 0.0703125 0.9729983988063036 
57400 0.0703125 0.9730006155525746 
57500 0.0703125 0.972998884439691 
57600 0.0703125 0.9729982443881182 
57700 0.0703125 0.9729938154595819 
57800 0.078125 0.9729964302809063 
57900 0.0859375 0.9729950331888338 
58000 0.0859375 0.9729993879415872 
58100 0.09375 0.9729940462872125 
58200 0.078125 0.9729933764024673 
58300 0.09375 0.9729860533409947 
58400 0.0859375 0.9729829023332934 
58500 0.078125 0.9729786047104608 
58600 0.0859375 0.9729787212106733 
58700 0.0703125 0.9729755100708108 
58800 0.1015625 0.9729752771353095 
58900 0.0859375 0.9729736743999818 
59000 0.0859375 0.9729753874228121 
59100 0.0703125 0.9729763015149208 
59200 0.078125 0.9729731655715275 
59300 0.078125 0.9729727628960726 
59400 0.0859375 0.9729744220776305 
59500 0.0859375 0.9729726618740301 
59600 0.09375 0.9729726553105932 
59700 0.0859375 0.9729784938694495 
59800 0.0859375 0.9729741664018996 
59900 0.0703125 0.9729781570146296 
60000 0.109375 0.9729760146358671 
60100 0.0703125 0.9729727961403859 
60200 0.0703125 0.9729767258849521 
60300 0.109375 0.9729713575783707 
60400 0.109375 0.9729657052449463 
60500 0.0703125 0.972967173751949 
60600 0.0546875 0.9729734073420131 
60700 0.0703125 0.9729715549029945 
60800 0.0703125 0.972969708557425 
60900 0.0859375 0.9729681248392199 
61000 0.1015625 0.9729636860461304 
61100 0.0859375 0.9729604125409841 
61200 0.1015625 0.9729521712608182 
61300 0.078125 0.9729543648689798 
61400 0.0703125 0.9729555334332232 
61500 0.0703125 0.9729554278927713 
61600 0.078125 0.972955872266684 
61700 0.0859375 0.9729517147209932 
61800 0.078125 0.9729533435273431 
61900 0.1015625 0.9729487407311675 
62000 0.0703125 0.972950159070015 
62100 0.0625 0.9729553050004562 
62200 0.0703125 0.9729520609931245 
62300 0.0859375 0.9729569783524074 
62400 0.0625 0.9729548271128133 
62500 0.0625 0.9729546827250763 
62600 0.0703125 0.972955620384126 
62700 0.0625 0.9729556413241681 
62800 0.0390625 0.972958730752695 
62900 0.0625 0.9729618931601511 
63000 0.1015625 0.9729603746369105 
63100 0.09375 0.9729540323581771 
63200 0.09375 0.9729489050806158 
63300 0.1015625 0.9729444522335087 
63400 0.0703125 0.9729457638680777 
63500 0.09375 0.9729501471105442 
63600 0.0546875 0.9729535748258675 
63700 0.0546875 0.9729577276390219 
63800 0.0625 0.9729601531193346 
63900 0.078125 0.9729595960287528 
64000 0.0859375 0.9729596103316094 
64100 0.0625 0.9729569026484246 
64200 0.0859375 0.9729588681121271 
64300 0.078125 0.9729587619814103 
64400 0.0703125 0.9729541272651046 
64500 0.09375 0.9729547959204767 
64600 0.0703125 0.9729545756515637 
64700 0.046875 0.9729533095830564 
64800 0.09375 0.9729559857615366 
64900 0.0625 0.9729541596688289 
65000 0.0859375 0.9729589897334913 
65100 0.0625 0.9729605247999262 
65200 0.0859375 0.9729681660685163 
65300 0.0859375 0.9729698418987969 
65400 0.09375 0.9729711542382125 
65500 0.0625 0.972968288015959 
65600 0.0859375 0.972967415384928 
65700 0.078125 0.9729645635784336 
65800 0.0625 0.9729631847666955 
65900 0.078125 0.9729652480614862 
66000 0.09375 0.9729679758640021 
66100 0.078125 0.9729700256677912 
66200 0.078125 0.9729734067461216 
66300 0.0703125 0.9729763062900006 
66400 0.0859375 0.9729799422573957 
66500 0.0546875 0.9729800037468108 
66600 0.078125 0.9729857737996926 
66700 0.0859375 0.972987778481582 
66800 0.0859375 0.9729845143286279 
66900 0.0546875 0.9729851525014573 
67000 0.046875 0.9729883540295419 
67100 0.1015625 0.9729889845779744 
67200 0.078125 0.9729860093227779 
67300 0.0625 0.9729892340009807 
67400 0.0703125 0.9729905559017423 
67500 0.078125 0.9729982009525785 
67600 0.0859375 0.9729951141008762 
67700 0.0859375 0.9729935365307258 
67800 0.0859375 0.9729881227169708 
67900 0.0703125 0.9729873654904444 
68000 0.0703125 0.9729938867320579 
68100 0.078125 0.9729917466336765 
68200 0.078125 0.9729928584258295 
68300 0.078125 0.972997169697369 
68400 0.0859375 0.9729981180221536 
68500 0.0859375 0.9729974288696516 
68600 0.0625 0.9729980703634058 
68700 0.0859375 0.9729958291485326 
68800 0.1015625 0.9729971902661299 
68900 0.078125 0.9729971489891294 
69000 0.078125 0.9730033728375918 
69100 0.078125 0.9729993279764403 
69200 0.0703125 0.9730006385384604 
69300 0.0546875 0.9730023586720731 
69400 0.0859375 0.973000696735878 
69500 0.0625 0.9729990770516491 
69600 0.0703125 0.9730024383030895 
69700 0.0859375 0.9730040712591402 
69800 0.078125 0.9730007748217552 
69900 0.0859375 0.9730016603839716 
70000 0.0703125 0.9730006461217221 
70100 0.0859375 0.9730003405800203 
70200 0.078125 0.9730005923467377 
70300 0.0859375 0.9730012508712537 
70400 0.0625 0.973004940744213 
70500 0.0859375 0.9730089156536786 
70600 0.0859375 0.9730064611927121 
70700 0.09375 0.9730027613352946 
70800 0.09375 0.9730032282383018 
70900 0.0859375 0.9730043182277636 
71000 0.0625 0.9730045248775839 
71100 0.078125 0.9730055733510546 
71200 0.0859375 0.9730050095855395 
71300 0.0703125 0.9730043743542633 
71400 0.078125 0.9730092117640743 
71500 0.078125 0.9730081717971311 
71600 0.0625 0.9730112809760572 
71700 0.078125 0.9730161974728386 
71800 0.078125 0.9730118153530823 
71900 0.078125 0.9730159568364835 
72000 0.0546875 0.9730225101040263 
72100 0.078125 0.9730198711414081 
72200 0.09375 0.9730165541913085 
72300 0.0703125 0.9730125620669147 
72400 0.078125 0.97301246558519 
72500 0.078125 0.9730179727406059 
72600 0.078125 0.9730163625501026 
72700 0.0546875 0.9730178373291518 
72800 0.0859375 0.9730226705333718 
72900 0.1015625 0.9730196316465709 
73000 0.09375 0.9730207034835139 
73100 0.09375 0.9730202761704126 
73200 0.078125 0.9730152963529642 
73300 0.1015625 0.973011538041773 
73400 0.078125 0.9730131117650531 
73500 0.09375 0.9730136537257996 
73600 0.078125 0.9730099837298406 
73700 0.0703125 0.9730102811246342 
73800 0.0625 0.9730164352447799 
73900 0.0859375 0.973018485034032 
74000 0.09375 0.973016447131345 
74100 0.0625 0.9730151527419783 
74200 0.0703125 0.9730179680866835 
74300 0.078125 0.9730193388491856 
74400 0.09375 0.973022140999449 
74500 0.0859375 0.9730222441085802 
74600 0.09375 0.9730199033860136 
74700 0.0703125 0.9730195560188841 
74800 0.0625 0.9730230740007932 
74900 0.078125 0.9730256090817657 
75000 0.0625 0.9730298734905757 
75100 0.0859375 0.9730329822505692 
75200 0.0859375 0.9730334855365399 
75300 0.0859375 0.9730367195765439 
75400 0.09375 0.9730346953289745 
75500 0.0859375 0.9730322970335934 
75600 0.0703125 0.9730351409042208 
75700 0.0703125 0.9730385964738467 
75800 0.09375 0.9730413214645365 
75900 0.078125 0.9730412944713069 
76000 0.1015625 0.9730402053372105 
76100 0.0625 0.9730449022242371 
76200 0.078125 0.973043811214201 
76300 0.0859375 0.9730429961053372 
76400 0.1015625 0.9730404106839788 
76500 0.078125 0.9730434828193967 
76600 0.0703125 0.9730449490977054 
76700 0.0625 0.9730465134092124 
76800 0.09375 0.9730444115853526 
76900 0.0703125 0.9730436359193422 
77000 0.078125 0.9730494571499071 
77100 0.09375 0.9730451642434382 
77200 0.078125 0.9730426702698152 
77300 0.0703125 0.9730453034242765 
77400 0.0859375 0.9730466176147595 
77500 0.1015625 0.9730448706575829 
77600 0.078125 0.9730479941731851 
77700 0.0703125 0.9730501712225926 
77800 0.0859375 0.9730531125349717 
77900 0.09375 0.9730542411201397 
78000 0.0625 0.9730555337431571 
78100 0.046875 0.9730613911260205 
78200 0.078125 0.973058075770557 
78300 0.078125 0.9730559994444515 
78400 0.078125 0.9730552570545443 
78500 0.078125 0.9730591608705622 
78600 0.0859375 0.9730582175587249 
78700 0.09375 0.9730563501416755 
78800 0.09375 0.9730514801525362 
78900 0.0859375 0.9730564251403657 
79000 0.0625 0.9730591490403075 
79100 0.0703125 0.9730587384588479 
79200 0.0703125 0.9730611237547506 
79300 0.0859375 0.9730641598151347 
79400 0.0859375 0.9730680081695025 
79500 0.0625 0.9730693901124934 
79600 0.0703125 0.9730734512338622 
79700 0.078125 0.9730751822959143 
79800 0.078125 0.9730776922177249 
79900 0.09375 0.9730760566200674 
80000 0.0625 0.97307243945909 
80100 0.0625 0.9730779669313325 
80200 0.0625 0.973083188385016 
80300 0.1015625 0.9730807433386052 
80400 0.078125 0.9730792436764882 
80500 0.078125 0.973078750574527 
80600 0.09375 0.9730785494803621 
80700 0.0703125 0.973077542151481 
80800 0.0703125 0.9730798247133905 
80900 0.078125 0.9730837432994236 
81000 0.0703125 0.9730813829973293 
81100 0.0703125 0.9730848404561391 
81200 0.078125 0.9730808169439621 
81300 0.078125 0.9730829212842811 
81400 0.0859375 0.9730849564706412 
81500 0.109375 0.9730795736657628 
81600 0.0625 0.9730798208151044 
81700 0.0859375 0.9730806410978242 
81800 0.0703125 0.9730799312763088 
81900 0.0859375 0.9730770928214145 
82000 0.1015625 0.9730739437120686 
82100 0.0859375 0.9730729274511476 
82200 0.09375 0.9730708682071995 
82300 0.078125 0.9730691936711988 
82400 0.0859375 0.9730663538670647 
82500 0.078125 0.9730721698322848 
82600 0.078125 0.9730716347764151 
82700 0.0703125 0.9730699674127278 
82800 0.09375 0.973068052469173 
82900 0.0859375 0.9730694090943817 
83000 0.09375 0.9730691936944534 
83100 0.0703125 0.9730723005740003 
83200 0.078125 0.9730708615281066 
83300 0.0703125 0.9730693634130042 
83400 0.0859375 0.9730687119558918 
83500 0.09375 0.9730638205929669 
83600 0.09375 0.9730611214279733 
83700 0.0859375 0.9730575575560626 
83800 0.09375 0.9730562396331786 
83900 0.0546875 0.9730531246151218 
84000 0.0859375 0.9730546362543303 
84100 0.1015625 0.9730506016079872 
84200 0.0859375 0.9730496693428028 
84300 0.0546875 0.9730467622467903 
84400 0.078125 0.9730479657132814 
84500 0.078125 0.9730443895141281 
84600 0.1015625 0.9730479939165416 
84700 0.1015625 0.97304750066902 
84800 0.078125 0.9730438455423088 
84900 0.0859375 0.9730436957456331 
85000 0.09375 0.9730448636878782 
85100 0.0859375 0.9730481097460665 
85200 0.078125 0.9730466106129427 
85300 0.0625 0.9730488395505328 
85400 0.0703125 0.9730475870208389 
85500 0.0703125 0.9730463374210048 
85600 0.0625 0.9730454558065911 
85700 0.0703125 0.9730493469543334 
85800 0.0859375 0.9730505277716266 
85900 0.078125 0.9730543130076096 
86000 0.0703125 0.9730558486723022 
86100 0.0703125 0.9730569875785415 
86200 0.0859375 0.9730556163791604 
86300 0.09375 0.9730477002970225 
86400 0.078125 0.9730454388066496 
86500 0.0859375 0.9730456211007195 
86600 0.0703125 0.9730460435406828 
86700 0.0703125 0.9730479067427135 
86800 0.0703125 0.973051295732 
86900 0.1015625 0.9730543472840743 
87000 0.078125 0.9730521835476987 
87100 0.09375 0.9730490082394768 
87200 0.0859375 0.973045959669805 
87300 0.0859375 0.9730432760411297 
87400 0.109375 0.9730412242613548 
87500 0.0703125 0.9730421830893361 
87600 0.0625 0.9730425154488342 
87700 0.0703125 0.9730428470503947 
87800 0.0859375 0.973041487283744 
87900 0.0703125 0.9730411971517199 
88000 0.0859375 0.9730375045454029 
88100 0.078125 0.9730398798916395 
88200 0.0703125 0.9730374076919007 
88300 0.0703125 0.9730381557117134 
88400 0.0625 0.9730356615969653 
88500 0.078125 0.9730363216234845 
88600 0.0859375 0.9730405659924831 
88700 0.078125 0.9730399565675697 
88800 0.0703125 0.9730400816619933 
88900 0.078125 0.9730413196045788 
89000 0.1015625 0.9730416184462347 
89100 0.0703125 0.973040046080665 
89200 0.0703125 0.9730458926095746 
89300 0.0625 0.973046272811428 
89400 0.078125 0.973047351260053 
89500 0.078125 0.9730469433767965 
89600 0.0703125 0.9730510413295238 
89700 0.0703125 0.9730513270011855 
89800 0.0703125 0.9730528590067669 
89900 0.1015625 0.973053576526772 
90000 0.0859375 0.9730512832264827 
90100 0.0859375 0.9730550645941777 
90200 0.0625 0.9730579425856328 
90300 0.0703125 0.9730583917490763 
90400 0.0703125 0.9730610580450806 
90500 0.0703125 0.9730623660235799 
90600 0.09375 0.9730611417092526 
90700 0.0859375 0.9730577380164864 
90800 0.0703125 0.9730535101026787 
90900 0.0625 0.9730536460453314 
91000 0.0859375 0.973055498703311 
91100 0.0625 0.9730551176258585 
91200 0.09375 0.9730569074991868 
91300 0.0703125 0.9730555844587317 
91400 0.0703125 0.9730573414131136 
91500 0.078125 0.9730553377376567 
91600 0.0859375 0.9730566646834278 
91700 0.0625 0.9730561712340469 
91800 0.0625 0.9730591964321377 
91900 0.078125 0.9730603731642383 
92000 0.0703125 0.9730622549845472 
92100 0.078125 0.9730646699456755 
92200 0.0859375 0.9730663453125961 
92300 0.0625 0.9730680734769938 
92400 0.078125 0.9730708688668593 
92500 0.0546875 0.9730716875132881 
92600 0.0859375 0.9730717169630998 
92700 0.0859375 0.973071886809923 
92800 0.078125 0.9730705409514265 
92900 0.09375 0.9730715246158097 
93000 0.1015625 0.9730703500499994 
93100 0.0859375 0.9730696255500298 
93200 0.0703125 0.9730680923040883 
93300 0.1015625 0.973067762537379 
93400 0.078125 0.9730645895565001 
93500 0.0703125 0.9730641806861245 
93600 0.0625 0.9730643847733108 
93700 0.078125 0.9730657557016468 
93800 0.0703125 0.9730704552279116 
93900 0.0703125 0.9730722605013081 
94000 0.046875 0.97307467141307 
94100 0.09375 0.9730770495265725 
94200 0.078125 0.9730770727840823 
94300 0.09375 0.9730778139945494 
94400 0.09375 0.9730741122534012 
94500 0.078125 0.9730735874047188 
94600 0.0546875 0.9730760917344073 
94700 0.1015625 0.9730734484940321 
94800 0.078125 0.9730700142051948 
94900 0.0625 0.973069194037295 
95000 0.0859375 0.9730696091356933 
95100 0.078125 0.9730740486868347 
95200 0.078125 0.9730776856335542 
95300 0.078125 0.9730772434182222 
95400 0.09375 0.9730781669828757 
95500 0.0859375 0.9730787341232029 
95600 0.09375 0.9730759495629404 
95700 0.09375 0.973077116487811 
95800 0.0703125 0.9730729259089154 
95900 0.046875 0.9730749081952569 
96000 0.0859375 0.9730744992239664 
96100 0.046875 0.9730753105239973 
96200 0.078125 0.9730776902007255 
96300 0.078125 0.9730790102993047 
96400 0.0625 0.9730854873134096 
96500 0.0859375 0.9730855282587745 
96600 0.0859375 0.9730873213872873 
96700 0.078125 0.9730883836947567 
96800 0.0859375 0.9730898742437234 
96900 0.078125 0.9730908242261002 
97000 0.0703125 0.9730914500881435 
97100 0.0703125 0.973092852416556 
97200 0.0703125 0.9730932605717363 
97300 0.0859375 0.9730920085182406 
97400 0.078125 0.9730919354438524 
97500 0.0625 0.9730945601412635 
97600 0.0625 0.9730940310123188 
97700 0.0859375 0.9730966748463851 
97800 0.0859375 0.973097582505973 
97900 0.0546875 0.9731027709114309 
98000 0.0546875 0.9731081613112791 
98100 0.0859375 0.9731035595117956 
98200 0.078125 0.9731034222326317 
98300 0.0546875 0.9731042124444309 
98400 0.0703125 0.9731028044684505 
98500 0.078125 0.9730993371894702 
98600 0.0625 0.973102743844721 
98700 0.0859375 0.9731067768225922 
98800 0.0859375 0.9731085348748157 
98900 0.0859375 0.9731073139637955 
99000 0.078125 0.973107831612812 
99100 0.0859375 0.973110897173927 
99200 0.078125 0.9731118826927148 
99300 0.0703125 0.9731102437286634 
99400 0.09375 0.973108791452467 
99500 0.0703125 0.9731124980318456 
99600 0.0703125 0.9731092946272293 
99700 0.078125 0.9731083439484057 
99800 0.0703125 0.9731100828148015 
99900 0.0859375 0.9731089507779368 
