Coverage:4
6 19 0 10 6 13 38 -16 1 3 16 13 2 12 18 -27 
 17 17 10 4 12 2 14 28 16 2 18 1 18 7 4 -11 
6 19 0 10 6 13 38 -16 1 3 16 13 2 12 18 -27 
 17 17 10 4 12 2 14 28 16 2 18 1 18 7 4 -11 
6 19 0 12 6 13 38 -16 1 3 16 13 2 12 18 -27 
 17 17 10 13 12 2 14 28 16 2 18 1 18 7 4 -11 
6 19 0 12 6 13 38 -16 1 3 16 13 2 12 18 -27 
 17 17 10 14 12 2 14 28 16 2 18 1 18 7 4 -11 
6 19 0 14 6 13 38 -16 1 3 16 13 2 12 18 -27 
 17 17 10 10 12 2 14 28 16 2 18 1 18 7 4 -11 
6 19 0 8 6 13 38 -16 1 3 16 13 2 12 18 -27 
 17 17 10 9 12 2 14 28 16 2 18 1 18 7 4 -11 
6 19 0 18 6 13 38 -16 1 3 16 13 2 12 18 -27 
 17 17 10 9 12 2 14 28 16 2 18 1 18 7 4 -11 
6 19 0 6 6 13 38 -16 1 3 16 13 2 12 18 -27 
 17 17 10 7 12 2 14 28 16 2 18 1 18 7 4 -11 
6 19 0 2 6 13 38 -16 1 3 16 13 2 12 18 -27 
 17 17 10 6 12 2 14 28 16 2 18 1 18 7 4 -11 
6 19 0 14 6 13 38 -16 1 3 16 13 2 12 18 -27 
 17 17 10 20 12 2 14 28 16 2 18 1 18 7 4 -11 
6 19 0 26 6 13 38 -16 1 3 16 13 2 12 18 -27 
 17 17 10 30 12 2 14 28 16 2 18 1 18 7 4 -11 
6 19 0 20 6 13 38 -16 1 3 16 13 2 12 18 -27 
 17 17 10 33 12 2 14 28 16 2 18 1 18 7 4 -11 
6 19 0 28 6 13 38 -16 1 3 16 13 2 12 18 -27 
 17 17 10 27 12 2 14 28 16 2 18 1 18 7 4 -11 
6 19 0 34 6 13 38 -16 1 3 16 13 2 12 18 -27 
 17 17 10 33 12 2 14 28 16 2 18 1 18 7 4 -11 
6 19 0 41 6 13 38 -16 1 3 16 13 2 12 18 -27 
 17 17 10 37 12 2 14 28 16 2 18 1 18 7 4 -11 
6 19 0 36 6 13 38 -16 1 3 16 13 2 12 18 -27 
 17 17 10 35 12 2 14 28 16 2 18 1 18 7 4 -11 
6 19 0 25 6 13 38 -16 1 3 7 13 2 12 18 -27 
 17 17 10 39 12 2 14 28 16 2 17 1 18 7 4 -11 
6 19 0 29 6 13 38 -16 1 3 21 13 2 12 18 -27 
 17 17 10 40 12 2 14 28 16 2 8 1 18 7 4 -11 
6 19 0 30 6 13 38 -16 1 3 14 13 2 12 18 -27 
 17 17 10 44 12 2 14 28 16 2 3 1 18 7 4 -11 
6 19 0 30 6 13 38 -16 1 3 16 13 2 12 18 -27 
 17 17 10 44 12 2 14 28 16 2 -2 1 18 7 4 -11 
6 19 0 30 6 13 38 -16 1 3 16 13 2 12 18 -27 
 17 17 10 44 12 2 14 28 16 2 -2 1 18 7 4 -11 
6 19 0 30 6 13 38 -16 1 3 16 13 2 12 18 -27 
 17 17 10 44 12 2 14 28 16 2 -2 1 18 7 4 -11 
6 19 0 30 6 13 38 -16 1 3 16 13 2 12 18 -27 
 17 17 10 44 12 2 14 28 16 2 -2 1 18 7 4 -11 
6 20 0 30 6 13 38 -16 1 3 16 13 2 12 18 -27 
 17 20 10 44 12 2 14 28 16 2 -2 1 18 7 4 -11 
6 19 0 30 6 13 38 -16 1 3 16 13 2 12 18 -27 
 17 17 10 44 12 2 14 28 16 2 -2 1 18 7 4 -11 
6 19 0 30 6 13 38 -16 1 3 16 13 2 12 18 -27 
 17 17 10 44 12 2 14 28 16 2 -2 1 18 7 4 -11 
6 19 0 30 6 13 38 -16 1 3 16 13 2 12 18 -27 
 17 17 10 44 12 2 14 28 16 2 -2 1 18 7 4 -11 
6 19 0 30 6 13 38 -16 1 3 16 13 2 12 18 -27 
 17 17 10 44 12 2 14 28 16 2 -2 1 18 7 4 -11 
6 19 0 30 6 13 38 -16 1 3 16 13 2 12 18 -27 
 17 17 10 44 12 2 14 28 16 2 -2 1 18 7 4 -11 
6 19 0 30 6 13 38 -16 1 3 16 13 2 12 18 -27 
 17 17 10 44 12 2 14 28 16 2 -2 1 18 7 4 -11 
6 19 0 30 6 13 38 -16 1 3 16 13 2 12 18 -27 
 17 17 10 44 12 2 14 28 16 2 -2 1 18 7 4 -11 
6 19 0 30 6 13 38 -16 1 3 16 13 2 12 18 -27 
 17 17 10 44 12 2 14 28 16 2 -2 1 18 7 4 -11 
6 19 0 30 6 13 38 -16 1 3 16 13 2 12 18 -27 
 17 17 10 44 12 2 14 28 16 2 -2 1 18 7 4 -11 
6 19 0 30 6 13 38 -16 1 3 16 13 2 12 18 -27 
 17 17 10 44 12 2 14 28 16 2 -2 1 18 7 4 -11 
6 19 0 30 6 13 38 -16 1 3 16 13 2 12 18 -27 
 17 17 10 44 12 2 14 28 16 2 -2 1 18 7 4 -11 
6 19 0 30 6 13 38 -16 1 3 16 13 2 12 18 -27 
 17 17 10 44 12 2 14 28 16 2 -2 1 18 7 4 -11 
6 19 0 30 6 13 38 -16 1 3 16 13 2 12 18 -27 
 17 17 10 44 12 2 14 28 16 2 -2 1 18 7 4 -11 
6 19 0 30 6 13 38 -16 1 3 16 13 2 12 18 -27 
 17 17 10 44 12 2 14 28 16 2 -2 1 18 7 4 -11 
6 19 0 30 6 13 38 -16 1 3 16 13 2 12 18 -27 
 17 17 10 44 12 2 14 28 16 2 -2 1 18 7 4 -11 
6 19 0 30 6 13 38 -16 1 3 16 13 2 12 18 -27 
 17 17 10 44 12 2 14 28 16 2 -2 1 18 7 4 -11 
6 19 0 30 6 13 38 -16 1 3 16 13 2 12 18 -27 
 17 17 10 44 12 2 14 28 16 2 -2 1 18 7 4 -11 
6 19 0 30 6 13 38 -16 1 3 16 13 2 12 18 -27 
 17 17 10 44 12 2 14 28 16 2 -2 1 18 7 4 -11 
6 19 0 30 6 13 38 -16 1 3 16 13 2 12 18 -27 
 17 17 10 44 12 2 14 28 16 2 -2 1 18 7 4 -11 
6 19 0 30 6 13 38 -16 1 3 16 13 2 12 18 -27 
 17 17 10 44 12 2 14 28 16 2 -2 1 18 7 4 -11 
6 19 0 30 6 13 38 -16 1 3 16 13 2 12 18 -31 
 17 17 10 44 12 2 14 28 16 2 -2 1 18 7 4 -6 
6 19 0 30 6 13 38 -16 1 3 16 13 2 12 14 -39 
 17 17 10 44 12 2 14 28 16 2 -2 1 18 7 1 -10 
6 19 0 30 6 13 38 -16 1 3 16 13 2 12 10 -38 
 17 17 10 44 12 2 14 28 16 2 -2 1 18 7 -3 -10 
6 19 0 30 6 13 38 -16 1 3 16 13 2 12 0 -31 
 17 17 10 44 12 2 14 28 16 2 -2 1 18 7 3 3 
6 19 0 30 6 13 38 -16 1 3 16 13 2 12 -6 -31 
 17 17 10 44 12 2 14 28 16 2 -2 1 18 7 3 -12 
6 19 0 30 6 13 38 -16 1 3 16 13 2 12 5 -43 
 17 17 10 44 12 2 14 28 16 2 -2 1 18 7 3 -13 
6 19 0 30 6 13 38 -16 1 3 16 13 2 12 10 -47 
 17 17 10 44 12 2 14 28 16 2 -2 1 18 7 6 -11 
6 19 0 30 6 13 38 -16 1 3 16 13 2 12 17 -47 
 17 17 10 44 12 2 14 28 16 2 -2 1 18 7 0 -11 
6 19 0 30 6 13 38 -16 1 3 16 13 2 12 18 -47 
 17 17 10 44 12 2 14 28 16 2 -2 1 18 7 4 -11 
6 19 0 30 6 13 38 -16 1 3 16 13 2 12 18 -47 
 17 17 10 44 12 2 14 28 16 2 -2 1 18 7 4 -11 
6 19 0 30 6 13 38 -16 1 3 16 13 2 12 18 -47 
 17 17 10 44 12 2 14 28 16 2 -2 1 18 7 4 -11 
6 19 0 30 6 13 38 -16 1 3 16 13 2 12 18 -47 
 17 17 10 44 12 2 14 28 16 2 -2 1 18 7 4 -11 
6 19 0 30 6 13 38 -16 1 3 16 13 2 12 14 -47 
 17 17 10 44 12 2 14 28 16 2 -2 1 18 7 5 -11 
6 19 0 30 6 13 38 -16 1 3 16 13 2 12 13 -47 
 17 17 10 44 12 2 14 28 16 2 -2 1 18 7 -4 -11 
6 19 0 30 6 13 38 -16 1 3 16 13 2 12 8 -47 
 17 17 10 44 12 2 14 28 16 2 -2 1 18 7 5 -11 
6 19 0 30 6 13 38 -16 1 3 16 13 2 12 7 -47 
 17 17 10 44 12 2 14 28 16 2 -2 1 18 7 12 -11 
6 19 0 30 6 10 38 -16 1 3 16 13 2 12 4 -47 
 17 17 10 44 12 3 14 28 16 2 -2 1 18 7 7 -11 
6 19 0 30 6 15 38 -16 1 3 16 13 2 12 2 -47 
 17 17 10 44 12 4 14 28 16 2 -2 1 18 7 0 -11 
6 19 0 30 6 14 38 -16 1 3 16 13 2 12 13 -47 
 17 17 10 44 12 6 14 28 16 2 -2 1 18 7 2 -11 
6 19 0 30 6 18 38 -16 1 3 16 13 2 12 13 -47 
 17 17 10 44 12 4 14 28 16 2 -2 1 18 7 2 -11 
6 19 0 30 6 18 38 -19 1 3 16 13 2 12 13 -47 
 17 17 10 44 12 4 14 31 16 2 -2 1 18 7 2 -11 
6 19 0 30 6 18 38 -27 1 3 16 13 2 12 13 -47 
 17 17 10 44 12 4 14 30 16 2 -2 1 18 7 2 -11 
6 19 0 30 6 18 38 -30 1 3 16 13 2 12 13 -47 
 17 17 10 44 12 4 14 35 16 2 -2 1 18 7 2 -11 
6 19 0 30 6 18 38 -22 1 3 16 13 2 12 13 -47 
 17 17 10 44 12 4 14 36 16 2 -2 1 18 7 2 -11 
6 19 0 30 6 18 38 -12 1 3 16 13 2 12 13 -47 
 17 17 10 44 12 4 14 40 16 2 -2 1 18 7 2 -11 
6 19 0 30 6 18 38 -18 1 3 16 13 2 12 13 -47 
 17 17 10 44 12 4 14 40 16 2 -2 1 18 7 2 -11 
6 19 0 30 6 18 38 -10 1 3 16 13 2 12 13 -47 
 17 17 10 44 12 4 14 22 16 2 -2 1 18 7 2 -11 
6 19 0 30 6 18 38 -4 1 3 16 13 2 12 13 -47 
 17 17 10 44 12 4 14 5 16 2 -2 1 18 7 2 -11 
6 19 0 30 6 18 38 -2 1 3 16 13 2 12 13 -47 
 17 17 10 44 12 4 14 2 16 2 -2 1 18 7 2 -11 
6 19 4 30 6 18 38 3 1 3 16 13 2 12 13 -47 
 17 17 2 44 12 4 14 -5 16 2 -2 1 18 7 2 -11 
6 19 8 30 6 18 38 11 1 3 16 13 2 12 13 -47 
 17 17 6 44 12 4 14 9 16 2 -2 1 18 7 2 -11 
6 19 4 30 6 18 38 20 1 3 16 13 2 12 13 -47 
 17 17 8 44 12 4 14 15 16 2 -2 1 18 7 2 -11 
6 19 4 30 6 18 38 20 1 3 16 13 2 12 13 -47 
 17 17 8 44 12 4 14 10 16 2 -2 1 18 7 2 -11 
6 19 4 30 6 18 38 20 1 3 16 13 2 12 13 -47 
 17 17 8 44 12 4 14 10 16 2 -2 1 18 7 2 -11 
6 19 4 30 6 18 38 20 1 3 16 13 2 12 13 -47 
 17 17 8 44 12 4 14 10 16 2 -2 1 18 7 2 -11 
6 19 4 30 6 18 38 20 1 3 16 13 2 12 13 -47 
 17 17 8 44 12 4 14 10 16 2 -2 1 18 7 2 -11 
6 19 4 30 6 18 38 20 1 3 16 13 2 12 13 -47 
 17 17 8 44 12 4 14 10 16 2 -2 1 18 7 2 -11 
6 19 4 30 6 18 38 20 1 3 16 13 2 12 13 -47 
 17 17 8 44 12 4 14 10 16 2 -2 1 18 7 2 -11 
6 19 4 30 6 18 38 20 1 3 16 13 2 12 13 -47 
 17 17 8 44 12 4 14 10 16 2 -2 1 18 7 2 -11 
6 19 4 30 6 18 38 20 1 3 16 13 2 12 13 -47 
 17 17 8 44 12 4 14 10 16 2 -2 1 18 7 2 -11 
6 19 4 30 6 18 38 20 1 3 16 13 2 12 13 -47 
 17 17 8 44 12 4 14 10 16 2 -2 1 18 7 2 -11 
6 19 4 30 6 18 38 20 1 3 16 13 2 12 13 -47 
 17 17 8 44 12 4 14 10 16 2 -2 1 18 7 2 -11 
6 19 4 30 6 18 38 20 1 3 16 13 2 12 13 -47 
 17 17 8 44 12 4 14 10 16 2 -2 1 18 7 2 -11 
6 19 4 30 6 18 38 20 1 3 16 13 2 12 13 -47 
 17 17 8 44 12 4 14 10 16 2 -2 1 18 7 2 -11 
6 19 4 30 6 18 38 20 1 3 16 13 2 12 13 -47 
 17 17 8 44 12 4 14 10 16 2 -2 1 18 7 2 -11 
6 19 4 30 6 18 38 20 1 3 16 13 2 12 13 -47 
 17 17 8 44 12 4 14 10 16 2 -2 1 18 7 2 -11 
6 19 4 30 6 18 38 20 1 3 16 13 2 12 13 -47 
 17 17 8 44 12 4 14 10 16 2 -2 1 18 7 2 -11 
6 19 4 30 6 18 38 20 1 3 16 13 2 12 13 -47 
 17 17 8 44 12 4 14 10 16 2 -2 1 18 7 2 -11 
6 19 4 30 6 18 38 20 1 3 16 13 2 12 13 -47 
 17 17 8 44 12 4 14 10 16 2 -2 1 18 7 2 -11 
6 19 4 30 6 18 38 20 1 3 16 13 2 12 13 -47 
 17 17 8 44 12 4 14 10 16 2 -2 1 18 7 2 -11 
6 19 4 30 6 18 38 20 1 3 16 13 2 12 13 -47 
 17 17 8 44 12 4 14 10 16 2 -2 1 18 7 2 -11 
6 19 4 30 6 18 38 20 1 3 16 13 2 12 13 -47 
 17 17 8 44 12 4 14 10 16 2 -2 1 18 7 2 -11 
6 19 4 30 6 18 38 20 1 3 16 13 2 12 13 -47 
 17 17 8 44 12 4 14 10 16 2 -2 1 18 7 2 -11 
6 19 4 30 6 18 38 20 1 3 16 13 2 12 13 -47 
 17 17 8 44 12 4 14 10 16 2 -2 1 18 7 2 -11 
6 19 4 30 6 18 38 20 1 3 16 13 2 12 13 -47 
 17 17 8 44 12 4 14 10 16 2 -2 1 18 7 2 -11 
6 19 4 30 6 18 38 20 1 3 16 13 2 12 13 -47 
 17 17 8 44 12 4 14 10 16 2 -2 1 18 7 2 -11 
6 19 4 30 6 18 38 20 1 3 16 13 2 12 13 -47 
 17 17 8 44 12 4 14 10 16 2 -2 1 18 7 2 -11 
6 19 4 30 6 18 38 20 1 3 16 13 2 12 13 -47 
 17 17 8 44 12 4 14 10 16 2 -2 1 18 7 2 -11 
6 19 4 30 6 18 38 20 1 3 16 13 2 12 13 -47 
 17 17 8 44 12 4 14 10 16 2 -2 1 18 7 2 -11 
6 19 4 30 6 18 38 20 1 3 16 13 2 12 13 -47 
 17 17 8 44 12 4 14 10 16 2 -2 1 18 7 2 -11 
6 19 4 30 6 18 38 20 1 3 16 13 2 12 13 -47 
 17 17 8 44 12 4 14 10 16 2 -2 1 18 7 2 -11 
6 19 4 30 6 18 38 20 1 3 16 13 2 12 13 -47 
 17 17 8 44 12 4 14 10 16 2 -2 1 18 7 2 -11 
6 19 4 30 6 18 38 20 1 3 16 13 2 12 13 -47 
 17 17 8 44 12 4 14 10 16 2 -2 1 18 7 2 -11 
6 19 4 30 6 18 38 20 1 3 16 13 2 12 13 -47 
 17 17 8 44 12 4 14 10 16 2 -2 1 18 7 2 -11 
6 19 4 30 6 18 38 20 1 3 16 13 2 12 13 -47 
 17 17 8 44 12 4 14 10 16 2 -2 1 18 7 2 -11 
6 19 4 30 6 18 38 20 1 3 16 13 2 12 13 -47 
 17 17 8 44 12 4 14 10 16 2 -2 1 18 7 2 -11 
6 19 4 30 6 18 38 20 1 3 16 13 2 12 13 -47 
 17 17 8 44 12 4 14 10 16 2 -2 1 18 7 2 -11 
6 19 4 30 6 18 38 20 1 3 16 13 2 12 13 -47 
 17 17 8 44 12 4 14 10 16 2 -2 1 18 7 2 -11 
6 19 4 30 6 18 38 20 1 3 16 13 2 12 13 -47 
 17 17 8 44 12 4 14 10 16 2 -2 1 18 7 2 -11 
6 19 4 30 6 18 38 20 1 3 16 13 2 12 13 -47 
 17 17 8 44 12 4 14 10 16 2 -2 1 18 7 2 -11 
6 19 4 30 6 18 38 20 1 3 16 13 2 12 13 -47 
 17 17 8 44 12 4 14 10 16 2 -2 1 18 7 2 -11 
6 19 4 30 6 18 38 20 1 3 16 13 2 12 13 -47 
 17 17 8 44 12 4 14 10 16 2 -2 1 18 7 2 -11 
6 19 4 30 6 18 38 20 1 3 16 13 2 12 13 -47 
 17 17 8 44 12 4 14 10 16 2 -2 1 18 7 2 -11 
6 19 4 30 6 18 38 20 1 3 16 13 2 12 13 -47 
 17 17 8 44 12 4 14 10 16 2 -2 1 18 7 2 -11 
6 19 4 30 6 18 38 20 1 3 16 13 2 12 13 -47 
 17 17 8 44 12 4 14 10 16 2 -2 1 18 7 2 -11 
6 19 4 30 6 18 38 20 1 3 16 13 2 12 13 -47 
 17 17 8 44 12 4 14 10 16 2 -2 1 18 7 2 -11 
6 19 4 30 6 18 38 20 1 3 16 13 2 12 13 -47 
 17 17 8 44 12 4 14 10 16 2 -2 1 18 7 2 -11 
6 19 4 30 6 18 38 20 1 3 16 13 2 12 13 -47 
 17 17 8 44 12 4 14 10 16 2 -2 1 18 7 2 -11 
6 19 4 30 6 18 38 20 1 3 16 13 2 12 13 -47 
 17 17 8 44 12 4 14 10 16 2 -2 1 18 7 2 -11 
6 19 4 30 6 18 38 20 1 3 16 13 2 12 13 -47 
 17 17 8 44 12 4 14 10 16 2 -2 1 18 7 2 -11 
6 19 4 30 6 18 38 20 1 3 16 13 2 12 13 -47 
 17 17 8 44 12 4 14 10 16 2 -2 1 18 7 2 -11 
6 19 4 30 6 18 38 20 1 3 16 13 2 12 13 -47 
 17 17 8 44 12 4 14 10 16 2 -2 1 18 7 2 -11 
6 19 4 30 6 18 38 20 1 3 16 13 2 12 13 -47 
 17 17 8 44 12 4 14 10 16 2 -2 1 18 7 2 -11 
6 19 4 30 6 18 38 20 1 3 16 13 2 12 13 -47 
 17 17 8 44 12 4 14 10 16 2 -2 1 18 7 2 -11 
6 19 4 30 6 18 38 20 1 3 16 13 2 12 13 -47 
 17 17 8 44 12 4 14 10 16 2 -2 1 18 7 2 -11 
6 19 4 30 6 18 38 20 1 3 16 13 2 12 13 -47 
 17 17 8 44 12 4 14 10 16 2 -2 1 18 7 2 -11 
6 19 4 30 6 18 38 20 1 3 16 13 2 12 13 -47 
 17 17 8 44 12 4 14 10 16 2 -2 1 18 7 2 -11 
6 19 4 30 6 18 38 20 1 3 16 13 2 12 13 -47 
 17 17 8 44 12 4 14 10 16 2 -2 1 18 7 2 -11 
6 19 1 30 6 18 38 20 1 3 16 13 2 12 13 -47 
 17 17 13 44 12 4 14 10 16 2 -2 1 18 7 2 -11 
6 19 4 30 6 18 38 20 1 3 16 13 2 12 13 -47 
 17 17 17 44 12 4 14 10 16 2 -2 1 18 7 2 -11 
6 19 1 30 6 18 38 20 1 3 16 13 2 12 13 -47 
 17 17 15 44 12 4 14 10 16 2 -2 1 18 7 2 -11 
6 19 4 30 6 18 38 20 1 3 16 13 2 12 13 -47 
 17 17 8 44 12 4 14 10 16 2 -2 1 18 7 2 -11 
6 19 4 30 6 18 38 20 -2 3 16 13 2 12 13 -47 
 17 17 8 44 12 4 14 10 23 2 -2 1 18 7 2 -11 
6 19 4 30 6 18 38 20 7 3 16 13 2 12 13 -47 
 17 17 8 44 12 4 14 10 11 2 -2 1 18 7 2 -11 
6 19 4 30 6 18 38 20 8 3 16 13 2 12 13 -47 
 17 17 8 44 12 4 14 10 20 2 -2 1 18 7 2 -11 
6 19 4 30 6 18 38 20 10 3 16 13 2 12 13 -47 
 17 17 8 44 12 4 14 10 11 2 -2 1 18 7 2 -11 
6 19 4 30 6 18 38 20 12 3 16 13 2 12 13 -47 
 17 17 8 44 12 4 14 10 14 2 -2 1 18 7 2 -11 
6 19 4 30 6 18 38 20 13 3 16 13 2 12 13 -47 
 17 17 8 44 12 4 14 10 15 2 -2 1 18 7 2 -11 
6 19 4 30 6 18 38 20 4 3 16 13 2 12 13 -47 
 17 17 8 44 12 4 14 10 20 2 -2 1 18 7 2 -11 
6 19 4 30 6 18 38 20 -4 3 16 13 2 12 13 -47 
 17 17 8 44 12 4 14 10 13 2 -2 1 18 7 2 -11 
6 19 4 30 6 18 38 20 1 3 16 13 2 12 13 -47 
 17 17 8 44 12 4 14 10 2 2 -2 1 18 7 2 -11 
6 19 4 30 6 18 38 20 1 3 16 13 2 12 13 -47 
 17 17 8 44 12 4 14 10 -4 2 -2 1 18 7 2 -11 
6 19 4 30 6 18 38 20 1 3 16 13 2 12 13 -47 
 17 17 8 44 12 4 14 10 -4 2 -2 1 18 7 2 -11 
6 19 4 30 6 18 38 20 1 3 16 13 2 12 13 -47 
 17 17 8 44 12 4 14 10 -4 2 -2 1 18 7 2 -11 
6 19 4 30 6 18 38 20 1 3 16 13 2 12 13 -47 
 17 17 8 44 12 4 14 10 -4 2 -2 1 18 7 2 -11 
6 19 4 30 6 18 38 20 1 3 16 13 2 12 13 -47 
 17 17 8 44 12 4 14 10 -4 2 -2 1 18 7 2 -11 
6 19 4 30 6 18 38 20 1 3 16 13 2 12 13 -47 
 17 17 8 44 12 4 14 10 -4 2 -2 1 18 7 2 -11 
6 19 4 30 6 18 38 20 1 3 16 13 2 12 13 -47 
 17 17 8 44 12 4 14 10 -4 2 -2 1 18 7 2 -11 
6 19 4 30 6 18 38 20 1 3 16 13 2 12 13 -47 
 17 17 8 44 12 4 14 10 -4 2 -2 1 18 7 2 -11 
6 19 4 30 6 18 38 20 6 3 16 13 2 12 13 -47 
 17 17 8 44 12 4 14 10 -2 2 -2 1 18 7 2 -11 
6 19 4 30 6 18 38 20 16 3 16 13 2 12 13 -47 
 17 17 8 44 12 4 14 10 5 2 -2 1 18 7 2 -11 
6 19 4 30 6 18 38 20 18 3 16 13 2 12 13 -47 
 17 17 8 44 12 4 14 10 15 2 -2 1 18 7 2 -11 
6 19 4 30 6 18 38 20 21 3 16 13 2 12 13 -47 
 17 17 8 44 12 4 14 10 16 2 -2 1 18 7 2 -11 
6 19 4 30 6 18 38 20 22 3 16 13 2 12 13 -47 
 17 17 8 44 12 4 14 10 10 2 -2 1 18 7 2 -11 
6 19 4 30 6 18 38 20 14 3 16 13 2 12 13 -47 
 17 17 8 44 12 4 14 10 16 2 -2 1 18 7 2 -11 
6 19 4 30 6 18 38 20 18 3 16 13 2 12 13 -47 
 17 17 8 44 12 4 14 10 19 2 -2 1 18 7 2 -11 
6 19 4 30 6 18 38 20 21 3 16 13 2 12 13 -47 
 17 17 8 44 12 4 14 10 23 2 -2 1 18 7 2 -11 
6 19 4 23 6 18 38 20 21 3 16 13 2 12 13 -47 
 17 17 8 48 12 4 14 10 16 2 -2 1 18 7 2 -11 
6 19 4 9 6 18 38 20 21 3 16 13 2 12 13 -47 
 17 17 8 36 12 4 14 10 16 2 -2 1 18 7 2 -11 
6 19 4 16 6 18 38 20 21 3 16 13 2 12 13 -47 
 17 17 8 25 12 4 14 10 16 2 -2 1 18 7 2 -11 
6 19 4 22 6 18 38 20 21 3 16 13 2 12 13 -47 
 17 17 8 32 12 4 14 10 16 2 -2 1 18 7 2 -11 
6 19 4 26 6 18 38 20 21 3 16 13 2 12 13 -47 
 17 17 8 30 12 4 14 10 16 2 -2 1 18 7 2 -11 
6 19 4 30 6 18 38 20 21 3 16 13 2 12 13 -47 
 17 17 8 24 12 4 14 10 16 2 -2 1 18 7 2 -11 
6 19 4 30 6 18 38 20 21 3 16 13 2 12 13 -47 
 17 17 8 24 12 4 14 10 16 2 -2 1 18 7 2 -11 
6 19 4 30 6 18 38 20 21 3 16 13 2 12 13 -47 
 17 17 8 24 12 4 14 10 16 2 -2 1 18 7 2 -11 
6 19 4 30 6 18 38 20 21 3 16 13 2 12 13 -47 
 17 17 8 24 12 4 14 10 16 2 -2 1 18 7 2 -11 
6 19 4 30 6 18 38 20 21 3 16 13 2 12 13 -47 
 17 17 8 24 12 4 14 10 16 2 -2 1 18 7 2 -11 
6 19 4 30 6 18 38 20 21 3 16 13 2 12 13 -47 
 17 17 8 24 12 4 14 10 16 2 -2 1 18 7 2 -11 
6 19 4 30 6 18 38 20 21 3 16 13 2 12 13 -47 
 17 17 8 24 12 4 14 10 16 2 -2 1 18 7 2 -11 
6 19 4 30 6 18 38 20 21 3 16 13 2 12 13 -47 
 17 17 8 24 12 4 14 10 16 2 -2 1 18 7 2 -11 
6 19 4 30 6 18 38 20 21 3 16 13 2 12 13 -47 
 17 17 8 24 12 4 14 10 16 2 -2 1 18 7 2 -11 
6 19 4 30 6 18 38 20 21 3 16 13 2 12 13 -47 
 17 17 8 24 12 4 14 10 16 2 -2 1 18 7 2 -11 
6 19 4 30 6 18 38 20 21 3 16 13 2 12 13 -47 
 17 17 8 24 12 4 14 10 16 2 -2 1 18 7 2 -11 
6 19 4 30 6 18 38 20 21 3 16 13 2 12 13 -47 
 17 17 8 24 12 4 14 10 16 2 -2 1 18 7 2 -11 
6 19 4 30 6 18 38 20 21 3 16 13 2 12 13 -47 
 17 17 8 24 12 4 14 10 16 2 -2 1 18 7 2 -11 
6 19 4 30 6 18 38 20 21 3 16 13 2 12 13 -47 
 17 17 8 24 12 4 14 10 16 2 -2 1 18 7 2 -11 
6 19 4 30 6 18 38 20 21 3 16 13 2 12 13 -47 
 17 17 8 24 12 4 14 10 16 2 -2 1 18 7 2 -11 
6 19 4 30 6 18 38 20 21 3 16 13 2 12 13 -47 
 17 17 8 24 12 4 14 10 16 2 -2 1 18 7 2 -11 
6 19 4 30 6 18 38 20 21 3 16 13 2 12 13 -47 
 17 17 8 24 12 4 14 10 16 2 -2 1 18 7 2 -11 
6 19 4 30 6 18 38 20 21 3 16 13 2 12 13 -47 
 17 17 8 24 12 4 14 10 16 2 -2 1 18 7 2 -11 
6 19 4 30 6 18 38 20 21 3 16 13 2 12 13 -47 
 17 17 8 24 12 4 14 10 16 2 -2 1 18 7 2 -11 
6 19 4 30 6 18 38 20 21 3 16 13 2 12 13 -47 
 17 17 8 24 12 4 14 10 16 2 -2 1 18 7 2 -11 
6 19 4 30 6 18 38 20 21 3 16 13 2 12 13 -47 
 17 17 8 24 12 4 14 10 16 2 -2 1 18 7 2 -11 
6 19 4 30 6 18 38 20 21 3 16 13 2 12 13 -47 
 17 17 8 24 12 4 14 10 16 2 -2 1 18 7 2 -11 
6 19 4 30 6 18 38 20 21 3 16 13 2 12 13 -47 
 17 17 8 24 12 4 14 10 16 2 -2 1 18 7 2 -11 
6 19 4 30 6 18 38 20 21 3 16 13 2 12 13 -47 
 17 17 8 24 12 4 14 10 16 2 -2 1 18 7 2 -11 
6 19 4 30 6 18 38 20 21 3 16 13 2 12 13 -47 
 17 17 8 24 12 4 14 10 16 2 -2 1 18 7 2 -11 
6 19 4 30 6 18 38 20 21 3 16 13 2 12 13 -47 
 17 17 8 24 12 4 14 10 16 2 -2 1 18 7 2 -11 
6 19 4 30 6 18 38 20 21 3 16 13 2 12 13 -47 
 17 17 8 24 12 4 14 10 16 2 -2 1 18 7 2 -11 
6 19 4 30 6 18 38 20 21 3 16 13 2 12 13 -47 
 17 17 8 24 12 4 14 10 16 2 -2 1 18 7 2 -11 
6 19 4 30 6 22 38 20 21 3 16 13 2 12 13 -47 
 17 17 8 24 12 2 14 10 16 2 -2 1 18 7 2 -11 
6 19 4 30 6 20 38 20 21 3 16 13 2 12 13 -47 
 17 17 8 24 12 -2 14 10 16 2 -2 1 18 7 2 -11 
6 19 4 30 6 18 38 20 21 3 16 13 2 12 13 -47 
 17 17 8 24 12 -14 14 10 16 2 -2 1 18 7 2 -11 
6 19 4 30 6 18 38 20 21 3 16 13 2 12 13 -47 
 17 17 8 24 12 -16 14 10 16 2 -2 1 18 7 2 -11 
6 19 4 30 6 18 38 20 21 3 16 13 2 12 13 -47 
 17 17 8 24 12 -16 14 10 16 2 -2 1 18 7 2 -11 
6 19 4 30 6 18 38 20 21 3 16 13 2 12 13 -47 
 17 17 8 24 12 -16 14 10 16 2 -2 1 18 7 2 -11 
6 19 4 30 6 18 38 20 21 3 16 13 2 12 13 -47 
 17 17 8 24 12 -16 14 10 16 2 -2 1 18 7 2 -11 
6 19 4 30 6 18 38 20 21 3 16 13 2 12 13 -47 
 17 17 8 24 12 -16 14 10 16 2 -2 1 18 7 2 -11 
6 19 4 30 6 18 38 20 21 3 16 13 2 12 13 -47 
 17 17 8 24 12 -16 14 10 16 2 -2 1 18 7 2 -11 
6 19 4 30 6 18 38 20 21 3 16 13 2 12 13 -47 
 17 17 8 24 12 -16 14 10 16 2 -2 1 18 7 2 -11 
6 19 4 30 6 18 38 20 21 3 16 13 2 12 13 -47 
 17 17 8 24 12 -16 14 10 16 2 -2 1 18 7 2 -11 
6 19 4 30 6 18 38 20 21 3 16 13 2 12 13 -47 
 17 17 8 24 12 -16 14 10 16 2 -2 1 18 7 2 -11 
6 19 4 30 6 18 38 20 21 3 16 13 2 12 13 -47 
 17 17 8 24 12 -16 14 10 16 2 -2 1 18 7 2 -11 
6 19 4 30 6 18 38 20 21 3 16 13 2 12 13 -47 
 17 17 8 24 12 -16 14 10 16 2 -2 1 18 7 2 -11 
6 19 4 30 6 18 38 20 21 3 16 13 2 12 13 -47 
 17 17 8 24 12 -16 14 10 16 2 -2 1 18 7 2 -11 
6 19 4 30 6 18 38 20 21 3 16 13 2 12 13 -47 
 17 17 8 24 12 -16 14 10 16 2 -2 1 18 7 2 -11 
6 19 4 30 6 18 38 20 21 3 16 13 2 12 13 -47 
 17 17 8 24 12 -16 14 10 16 2 -2 1 18 7 2 -11 
6 19 4 30 6 18 38 20 21 3 16 13 2 12 13 -47 
 17 17 8 24 12 -16 14 10 16 2 -2 1 18 7 2 -11 
6 19 4 30 6 18 38 20 21 3 16 13 2 12 13 -47 
 17 17 8 24 12 -16 14 10 16 2 -2 1 18 7 2 -11 
6 19 4 30 6 18 38 20 21 3 16 13 2 12 13 -47 
 17 17 8 24 12 -16 14 10 16 2 -2 1 18 7 2 -11 
6 19 4 30 6 25 38 20 21 3 16 13 2 12 13 -47 
 17 17 8 24 12 -21 14 10 16 2 -2 1 18 7 2 -11 
6 19 4 30 6 18 38 20 21 3 16 13 2 12 13 -47 
 17 17 8 24 12 -16 14 10 16 2 -2 1 18 7 2 -11 
6 19 4 30 6 18 38 20 21 3 16 13 2 12 13 -47 
 17 17 8 24 12 -16 14 10 16 2 -2 1 18 7 2 -11 
6 19 4 30 6 18 38 20 21 3 16 13 2 12 13 -47 
 17 17 8 24 12 -16 14 10 16 2 -2 1 18 7 2 -11 
6 19 4 30 6 18 38 20 21 3 16 13 2 12 13 -47 
 17 17 8 24 12 -16 14 10 16 2 -2 1 18 7 2 -11 
6 19 4 30 6 18 38 20 21 3 16 13 2 12 13 -47 
 17 17 8 24 12 -16 14 10 16 1 -2 1 18 7 2 -11 
6 19 4 30 6 18 38 20 21 3 16 13 2 12 13 -47 
 17 17 8 24 12 -16 14 10 16 2 -2 1 18 7 2 -11 
6 19 4 30 6 18 38 20 21 3 16 13 2 12 13 -47 
 17 17 8 24 12 -16 14 10 16 2 -2 1 18 7 2 -11 
6 19 4 30 6 18 38 20 21 3 16 13 2 12 13 -47 
 17 17 8 24 12 -16 14 10 16 2 -2 1 18 7 2 -11 
6 19 4 30 6 18 38 20 21 3 16 13 2 12 13 -47 
 17 17 8 24 12 -16 14 10 16 2 -2 1 18 7 2 -11 
6 19 4 30 6 18 38 20 21 3 16 13 2 12 13 -47 
 17 17 8 24 12 -16 14 10 16 2 -2 1 18 7 2 -11 
6 19 4 30 6 18 38 20 21 4 16 13 2 12 13 -47 
 17 17 8 24 12 -16 14 10 16 -4 -2 1 18 7 2 -11 
6 19 4 30 6 18 38 20 21 3 16 13 2 12 13 -47 
 17 17 8 24 12 -16 14 10 16 2 -2 1 18 7 2 -11 
6 19 4 30 6 18 38 20 21 3 16 13 2 12 13 -47 
 17 17 8 24 12 -16 14 10 16 2 -2 1 18 7 2 -11 
6 19 4 30 6 18 38 20 21 3 16 13 2 12 13 -47 
 17 17 8 24 12 -16 14 10 16 2 -2 1 18 7 2 -11 
6 19 4 30 6 18 38 20 21 3 16 13 2 12 13 -47 
 17 17 8 24 12 -16 14 10 16 2 -2 1 18 7 2 -11 
6 19 4 30 6 18 38 20 21 3 16 13 2 12 13 -47 
 17 17 8 24 12 -16 14 10 16 2 -2 1 18 7 2 -11 
6 19 4 30 6 18 34 20 21 3 16 13 2 12 13 -47 
 17 17 8 24 12 -16 11 10 16 2 -2 1 18 7 2 -11 
6 19 4 30 6 18 24 20 21 3 16 13 2 12 13 -47 
 17 17 8 24 12 -16 12 10 16 2 -2 1 18 7 2 -11 
6 19 4 30 6 18 20 20 21 3 16 13 2 12 13 -47 
 17 17 8 24 12 -16 4 10 16 2 -2 1 18 7 2 -11 
6 19 4 30 6 18 18 20 21 3 16 13 2 12 13 -47 
 17 17 8 24 12 -16 -6 10 16 2 -2 1 18 7 2 -11 
6 19 4 30 6 18 18 20 21 3 16 13 2 12 13 -47 
 17 17 8 24 12 -16 -6 10 16 2 -2 1 18 7 2 -11 
6 19 4 30 6 18 18 20 21 3 16 13 2 12 13 -47 
 17 17 8 24 12 -16 -6 10 16 2 -2 1 18 7 2 -11 
6 19 4 30 6 18 18 20 21 3 16 13 2 12 13 -47 
 17 17 8 24 12 -16 -6 10 16 2 -2 1 18 7 2 -11 
6 19 4 30 6 18 18 20 21 3 16 10 2 12 13 -47 
 17 17 8 24 12 -16 -6 10 16 2 -2 1 18 7 2 -11 
6 19 4 30 6 18 18 20 21 3 16 13 2 12 13 -47 
 17 17 8 24 12 -16 -6 10 16 2 -2 1 18 7 2 -11 
6 19 4 30 6 18 18 20 21 3 16 13 2 12 13 -47 
 17 17 8 24 12 -16 -6 10 16 2 -2 1 18 7 2 -11 
6 19 4 30 6 18 18 20 21 9 16 13 2 16 13 -47 
 17 17 8 24 12 -16 -6 10 16 8 -2 1 18 8 2 -11 
6 19 4 30 6 18 18 20 21 -2 16 13 2 13 13 -47 
 17 17 8 24 12 -16 -6 10 16 9 -2 1 18 -12 2 -11 
6 19 4 30 6 18 18 20 21 11 16 13 2 16 13 -47 
 17 17 8 24 12 -16 -6 10 16 10 -2 1 18 -4 2 -11 
6 19 4 30 6 18 18 20 21 3 16 13 2 31 13 -47 
 17 17 8 24 12 -16 -6 10 16 2 -2 1 18 0 2 -11 
6 19 4 22 6 18 18 20 21 3 16 13 2 38 13 -47 
 17 17 8 24 12 -16 -6 10 16 2 -2 1 18 3 2 -11 
6 19 4 16 6 18 18 20 21 3 16 13 2 41 13 -47 
 17 17 8 20 12 -16 -6 10 16 2 -2 1 18 -3 2 -11 
6 19 4 12 6 18 18 20 21 3 16 13 2 39 13 -47 
 17 17 8 27 12 -16 -6 10 16 2 -2 1 18 7 2 -11 
6 19 4 12 6 18 18 20 21 3 16 13 2 49 13 -47 
 17 17 8 27 12 -16 -6 10 16 2 -2 1 18 15 2 -11 
6 19 4 12 6 18 18 20 21 3 16 13 2 51 13 -47 
 17 17 8 27 12 -16 -6 10 16 2 -2 1 18 15 2 -11 
6 19 4 12 6 18 18 20 21 3 16 13 2 55 13 -47 
 17 17 8 27 12 -16 -6 10 16 2 -2 1 18 3 2 -11 
6 19 4 12 6 18 18 20 21 3 16 13 2 62 13 -47 
 17 17 8 27 12 -16 -6 10 16 2 -2 1 18 1 2 -11 
6 19 4 12 6 18 18 20 21 3 16 13 2 63 13 -47 
 17 17 8 27 12 -16 -6 10 16 2 -2 1 18 -2 2 -11 
6 19 4 12 6 18 18 20 21 3 16 13 2 68 13 -47 
 17 17 8 27 12 -16 -6 10 16 2 -2 1 18 -5 2 -11 
6 19 4 12 6 18 18 20 21 3 16 13 2 78 13 -47 
 17 17 8 27 12 -16 -6 10 16 2 -2 1 18 -11 2 -11 
6 19 4 12 6 18 18 20 21 3 16 13 2 71 13 -47 
 17 17 8 27 12 -16 -6 10 16 2 -2 1 18 -20 2 -11 
6 19 4 12 6 18 18 20 21 3 16 13 2 70 13 -47 
 17 17 8 27 12 -16 -6 10 16 2 -2 1 18 -16 2 -11 
6 19 4 12 6 18 18 20 21 3 16 13 2 70 13 -47 
 17 17 8 27 12 -16 -6 10 16 2 -2 1 18 -16 2 -11 
6 19 4 12 6 18 18 20 21 3 16 13 2 70 13 -47 
 17 17 8 27 12 -16 -6 10 16 2 -2 1 18 -16 2 -11 
6 19 4 12 6 18 18 20 21 3 16 13 2 70 13 -47 
 17 17 8 27 12 -16 -6 10 16 2 -2 1 18 -16 2 -11 
6 19 4 12 6 18 18 20 21 3 16 13 2 70 13 -47 
 17 17 8 27 12 -16 -6 10 16 2 -2 1 18 -16 2 -11 
6 19 4 12 6 18 18 20 21 3 16 13 2 70 13 -47 
 17 17 8 27 12 -16 -6 10 16 2 -2 1 18 -16 2 -11 
6 19 4 12 6 18 18 20 21 3 16 13 2 70 13 -47 
 17 17 8 27 12 -16 -6 10 16 2 -2 1 18 -16 2 -11 
6 19 4 12 6 18 18 20 21 3 16 13 2 70 13 -47 
 17 17 8 27 12 -16 -6 10 16 2 -2 1 18 -16 2 -11 
6 19 4 12 6 18 18 20 21 3 16 13 2 70 13 -47 
 17 17 8 27 12 -16 -6 10 16 2 -2 1 18 -16 2 -11 
6 19 4 12 6 18 18 20 21 3 16 13 2 70 13 -47 
 17 17 8 27 12 -16 -6 10 16 2 -2 1 18 -16 2 -11 
6 19 4 12 6 18 18 20 21 3 16 13 2 70 13 -47 
 17 17 8 27 12 -16 -6 10 16 2 -2 1 18 -16 2 -11 
6 19 4 12 6 18 18 20 21 3 16 13 2 70 13 -47 
 17 17 8 27 12 -16 -6 10 16 2 -2 1 18 -16 2 -11 
6 19 4 12 6 18 18 20 21 3 16 13 2 70 13 -47 
 17 17 8 27 12 -16 -6 10 16 2 -2 1 18 -16 2 -11 
6 19 4 12 6 18 18 20 21 3 16 13 2 70 13 -47 
 17 17 8 27 12 -16 -6 10 16 2 -2 1 18 -16 2 -11 
6 19 4 12 6 18 18 20 21 3 16 13 2 70 13 -47 
 17 17 8 27 12 -16 -6 10 16 2 -2 1 18 -16 2 -11 
6 19 4 12 6 18 18 20 21 3 10 13 2 70 13 -47 
 17 17 8 27 12 -16 -6 10 16 2 -2 1 18 -16 2 -11 
6 19 4 12 6 18 18 20 21 3 11 13 2 70 13 -47 
 17 17 8 27 12 -16 -6 10 16 2 -1 1 18 -16 2 -11 
6 19 4 12 6 18 18 20 21 3 16 13 2 70 13 -47 
 17 17 8 27 12 -16 -6 10 16 2 -2 1 18 -16 2 -11 
6 19 4 12 6 18 18 20 21 3 16 13 2 70 13 -47 
 17 17 8 27 12 -16 -6 10 16 2 -2 1 18 -16 2 -11 
6 19 4 12 6 18 18 20 21 3 16 13 2 70 13 -47 
 17 17 8 27 12 -16 -6 10 16 2 -2 1 18 -16 2 -11 
6 19 4 12 6 18 18 20 21 3 16 13 2 70 13 -47 
 17 17 8 27 12 -16 -6 10 16 2 -2 1 18 -16 2 -11 
6 19 4 12 6 18 18 20 21 3 16 13 2 70 13 -47 
 17 17 8 27 12 -16 -6 10 16 2 -2 1 18 -16 2 -11 
6 19 4 12 6 18 18 20 21 3 16 13 2 70 13 -47 
 17 17 8 27 12 -16 -6 10 16 2 -2 1 18 -16 2 -11 
6 19 4 12 6 18 18 20 21 3 16 13 2 70 13 -47 
 17 17 8 27 12 -16 -6 10 16 2 -2 1 18 -16 2 -11 
6 19 4 12 6 18 18 20 21 3 16 13 2 70 13 -47 
 17 17 8 27 12 -16 -6 10 16 2 -2 1 18 -16 2 -11 
6 19 4 12 6 18 18 20 21 3 16 13 2 70 13 -47 
 17 17 8 27 12 -16 -6 10 16 2 -2 1 18 -16 2 -11 
6 19 4 12 6 18 18 20 21 3 16 13 2 70 13 -47 
 17 17 8 27 12 -16 -6 10 16 2 -2 1 18 -16 2 -11 
6 19 4 12 6 18 18 20 21 3 16 13 2 70 13 -47 
 17 17 8 27 12 -16 -6 10 16 2 -2 1 18 -16 2 -11 
6 19 4 12 6 18 18 20 21 3 16 13 2 70 13 -47 
 17 17 8 27 12 -16 -6 10 16 2 -2 1 18 -16 2 -11 
6 19 4 12 6 18 18 20 21 3 16 13 2 70 13 -47 
 17 17 8 27 12 -16 -6 10 16 2 -2 1 18 -16 2 -11 
6 19 4 12 6 18 18 20 21 3 16 13 2 70 13 -47 
 17 17 8 27 12 -16 -6 10 16 2 -2 1 18 -16 2 -11 
6 19 4 12 6 18 18 20 21 3 16 13 2 70 13 -47 
 17 17 8 27 12 -16 -6 10 16 2 -2 1 18 -16 2 -11 
6 19 4 12 6 18 18 20 21 3 16 13 2 70 13 -47 
 17 17 8 27 12 -16 -6 10 16 2 -2 1 18 -16 2 -11 
6 19 4 12 6 18 18 20 21 3 16 13 2 70 13 -47 
 17 17 8 27 12 -16 -6 10 16 2 -2 1 18 -16 2 -11 
6 19 4 12 6 18 18 20 21 3 16 13 2 70 13 -47 
 17 17 8 27 12 -16 -6 10 16 2 -2 1 18 -16 2 -11 
6 19 4 12 6 18 18 20 21 3 16 13 2 70 13 -47 
 17 17 8 27 12 -16 -6 10 16 2 -2 1 18 -16 2 -11 
6 19 4 12 6 18 18 20 21 3 16 13 2 70 13 -47 
 17 17 8 27 12 -16 -6 10 16 2 -2 1 18 -16 2 -11 
6 19 4 12 6 18 18 20 21 3 16 13 2 70 13 -47 
 17 17 8 27 12 -16 -6 10 16 2 -2 1 18 -16 2 -11 
6 19 4 12 6 18 18 20 21 3 16 13 2 70 13 -47 
 17 17 8 27 12 -16 -6 10 16 2 -2 1 18 -16 2 -11 
6 19 4 12 6 18 18 20 21 3 16 13 2 70 13 -47 
 17 17 8 27 12 -16 -6 10 16 2 -2 1 18 -16 2 -11 
6 19 4 12 6 18 18 20 17 3 16 13 2 70 13 -47 
 17 17 8 27 12 -16 -6 10 16 2 -2 1 18 -16 2 -11 
6 19 4 12 6 18 18 20 28 3 16 13 2 70 13 -47 
 17 17 8 27 12 -16 -6 10 20 2 -2 1 18 -16 2 -11 
6 19 4 12 6 17 18 20 12 3 16 13 2 70 13 -47 
 17 17 8 27 12 -4 -6 10 13 2 -2 1 18 -16 2 -11 
6 19 4 12 6 23 18 20 4 3 16 13 2 70 13 -47 
 17 17 8 27 12 -5 -6 10 20 2 -2 1 18 -16 2 -11 
6 19 4 12 6 19 18 20 1 3 16 13 2 70 13 -47 
 17 17 8 27 12 -2 -6 10 16 2 -2 1 18 -16 2 -11 
6 19 4 12 6 22 18 20 1 3 16 13 2 70 13 -47 
 17 17 8 27 12 -3 -6 10 16 2 -2 1 18 -16 2 -11 
6 19 4 12 6 14 18 20 1 3 16 13 2 70 13 -47 
 17 17 8 27 12 15 -6 10 16 2 -2 1 18 -16 2 -11 
6 19 4 12 6 18 18 20 2 3 16 13 2 70 13 -47 
 17 17 8 27 12 11 -6 10 14 2 -2 1 18 -16 2 -11 
6 19 4 12 6 28 18 20 1 3 16 13 2 70 13 -47 
 17 17 8 27 12 15 -6 10 16 2 -2 1 18 -16 2 -11 
6 19 4 12 6 27 18 14 1 3 16 13 2 70 13 -47 
 17 17 8 27 12 13 -6 19 16 2 -2 1 18 -16 2 -11 
6 19 4 20 6 27 18 18 1 3 16 13 2 70 13 -47 
 17 17 8 10 12 18 -6 24 16 2 -2 1 18 -16 2 -11 
6 19 4 20 6 27 18 18 1 3 16 13 2 70 13 -47 
 17 17 8 10 12 -1 -6 24 16 2 -2 1 18 -16 2 -11 
6 19 4 20 6 26 18 18 1 3 16 13 2 70 13 -47 
 17 17 8 10 12 3 -6 24 16 2 -2 1 18 -16 2 -11 
6 19 4 20 6 24 18 18 1 3 16 13 2 70 13 -47 
 17 17 8 10 12 4 -6 24 16 2 -2 1 18 -16 2 -11 
6 19 4 20 6 29 18 18 1 3 16 13 2 70 13 -47 
 17 17 8 10 12 7 -6 24 16 2 -2 1 18 -16 2 -11 
6 19 4 20 6 32 18 18 1 3 16 13 2 70 13 -47 
 17 17 8 10 12 7 -6 24 16 2 -2 1 18 -16 2 -11 
6 19 4 20 6 32 18 18 1 3 16 13 2 70 13 -47 
 17 17 8 10 12 7 -6 24 16 2 -2 1 18 -16 2 -11 
6 19 4 20 6 32 18 18 1 3 16 13 2 70 13 -47 
 17 17 8 10 12 7 -6 24 16 2 -2 1 18 -16 2 -11 
6 19 4 20 6 32 18 18 1 3 16 13 2 70 13 -47 
 17 17 8 10 12 7 -6 24 16 2 -2 1 18 -16 2 -11 
6 19 4 20 6 32 18 18 1 3 16 13 2 70 13 -47 
 17 17 8 10 12 7 -6 24 16 2 -2 1 18 -16 2 -11 
6 19 4 20 6 32 18 18 1 3 16 13 2 70 13 -47 
 17 17 8 10 12 7 -6 24 16 2 -2 1 18 -16 2 -11 
6 19 4 20 6 32 18 18 1 3 16 13 2 70 13 -47 
 17 17 8 10 12 7 -6 24 16 2 -2 1 18 -16 2 -11 
6 19 4 20 6 32 18 18 1 3 16 13 2 70 13 -47 
 17 17 8 10 12 7 -6 24 16 2 -2 1 18 -16 2 -11 
6 19 4 20 6 32 18 18 1 3 16 13 2 70 13 -47 
 17 17 8 10 12 7 -6 24 16 2 -2 1 18 -16 2 -11 
6 19 4 20 6 32 18 18 1 3 16 13 2 70 13 -47 
 17 17 8 10 12 7 -6 24 16 2 -2 1 18 -16 2 -11 
6 19 4 20 6 32 18 18 1 3 16 13 2 70 13 -47 
 17 17 8 10 12 7 -6 24 16 2 -2 1 18 -16 2 -11 
6 19 4 20 6 32 18 18 1 3 16 13 2 70 13 -47 
 17 17 8 10 12 7 -6 24 16 2 -2 1 18 -16 2 -11 
6 19 4 19 6 32 18 18 1 3 16 13 2 70 13 -47 
 17 17 8 6 12 7 -6 24 16 2 -2 1 18 -16 2 -11 
6 19 4 35 6 32 18 18 1 3 16 13 2 70 13 -47 
 17 17 8 4 12 7 -6 24 16 2 -2 1 18 -16 2 -11 
6 19 4 40 6 32 18 18 1 3 16 13 2 70 13 -47 
 17 17 8 10 12 7 -6 24 16 2 -2 1 18 -16 2 -11 
6 19 4 40 6 32 18 18 1 3 16 13 2 70 13 -47 
 17 17 8 10 12 7 -6 24 16 2 -2 1 18 -16 2 -11 
6 19 4 40 6 32 18 18 1 3 14 13 2 70 13 -47 
 17 17 8 10 12 7 -6 24 16 2 -3 1 18 -16 2 -11 
6 19 4 40 6 32 18 18 1 3 18 13 2 70 13 -47 
 17 17 8 10 12 7 -6 24 16 2 7 1 18 -16 2 -11 
6 19 4 40 6 32 18 18 1 3 25 13 2 70 13 -47 
 17 17 8 10 12 7 -6 24 16 2 2 1 18 -16 2 -11 
6 19 4 40 6 32 18 18 1 3 19 13 2 70 13 -47 
 17 17 8 10 12 7 -6 24 16 2 3 1 18 -16 2 -11 
6 19 4 40 6 32 18 18 1 3 28 13 2 70 13 -47 
 17 17 8 10 12 7 -6 24 16 2 -14 1 18 -16 2 -11 
6 19 4 40 6 32 18 18 1 3 21 13 2 70 13 -47 
 17 17 8 10 12 7 -6 24 16 2 -11 1 18 -16 2 -11 
6 19 4 40 6 32 18 18 1 3 5 14 2 70 13 -47 
 17 17 8 10 12 7 -6 24 16 2 -10 -9 18 -16 2 -11 
6 19 4 40 6 32 18 18 1 3 -1 14 2 70 13 -47 
 17 17 8 10 12 7 -6 24 16 2 -14 3 18 -16 1 -11 
6 19 4 40 6 32 18 18 1 3 -6 13 2 70 13 -47 
 17 17 8 10 12 7 -6 24 16 2 -11 1 18 -16 2 -11 
6 19 4 40 6 32 18 18 1 3 -4 13 2 70 13 -47 
 17 17 8 10 12 7 -6 24 16 2 -2 1 18 -16 2 -11 
6 19 4 40 6 25 18 18 1 3 -4 13 2 70 13 -47 
 17 17 8 10 12 4 -6 24 16 2 -2 1 18 -16 2 -11 
6 19 4 40 6 30 18 18 1 3 -4 13 2 70 13 -47 
 17 17 8 10 12 1 -6 24 16 2 -2 1 18 -16 2 -11 
6 19 4 40 6 36 18 18 1 3 -4 13 2 70 13 -47 
 17 17 8 10 12 2 -6 24 16 2 -2 1 18 -16 2 -11 
6 19 4 39 6 31 18 18 1 3 -4 13 2 70 13 -47 
 17 17 8 11 12 -9 -6 24 16 2 -2 1 18 -16 2 -11 
6 19 4 44 6 29 18 18 1 3 -4 13 2 70 13 -47 
 17 17 8 16 12 -19 -6 24 16 2 -2 1 18 -16 2 -11 
6 19 4 35 6 34 18 18 1 3 -4 13 2 70 13 -47 
 17 17 8 26 12 -22 -6 24 16 2 -2 1 18 -16 2 -11 
6 19 4 32 6 39 18 18 1 3 -4 13 2 70 13 -47 
 17 17 8 27 12 -15 -6 24 16 2 -2 1 18 -16 2 -11 
6 19 4 32 6 31 18 18 1 3 -4 13 2 70 13 -47 
 17 17 8 27 12 -22 -6 24 16 2 -2 1 18 -16 2 -11 
6 19 4 32 6 24 18 18 1 3 -4 13 2 70 13 -47 
 17 17 8 27 12 -22 -6 24 16 2 -2 1 18 -16 2 -11 
6 19 4 32 6 22 18 18 1 3 -4 13 2 70 13 -47 
 17 17 8 27 12 -28 -6 24 16 2 -2 1 18 -16 2 -11 
6 19 4 32 6 8 18 18 1 3 -4 13 2 70 13 -47 
 17 17 8 27 12 -31 -6 24 16 2 -2 1 18 -16 2 -11 
6 19 4 32 6 21 18 18 1 3 -4 13 2 70 13 -47 
 17 17 8 27 12 -34 -6 24 16 2 -2 1 18 -16 2 -11 
6 19 4 32 6 5 18 18 1 3 -4 13 2 70 13 -47 
 17 17 8 27 12 -34 -6 24 16 2 -2 1 18 -16 2 -11 
6 19 4 32 6 8 18 18 1 3 -4 13 2 70 13 -47 
 17 17 8 27 12 -27 -6 24 16 2 -2 1 18 -16 2 -11 
6 19 4 32 6 12 18 18 1 3 -4 13 2 70 13 -47 
 17 17 8 27 12 -28 -6 24 16 2 -2 1 18 -16 2 -11 
6 19 4 32 6 22 18 18 1 3 -4 13 2 70 13 -47 
 17 17 8 27 12 -25 -6 24 16 2 -2 1 18 -16 2 -11 
6 19 4 32 6 30 18 18 1 3 -4 13 2 70 13 -47 
 17 17 8 27 12 -26 -6 24 16 2 -2 1 18 -16 2 -11 
6 19 4 32 6 19 18 18 1 3 -4 13 2 70 13 -47 
 17 17 8 27 12 -40 -6 24 16 2 -2 1 18 -16 2 -11 
6 19 4 32 6 11 18 18 1 3 -4 13 2 70 13 -47 
 17 17 8 27 12 -33 -6 24 16 2 -2 1 18 -16 2 -11 
6 19 4 32 6 6 18 18 1 3 -4 13 2 70 13 -47 
 17 17 8 27 12 -39 -6 24 16 2 -2 1 18 -16 2 -11 
6 19 4 32 6 -3 18 18 1 3 -4 13 2 70 13 -47 
 17 17 8 27 12 -35 -6 24 16 2 -2 1 18 -16 2 -11 
6 19 4 32 6 0 18 18 1 3 -4 13 2 70 13 -47 
 17 17 8 27 12 -30 -6 24 16 2 -2 1 18 -16 2 -11 
6 19 4 32 6 0 18 18 9 3 -4 13 2 70 13 -47 
 17 17 8 27 12 -30 -6 24 4 2 -2 1 18 -16 2 -11 
6 19 4 32 6 0 18 18 17 3 -4 13 2 70 13 -47 
 17 17 8 27 12 -30 -6 24 -2 2 -2 1 18 -16 2 -11 
6 19 4 32 6 0 18 18 30 3 -4 13 2 70 13 -47 
 17 17 8 27 12 -30 -6 24 -5 2 -2 1 18 -16 2 -11 
6 19 4 32 6 0 18 18 25 3 -4 13 2 70 13 -47 
 17 17 8 27 12 -30 -6 24 -14 2 -2 1 18 -16 2 -11 
6 19 4 32 6 0 18 18 28 3 -4 13 2 70 13 -47 
 17 17 8 27 12 -30 -6 24 -16 2 -2 1 18 -16 2 -11 
6 19 4 32 6 0 18 18 26 3 -4 13 2 70 13 -47 
 17 17 8 27 12 -30 -6 24 -21 2 -2 1 18 -16 2 -11 
6 19 4 32 6 0 18 18 21 3 -4 13 2 70 13 -47 
 17 17 8 27 12 -30 -6 24 -24 2 -2 1 18 -16 2 -11 
6 19 4 32 6 0 18 18 21 3 -4 13 2 70 13 -47 
 17 17 8 27 12 -30 -6 24 -24 2 -2 1 18 -16 2 -11 
6 19 4 32 6 0 18 18 21 3 -4 13 2 70 13 -47 
 17 17 8 27 12 -30 -6 24 -24 2 -2 1 18 -16 2 -11 
6 19 4 32 6 0 18 18 21 3 -4 13 2 70 13 -47 
 17 17 8 27 12 -30 -6 24 -24 2 -2 1 18 -16 2 -11 
6 19 4 32 6 0 18 18 21 3 -4 13 2 70 13 -47 
 17 17 8 27 12 -30 -6 24 -24 2 -2 1 18 -16 2 -11 
6 19 4 32 6 0 18 18 21 3 -4 13 2 70 13 -47 
 17 17 8 27 12 -30 -6 24 -24 2 -2 1 18 -16 2 -11 
6 19 4 32 6 0 18 18 21 3 -4 13 2 70 13 -47 
 17 17 8 27 12 -30 -6 24 -24 2 -2 1 18 -16 2 -11 
6 19 4 32 6 0 18 18 21 3 -4 13 2 70 13 -47 
 17 17 8 27 12 -30 -6 24 -24 2 -2 1 18 -16 2 -11 
6 19 4 32 6 0 18 18 21 3 -4 13 2 70 13 -47 
 17 17 8 27 12 -30 -6 24 -24 2 -2 1 18 -16 2 -11 
6 19 -1 32 6 0 18 18 21 3 -4 13 2 70 13 -47 
 17 17 6 27 12 -30 -6 24 -24 2 -2 1 18 -16 2 -11 
6 19 -3 32 6 0 18 18 21 3 -4 13 2 70 13 -47 
 17 17 3 27 12 -30 -6 24 -24 2 -2 1 18 -16 2 -11 
6 19 12 32 6 0 18 18 21 3 -4 13 2 70 13 -47 
 17 17 -1 27 12 -30 -6 24 -24 2 -2 1 18 -16 2 -11 
6 19 8 32 6 0 18 18 21 3 -4 13 2 70 13 -47 
 17 17 -3 27 12 -30 -6 24 -24 2 -2 1 18 -16 2 -11 
6 19 2 32 6 0 18 18 21 3 -4 13 2 70 13 -47 
 17 17 -13 27 12 -30 -6 24 -24 2 -2 1 18 -16 2 -11 
6 19 -5 32 6 0 18 18 21 3 -4 13 2 70 13 -47 
 17 17 -11 27 12 -30 -6 24 -24 2 -2 1 18 -16 2 -11 
6 19 -9 32 6 0 18 18 21 3 -4 13 2 70 13 -47 
 17 17 -16 27 12 -30 -6 24 -24 2 -2 1 18 -16 2 -11 
6 19 -16 32 6 0 18 18 21 3 -4 13 2 70 13 -47 
 17 17 -12 27 12 -30 -6 24 -24 2 -2 1 18 -16 2 -11 
6 19 -16 32 6 0 18 18 21 3 -4 13 2 70 13 -47 
 17 17 -12 27 12 -30 -6 24 -24 2 -2 1 18 -16 2 -11 
6 19 -16 32 6 0 18 18 21 3 -4 13 2 70 13 -47 
 17 17 -12 27 12 -30 -6 24 -24 2 -2 1 18 -16 2 -11 
6 19 -16 32 6 0 18 18 21 3 -4 13 2 70 13 -47 
 17 17 -12 27 12 -30 -6 24 -24 2 -2 1 18 -16 2 -11 
6 19 -16 32 6 0 18 18 21 3 -4 13 2 70 13 -47 
 17 17 -12 27 12 -30 -6 24 -24 2 -2 1 18 -16 2 -11 
6 19 -16 32 6 0 18 18 21 3 -4 13 2 70 13 -47 
 17 17 -12 27 12 -30 -6 24 -24 2 -2 1 18 -16 2 -11 
6 19 -16 32 6 0 18 18 21 3 -4 13 2 70 13 -47 
 17 17 -12 27 12 -30 -6 24 -24 2 -2 1 18 -16 2 -11 
6 19 -16 32 6 0 18 18 21 3 -4 13 2 70 13 -47 
 17 17 -12 27 12 -30 -6 24 -24 2 -2 1 18 -16 2 -11 
6 19 -16 32 6 0 18 18 21 3 -4 13 2 70 13 -47 
 17 17 -12 27 12 -30 -6 24 -24 2 -2 1 18 -16 2 -11 
6 19 -16 32 6 0 18 18 21 3 -4 13 2 70 13 -47 
 17 17 -12 27 12 -30 -6 24 -24 2 -2 1 18 -16 2 -11 
6 19 -16 32 6 0 18 18 21 3 -4 13 2 70 13 -47 
 17 17 -12 27 12 -30 -6 24 -24 2 -2 1 18 -16 2 -11 
6 19 -16 32 6 0 18 18 21 3 -4 13 2 70 13 -47 
 17 17 -12 27 12 -30 -6 24 -24 2 -2 1 18 -16 2 -11 
6 19 -16 32 6 0 18 18 21 3 -4 13 2 70 13 -47 
 17 17 -12 27 12 -30 -6 24 -24 2 -2 1 18 -16 2 -11 
6 19 -16 32 6 0 18 18 21 3 -4 13 2 70 13 -47 
 17 17 -12 27 12 -30 -6 24 -24 2 -2 1 18 -16 2 -11 
6 19 -16 32 6 0 18 18 21 3 -4 13 2 70 13 -47 
 17 17 -12 27 12 -30 -6 24 -24 2 -2 1 18 -16 2 -11 
6 19 -16 32 6 0 18 18 21 3 -4 13 2 70 13 -47 
 17 17 -12 27 12 -30 -6 24 -24 2 -2 1 18 -16 2 -11 
6 19 -16 32 6 0 18 18 21 3 -4 13 2 70 13 -47 
 17 17 -12 27 12 -30 -6 24 -24 2 -2 1 18 -16 2 -11 
6 19 -16 32 6 0 18 18 21 3 -4 13 2 70 13 -47 
 17 17 -12 27 12 -30 -6 24 -24 2 -2 1 18 -16 2 -11 
