0 0.10197368421052631 0.8651315789473685 
100 0.19078947368421054 0.8109041167274622 
200 0.19078947368421054 0.8069848127782142 
300 0.20394736842105263 0.8074728973596783 
400 0.17434210526315788 0.807020278251739 
500 0.20065789473684212 0.8054877087929404 
600 0.19736842105263158 0.8063534460110342 
700 0.1875 0.8064184623470231 
800 0.18092105263157895 0.8065206321046061 
900 0.20065789473684212 0.8070272796308195 
1000 0.19407894736842105 0.8071566591303433 
1100 0.19407894736842105 0.8069189492805583 
1200 0.19078947368421054 0.8071672728866296 
1300 0.20394736842105263 0.8068641530806262 
1400 0.19078947368421054 0.8068766670423382 
1500 0.1875 0.8072556891896631 
1600 0.19407894736842105 0.8074373746671488 
1700 0.17763157894736842 0.8073114885980383 
1800 0.17763157894736842 0.8073968409363219 
1900 0.19407894736842105 0.8075649242780808 
2000 0.17763157894736842 0.8074153712617376 
2100 0.19078947368421054 0.8073771261805155 
2200 0.2138157894736842 0.8073483344891078 
2300 0.17105263157894737 0.8074507079301906 
2400 0.17105263157894737 0.8076020956180539 
2500 0.18092105263157895 0.80754934868158 
2600 0.18421052631578946 0.8074462757239118 
2700 0.1875 0.8077429899257584 
2800 0.18421052631578946 0.8078541028580019 
2900 0.1875 0.8079371450860865 
3000 0.18092105263157895 0.807922578438766 
3100 0.19078947368421054 0.8076681545851083 
3200 0.1875 0.8076772883473914 
3300 0.18092105263157895 0.807782530014828 
3400 0.17105263157894737 0.8078022717776505 
3500 0.20065789473684212 0.807771087959831 
3600 0.19407894736842105 0.8076685569797863 
3700 0.19078947368421054 0.8076480040956214 
3800 0.20065789473684212 0.8075324706794611 
3900 0.19078947368421054 0.8075603084229415 
4000 0.19078947368421054 0.8075423578315948 
4100 0.19407894736842105 0.8074242161732055 
4200 0.17105263157894737 0.8075826244377905 
4300 0.16776315789473684 0.8075470514812957 
4400 0.20065789473684212 0.8076222210263218 
4500 0.19407894736842105 0.8076560471941908 
4600 0.20394736842105263 0.8077191457234697 
4700 0.19078947368421054 0.8075759356911744 
4800 0.16447368421052633 0.8075469474561221 
4900 0.17763157894736842 0.8075815623020006 
5000 0.20394736842105263 0.807651627569223 
5100 0.1875 0.8076299538790124 
5200 0.1875 0.807616070796102 
5300 0.1875 0.8076436670340253 
5400 0.19736842105263158 0.8076623237412175 
5500 0.1875 0.8075774500330084 
5600 0.18421052631578946 0.8075707815333728 
5700 0.17434210526315788 0.8076197389193032 
5800 0.1875 0.8076108701766483 
5900 0.20065789473684212 0.8075749872902898 
6000 0.20723684210526316 0.8075775747901666 
6100 0.1875 0.8076188976785514 
6200 0.1513157894736842 0.807581438477665 
6300 0.17763157894736842 0.8076495794318362 
6400 0.17763157894736842 0.8076343951191837 
6500 0.19078947368421054 0.8077234069252504 
6600 0.20394736842105263 0.8077499222605825 
6700 0.19078947368421054 0.8077349020963093 
6800 0.18092105263157895 0.8077643380617402 
6900 0.19078947368421054 0.8077095043433827 
7000 0.20065789473684212 0.8076994639863478 
7100 0.20723684210526316 0.8077661411661812 
7200 0.20065789473684212 0.8077482842295295 
7300 0.16776315789473684 0.8077318175592385 
7400 0.19407894736842105 0.8077046842887519 
7500 0.1875 0.8077287063479255 
7600 0.20065789473684212 0.8076902104293756 
7700 0.19736842105263158 0.8077065350364614 
7800 0.1875 0.8076769003973849 
7900 0.20394736842105263 0.8077129643815906 
8000 0.20723684210526316 0.8076786454324788 
8100 0.19736842105263158 0.8076179678922031 
8200 0.19078947368421054 0.8075856442410746 
8300 0.17763157894736842 0.8076440536650625 
8400 0.17763157894736842 0.8076536941090973 
8500 0.17763157894736842 0.8076716206762052 
8600 0.19736842105263158 0.8075942821826103 
8700 0.19407894736842105 0.8076109672814377 
8800 0.16447368421052633 0.8076358697277223 
8900 0.17105263157894737 0.8076287998391665 
9000 0.17105263157894737 0.8076452762558546 
9100 0.20723684210526316 0.8076548846569781 
9200 0.19736842105263158 0.8076717919676923 
9300 0.1875 0.8076826770183172 
9400 0.19736842105263158 0.8076296474619161 
9500 0.19078947368421054 0.8076158188334746 
9600 0.16776315789473684 0.8076043339783685 
9700 0.18092105263157895 0.8076137701484926 
9800 0.20723684210526316 0.8076011980517562 
9900 0.20394736842105263 0.8076294127653241 
10000 0.20394736842105263 0.8076471958067352 
10100 0.19407894736842105 0.8076219655167024 
10200 0.20723684210526316 0.8075817515310676 
10300 0.19078947368421054 0.8075838319222968 
10400 0.17763157894736842 0.8075899837566226 
10500 0.16447368421052633 0.8076370546163524 
10600 0.19407894736842105 0.8075979053614605 
10700 0.18421052631578946 0.8076304969038801 
10800 0.19407894736842105 0.8076125383127293 
10900 0.20394736842105263 0.8075927968945389 
11000 0.20065789473684212 0.8076140805381329 
11100 0.2236842105263158 0.8076068301101371 
11200 0.19078947368421054 0.8076223222550618 
11300 0.19407894736842105 0.8075461417014796 
11400 0.19736842105263158 0.8075812255619313 
11500 0.18421052631578946 0.8076165573702974 
11600 0.19078947368421054 0.8076050612696728 
11700 0.19078947368421054 0.8076187820204301 
11800 0.20394736842105263 0.8076659984211865 
11900 0.18421052631578946 0.8076607339498229 
12000 0.19078947368421054 0.807706265705928 
12100 0.19407894736842105 0.8077124443825869 
12200 0.16776315789473684 0.8077026149711628 
12300 0.21052631578947367 0.8077194194738125 
12400 0.19078947368421054 0.80767122982442 
12500 0.18092105263157895 0.8076153907687385 
12600 0.19407894736842105 0.8075891533253418 
12700 0.20394736842105263 0.8075923362851661 
12800 0.17763157894736842 0.8075923858744588 
12900 0.17763157894736842 0.8076097732121948 
13000 0.19407894736842105 0.8076124711054615 
13100 0.17105263157894737 0.8076131191271056 
13200 0.19407894736842105 0.807597311208481 
13300 0.20065789473684212 0.8075743216774363 
13400 0.19078947368421054 0.8075720488258928 
13500 0.21710526315789475 0.80756542400368 
13600 0.18092105263157895 0.8075830821263142 
13700 0.20394736842105263 0.8075918392433898 
13800 0.21052631578947367 0.8076355069617381 
13900 0.20394736842105263 0.8076525164793142 
14000 0.2138157894736842 0.8076784459004808 
14100 0.20065789473684212 0.8076631836487894 
14200 0.19407894736842105 0.807682881857838 
14300 0.20065789473684212 0.8077078249956757 
14400 0.1875 0.807670748376392 
14500 0.18092105263157895 0.8076462058877972 
14600 0.19407894736842105 0.8076296594681691 
14700 0.17434210526315788 0.8076254211134939 
14800 0.19078947368421054 0.807627685184856 
14900 0.19736842105263158 0.807628594336657 
15000 0.17763157894736842 0.807608001571825 
15100 0.17434210526315788 0.8075983552849411 
15200 0.17434210526315788 0.8075897015085572 
15300 0.2138157894736842 0.8075914800890207 
15400 0.20723684210526316 0.8075556440285833 
15500 0.17763157894736842 0.8075523141121626 
15600 0.17763157894736842 0.8075825520631269 
15700 0.18421052631578946 0.8075985773618174 
15800 0.19078947368421054 0.8076069052924698 
15900 0.2236842105263158 0.807583890784757 
16000 0.19407894736842105 0.8075741154335748 
16100 0.19078947368421054 0.8075830530303774 
16200 0.17105263157894737 0.807637361566375 
16300 0.18421052631578946 0.8076306668302559 
16400 0.17434210526315788 0.8076645679499646 
16500 0.16776315789473684 0.8076470245822422 
16600 0.19078947368421054 0.8076439593049246 
16700 0.19407894736842105 0.8076170982512866 
16800 0.18421052631578946 0.8076310855556843 
16900 0.17434210526315788 0.8076437395482672 
17000 0.19407894736842105 0.8076612753429365 
17100 0.20065789473684212 0.8076366725245369 
17200 0.1611842105263158 0.8076521331379143 
17300 0.20065789473684212 0.8076596196143211 
17400 0.2138157894736842 0.8076753377755059 
17500 0.19078947368421054 0.8076812903924288 
17600 0.19736842105263158 0.8076724109575114 
17700 0.18092105263157895 0.8076783128517866 
17800 0.20065789473684212 0.807667332408883 
17900 0.19078947368421054 0.8076669489208189 
18000 0.19736842105263158 0.8076588946812896 
18100 0.1611842105263158 0.8076540188241998 
18200 0.19407894736842105 0.8076587752552636 
18300 0.19736842105263158 0.8076724668482309 
18400 0.19736842105263158 0.8076910150764117 
18500 0.16447368421052633 0.8076757586360908 
18600 0.15789473684210525 0.8076774664067297 
18700 0.19736842105263158 0.8076642045598462 
18800 0.20394736842105263 0.8076365618850061 
18900 0.19078947368421054 0.8076391460769271 
19000 0.19407894736842105 0.8076257759286908 
19100 0.20394736842105263 0.8076306283220223 
19200 0.19407894736842105 0.807592086760832 
19300 0.19407894736842105 0.8075778048042234 
19400 0.2236842105263158 0.8075909679099558 
19500 0.17105263157894737 0.8076039960163987 
19600 0.18092105263157895 0.807615380794213 
19700 0.2138157894736842 0.8076132924056754 
19800 0.18421052631578946 0.8076265087621838 
19900 0.17434210526315788 0.8076281871580111 
20000 0.20065789473684212 0.8076079748644147 
20100 0.1875 0.8076192203058764 
20200 0.17105263157894737 0.8076202585072652 
20300 0.20394736842105263 0.8076169115340442 
20400 0.19736842105263158 0.8076006981081939 
20500 0.2138157894736842 0.807602292827821 
20600 0.1875 0.8076041914163594 
20700 0.2138157894736842 0.8076070250865074 
20800 0.20723684210526316 0.8076098315111369 
20900 0.20065789473684212 0.8075913643013807 
21000 0.1875 0.8075976645222408 
21100 0.16447368421052633 0.8075979811383347 
21200 0.1875 0.8076224991869798 
21300 0.1875 0.8076399921921136 
21400 0.18092105263157895 0.8076185876705221 
21500 0.19078947368421054 0.8076109985092492 
21600 0.19078947368421054 0.8076161191367845 
21700 0.16447368421052633 0.8076092176203377 
21800 0.17763157894736842 0.8076079622132254 
21900 0.21052631578947367 0.8076097222188845 
22000 0.17763157894736842 0.8076044390326755 
22100 0.20723684210526316 0.8076091758172409 
22200 0.20394736842105263 0.8075903112472411 
22300 0.18092105263157895 0.8075940363778825 
22400 0.1875 0.8075795194763392 
22500 0.21052631578947367 0.8075578219915373 
22600 0.20065789473684212 0.8075549463344659 
22700 0.20065789473684212 0.8075723826216791 
22800 0.17763157894736842 0.8075727865121336 
22900 0.18421052631578946 0.8075747669028472 
23000 0.20723684210526316 0.8075740128003588 
23100 0.19078947368421054 0.8075722684595563 
23200 0.18092105263157895 0.8075698302477887 
23300 0.2138157894736842 0.8075743304443677 
23400 0.18421052631578946 0.807554192465909 
23500 0.19078947368421054 0.807580556482479 
23600 0.2138157894736842 0.8075791001273362 
23700 0.16447368421052633 0.8075733535560348 
23800 0.17105263157894737 0.8075691755543222 
23900 0.19407894736842105 0.807557738169951 
24000 0.1875 0.8075643503889093 
24100 0.19078947368421054 0.8075662671782564 
24200 0.20723684210526316 0.8075668088965441 
24300 0.2138157894736842 0.8075538097847392 
24400 0.20723684210526316 0.8075630258897931 
24500 0.1875 0.8075348428313345 
24600 0.22039473684210525 0.8075213298988702 
24700 0.19407894736842105 0.8075003355926352 
24800 0.20394736842105263 0.8075073638796398 
24900 0.19407894736842105 0.8074972945495742 
25000 0.1875 0.8074949370446235 
25100 0.19407894736842105 0.8075054411755456 
25200 0.20065789473684212 0.8075131208243616 
25300 0.20723684210526316 0.8075087785171795 
25400 0.19078947368421054 0.8075048589052648 
25500 0.17763157894736842 0.8074870386919811 
25600 0.21052631578947367 0.8074938992925852 
25700 0.17763157894736842 0.8074873955344765 
25800 0.18421052631578946 0.80749534901748 
25900 0.19736842105263158 0.8074933349454095 
26000 0.18092105263157895 0.8075065179679324 
26100 0.1875 0.8074851941546906 
26200 0.18421052631578946 0.8074851251157549 
26300 0.22039473684210525 0.8074759264706766 
26400 0.20394736842105263 0.8074593217162827 
26500 0.19078947368421054 0.8074411045064833 
26600 0.19078947368421054 0.8074420678684419 
26700 0.18092105263157895 0.8074442559809508 
26800 0.18421052631578946 0.8074359951219416 
26900 0.19407894736842105 0.8074451595421027 
27000 0.17763157894736842 0.8074431697461497 
27100 0.19407894736842105 0.8074494483598391 
27200 0.19736842105263158 0.8074484248837601 
27300 0.18092105263157895 0.8074364443947494 
27400 0.1875 0.8074282728828568 
27500 0.17434210526315788 0.8074241080228661 
27600 0.19736842105263158 0.8074086512883781 
27700 0.17763157894736842 0.8074269121958356 
27800 0.19736842105263158 0.8074146329458046 
27900 0.19078947368421054 0.8074042101867693 
28000 0.2138157894736842 0.8074117183784789 
28100 0.20723684210526316 0.8074125007725891 
28200 0.1875 0.8074139774812017 
28300 0.20723684210526316 0.8074190469371549 
28400 0.20065789473684212 0.8074195636180342 
28500 0.18092105263157895 0.8074216924983242 
28600 0.19078947368421054 0.8074230014040731 
28700 0.17434210526315788 0.8074126107837798 
28800 0.1875 0.8074364422653453 
28900 0.19407894736842105 0.8074453124004086 
29000 0.17763157894736842 0.8074335912191776 
29100 0.20065789473684212 0.8074339324566527 
29200 0.17434210526315788 0.8074353978504701 
29300 0.19078947368421054 0.8074430278111578 
29400 0.20394736842105263 0.8074619060576171 
29500 0.16447368421052633 0.8074657148107379 
29600 0.19407894736842105 0.8074542734153718 
29700 0.20065789473684212 0.8074739198928266 
29800 0.19078947368421054 0.8074726828312013 
29900 0.19407894736842105 0.807467823642582 
30000 0.21052631578947367 0.8074620100382619 
30100 0.20065789473684212 0.8074579835606092 
30200 0.17105263157894737 0.807457795925196 
30300 0.19736842105263158 0.8074576095282594 
30400 0.20723684210526316 0.807446171265142 
30500 0.19407894736842105 0.8074414945843018 
30600 0.18421052631578946 0.8074402883290708 
30700 0.19407894736842105 0.8074304111472453 
30800 0.22039473684210525 0.8074273263513317 
30900 0.20394736842105263 0.8074326712301936 
31000 0.20394736842105263 0.8074386182788671 
31100 0.1875 0.8074549980623402 
31200 0.19078947368421054 0.8074584105772589 
31300 0.18092105263157895 0.8074562314303058 
31400 0.17763157894736842 0.80746653224252 
31500 0.19736842105263158 0.8074655942417868 
31600 0.1875 0.8074440515706531 
31700 0.1875 0.8074399736684381 
31800 0.19407894736842105 0.8074366454878116 
31900 0.21052631578947367 0.8074223048609267 
32000 0.17105263157894737 0.8074243979217754 
32100 0.20394736842105263 0.8074166405703053 
32200 0.19736842105263158 0.8074276256539924 
32300 0.17434210526315788 0.8074218412661169 
32400 0.17763157894736842 0.8074206611556823 
32500 0.20065789473684212 0.8074224234396027 
32600 0.19736842105263158 0.8074285136555385 
32700 0.20723684210526316 0.8074333595141948 
32800 0.2138157894736842 0.8074363706818951 
32900 0.20065789473684212 0.8074365640781995 
33000 0.18092105263157895 0.8074313736904304 
33100 0.19736842105263158 0.8074468850519702 
33200 0.19078947368421054 0.8074423883871602 
33300 0.19407894736842105 0.8074551064532597 
33400 0.18092105263157895 0.8074474606023456 
33500 0.19407894736842105 0.8074598912208434 
33600 0.19736842105263158 0.8074646117988343 
33700 0.19078947368421054 0.8074599340328805 
33800 0.18092105263157895 0.8074452601059763 
33900 0.18092105263157895 0.8074534752118786 
34000 0.20065789473684212 0.8074691882127306 
34100 0.18092105263157895 0.8074611757025184 
34200 0.17434210526315788 0.8074584999823028 
34300 0.20394736842105263 0.8074609225755272 
34400 0.1875 0.8074657216206995 
34500 0.20065789473684212 0.8074830782936879 
34600 0.19736842105263158 0.8074849335051162 
34700 0.20394736842105263 0.8074879155613596 
34800 0.19078947368421054 0.8074888955096572 
34900 0.17105263157894737 0.8075025938029222 
35000 0.20065789473684212 0.8075069095770196 
35100 0.20394736842105263 0.807514668198087 
35200 0.17434210526315788 0.8075221958407283 
35300 0.20723684210526316 0.8075206420274362 
35400 0.20065789473684212 0.8075353580556006 
35500 0.17763157894736842 0.8075372969478992 
35600 0.19078947368421054 0.8075370997857837 
35700 0.19736842105263158 0.8075261234021162 
35800 0.18092105263157895 0.8075318390106716 
35900 0.20065789473684212 0.8075213965598378 
36000 0.20723684210526316 0.8075107380058156 
36100 0.19407894736842105 0.8074919378235622 
36200 0.1875 0.8074893249532217 
36300 0.20723684210526316 0.807496694305942 
36400 0.14473684210526316 0.807495076769146 
36500 0.19736842105263158 0.8074916656933696 
36600 0.17763157894736842 0.8074770390225173 
36700 0.17105263157894737 0.807476832697804 
36800 0.21710526315789475 0.8074706386697158 
36900 0.1875 0.8074678656547605 
37000 0.19078947368421054 0.8074698194501144 
37100 0.20065789473684212 0.807472294689177 
37200 0.18092105263157895 0.8074640572763324 
37300 0.20065789473684212 0.8074649473204472 
37400 0.20394736842105263 0.8074678554893692 
37500 0.19407894736842105 0.8074841688432168 
37600 0.19407894736842105 0.8074870979075305 
37700 0.19407894736842105 0.8074843400775353 
37800 0.19407894736842105 0.8074842944839944 
37900 0.17434210526315788 0.8074767850869092 
38000 0.19736842105263158 0.8074776252425491 
38100 0.18092105263157895 0.8074699137610699 
38200 0.19407894736842105 0.8074705952861526 
38300 0.20723684210526316 0.8074707579436569 
38400 0.17434210526315788 0.8074746888444517 
38500 0.17763157894736842 0.8074787702028245 
38600 0.17763157894736842 0.8074756721601158 
38700 0.17434210526315788 0.807488059604063 
38800 0.2138157894736842 0.8074796973490916 
38900 0.17763157894736842 0.8074649515166029 
39000 0.19078947368421054 0.8074536550344863 
39100 0.2236842105263158 0.8074481370108989 
39200 0.19078947368421054 0.8074455840949277 
39300 0.21052631578947367 0.8074407842843158 
39400 0.19736842105263158 0.8074493667673409 
39500 0.19407894736842105 0.8074585720015083 
39600 0.19736842105263158 0.8074487087646643 
39700 0.18092105263157895 0.807452649343315 
39800 0.21710526315789475 0.8074400405173634 
39900 0.18421052631578946 0.8074364809482416 
40000 0.1611842105263158 0.8074454388640284 
40100 0.19736842105263158 0.8074468053690746 
40200 0.19407894736842105 0.8074372822618971 
40300 0.19736842105263158 0.8074398865641312 
40400 0.21052631578947367 0.8074341730728395 
40500 0.19407894736842105 0.8074320614565722 
40600 0.2138157894736842 0.8074282588321003 
40700 0.20394736842105263 0.8074363555014166 
40800 0.21052631578947367 0.8074458636849716 
40900 0.20065789473684212 0.8074372296906909 
41000 0.20065789473684212 0.8074440418012911 
41100 0.18421052631578946 0.8074480996108431 
41200 0.19407894736842105 0.8074523772417379 
41300 0.19078947368421054 0.8074457226089848 
41400 0.19736842105263158 0.8074442646312892 
41500 0.1875 0.8074529592818943 
41600 0.17763157894736842 0.8074667518113811 
41700 0.17763157894736842 0.807466752658967 
41800 0.20065789473684212 0.8074673043581179 
41900 0.19078947368421054 0.8074760965383316 
42000 0.21052631578947367 0.8074691830645636 
42100 0.1875 0.807464724553361 
42200 0.19078947368421054 0.8074712778070862 
42300 0.18092105263157895 0.8074724343956035 
42400 0.19736842105263158 0.8074712581257394 
42500 0.20065789473684212 0.8074746538471541 
42600 0.17763157894736842 0.807478188058348 
42700 0.18421052631578946 0.8074685327226405 
42800 0.18092105263157895 0.8074674534166073 
42900 0.20723684210526316 0.807452117420892 
43000 0.19078947368421054 0.8074471799309441 
43100 0.18092105263157895 0.8074497447244477 
43200 0.17763157894736842 0.8074496326230265 
43300 0.20065789473684212 0.807434707354516 
43400 0.19407894736842105 0.8074358430984491 
43500 0.2138157894736842 0.8074366711473058 
43600 0.20065789473684212 0.8074371181732916 
43700 0.17763157894736842 0.8074426816681299 
43800 0.20723684210526316 0.8074454410437637 
43900 0.20394736842105263 0.8074373980211457 
44000 0.17105263157894737 0.8074290925206246 
44100 0.19736842105263158 0.8074233607305719 
44200 0.20065789473684212 0.8074152734101039 
44300 0.19407894736842105 0.8074039554768278 
44400 0.20065789473684212 0.8074084687518892 
44500 0.20723684210526316 0.8074038696942352 
44600 0.1875 0.8074126406181594 
44700 0.20394736842105263 0.807414896522979 
44800 0.17105263157894737 0.8074155270265349 
44900 0.19407894736842105 0.8074159349399087 
45000 0.19736842105263158 0.8074203614188691 
45100 0.18421052631578946 0.8074205379971736 
45200 0.19078947368421054 0.8074210776659575 
45300 0.1875 0.8074224863166725 
45400 0.17434210526315788 0.8074233815856131 
45500 0.19407894736842105 0.8074232607958877 
45600 0.20723684210526316 0.8074240783039153 
45700 0.19078947368421054 0.8074240284964397 
45800 0.17105263157894737 0.8074285754505475 
45900 0.1875 0.8074210629512716 
46000 0.19736842105263158 0.8074308882301185 
46100 0.17434210526315788 0.8074267569261542 
46200 0.22039473684210525 0.8074149539939327 
46300 0.16447368421052633 0.8074272153949159 
46400 0.2138157894736842 0.8074363755772052 
46500 0.18092105263157895 0.8074401908730882 
46600 0.21052631578947367 0.8074396133356072 
46700 0.19078947368421054 0.8074377704072605 
46800 0.1875 0.8074500629203829 
46900 0.21710526315789475 0.8074463118842713 
47000 0.17434210526315788 0.8074555244625254 
47100 0.18092105263157895 0.807461275824963 
47200 0.19078947368421054 0.8074514617776831 
47300 0.2138157894736842 0.8074480176784957 
47400 0.20065789473684212 0.80744535147493 
47500 0.20065789473684212 0.807451768328423 
47600 0.19407894736842105 0.8074544265434495 
47700 0.1875 0.8074505223878127 
47800 0.21052631578947367 0.8074485614152533 
47900 0.19078947368421054 0.8074388486560549 
48000 0.20065789473684212 0.8074435675133961 
48100 0.18421052631578946 0.8074389661447021 
48200 0.19407894736842105 0.8074459855058697 
48300 0.1875 0.8074374481731336 
48400 0.18421052631578946 0.8074328200048063 
48500 0.21710526315789475 0.807423938084836 
48600 0.20065789473684212 0.8074245683703715 
48700 0.1875 0.8074344496330454 
48800 0.19078947368421054 0.8074359994780089 
48900 0.19736842105263158 0.8074378120563673 
49000 0.19407894736842105 0.8074322328545389 
49100 0.19078947368421054 0.8074303610495659 
49200 0.17763157894736842 0.8074269591225681 
49300 0.17105263157894737 0.8074250388857277 
49400 0.19407894736842105 0.8074271882414483 
49500 0.1875 0.8074252753001269 
49600 0.21052631578947367 0.8074267523256641 
49700 0.19078947368421054 0.8074278924812484 
49800 0.20723684210526316 0.8074337177756946 
49900 0.19736842105263158 0.8074317411632927 
50000 0.21710526315789475 0.8074355618150795 
50100 0.19407894736842105 0.8074364783138062 
50200 0.19407894736842105 0.8074411261465749 
50300 0.19078947368421054 0.8074469326235013 
50400 0.17105263157894737 0.8074643334144372 
50500 0.19078947368421054 0.8074543729722913 
50600 0.20065789473684212 0.8074480923509937 
50700 0.19078947368421054 0.8074406686673885 
50800 0.19407894736842105 0.807441497732639 
50900 0.16776315789473684 0.8074406432920871 
51000 0.15789473684210525 0.8074446940668862 
51100 0.19078947368421054 0.8074382363513332 
51200 0.19078947368421054 0.8074391921827184 
51300 0.19736842105263158 0.8074393107141647 
51400 0.19736842105263158 0.80743789287327 
51500 0.2138157894736842 0.807430221078998 
51600 0.1875 0.8074250652017148 
51700 0.19078947368421054 0.8074220925178074 
51800 0.22039473684210525 0.8074129716048969 
51900 0.20394736842105263 0.8074118083111673 
52000 0.19078947368421054 0.8074128635178068 
52100 0.19407894736842105 0.8074124625348135 
52200 0.21052631578947367 0.8074164111596975 
52300 0.21052631578947367 0.8074306594721445 
52400 0.17105263157894737 0.8074367554255192 
52500 0.20065789473684212 0.8074430787784493 
52600 0.19078947368421054 0.8074423740193052 
52700 0.20065789473684212 0.8074352429145957 
52800 0.2138157894736842 0.8074309422967467 
52900 0.16447368421052633 0.807443757903293 
53000 0.17105263157894737 0.8074524909659103 
53100 0.17434210526315788 0.8074623061910817 
53200 0.19736842105263158 0.8074696112756092 
53300 0.17434210526315788 0.8074646693702794 
53400 0.19736842105263158 0.807459807573089 
53500 0.17763157894736842 0.8074573618397689 
53600 0.18421052631578946 0.8074577482352548 
53700 0.18092105263157895 0.8074591132773181 
53800 0.19078947368421054 0.8074637748858121 
53900 0.20394736842105263 0.8074603634929144 
54000 0.20394736842105263 0.8074605587225967 
54100 0.20065789473684212 0.8074535785407216 
54200 0.20723684210526316 0.8074560917986559 
54300 0.20723684210526316 0.8074490849737186 
54400 0.19407894736842105 0.8074378712078628 
54500 0.19078947368421054 0.807443296549846 
54600 0.18421052631578946 0.807441171310724 
54700 0.18092105263157895 0.8074418200764154 
54800 0.17763157894736842 0.807434423017636 
54900 0.19407894736842105 0.8074313668910259 
55000 0.18421052631578946 0.807431730906328 
55100 0.18092105263157895 0.8074281534674602 
55200 0.17763157894736842 0.8074329317069961 
55300 0.16776315789473684 0.8074276995086221 
55400 0.19736842105263158 0.8074277112611495 
55500 0.18092105263157895 0.80742594490948 
55600 0.1875 0.8074239482629525 
55700 0.18421052631578946 0.8074197737166204 
55800 0.19407894736842105 0.8074232186934963 
55900 0.18421052631578946 0.8074219437746618 
56000 0.20394736842105263 0.807424961396366 
56100 0.20723684210526316 0.8074238638207969 
56200 0.1875 0.8074207215829649 
56300 0.2138157894736842 0.8074225567649074 
56400 0.17434210526315788 0.8074197779248035 
56500 0.19736842105263158 0.8074264987391933 
56600 0.17105263157894737 0.8074280815198541 
56700 0.17105263157894737 0.8074305289333985 
56800 0.19078947368421054 0.8074284505739799 
56900 0.19078947368421054 0.8074319871355512 
57000 0.20065789473684212 0.8074396663401103 
57100 0.19078947368421054 0.8074405209052473 
57200 0.19078947368421054 0.8074390721914136 
57300 0.19078947368421054 0.8074332082015653 
57400 0.2236842105263158 0.8074354449170609 
57500 0.17434210526315788 0.807439332862861 
57600 0.20065789473684212 0.8074341271487429 
57700 0.18092105263157895 0.8074372627857402 
57800 0.16776315789473684 0.8074313957416508 
57900 0.19078947368421054 0.8074298666780594 
58000 0.20394736842105263 0.8074306681645235 
58100 0.1875 0.8074357697439758 
58200 0.19736842105263158 0.8074317542020891 
58300 0.19736842105263158 0.8074403910197442 
58400 0.17105263157894737 0.807440887367646 
58500 0.20723684210526316 0.8074326664681395 
58600 0.19736842105263158 0.8074217230889719 
58700 0.19078947368421054 0.8074155802062011 
58800 0.19407894736842105 0.8074168426244094 
58900 0.18092105263157895 0.807417263043519 
59000 0.19078947368421054 0.8074144483724183 
59100 0.18092105263157895 0.8074136469326817 
59200 0.1875 0.8074107367496459 
59300 0.1875 0.8074126068700359 
59400 0.19078947368421054 0.8074084899332724 
59500 0.18421052631578946 0.8074157201250045 
59600 0.18421052631578946 0.8074117221629097 
59700 0.17763157894736842 0.8074117598312291 
59800 0.18421052631578946 0.8074095970935181 
59900 0.19078947368421054 0.8074044212424184 
60000 0.20394736842105263 0.8074027713573195 
60100 0.18421052631578946 0.807405396092017 
60200 0.21052631578947367 0.8074039686348976 
60300 0.21052631578947367 0.8074036914810699 
60400 0.2138157894736842 0.8074050490624501 
60500 0.2138157894736842 0.8074046622978829 
60600 0.20723684210526316 0.8074059595160407 
60700 0.16776315789473684 0.8074060060573007 
60800 0.17763157894736842 0.8074058901385798 
60900 0.16776315789473684 0.8074071249370203 
61000 0.18092105263157895 0.807416606198863 
61100 0.19078947368421054 0.8074203497401627 
61200 0.17434210526315788 0.8074261772468458 
61300 0.19078947368421054 0.8074277465208346 
61400 0.1875 0.8074286142262384 
61500 0.17105263157894737 0.8074279280011707 
61600 0.17763157894736842 0.8074317829768656 
61700 0.18092105263157895 0.8074309339010969 
61800 0.21052631578947367 0.8074349312181118 
61900 0.17763157894736842 0.8074330701230062 
62000 0.20065789473684212 0.8074325944657939 
62100 0.19407894736842105 0.8074332327049568 
62200 0.17105263157894737 0.8074384698502901 
62300 0.17105263157894737 0.8074461189691134 
62400 0.1875 0.8074389833496258 
62500 0.18092105263157895 0.8074429230184949 
62600 0.20065789473684212 0.8074466924607728 
62700 0.1611842105263158 0.8074445740393631 
62800 0.20065789473684212 0.8074417814332491 
62900 0.20394736842105263 0.8074354938713216 
63000 0.19078947368421054 0.807435857325573 
63100 0.17763157894736842 0.8074385133607859 
63200 0.19736842105263158 0.8074431908555744 
63300 0.20394736842105263 0.8074463465697308 
63400 0.18092105263157895 0.807449336678236 
63500 0.21710526315789475 0.8074491056502219 
63600 0.1875 0.807452754384034 
63700 0.17763157894736842 0.8074605228043186 
63800 0.20394736842105263 0.8074626985717928 
63900 0.21052631578947367 0.807463940931655 
64000 0.16776315789473684 0.8074782343039048 
64100 0.19078947368421054 0.8074794485511763 
64200 0.19407894736842105 0.8074851166443546 
64300 0.19736842105263158 0.8074879534491974 
64400 0.20723684210526316 0.807489657728427 
64500 0.1611842105263158 0.8074966095996879 
64600 0.19407894736842105 0.8074970731266177 
64700 0.17763157894736842 0.8074996705493042 
64800 0.19407894736842105 0.8075053057173419 
64900 0.20723684210526316 0.8075075783440203 
65000 0.18092105263157895 0.8075100464041444 
65100 0.20065789473684212 0.8075145785617328 
65200 0.18092105263157895 0.8075155147765735 
65300 0.20394736842105263 0.8075086401513961 
65400 0.1875 0.8075068665455784 
65500 0.17763157894736842 0.8075075591453404 
65600 0.18421052631578946 0.8075160720431893 
65700 0.17105263157894737 0.8075199528325693 
65800 0.20394736842105263 0.8075233219140007 
65900 0.1875 0.8075208905862782 
66000 0.22039473684210525 0.8075249457942822 
66100 0.21052631578947367 0.807525803813781 
66200 0.20394736842105263 0.807522733795562 
66300 0.1875 0.8075255275184386 
66400 0.17763157894736842 0.8075298980912621 
66500 0.19407894736842105 0.8075320790585658 
66600 0.17434210526315788 0.8075275857245703 
66700 0.17763157894736842 0.8075287279682543 
66800 0.18421052631578946 0.8075305561924302 
66900 0.19078947368421054 0.8075317889198415 
67000 0.17763157894736842 0.8075344908442058 
67100 0.17105263157894737 0.8075421360102093 
67200 0.18092105263157895 0.8075378146785096 
67300 0.19407894736842105 0.8075294982713168 
67400 0.17763157894736842 0.8075345789809459 
67500 0.19407894736842105 0.8075316525525158 
67600 0.22039473684210525 0.8075296106644327 
67700 0.18421052631578946 0.8075197520988184 
67800 0.1875 0.807519237800405 
67900 0.17434210526315788 0.807523472640896 
68000 0.17763157894736842 0.8075239702357319 
68100 0.19407894736842105 0.8075201674138799 
68200 0.18421052631578946 0.8075202825394596 
68300 0.20065789473684212 0.8075229017221756 
68400 0.17105263157894737 0.8075250804274176 
68500 0.19407894736842105 0.807522546731934 
68600 0.18421052631578946 0.8075169036204014 
68700 0.20394736842105263 0.8075172620639093 
68800 0.20723684210526316 0.8075146073458235 
68900 0.19078947368421054 0.8075119125915978 
69000 0.1875 0.8075120860185856 
69100 0.20394736842105263 0.8075120209243678 
69200 0.19736842105263158 0.8075130017896 
69300 0.19078947368421054 0.8075094705096532 
69400 0.17763157894736842 0.8075064233868919 
69500 0.19407894736842105 0.8075072660825025 
69600 0.18421052631578946 0.8075040890973284 
69700 0.17763157894736842 0.8075061125755955 
69800 0.18421052631578946 0.8075148222126209 
69900 0.20065789473684212 0.8075063303815396 
70000 0.19078947368421054 0.807495325254752 
70100 0.19736842105263158 0.8074973966134578 
70200 0.19407894736842105 0.8075028358420445 
70300 0.19407894736842105 0.8075054521197946 
70400 0.19078947368421054 0.8075028745106043 
70500 0.19736842105263158 0.8075014240186216 
70600 0.19736842105263158 0.8075056619147336 
70700 0.20065789473684212 0.8075022574682559 
70800 0.19736842105263158 0.8075046702432838 
70900 0.20065789473684212 0.807508932024565 
71000 0.17763157894736842 0.8075014603204255 
71100 0.1875 0.8074981272008166 
71200 0.20065789473684212 0.8074972982342796 
71300 0.20394736842105263 0.8074976249687205 
71400 0.18092105263157895 0.8075002543086894 
71500 0.18092105263157895 0.8075034743717239 
71600 0.17763157894736842 0.8075014940250026 
71700 0.21052631578947367 0.80750176720724 
71800 0.18421052631578946 0.8074998863818785 
71900 0.20065789473684212 0.8075074352966323 
72000 0.21710526315789475 0.8075063741804756 
72100 0.18421052631578946 0.8075080077727224 
72200 0.18421052631578946 0.8075078144419927 
72300 0.20065789473684212 0.8075019345295508 
72400 0.20065789473684212 0.8075030677098819 
72500 0.17763157894736842 0.8075044699927914 
72600 0.20394736842105263 0.8075036482751071 
72700 0.20065789473684212 0.8075057246009069 
72800 0.18421052631578946 0.807501017553981 
72900 0.20394736842105263 0.8075058442632005 
73000 0.16447368421052633 0.8075068726527899 
73100 0.18421052631578946 0.8074993934131508 
73200 0.21052631578947367 0.8075047867479521 
73300 0.2236842105263158 0.8075022222716858 
73400 0.19736842105263158 0.8074985444053179 
73500 0.19407894736842105 0.8075009631089874 
73600 0.20723684210526316 0.8074953304410195 
73700 0.19736842105263158 0.8074952921441472 
73800 0.19407894736842105 0.8074984185779824 
73900 0.18421052631578946 0.8074979755989343 
74000 0.19078947368421054 0.8074952223262986 
74100 0.20723684210526316 0.807496516134806 
74200 0.20065789473684212 0.8074982941072577 
74300 0.18421052631578946 0.8075017496399779 
74400 0.19078947368421054 0.8075070086069868 
74500 0.20723684210526316 0.8075085887225816 
74600 0.19078947368421054 0.80751135514622 
74700 0.18092105263157895 0.8075101069597462 
74800 0.21052631578947367 0.8075082024656298 
74900 0.21710526315789475 0.8075148669928516 
75000 0.19407894736842105 0.8075216891844951 
75100 0.19736842105263158 0.8075201272812262 
75200 0.20394736842105263 0.8075224626072302 
75300 0.19078947368421054 0.8075180643438719 
75400 0.20723684210526316 0.8075180403861738 
75500 0.21052631578947367 0.8075146181402965 
75600 0.17763157894736842 0.8075154255130292 
75700 0.1875 0.807515926578179 
75800 0.17763157894736842 0.8075189432995954 
75900 0.17763157894736842 0.8075217353769002 
76000 0.17763157894736842 0.8075229186735078 
76100 0.1875 0.8075214189038252 
76200 0.20065789473684212 0.807517332967726 
76300 0.18092105263157895 0.8075154995554311 
76400 0.20723684210526316 0.8075103987341031 
76500 0.19078947368421054 0.8075145130541809 
76600 0.18421052631578946 0.807513592305721 
76700 0.19407894736842105 0.8075173915251225 
76800 0.19407894736842105 0.8075159126217518 
76900 0.2138157894736842 0.8075124698946492 
77000 0.19078947368421054 0.8075125818598391 
77100 0.20065789473684212 0.8075056112317472 
77200 0.18092105263157895 0.8075103335858071 
77300 0.18421052631578946 0.8075147032890566 
77400 0.20394736842105263 0.8075114118612639 
77500 0.17763157894736842 0.8075158113409742 
77600 0.18421052631578946 0.807523463479513 
77700 0.18421052631578946 0.8075253383584442 
77800 0.19078947368421054 0.8075169342296371 
77900 0.19736842105263158 0.8075134077057318 
78000 0.19736842105263158 0.8075173968754786 
78100 0.19407894736842105 0.8075193541561231 
78200 0.18421052631578946 0.8075195397285941 
78300 0.18421052631578946 0.8075194727633377 
78400 0.20065789473684212 0.8075169724607433 
78500 0.17763157894736842 0.8075143947210863 
78600 0.18092105263157895 0.8075145438085359 
78700 0.20394736842105263 0.8075193319953803 
78800 0.20723684210526316 0.8075171785156346 
78900 0.17763157894736842 0.8075164896849416 
79000 0.2236842105263158 0.8075165520889476 
79100 0.19407894736842105 0.8075203154661029 
79200 0.21052631578947367 0.8075209128140992 
79300 0.20065789473684212 0.8075230434473847 
79400 0.2138157894736842 0.8075180844202545 
79500 0.18092105263157895 0.8075161583535195 
79600 0.22039473684210525 0.807514443748723 
79700 0.1875 0.8075102570858584 
79800 0.1875 0.8075137892349324 
79900 0.1875 0.8075108901212619 
80000 0.20065789473684212 0.8075140014697185 
80100 0.18092105263157895 0.8075168997167392 
80200 0.1875 0.8075141716306202 
80300 0.1875 0.8075118190177877 
80400 0.18421052631578946 0.8075131953713589 
80500 0.20065789473684212 0.8075138327801094 
80600 0.1875 0.8075145910426865 
80700 0.20723684210526316 0.8075162441735868 
80800 0.19407894736842105 0.8075158576724233 
80900 0.20394736842105263 0.8075179930766584 
81000 0.17105263157894737 0.8075200825980706 
81100 0.19078947368421054 0.8075149066888007 
81200 0.21052631578947367 0.8075086092406173 
81300 0.17434210526315788 0.8075108239751049 
81400 0.22039473684210525 0.8075126291607694 
81500 0.19078947368421054 0.8075171341133044 
81600 0.20394736842105263 0.8075158231420022 
81700 0.17105263157894737 0.8075092007506189 
81800 0.20394736842105263 0.807510556749081 
81900 0.19736842105263158 0.8075112668118569 
82000 0.20394736842105263 0.8075108920366183 
82100 0.17434210526315788 0.8075094363874021 
82200 0.20394736842105263 0.8075083444368394 
82300 0.16447368421052633 0.8075075748903735 
82400 0.21710526315789475 0.8075120367726758 
82500 0.21710526315789475 0.8075090317884505 
82600 0.17105263157894737 0.8075054367253105 
82700 0.17763157894736842 0.8075031629478164 
82800 0.19736842105263158 0.8075043509517746 
82900 0.18421052631578946 0.8075118054572384 
83000 0.19078947368421054 0.8075187664194281 
83100 0.19736842105263158 0.8075194563495658 
83200 0.19407894736842105 0.8075217260799623 
83300 0.18421052631578946 0.8075241483169154 
83400 0.19078947368421054 0.8075244348957068 
83500 0.19407894736842105 0.8075250753378939 
83600 0.20394736842105263 0.8075282324751845 
83700 0.19407894736842105 0.8075252905234735 
83800 0.19078947368421054 0.8075252995976056 
83900 0.18421052631578946 0.8075253086501071 
84000 0.19078947368421054 0.8075254351608596 
84100 0.18092105263157895 0.8075233319085636 
84200 0.1875 0.8075194756406818 
84300 0.17763157894736842 0.8075216767110835 
84400 0.20394736842105263 0.8075238335913955 
84500 0.18092105263157895 0.8075196011383236 
84600 0.2138157894736842 0.807517633859 
84700 0.19407894736842105 0.807514350790614 
84800 0.19736842105263158 0.8075121228088795 
84900 0.19736842105263158 0.80751141112342 
85000 0.1875 0.8075070246851584 
85100 0.18421052631578946 0.8075114616131049 
85200 0.19407894736842105 0.8075087069647687 
85300 0.19078947368421054 0.8075101621564257 
85400 0.17763157894736842 0.8075160820254169 
85500 0.17763157894736842 0.8075141010970016 
85600 0.18421052631578946 0.807516275018922 
85700 0.16776315789473684 0.8075178297372935 
85800 0.19407894736842105 0.8075175022496978 
85900 0.18421052631578946 0.8075187838631864 
86000 0.20723684210526316 0.8075170408055231 
86100 0.19407894736842105 0.8075123982299857 
86200 0.19407894736842105 0.8075149024403796 
86300 0.17434210526315788 0.8075179725916453 
86400 0.20065789473684212 0.8075221016569618 
86500 0.2138157894736842 0.8075220000498929 
86600 0.21052631578947367 0.8075247854801725 
86700 0.2138157894736842 0.8075172067462343 
86800 0.17434210526315788 0.8075220756006328 
86900 0.19736842105263158 0.8075195140386611 
87000 0.19407894736842105 0.8075220626623166 
87100 0.18421052631578946 0.8075210554111711 
87200 0.19407894736842105 0.8075221252291288 
87300 0.19736842105263158 0.8075221375651934 
87400 0.18092105263157895 0.8075184991259283 
87500 0.19078947368421054 0.8075192674489735 
87600 0.20065789473684212 0.8075166169095642 
87700 0.19078947368421054 0.8075167104858073 
87800 0.20065789473684212 0.8075197261270852 
87900 0.1875 0.8075172712243858 
88000 0.20065789473684212 0.8075175506378816 
88100 0.17763157894736842 0.8075188375303703 
88200 0.17434210526315788 0.8075159817378846 
88300 0.20394736842105263 0.8075103756946187 
88400 0.21710526315789475 0.8075086894706478 
88500 0.20394736842105263 0.807506709707116 
88600 0.17763157894736842 0.8075129023136842 
88700 0.19736842105263158 0.8075154095456113 
88800 0.19736842105263158 0.8075196521613377 
88900 0.21052631578947367 0.8075208511064051 
89000 0.21052631578947367 0.8075169838422868 
89100 0.20723684210526316 0.8075197336671158 
89200 0.19736842105263158 0.8075141431031868 
89300 0.19736842105263158 0.8075206103662421 
89400 0.18421052631578946 0.8075258121450425 
89500 0.18421052631578946 0.807525452523612 
89600 0.1875 0.8075216794455419 
89700 0.19407894736842105 0.8075201150723544 
89800 0.17763157894736842 0.8075193234280007 
89900 0.18092105263157895 0.807518862854403 
90000 0.19078947368421054 0.8075183302056878 
90100 0.21052631578947367 0.8075221432789752 
90200 0.21710526315789475 0.8075188001183322 
90300 0.19407894736842105 0.807518524303805 
90400 0.19407894736842105 0.8075209417804531 
90500 0.1875 0.8075217182828454 
90600 0.19736842105263158 0.8075195158761463 
90700 0.19736842105263158 0.8075154686973218 
90800 0.1875 0.8075115391147443 
90900 0.17763157894736842 0.8075157965374707 
91000 0.20065789473684212 0.8075180203340738 
91100 0.17434210526315788 0.8075164118020542 
91200 0.20394736842105263 0.8075088555123183 
91300 0.16776315789473684 0.8075050267507302 
91400 0.20723684210526316 0.8075045533879337 
91500 0.1875 0.8075059504670354 
91600 0.19078947368421054 0.807500700980626 
91700 0.17105263157894737 0.8074995164490544 
91800 0.18092105263157895 0.8075039602251781 
91900 0.2138157894736842 0.8075082153621832 
92000 0.1875 0.8075146422893573 
92100 0.20065789473684212 0.8075165550519767 
92200 0.17434210526315788 0.8075203902343793 
92300 0.17434210526315788 0.8075251080703351 
92400 0.17105263157894737 0.8075292460949671 
92500 0.20394736842105263 0.8075309925525699 
92600 0.19407894736842105 0.8075322379149026 
92700 0.21052631578947367 0.8075351838593691 
92800 0.20723684210526316 0.8075289782494404 
92900 0.2138157894736842 0.8075295844076235 
93000 0.19407894736842105 0.807527784081552 
93100 0.17434210526315788 0.807525033650495 
93200 0.20065789473684212 0.8075316421384682 
93300 0.19078947368421054 0.8075329127176952 
93400 0.20394736842105263 0.8075318209147991 
93500 0.19736842105263158 0.8075288316646205 
93600 0.21052631578947367 0.8075237401872112 
93700 0.20065789473684212 0.8075226967751286 
93800 0.19736842105263158 0.8075230232648176 
93900 0.17763157894736842 0.8075220529011798 
94000 0.17434210526315788 0.8075233942080123 
94100 0.22039473684210525 0.8075211670662933 
94200 0.19407894736842105 0.8075194335293122 
94300 0.21052631578947367 0.8075182617921672 
94400 0.19078947368421054 0.8075154199414702 
94500 0.19736842105263158 0.8075105999992203 
94600 0.17105263157894737 0.807508363381048 
94700 0.19736842105263158 0.8075126964701645 
94800 0.21052631578947367 0.8075125095837874 
94900 0.19078947368421054 0.80750923815899 
95000 0.20065789473684212 0.8075163959492947 
95100 0.17434210526315788 0.8075154102093121 
95200 0.1875 0.8075192639506772 
95300 0.21052631578947367 0.8075224192710189 
95400 0.19078947368421054 0.8075247059641326 
95500 0.16776315789473684 0.80752078787822 
95600 0.20065789473684212 0.8075208005421657 
95700 0.21710526315789475 0.8075135949742592 
95800 0.21710526315789475 0.8075093230539842 
95900 0.18092105263157895 0.807504408328984 
96000 0.17105263157894737 0.8075049519769257 
96100 0.19078947368421054 0.8075047756773438 
96200 0.2138157894736842 0.8075098655829708 
96300 0.17763157894736842 0.8075111875102133 
96400 0.19407894736842105 0.8075214127501408 
96500 0.21052631578947367 0.8075204361121974 
96600 0.18421052631578946 0.8075221856698661 
96700 0.19078947368421054 0.8075214823881971 
96800 0.1875 0.8075228194684809 
96900 0.18421052631578946 0.807525172191477 
97000 0.2138157894736842 0.8075264348875405 
97100 0.20065789473684212 0.8075245444379943 
97200 0.1875 0.8075229286140114 
97300 0.19078947368421054 0.8075212146897393 
97400 0.19078947368421054 0.8075229153056356 
97500 0.20065789473684212 0.8075209350079541 
97600 0.18092105263157895 0.8075241153698274 
97700 0.22039473684210525 0.8075224072478921 
97800 0.19736842105263158 0.8075201644693117 
97900 0.20723684210526316 0.8075195390725002 
98000 0.1875 0.8075172702319364 
98100 0.21052631578947367 0.8075146371703921 
98200 0.21052631578947367 0.807518172984625 
98300 0.18421052631578946 0.8075163140172584 
98400 0.18421052631578946 0.8075156622819943 
98500 0.19736842105263158 0.8075161473113551 
98600 0.19407894736842105 0.8075163644651837 
98700 0.20394736842105263 0.807510548871952 
98800 0.1875 0.8075149995818283 
98900 0.19078947368421054 0.807515117456638 
99000 0.2138157894736842 0.8075126766396299 
99100 0.19736842105263158 0.8075122655302751 
99200 0.19736842105263158 0.8075106615011839 
99300 0.18092105263157895 0.8075172428962659 
99400 0.20394736842105263 0.8075153392505318 
99500 0.17434210526315788 0.8075177041330979 
99600 0.18092105263157895 0.8075168606952265 
99700 0.19078947368421054 0.8075182954929977 
99800 0.17763157894736842 0.8075151788902021 
99900 0.17434210526315788 0.8075182588657508 
