0 0.06547619047619048 0.9077380952380952 
100 0.13988095238095238 0.8668081093823669 
200 0.15476190476190477 0.8647239990523573 
300 0.15476190476190477 0.865577044771397 
400 0.12202380952380952 0.8658858805367533 
500 0.125 0.8656674745746602 
600 0.15178571428571427 0.8653484272244671 
700 0.13988095238095238 0.8654176007064738 
800 0.13988095238095238 0.8648973009928066 
900 0.15178571428571427 0.865096982189102 
1000 0.11607142857142858 0.8651527044384187 
1100 0.13690476190476192 0.8654415898966308 
1200 0.13095238095238096 0.8653453471313588 
1300 0.14285714285714285 0.8655773031733831 
1400 0.125 0.8657825192889432 
1500 0.12797619047619047 0.8660357380793756 
1600 0.12202380952380952 0.8661662353885964 
1700 0.11904761904761904 0.8661554127823969 
1800 0.13392857142857142 0.8660284630231881 
1900 0.13392857142857142 0.8659680994965056 
2000 0.13690476190476192 0.8659866495323767 
2100 0.15178571428571427 0.8661408399628295 
2200 0.125 0.866201239696242 
2300 0.09821428571428571 0.8660507336354794 
2400 0.13095238095238096 0.8661817496677972 
2500 0.12797619047619047 0.8662189885950382 
2600 0.13095238095238096 0.8662888357957562 
2700 0.13095238095238096 0.8661783113837909 
2800 0.13690476190476192 0.8662616242498428 
2900 0.14285714285714285 0.8662735345775676 
3000 0.12797619047619047 0.8662965519430031 
3100 0.13095238095238096 0.8661818000337833 
3200 0.125 0.8663038708141801 
3300 0.11904761904761904 0.8663410077754216 
3400 0.15178571428571427 0.8663444575124963 
3500 0.13690476190476192 0.8662958542457257 
3600 0.12202380952380952 0.8663392113301861 
3700 0.13988095238095238 0.8663295634384529 
3800 0.13690476190476192 0.8662632640533193 
3900 0.1488095238095238 0.866334639469733 
4000 0.13095238095238096 0.8663868259125694 
4100 0.15178571428571427 0.8663834895089467 
4200 0.13988095238095238 0.8662917559311275 
4300 0.13392857142857142 0.8662963208999015 
4400 0.13392857142857142 0.8663770950325143 
4500 0.12202380952380952 0.8663405486611441 
4600 0.14285714285714285 0.8663424617836702 
4700 0.13095238095238096 0.8663366963462688 
4800 0.13988095238095238 0.8663696055385287 
4900 0.13095238095238096 0.8663908483205566 
5000 0.13988095238095238 0.8663719637024976 
5100 0.13095238095238096 0.8663783245115337 
5200 0.13392857142857142 0.8663758572069474 
5300 0.13095238095238096 0.8663998706443529 
5400 0.13095238095238096 0.8664604658749262 
5500 0.12797619047619047 0.8664680014889068 
5600 0.13392857142857142 0.8665108696576291 
5700 0.13095238095238096 0.8665678953567043 
5800 0.125 0.8665665197297674 
5900 0.12797619047619047 0.8665435035224054 
6000 0.11904761904761904 0.8665599384229613 
6100 0.12797619047619047 0.8665646147001662 
6200 0.12797619047619047 0.8666108960920281 
6300 0.11607142857142858 0.8665414031030599 
6400 0.13690476190476192 0.8665066284285937 
6500 0.13690476190476192 0.8665567018993415 
6600 0.11904761904761904 0.8665741482170811 
6700 0.13095238095238096 0.866587076555738 
6800 0.13392857142857142 0.8666293822337051 
6900 0.14583333333333334 0.8666782246879334 
7000 0.13392857142857142 0.8667167445466974 
7100 0.12797619047619047 0.8667302894964491 
7200 0.13690476190476192 0.8667438715522315 
7300 0.12797619047619047 0.8667061263623378 
7400 0.13392857142857142 0.8667120273322138 
7500 0.13392857142857142 0.8666899968893036 
7600 0.14583333333333334 0.8666681545661286 
7700 0.12202380952380952 0.8666538359273069 
7800 0.14285714285714285 0.8666086002405065 
7900 0.15178571428571427 0.8666066983685007 
8000 0.13690476190476192 0.8666059599692896 
8100 0.14583333333333334 0.8665931160762046 
8200 0.11904761904761904 0.8665976419832657 
8300 0.11904761904761904 0.8666289488931339 
8400 0.13988095238095238 0.866601056563561 
8500 0.13095238095238096 0.8666042790484033 
8600 0.14583333333333334 0.86656244290531 
8700 0.13988095238095238 0.8665670612573267 
8800 0.12797619047619047 0.8665492557663902 
8900 0.13392857142857142 0.8665418813295457 
9000 0.1488095238095238 0.8665379772617857 
9100 0.125 0.8665799415030269 
9200 0.13392857142857142 0.8665983511109041 
9300 0.14583333333333334 0.8666176448000983 
9400 0.13392857142857142 0.8665906235912086 
9500 0.12797619047619047 0.866617423729833 
9600 0.12202380952380952 0.8665869378685752 
9700 0.13095238095238096 0.8665730337078652 
9800 0.13988095238095238 0.866580062287133 
9900 0.14285714285714285 0.8665677108132416 
10000 0.13392857142857142 0.8665440003618686 
10100 0.125 0.8665496344067772 
10200 0.12202380952380952 0.866553407462387 
10300 0.13095238095238096 0.8665628857115121 
10400 0.13690476190476192 0.8665799076096163 
10500 0.13392857142857142 0.8665821509062629 
10600 0.125 0.8665790177027325 
10700 0.13690476190476192 0.8665906835587239 
10800 0.125 0.8665682410358829 
10900 0.12202380952380952 0.8665710550801368 
11000 0.14583333333333334 0.866586262720705 
11100 0.14285714285714285 0.866586450813097 
11200 0.14583333333333334 0.8665688331398982 
11300 0.15773809523809523 0.8665762827562669 
11400 0.13988095238095238 0.8666081400545482 
11500 0.13392857142857142 0.8666011444139433 
11600 0.13392857142857142 0.8665960651996338 
11700 0.12202380952380952 0.8665849683177262 
11800 0.12202380952380952 0.8665861650142643 
11900 0.14285714285714285 0.8665713365423474 
12000 0.11904761904761904 0.8665979223953559 
12100 0.11904761904761904 0.8665906202163536 
12200 0.13095238095238096 0.8666097821802272 
12300 0.1488095238095238 0.8666015345248741 
12400 0.13690476190476192 0.8666303792704889 
12500 0.12797619047619047 0.8666478110322603 
12600 0.14285714285714285 0.8666009594854528 
12700 0.14285714285714285 0.8665874171887478 
12800 0.12202380952380952 0.8665506043054672 
12900 0.13690476190476192 0.8665427375507989 
13000 0.13690476190476192 0.8665498716215969 
13100 0.13392857142857142 0.8665641663122772 
13200 0.13392857142857142 0.8665710299724768 
13300 0.12797619047619047 0.8665827130792171 
13400 0.13095238095238096 0.8665959985217876 
13500 0.13095238095238096 0.8666066622930929 
13600 0.125 0.8666267973993509 
13700 0.12797619047619047 0.8666359945919833 
13800 0.12797619047619047 0.866612710949172 
13900 0.11904761904761904 0.8666160964781567 
14000 0.125 0.8666173079473916 
14100 0.13095238095238096 0.8666353872234661 
14200 0.12797619047619047 0.8666253382558572 
14300 0.13095238095238096 0.8666185514832463 
14400 0.13988095238095238 0.8666046256708364 
14500 0.13988095238095238 0.8665709836103257 
14600 0.13690476190476192 0.8665698044165272 
14700 0.1488095238095238 0.8665625678201353 
14800 0.13095238095238096 0.866550804160594 
14900 0.13690476190476192 0.8665427935485314 
15000 0.13392857142857142 0.8665636576609178 
15100 0.125 0.8665741940773396 
15200 0.14285714285714285 0.8665806760833403 
15300 0.11904761904761904 0.8665789039620815 
15400 0.13392857142857142 0.8665744494018632 
15500 0.15476190476190477 0.8665754283133807 
15600 0.13392857142857142 0.8665775392908269 
15700 0.13690476190476192 0.8665779173907637 
15800 0.13392857142857142 0.8666182218726362 
15900 0.14583333333333334 0.8665996223657692 
16000 0.13988095238095238 0.8665918573541534 
16100 0.14285714285714285 0.8666063702047492 
16200 0.12797619047619047 0.8665846978875495 
16300 0.13095238095238096 0.8666045539128479 
16400 0.12797619047619047 0.8666056584819161 
16500 0.1130952380952381 0.8666130624118019 
16600 0.125 0.8666245005320965 
16700 0.13690476190476192 0.8666297427299763 
16800 0.125 0.8666303167895335 
16900 0.1488095238095238 0.8666421541695194 
17000 0.12202380952380952 0.866660329504427 
17100 0.13095238095238096 0.8666678501118008 
17200 0.13690476190476192 0.8666794358578267 
17300 0.12797619047619047 0.8666793620517393 
17400 0.1130952380952381 0.8666799732363493 
17500 0.13095238095238096 0.8666877198853943 
17600 0.1488095238095238 0.8667072149580246 
17700 0.13392857142857142 0.8666921898413057 
17800 0.13690476190476192 0.8667005732690245 
17900 0.13690476190476192 0.8666978899822038 
18000 0.13392857142857142 0.8666886231188214 
18100 0.14285714285714285 0.8666715664222708 
18200 0.14285714285714285 0.8666578039929779 
18300 0.13690476190476192 0.8666401263527104 
18400 0.13392857142857142 0.8666473871761627 
18500 0.11011904761904762 0.8666566607725193 
18600 0.1488095238095238 0.866652074517243 
18700 0.14285714285714285 0.866670454342905 
18800 0.13988095238095238 0.8666530212425377 
18900 0.13690476190476192 0.8666364024579198 
19000 0.14583333333333334 0.8666467429032557 
19100 0.13392857142857142 0.8666610262240072 
19200 0.125 0.8666771757919355 
19300 0.13392857142857142 0.866688840449915 
19400 0.15178571428571427 0.8666750732043759 
19500 0.13392857142857142 0.8666863237782678 
19600 0.125 0.8666907786531786 
19700 0.13690476190476192 0.8666818943200852 
19800 0.12202380952380952 0.8666771579597952 
19900 0.12797619047619047 0.8666859286803008 
20000 0.12797619047619047 0.8666861299792153 
20100 0.13392857142857142 0.8667147571430941 
20200 0.13690476190476192 0.8667248321040213 
20300 0.12202380952380952 0.8667189746693219 
20400 0.13392857142857142 0.8667226571526606 
20500 0.13690476190476192 0.8667338527040492 
20600 0.14285714285714285 0.8667303482725064 
20700 0.12202380952380952 0.8667209831133071 
20800 0.14285714285714285 0.8667284482659945 
20900 0.13392857142857142 0.8667453824264503 
21000 0.13095238095238096 0.8667485505225375 
21100 0.11904761904761904 0.8667683319003162 
21200 0.13392857142857142 0.8667427243997925 
21300 0.1130952380952381 0.8667475370036283 
21400 0.13095238095238096 0.8667514702250229 
21500 0.13988095238095238 0.8667621494902784 
21600 0.13095238095238096 0.8667550940101979 
21700 0.11904761904761904 0.8667522179140308 
21800 0.13392857142857142 0.8667497777515667 
21900 0.15178571428571427 0.8667368961191161 
22000 0.13095238095238096 0.8667336008536408 
22100 0.13988095238095238 0.866731412713495 
22200 0.1488095238095238 0.8667441245675335 
22300 0.13988095238095238 0.8667451117929796 
22400 0.125 0.8667444958877261 
22500 0.12797619047619047 0.8667358170324705 
22600 0.11011904761904762 0.8667186555167176 
22700 0.12202380952380952 0.866705447211262 
22800 0.14285714285714285 0.8667095845838007 
22900 0.125 0.8667277213929107 
23000 0.14583333333333334 0.8667252562517985 
23100 0.1488095238095238 0.8667077388940079 
23200 0.13392857142857142 0.8667094860443207 
23300 0.13690476190476192 0.8667127509344582 
23400 0.125 0.8667180228358169 
23500 0.12797619047619047 0.8667256560511103 
23600 0.15178571428571427 0.8667216229740063 
23700 0.14583333333333334 0.8667277952909361 
23800 0.13690476190476192 0.866721661354765 
23900 0.13690476190476192 0.8667191898725098 
24000 0.14583333333333334 0.8667422835556455 
24100 0.13392857142857142 0.8667570353729642 
24200 0.13690476190476192 0.8667551862280386 
24300 0.13392857142857142 0.8667518826385745 
24400 0.11904761904761904 0.8667549485676816 
24500 0.13392857142857142 0.8667670998851359 
24600 0.1488095238095238 0.8667754020839261 
24700 0.12797619047619047 0.8667818297312042 
24800 0.12797619047619047 0.866794805700999 
24900 0.13690476190476192 0.8667966815255077 
25000 0.13392857142857142 0.8667959234011592 
25100 0.13392857142857142 0.8667890057501029 
25200 0.13095238095238096 0.8667810801158684 
25300 0.13392857142857142 0.8668000370773976 
25400 0.13690476190476192 0.8668008008683573 
25500 0.1130952380952381 0.8668050599322903 
25600 0.12797619047619047 0.8668239335889038 
25700 0.14285714285714285 0.8668280695025763 
25800 0.13392857142857142 0.8668136017245548 
25900 0.13988095238095238 0.8668202735323696 
26000 0.12797619047619047 0.8668191104371443 
26100 0.13095238095238096 0.8668254819647486 
26200 0.12797619047619047 0.8668269204555987 
26300 0.13392857142857142 0.8668197479364356 
26400 0.13392857142857142 0.8668164625798807 
26500 0.13392857142857142 0.866809945177271 
26600 0.12202380952380952 0.8667986658217288 
26700 0.13095238095238096 0.8667914836433805 
26800 0.1488095238095238 0.8667907958302906 
26900 0.13392857142857142 0.8667956448777794 
27000 0.125 0.8667872309843904 
27100 0.12797619047619047 0.8667887628465651 
27200 0.125 0.8667876574915838 
27300 0.13690476190476192 0.8667705351801173 
27400 0.12797619047619047 0.8667625529829464 
27500 0.13988095238095238 0.8667477026809415 
27600 0.14285714285714285 0.8667502126389486 
27700 0.1488095238095238 0.8667485143221578 
27800 0.12797619047619047 0.8667432954621365 
27900 0.14583333333333334 0.8667380073422868 
28000 0.13690476190476192 0.8667517826744283 
28100 0.13690476190476192 0.8667460783466442 
28200 0.14583333333333334 0.8667487517328835 
28300 0.13392857142857142 0.8667467790974911 
28400 0.12797619047619047 0.8667455538956542 
28500 0.125 0.8667397426322552 
28600 0.13095238095238096 0.8667262716421836 
28700 0.13095238095238096 0.8667363299105224 
28800 0.13690476190476192 0.8667323679237328 
28900 0.13095238095238096 0.8667213278169646 
29000 0.12797619047619047 0.866725552156658 
29100 0.13095238095238096 0.866727190687278 
29200 0.14285714285714285 0.8667262699744465 
29300 0.13095238095238096 0.8667258634111301 
29400 0.13690476190476192 0.8667271804813895 
29500 0.13095238095238096 0.8667202161024404 
29600 0.14285714285714285 0.866719532480402 
29700 0.14285714285714285 0.866722460843871 
29800 0.11904761904761904 0.8667180791312532 
29900 0.13988095238095238 0.8667096457993919 
30000 0.12797619047619047 0.866719125235508 
30100 0.125 0.8667272563322529 
30200 0.13392857142857142 0.866727252803045 
30300 0.13988095238095238 0.8667201773947426 
30400 0.12797619047619047 0.8667333154767779 
30500 0.11904761904761904 0.8667324139255388 
30600 0.13392857142857142 0.8667374510014456 
30700 0.11904761904761904 0.8667403225581298 
30800 0.125 0.866737281257102 
30900 0.13988095238095238 0.8667429278756582 
31000 0.13095238095238096 0.8667376897212226 
31100 0.10119047619047619 0.8667334421952441 
31200 0.13392857142857142 0.8667419084553151 
31300 0.13392857142857142 0.8667363434303788 
31400 0.12202380952380952 0.8667407657626918 
31500 0.125 0.866738451991698 
31600 0.13690476190476192 0.8667535762129288 
31700 0.12797619047619047 0.8667561185541691 
31800 0.12797619047619047 0.8667564923834381 
31900 0.11011904761904762 0.8667470679378614 
32000 0.12202380952380952 0.8667553729719756 
32100 0.13690476190476192 0.8667545403569982 
32200 0.14583333333333334 0.866761661498238 
32300 0.13392857142857142 0.8667747275994698 
32400 0.12202380952380952 0.8667732918296173 
32500 0.16071428571428573 0.8667855091638206 
32600 0.14285714285714285 0.8667754677405455 
32700 0.14583333333333334 0.8667708574515706 
32800 0.13690476190476192 0.8667762560955604 
32900 0.13988095238095238 0.8667746565815774 
33000 0.13392857142857142 0.8667794698861939 
33100 0.13690476190476192 0.8667843440206813 
33200 0.13095238095238096 0.8667825553160332 
33300 0.13988095238095238 0.8667752362648913 
33400 0.13690476190476192 0.8667774952560587 
33500 0.13988095238095238 0.8667675698380005 
33600 0.11904761904761904 0.8667672695398805 
33700 0.13690476190476192 0.8667675008937138 
33800 0.1488095238095238 0.866753290618339 
33900 0.13690476190476192 0.8667437292901881 
34000 0.15476190476190477 0.8667335239439736 
34100 0.12797619047619047 0.8667302732359475 
34200 0.13690476190476192 0.8667340902034332 
34300 0.11904761904761904 0.8667397937863813 
34400 0.13392857142857142 0.8667541156749319 
34500 0.14583333333333334 0.866777671040591 
34600 0.12202380952380952 0.866781564942384 
34700 0.13690476190476192 0.8667719710286927 
34800 0.1130952380952381 0.866768675229639 
34900 0.11904761904761904 0.866775546068403 
35000 0.13690476190476192 0.8667723439194255 
35100 0.125 0.8667732299039099 
35200 0.13690476190476192 0.8667761400176672 
35300 0.13392857142857142 0.8667747338872095 
35400 0.13095238095238096 0.8667645923373163 
35500 0.12797619047619047 0.8667605439685804 
35600 0.13095238095238096 0.8667530072055226 
35700 0.13392857142857142 0.8667571003079813 
35800 0.125 0.8667638307522668 
35900 0.13690476190476192 0.866764472007014 
36000 0.13690476190476192 0.8667467570345269 
36100 0.13690476190476192 0.8667541197249515 
36200 0.14583333333333334 0.8667444236610143 
36300 0.11904761904761904 0.8667396182185719 
36400 0.13690476190476192 0.8667398266138685 
36500 0.12797619047619047 0.866732695516496 
36600 0.1488095238095238 0.8667294251653286 
36700 0.13690476190476192 0.8667309571167776 
36800 0.125 0.8667280327527331 
36900 0.1488095238095238 0.8667347219910159 
37000 0.14285714285714285 0.8667277814885312 
37100 0.1488095238095238 0.8667330716281553 
37200 0.13392857142857142 0.866734493184387 
37300 0.13095238095238096 0.8667299229817661 
37400 0.14583333333333334 0.8667357219885896 
37500 0.13988095238095238 0.8667335537718994 
37600 0.13392857142857142 0.8667400246447347 
37700 0.13392857142857142 0.8667430666863706 
37800 0.13392857142857142 0.8667480609608463 
37900 0.125 0.8667446266652092 
38000 0.13988095238095238 0.8667335352077201 
38100 0.15178571428571427 0.8667292978187049 
38200 0.13690476190476192 0.8667278873278061 
38300 0.13988095238095238 0.8667323898045681 
38400 0.125 0.866731521128542 
38500 0.13988095238095238 0.8667326668076648 
38600 0.13095238095238096 0.8667366593019425 
38700 0.1488095238095238 0.8667355556211788 
38800 0.11607142857142858 0.8667321565104483 
38900 0.125 0.8667335948029247 
39000 0.13690476190476192 0.866731362809989 
39100 0.13988095238095238 0.8667338613919264 
39200 0.14583333333333334 0.8667298939167004 
39300 0.13392857142857142 0.8667296573090955 
39400 0.12202380952380952 0.8667316879798797 
39500 0.12797619047619047 0.8667277561387837 
39600 0.13095238095238096 0.8667228671474145 
39700 0.13095238095238096 0.8667278981817659 
39800 0.125 0.86673357692616 
39900 0.12202380952380952 0.8667334838248475 
40000 0.14285714285714285 0.8667429891633661 
40100 0.12202380952380952 0.8667389395348174 
40200 0.16071428571428573 0.8667342437584471 
40300 0.13690476190476192 0.8667283158517868 
40400 0.14583333333333334 0.8667302995800434 
40500 0.13095238095238096 0.866732714418574 
40600 0.125 0.8667358503954278 
40700 0.14285714285714285 0.8667356804150126 
40800 0.1488095238095238 0.8667395961350154 
40900 0.13988095238095238 0.8667557901134098 
41000 0.15178571428571427 0.8667515803911867 
41100 0.12797619047619047 0.8667526772028488 
41200 0.13690476190476192 0.8667586807301256 
41300 0.14285714285714285 0.8667581696972632 
41400 0.13392857142857142 0.8667621181222905 
41500 0.14583333333333334 0.8667687726400167 
41600 0.14583333333333334 0.8667615161494515 
41700 0.125 0.8667709236160832 
41800 0.13690476190476192 0.8667819948486081 
41900 0.1488095238095238 0.8667791625611845 
42000 0.12797619047619047 0.8667815873998465 
42100 0.125 0.8667876766867884 
42200 0.13690476190476192 0.8667841458281851 
42300 0.13095238095238096 0.866796391732268 
42400 0.15178571428571427 0.8667979107635602 
42500 0.14285714285714285 0.8668025738329966 
42600 0.11607142857142858 0.8667997397780737 
42700 0.12797619047619047 0.8668024251690325 
42800 0.15773809523809523 0.8668078098976326 
42900 0.125 0.8668118514275946 
43000 0.14285714285714285 0.8668032775538996 
43100 0.125 0.866806413175697 
43200 0.12202380952380952 0.8668086386889192 
43300 0.11607142857142858 0.8668089981425701 
43400 0.13392857142857142 0.8668103845533514 
43500 0.11904761904761904 0.8668103278413961 
43600 0.13988095238095238 0.8667998276579502 
43700 0.1488095238095238 0.8667895117361377 
43800 0.14583333333333334 0.8667875325742727 
43900 0.15178571428571427 0.8667888165038002 
44000 0.12797619047619047 0.8667799487241091 
44100 0.13095238095238096 0.8667788145393529 
44200 0.14285714285714285 0.8667733088348573 
44300 0.125 0.8667699777818624 
44400 0.14285714285714285 0.866768605597686 
44500 0.13690476190476192 0.8667719211232279 
44600 0.13988095238095238 0.866781227412155 
44700 0.14285714285714285 0.8667736473350441 
44800 0.14285714285714285 0.866777925875379 
44900 0.125 0.8667748279018073 
45000 0.125 0.8667757118624877 
45100 0.14583333333333334 0.8667703229048875 
45200 0.14285714285714285 0.8667698960516044 
45300 0.13392857142857142 0.8667690768941293 
45400 0.13690476190476192 0.8667634103926807 
45500 0.14285714285714285 0.8667684959304923 
45600 0.13095238095238096 0.8667612891739007 
45700 0.12202380952380952 0.8667560676488271 
45800 0.11607142857142858 0.866756132378062 
45900 0.13690476190476192 0.8667609300969685 
46000 0.15476190476190477 0.8667594312131931 
46100 0.14285714285714285 0.866758132506164 
46200 0.12202380952380952 0.8667583854606322 
46300 0.12797619047619047 0.8667596657893843 
46400 0.14285714285714285 0.8667629931005182 
46500 0.14285714285714285 0.8667581777555219 
46600 0.12202380952380952 0.8667651343063352 
46700 0.15178571428571427 0.8667646685448767 
46800 0.13392857142857142 0.8667606435963415 
46900 0.12202380952380952 0.8667583491467844 
47000 0.13988095238095238 0.8667622700023606 
47100 0.13690476190476192 0.8667599186550483 
47200 0.1488095238095238 0.866761171323045 
47300 0.125 0.8667602794061537 
47400 0.11904761904761904 0.866760709790129 
47500 0.15476190476190477 0.8667614516386121 
47600 0.14285714285714285 0.8667607523251313 
47700 0.11904761904761904 0.8667650473535046 
47800 0.125 0.8667634717743502 
47900 0.13392857142857142 0.8667628968875289 
48000 0.12202380952380952 0.8667638744629328 
48100 0.11607142857142858 0.8667592174600864 
48200 0.13095238095238096 0.8667606925760284 
48300 0.11607142857142858 0.8667584029118987 
48400 0.12797619047619047 0.8667672524475586 
48500 0.1488095238095238 0.8667698064153807 
48600 0.13392857142857142 0.8667692880119064 
48700 0.13988095238095238 0.8667721328690816 
48800 0.13095238095238096 0.8667738683145642 
48900 0.13392857142857142 0.8667672586304107 
49000 0.12797619047619047 0.8667680251423441 
49100 0.13690476190476192 0.8667699401913064 
49200 0.12797619047619047 0.866767794595735 
49300 0.13095238095238096 0.866770909698538 
49400 0.13690476190476192 0.8667715421222435 
49500 0.13988095238095238 0.8667710897615344 
49600 0.15178571428571427 0.8667666790512096 
49700 0.13988095238095238 0.8667619267984452 
49800 0.12797619047619047 0.8667613171852545 
49900 0.13392857142857142 0.8667600539544489 
50000 0.13690476190476192 0.866759271957418 
50100 0.12202380952380952 0.8667633641948027 
50200 0.13988095238095238 0.8667659579917304 
50300 0.11607142857142858 0.8667645180773648 
50400 0.125 0.8667698746529028 
50500 0.13988095238095238 0.866772911616083 
50600 0.13095238095238096 0.8667663494322059 
50700 0.13690476190476192 0.8667687943602127 
50800 0.12797619047619047 0.866768827666497 
50900 0.13690476190476192 0.8667678083787296 
51000 0.13392857142857142 0.8667697108646796 
51100 0.1488095238095238 0.8667710234912932 
51200 0.13690476190476192 0.8667662857217261 
51300 0.13988095238095238 0.8667666716791003 
51400 0.12202380952380952 0.8667641031627141 
51500 0.13690476190476192 0.8667692883448402 
51600 0.13690476190476192 0.866772030996077 
51700 0.13690476190476192 0.8667677400547654 
51800 0.13095238095238096 0.8667642125864458 
51900 0.13095238095238096 0.8667794500702345 
52000 0.1130952380952381 0.8667831822831246 
52100 0.13690476190476192 0.8667862146874066 
52200 0.11607142857142858 0.866788665332994 
52300 0.12797619047619047 0.8667888304056829 
52400 0.14583333333333334 0.8667868933798973 
52500 0.14285714285714285 0.866785133797905 
52600 0.13095238095238096 0.8667915850775968 
52700 0.13988095238095238 0.8667923645616195 
52800 0.125 0.8668010323577926 
52900 0.13690476190476192 0.8667988655358931 
53000 0.13095238095238096 0.8667988968761595 
53100 0.125 0.866802347009876 
53200 0.12202380952380952 0.8668048331529751 
53300 0.13988095238095238 0.8668122794980171 
53400 0.13095238095238096 0.8668113380255943 
53500 0.13690476190476192 0.8668088980980329 
53600 0.12797619047619047 0.8668039131288418 
53700 0.13690476190476192 0.8668065948935951 
53800 0.13988095238095238 0.8668066667197725 
53900 0.13095238095238096 0.8668066830635707 
54000 0.13095238095238096 0.866812872072034 
54100 0.13392857142857142 0.8668127668619804 
54200 0.14583333333333334 0.8668184276164295 
54300 0.14285714285714285 0.8668250540856478 
54400 0.13095238095238096 0.8668206051009216 
54500 0.13095238095238096 0.8668146434185131 
54600 0.13095238095238096 0.8668120285604397 
54700 0.11607142857142858 0.8668110555130445 
54800 0.1488095238095238 0.8668119325246932 
54900 0.13095238095238096 0.8668070058572964 
55000 0.13690476190476192 0.8668160578898565 
55100 0.13392857142857142 0.8668084409495637 
55200 0.13988095238095238 0.8668064049046731 
55300 0.13988095238095238 0.8668035689529424 
55400 0.125 0.8668052557930448 
55500 0.13095238095238096 0.8668123525873836 
55600 0.13392857142857142 0.8668052390287602 
55700 0.12797619047619047 0.8668026926933858 
55800 0.12797619047619047 0.8668026089308862 
55900 0.13392857142857142 0.8668084351502359 
56000 0.11607142857142858 0.866813709108936 
56100 0.14285714285714285 0.8668117493873719 
56200 0.13392857142857142 0.8668099555083327 
56300 0.12797619047619047 0.8668114454534767 
56400 0.12797619047619047 0.866813088420418 
56500 0.1488095238095238 0.8668067189708399 
56600 0.13690476190476192 0.8668069973523941 
56700 0.13690476190476192 0.8668047027809201 
56800 0.11904761904761904 0.8668128432514183 
56900 0.13392857142857142 0.8668175029981061 
57000 0.14583333333333334 0.8668133746191587 
57100 0.13690476190476192 0.8668079055408087 
57200 0.15178571428571427 0.8668047969524343 
57300 0.13690476190476192 0.8668038806768934 
57400 0.12797619047619047 0.8668036416322596 
57500 0.15178571428571427 0.8667976581773733 
57600 0.13690476190476192 0.8667985674851875 
57700 0.11904761904761904 0.866799370482149 
57800 0.13095238095238096 0.8667997072879774 
57900 0.125 0.8667957766170664 
58000 0.13095238095238096 0.8667979657165188 
58100 0.13988095238095238 0.8668029646240004 
58200 0.13095238095238096 0.8667987417987418 
58300 0.13690476190476192 0.8668052026388504 
58400 0.14285714285714285 0.8668083288691241 
58500 0.13988095238095238 0.8668168370748242 
58600 0.14583333333333334 0.8668133304242329 
58700 0.13690476190476192 0.8668162747288316 
58800 0.13690476190476192 0.8668140463273625 
58900 0.13988095238095238 0.8668109665047323 
59000 0.11607142857142858 0.8667989687019025 
59100 0.13690476190476192 0.8667954212361244 
59200 0.125 0.8667970638365986 
59300 0.125 0.8668003570966843 
59400 0.13690476190476192 0.8668025870977 
59500 0.12202380952380952 0.8668053598138806 
59600 0.10714285714285714 0.8668020810612798 
59700 0.13988095238095238 0.8668001094342361 
59800 0.125 0.8668035691392324 
59900 0.14285714285714285 0.8668008066484302 
60000 0.13095238095238096 0.8667992438221268 
60100 0.13690476190476192 0.8667988746720797 
60200 0.1130952380952381 0.8668034505043026 
60300 0.12797619047619047 0.8668000649124511 
60400 0.11607142857142858 0.8668062003861494 
60500 0.13095238095238096 0.8668038052893262 
60600 0.12797619047619047 0.8668044629940885 
60700 0.13392857142857142 0.8668036966520517 
60800 0.13392857142857142 0.8668037160259738 
60900 0.13392857142857142 0.8668013896088969 
61000 0.13392857142857142 0.8668059013084095 
61100 0.14285714285714285 0.8668067450380751 
61200 0.1488095238095238 0.8668089476440238 
61300 0.13690476190476192 0.8668021612325131 
61400 0.12202380952380952 0.8668004864198737 
61500 0.14583333333333334 0.8668023013175937 
61600 0.13690476190476192 0.8668061395107223 
61700 0.1488095238095238 0.8668068299425571 
61800 0.125 0.8668091554998725 
61900 0.13690476190476192 0.8668101753875812 
62000 0.13988095238095238 0.8668121520313421 
62100 0.13690476190476192 0.8668115822841592 
62200 0.13095238095238096 0.866811349304597 
62300 0.12797619047619047 0.8668092539980632 
62400 0.14583333333333334 0.8668106471126454 
62500 0.14285714285714285 0.8668131786081898 
62600 0.13988095238095238 0.8668127068561966 
62700 0.14285714285714285 0.8668094835580202 
62800 0.14285714285714285 0.8668075974677383 
62900 0.14583333333333334 0.8668020267676871 
63000 0.13095238095238096 0.8667982216457637 
63100 0.12202380952380952 0.8668004657687864 
63200 0.13095238095238096 0.866799830246809 
63300 0.13690476190476192 0.8668037573317505 
63400 0.13690476190476192 0.8668019920070361 
63500 0.11904761904761904 0.8668001853739086 
63600 0.14285714285714285 0.8667959043021936 
63700 0.12797619047619047 0.8667945333892493 
63800 0.14285714285714285 0.8667933067178377 
63900 0.14285714285714285 0.86679539071227 
64000 0.14583333333333334 0.8667985842483116 
64100 0.11904761904761904 0.8667946640755178 
64200 0.13690476190476192 0.8667956236403379 
64300 0.13095238095238096 0.8667958859411947 
64400 0.13095238095238096 0.8667965633482473 
64500 0.12797619047619047 0.8667954852674857 
64600 0.13392857142857142 0.8667937194691812 
64700 0.12202380952380952 0.866801296955004 
64800 0.13392857142857142 0.8667947051816514 
64900 0.12797619047619047 0.8667973969144213 
65000 0.1488095238095238 0.8668017286913534 
65100 0.1488095238095238 0.8667981839208088 
65200 0.13095238095238096 0.8667974800999985 
65300 0.11904761904761904 0.8667969151642831 
65400 0.11904761904761904 0.8667941221227868 
65500 0.1130952380952381 0.8667912921722024 
65600 0.13988095238095238 0.8667834803621606 
65700 0.13988095238095238 0.8667847974336841 
65800 0.13988095238095238 0.8667821302469713 
65900 0.13988095238095238 0.8667782969548117 
66000 0.12202380952380952 0.8667745654647369 
66100 0.13988095238095238 0.8667797151689226 
66200 0.13690476190476192 0.8667799040584195 
66300 0.125 0.8667788803731323 
66400 0.13988095238095238 0.8667741395891198 
66500 0.13988095238095238 0.8667753653543341 
66600 0.14285714285714285 0.8667703759631809 
66700 0.13392857142857142 0.8667769580808741 
66800 0.13690476190476192 0.8667758573617019 
66900 0.13690476190476192 0.8667720462574052 
67000 0.14583333333333334 0.8667663808855731 
67100 0.13095238095238096 0.8667642363572752 
67200 0.11904761904761904 0.8667565179373039 
67300 0.14285714285714285 0.866752183332732 
67400 0.15178571428571427 0.8667507317610803 
67500 0.13095238095238096 0.8667466390268646 
67600 0.14285714285714285 0.866746784881317 
67700 0.13690476190476192 0.8667443805781866 
67800 0.13392857142857142 0.8667470314035262 
67900 0.13988095238095238 0.8667474390236205 
68000 0.125 0.8667447817644138 
68100 0.13095238095238096 0.8667409086364021 
68200 0.13988095238095238 0.866741628910622 
68300 0.14285714285714285 0.8667398633220876 
68400 0.13095238095238096 0.8667395387563952 
68500 0.12797619047619047 0.8667422999038595 
68600 0.12797619047619047 0.8667428837980288 
68700 0.13690476190476192 0.8667412566255014 
68800 0.13690476190476192 0.8667415807909769 
68900 0.125 0.8667401330134817 
69000 0.14285714285714285 0.8667359720804598 
69100 0.13392857142857142 0.8667404802907546 
69200 0.13690476190476192 0.866746523756538 
69300 0.13988095238095238 0.8667471386037857 
69400 0.11607142857142858 0.8667509250930239 
69500 0.12797619047619047 0.8667508466818908 
69600 0.13690476190476192 0.8667515809501916 
69700 0.125 0.8667502635406611 
69800 0.13392857142857142 0.8667517213902652 
69900 0.13095238095238096 0.8667524512558918 
70000 0.13392857142857142 0.8667547521429966 
70100 0.13690476190476192 0.8667491496962546 
70200 0.15476190476190477 0.8667509823832383 
70300 0.13392857142857142 0.8667492960541779 
70400 0.13095238095238096 0.8667467267442764 
70500 0.11904761904761904 0.8667466554003624 
70600 0.13690476190476192 0.8667411462538303 
70700 0.14583333333333334 0.8667447453090513 
70800 0.13690476190476192 0.8667448031740203 
70900 0.15476190476190477 0.866745280642828 
71000 0.13988095238095238 0.8667503677010585 
71100 0.12797619047619047 0.8667542684082535 
71200 0.14285714285714285 0.8667505505875052 
71300 0.12797619047619047 0.8667518104000411 
71400 0.12202380952380952 0.8667484398978006 
71500 0.11607142857142858 0.8667519468592181 
71600 0.13392857142857142 0.8667535735401408 
71700 0.13095238095238096 0.8667515014401739 
71800 0.14583333333333334 0.8667531656609107 
71900 0.13095238095238096 0.8667569362900444 
72000 0.13392857142857142 0.8667649539920411 
72100 0.14285714285714285 0.866771876223895 
72200 0.13392857142857142 0.8667668252187511 
72300 0.13392857142857142 0.8667593183523116 
72400 0.13988095238095238 0.8667551207856246 
72500 0.13988095238095238 0.8667539314728664 
72600 0.13988095238095238 0.8667553280454617 
72700 0.125 0.8667582763975867 
72800 0.12797619047619047 0.866758109680597 
72900 0.13690476190476192 0.866756024641376 
73000 0.15178571428571427 0.8667596122297085 
73100 0.12797619047619047 0.8667600957839805 
73200 0.13392857142857142 0.8667616351194786 
73300 0.15178571428571427 0.8667629672433496 
73400 0.09821428571428571 0.8667654310535539 
73500 0.15178571428571427 0.8667642438943169 
73600 0.12797619047619047 0.8667672653904159 
73700 0.13095238095238096 0.866772661222533 
73800 0.13690476190476192 0.8667722353097551 
73900 0.12797619047619047 0.8667713675502813 
74000 0.14285714285714285 0.8667683705689949 
74100 0.14583333333333334 0.8667620480669562 
74200 0.11904761904761904 0.8667606360073443 
74300 0.12202380952380952 0.8667611504299436 
74400 0.13988095238095238 0.8667609034312775 
74500 0.13095238095238096 0.8667610166306493 
74600 0.13988095238095238 0.866766754690509 
74700 0.13690476190476192 0.8667640310163502 
74800 0.13988095238095238 0.8667568981443462 
74900 0.13392857142857142 0.866754631987239 
75000 0.12797619047619047 0.8667538004255181 
75100 0.14285714285714285 0.8667582813874142 
75200 0.13392857142857142 0.8667580012550492 
75300 0.14583333333333334 0.8667600537778225 
75400 0.125 0.8667592983799002 
75500 0.14583333333333334 0.8667590180136372 
75600 0.14583333333333334 0.8667605099075913 
75700 0.14583333333333334 0.8667638063534419 
75800 0.13690476190476192 0.8667640708345976 
75900 0.13690476190476192 0.8667656285976532 
76000 0.13392857142857142 0.8667709416104175 
76100 0.12797619047619047 0.8667722516004733 
76200 0.13095238095238096 0.8667693790420198 
76300 0.125 0.8667669430781972 
76400 0.125 0.8667667339183419 
76500 0.13690476190476192 0.8667680425590453 
76600 0.11904761904761904 0.8667710573217682 
76700 0.13690476190476192 0.8667714256534806 
76800 0.15178571428571427 0.866769545411425 
76900 0.125 0.8667711145003378 
77000 0.13095238095238096 0.8667754237576383 
77100 0.12202380952380952 0.8667759775211364 
77200 0.13988095238095238 0.8667766840547957 
77300 0.13095238095238096 0.8667757717050417 
77400 0.12797619047619047 0.866779014483017 
77500 0.13988095238095238 0.8667855898633566 
77600 0.14583333333333334 0.8667816013662072 
77700 0.125 0.8667815300532382 
77800 0.13095238095238096 0.8667774805195918 
77900 0.13095238095238096 0.8667815790004529 
78000 0.13095238095238096 0.8667790660193001 
78100 0.14285714285714285 0.8667771691844687 
78200 0.13988095238095238 0.8667755055501056 
78300 0.13690476190476192 0.8667732380113129 
78400 0.14285714285714285 0.8667692680061783 
78500 0.12202380952380952 0.8667724736293927 
78600 0.11904761904761904 0.8667722254230378 
78700 0.13988095238095238 0.8667716374996143 
78800 0.125 0.8667702956996557 
78900 0.11904761904761904 0.8667741627392012 
79000 0.13690476190476192 0.8667779069704362 
79100 0.13095238095238096 0.8667739661951176 
79200 0.13392857142857142 0.8667734173630564 
79300 0.1130952380952381 0.8667696798395024 
79400 0.1488095238095238 0.8667712743212422 
79500 0.1488095238095238 0.8667678483828595 
79600 0.1130952380952381 0.8667683568823316 
79700 0.14285714285714285 0.8667694615769295 
79800 0.12797619047619047 0.8667698921901563 
79900 0.12797619047619047 0.8667707687072276 
80000 0.13690476190476192 0.8667756236380378 
80100 0.12797619047619047 0.8667763421894145 
80200 0.13392857142857142 0.8667746839636841 
80300 0.13392857142857142 0.8667731410567739 
80400 0.13988095238095238 0.8667711207690499 
80500 0.12202380952380952 0.866768809733804 
80600 0.13690476190476192 0.8667703446311963 
80700 0.11607142857142858 0.866769146661899 
80800 0.13988095238095238 0.8667658521435083 
80900 0.13392857142857142 0.8667698498046701 
81000 0.12797619047619047 0.866769097794795 
81100 0.14583333333333334 0.8667694118621049 
81200 0.14285714285714285 0.8667685156352167 
81300 0.14285714285714285 0.8667663037589299 
81400 0.13988095238095238 0.8667646091863853 
81500 0.14583333333333334 0.8667662418398606 
81600 0.13392857142857142 0.8667642961891807 
81700 0.13690476190476192 0.8667605339096508 
81800 0.13690476190476192 0.8667673683695798 
81900 0.12202380952380952 0.8667706976076227 
82000 0.13392857142857142 0.8667724943540177 
82100 0.13690476190476192 0.8667734167149521 
82200 0.13392857142857142 0.8667702455247619 
82300 0.12797619047619047 0.8667725425427336 
82400 0.125 0.8667748339854867 
82500 0.12202380952380952 0.8667760015607314 
82600 0.14285714285714285 0.8667734551236265 
82700 0.12797619047619047 0.8667732540229548 
82800 0.125 0.8667691714673333 
82900 0.125 0.8667695145270807 
83000 0.13392857142857142 0.8667706097631641 
83100 0.13988095238095238 0.8667692311879807 
83200 0.13392857142857142 0.8667685713484442 
83300 0.1488095238095238 0.8667688777531396 
83400 0.12797619047619047 0.8667666140807949 
83500 0.14285714285714285 0.8667700229994394 
83600 0.13690476190476192 0.8667691873701671 
83700 0.13988095238095238 0.8667691004431306 
83800 0.13690476190476192 0.8667629761776908 
83900 0.13690476190476192 0.8667595979047868 
84000 0.13392857142857142 0.8667619674028824 
84100 0.13988095238095238 0.8667621371921855 
84200 0.1488095238095238 0.8667581357194604 
84300 0.12797619047619047 0.8667587686075011 
84400 0.13690476190476192 0.866756755308135 
84500 0.13690476190476192 0.8667576348772429 
84600 0.13392857142857142 0.8667591807706877 
84700 0.14583333333333334 0.8667613554908274 
84800 0.13392857142857142 0.8667645428709567 
84900 0.13095238095238096 0.8667621490239893 
85000 0.13095238095238096 0.8667584653065706 
85100 0.13988095238095238 0.866761435011955 
85200 0.15476190476190477 0.8667628956959481 
85300 0.13392857142857142 0.8667620501853102 
85400 0.15178571428571427 0.8667643431185427 
85500 0.125 0.8667670135854718 
85600 0.12202380952380952 0.8667681480134022 
85700 0.14285714285714285 0.8667611882619584 
85800 0.12797619047619047 0.8667577481336937 
85900 0.14285714285714285 0.8667603791962065 
86000 0.13095238095238096 0.8667588167579446 
86100 0.13988095238095238 0.8667616824316514 
86200 0.13392857142857142 0.8667597077925845 
86300 0.13392857142857142 0.8667592206347551 
86400 0.125 0.8667603880246095 
86500 0.13690476190476192 0.8667608301803282 
86600 0.13690476190476192 0.8667662544862289 
86700 0.125 0.8667704305052778 
86800 0.13095238095238096 0.866776276990445 
86900 0.14285714285714285 0.8667782057415088 
87000 0.13988095238095238 0.8667778038676074 
87100 0.13392857142857142 0.8667795214203982 
87200 0.15178571428571427 0.86677843635476 
87300 0.14285714285714285 0.8667746605749893 
87400 0.12202380952380952 0.866771744738673 
87500 0.12797619047619047 0.8667719307697708 
87600 0.11904761904761904 0.8667731016334342 
87700 0.12797619047619047 0.8667703332915246 
87800 0.15178571428571427 0.8667676051525609 
87900 0.14583333333333334 0.8667675918958612 
88000 0.14285714285714285 0.8667691343875421 
88100 0.12797619047619047 0.8667679708516361 
88200 0.12202380952380952 0.8667694756727194 
88300 0.13095238095238096 0.8667744150015019 
88400 0.13095238095238096 0.8667767171347448 
88500 0.13988095238095238 0.866779720272195 
88600 0.13095238095238096 0.8667806339926294 
88700 0.125 0.866776378480728 
88800 0.13988095238095238 0.8667731715269187 
88900 0.14583333333333334 0.8667728843373662 
89000 0.12202380952380952 0.8667739019518775 
89100 0.11904761904761904 0.8667739486115542 
89200 0.125 0.8667751629412653 
89300 0.13095238095238096 0.8667759412921842 
89400 0.125 0.866775918933473 
89500 0.14285714285714285 0.8667790889274448 
89600 0.13392857142857142 0.8667781994886324 
89700 0.13690476190476192 0.8667840473721958 
89800 0.13988095238095238 0.8667847120697033 
89900 0.13690476190476192 0.8667840510805273 
90000 0.14583333333333334 0.8667829286023806 
90100 0.125 0.8667861688021009 
90200 0.13095238095238096 0.866786036317832 
90300 0.12797619047619047 0.8667832015254802 
90400 0.13690476190476192 0.866783500603923 
90500 0.14285714285714285 0.8667854761931071 
90600 0.13988095238095238 0.8667853122087898 
90700 0.12202380952380952 0.8667848532672239 
90800 0.13095238095238096 0.8667865258458974 
90900 0.12202380952380952 0.8667834472982381 
91000 0.10714285714285714 0.8667843328252279 
91100 0.12797619047619047 0.8667905088073363 
91200 0.14583333333333334 0.8667917762493206 
91300 0.12797619047619047 0.8667877601090271 
91400 0.13095238095238096 0.8667889952230386 
91500 0.125 0.8667875279531163 
91600 0.14285714285714285 0.866789118022729 
91700 0.13095238095238096 0.8667907370797743 
91800 0.13690476190476192 0.8667918663091646 
91900 0.13392857142857142 0.8667933169285168 
92000 0.12797619047619047 0.8667945379475689 
92100 0.13095238095238096 0.8667959502016679 
92200 0.14583333333333334 0.8667967138048808 
92300 0.14285714285714285 0.866795476600625 
92400 0.11607142857142858 0.8667958847590291 
92500 0.13690476190476192 0.8667939111082968 
92600 0.1488095238095238 0.8667952521339634 
92700 0.13690476190476192 0.8667962371084506 
92800 0.13392857142857142 0.8667953277904948 
92900 0.14285714285714285 0.8667968872137826 
93000 0.13988095238095238 0.8667978672528355 
93100 0.13690476190476192 0.8667964796040757 
93200 0.11607142857142858 0.866797138647092 
93300 0.13392857142857142 0.8667970945036572 
93400 0.14285714285714285 0.8667978789357308 
93500 0.13095238095238096 0.8667970383306316 
93600 0.12797619047619047 0.8667963267079463 
93700 0.13988095238095238 0.8667934567451382 
93800 0.13988095238095238 0.8667927187292652 
93900 0.13392857142857142 0.8667946446637568 
94000 0.14583333333333334 0.8667933370516322 
94100 0.13988095238095238 0.8667934238338644 
94200 0.12202380952380952 0.8667955640446644 
94300 0.13988095238095238 0.8667920819402511 
94400 0.13392857142857142 0.8667938091858389 
94500 0.125 0.866795973688361 
94600 0.14285714285714285 0.8667960572248053 
94700 0.13392857142857142 0.8667923693167618 
94800 0.14583333333333334 0.8667918285973475 
94900 0.14583333333333334 0.8667861458131055 
95000 0.13095238095238096 0.8667876804304315 
95100 0.12202380952380952 0.8667893682956616 
95200 0.13690476190476192 0.8667895520305159 
95300 0.15476190476190477 0.8667866124424818 
95400 0.13095238095238096 0.8667861123548171 
95500 0.125 0.8667869845292071 
95600 0.15178571428571427 0.8667823134944295 
95700 0.12202380952380952 0.8667812285884459 
95800 0.13095238095238096 0.8667793692878243 
95900 0.14583333333333334 0.8667817034531146 
96000 0.12797619047619047 0.8667813666127486 
96100 0.13988095238095238 0.8667792342480951 
96200 0.13690476190476192 0.8667794884817057 
96300 0.11607142857142858 0.8667784750788822 
96400 0.11607142857142858 0.8667765067147595 
96500 0.125 0.8667772872819971 
96600 0.13690476190476192 0.866781393616649 
96700 0.13690476190476192 0.866786476330328 
96800 0.125 0.8667867829976176 
96900 0.13095238095238096 0.8667877647338643 
97000 0.13690476190476192 0.8667902478668604 
97100 0.11011904761904762 0.8667951166213285 
97200 0.13690476190476192 0.8667955968511004 
97300 0.13690476190476192 0.8667961066812312 
97400 0.11904761904761904 0.8667957598949068 
97500 0.13392857142857142 0.8667944065042557 
97600 0.13690476190476192 0.866799368029504 
97700 0.1488095238095238 0.8667969170759572 
97800 0.13095238095238096 0.8667938929439323 
97900 0.14285714285714285 0.866796407789988 
98000 0.15178571428571427 0.8667944836325772 
98100 0.13095238095238096 0.8667938072569524 
98200 0.13690476190476192 0.8667944657725821 
98300 0.12797619047619047 0.866793185265276 
98400 0.13988095238095238 0.8667935103737331 
98500 0.13392857142857142 0.8667927773032036 
98600 0.13690476190476192 0.8667915627727141 
98700 0.13690476190476192 0.8667880590296523 
98800 0.13690476190476192 0.8667890205950296 
98900 0.14583333333333334 0.8667839015061237 
99000 0.125 0.8667827008481396 
99100 0.15476190476190477 0.8667853166634713 
99200 0.125 0.8667839669915002 
99300 0.13690476190476192 0.8667815110958936 
99400 0.11607142857142858 0.8667835513296072 
99500 0.14583333333333334 0.8667866941753636 
99600 0.13690476190476192 0.8667837947218927 
99700 0.13690476190476192 0.8667828115589422 
99800 0.13095238095238096 0.8667812041200084 
99900 0.12797619047619047 0.8667803744754926 
