0 2.7104779411764706 0.875 
100 1.5909926470588236 0.9180620267909144 
200 1.4310661764705883 0.9212485367281241 
300 1.3400735294117647 0.9234720050811022 
400 1.2904411764705883 0.9248478069532052 
500 1.2987132352941178 0.9256211841023835 
600 1.2518382352941178 0.9265241142213957 
700 1.2435661764705883 0.9272179449525887 
800 1.2408088235294117 0.9276765715649555 
900 1.2159926470588236 0.9280201328589149 
1000 1.2352941176470589 0.9283418787095258 
1100 1.21875 0.9286736322594433 
1200 1.224264705882353 0.9289968225008571 
1300 1.2325367647058822 0.9290449654112222 
1400 1.2325367647058822 0.9292528708485536 
1500 1.2049632352941178 0.9296994405690324 
1600 1.2049632352941178 0.9299036447808355 
1700 1.213235294117647 0.9301692127468272 
1800 1.2270220588235294 0.9302690294607571 
1900 1.1939338235294117 0.9303520592876814 
2000 1.1829044117647058 0.9305751535996708 
2100 1.1994485294117647 0.9307796357476832 
2200 1.2049632352941178 0.930850281957399 
2300 1.2408088235294117 0.9310254333154383 
2400 1.2049632352941178 0.9311224489795918 
2500 1.2325367647058822 0.9313429040148646 
2600 1.21875 0.9314199007169188 
2700 1.2077205882352942 0.9314438960515713 
2800 1.21875 0.9316069497238382 
2900 1.224264705882353 0.9317102875276274 
3000 1.2159926470588236 0.9318640110159359 
3100 1.1829044117647058 0.9318919300225733 
3200 1.213235294117647 0.9319178175018836 
3300 1.1939338235294117 0.9319983806154998 
3400 1.2104779411764706 0.9321112302609958 
3500 1.2077205882352942 0.9321404493674076 
3600 1.1856617647058822 0.9322022477416404 
3700 1.213235294117647 0.9322557397046903 
3800 1.2049632352941178 0.9323146385626073 
3900 1.2104779411764706 0.9323167984830436 
4000 1.2022058823529411 0.9323551465074907 
4100 1.2159926470588236 0.9323736947229514 
4200 1.2159926470588236 0.9323896096167579 
4300 1.2104779411764706 0.9324329926692835 
4400 1.2049632352941178 0.9324236553858081 
4500 1.2518382352941178 0.9324641501235019 
4600 1.2159926470588236 0.932427373524937 
4700 1.2297794117647058 0.9324363480235744 
4800 1.1884191176470589 0.9324011082250021 
4900 1.1856617647058822 0.932432006673308 
5000 1.2159926470588236 0.9324675506075255 
5100 1.2049632352941178 0.9324860249432061 
5200 1.2022058823529411 0.9324868238008528 
5300 1.2049632352941178 0.932494701332712 
5400 1.2215073529411764 0.9325159011947679 
5500 1.2077205882352942 0.9324910510923148 
5600 1.1939338235294117 0.9324946569415126 
5700 1.1911764705882353 0.9325432780110816 
5800 1.1801470588235294 0.9325559994727075 
5900 1.2022058823529411 0.9325643958651076 
6000 1.1994485294117647 0.9325918106786124 
6100 1.1939338235294117 0.932644389299729 
6200 1.2159926470588236 0.9326699263401539 
6300 1.2049632352941178 0.9326768568481193 
6400 1.1966911764705883 0.9326617451776836 
6500 1.177389705882353 0.9326690124596216 
6600 1.1911764705882353 0.9327089199942967 
6700 1.2325367647058822 0.932730216956205 
6800 1.177389705882353 0.9327922418415977 
6900 1.2435661764705883 0.9327998606340087 
7000 1.1939338235294117 0.9328005663056538 
7100 1.2104779411764706 0.9327986634028347 
7200 1.1801470588235294 0.9327769019008798 
7300 1.2380514705882353 0.9327544776299782 
7400 1.2104779411764706 0.9327545164802848 
7500 1.1939338235294117 0.9327470798011246 
7600 1.213235294117647 0.9327289559423295 
7700 1.2104779411764706 0.9327549850286823 
7800 1.1966911764705883 0.9327524233318504 
7900 1.2104779411764706 0.9327907580574313 
8000 1.2049632352941178 0.932811132983377 
8100 1.213235294117647 0.9328363373802798 
8200 1.2325367647058822 0.9328274170294871 
8300 1.1939338235294117 0.9328394169377183 
8400 1.213235294117647 0.932841612868216 
8500 1.213235294117647 0.9328482981240961 
8600 1.2077205882352942 0.9328475613300778 
8700 1.2049632352941178 0.9328655386128707 
8800 1.1939338235294117 0.9328751704351779 
8900 1.1911764705882353 0.9328866510372265 
9000 1.2022058823529411 0.9328747990419365 
9100 1.1801470588235294 0.9328881522392497 
9200 1.1994485294117647 0.9328689496665964 
9300 1.1884191176470589 0.9328656746270167 
9400 1.2049632352941178 0.9328839782376093 
9500 1.1966911764705883 0.9328999617687302 
9600 1.2077205882352942 0.9329030715244123 
9700 1.2297794117647058 0.9329202341177684 
9800 1.1966911764705883 0.9329528949626988 
9900 1.213235294117647 0.9329694861481609 
10000 1.2049632352941178 0.9329881350100284 
10100 1.213235294117647 0.9329833024685966 
10200 1.1911764705882353 0.9329621663389402 
10300 1.1994485294117647 0.9329627656081363 
10400 1.2022058823529411 0.9329516887516471 
10500 1.2022058823529411 0.9329492254239092 
10600 1.1608455882352942 0.9329376182602085 
10700 1.213235294117647 0.9329702900223729 
10800 1.1884191176470589 0.932974190162131 
10900 1.166360294117647 0.9329765853915183 
11000 1.21875 0.9329657364036424 
11100 1.2077205882352942 0.9329689925920823 
11200 1.2049632352941178 0.9329627541133407 
11300 1.2077205882352942 0.9329650030970711 
11400 1.1884191176470589 0.9329719690481227 
11500 1.1994485294117647 0.9329726603057534 
11600 1.1746323529411764 0.932993463418468 
11700 1.1994485294117647 0.9330096692339016 
11800 1.1939338235294117 0.9330204600058819 
11900 1.1939338235294117 0.9330410321426277 
12000 1.1801470588235294 0.9330328477528833 
12100 1.2077205882352942 0.9330356600329579 
12200 1.2215073529411764 0.9330430214254376 
12300 1.1884191176470589 0.9330684945508974 
12400 1.1636029411764706 0.9330908886617303 
12500 1.1746323529411764 0.9331202033249105 
12600 1.1801470588235294 0.9331330788406149 
12700 1.1746323529411764 0.9331710072620498 
12800 1.2022058823529411 0.9331890287753255 
12900 1.2159926470588236 0.9331935195402089 
13000 1.1829044117647058 0.9331792774990159 
13100 1.1801470588235294 0.933189246330545 
13200 1.1884191176470589 0.9332083242356862 
13300 1.2159926470588236 0.9332151607353715 
13400 1.213235294117647 0.9332264904506687 
13500 1.2022058823529411 0.9332315253336354 
13600 1.2049632352941178 0.9332387838048241 
13700 1.2022058823529411 0.933227555309402 
13800 1.1911764705882353 0.9332365355025425 
13900 1.2104779411764706 0.9332498825729846 
14000 1.224264705882353 0.933258312431465 
14100 1.224264705882353 0.9332610171577318 
14200 1.1636029411764706 0.9332603829680595 
14300 1.1939338235294117 0.9332605931506229 
14400 1.1939338235294117 0.9332475890154687 
14500 1.1939338235294117 0.933264744419249 
14600 1.1884191176470589 0.9332780767433334 
14700 1.1911764705882353 0.9332934159140834 
14800 1.2077205882352942 0.9332847641455069 
14900 1.2049632352941178 0.9333060207171252 
15000 1.1911764705882353 0.9332868617582357 
15100 1.1884191176470589 0.9333026494155042 
15200 1.2077205882352942 0.9333051086035361 
15300 1.1856617647058822 0.9333263973519609 
15400 1.1746323529411764 0.9333441272911995 
15500 1.2077205882352942 0.9333476943612746 
15600 1.2049632352941178 0.9333537490055314 
15700 1.2077205882352942 0.9333459113694519 
15800 1.177389705882353 0.9333614984345742 
15900 1.2049632352941178 0.9333668318122796 
16000 1.2104779411764706 0.9333691690225243 
16100 1.1829044117647058 0.9333793548628693 
16200 1.2077205882352942 0.9333820965118348 
16300 1.1829044117647058 0.9333944462086411 
16400 1.1746323529411764 0.9333938681106245 
16500 1.1884191176470589 0.9333947452382565 
16600 1.1994485294117647 0.9334055775343088 
16700 1.1966911764705883 0.9334036773951542 
16800 1.1884191176470589 0.9333946333726634 
16900 1.1691176470588236 0.9334042407863092 
17000 1.1801470588235294 0.9334164383063972 
17100 1.1884191176470589 0.9334100044029073 
17200 1.166360294117647 0.9334145992709042 
17300 1.1856617647058822 0.9334250910352003 
17400 1.1911764705882353 0.9334366242474232 
17500 1.1911764705882353 0.9334449270966029 
17600 1.177389705882353 0.9334410206472226 
17700 1.171875 0.9334407411345986 
17800 1.166360294117647 0.9334484678653215 
17900 1.171875 0.9334491767630464 
18000 1.1911764705882353 0.9334587620949163 
18100 1.1966911764705883 0.9334810373655014 
18200 1.21875 0.9334760008338262 
18300 1.1911764705882353 0.9334652940051492 
18400 1.1994485294117647 0.9334644936176743 
18500 1.2049632352941178 0.9334604727248448 
18600 1.1884191176470589 0.9334650928001973 
18700 1.1746323529411764 0.9334741850860445 
18800 1.21875 0.9334629904698436 
18900 1.1994485294117647 0.9334589167395438 
19000 1.1966911764705883 0.9334582719330562 
19100 1.1911764705882353 0.9334660546722223 
19200 1.2049632352941178 0.9334661931670225 
19300 1.1884191176470589 0.9334678540733945 
19400 1.1884191176470589 0.9334649025065415 
19500 1.1856617647058822 0.93346829687467 
19600 1.1911764705882353 0.9334670612543777 
19700 1.2049632352941178 0.9334696170991619 
19800 1.1829044117647058 0.9334714972802919 
19900 1.1994485294117647 0.9334750212079204 
20000 1.1911764705882353 0.9334781422693571 
20100 1.177389705882353 0.9334831070008223 
20200 1.1911764705882353 0.933485474656176 
20300 1.1911764705882353 0.9334801223208361 
20400 1.2104779411764706 0.9334798232929759 
20500 1.1994485294117647 0.9334747749033763 
20600 1.2077205882352942 0.933476155497877 
20700 1.1994485294117647 0.9334859142922906 
20800 1.2104779411764706 0.9334900559786435 
20900 1.1884191176470589 0.9334794704447015 
21000 1.1856617647058822 0.9334634275118552 
21100 1.2215073529411764 0.9334685316001193 
21200 1.1829044117647058 0.9334590644309231 
21300 1.1746323529411764 0.9334669457661474 
21400 1.1829044117647058 0.933464746699577 
21500 1.1911764705882353 0.933471630594473 
21600 1.2159926470588236 0.9334773870082267 
21700 1.1966911764705883 0.9334834291995219 
21800 1.1801470588235294 0.933476304378914 
21900 1.2104779411764706 0.9334838071455238 
22000 1.1856617647058822 0.9334805470072216 
22100 1.2022058823529411 0.9334827642880147 
22200 1.1966911764705883 0.9334908817700316 
22300 1.2077205882352942 0.9334933625371588 
22400 1.1966911764705883 0.9334883126278501 
22500 1.1746323529411764 0.9334970324848307 
22600 1.2325367647058822 0.9334999004468829 
22700 1.177389705882353 0.9335086138988435 
22800 1.2049632352941178 0.9335260385896388 
22900 1.1691176470588236 0.9335424682842003 
23000 1.1994485294117647 0.9335571567220863 
23100 1.1966911764705883 0.9335544106825017 
23200 1.2352941176470589 0.93355430293319 
23300 1.177389705882353 0.9335565628337082 
23400 1.1829044117647058 0.9335740821156462 
23500 1.177389705882353 0.9335755737553095 
23600 1.177389705882353 0.9335795062273035 
23700 1.2049632352941178 0.9335831728370856 
23800 1.1911764705882353 0.9335807458040567 
23900 1.1884191176470589 0.9335865684920887 
24000 1.1801470588235294 0.9335868281836296 
24100 1.1994485294117647 0.933587161992302 
24200 1.1966911764705883 0.9335903034512429 
24300 1.213235294117647 0.9335807486135889 
24400 1.1939338235294117 0.9335832125973622 
24500 1.177389705882353 0.9335908333273312 
24600 1.2104779411764706 0.9335824016001263 
24700 1.1801470588235294 0.9335928290590759 
24800 1.1994485294117647 0.9335910168470436 
24900 1.1966911764705883 0.9335940176038288 
25000 1.2077205882352942 0.9335956708790472 
25100 1.1966911764705883 0.9335943450225793 
25200 1.1829044117647058 0.9335921543729591 
25300 1.1911764705882353 0.9335961203579491 
25400 1.1801470588235294 0.9336142755495962 
25500 1.2049632352941178 0.933624431106508 
25600 1.177389705882353 0.933629373393043 
25700 1.1939338235294117 0.9336378176518653 
25800 1.2270220588235294 0.9336350107268984 
25900 1.1911764705882353 0.9336348869110209 
26000 1.1994485294117647 0.9336441316171098 
26100 1.1856617647058822 0.9336480938300764 
26200 1.1884191176470589 0.9336482372136672 
26300 1.1966911764705883 0.933646527363084 
26400 1.2022058823529411 0.9336490429284096 
26500 1.213235294117647 0.9336586493961382 
26600 1.1939338235294117 0.9336595801904838 
26700 1.1801470588235294 0.9336649445273034 
26800 1.1856617647058822 0.9336759616629757 
26900 1.2077205882352942 0.9336793460553621 
27000 1.2215073529411764 0.9336787226834736 
27100 1.21875 0.9336793248349855 
27200 1.2022058823529411 0.9336726915316694 
27300 1.2077205882352942 0.9336891680869264 
27400 1.1911764705882353 0.9336880148212711 
27500 1.1911764705882353 0.9336912815469812 
27600 1.2159926470588236 0.9336865991641394 
27700 1.1966911764705883 0.9336858326414209 
27800 1.2159926470588236 0.9336855014208122 
27900 1.177389705882353 0.9336873796954358 
28000 1.2159926470588236 0.933689999516824 
28100 1.2049632352941178 0.9336781112039136 
28200 1.1856617647058822 0.9336738032860745 
28300 1.213235294117647 0.9336765407374922 
28400 1.1966911764705883 0.9336781909605503 
28500 1.166360294117647 0.9336789588910193 
28600 1.1801470588235294 0.9336829993089505 
28700 1.1966911764705883 0.9336856345444 
28800 1.2104779411764706 0.933678198980019 
28900 1.213235294117647 0.9336728820191444 
29000 1.2022058823529411 0.9336641789228364 
29100 1.2022058823529411 0.9336652634233309 
29200 1.1691176470588236 0.9336632558917201 
29300 1.1856617647058822 0.9336629873102102 
29400 1.1966911764705883 0.9336581876466787 
29500 1.2215073529411764 0.9336534205221358 
29600 1.213235294117647 0.9336503933690634 
29700 1.1801470588235294 0.9336506049509127 
29800 1.2049632352941178 0.9336527581486607 
29900 1.1801470588235294 0.9336614750244434 
30000 1.1884191176470589 0.9336659672618756 
30100 1.1801470588235294 0.9336794373159383 
30200 1.1939338235294117 0.9336888009649077 
30300 1.171875 0.9337007417732283 
30400 1.1884191176470589 0.9337008433352618 
30500 1.1580882352941178 0.9337086284056261 
30600 1.1746323529411764 0.9337122176899255 
30700 1.1691176470588236 0.933715334526371 
30800 1.1884191176470589 0.9337169987796424 
30900 1.2104779411764706 0.9337159753063389 
31000 1.177389705882353 0.9337162036518746 
31100 1.213235294117647 0.9337165487396849 
31200 1.171875 0.9337144760631729 
31300 1.1994485294117647 0.9337132094539359 
31400 1.166360294117647 0.9337099312592143 
31500 1.1884191176470589 0.9337068197648254 
31600 1.1856617647058822 0.9337068400664909 
31700 1.1884191176470589 0.9337057874867558 
31800 1.21875 0.9337046259181638 
31900 1.2215073529411764 0.9337079086124905 
32000 1.2049632352941178 0.9337109410183873 
32100 1.2022058823529411 0.9337148134930743 
32200 1.1884191176470589 0.9337138666683716 
32300 1.1911764705882353 0.9337134663468806 
32400 1.1911764705882353 0.933712586258231 
32500 1.2022058823529411 0.933709364372499 
32600 1.1966911764705883 0.933710419384465 
32700 1.1884191176470589 0.9337081513517306 
32800 1.1911764705882353 0.9337096519654171 
32900 1.1966911764705883 0.9337021201751422 
33000 1.2077205882352942 0.9336969735319963 
33100 1.2270220588235294 0.9336927742986262 
33200 1.1856617647058822 0.9336903721007694 
33300 1.2077205882352942 0.9336892815442744 
33400 1.2104779411764706 0.9336804925706698 
33500 1.1829044117647058 0.9336785326425726 
33600 1.2104779411764706 0.9336763108415891 
33700 1.1994485294117647 0.9336742113168225 
33800 1.1884191176470589 0.9336683445233955 
33900 1.171875 0.9336725708247371 
34000 1.2049632352941178 0.9336757991114448 
34100 1.2049632352941178 0.933676447947878 
34200 1.2104779411764706 0.9336723094181972 
34300 1.1856617647058822 0.9336651403148939 
34400 1.2077205882352942 0.9336630625477713 
34500 1.1801470588235294 0.9336625952444686 
34600 1.1884191176470589 0.9336608556026093 
34700 1.2022058823529411 0.9336615627706949 
34800 1.213235294117647 0.9336608132879887 
34900 1.1884191176470589 0.9336565128759162 
35000 1.2077205882352942 0.9336575677669714 
35100 1.1911764705882353 0.9336624396489458 
35200 1.1939338235294117 0.9336661349861384 
35300 1.1884191176470589 0.9336677524965965 
35400 1.1801470588235294 0.9336721389143211 
35500 1.177389705882353 0.9336734456113084 
35600 1.1856617647058822 0.9336784368251387 
35700 1.2159926470588236 0.9336715059472712 
35800 1.177389705882353 0.9336717508712375 
35900 1.213235294117647 0.9336757066409751 
36000 1.2049632352941178 0.9336770618708304 
36100 1.2022058823529411 0.9336733685884536 
36200 1.1994485294117647 0.9336739865002104 
36300 1.2077205882352942 0.9336725248210631 
36400 1.2049632352941178 0.933665541468641 
36500 1.2104779411764706 0.9336659239392313 
36600 1.2049632352941178 0.9336681877062183 
36700 1.2104779411764706 0.9336648795032032 
36800 1.1884191176470589 0.9336598659803043 
36900 1.1829044117647058 0.9336606582078917 
37000 1.1994485294117647 0.9336598315307854 
37100 1.1966911764705883 0.9336603966200372 
37200 1.224264705882353 0.933660933964457 
37300 1.1966911764705883 0.9336622815663356 
37400 1.2022058823529411 0.9336629092962283 
37500 1.1829044117647058 0.93366086218093 
37600 1.1746323529411764 0.9336604148121843 
37700 1.1911764705882353 0.9336593359592584 
37800 1.2352941176470589 0.9336529622232216 
37900 1.1994485294117647 0.933653242503302 
38000 1.2104779411764706 0.9336557464819037 
38100 1.2049632352941178 0.933658285562985 
38200 1.213235294117647 0.9336520053755907 
38300 1.1856617647058822 0.9336528371629063 
38400 1.1911764705882353 0.9336559623523897 
38500 1.177389705882353 0.9336543684121268 
38600 1.1856617647058822 0.9336570448494934 
38700 1.166360294117647 0.933659944947463 
38800 1.2077205882352942 0.9336624274010524 
38900 1.2077205882352942 0.9336642119059392 
39000 1.2159926470588236 0.9336678254479146 
39100 1.1829044117647058 0.9336675654827543 
39200 1.213235294117647 0.933670753447166 
39300 1.213235294117647 0.933675959824402 
39400 1.2022058823529411 0.933682935973557 
39500 1.2049632352941178 0.9336831290198163 
39600 1.224264705882353 0.9336829497398312 
39700 1.1994485294117647 0.93368568838835 
39800 1.2049632352941178 0.9336837023382505 
39900 1.2297794117647058 0.9336822330119988 
40000 1.1829044117647058 0.9336813224889966 
40100 1.177389705882353 0.9336874758880884 
40200 1.2022058823529411 0.9336920439863217 
40300 1.1884191176470589 0.9336983911142185 
40400 1.1884191176470589 0.9337044565728571 
40500 1.1939338235294117 0.9337051136718484 
40600 1.1856617647058822 0.9337082124172543 
40700 1.1856617647058822 0.9337163769281576 
40800 1.2104779411764706 0.9337179010534632 
40900 1.2104779411764706 0.933711597551908 
41000 1.1829044117647058 0.9337074095753762 
41100 1.1856617647058822 0.9337053664072865 
41200 1.1911764705882353 0.9337074601630172 
41300 1.1939338235294117 0.9337072070965381 
41400 1.1829044117647058 0.9337026705805629 
41500 1.1884191176470589 0.9336944573979082 
41600 1.1939338235294117 0.9336904373056644 
41700 1.2077205882352942 0.9336937099124439 
41800 1.2215073529411764 0.9336946581280774 
41900 1.2022058823529411 0.9336987605237556 
42000 1.1801470588235294 0.9336985323878844 
42100 1.2077205882352942 0.933697191941787 
42200 1.1829044117647058 0.9337002790915186 
42300 1.213235294117647 0.9337046335992614 
42400 1.1994485294117647 0.9337026596209579 
42500 1.2049632352941178 0.9337002624159708 
42600 1.2077205882352942 0.9336945323363025 
42700 1.21875 0.9336907232507298 
42800 1.1884191176470589 0.9336941043502283 
42900 1.2049632352941178 0.9336950487579475 
43000 1.1994485294117647 0.9336975918480692 
43100 1.213235294117647 0.9336962846842641 
43200 1.1884191176470589 0.9336972813129326 
43300 1.2022058823529411 0.9337026034923797 
43400 1.1994485294117647 0.9337071599393888 
43500 1.177389705882353 0.9337026101157918 
43600 1.1911764705882353 0.933702634484908 
43700 1.1911764705882353 0.9337061710796765 
43800 1.2022058823529411 0.9337058304806364 
43900 1.1939338235294117 0.9337067266657466 
44000 1.166360294117647 0.9337048405985425 
44100 1.1884191176470589 0.9337089028259997 
44200 1.1691176470588236 0.9337118861763841 
44300 1.1911764705882353 0.9337110385902855 
44400 1.1939338235294117 0.9337073381693841 
44500 1.2270220588235294 0.9337078058060824 
44600 1.2270220588235294 0.933704561985553 
44700 1.1994485294117647 0.9337078712214624 
44800 1.21875 0.933710365577449 
44900 1.2270220588235294 0.9337134629190755 
45000 1.177389705882353 0.9337175677141815 
45100 1.1966911764705883 0.9337179860691754 
45200 1.2159926470588236 0.9337149457911524 
45300 1.213235294117647 0.9337121421160681 
45400 1.2352941176470589 0.933704411149275 
45500 1.1856617647058822 0.9337020873490822 
45600 1.213235294117647 0.933702111795794 
45700 1.1856617647058822 0.9336966859072462 
45800 1.1856617647058822 0.9336923673641855 
45900 1.1884191176470589 0.9336956567010587 
46000 1.2215073529411764 0.9336965340906911 
46100 1.2408088235294117 0.9336911075681655 
46200 1.1939338235294117 0.933690200555883 
46300 1.2104779411764706 0.9336888210393118 
46400 1.1966911764705883 0.9336859420499305 
46500 1.171875 0.9336897364319806 
46600 1.2077205882352942 0.9336865522640893 
46700 1.1939338235294117 0.9336865503572792 
46800 1.2270220588235294 0.9336903976724982 
46900 1.1580882352941178 0.933691053871923 
47000 1.1939338235294117 0.9336931543696817 
47100 1.2215073529411764 0.9336931774896748 
47200 1.2022058823529411 0.9336944467465171 
47300 1.1746323529411764 0.9336961964179342 
47400 1.1966911764705883 0.9336953404122772 
47500 1.213235294117647 0.9336943912635896 
47600 1.2159926470588236 0.9336930020006995 
47700 1.1911764705882353 0.9336921773436739 
47800 1.2022058823529411 0.9336873951689418 
47900 1.1939338235294117 0.9336916704428374 
48000 1.2077205882352942 0.9336933812347047 
48100 1.1856617647058822 0.9336928492681453 
48200 1.2077205882352942 0.9336918809348598 
48300 1.1801470588235294 0.9336951600685408 
48400 1.1691176470588236 0.9336982737352291 
48500 1.2022058823529411 0.933699972226164 
48600 1.1829044117647058 0.9336971817028699 
48700 1.1829044117647058 0.9336951575459859 
48800 1.177389705882353 0.9336941775542208 
48900 1.1966911764705883 0.933694216526307 
49000 1.1966911764705883 0.9336940677681248 
49100 1.2077205882352942 0.933692197475312 
49200 1.177389705882353 0.9336956588340505 
49300 1.1966911764705883 0.9336970367800677 
49400 1.1966911764705883 0.9336957858080986 
49500 1.1884191176470589 0.933699274643293 
49600 1.2159926470588236 0.9337001922399573 
49700 1.1994485294117647 0.9336940788266777 
49800 1.1691176470588236 0.9336949478040247 
49900 1.1939338235294117 0.9336959974867886 
50000 1.1884191176470589 0.9336951128624487 
50100 1.213235294117647 0.9336893886114754 
50200 1.1829044117647058 0.9336892164088599 
50300 1.2270220588235294 0.9336858472290926 
50400 1.1746323529411764 0.9336848074034478 
50500 1.1746323529411764 0.9336867018940801 
50600 1.1911764705882353 0.9336868269866789 
50700 1.1801470588235294 0.9336870422268038 
50800 1.177389705882353 0.9336868043067702 
50900 1.1691176470588236 0.9336854297326875 
51000 1.1994485294117647 0.9336912511519382 
51100 1.213235294117647 0.9336877868454284 
51200 1.1966911764705883 0.9336907984908382 
51300 1.21875 0.9336878681415453 
51400 1.1939338235294117 0.9336895446929964 
51500 1.1829044117647058 0.9336881808120231 
51600 1.1994485294117647 0.9336900996275722 
51700 1.2104779411764706 0.9336882421775891 
51800 1.177389705882353 0.9336831626291566 
51900 1.1966911764705883 0.9336851508584783 
52000 1.1939338235294117 0.9336855230159601 
52100 1.1829044117647058 0.9336841825605696 
52200 1.1829044117647058 0.9336880942105008 
52300 1.2022058823529411 0.9336882477221783 
52400 1.21875 0.9336861555179122 
52500 1.2215073529411764 0.933682670750249 
52600 1.1856617647058822 0.9336800554283804 
52700 1.1746323529411764 0.9336813217630651 
52800 1.1994485294117647 0.9336813647970126 
52900 1.2049632352941178 0.9336798961044882 
53000 1.1939338235294117 0.9336853695601748 
53100 1.1911764705882353 0.9336863394064806 
53200 1.1939338235294117 0.9336916937927969 
53300 1.1939338235294117 0.9336934241107936 
53400 1.1884191176470589 0.9336933235167441 
53500 1.224264705882353 0.9336966248294425 
53600 1.1801470588235294 0.9336984734426597 
53700 1.224264705882353 0.9337015132536692 
53800 1.1691176470588236 0.9336976058011167 
53900 1.2159926470588236 0.9336936787432734 
54000 1.2077205882352942 0.9336933405100342 
54100 1.1966911764705883 0.9336873122384386 
54200 1.1856617647058822 0.9336847655567457 
54300 1.213235294117647 0.9336893542476198 
54400 1.2077205882352942 0.9336879958413394 
54500 1.1801470588235294 0.9336877217309558 
54600 1.2077205882352942 0.9336857484564492 
54700 1.2077205882352942 0.9336783887701806 
54800 1.2022058823529411 0.933679945057894 
54900 1.1856617647058822 0.9336820313998352 
55000 1.1994485294117647 0.9336812860087036 
55100 1.213235294117647 0.9336821613411521 
55200 1.1856617647058822 0.933684914995146 
55300 1.1884191176470589 0.9336843844968232 
55400 1.1911764705882353 0.9336859462878669 
55500 1.1801470588235294 0.9336849355920455 
55600 1.2325367647058822 0.9336914334221665 
55700 1.1966911764705883 0.9336924131154051 
55800 1.1856617647058822 0.9336942787500119 
55900 1.2215073529411764 0.9336916819598092 
56000 1.1829044117647058 0.93369574151512 
56100 1.1801470588235294 0.9336949535344342 
56200 1.1939338235294117 0.9337011842734638 
56300 1.177389705882353 0.9337025933088641 
56400 1.2077205882352942 0.9337039321632804 
56500 1.1829044117647058 0.9337028099190332 
56600 1.1939338235294117 0.9337073101753555 
56700 1.1829044117647058 0.9337113731005885 
56800 1.213235294117647 0.9337110365704001 
56900 1.2104779411764706 0.9337102166352912 
57000 1.213235294117647 0.9337057715447716 
57100 1.1829044117647058 0.9337072332873536 
57200 1.1884191176470589 0.9337124338118318 
57300 1.213235294117647 0.9337107670331182 
57400 1.2022058823529411 0.9337109314553856 
57500 1.21875 0.9337131892591126 
57600 1.1884191176470589 0.9337123117245718 
57700 1.213235294117647 0.9337166778636724 
57800 1.2270220588235294 0.9337168468233299 
57900 1.1884191176470589 0.9337173644262976 
58000 1.2049632352941178 0.9337186091872656 
58100 1.2104779411764706 0.9337192801683073 
58200 1.2077205882352942 0.9337205489444794 
58300 1.2049632352941178 0.9337216084226181 
58400 1.213235294117647 0.933723104937768 
58500 1.213235294117647 0.933720417172356 
58600 1.2159926470588236 0.9337225693548695 
58700 1.2022058823529411 0.9337247298623031 
58800 1.1884191176470589 0.9337252105056236 
58900 1.21875 0.9337252838012338 
59000 1.21875 0.9337258086104223 
59100 1.1829044117647058 0.9337231435568424 
59200 1.21875 0.933727442874077 
59300 1.213235294117647 0.9337246445601056 
59400 1.1801470588235294 0.9337234958165688 
59500 1.2104779411764706 0.9337280972539266 
59600 1.1856617647058822 0.9337293060124336 
59700 1.224264705882353 0.9337292329077156 
59800 1.1994485294117647 0.9337306355294078 
59900 1.1911764705882353 0.9337269699661304 
60000 1.1994485294117647 0.9337261964751568 
60100 1.1966911764705883 0.9337283159133106 
60200 1.1966911764705883 0.9337303672403331 
60300 1.1966911764705883 0.9337339359799905 
60400 1.2049632352941178 0.9337356364376515 
60500 1.2270220588235294 0.9337367084112368 
60600 1.2049632352941178 0.9337390356837443 
60700 1.1884191176470589 0.9337398411160975 
60800 1.1829044117647058 0.9337445893885259 
60900 1.2104779411764706 0.933742877785258 
61000 1.1994485294117647 0.9337442003120489 
61100 1.1801470588235294 0.9337458193617704 
61200 1.1966911764705883 0.9337477785349528 
61300 1.1966911764705883 0.9337511856874037 
61400 1.1801470588235294 0.9337481599983523 
61500 1.1994485294117647 0.9337480583768605 
61600 1.2022058823529411 0.9337561633596475 
61700 1.21875 0.9337542466420127 
61800 1.1994485294117647 0.9337519940663439 
61900 1.2159926470588236 0.9337513375247193 
62000 1.1994485294117647 0.9337531587488627 
62100 1.2049632352941178 0.933753212863864 
62200 1.21875 0.9337524393167501 
62300 1.1966911764705883 0.9337537926640778 
62400 1.2159926470588236 0.9337540222536026 
62500 1.1939338235294117 0.9337543540479822 
62600 1.2022058823529411 0.9337575331205947 
62700 1.224264705882353 0.9337563190895727 
62800 1.2159926470588236 0.9337597776168794 
62900 1.1636029411764706 0.9337598935816039 
63000 1.21875 0.9337596298658192 
63100 1.2077205882352942 0.933754560266128 
63200 1.2049632352941178 0.9337555565018052 
63300 1.1636029411764706 0.9337590905542799 
63400 1.1829044117647058 0.933761598675842 
63500 1.2297794117647058 0.9337614211957755 
63600 1.1856617647058822 0.9337613598842786 
63700 1.2297794117647058 0.933757677181169 
63800 1.2077205882352942 0.9337538907743471 
63900 1.1829044117647058 0.9337505189553326 
64000 1.2297794117647058 0.9337526435708265 
64100 1.2077205882352942 0.9337543170612187 
64200 1.1911764705882353 0.9337541099094113 
64300 1.177389705882353 0.9337573625467356 
64400 1.1939338235294117 0.9337611331391457 
64500 1.213235294117647 0.9337615006196894 
64600 1.1939338235294117 0.9337651108569618 
64700 1.2077205882352942 0.9337654852593423 
64800 1.2077205882352942 0.9337618019692869 
64900 1.1884191176470589 0.9337587389888853 
65000 1.1939338235294117 0.9337575377799617 
65100 1.1911764705882353 0.9337577803313765 
65200 1.2049632352941178 0.9337547517089687 
65300 1.1994485294117647 0.9337581365297531 
65400 1.1801470588235294 0.9337604710352513 
65500 1.21875 0.9337628826052947 
65600 1.1746323529411764 0.9337623866027868 
65700 1.1829044117647058 0.9337644801493755 
65800 1.1911764705882353 0.933769556514875 
65900 1.2077205882352942 0.9337680345161236 
66000 1.1966911764705883 0.9337675476396525 
66100 1.2049632352941178 0.9337695372811838 
66200 1.1856617647058822 0.9337714792605764 
66300 1.2159926470588236 0.9337701298977834 
66400 1.1911764705882353 0.933769781217859 
66500 1.2022058823529411 0.9337697376510039 
66600 1.2049632352941178 0.9337700668246458 
66700 1.1939338235294117 0.9337736745723011 
66800 1.1746323529411764 0.9337781933741746 
66900 1.2049632352941178 0.9337782886169819 
67000 1.1856617647058822 0.9337783835754866 
67100 1.1939338235294117 0.9337817108669372 
67200 1.1829044117647058 0.9337826210788179 
67300 1.2077205882352942 0.933782176560614 
67400 1.21875 0.9337849652256861 
67500 1.2049632352941178 0.9337851449041713 
67600 1.1801470588235294 0.9337852832624299 
67700 1.213235294117647 0.933786548030831 
67800 1.1939338235294117 0.9337851114030072 
67900 1.1939338235294117 0.9337864403798957 
68000 1.1856617647058822 0.9337823184044871 
68100 1.1829044117647058 0.9337843763847296 
68200 1.1829044117647058 0.9337839216821903 
68300 1.1856617647058822 0.9337850293079853 
68400 1.2049632352941178 0.9337838896834154 
68500 1.1801470588235294 0.9337821764302282 
68600 1.213235294117647 0.9337855192258387 
68700 1.1746323529411764 0.9337852802253928 
68800 1.1966911764705883 0.93378542933285 
68900 1.2215073529411764 0.9337878457539676 
69000 1.1829044117647058 0.9337912275568043 
69100 1.1746323529411764 0.9337904629370308 
69200 1.2270220588235294 0.9337924233073817 
69300 1.1691176470588236 0.9337931711154325 
69400 1.1911764705882353 0.9337957311388122 
69500 1.2077205882352942 0.9337963794638587 
69600 1.1911764705882353 0.9337963656497498 
69700 1.1829044117647058 0.9337923695288362 
69800 1.2049632352941178 0.9337940601306066 
69900 1.213235294117647 0.9337952988344019 
70000 1.177389705882353 0.9337939736365111 
70100 1.2022058823529411 0.9337933077861607 
70200 1.1994485294117647 0.9337937305233628 
70300 1.1884191176470589 0.9337929100247089 
70400 1.2022058823529411 0.9337915304720772 
70500 1.1856617647058822 0.9337932054781034 
70600 1.1856617647058822 0.9337953834598244 
70700 1.1856617647058822 0.933794708266045 
70800 1.2022058823529411 0.9337977477469993 
70900 1.177389705882353 0.9338006230933439 
71000 1.2022058823529411 0.9338049790309498 
71100 1.2159926470588236 0.9338043199938447 
71200 1.1856617647058822 0.933804553513376 
71300 1.1801470588235294 0.9338060625541924 
71400 1.2077205882352942 0.9338084040880956 
71500 1.2159926470588236 0.933809530738772 
71600 1.1884191176470589 0.9338103589992581 
71700 1.2077205882352942 0.9338121848124196 
71800 1.1994485294117647 0.9338096532327503 
71900 1.2022058823529411 0.9338081513429004 
72000 1.1856617647058822 0.9338075982604817 
72100 1.2104779411764706 0.9338068937405617 
72200 1.2077205882352942 0.9338061020622983 
72300 1.1994485294117647 0.9338056430958159 
72400 1.1829044117647058 0.9338021894197106 
72500 1.171875 0.9338073911962269 
72600 1.2435661764705883 0.9338073248059295 
72700 1.1829044117647058 0.9338119489415552 
72800 1.1856617647058822 0.9338120658491278 
72900 1.1746323529411764 0.9338107199368685 
73000 1.1856617647058822 0.9338152952376961 
73100 1.1966911764705883 0.9338180600450464 
73200 1.1911764705882353 0.9338200011531504 
73300 1.1829044117647058 0.9338203821350644 
73400 1.177389705882353 0.9338193095421845 
73500 1.1994485294117647 0.933820965921232 
73600 1.2215073529411764 0.9338170731975349 
73700 1.2077205882352942 0.9338188528250475 
73800 1.2159926470588236 0.9338153097718268 
73900 1.2215073529411764 0.9338122986674542 
74000 1.1939338235294117 0.933814400461202 
74100 1.1911764705882353 0.9338148220989317 
74200 1.2077205882352942 0.9338155151111805 
74300 1.1829044117647058 0.9338138559215021 
74400 1.213235294117647 0.9338139059840277 
74500 1.1801470588235294 0.9338158681446834 
74600 1.1939338235294117 0.9338171474203547 
74700 1.166360294117647 0.9338189154291185 
74800 1.2022058823529411 0.9338185038222987 
74900 1.166360294117647 0.93381401930941 
75000 1.2159926470588236 0.9338111153615991 
75100 1.1884191176470589 0.9338120742498142 
75200 1.1746323529411764 0.9338111239329577 
75300 1.1746323529411764 0.9338115065849449 
75400 1.166360294117647 0.9338120832575945 
75500 1.1856617647058822 0.933812329715929 
75600 1.213235294117647 0.9338135845931076 
75700 1.171875 0.9338164023981345 
75800 1.2022058823529411 0.9338176243406691 
75900 1.1939338235294117 0.9338188067350891 
76000 1.1691176470588236 0.9338205423187156 
76100 1.1966911764705883 0.9338231670836822 
76200 1.1746323529411764 0.9338214909754928 
76300 1.1856617647058822 0.9338202890525681 
76400 1.1966911764705883 0.9338179834996 
76500 1.1966911764705883 0.933817726431104 
76600 1.1966911764705883 0.9338194498305582 
76700 1.2022058823529411 0.9338193473012469 
76800 1.1801470588235294 0.9338199989928133 
76900 1.177389705882353 0.9338250114547582 
77000 1.2077205882352942 0.9338310254947033 
77100 1.1829044117647058 0.9338304197244714 
77200 1.1884191176470589 0.9338273629875261 
77300 1.1856617647058822 0.9338271796765433 
77400 1.2380514705882353 0.9338303336444201 
77500 1.1939338235294117 0.9338349026046723 
77600 1.177389705882353 0.9338373515312492 
77700 1.1939338235294117 0.9338383037124967 
77800 1.1801470588235294 0.933840907363961 
77900 1.2022058823529411 0.933842938001249 
78000 1.1884191176470589 0.9338419233124462 
78100 1.1884191176470589 0.9338419232976606 
78200 1.2104779411764706 0.9338410888005795 
78300 1.1829044117647058 0.9338409489924627 
78400 1.1939338235294117 0.9338381249076205 
78500 1.2022058823529411 0.9338363032280593 
78600 1.2352941176470589 0.9338347902137153 
78700 1.21875 0.9338343321185096 
78800 1.1801470588235294 0.9338337935394967 
78900 1.2215073529411764 0.9338314041348913 
79000 1.2215073529411764 0.9338299631538544 
79100 1.2077205882352942 0.9338299782593661 
79200 1.2159926470588236 0.9338291809855342 
79300 1.1911764705882353 0.9338276207665952 
79400 1.1939338235294117 0.9338318059966647 
79500 1.2104779411764706 0.9338312753372692 
79600 1.1911764705882353 0.9338293373309676 
79700 1.1856617647058822 0.9338316710543894 
79800 1.1911764705882353 0.9338339528584707 
79900 1.177389705882353 0.9338343769348392 
80000 1.2077205882352942 0.9338336280906783 
80100 1.1939338235294117 0.9338343383757418 
80200 1.1884191176470589 0.9338346687037055 
80300 1.1966911764705883 0.9338346891694997 
80400 1.1856617647058822 0.9338349725127797 
80500 1.1801470588235294 0.9338360886273244 
80600 1.1911764705882353 0.9338364721609789 
80700 1.2104779411764706 0.9338376178187164 
80800 1.2104779411764706 0.9338372705055339 
80900 1.2049632352941178 0.9338361060577307 
81000 1.1911764705882353 0.933838337235488 
81100 1.2049632352941178 0.9338363923669615 
81200 1.1911764705882353 0.9338359690405146 
81300 1.1884191176470589 0.9338370277263068 
81400 1.1636029411764706 0.9338379031512115 
81500 1.171875 0.9338414040571137 
81600 1.2159926470588236 0.9338412807801519 
81700 1.1939338235294117 0.9338424290292364 
81800 1.1746323529411764 0.9338432261542898 
81900 1.2159926470588236 0.9338459179015985 
82000 1.1911764705882353 0.9338467200364128 
82100 1.1994485294117647 0.9338472515380983 
82200 1.1939338235294117 0.933848128368268 
82300 1.1994485294117647 0.9338505553860041 
82400 1.1911764705882353 0.9338533446017574 
82500 1.177389705882353 0.933853341884626 
82600 1.1966911764705883 0.9338524712526625 
82700 1.1939338235294117 0.9338540366358754 
82800 1.213235294117647 0.9338538443873582 
82900 1.2215073529411764 0.9338517123897604 
83000 1.21875 0.9338503939002861 
83100 1.1829044117647058 0.9338489348008129 
83200 1.2022058823529411 0.9338487937963132 
83300 1.1829044117647058 0.9338481897152566 
83400 1.2049632352941178 0.9338485789245016 
83500 1.1829044117647058 0.9338491983540881 
83600 1.171875 0.9338497833195072 
83700 1.1856617647058822 0.9338534195950994 
83800 1.2325367647058822 0.9338550949132293 
83900 1.1829044117647058 0.9338562075436246 
84000 1.2077205882352942 0.9338563108842541 
84100 1.1691176470588236 0.9338564904802839 
84200 1.1829044117647058 0.9338592675998678 
84300 1.1911764705882353 0.9338606207657854 
84400 1.1801470588235294 0.93386160046891 
84500 1.1966911764705883 0.9338612508588482 
84600 1.1691176470588236 0.9338632161384548 
84700 1.1829044117647058 0.9338634948229655 
84800 1.1884191176470589 0.9338645423853909 
84900 1.1856617647058822 0.9338647322452379 
85000 1.213235294117647 0.9338619913295138 
85100 1.1939338235294117 0.9338586088364207 
85200 1.2104779411764706 0.9338584705751175 
85300 1.2022058823529411 0.9338584188379282 
85400 1.1939338235294117 0.9338592282119579 
85500 1.2104779411764706 0.9338594337045938 
85600 1.1994485294117647 0.9338604654838419 
85700 1.1801470588235294 0.9338627818194173 
85800 1.1966911764705883 0.933863121710497 
85900 1.224264705882353 0.9338630007217611 
86000 1.2022058823529411 0.9338621639659457 
86100 1.2159926470588236 0.9338594717250671 
86200 1.2049632352941178 0.9338567430806385 
86300 1.1746323529411764 0.9338567578454888 
86400 1.213235294117647 0.9338555385898992 
86500 1.2215073529411764 0.9338550765649088 
86600 1.1801470588235294 0.9338531085261208 
86700 1.1994485294117647 0.9338506997849947 
86800 1.2104779411764706 0.9338529238955637 
86900 1.1884191176470589 0.9338525304657024 
87000 1.1966911764705883 0.933850352548348 
87100 1.1939338235294117 0.9338520734380709 
87200 1.2049632352941178 0.9338521882675388 
87300 1.1994485294117647 0.9338511552660606 
87400 1.171875 0.9338521542356831 
87500 1.2159926470588236 0.9338539597362585 
87600 1.1884191176470589 0.9338540613960222 
87700 1.1856617647058822 0.9338553470783417 
87800 1.2077205882352942 0.9338580430378323 
87900 1.2215073529411764 0.9338564562438894 
88000 1.213235294117647 0.9338560846066589 
88100 1.1966911764705883 0.9338578107546353 
88200 1.1746323529411764 0.9338559899447585 
88300 1.1966911764705883 0.933855609689318 
88400 1.213235294117647 0.9338536395316263 
88500 1.224264705882353 0.9338507287554744 
88600 1.224264705882353 0.9338492146217975 
88700 1.1939338235294117 0.9338475691964478 
88800 1.2215073529411764 0.933846155183732 
88900 1.2049632352941178 0.9338436174376388 
89000 1.1911764705882353 0.9338400217082822 
89100 1.21875 0.9338363102645577 
89200 1.1856617647058822 0.9338353891937377 
89300 1.213235294117647 0.9338345936940302 
89400 1.1829044117647058 0.9338326896428978 
89500 1.2077205882352942 0.9338339938857075 
89600 1.1884191176470589 0.933833130801455 
89700 1.2215073529411764 0.9338341037577783 
89800 1.1994485294117647 0.9338334676444714 
89900 1.1801470588235294 0.9338319434875094 
90000 1.2022058823529411 0.933832975793733 
90100 1.1746323529411764 0.9338331897308707 
90200 1.2270220588235294 0.9338330567451646 
90300 1.1801470588235294 0.9338323031729829 
90400 1.1939338235294117 0.9338333000122981 
90500 1.213235294117647 0.933834030595697 
90600 1.1911764705882353 0.9338367174885097 
90700 1.177389705882353 0.9338368144167293 
90800 1.1691176470588236 0.9338395328148109 
90900 1.1801470588235294 0.9338392927632324 
91000 1.1856617647058822 0.9338398006453711 
91100 1.2159926470588236 0.933839621360778 
91200 1.1966911764705883 0.9338409541594294 
91300 1.2215073529411764 0.9338409652751694 
91400 1.21875 0.9338385428432048 
91500 1.2104779411764706 0.9338394003408513 
91600 1.1966911764705883 0.9338355801567797 
91700 1.2022058823529411 0.9338364991529375 
91800 1.2049632352941178 0.9338376063761961 
91900 1.2022058823529411 0.9338351307705158 
92000 1.2104779411764706 0.9338334897414798 
92100 1.213235294117647 0.9338301857072511 
92200 1.2049632352941178 0.9338299591780618 
92300 1.2215073529411764 0.9338290560072958 
92400 1.1856617647058822 0.9338318550951511 
92500 1.1884191176470589 0.9338315579418219 
92600 1.1939338235294117 0.9338319661457093 
92700 1.2104779411764706 0.9338313324083692 
92800 1.2104779411764706 0.9338320668134281 
92900 1.1746323529411764 0.9338286146796368 
93000 1.1746323529411764 0.9338287871034909 
93100 1.2077205882352942 0.9338274585728213 
93200 1.2049632352941178 0.9338277600688455 
93300 1.1746323529411764 0.933829302157407 
93400 1.177389705882353 0.9338294337445688 
93500 1.1829044117647058 0.933831344285717 
93600 1.2104779411764706 0.9338290872646534 
93700 1.1801470588235294 0.9338265604077299 
93800 1.1994485294117647 0.9338275566327212 
93900 1.2022058823529411 0.9338277774715172 
94000 1.2325367647058822 0.9338263551795757 
94100 1.2270220588235294 0.9338255707884582 
94200 1.1884191176470589 0.933827159009802 
94300 1.1801470588235294 0.9338259953110097 
94400 1.1801470588235294 0.9338262750519218 
94500 1.1911764705882353 0.9338274003636439 
94600 1.2049632352941178 0.9338279306368481 
94700 1.1966911764705883 0.9338260043064331 
94800 1.1856617647058822 0.9338263701146116 
94900 1.1884191176470589 0.9338262218460476 
95000 1.1884191176470589 0.9338278153573616 
95100 1.1911764705882353 0.9338295118286009 
95200 1.1966911764705883 0.9338312433538452 
95300 1.1939338235294117 0.9338343600338741 
95400 1.1994485294117647 0.9338360635786899 
95500 1.2215073529411764 0.9338366375282796 
95600 1.1553308823529411 0.9338379313347079 
95700 1.2049632352941178 0.9338377722250121 
95800 1.1884191176470589 0.9338372296862921 
95900 1.224264705882353 0.9338356915403568 
96000 1.1966911764705883 0.9338374213473266 
96100 1.1966911764705883 0.9338418733171044 
96200 1.1939338235294117 0.9338441663502336 
96300 1.1801470588235294 0.9338438776825359 
96400 1.177389705882353 0.9338459159869589 
96500 1.1746323529411764 0.9338470261966197 
96600 1.1829044117647058 0.9338501416834681 
96700 1.1856617647058822 0.9338522812435178 
96800 1.1966911764705883 0.9338552519359 
96900 1.1966911764705883 0.9338531229872574 
97000 1.2049632352941178 0.9338499371898531 
97100 1.1856617647058822 0.9338507240338593 
97200 1.1939338235294117 0.9338517740225379 
97300 1.1966911764705883 0.9338532091442141 
97400 1.1966911764705883 0.9338513857509616 
97500 1.1966911764705883 0.9338503013845408 
97600 1.1939338235294117 0.9338490403154018 
97700 1.1994485294117647 0.9338452230003065 
97800 1.1856617647058822 0.933844655744528 
97900 1.1911764705882353 0.9338457325888037 
98000 1.1746323529411764 0.933842652490941 
98100 1.21875 0.9338401595564475 
98200 1.1856617647058822 0.93384018941942 
98300 1.2077205882352942 0.9338436132838096 
98400 1.1856617647058822 0.9338428456310522 
98500 1.166360294117647 0.9338432645801744 
98600 1.1966911764705883 0.933845006344644 
98700 1.1746323529411764 0.9338469960075498 
98800 1.1911764705882353 0.9338454466107452 
98900 1.1801470588235294 0.933846595407053 
99000 1.1966911764705883 0.9338475562041263 
99100 1.1884191176470589 0.9338503236003436 
99200 1.2077205882352942 0.9338507320550018 
99300 1.1801470588235294 0.9338520560186291 
99400 1.2077205882352942 0.9338521290323153 
99500 1.2104779411764706 0.9338537445234071 
99600 1.2022058823529411 0.9338551445266614 
99700 1.213235294117647 0.933851683445266 
99800 1.213235294117647 0.9338504487901512 
99900 1.1746323529411764 0.933848903797112 
