0 2.4791666666666665 0.8767361111111112 
100 1.5911458333333333 0.9222015951595159 
200 1.46875 0.9262843767274738 
300 1.3802083333333333 0.9290559246954596 
400 1.3177083333333333 0.9306053442781934 
500 1.2734375 0.9315137086937236 
600 1.21875 0.9329257371972638 
700 1.2083333333333333 0.9341045530194959 
800 1.1901041666666667 0.9347820432792343 
900 1.1901041666666667 0.935384295227525 
1000 1.2213541666666667 0.9356910450660451 
1100 1.2135416666666667 0.935954687657685 
1200 1.1770833333333333 0.9363934279304283 
1300 1.1770833333333333 0.9367780660175933 
1400 1.1614583333333333 0.9370129966690459 
1500 1.1822916666666667 0.9372287687837738 
1600 1.1640625 0.9374604197029635 
1700 1.1770833333333333 0.9376969838003789 
1800 1.171875 0.9379477643593066 
1900 1.1744791666666667 0.9380639393009527 
2000 1.1875 0.9381689363651508 
2100 1.2005208333333333 0.93832467343593 
2200 1.1796875 0.9384138049623908 
2300 1.1875 0.9384540688830944 
2400 1.171875 0.9385994406265907 
2500 1.15625 0.938726245612866 
2600 1.1692708333333333 0.9388446350762527 
2700 1.1458333333333333 0.9389475091529886 
2800 1.1510416666666667 0.9390740286207306 
2900 1.1666666666666667 0.9392471824849669 
3000 1.1640625 0.9393228877411234 
3100 1.1640625 0.9393883917374324 
3200 1.1484375 0.9394462776389323 
3300 1.15625 0.939525375307146 
3400 1.1458333333333333 0.9396373411414943 
3500 1.1588541666666667 0.9397198518677203 
3600 1.1640625 0.939765719013237 
3700 1.1666666666666667 0.9398142675403044 
3800 1.1614583333333333 0.9398435901370984 
3900 1.1770833333333333 0.9398816453758295 
4000 1.1666666666666667 0.9398494560387681 
4100 1.1640625 0.9398958841339511 
4200 1.1536458333333333 0.9399423748313893 
4300 1.1536458333333333 0.9400210141698313 
4400 1.1588541666666667 0.9400442055467192 
4500 1.1588541666666667 0.9400393662519441 
4600 1.1510416666666667 0.9400981293317878 
4700 1.1484375 0.9401571621877142 
4800 1.15625 0.9402101197088569 
4900 1.1770833333333333 0.9402150425650094 
5000 1.1432291666666667 0.9402458050056656 
5100 1.1666666666666667 0.9402566422161232 
5200 1.1640625 0.9402875915956334 
5300 1.1770833333333333 0.9403270347313925 
5400 1.15625 0.9403258012919419 
5500 1.1484375 0.9403468624391524 
5600 1.1640625 0.9404135112281538 
5700 1.1536458333333333 0.9405094927303203 
5800 1.171875 0.9405408131260894 
5900 1.1614583333333333 0.9405843112749251 
6000 1.1614583333333333 0.9406165234035069 
6100 1.1796875 0.9406814001347684 
6200 1.15625 0.9406704115823613 
6300 1.171875 0.9406446176973673 
6400 1.1822916666666667 0.9406516342932528 
6500 1.1770833333333333 0.9406373378454597 
6600 1.1901041666666667 0.9406203184702654 
6700 1.1640625 0.9406333424530335 
6800 1.1744791666666667 0.9406832532797464 
6900 1.1901041666666667 0.9406767487401182 
7000 1.1770833333333333 0.9407020475249568 
7100 1.1614583333333333 0.9407257780594283 
7200 1.1927083333333333 0.9407040061951272 
7300 1.1536458333333333 0.9407186182638604 
7400 1.1640625 0.9407008155804771 
7500 1.1692708333333333 0.9406860335288628 
7600 1.1770833333333333 0.9406949378005818 
7700 1.1770833333333333 0.9407222095975991 
7800 1.1588541666666667 0.9407229664288054 
7900 1.1822916666666667 0.9407466662096219 
8000 1.1510416666666667 0.9407382019955839 
8100 1.1484375 0.9407589855161914 
8200 1.1640625 0.9407772510804916 
8300 1.15625 0.9407814821507449 
8400 1.171875 0.9407867490973297 
8500 1.15625 0.9407884203165641 
8600 1.1692708333333333 0.940797521121575 
8700 1.1666666666666667 0.9407887543258119 
8800 1.1432291666666667 0.9407877813758537 
8900 1.1744791666666667 0.9407800036512751 
9000 1.1666666666666667 0.940758125640361 
9100 1.1692708333333333 0.9407498908850065 
9200 1.1666666666666667 0.9407442880604765 
9300 1.1432291666666667 0.9407360991649644 
9400 1.1666666666666667 0.9407199588696238 
9500 1.1692708333333333 0.9407145739045013 
9600 1.1666666666666667 0.9407627352185536 
9700 1.1510416666666667 0.9407707109232725 
9800 1.171875 0.9407804723724337 
9900 1.1744791666666667 0.9407931928873626 
10000 1.1614583333333333 0.9407871712828717 
10100 1.1588541666666667 0.9407847064097065 
10200 1.1536458333333333 0.940805010265878 
10300 1.1510416666666667 0.9408317457043005 
10400 1.171875 0.9408328459336175 
10500 1.1432291666666667 0.940845911500492 
10600 1.1770833333333333 0.9408544725864436 
10700 1.15625 0.9408765827960004 
10800 1.1510416666666667 0.9409031056795153 
10900 1.1770833333333333 0.9409219751755701 
11000 1.15625 0.9409294546455372 
11100 1.1822916666666667 0.9409289015504109 
11200 1.1588541666666667 0.9409235534525687 
11300 1.1510416666666667 0.9409209884326855 
11400 1.1588541666666667 0.940910702277578 
11500 1.1640625 0.9408981797476548 
11600 1.1588541666666667 0.9409104908341235 
11700 1.1588541666666667 0.9409089411873629 
11800 1.1666666666666667 0.9409305885094483 
11900 1.1484375 0.9409390346516165 
12000 1.1588541666666667 0.9409326566536123 
12100 1.1510416666666667 0.9409357095143652 
12200 1.1484375 0.940956996921928 
12300 1.1770833333333333 0.9409746920982034 
12400 1.1744791666666667 0.94096830228745 
12500 1.1536458333333333 0.9409708334444356 
12600 1.1796875 0.9409832442751457 
12700 1.1666666666666667 0.94100454961989 
12800 1.1432291666666667 0.9410129769592653 
12900 1.1510416666666667 0.9410407865669328 
13000 1.1901041666666667 0.9410432637660351 
13100 1.171875 0.9410570333901568 
13200 1.1484375 0.9410556676051478 
13300 1.1380208333333333 0.9410855177973252 
13400 1.1640625 0.9410958785206742 
13500 1.1354166666666667 0.9411025495025059 
13600 1.1640625 0.9411117391286589 
13700 1.1901041666666667 0.9411047652644982 
13800 1.1640625 0.9411177682374063 
13900 1.1510416666666667 0.94110548102055 
14000 1.1536458333333333 0.9411020492583863 
14100 1.1875 0.9411011901244198 
14200 1.1458333333333333 0.9411169083358762 
14300 1.1510416666666667 0.9411280971027667 
14400 1.1822916666666667 0.9411138139519633 
14500 1.1640625 0.9411085873388042 
14600 1.1484375 0.9411083668165803 
14700 1.1458333333333333 0.9411162978331028 
14800 1.15625 0.9411244149231659 
14900 1.15625 0.9411383068064038 
15000 1.1536458333333333 0.9411359265863757 
15100 1.1692708333333333 0.9411512252683781 
15200 1.1875 0.941153131372936 
15300 1.1510416666666667 0.9411455950591464 
15400 1.1484375 0.941124798443824 
15500 1.171875 0.941125830143575 
15600 1.1432291666666667 0.9411180573360682 
15700 1.1640625 0.9411192294015244 
15800 1.1536458333333333 0.9411239025835214 
15900 1.1640625 0.941127643526962 
16000 1.1927083333333333 0.9411268892048413 
16100 1.1588541666666667 0.9411355790530609 
16200 1.1432291666666667 0.9411461976798414 
16300 1.1848958333333333 0.9411531181624849 
16400 1.1822916666666667 0.9411438115223326 
16500 1.140625 0.9411313560962635 
16600 1.1796875 0.9411348421112516 
16700 1.1770833333333333 0.9411359994245189 
16800 1.1770833333333333 0.9411446346612966 
16900 1.1432291666666667 0.9411673434017711 
17000 1.15625 0.941170484661033 
17100 1.15625 0.9411799850073745 
17200 1.1692708333333333 0.9411890720985214 
17300 1.1536458333333333 0.9411790884759391 
17400 1.1588541666666667 0.9411773509185296 
17500 1.1848958333333333 0.941185553285844 
17600 1.1770833333333333 0.9411940076794879 
17700 1.1692708333333333 0.9411996693532695 
17800 1.1380208333333333 0.9412112166763416 
17900 1.1588541666666667 0.9412277266477974 
18000 1.1692708333333333 0.9412499845687585 
18100 1.1484375 0.941258281080235 
18200 1.1484375 0.9412672495101002 
18300 1.1588541666666667 0.9412789658579677 
18400 1.1640625 0.9412817804285999 
18500 1.1770833333333333 0.9412873328168447 
18600 1.1536458333333333 0.9412963722081847 
18700 1.1901041666666667 0.9412964491649288 
18800 1.1640625 0.9412991108628974 
18900 1.1484375 0.941294671725188 
19000 1.1770833333333333 0.9412923351256367 
19100 1.1588541666666667 0.9413062925006835 
19200 1.1770833333333333 0.9413274735401512 
19300 1.1796875 0.941325587980473 
19400 1.1536458333333333 0.9413328941377592 
19500 1.1484375 0.9413228096564848 
19600 1.1614583333333333 0.9413193824436396 
19700 1.1666666666666667 0.9413166068840273 
19800 1.171875 0.9413125003507118 
19900 1.1510416666666667 0.9412984464069366 
20000 1.1640625 0.9413008082234777 
20100 1.1692708333333333 0.9412996917649205 
20200 1.1588541666666667 0.9413006489640227 
20300 1.1640625 0.941293557993859 
20400 1.1640625 0.9412891746183466 
20500 1.1588541666666667 0.9412960546640001 
20600 1.1770833333333333 0.9413107053190514 
20700 1.1770833333333333 0.9413034092555915 
20800 1.1901041666666667 0.9412984785720772 
20900 1.1614583333333333 0.941309252547725 
21000 1.1536458333333333 0.9413133518112894 
21100 1.1640625 0.9413199216466834 
21200 1.1614583333333333 0.9413216390474244 
21300 1.15625 0.9413255409240046 
21400 1.1536458333333333 0.9413268915263565 
21500 1.1692708333333333 0.9413353351782088 
21600 1.171875 0.9413222413828578 
21700 1.1510416666666667 0.9413289086140424 
21800 1.1614583333333333 0.9413271928785122 
21900 1.1848958333333333 0.9413313192193152 
22000 1.1692708333333333 0.941323768742835 
22100 1.1796875 0.9413287766013604 
22200 1.1848958333333333 0.9413154406207929 
22300 1.1484375 0.9413156531969169 
22400 1.1588541666666667 0.94130419989931 
22500 1.15625 0.9412957417941918 
22600 1.1510416666666667 0.9413027600794458 
22700 1.1692708333333333 0.9413027570983168 
22800 1.2005208333333333 0.9412979952755484 
22900 1.1536458333333333 0.9412966106526158 
23000 1.1484375 0.9413033144090354 
23100 1.1666666666666667 0.941309358902212 
23200 1.1640625 0.9413151642170596 
23300 1.1484375 0.9413191687648121 
23400 1.171875 0.941321766579301 
23500 1.1432291666666667 0.9413099738072611 
23600 1.1666666666666667 0.9413117058363817 
23700 1.1510416666666667 0.9413080393349554 
23800 1.1484375 0.9413110049647774 
23900 1.1901041666666667 0.9413130741275353 
24000 1.1614583333333333 0.9413177662736275 
24100 1.15625 0.9413224554997718 
24200 1.1510416666666667 0.9413220126349232 
24300 1.1458333333333333 0.941335290271548 
24400 1.1484375 0.9413381424486246 
24500 1.1614583333333333 0.9413419633665746 
24600 1.1588541666666667 0.9413403898441346 
24700 1.1510416666666667 0.9413362988003184 
24800 1.1510416666666667 0.9413407809496929 
24900 1.1770833333333333 0.9413403466616691 
25000 1.1692708333333333 0.9413314092436302 
25100 1.1458333333333333 0.941337344351044 
25200 1.1588541666666667 0.9413393055941343 
25300 1.1536458333333333 0.9413449567210782 
25400 1.1796875 0.9413431134054215 
25500 1.1848958333333333 0.9413432588700226 
25600 1.1510416666666667 0.9413452002742948 
25700 1.1770833333333333 0.9413424655979663 
25800 1.1848958333333333 0.9413389110133543 
25900 1.1744791666666667 0.9413325016408632 
26000 1.1796875 0.9413227696370653 
26100 1.1692708333333333 0.9413182338692856 
26200 1.1484375 0.9413248977456331 
26300 1.1796875 0.941331345924743 
26400 1.1536458333333333 0.9413338325778906 
26500 1.140625 0.9413335489960547 
26600 1.1432291666666667 0.9413305590537532 
26700 1.1822916666666667 0.9413312976729961 
26800 1.1666666666666667 0.9413297635556717 
26900 1.1640625 0.9413231424172583 
27000 1.1484375 0.9413228393804345 
27100 1.1640625 0.9413245885248187 
27200 1.171875 0.9413304096254631 
27300 1.1484375 0.9413270627042558 
27400 1.1953125 0.9413277635345831 
27500 1.1354166666666667 0.9413286170906916 
27600 1.1510416666666667 0.9413291814104964 
27700 1.1614583333333333 0.9413333453665933 
27800 1.1484375 0.9413370422326934 
27900 1.1380208333333333 0.9413384103118566 
28000 1.1744791666666667 0.9413344984702927 
28100 1.1744791666666667 0.9413318192017682 
28200 1.1822916666666667 0.9413281123797816 
28300 1.1458333333333333 0.9413325905739491 
28400 1.1536458333333333 0.941343669677124 
28500 1.1536458333333333 0.9413500720247633 
28600 1.1848958333333333 0.9413488419693951 
28700 1.1640625 0.941352883078019 
28800 1.1354166666666667 0.9413660887546343 
28900 1.1640625 0.9413626835288283 
29000 1.1640625 0.9413593317184464 
29100 1.1536458333333333 0.9413556449950173 
29200 1.1432291666666667 0.9413521618837254 
29300 1.1666666666666667 0.9413565236681342 
29400 1.1614583333333333 0.9413468315514589 
29500 1.1822916666666667 0.9413387940710107 
29600 1.140625 0.9413384354507542 
29700 1.1510416666666667 0.9413376993011833 
29800 1.1666666666666667 0.9413445997337897 
29900 1.1666666666666667 0.941351395949225 
30000 1.1458333333333333 0.9413476148017288 
30100 1.15625 0.9413502031586253 
30200 1.1484375 0.9413488653797336 
30300 1.1640625 0.9413525211397497 
30400 1.1484375 0.9413571522226973 
30500 1.1588541666666667 0.9413629197949794 
30600 1.1588541666666667 0.9413634301620499 
30700 1.171875 0.9413661143411904 
30800 1.1692708333333333 0.9413632290979008 
30900 1.15625 0.9413670202150956 
31000 1.1640625 0.94136608272493 
31100 1.1614583333333333 0.9413708171673651 
31200 1.1692708333333333 0.9413751317621586 
31300 1.1666666666666667 0.941376340479005 
31400 1.171875 0.9413829597606587 
31500 1.15625 0.9413733613835892 
31600 1.1536458333333333 0.9413710206955476 
31700 1.1536458333333333 0.9413687769225647 
31800 1.1770833333333333 0.9413664926679455 
31900 1.1640625 0.9413825356833119 
32000 1.1692708333333333 0.9413847527334215 
32100 1.1666666666666667 0.9413861176875764 
32200 1.1770833333333333 0.9413827835746992 
32300 1.1588541666666667 0.9413865648294343 
32400 1.171875 0.9413855003617858 
32500 1.1744791666666667 0.9413839616900677 
32600 1.1510416666666667 0.9413798230456462 
32700 1.1614583333333333 0.9413747009945329 
32800 1.1770833333333333 0.94137339456961 
32900 1.1770833333333333 0.9413657639585423 
33000 1.1484375 0.9413613886700403 
33100 1.1666666666666667 0.9413545484946746 
33200 1.1484375 0.9413583645823921 
33300 1.1510416666666667 0.9413575960348204 
33400 1.1692708333333333 0.9413573258784668 
33500 1.1432291666666667 0.9413566686649486 
33600 1.1536458333333333 0.9413619572334156 
33700 1.1640625 0.9413593583606158 
33800 1.1588541666666667 0.9413576223500948 
33900 1.1640625 0.9413557173419991 
34000 1.1588541666666667 0.9413577296746174 
34100 1.1666666666666667 0.9413612066198775 
34200 1.1328125 0.9413615667508097 
34300 1.15625 0.9413596724585289 
34400 1.1692708333333333 0.941358672349641 
34500 1.1510416666666667 0.9413617288468289 
34600 1.1822916666666667 0.9413651941658719 
34700 1.1744791666666667 0.9413672886868454 
34800 1.1484375 0.9413663779616805 
34900 1.1640625 0.9413701235080816 
35000 1.1380208333333333 0.9413824535568825 
35100 1.1536458333333333 0.9413874426654512 
35200 1.1536458333333333 0.9413901593704724 
35300 1.1536458333333333 0.9414043196761817 
35400 1.1458333333333333 0.941405134310393 
35500 1.1484375 0.9414068979668805 
35600 1.1484375 0.941410968090784 
35700 1.1614583333333333 0.941416936266958 
35800 1.1588541666666667 0.9414233075426198 
35900 1.1614583333333333 0.941424227195776 
36000 1.1822916666666667 0.9414256239795809 
36100 1.1770833333333333 0.9414209295910547 
36200 1.1536458333333333 0.9414247736020184 
36300 1.1432291666666667 0.9414294094668344 
36400 1.1692708333333333 0.9414305381949214 
36500 1.1276041666666667 0.9414288069352742 
36600 1.1666666666666667 0.9414371410237728 
36700 1.1614583333333333 0.9414396112806493 
36800 1.171875 0.941438081770121 
36900 1.1692708333333333 0.9414390070353408 
37000 1.1875 0.9414317396451748 
37100 1.171875 0.9414242072690464 
37200 1.1796875 0.9414224789357515 
37300 1.1510416666666667 0.9414164778870987 
37400 1.1614583333333333 0.9414153596977503 
37500 1.1953125 0.9414157983564883 
37600 1.171875 0.941409839868325 
37700 1.1614583333333333 0.9414087021343377 
37800 1.1640625 0.9414141151101235 
37900 1.1458333333333333 0.9414160640367155 
38000 1.140625 0.9414183453505609 
38100 1.1770833333333333 0.9414225512453741 
38200 1.2005208333333333 0.9414245991233504 
38300 1.1588541666666667 0.9414239619505148 
38400 1.2057291666666667 0.9414205250731318 
38500 1.1692708333333333 0.9414178275311752 
38600 1.1354166666666667 0.9414168080706027 
38700 1.1875 0.9414147845375801 
38800 1.1770833333333333 0.9414081404330931 
38900 1.1640625 0.9414055024649466 
39000 1.2005208333333333 0.9414002516673362 
39100 1.1588541666666667 0.9414015102270757 
39200 1.1770833333333333 0.9414037366889734 
39300 1.1848958333333333 0.9414015122600782 
39400 1.171875 0.9413996075607218 
39500 1.15625 0.9413998661074684 
39600 1.1822916666666667 0.9413928239747033 
39700 1.1614583333333333 0.9413906057152213 
39800 1.1822916666666667 0.941387002769333 
39900 1.1822916666666667 0.9413825694287806 
40000 1.1588541666666667 0.9413818256974131 
40100 1.1484375 0.9413804795668714 
40200 1.1354166666666667 0.9413812994217944 
40300 1.1614583333333333 0.941380628995972 
40400 1.1666666666666667 0.9413820890021974 
40500 1.15625 0.9413855350622344 
40600 1.1796875 0.941381267292267 
40700 1.1536458333333333 0.9413822670887148 
40800 1.171875 0.9413802834353189 
40900 1.1536458333333333 0.9413806016016995 
41000 1.1484375 0.9413761969559008 
41100 1.1536458333333333 0.9413789100832908 
41200 1.1614583333333333 0.9413800720182088 
41300 1.1614583333333333 0.9413796940281242 
41400 1.1484375 0.9413787517545201 
41500 1.1510416666666667 0.9413803240015636 
41600 1.1666666666666667 0.9413782579678908 
41700 1.1536458333333333 0.9413711435110802 
41800 1.1822916666666667 0.9413663473959953 
41900 1.15625 0.94136689839675 
42000 1.1640625 0.9413666614088554 
42100 1.171875 0.9413706729386212 
42200 1.1640625 0.9413668490280641 
42300 1.1484375 0.9413660802936101 
42400 1.1666666666666667 0.9413648647896145 
42500 1.1770833333333333 0.9413705788621967 
42600 1.140625 0.9413693788812991 
42700 1.1536458333333333 0.9413787960989725 
42800 1.1640625 0.941385999223798 
42900 1.1614583333333333 0.9413840837367168 
43000 1.1588541666666667 0.9413861135981334 
43100 1.1484375 0.9413844886945134 
43200 1.1770833333333333 0.9413849811218362 
43300 1.1796875 0.9413814217788145 
43400 1.1692708333333333 0.9413782388526634 
43500 1.1484375 0.9413758088894508 
43600 1.1588541666666667 0.9413771528876759 
43700 1.1302083333333333 0.9413787688242578 
43800 1.1614583333333333 0.941382497926227 
43900 1.1536458333333333 0.941386506634878 
44000 1.171875 0.9413914440707155 
44100 1.15625 0.9413918516271992 
44200 1.1822916666666667 0.9413941426664555 
44300 1.1770833333333333 0.9413959726893549 
44400 1.1822916666666667 0.94140174364191 
44500 1.1536458333333333 0.9414032947761474 
44600 1.1458333333333333 0.9414050335817085 
44700 1.1901041666666667 0.9414077161460469 
44800 1.1588541666666667 0.9414058915475597 
44900 1.15625 0.9414096042156943 
45000 1.1744791666666667 0.9414098861074692 
45100 1.1510416666666667 0.9414088964521604 
45200 1.1875 0.9414108494404008 
45300 1.1640625 0.941411241688312 
45400 1.1614583333333333 0.9414113836516083 
45500 1.1822916666666667 0.9414135281520064 
45600 1.1927083333333333 0.9414146924165893 
45700 1.1536458333333333 0.9414114259291676 
45800 1.1692708333333333 0.9414079652251649 
45900 1.1666666666666667 0.9414025149839389 
46000 1.1692708333333333 0.9413994661046016 
46100 1.1510416666666667 0.9414043388128481 
46200 1.1640625 0.94140516965121 
46300 1.1640625 0.9414073280154737 
46400 1.1588541666666667 0.9414085978151812 
46500 1.15625 0.9414124009280566 
46600 1.1614583333333333 0.9414148465459731 
46700 1.1588541666666667 0.9414084897956028 
46800 1.1510416666666667 0.9414067786122804 
46900 1.1744791666666667 0.9414093686405645 
47000 1.1770833333333333 0.9414069610516561 
47100 1.1536458333333333 0.9414061670665166 
47200 1.1510416666666667 0.9414096982408565 
47300 1.1822916666666667 0.9414079842392339 
47400 1.15625 0.9414069184253028 
47500 1.1640625 0.9414048885520538 
47600 1.1432291666666667 0.9414075538795871 
47700 1.1692708333333333 0.9414048032710705 
47800 1.1640625 0.9414034443142751 
47900 1.1640625 0.9414048093115662 
48000 1.15625 0.9414055537616115 
48100 1.1588541666666667 0.9414080275820091 
48200 1.1458333333333333 0.9414154436341801 
48300 1.1432291666666667 0.9414186595228072 
48400 1.1796875 0.941417808889394 
48500 1.140625 0.9414171586381953 
48600 1.1692708333333333 0.9414181721226587 
48700 1.171875 0.941417577268548 
48800 1.1640625 0.9414152238740554 
48900 1.1692708333333333 0.9414114777532384 
49000 1.1614583333333333 0.9414062942876449 
49100 1.1770833333333333 0.9414068068878434 
49200 1.1536458333333333 0.9414046709472933 
49300 1.1640625 0.9414073856683096 
49400 1.171875 0.9414088945286757 
49500 1.1901041666666667 0.9414063289125473 
49600 1.1875 0.9414033186214884 
49700 1.15625 0.9414007570829114 
49800 1.1588541666666667 0.9413962710476586 
49900 1.1796875 0.9413921161121243 
50000 1.1510416666666667 0.9413940714241271 
50100 1.15625 0.9413958110173006 
50200 1.1484375 0.9413942582761742 
50300 1.1796875 0.9413945237172223 
50400 1.1901041666666667 0.9413943230844185 
50500 1.1484375 0.9413948279902048 
50600 1.1770833333333333 0.9413951421963553 
50700 1.1484375 0.9413965680328462 
50800 1.171875 0.9413977832074609 
50900 1.171875 0.9414000338893146 
51000 1.1614583333333333 0.9414026842338603 
51100 1.1588541666666667 0.9414066322087631 
51200 1.1484375 0.9414082251268964 
51300 1.1588541666666667 0.9414073075519429 
51400 1.203125 0.9414042150066254 
51500 1.1640625 0.9414066966606905 
51600 1.1588541666666667 0.941405989251931 
51700 1.15625 0.9414028164617491 
51800 1.1744791666666667 0.9414033090577402 
51900 1.1744791666666667 0.9414048032686161 
52000 1.1744791666666667 0.9414084117506287 
52100 1.1484375 0.9414082743133529 
52200 1.1484375 0.941410648396476 
52300 1.1666666666666667 0.9414105072082751 
52400 1.15625 0.9414102340339137 
52500 1.1458333333333333 0.9414113011604012 
52600 1.15625 0.9414095092721093 
52700 1.1588541666666667 0.941404446389379 
52800 1.1640625 0.9414030030733845 
52900 1.1822916666666667 0.9414015159868854 
53000 1.1614583333333333 0.9414045548668893 
53100 1.1536458333333333 0.9414090045123653 
53200 1.1770833333333333 0.9414083629902529 
53300 1.1536458333333333 0.9414076587316478 
53400 1.1770833333333333 0.9414002436231947 
53500 1.1640625 0.9413949005885663 
53600 1.1536458333333333 0.9413918123677212 
53700 1.1484375 0.9413908208827065 
53800 1.1588541666666667 0.941392463017003 
53900 1.1458333333333333 0.941391683363945 
54000 1.1848958333333333 0.9413919353859702 
54100 1.1380208333333333 0.9413905819670616 
54200 1.1510416666666667 0.9413904667349311 
54300 1.1848958333333333 0.9413884655797212 
54400 1.1640625 0.9413888493164954 
54500 1.1588541666666667 0.9413878459671484 
54600 1.1770833333333333 0.9413852087822975 
54700 1.1666666666666667 0.9413851837717775 
54800 1.2083333333333333 0.9413855548560549 
54900 1.1744791666666667 0.9413792996585774 
55000 1.1510416666666667 0.941378859399526 
55100 1.1458333333333333 0.941378609785263 
55200 1.1848958333333333 0.9413771187720029 
55300 1.1640625 0.9413725251602845 
55400 1.203125 0.9413686688868432 
55500 1.1744791666666667 0.9413656241679329 
55600 1.1432291666666667 0.9413641203995132 
55700 1.1640625 0.9413665492490659 
55800 1.1901041666666667 0.9413653136692094 
55900 1.1979166666666667 0.9413596569033749 
56000 1.1536458333333333 0.9413589340666536 
56100 1.15625 0.9413601324694153 
56200 1.1536458333333333 0.9413550557127295 
56300 1.1692708333333333 0.941354159882694 
56400 1.15625 0.941353867469844 
56500 1.1770833333333333 0.9413552507182764 
56600 1.1588541666666667 0.9413537918450596 
56700 1.1510416666666667 0.9413512052256574 
56800 1.1510416666666667 0.9413500031298353 
56900 1.1614583333333333 0.9413519936673638 
57000 1.140625 0.941355804673992 
57100 1.1796875 0.9413603624377078 
57200 1.1510416666666667 0.9413591527391713 
57300 1.1848958333333333 0.9413596894033263 
57400 1.1510416666666667 0.9413541751353538 
57500 1.1640625 0.9413553526363793 
57600 1.1796875 0.941354642280516 
57700 1.171875 0.9413569431927812 
57800 1.1536458333333333 0.9413534992666409 
57900 1.1744791666666667 0.9413529607049581 
58000 1.15625 0.9413519151489725 
58100 1.15625 0.9413556840195904 
58200 1.1666666666666667 0.9413565912145457 
58300 1.1796875 0.9413563339393836 
58400 1.171875 0.9413566126388627 
58500 1.1458333333333333 0.9413533440311561 
58600 1.1770833333333333 0.9413525159079575 
58700 1.1927083333333333 0.9413535834379123 
58800 1.1458333333333333 0.9413554888049901 
58900 1.1432291666666667 0.9413531285546934 
59000 1.1744791666666667 0.9413537629541119 
59100 1.1666666666666667 0.9413528970650995 
59200 1.1458333333333333 0.9413550106604806 
59300 1.1640625 0.9413565901549347 
59400 1.15625 0.9413581351043473 
59500 1.1640625 0.9413611775198923 
59600 1.1822916666666667 0.941360422970159 
59700 1.1588541666666667 0.9413613139738959 
59800 1.1770833333333333 0.9413603584992075 
59900 1.1588541666666667 0.9413603046879202 
60000 1.1692708333333333 0.941363853426517 
60100 1.15625 0.9413607897770235 
60200 1.1744791666666667 0.94135936568514 
60300 1.1432291666666667 0.9413564348020762 
60400 1.1666666666666667 0.9413559136714073 
60500 1.1744791666666667 0.9413543181793138 
60600 1.1744791666666667 0.941353157676166 
60700 1.1796875 0.9413555189233566 
60800 1.1640625 0.9413566160278797 
60900 1.203125 0.9413526210115142 
61000 1.1666666666666667 0.9413466326371699 
61100 1.1510416666666667 0.9413456362780024 
61200 1.171875 0.9413420617446338 
61300 1.1666666666666667 0.9413391360980154 
61400 1.1510416666666667 0.9413413660246214 
61500 1.1744791666666667 0.9413393684655534 
61600 1.1640625 0.9413382369784762 
61700 1.1666666666666667 0.9413389521644706 
61800 1.1588541666666667 0.9413407184844186 
61900 1.1588541666666667 0.9413405018138282 
62000 1.1588541666666667 0.9413416019051664 
62100 1.1536458333333333 0.9413408393629374 
62200 1.1640625 0.9413398699377824 
62300 1.1770833333333333 0.9413418435409455 
62400 1.1614583333333333 0.9413382742708896 
62500 1.1796875 0.9413358136269819 
62600 1.1484375 0.9413376594534344 
62700 1.1640625 0.9413350138177843 
62800 1.1614583333333333 0.9413325424754383 
62900 1.1927083333333333 0.9413310864162202 
63000 1.1588541666666667 0.9413304341289115 
63100 1.15625 0.9413305267657318 
63200 1.1614583333333333 0.9413315530784498 
63300 1.1484375 0.9413326447142313 
63400 1.1588541666666667 0.9413334864592041 
63500 1.1640625 0.9413366221048137 
63600 1.1614583333333333 0.9413332375757544 
63700 1.1822916666666667 0.9413380398921001 
63800 1.1510416666666667 0.9413393441020604 
63900 1.1692708333333333 0.9413370579533619 
64000 1.1510416666666667 0.9413394311113195 
64100 1.1458333333333333 0.9413395488933264 
64200 1.1510416666666667 0.9413408967106778 
64300 1.1640625 0.94134367132272 
64400 1.1510416666666667 0.9413460059928331 
64500 1.1692708333333333 0.941348145011533 
64600 1.1640625 0.9413450906547715 
64700 1.1276041666666667 0.9413480294611624 
64800 1.140625 0.9413476102692174 
64900 1.1614583333333333 0.9413495731318984 
65000 1.1614583333333333 0.9413534663569278 
65100 1.1692708333333333 0.9413518540208462 
65200 1.1458333333333333 0.9413535883268661 
65300 1.140625 0.9413578430183985 
65400 1.171875 0.9413561517492937 
65500 1.1875 0.9413541475829885 
65600 1.1640625 0.9413528905385927 
65700 1.1796875 0.9413559709263685 
65800 1.1510416666666667 0.9413567333280987 
65900 1.1614583333333333 0.9413574538997048 
66000 1.1927083333333333 0.9413604344589055 
66100 1.1380208333333333 0.9413610421930076 
66200 1.171875 0.9413626052980065 
66300 1.1588541666666667 0.941360681043859 
66400 1.140625 0.9413617824321588 
66500 1.1588541666666667 0.9413584554492915 
66600 1.140625 0.9413562463192912 
66700 1.1692708333333333 0.941358819999367 
66800 1.1692708333333333 0.9413566689163003 
66900 1.1666666666666667 0.941355458480109 
67000 1.1666666666666667 0.9413558193161297 
67100 1.1848958333333333 0.9413561532035456 
67200 1.1692708333333333 0.94135555605158 
67300 1.1484375 0.9413572049449488 
67400 1.1666666666666667 0.9413590936459895 
67500 1.1640625 0.9413584047726042 
67600 1.15625 0.9413581802085439 
67700 1.1458333333333333 0.9413610079204476 
67800 1.1666666666666667 0.9413630335057332 
67900 1.1588541666666667 0.9413673287007719 
68000 1.1640625 0.9413678071931949 
68100 1.1744791666666667 0.9413683989996884 
68200 1.1328125 0.9413735965707574 
68300 1.15625 0.9413763641617415 
68400 1.1510416666666667 0.9413764332352191 
68500 1.1744791666666667 0.9413752095468193 
68600 1.1848958333333333 0.9413750776430211 
68700 1.1744791666666667 0.941373973207571 
68800 1.1614583333333333 0.941373414509479 
68900 1.1901041666666667 0.9413728070387626 
69000 1.1588541666666667 0.9413716352138214 
69100 1.171875 0.9413663840891513 
69200 1.1744791666666667 0.9413647482615055 
69300 1.1484375 0.9413610629115501 
69400 1.1744791666666667 0.9413611030060406 
69500 1.1666666666666667 0.9413614052715469 
69600 1.1614583333333333 0.9413628540817581 
69700 1.1666666666666667 0.9413626423540871 
69800 1.171875 0.9413624685415204 
69900 1.1536458333333333 0.9413625063383293 
70000 1.1640625 0.9413632508622892 
70100 1.1640625 0.9413624453962457 
70200 1.1640625 0.9413618153389711 
70300 1.1484375 0.9413597670888196 
70400 1.1744791666666667 0.9413566519336057 
70500 1.1484375 0.941355392516103 
70600 1.1484375 0.9413553784845666 
70700 1.1666666666666667 0.9413531176480295 
70800 1.1536458333333333 0.9413503237360112 
70900 1.1614583333333333 0.9413499496167582 
71000 1.1744791666666667 0.9413468746136596 
71100 1.171875 0.9413477272745031 
71200 1.1614583333333333 0.9413455052519549 
71300 1.1848958333333333 0.9413437155704533 
71400 1.1692708333333333 0.9413417242249953 
71500 1.1666666666666667 0.9413407703893807 
71600 1.1484375 0.9413376612330058 
71700 1.1640625 0.9413378658518632 
71800 1.1536458333333333 0.9413393997723647 
71900 1.1614583333333333 0.9413406155299957 
72000 1.1692708333333333 0.9413422619323188 
72100 1.1692708333333333 0.9413412671306762 
72200 1.15625 0.9413386399888275 
72300 1.171875 0.9413388895804422 
72400 1.1640625 0.941343574616833 
72500 1.1770833333333333 0.9413436969834899 
72600 1.1770833333333333 0.9413423005345809 
72700 1.1588541666666667 0.9413411944891481 
72800 1.1848958333333333 0.9413411049947421 
72900 1.1927083333333333 0.9413401941407602 
73000 1.1588541666666667 0.9413425795917559 
73100 1.1822916666666667 0.9413415029662157 
73200 1.1484375 0.9413387097967696 
73300 1.1692708333333333 0.9413365400502343 
73400 1.1458333333333333 0.9413359254490932 
73500 1.1588541666666667 0.9413365407726879 
73600 1.1536458333333333 0.9413370600716475 
73700 1.1588541666666667 0.9413349985640177 
73800 1.1484375 0.9413372710999098 
73900 1.1640625 0.9413399251100195 
74000 1.15625 0.9413390645809591 
74100 1.1510416666666667 0.9413380775150733 
74200 1.15625 0.941340357048198 
74300 1.1744791666666667 0.941341041562922 
74400 1.1796875 0.9413411408747493 
74500 1.1875 0.941338921252362 
74600 1.203125 0.9413371032038593 
74700 1.15625 0.9413362661365533 
74800 1.1510416666666667 0.9413384137578374 
74900 1.1692708333333333 0.9413389563112197 
75000 1.1692708333333333 0.9413382242866392 
75100 1.1692708333333333 0.9413369394030854 
75200 1.171875 0.9413392363096531 
75300 1.171875 0.9413374462711872 
75400 1.15625 0.9413383664230801 
75500 1.1640625 0.9413391231757048 
75600 1.1614583333333333 0.941338224509082 
75700 1.1510416666666667 0.9413378900946561 
75800 1.1510416666666667 0.9413396064292614 
75900 1.15625 0.9413393168220592 
76000 1.1640625 0.9413378743920036 
76100 1.1666666666666667 0.9413333673707018 
76200 1.1614583333333333 0.9413320276673243 
76300 1.15625 0.9413327392862187 
76400 1.1614583333333333 0.9413295973801972 
76500 1.15625 0.9413296975783904 
76600 1.1796875 0.9413315200048157 
76700 1.1822916666666667 0.9413294784473331 
76800 1.1484375 0.941327962128676 
76900 1.1458333333333333 0.9413281203719356 
77000 1.1640625 0.941330916156933 
77100 1.1692708333333333 0.9413309463128451 
77200 1.1614583333333333 0.9413330565486342 
77300 1.1666666666666667 0.9413301978628996 
77400 1.1484375 0.9413291297557166 
77500 1.1692708333333333 0.9413275827802938 
77600 1.1822916666666667 0.941325111342351 
77700 1.1510416666666667 0.941324020390128 
77800 1.1848958333333333 0.9413231219178845 
77900 1.1588541666666667 0.9413220808925573 
78000 1.1979166666666667 0.9413184606607607 
78100 1.1484375 0.941316394618649 
78200 1.140625 0.9413164651205086 
78300 1.1640625 0.9413149057802582 
78400 1.1666666666666667 0.941314269393531 
78500 1.171875 0.9413137894386342 
78600 1.171875 0.9413144813502514 
78700 1.171875 0.941317906891625 
78800 1.1666666666666667 0.9413191756590793 
78900 1.1588541666666667 0.9413223665310537 
79000 1.1744791666666667 0.9413217914611489 
79100 1.171875 0.9413227542073496 
79200 1.1796875 0.9413197579049928 
79300 1.1770833333333333 0.941318214076045 
79400 1.1614583333333333 0.9413162914964687 
79500 1.1484375 0.9413115676217909 
79600 1.1614583333333333 0.9413112394595824 
79700 1.1614583333333333 0.9413105200304193 
79800 1.1692708333333333 0.9413090518393671 
79900 1.1901041666666667 0.9413077611495615 
80000 1.15625 0.9413077974546151 
80100 1.203125 0.9413056554294648 
80200 1.1588541666666667 0.9413058133280411 
80300 1.1302083333333333 0.9413074518063287 
80400 1.1588541666666667 0.9413068189277635 
80500 1.1484375 0.9413060043077449 
80600 1.1744791666666667 0.9413036947087781 
80700 1.1458333333333333 0.9413020900023268 
80800 1.1692708333333333 0.9413014024338258 
80900 1.1536458333333333 0.9413033668379323 
81000 1.1666666666666667 0.9413035581522313 
81100 1.171875 0.9413019508253768 
81200 1.1744791666666667 0.9413030520799552 
81300 1.1744791666666667 0.9413046844783923 
81400 1.140625 0.9413034655935157 
81500 1.1640625 0.9413037088672396 
81600 1.1588541666666667 0.9413045472618119 
81700 1.1458333333333333 0.9413023661651089 
81800 1.1432291666666667 0.9413024613255203 
81900 1.1536458333333333 0.9413013055904893 
82000 1.1432291666666667 0.9413022169275713 
82100 1.1770833333333333 0.941302047596524 
82200 1.1510416666666667 0.9413017625157304 
82300 1.1770833333333333 0.9412996639874769 
82400 1.1510416666666667 0.9412992034043546 
82500 1.1484375 0.941302289770225 
82600 1.1614583333333333 0.9413051374647065 
82700 1.1692708333333333 0.941307432464205 
82800 1.1822916666666667 0.9413073945530717 
82900 1.1744791666666667 0.941306173511511 
83000 1.1744791666666667 0.9413031251966174 
83100 1.1901041666666667 0.9413009303270853 
83200 1.1848958333333333 0.9413025071313246 
83300 1.1588541666666667 0.9413012665580912 
83400 1.1614583333333333 0.941302526931465 
83500 1.1484375 0.9413052396910749 
83600 1.1588541666666667 0.9413052359155725 
83700 1.1692708333333333 0.9413040394944173 
83800 1.1796875 0.9413023176433853 
83900 1.1796875 0.9413002067416757 
84000 1.1354166666666667 0.9413007980063729 
84100 1.1640625 0.9413013878649877 
84200 1.1484375 0.9413001515718341 
84300 1.1510416666666667 0.9413003186168873 
84400 1.1640625 0.9413006909640355 
84500 1.1640625 0.941300939157196 
84600 1.1822916666666667 0.9413006326921536 
84700 1.1484375 0.941297600858051 
84800 1.1588541666666667 0.941298128199484 
84900 1.1640625 0.9412971819956315 
85000 1.15625 0.9412958499507849 
85100 1.2083333333333333 0.9412940722233321 
85200 1.1666666666666667 0.9412937963528075 
85300 1.1640625 0.9412934498944261 
85400 1.1848958333333333 0.9412931957276066 
85500 1.1614583333333333 0.9412940386337262 
85600 1.1822916666666667 0.9412911782085879 
85700 1.1640625 0.9412911909332058 
85800 1.1796875 0.9412908798816123 
85900 1.1848958333333333 0.9412909131344998 
86000 1.1744791666666667 0.9412902700420797 
86100 1.1848958333333333 0.9412881464146112 
86200 1.1666666666666667 0.9412875382342819 
86300 1.1640625 0.9412871929834725 
86400 1.1588541666666667 0.9412860447860043 
86500 1.1822916666666667 0.9412855414966301 
86600 1.1822916666666667 0.9412885376131146 
86700 1.1901041666666667 0.941289003779272 
86800 1.1536458333333333 0.9412900189001919 
86900 1.15625 0.9412935888731622 
87000 1.1458333333333333 0.9412946263229414 
87100 1.1666666666666667 0.9412983522322106 
87200 1.171875 0.941297321227203 
87300 1.1510416666666667 0.9412950099050666 
87400 1.1848958333333333 0.9412945313364073 
87500 1.1796875 0.9412945498876838 
87600 1.1510416666666667 0.9412954205875377 
87700 1.140625 0.9412957350194917 
87800 1.140625 0.9412959894154584 
87900 1.1328125 0.9413007464047306 
88000 1.1640625 0.9413024544228664 
88100 1.1640625 0.9413034787094106 
88200 1.1901041666666667 0.9413051403895647 
88300 1.15625 0.9413065033867742 
88400 1.1484375 0.9413042398967332 
88500 1.1614583333333333 0.9413025994527369 
88600 1.171875 0.9412997380422092 
88700 1.1666666666666667 0.9413010618382105 
88800 1.1666666666666667 0.9412987462447244 
88900 1.1692708333333333 0.9412970021897017 
89000 1.1848958333333333 0.941293760042022 
89100 1.1927083333333333 0.9412929412813673 
89200 1.1744791666666667 0.9412941095733854 
89300 1.1614583333333333 0.9412958196001289 
89400 1.1666666666666667 0.9412991181897046 
89500 1.171875 0.9412999556026066 
89600 1.1484375 0.9412985919675996 
89700 1.1510416666666667 0.9412966604175105 
89800 1.1666666666666667 0.9412963861297016 
89900 1.1875 0.9412950696383305 
90000 1.1614583333333333 0.941296958197378 
90100 1.1510416666666667 0.9412965881498417 
90200 1.1510416666666667 0.9412955164022572 
90300 1.171875 0.94129738857943 
90400 1.1796875 0.9412958093967742 
90500 1.1953125 0.9412928716871146 
90600 1.1744791666666667 0.9412925560976149 
90700 1.1848958333333333 0.9412936480701548 
90800 1.1744791666666667 0.9412934757204093 
90900 1.1614583333333333 0.9412922915069997 
91000 1.1770833333333333 0.9412929413779336 
91100 1.1380208333333333 0.9412927322574822 
91200 1.1484375 0.9412924855234287 
91300 1.1536458333333333 0.9412924484975824 
91400 1.1744791666666667 0.9412916137861366 
91500 1.1692708333333333 0.9412894147938881 
91600 1.171875 0.9412897603010156 
91700 1.1770833333333333 0.9412891205748393 
91800 1.15625 0.9412877163193575 
91900 1.1666666666666667 0.9412874580315291 
92000 1.1510416666666667 0.941289559126169 
92100 1.1796875 0.9412902324772683 
92200 1.1458333333333333 0.941290113523112 
92300 1.1692708333333333 0.9412910011207294 
92400 1.1614583333333333 0.9412899233594153 
92500 1.1875 0.9412862860191301 
92600 1.1875 0.941284372004022 
92700 1.1614583333333333 0.9412850934126324 
92800 1.1666666666666667 0.9412865615821908 
92900 1.1536458333333333 0.9412890824491783 
93000 1.1953125 0.9412901884866232 
93100 1.1770833333333333 0.9412907140721725 
93200 1.1901041666666667 0.9412903723463864 
93300 1.1614583333333333 0.9412905988860427 
93400 1.1484375 0.9412924699533315 
93500 1.1614583333333333 0.9412939378099343 
93600 1.1640625 0.9412952726941426 
93700 1.171875 0.9412941219499614 
93800 1.1744791666666667 0.9412938620649626 
93900 1.1822916666666667 0.9412925303866129 
94000 1.1614583333333333 0.941293574817171 
94100 1.1666666666666667 0.9412930764993641 
94200 1.1536458333333333 0.941291952624353 
94300 1.1822916666666667 0.9412918713157278 
94400 1.1927083333333333 0.9412897763853726 
94500 1.171875 0.941287649145982 
94600 1.1848958333333333 0.9412868660949085 
94700 1.1666666666666667 0.9412884770957481 
94800 1.1536458333333333 0.9412891415673065 
94900 1.15625 0.9412897131689281 
95000 1.1822916666666667 0.9412866651842261 
95100 1.1666666666666667 0.9412859511788052 
95200 1.1848958333333333 0.9412859863604374 
95300 1.1770833333333333 0.941282742384072 
95400 1.1588541666666667 0.94128396372796 
95500 1.1432291666666667 0.941286209626659 
95600 1.1510416666666667 0.9412856178718493 
95700 1.1875 0.9412845012649351 
95800 1.1484375 0.941283776613327 
95900 1.1588541666666667 0.9412827457192544 
96000 1.1796875 0.9412821148275076 
96100 1.1666666666666667 0.9412806813346838 
96200 1.1614583333333333 0.9412818495476485 
96300 1.1796875 0.9412812936637326 
96400 1.1744791666666667 0.9412795773355279 
96500 1.1666666666666667 0.9412801493709334 
96600 1.1354166666666667 0.9412827600415915 
96700 1.1822916666666667 0.9412833545327004 
96800 1.15625 0.9412819749623799 
96900 1.1614583333333333 0.9412833125647139 
97000 1.1692708333333333 0.94128310819247 
97100 1.171875 0.941284584908154 
97200 1.1614583333333333 0.9412849333397347 
97300 1.140625 0.9412844067635482 
97400 1.1614583333333333 0.9412836406396694 
97500 1.140625 0.941283935549379 
97600 1.1744791666666667 0.9412840875520401 
97700 1.1666666666666667 0.9412840526623747 
97800 1.1536458333333333 0.9412862722802198 
97900 1.1640625 0.9412859426302534 
98000 1.1432291666666667 0.9412851530568282 
98100 1.1588541666666667 0.9412865772406895 
98200 1.1692708333333333 0.9412890327548147 
98300 1.1588541666666667 0.9412885250263081 
98400 1.1380208333333333 0.9412884505888038 
98500 1.1510416666666667 0.9412906147173915 
98600 1.1875 0.9412918940843512 
98700 1.15625 0.9412910864912998 
98800 1.1744791666666667 0.9412914754152286 
98900 1.15625 0.9412912842696793 
99000 1.1666666666666667 0.9412903920583294 
99100 1.1432291666666667 0.9412907454684278 
99200 1.171875 0.9412888580452258 
99300 1.140625 0.9412878573310776 
99400 1.1614583333333333 0.9412883956147322 
99500 1.1796875 0.9412881127520774 
99600 1.1744791666666667 0.9412870286470796 
99700 1.1796875 0.9412865300582074 
99800 1.1614583333333333 0.9412853540350854 
99900 1.1796875 0.9412854750508559 
