0 0.353515625 0.9889322916666666 
100 0.349609375 0.9825636860561056 
200 0.3359375 0.9827425373134329 
300 0.328125 0.9838148013565892 
400 0.328125 0.9845714489817123 
500 0.3203125 0.9850429349634066 
600 0.3359375 0.9853066070438159 
700 0.32421875 0.9857030878506895 
800 0.310546875 0.985955868965876 
900 0.32421875 0.9859169788198299 
1000 0.330078125 0.9859001675407926 
1100 0.3046875 0.9860454747577959 
1200 0.3203125 0.986322704170136 
1300 0.314453125 0.9865127786318216 
1400 0.30859375 0.9867635468712824 
1500 0.3203125 0.9869574797357318 
1600 0.32421875 0.9869856730168645 
1700 0.3203125 0.987007872207525 
1800 0.32421875 0.9870652010457154 
1900 0.328125 0.9870230032439067 
2000 0.318359375 0.9870539990421456 
2100 0.330078125 0.9870188303188958 
2200 0.318359375 0.9869909984098137 
2300 0.322265625 0.9869477604845719 
2400 0.322265625 0.9869203261661808 
2500 0.3125 0.9869304882213781 
2600 0.314453125 0.9869721581443035 
2700 0.31640625 0.9870001369091694 
2800 0.318359375 0.9870319287010592 
2900 0.3203125 0.9870922742157877 
3000 0.333984375 0.9870872035710319 
3100 0.31640625 0.9870849793077502 
3200 0.3046875 0.987105063196397 
3300 0.32421875 0.9870884296425325 
3400 0.3125 0.9871326907527198 
3500 0.3203125 0.987150062779682 
3600 0.330078125 0.9871767752591872 
3700 0.31640625 0.9871476881248311 
3800 0.318359375 0.9871513047553275 
3900 0.326171875 0.9871590751303084 
4000 0.31640625 0.9871731285928518 
4100 0.322265625 0.9871747490449484 
4200 0.3203125 0.9871558359120844 
4300 0.326171875 0.9871515769104084 
4400 0.314453125 0.9871701448061047 
4500 0.326171875 0.9871754482800118 
4600 0.3125 0.987161277213287 
4700 0.3125 0.9871727757392045 
4800 0.3203125 0.9871772861990558 
4900 0.322265625 0.9871626166853703 
5000 0.32421875 0.9871428058138373 
5100 0.322265625 0.9871240269473306 
5200 0.333984375 0.9871262487582516 
5300 0.3359375 0.9871220003694271 
5400 0.31640625 0.9871259855428007 
5500 0.31640625 0.9871284056307944 
5600 0.3046875 0.9871771177393918 
5700 0.3125 0.9872031085555166 
5800 0.318359375 0.9872182148911107 
5900 0.310546875 0.9872135019488222 
6000 0.30078125 0.9872284740737655 
6100 0.322265625 0.9872481842116047 
6200 0.318359375 0.9872609592538838 
6300 0.3125 0.9872756019216526 
6400 0.32421875 0.987281141781232 
6500 0.333984375 0.9872538639888735 
6600 0.31640625 0.9872460533126294 
6700 0.314453125 0.9872499401519673 
6800 0.330078125 0.9872389706783317 
6900 0.310546875 0.9872576589141671 
7000 0.30859375 0.9872787890420416 
7100 0.30859375 0.9873073921513402 
7200 0.302734375 0.9873247132921353 
7300 0.30859375 0.9873416491177007 
7400 0.306640625 0.9873577754132324 
7500 0.3125 0.9873735585255299 
7600 0.318359375 0.9873776202692628 
7700 0.3203125 0.9873733761578583 
7800 0.326171875 0.9873687401187882 
7900 0.318359375 0.987357135040923 
8000 0.318359375 0.9873514345863017 
8100 0.32421875 0.9873343022209192 
8200 0.326171875 0.9873198898508312 
8300 0.310546875 0.9873128833624463 
8400 0.306640625 0.9873308423104392 
8500 0.318359375 0.9873302283064738 
8600 0.337890625 0.987332126472697 
8700 0.326171875 0.9873131051746926 
8800 0.322265625 0.9873045025659963 
8900 0.310546875 0.9873135011749616 
9000 0.33203125 0.9873022644474688 
9100 0.322265625 0.9872804728418123 
9200 0.322265625 0.9872768443421005 
9300 0.3125 0.9872849833575242 
9400 0.314453125 0.9872769519200085 
9500 0.31640625 0.9872825886748763 
9600 0.296875 0.9873075016057355 
9700 0.306640625 0.987324451624403 
9800 0.3125 0.9873292319236132 
9900 0.3125 0.9873320087617412 
10000 0.314453125 0.9873535432915042 
10100 0.31640625 0.9873552510271261 
10200 0.32421875 0.9873620948109663 
10300 0.306640625 0.987362232732259 
10400 0.3125 0.9873777035661635 
10500 0.306640625 0.9873961656429546 
10600 0.32421875 0.9874020581784737 
10700 0.3203125 0.9873948209668878 
10800 0.30859375 0.9874082718999784 
10900 0.31640625 0.9874134134291961 
11000 0.306640625 0.9874314811342908 
11100 0.314453125 0.9874393706085037 
11200 0.31640625 0.9874463636059281 
11300 0.314453125 0.987461759007315 
11400 0.318359375 0.9874641501659212 
11500 0.322265625 0.9874668959945512 
11600 0.310546875 0.9874612888077178 
11700 0.32421875 0.9874398088304418 
11800 0.3125 0.987435519235658 
11900 0.30859375 0.9874256671358149 
12000 0.306640625 0.9874357800912424 
12100 0.314453125 0.9874444884892433 
12200 0.3125 0.9874422221197716 
12300 0.31640625 0.9874483548932336 
12400 0.3125 0.9874585361899578 
12500 0.310546875 0.9874705856864784 
12600 0.302734375 0.9874724724228235 
12700 0.298828125 0.9874826334212529 
12800 0.3125 0.9874874480834831 
12900 0.30859375 0.9874887060596078 
13000 0.30859375 0.9875053681768069 
13100 0.318359375 0.9875200863324682 
13200 0.3046875 0.9875396118980885 
13300 0.30078125 0.9875570817826981 
13400 0.302734375 0.9875774487444967 
13500 0.306640625 0.9875934151482606 
13600 0.3046875 0.9876145557618312 
13700 0.318359375 0.9876209898760431 
13800 0.318359375 0.9876192169045721 
13900 0.298828125 0.9876221996918687 
14000 0.3203125 0.9876266743595695 
14100 0.333984375 0.9876188505395599 
14200 0.318359375 0.98760811115121 
14300 0.328125 0.9876018922773466 
14400 0.326171875 0.9875924143722659 
14500 0.322265625 0.9875822141576444 
14600 0.318359375 0.9875763004246284 
14700 0.314453125 0.9875767556912228 
14800 0.326171875 0.9875695951709343 
14900 0.318359375 0.9875535303838668 
15000 0.318359375 0.9875438425632735 
15100 0.328125 0.9875354039743505 
15200 0.314453125 0.9875189389267154 
15300 0.314453125 0.9875173259373026 
15400 0.330078125 0.9875145925318702 
15500 0.3203125 0.9875143723926413 
15600 0.3125 0.9875195383442301 
15700 0.30859375 0.9875252604664246 
15800 0.3203125 0.9875288500332258 
15900 0.3203125 0.9875310433175062 
16000 0.3125 0.9875261702393601 
16100 0.3203125 0.9875374103316564 
16200 0.314453125 0.9875446940646668 
16300 0.3125 0.9875538454312619 
16400 0.314453125 0.9875603447071317 
16500 0.314453125 0.9875583219072581 
16600 0.3125 0.9875692258749473 
16700 0.314453125 0.987573060433008 
16800 0.30859375 0.9875740980819594 
16900 0.3203125 0.9875777043518135 
17000 0.3203125 0.9875781280635453 
17100 0.3125 0.9875760341744148 
17200 0.3125 0.9875778630845106 
17300 0.310546875 0.9875773754046009 
17400 0.30859375 0.9875926072256384 
17500 0.314453125 0.9876016385373216 
17600 0.306640625 0.9876061655469386 
17700 0.31640625 0.9876118183647816 
17800 0.314453125 0.9876114462202498 
17900 0.318359375 0.9876168245372698 
18000 0.306640625 0.9876226856031146 
18100 0.310546875 0.9876280503033902 
18200 0.314453125 0.9876293498640185 
18300 0.310546875 0.987632129334918 
18400 0.3125 0.9876365768730866 
18500 0.318359375 0.9876437914955047 
18600 0.326171875 0.9876473235085927 
18700 0.310546875 0.9876401649087393 
18800 0.3046875 0.9876338442769002 
18900 0.310546875 0.9876350650538772 
19000 0.31640625 0.9876394594911672 
19100 0.3046875 0.9876476935108109 
19200 0.326171875 0.9876544854977172 
19300 0.3125 0.987654697025629 
19400 0.3203125 0.9876528593886913 
19500 0.306640625 0.9876565157449191 
19600 0.30078125 0.987667873822339 
19700 0.302734375 0.9876719455865185 
19800 0.310546875 0.9876793956639396 
19900 0.3203125 0.9876824853336515 
20000 0.310546875 0.9876817357048814 
20100 0.3203125 0.9876849773228529 
20200 0.3046875 0.9876868332632048 
20300 0.314453125 0.9876957261957539 
20400 0.318359375 0.9876997451105338 
20500 0.318359375 0.9877037248183016 
20600 0.326171875 0.987704821671278 
20700 0.31640625 0.9876998066719804 
20800 0.3125 0.9877036660897713 
20900 0.30859375 0.9877064606657576 
21000 0.30859375 0.987706345580766 
21100 0.322265625 0.9877087924347977 
21200 0.318359375 0.9877097729273776 
21300 0.31640625 0.9877183851892712 
21400 0.306640625 0.9877327578150553 
21500 0.30078125 0.9877450891334512 
21600 0.3046875 0.9877562513984692 
21700 0.30078125 0.9877676707966607 
21800 0.306640625 0.9877736399706436 
21900 0.30859375 0.9877837163542761 
22000 0.30859375 0.9877873981580383 
22100 0.3203125 0.9877932854188347 
22200 0.314453125 0.9877969202776151 
22300 0.326171875 0.9877953261157945 
22400 0.31640625 0.9877939786914275 
22500 0.31640625 0.9877986904285736 
22600 0.31640625 0.9878037637530788 
22700 0.318359375 0.9878083048378926 
22800 0.30078125 0.9878199729452656 
22900 0.314453125 0.9878243751637483 
23000 0.3125 0.9878254557319972 
23100 0.302734375 0.9878313743182113 
23200 0.314453125 0.9878339306944385 
23300 0.32421875 0.9878343975312218 
23400 0.3203125 0.9878381432684501 
23500 0.326171875 0.9878309145532814 
23600 0.333984375 0.9878242160466364 
23700 0.30859375 0.9878185629474143 
23800 0.326171875 0.9878182092314048 
23900 0.310546875 0.9878145353053568 
24000 0.326171875 0.9878140385643653 
24100 0.322265625 0.9878105474963003 
24200 0.32421875 0.9878040723179483 
24300 0.3046875 0.9877960697776498 
24400 0.328125 0.9877989652917231 
24500 0.318359375 0.9878004819956329 
24600 0.330078125 0.9877986519010067 
24700 0.33203125 0.9877905636833192 
24800 0.32421875 0.9877873970555623 
24900 0.31640625 0.9877826087138402 
25000 0.314453125 0.9877900717304641 
25100 0.322265625 0.9877887604909499 
25200 0.3125 0.9877869171444916 
25300 0.314453125 0.9877934512222837 
25400 0.306640625 0.9877977552556986 
25500 0.302734375 0.9878075400229402 
25600 0.3046875 0.9878120351337187 
25700 0.302734375 0.9878196363549407 
25800 0.318359375 0.9878225609795486 
25900 0.3125 0.987820511273696 
26000 0.306640625 0.9878255884389062 
26100 0.3046875 0.9878335949372948 
26200 0.3046875 0.987840720336692 
26300 0.298828125 0.9878458855335032 
26400 0.322265625 0.9878488662045629 
26500 0.30859375 0.9878538142821655 
26600 0.318359375 0.9878564490448354 
26700 0.31640625 0.9878527489607131 
26800 0.30078125 0.9878500724475455 
26900 0.3046875 0.9878596375367087 
27000 0.306640625 0.987865298005938 
27100 0.302734375 0.987869139015473 
27200 0.32421875 0.9878645268479713 
27300 0.3046875 0.9878646939825159 
27400 0.306640625 0.9878673309140177 
27500 0.314453125 0.9878742572239797 
27600 0.310546875 0.9878817466230089 
27700 0.310546875 0.987880627053175 
27800 0.31640625 0.9878845738087958 
27900 0.326171875 0.987880815390428 
28000 0.322265625 0.9878724569360618 
28100 0.3125 0.987871247353297 
28200 0.32421875 0.9878678070295971 
28300 0.3203125 0.9878661163327562 
28400 0.326171875 0.987861595065608 
28500 0.32421875 0.9878544786074758 
28600 0.306640625 0.9878552423502092 
28700 0.3203125 0.9878560007708791 
28800 0.31640625 0.9878584492870618 
28900 0.31640625 0.9878619846631604 
29000 0.310546875 0.9878636548452352 
29100 0.322265625 0.9878696536774223 
29200 0.310546875 0.9878684323738913 
29300 0.310546875 0.9878721742645302 
29400 0.33203125 0.9878705762559097 
29500 0.322265625 0.9878671353301584 
29600 0.330078125 0.9878667968002207 
29700 0.3046875 0.9878649480797504 
29800 0.31640625 0.9878691194996253 
29900 0.3125 0.9878668399119873 
30000 0.3125 0.9878679391242514 
30100 0.302734375 0.9878745463190591 
30200 0.314453125 0.9878783289115702 
30300 0.310546875 0.9878776819453153 
30400 0.310546875 0.9878780457468505 
30500 0.310546875 0.9878774893309509 
30600 0.30859375 0.9878834680307288 
30700 0.30859375 0.9878854422833675 
30800 0.298828125 0.9878909547376709 
30900 0.3046875 0.9878978009746179 
31000 0.31640625 0.9879029649917207 
31100 0.296875 0.9879031137128496 
31200 0.306640625 0.9879107315270343 
31300 0.306640625 0.987913995193178 
31400 0.30859375 0.9879183783955925 
31500 0.30078125 0.9879200056810366 
31600 0.318359375 0.9879225497544909 
31700 0.30859375 0.9879239277086422 
31800 0.298828125 0.9879293505248786 
31900 0.3125 0.9879385964912281 
32000 0.310546875 0.9879423120241034 
32100 0.306640625 0.9879454973819611 
32200 0.314453125 0.9879454078483587 
32300 0.322265625 0.9879431017680051 
32400 0.3203125 0.9879410108548604 
32500 0.314453125 0.9879384921169092 
32600 0.3203125 0.9879380856798872 
32700 0.322265625 0.9879346555724595 
32800 0.322265625 0.9879278126365558 
32900 0.30859375 0.9879277787592575 
33000 0.326171875 0.9879252593671404 
33100 0.31640625 0.9879208670369979 
33200 0.322265625 0.9879172659207052 
33300 0.337890625 0.987914233838073 
33400 0.314453125 0.9879091343011187 
33500 0.32421875 0.9879107503320796 
33600 0.330078125 0.9879026107853933 
33700 0.3125 0.9878939786344124 
33800 0.31640625 0.9878923315261876 
33900 0.318359375 0.9878924609217525 
34000 0.3125 0.9878901577956041 
34100 0.3203125 0.9878883836495509 
34200 0.341796875 0.9878851350898609 
34300 0.3359375 0.9878769706058133 
34400 0.3203125 0.9878720897769445 
34500 0.306640625 0.987876162858806 
34600 0.3046875 0.9878787259580648 
34700 0.318359375 0.987879360615208 
34800 0.3203125 0.9878780460391464 
34900 0.322265625 0.9878766084185745 
35000 0.314453125 0.9878711612703923 
35100 0.32421875 0.9878706973863518 
35200 0.3125 0.9878654644340122 
35300 0.310546875 0.9878649824308565 
35400 0.32421875 0.9878618181395535 
35500 0.3203125 0.9878605605593269 
35600 0.306640625 0.9878601329667706 
35700 0.318359375 0.9878590512754077 
35800 0.322265625 0.9878560116453916 
35900 0.31640625 0.9878555458935684 
36000 0.3125 0.9878529307345629 
36100 0.3125 0.9878490676908765 
36200 0.314453125 0.9878488048212296 
36300 0.31640625 0.9878496912102972 
36400 0.326171875 0.9878470851018287 
36500 0.314453125 0.9878468654968358 
36600 0.30078125 0.9878457399274154 
36700 0.298828125 0.987848771434475 
36800 0.3125 0.9878544577876054 
36900 0.326171875 0.9878531972936596 
37000 0.314453125 0.9878551283523869 
37100 0.31640625 0.9878541360632688 
37200 0.3203125 0.9878508215224949 
37300 0.30859375 0.9878527957807208 
37400 0.31640625 0.9878526358196751 
37500 0.314453125 0.9878541954159 
37600 0.314453125 0.9878546905334965 
37700 0.310546875 0.9878564263602645 
37800 0.33203125 0.9878527105764398 
37900 0.328125 0.9878496156104061 
38000 0.314453125 0.9878503231548731 
38100 0.322265625 0.987850155535069 
38200 0.328125 0.9878469381800651 
38300 0.328125 0.9878442645644587 
38400 0.31640625 0.9878437749559473 
38500 0.318359375 0.9878398721245336 
38600 0.31640625 0.9878397506163484 
38700 0.3203125 0.9878405549652033 
38800 0.298828125 0.987841355168037 
38900 0.314453125 0.987845264126672 
39000 0.306640625 0.9878472333508542 
39100 0.310546875 0.9878499251138079 
39200 0.314453125 0.9878544133918777 
39300 0.306640625 0.9878564436973614 
39400 0.30078125 0.9878611239773948 
39500 0.31640625 0.9878627809000616 
39600 0.32421875 0.9878612236486032 
39700 0.3046875 0.9878631179525285 
39800 0.318359375 0.987867292776354 
39900 0.322265625 0.9878658011912818 
40000 0.314453125 0.9878682069406598 
40100 0.3125 0.9878692044774444 
40200 0.310546875 0.9878694197076358 
40300 0.322265625 0.9878711685452387 
40400 0.326171875 0.9878726186645546 
40500 0.3125 0.9878727274223682 
40600 0.314453125 0.9878740703482263 
40700 0.314453125 0.9878745429063986 
40800 0.302734375 0.9878737844967035 
40900 0.314453125 0.9878777891280164 
41000 0.306640625 0.9878793130299668 
41100 0.314453125 0.9878806394359829 
41200 0.310546875 0.9878819752048899 
41300 0.30859375 0.9878841084356311 
41400 0.322265625 0.9878868760969944 
41500 0.3046875 0.9878903677270828 
41600 0.306640625 0.987892840992404 
41700 0.30078125 0.9878970197307418 
41800 0.3125 0.9878990291550043 
41900 0.302734375 0.9879056436600558 
42000 0.30859375 0.9879119166557542 
42100 0.3046875 0.9879160567741859 
42200 0.310546875 0.987917199829388 
42300 0.3203125 0.9879147822303255 
42400 0.31640625 0.9879124681611283 
42500 0.306640625 0.987912860996408 
42600 0.322265625 0.9879120599672934 
42700 0.330078125 0.9879109425130559 
42800 0.314453125 0.9879085981976667 
42900 0.314453125 0.9879045044598805 
43000 0.3125 0.9879032761108268 
43100 0.3125 0.9879028389229175 
43200 0.322265625 0.9879000980397831 
43300 0.3046875 0.9879021209575607 
43400 0.30859375 0.9879045695711697 
43500 0.3125 0.9879084586417554 
43600 0.314453125 0.9879052074015886 
43700 0.328125 0.9879059785054499 
43800 0.3203125 0.9879018113646568 
43900 0.337890625 0.9878967882517862 
44000 0.314453125 0.9878916991943365 
44100 0.318359375 0.9878897481066189 
44200 0.30859375 0.9878900152145879 
44300 0.294921875 0.9878943077846248 
44400 0.298828125 0.9879021147468525 
44500 0.3046875 0.9879083651210085 
44600 0.314453125 0.9879132299443959 
44700 0.298828125 0.9879153640298874 
44800 0.310546875 0.9879210634249236 
44900 0.3046875 0.9879238230356785 
45000 0.310546875 0.9879273660816796 
45100 0.3046875 0.9879303015731359 
45200 0.30859375 0.9879341602877517 
45300 0.30859375 0.9879352426454898 
45400 0.302734375 0.9879378115753691 
45500 0.30078125 0.9879428016234075 
45600 0.318359375 0.9879501540307961 
45700 0.314453125 0.9879498955620957 
45800 0.322265625 0.9879518130517528 
45900 0.318359375 0.987951396075249 
46000 0.3046875 0.9879538397715991 
46100 0.306640625 0.9879552137110186 
46200 0.3203125 0.9879563703301877 
46300 0.30859375 0.9879584499839816 
46400 0.31640625 0.987957924981861 
46500 0.298828125 0.9879593903222511 
46600 0.314453125 0.9879610729025844 
46700 0.318359375 0.9879622045923356 
46800 0.314453125 0.9879613143727342 
46900 0.3125 0.9879624268405791 
47000 0.30859375 0.9879615537878627 
47100 0.314453125 0.9879623845787068 
47200 0.314453125 0.9879648945908632 
47300 0.31640625 0.9879627693521279 
47400 0.30859375 0.9879620677614045 
47500 0.298828125 0.9879634935317151 
47600 0.302734375 0.9879678675561788 
47700 0.32421875 0.9879697665317988 
47800 0.31640625 0.9879687837771873 
47900 0.314453125 0.9879711622017285 
48000 0.314453125 0.9879725134849621 
48100 0.326171875 0.987972654544604 
48200 0.306640625 0.987972497869166 
48300 0.3125 0.987976547241948 
48400 0.31640625 0.9879790464685647 
48500 0.30859375 0.9879825421340109 
48600 0.30859375 0.9879851660931188 
48700 0.306640625 0.9879888620955765 
48800 0.3203125 0.9879873934234613 
48900 0.306640625 0.9879872487909245 
49000 0.31640625 0.987989762007408 
49100 0.32421875 0.9879852508519854 
49200 0.32421875 0.9879819754044633 
49300 0.318359375 0.9879786208063731 
49400 0.3046875 0.9879788775783891 
49500 0.3125 0.9879800013509829 
49600 0.337890625 0.9879779573286492 
49700 0.318359375 0.9879760394240894 
49800 0.318359375 0.987975684892539 
49900 0.318359375 0.9879743924219956 
50000 0.3046875 0.9879746155076898 
50100 0.318359375 0.9879756303724809 
50200 0.322265625 0.987973814017649 
50300 0.3125 0.9879734286056274 
50400 0.3046875 0.9879748918878924 
50500 0.3203125 0.9879762462418236 
50600 0.322265625 0.9879748418797718 
50700 0.31640625 0.9879745088443358 
50800 0.322265625 0.9879780602251924 
50900 0.298828125 0.9879806127949353 
51000 0.30859375 0.9879815213999071 
51100 0.3203125 0.9879816620312388 
51200 0.30078125 0.9879871171542873 
51300 0.30859375 0.9879884900107535 
51400 0.322265625 0.9879872483430931 
51500 0.32421875 0.987986668847045 
51600 0.33203125 0.9879860789802201 
51700 0.33203125 0.9879845595547797 
51800 0.31640625 0.9879834858802597 
51900 0.328125 0.9879801082630071 
52000 0.302734375 0.9879764056019756 
52100 0.314453125 0.987974366594851 
52200 0.306640625 0.9879768377282044 
52300 0.314453125 0.9879792994118978 
52400 0.3046875 0.9879826710924728 
52500 0.310546875 0.9879839838368158 
52600 0.306640625 0.987983930121734 
52700 0.310546875 0.9879864090774685 
52800 0.310546875 0.9879892238862269 
52900 0.31640625 0.9879879421978476 
53000 0.318359375 0.9879891220605901 
53100 0.3359375 0.9879843879470255 
53200 0.31640625 0.987980834183098 
53300 0.3125 0.987981776451974 
53400 0.314453125 0.9879833247699793 
53500 0.3046875 0.9879864370720485 
53600 0.322265625 0.9879870599623453 
53700 0.3046875 0.9879879836191753 
53800 0.310546875 0.9879881172825165 
53900 0.322265625 0.987985810598752 
54000 0.31640625 0.9879859236788825 
54100 0.32421875 0.9879845200797274 
54200 0.32421875 0.9879826291835021 
54300 0.3125 0.9879826635712663 
54400 0.310546875 0.9879821951993836 
54500 0.30859375 0.9879808565248038 
54600 0.31640625 0.9879809178174392 
54700 0.3125 0.9879816929954053 
54800 0.3203125 0.9879797804404421 
54900 0.31640625 0.9879785863607524 
55000 0.306640625 0.9879797758411968 
55100 0.318359375 0.987981031896729 
55200 0.306640625 0.9879820357270098 
55300 0.306640625 0.9879849195576632 
55400 0.322265625 0.9879872641626505 
55500 0.310546875 0.9879882982588902 
55600 0.30078125 0.987989469145489 
55700 0.306640625 0.987993499424756 
55800 0.3125 0.9879938284222803 
55900 0.314453125 0.9879940863647341 
56000 0.318359375 0.9879940062454242 
56100 0.318359375 0.9879951449172029 
56200 0.326171875 0.9879930012180982 
56300 0.314453125 0.987989708775155 
56400 0.30859375 0.9879902603123172 
56500 0.314453125 0.9879921004348006 
56600 0.318359375 0.9879938420368015 
56700 0.30859375 0.9879944637403514 
56800 0.318359375 0.987995805348204 
56900 0.310546875 0.9879964442994558 
57000 0.31640625 0.9879951164964942 
57100 0.314453125 0.98799559479402 
57200 0.30859375 0.9879969591877764 
57300 0.310546875 0.9879989891646742 
57400 0.298828125 0.9880015338002242 
57500 0.310546875 0.9880049527218367 
57600 0.306640625 0.9880068678278154 
57700 0.31640625 0.9880083701069594 
57800 0.3125 0.9880099235055045 
57900 0.322265625 0.9880101222524942 
58000 0.322265625 0.9880097141823704 
58100 0.310546875 0.9880095204184667 
58200 0.310546875 0.9880105913486595 
58300 0.30859375 0.9880131661370875 
58400 0.306640625 0.9880162894970406 
58500 0.3046875 0.9880194244364768 
58600 0.306640625 0.9880223042624415 
58700 0.296875 0.9880229893868929 
58800 0.3046875 0.9880248679515088 
58900 0.298828125 0.9880286081199809 
59000 0.298828125 0.9880331962946955 
59100 0.294921875 0.9880392670844543 
59200 0.298828125 0.988044140671188 
59300 0.298828125 0.9880470216740302 
59400 0.3203125 0.9880489284867539 
59500 0.30859375 0.9880492642280522 
59600 0.306640625 0.9880493257593552 
59700 0.314453125 0.9880519170533157 
59800 0.32421875 0.9880528884341399 
59900 0.310546875 0.988051704583396 
60000 0.3125 0.9880507199880002 
60100 0.306640625 0.9880512877108256 
60200 0.30859375 0.9880515291135806 
60300 0.3046875 0.9880526118451601 
60400 0.3203125 0.9880527532484286 
60500 0.318359375 0.9880523453813436 
60600 0.314453125 0.9880528520225189 
60700 0.3203125 0.9880540648698813 
60800 0.302734375 0.9880537960587271 
60900 0.314453125 0.988055794445083 
61000 0.30859375 0.9880559078949526 
61100 0.314453125 0.9880582585595981 
61200 0.322265625 0.9880583250614097 
61300 0.3046875 0.9880594852483374 
61400 0.3046875 0.9880625820256728 
61500 0.33203125 0.9880621542231021 
61600 0.310546875 0.9880602059185998 
61700 0.330078125 0.9880588231619692 
61800 0.326171875 0.9880554854661198 
61900 0.322265625 0.9880565653725303 
62000 0.322265625 0.9880551321752875 
62100 0.306640625 0.9880561462711283 
62200 0.3046875 0.988053378613286 
62300 0.314453125 0.9880535562731738 
62400 0.3125 0.988053535132984 
62500 0.30859375 0.9880550557024421 
62600 0.3046875 0.9880563634167185 
62700 0.30859375 0.9880592036842847 
62800 0.310546875 0.988062159307442 
62900 0.30859375 0.988062124658193 
63000 0.3203125 0.9880641362174145 
63100 0.302734375 0.9880663787023978 
63200 0.30078125 0.9880704579931489 
63300 0.310546875 0.9880735987583135 
63400 0.306640625 0.988074645083148 
63500 0.30859375 0.9880743040299891 
63600 0.3125 0.9880739435766209 
63700 0.310546875 0.9880734411711224 
63800 0.322265625 0.9880742158724001 
63900 0.302734375 0.9880742138392461 
64000 0.302734375 0.9880764904226756 
64100 0.30859375 0.9880782216086073 
64200 0.314453125 0.9880800488083 
64300 0.30859375 0.9880824069448116 
64400 0.318359375 0.9880839894599204 
64500 0.3125 0.9880854863199795 
64600 0.310546875 0.988085436628948 
64700 0.314453125 0.9880889592123769 
64800 0.3046875 0.9880896176370735 
64900 0.31640625 0.9880916483214177 
65000 0.30078125 0.988091569424573 
65100 0.310546875 0.9880933408600995 
65200 0.30859375 0.9880924508123597 
65300 0.3203125 0.9880927000543637 
65400 0.306640625 0.9880948697745447 
65500 0.30859375 0.9880979075383073 
65600 0.298828125 0.9880997153562192 
65700 0.30859375 0.9881020329472407 
65800 0.306640625 0.988102137109745 
65900 0.306640625 0.9881042859269965 
66000 0.298828125 0.9881077302963844 
66100 0.302734375 0.9881088693817037 
66200 0.306640625 0.9881098083393756 
66300 0.3203125 0.9881094679316048 
66400 0.314453125 0.9881085402673403 
66500 0.318359375 0.9881093090548764 
66600 0.302734375 0.9881101341852975 
66700 0.3125 0.9881119329014307 
66800 0.3046875 0.9881127029036492 
66900 0.30859375 0.9881127991360368 
67000 0.3046875 0.9881137307341183 
67100 0.30859375 0.9881141453275659 
67200 0.31640625 0.9881137545851252 
67300 0.318359375 0.9881144677920833 
67400 0.31640625 0.9881150436535313 
67500 0.30859375 0.9881175371475979 
67600 0.296875 0.9881202929228118 
67700 0.3125 0.9881228963106158 
67800 0.3125 0.9881234563434413 
67900 0.318359375 0.9881239284337983 
68000 0.314453125 0.9881249257057494 
68100 0.310546875 0.9881251934932429 
68200 0.3125 0.9881260809806064 
68300 0.322265625 0.9881249927557185 
68400 0.31640625 0.9881234413300488 
68500 0.30859375 0.9881226832759132 
68600 0.3203125 0.9881208265610802 
68700 0.310546875 0.988119979755268 
68800 0.34375 0.9881186906652277 
68900 0.322265625 0.9881157234050788 
69000 0.318359375 0.9881133025547939 
69100 0.314453125 0.9881143747015239 
69200 0.3046875 0.9881161963880579 
69300 0.310546875 0.9881201171640139 
69400 0.3125 0.9881228352707454 
69500 0.31640625 0.9881239531025933 
69600 0.3046875 0.988126891735272 
69700 0.3125 0.9881285236073849 
69800 0.32421875 0.9881273153620053 
69900 0.3125 0.9881275542076174 
70000 0.31640625 0.9881279504786836 
70100 0.302734375 0.9881302030582065 
70200 0.306640625 0.9881326996172894 
70300 0.3046875 0.9881315588505142 
70400 0.310546875 0.9881335007818307 
70500 0.302734375 0.9881340889668232 
70600 0.306640625 0.9881337072362053 
70700 0.318359375 0.9881340172139244 
70800 0.3125 0.9881346113726031 
70900 0.3203125 0.9881340927843049 
71000 0.32421875 0.9881336673515162 
71100 0.3203125 0.9881295347023952 
71200 0.310546875 0.9881301501061549 
71300 0.322265625 0.9881286180242914 
71400 0.322265625 0.9881264063761945 
71500 0.314453125 0.9881253299779024 
71600 0.314453125 0.9881255750181561 
71700 0.3125 0.9881248115001883 
71800 0.306640625 0.9881252560607326 
71900 0.3203125 0.9881281169884053 
72000 0.310546875 0.9881261143508423 
72100 0.310546875 0.988128316022547 
72200 0.310546875 0.9881289245907259 
72300 0.310546875 0.9881299006641218 
72400 0.310546875 0.98812832026664 
72500 0.314453125 0.9881314855427281 
72600 0.328125 0.9881317187291957 
72700 0.3125 0.9881297214647438 
72800 0.32421875 0.9881308417667111 
72900 0.32421875 0.9881296549287161 
73000 0.31640625 0.9881276062713753 
73100 0.328125 0.988127308806195 
73200 0.33203125 0.9881257936907738 
73300 0.32421875 0.9881250110133786 
73400 0.326171875 0.9881235918533127 
73500 0.30859375 0.988124541531181 
73600 0.318359375 0.9881236752897379 
73700 0.314453125 0.9881233149114892 
73800 0.3125 0.9881234848048581 
73900 0.314453125 0.9881250902107774 
74000 0.3203125 0.9881250988866142 
74100 0.302734375 0.9881255204748699 
74200 0.314453125 0.9881256689319101 
74300 0.31640625 0.9881283229841007 
74400 0.31640625 0.9881276797354874 
74500 0.328125 0.9881279645155769 
74600 0.32421875 0.9881256827991581 
74700 0.32421875 0.988124165422819 
74800 0.326171875 0.988121207297808 
74900 0.31640625 0.9881190828143149 
75000 0.33203125 0.9881158355388595 
75100 0.3125 0.9881136891902238 
75200 0.318359375 0.9881130722441634 
75300 0.314453125 0.9881140564202334 
75400 0.30859375 0.9881140709340724 
75500 0.322265625 0.9881133610813102 
75600 0.31640625 0.9881129028413425 
75700 0.322265625 0.9881130822248055 
75800 0.31640625 0.9881136304545235 
75900 0.306640625 0.9881135339263207 
76000 0.31640625 0.9881142343110617 
76100 0.30859375 0.9881144281119828 
76200 0.314453125 0.9881155868470668 
76300 0.30078125 0.9881183381306711 
76400 0.306640625 0.9881192756802921 
76500 0.322265625 0.9881187044668261 
76600 0.3125 0.9881158569785861 
76700 0.302734375 0.9881165139904738 
76800 0.3046875 0.9881186442884858 
76900 0.31640625 0.9881200748364781 
77000 0.318359375 0.9881207153559693 
77100 0.333984375 0.9881213711019745 
77200 0.314453125 0.9881190904397827 
77300 0.30859375 0.9881206224962592 
77400 0.31640625 0.9881199720718509 
77500 0.306640625 0.9881213562298121 
77600 0.314453125 0.988120899497107 
77700 0.318359375 0.9881211728962089 
77800 0.318359375 0.9881207343093277 
77900 0.3203125 0.9881198706263933 
78000 0.32421875 0.9881191176635556 
78100 0.31640625 0.9881184083083656 
78200 0.306640625 0.9881185749169874 
78300 0.314453125 0.9881183087407356 
78400 0.306640625 0.9881203683626484 
78500 0.310546875 0.988120705999499 
78600 0.3125 0.9881225751077171 
78700 0.30078125 0.9881246380022702 
78800 0.32421875 0.9881244732247476 
78900 0.306640625 0.98812405307231 
79000 0.310546875 0.9881260238530736 
79100 0.298828125 0.9881274546676612 
79200 0.322265625 0.9881285201838782 
79300 0.3125 0.9881282858717628 
79400 0.30078125 0.9881293640560782 
79500 0.314453125 0.9881297106980834 
79600 0.31640625 0.9881279463354732 
79700 0.318359375 0.9881262354116218 
79800 0.318359375 0.988126445979687 
79900 0.32421875 0.9881246841794846 
80000 0.326171875 0.9881232929900876 
80100 0.310546875 0.9881228887331827 
80200 0.3046875 0.9881224611315113 
80300 0.3046875 0.988123266937315 
80400 0.30859375 0.9881236577695965 
80500 0.306640625 0.9881250019409696 
80600 0.306640625 0.9881254785016108 
80700 0.30078125 0.9881272769234581 
80800 0.318359375 0.9881284182487428 
80900 0.3125 0.9881298545058157 
81000 0.3125 0.9881292135539479 
81100 0.31640625 0.9881287267060004 
81200 0.32421875 0.9881265493318021 
81300 0.314453125 0.9881265394183344 
81400 0.3203125 0.9881257777213015 
81500 0.3203125 0.988123340383349 
81600 0.318359375 0.9881220818372324 
81700 0.306640625 0.9881232806972987 
81800 0.306640625 0.9881232350460263 
81900 0.310546875 0.9881235949118448 
82000 0.30859375 0.9881227788634691 
82100 0.31640625 0.988123764859746 
82200 0.3203125 0.9881242257292084 
82300 0.310546875 0.9881237362192845 
82400 0.322265625 0.9881243777254928 
82500 0.3125 0.988124915089413 
82600 0.32421875 0.9881250491822133 
82700 0.318359375 0.9881251593340266 
82800 0.310546875 0.9881245379861555 
82900 0.3046875 0.9881232898778864 
83000 0.3203125 0.9881235037203367 
83100 0.333984375 0.9881218446403573 
83200 0.31640625 0.9881191253585694 
83300 0.3359375 0.9881169206151987 
83400 0.31640625 0.9881139873797476 
83500 0.318359375 0.9881143046440561 
83600 0.30859375 0.9881146133618817 
83700 0.314453125 0.9881133345927766 
83800 0.322265625 0.988111965648779 
83900 0.302734375 0.9881114224899982 
84000 0.30859375 0.9881118959273302 
84100 0.30859375 0.9881120818148219 
84200 0.314453125 0.9881144863431947 
84300 0.3203125 0.988114830896134 
84400 0.326171875 0.9881140561501048 
84500 0.30859375 0.988113868783111 
84600 0.30859375 0.9881145976160645 
84700 0.30859375 0.988115724418346 
84800 0.318359375 0.9881155280696375 
84900 0.310546875 0.9881137065155299 
85000 0.322265625 0.988113076427042 
85100 0.314453125 0.9881128379807523 
85200 0.3125 0.9881130280038771 
85300 0.322265625 0.9881125612048315 
85400 0.296875 0.9881129798075159 
85500 0.310546875 0.9881155066290648 
85600 0.3125 0.9881169323494079 
85700 0.3125 0.9881170025364349 
85800 0.298828125 0.9881193640784102 
85900 0.306640625 0.9881220005442312 
86000 0.318359375 0.9881201266312795 
86100 0.318359375 0.9881193837155395 
86200 0.310546875 0.9881198358342711 
86300 0.306640625 0.9881198795374136 
86400 0.32421875 0.9881192223734871 
86500 0.318359375 0.9881184839385286 
86600 0.31640625 0.9881163263607425 
86700 0.318359375 0.9881137457444743 
86800 0.31640625 0.9881137287084826 
86900 0.306640625 0.9881144159373885 
87000 0.30859375 0.988116276441267 
87100 0.306640625 0.9881182148932466 
87200 0.310546875 0.988120559528656 
87300 0.3125 0.9881219591556798 
87400 0.322265625 0.9881224095691125 
87500 0.30859375 0.9881225613373943 
87600 0.306640625 0.9881235005403287 
87700 0.322265625 0.9881233018176342 
87800 0.31640625 0.9881228810985448 
87900 0.32421875 0.9881217206834014 
88000 0.318359375 0.9881212953190873 
88100 0.3203125 0.9881213660316001 
88200 0.306640625 0.9881203884333322 
88300 0.30078125 0.9881207180670849 
88400 0.318359375 0.988120001175986 
88500 0.328125 0.9881185723419321 
88600 0.326171875 0.988116154750887 
88700 0.302734375 0.9881178455217529 
88800 0.30859375 0.988119143916829 
88900 0.310546875 0.9881207323197527 
89000 0.310546875 0.9881212637943206 
89100 0.322265625 0.9881204788549885 
89200 0.322265625 0.9881198270502386 
89300 0.33984375 0.9881158814360982 
89400 0.3203125 0.9881133428433873 
89500 0.3203125 0.9881118937684122 
89600 0.328125 0.9881111454648014 
89700 0.31640625 0.9881096875545795 
89800 0.3203125 0.9881088998753725 
89900 0.30859375 0.9881084470695543 
90000 0.318359375 0.9881068957451399 
90100 0.31640625 0.9881066268109306 
90200 0.3125 0.9881048860669505 
90300 0.306640625 0.9881058239711262 
90400 0.326171875 0.988106500538803 
90500 0.328125 0.9881045786671786 
90600 0.314453125 0.9881035664502416 
90700 0.318359375 0.9881013505800194 
90800 0.30859375 0.9881012403956638 
90900 0.310546875 0.9881021116608545 
91000 0.31640625 0.9881024015189394 
91100 0.31640625 0.9881033482069351 
91200 0.322265625 0.9881024225223225 
91300 0.30859375 0.9881012421596331 
91400 0.310546875 0.9881016812817511 
91500 0.314453125 0.9881005043091514 
91600 0.306640625 0.9881010783179223 
91700 0.31640625 0.988102275840776 
91800 0.314453125 0.9881020240111763 
91900 0.310546875 0.9881017443929699 
92000 0.3125 0.9881013380062897 
92100 0.318359375 0.9881007487138215 
92200 0.3203125 0.9880998994384551 
92300 0.310546875 0.9881003710008559 
92400 0.3203125 0.9880991434977255 
92500 0.328125 0.9880978553047174 
92600 0.31640625 0.9880960144756357 
92700 0.32421875 0.9880942408253417 
92800 0.330078125 0.9880927586313725 
92900 0.330078125 0.9880896888331844 
93000 0.31640625 0.988088228722003 
93100 0.326171875 0.9880863381905135 
93200 0.328125 0.9880841094337328 
93300 0.3046875 0.988083560141817 
93400 0.32421875 0.9880840366738579 
93500 0.314453125 0.9880839760403632 
93600 0.318359375 0.9880840963794012 
93700 0.310546875 0.9880837926289474 
93800 0.306640625 0.9880850719986105 
93900 0.306640625 0.988085398784358 
94000 0.306640625 0.9880855932826956 
94100 0.31640625 0.9880865138145007 
94200 0.326171875 0.9880846886467058 
94300 0.30859375 0.9880825773873907 
94400 0.31640625 0.9880807395666713 
94500 0.306640625 0.9880804626075386 
94600 0.30078125 0.9880813355236732 
94700 0.326171875 0.9880816291208646 
94800 0.310546875 0.9880814825814953 
94900 0.3125 0.9880826329323892 
95000 0.3125 0.9880841988943976 
95100 0.3046875 0.9880843992505336 
95200 0.310546875 0.9880834708165706 
95300 0.3046875 0.9880834324163266 
95400 0.306640625 0.9880832712598225 
95500 0.3125 0.9880847533664568 
95600 0.306640625 0.9880857284333672 
95700 0.314453125 0.9880862796844686 
95800 0.306640625 0.9880857220740563 
95900 0.318359375 0.9880864486879699 
96000 0.30859375 0.9880862311438596 
96100 0.3046875 0.9880868405483987 
96200 0.326171875 0.9880849988457328 
96300 0.322265625 0.988083830256176 
96400 0.314453125 0.9880835690565969 
96500 0.310546875 0.9880839425670891 
96600 0.314453125 0.9880847938082077 
96700 0.31640625 0.9880855019057886 
96800 0.33203125 0.9880849575848045 
96900 0.3203125 0.9880830908177762 
97000 0.326171875 0.9880832279864813 
97100 0.310546875 0.9880841426281226 
97200 0.310546875 0.9880845329523359 
97300 0.310546875 0.9880837649300452 
97400 0.310546875 0.9880847363605096 
97500 0.314453125 0.9880845105648489 
97600 0.314453125 0.9880841318117471 
97700 0.322265625 0.9880837671612027 
97800 0.3125 0.9880844284035099 
97900 0.30859375 0.9880853875449859 
98000 0.3125 0.9880849297243566 
98100 0.32421875 0.9880842339251553 
98200 0.326171875 0.9880830224276399 
98300 0.322265625 0.9880822306402445 
98400 0.318359375 0.988080024593246 
98500 0.322265625 0.9880800834720798 
98600 0.322265625 0.9880790329628165 
98700 0.31640625 0.988077905429023 
98800 0.32421875 0.9880777751806662 
98900 0.310546875 0.9880778624268207 
99000 0.3203125 0.9880775352016646 
99100 0.330078125 0.9880766633703663 
99200 0.345703125 0.9880739425719834 
99300 0.32421875 0.9880719681091664 
99400 0.318359375 0.9880700500162641 
99500 0.318359375 0.988069594882631 
99600 0.306640625 0.9880705329368347 
99700 0.302734375 0.9880719523249516 
99800 0.314453125 0.9880734797664018 
99900 0.30859375 0.98807333583164 
